2024-03-05 13:09:55,156 | INFO | hilo : 
+==============================================================+
|                                                              |
| ██████╗  █████╗ ██████╗ ██╗         ██╗      █████╗ ██████╗  |
| ██╔══██╗██╔══██╗██╔══██╗██║         ██║     ██╔══██╗██╔══██╗ |
| ██║  ██║███████║██║  ██║██║         ██║     ███████║██████╔╝ |
| ██║  ██║██╔══██║██║  ██║██║         ██║     ██╔══██║██╔══██╗ |
| ██████╔╝██║  ██║██████╔╝███████╗    ███████╗██║  ██║██████╔╝ |
| ╚═════╝ ╚═╝  ╚═╝╚═════╝ ╚══════╝    ╚══════╝╚═╝  ╚═╝╚═════╝  |
+==============================================================+
|             Hi-Lo Resolution Image Classification            |
|             -------------------------------------            |
|                       Gabriel C. Trahan                      |
|                          Sahan Ahmad                         |
|                       MD  Aminual Islam                      |
+==============================================================+
2024-03-05 13:09:56,758 | INFO | hilo.dataset-accessor : Fetching dataset: cifar10
2024-03-05 13:09:56,758 | INFO | hilo.cifar10-dataset : Initializing transform
2024-03-05 13:09:56,758 | INFO | hilo.cifar10-dataset : Verifying/downloading train data
2024-03-05 13:09:57,359 | INFO | hilo.cifar10-dataset : Verifying/downloading test data
2024-03-05 13:09:57,839 | INFO | hilo.cifar10-dataset : Creating train data loader.
2024-03-05 13:09:57,839 | INFO | hilo.cifar10-dataset : Creating test data loader.
2024-03-05 13:09:57,949 | INFO | hilo : Output directory: output/resnet/cifar10/gumbel/10/20240305_130956/
2024-03-05 13:09:58,944 | INFO | hilo : Using device: NVIDIA GeForce GTX 1060 6GB
2024-03-05 13:09:58,944 | INFO | hilo : Exeucting job: MODEL resnet | DATASET cifar10 | KERNEL gumbel | TYPE 10
2024-03-05 13:09:58,945 | INFO | hilo : Commencing training phase...
2024-03-05 13:09:58,945 | INFO | hilo.kernel-accessor : Fetching kernel: gumbel
2024-03-05 13:09:58,945 | INFO | hilo.gumbel-kernel : Calculating Gumbel distribution (location: 0.0, scale 1.0)
2024-03-05 13:09:58,946 | INFO | hilo.gumbel-kernel : TOP-RIGHT:
tensor([[2.0072e-04, 5.8259e-02, 8.8288e-01],
        [2.2609e-10, 2.0072e-04, 5.8259e-02],
        [8.5377e-26, 2.2609e-10, 2.0072e-04]])
2024-03-05 13:09:58,946 | INFO | hilo.kernel-accessor : Fetching kernel: gumbel
2024-03-05 13:09:58,946 | INFO | hilo.gumbel-kernel : Calculating Gumbel distribution (location: 0.0, scale 1.0)
2024-03-05 13:09:58,946 | INFO | hilo.gumbel-kernel : BOTTOM-RIGHT:
tensor([[8.5377e-26, 2.2609e-10, 2.0072e-04],
        [2.2609e-10, 2.0072e-04, 5.8259e-02],
        [2.0072e-04, 5.8259e-02, 8.8288e-01]])
2024-03-05 13:09:58,947 | INFO | hilo.kernel-accessor : Fetching kernel: gumbel
2024-03-05 13:09:58,947 | INFO | hilo.gumbel-kernel : Calculating Gumbel distribution (location: 0.0, scale 1.0)
2024-03-05 13:09:58,947 | INFO | hilo.gumbel-kernel : STATIC:
tensor([[8.8288e-01, 5.8259e-02, 2.0072e-04],
        [5.8259e-02, 2.0072e-04, 2.2609e-10],
        [2.0072e-04, 2.2609e-10, 8.5377e-26]])
2024-03-05 13:09:58,947 | INFO | hilo.kernel-accessor : Fetching kernel: gumbel
2024-03-05 13:09:58,947 | INFO | hilo.gumbel-kernel : Calculating Gumbel distribution (location: 0.0, scale 1.0)
2024-03-05 13:09:58,948 | INFO | hilo.gumbel-kernel : TOP-RIGHT:
tensor([[2.0072e-04, 5.8259e-02, 8.8288e-01],
        [2.2609e-10, 2.0072e-04, 5.8259e-02],
        [8.5377e-26, 2.2609e-10, 2.0072e-04]])
2024-03-05 13:09:58,948 | INFO | hilo.kernel-accessor : Fetching kernel: gumbel
2024-03-05 13:09:58,948 | INFO | hilo.gumbel-kernel : Calculating Gumbel distribution (location: 0.0, scale 1.0)
2024-03-05 13:09:58,948 | INFO | hilo.gumbel-kernel : STATIC:
tensor([[8.8288e-01, 5.8259e-02, 2.0072e-04],
        [5.8259e-02, 2.0072e-04, 2.2609e-10],
        [2.0072e-04, 2.2609e-10, 8.5377e-26]])
2024-03-05 13:09:58,948 | INFO | hilo.kernel-accessor : Fetching kernel: gumbel
2024-03-05 13:09:58,948 | INFO | hilo.gumbel-kernel : Calculating Gumbel distribution (location: 0.0, scale 1.0)
2024-03-05 13:09:58,949 | INFO | hilo.gumbel-kernel : TOP-RIGHT:
tensor([[2.0072e-04, 5.8259e-02, 8.8288e-01],
        [2.2609e-10, 2.0072e-04, 5.8259e-02],
        [8.5377e-26, 2.2609e-10, 2.0072e-04]])
2024-03-05 13:09:58,949 | INFO | hilo.kernel-accessor : Fetching kernel: gumbel
2024-03-05 13:09:58,949 | INFO | hilo.gumbel-kernel : Calculating Gumbel distribution (location: 0.0, scale 1.0)
2024-03-05 13:09:58,949 | INFO | hilo.gumbel-kernel : TOP-RIGHT:
tensor([[2.0072e-04, 5.8259e-02, 8.8288e-01],
        [2.2609e-10, 2.0072e-04, 5.8259e-02],
        [8.5377e-26, 2.2609e-10, 2.0072e-04]])
2024-03-05 13:09:58,949 | INFO | hilo.kernel-accessor : Fetching kernel: gumbel
2024-03-05 13:09:58,949 | INFO | hilo.gumbel-kernel : Calculating Gumbel distribution (location: 0.0, scale 1.0)
2024-03-05 13:09:58,950 | INFO | hilo.gumbel-kernel : STATIC:
tensor([[8.8288e-01, 5.8259e-02, 2.0072e-04],
        [5.8259e-02, 2.0072e-04, 2.2609e-10],
        [2.0072e-04, 2.2609e-10, 8.5377e-26]])
2024-03-05 13:09:58,950 | INFO | hilo.kernel-accessor : Fetching kernel: gumbel
2024-03-05 13:09:58,950 | INFO | hilo.gumbel-kernel : Calculating Gumbel distribution (location: 0.0, scale 1.0)
2024-03-05 13:09:58,950 | INFO | hilo.gumbel-kernel : TOP-RIGHT:
tensor([[2.0072e-04, 5.8259e-02, 8.8288e-01],
        [2.2609e-10, 2.0072e-04, 5.8259e-02],
        [8.5377e-26, 2.2609e-10, 2.0072e-04]])
2024-03-05 13:09:58,950 | INFO | hilo.kernel-accessor : Fetching kernel: gumbel
2024-03-05 13:09:58,950 | INFO | hilo.gumbel-kernel : Calculating Gumbel distribution (location: 0.0, scale 1.0)
2024-03-05 13:09:58,951 | INFO | hilo.gumbel-kernel : STATIC:
tensor([[8.8288e-01, 5.8259e-02, 2.0072e-04],
        [5.8259e-02, 2.0072e-04, 2.2609e-10],
        [2.0072e-04, 2.2609e-10, 8.5377e-26]])
2024-03-05 13:09:58,951 | INFO | hilo.kernel-accessor : Fetching kernel: gumbel
2024-03-05 13:09:58,951 | INFO | hilo.gumbel-kernel : Calculating Gumbel distribution (location: 0.0, scale 1.0)
2024-03-05 13:09:58,951 | INFO | hilo.gumbel-kernel : TOP-RIGHT:
tensor([[2.0072e-04, 5.8259e-02, 8.8288e-01],
        [2.2609e-10, 2.0072e-04, 5.8259e-02],
        [8.5377e-26, 2.2609e-10, 2.0072e-04]])
2024-03-05 13:09:58,951 | INFO | hilo.kernel-accessor : Fetching kernel: gumbel
2024-03-05 13:09:58,951 | INFO | hilo.gumbel-kernel : Calculating Gumbel distribution (location: 0.0, scale 1.0)
2024-03-05 13:09:58,952 | INFO | hilo.gumbel-kernel : BOTTOM-RIGHT:
tensor([[8.5377e-26, 2.2609e-10, 2.0072e-04],
        [2.2609e-10, 2.0072e-04, 5.8259e-02],
        [2.0072e-04, 5.8259e-02, 8.8288e-01]])
2024-03-05 13:09:58,952 | INFO | hilo.kernel-accessor : Fetching kernel: gumbel
2024-03-05 13:09:58,952 | INFO | hilo.gumbel-kernel : Calculating Gumbel distribution (location: 0.0, scale 1.0)
2024-03-05 13:09:58,952 | INFO | hilo.gumbel-kernel : STATIC:
tensor([[8.8288e-01, 5.8259e-02, 2.0072e-04],
        [5.8259e-02, 2.0072e-04, 2.2609e-10],
        [2.0072e-04, 2.2609e-10, 8.5377e-26]])
2024-03-05 13:09:58,952 | INFO | hilo.kernel-accessor : Fetching kernel: gumbel
2024-03-05 13:09:58,952 | INFO | hilo.gumbel-kernel : Calculating Gumbel distribution (location: 0.0, scale 1.0)
2024-03-05 13:09:58,953 | INFO | hilo.gumbel-kernel : BOTTOM-RIGHT:
tensor([[8.5377e-26, 2.2609e-10, 2.0072e-04],
        [2.2609e-10, 2.0072e-04, 5.8259e-02],
        [2.0072e-04, 5.8259e-02, 8.8288e-01]])
2024-03-05 13:09:58,953 | INFO | hilo.kernel-accessor : Fetching kernel: gumbel
2024-03-05 13:09:58,953 | INFO | hilo.gumbel-kernel : Calculating Gumbel distribution (location: 0.0, scale 1.0)
2024-03-05 13:09:58,953 | INFO | hilo.gumbel-kernel : TOP-RIGHT:
tensor([[2.0072e-04, 5.8259e-02, 8.8288e-01],
        [2.2609e-10, 2.0072e-04, 5.8259e-02],
        [8.5377e-26, 2.2609e-10, 2.0072e-04]])
2024-03-05 13:09:58,953 | INFO | hilo.kernel-accessor : Fetching kernel: gumbel
2024-03-05 13:09:58,954 | INFO | hilo.gumbel-kernel : Calculating Gumbel distribution (location: 0.0, scale 1.0)
2024-03-05 13:09:58,954 | INFO | hilo.gumbel-kernel : BOTTOM-RIGHT:
tensor([[8.5377e-26, 2.2609e-10, 2.0072e-04],
        [2.2609e-10, 2.0072e-04, 5.8259e-02],
        [2.0072e-04, 5.8259e-02, 8.8288e-01]])
2024-03-05 13:09:58,954 | INFO | hilo.kernel-accessor : Fetching kernel: gumbel
2024-03-05 13:09:58,954 | INFO | hilo.gumbel-kernel : Calculating Gumbel distribution (location: 0.0, scale 1.0)
2024-03-05 13:09:58,954 | INFO | hilo.gumbel-kernel : BOTTOM-RIGHT:
tensor([[8.5377e-26, 2.2609e-10, 2.0072e-04],
        [2.2609e-10, 2.0072e-04, 5.8259e-02],
        [2.0072e-04, 5.8259e-02, 8.8288e-01]])
2024-03-05 13:11:20,509 | INFO | hilo : Epoch   1/200 | Accuracy:  45.3125 | Loss:   1.4144
2024-03-05 13:11:20,509 | INFO | hilo.kernel-accessor : Fetching kernel: gumbel
2024-03-05 13:11:20,509 | INFO | hilo.gumbel-kernel : Calculating Gumbel distribution (location: -0.0041849445551633835, scale 0.6691113114356995)
2024-03-05 13:11:20,510 | INFO | hilo.gumbel-kernel : BOTTOM-RIGHT:
tensor([[0.0000e+00, 3.5173e-41, 2.5075e-10],
        [3.5173e-41, 2.5075e-10, 6.6797e-03],
        [2.5075e-10, 6.6797e-03, 9.8664e-01]])
2024-03-05 13:11:20,510 | INFO | hilo.kernel-accessor : Fetching kernel: gumbel
2024-03-05 13:11:20,510 | INFO | hilo.gumbel-kernel : Calculating Gumbel distribution (location: -0.39515072107315063, scale 1.8431317806243896)
2024-03-05 13:11:20,510 | INFO | hilo.gumbel-kernel : STATIC:
tensor([[6.9669e-01, 1.3398e-01, 1.1614e-02],
        [1.3398e-01, 1.1614e-02, 2.5562e-04],
        [1.1614e-02, 2.5562e-04, 5.3204e-07]])
2024-03-05 13:11:20,510 | INFO | hilo.kernel-accessor : Fetching kernel: gumbel
2024-03-05 13:11:20,510 | INFO | hilo.gumbel-kernel : Calculating Gumbel distribution (location: -0.3570602238178253, scale 1.542990803718567)
2024-03-05 13:11:20,511 | INFO | hilo.gumbel-kernel : TOP-RIGHT:
tensor([[3.2030e-03, 9.7680e-02, 7.9501e-01],
        [8.4044e-06, 3.2030e-03, 9.7680e-02],
        [1.7639e-10, 8.4044e-06, 3.2030e-03]])
2024-03-05 13:11:20,511 | INFO | hilo.kernel-accessor : Fetching kernel: gumbel
2024-03-05 13:11:20,511 | INFO | hilo.gumbel-kernel : Calculating Gumbel distribution (location: -0.15498721599578857, scale 1.5974061489105225)
2024-03-05 13:11:20,511 | INFO | hilo.gumbel-kernel : BOTTOM-RIGHT:
tensor([[6.9107e-08, 1.2955e-04, 9.7509e-03],
        [1.2955e-04, 9.7509e-03, 1.3152e-01],
        [9.7509e-03, 1.3152e-01, 7.0745e-01]])
2024-03-05 13:11:20,511 | INFO | hilo.kernel-accessor : Fetching kernel: gumbel
2024-03-05 13:11:20,512 | INFO | hilo.gumbel-kernel : Calculating Gumbel distribution (location: -0.33186429738998413, scale 1.8054280281066895)
2024-03-05 13:11:20,512 | INFO | hilo.gumbel-kernel : TOP-RIGHT:
tensor([[1.2194e-02, 1.3626e-01, 6.9035e-01],
        [2.7560e-04, 1.2194e-02, 1.3626e-01],
        [5.6818e-07, 2.7560e-04, 1.2194e-02]])
2024-03-05 13:11:20,512 | INFO | hilo.kernel-accessor : Fetching kernel: gumbel
2024-03-05 13:11:20,512 | INFO | hilo.gumbel-kernel : Calculating Gumbel distribution (location: -0.2096339464187622, scale 1.228543996810913)
2024-03-05 13:11:20,512 | INFO | hilo.gumbel-kernel : STATIC:
tensor([[8.6723e-01, 6.5580e-02, 5.3743e-04],
        [6.5580e-02, 5.3743e-04, 2.9229e-08],
        [5.3743e-04, 2.9229e-08, 1.9308e-17]])
2024-03-05 13:11:20,512 | INFO | hilo.kernel-accessor : Fetching kernel: gumbel
2024-03-05 13:11:20,513 | INFO | hilo.gumbel-kernel : Calculating Gumbel distribution (location: -0.19864656031131744, scale 1.4613866806030273)
2024-03-05 13:11:20,513 | INFO | hilo.gumbel-kernel : TOP-RIGHT:
tensor([[4.2050e-03, 1.0737e-01, 7.7262e-01],
        [1.3376e-05, 4.2050e-03, 1.0737e-01],
        [2.9338e-10, 1.3376e-05, 4.2050e-03]])
2024-03-05 13:11:20,513 | INFO | hilo.kernel-accessor : Fetching kernel: gumbel
2024-03-05 13:11:20,513 | INFO | hilo.gumbel-kernel : Calculating Gumbel distribution (location: -0.22826099395751953, scale 1.3698887825012207)
2024-03-05 13:11:20,513 | INFO | hilo.gumbel-kernel : STATIC:
tensor([[8.1838e-01, 8.7980e-02, 1.8852e-03],
        [8.7980e-02, 1.8852e-03, 1.4219e-06],
        [1.8852e-03, 1.4219e-06, 1.0337e-12]])
2024-03-05 13:11:20,514 | INFO | hilo.kernel-accessor : Fetching kernel: gumbel
2024-03-05 13:11:20,514 | INFO | hilo.gumbel-kernel : Calculating Gumbel distribution (location: -0.16348576545715332, scale 1.4292901754379272)
2024-03-05 13:11:20,514 | INFO | hilo.gumbel-kernel : STATIC:
tensor([[7.7277e-01, 1.0744e-01, 4.1113e-03],
        [1.0744e-01, 4.1113e-03, 1.1721e-05],
        [4.1113e-03, 1.1721e-05, 1.7931e-10]])
2024-03-05 13:11:20,514 | INFO | hilo.kernel-accessor : Fetching kernel: gumbel
2024-03-05 13:11:20,514 | INFO | hilo.gumbel-kernel : Calculating Gumbel distribution (location: -0.12403540313243866, scale 1.1373775005340576)
2024-03-05 13:11:20,515 | INFO | hilo.gumbel-kernel : STATIC:
tensor([[8.7318e-01, 6.2835e-02, 3.8278e-04],
        [6.2835e-02, 3.8278e-04, 6.0871e-09],
        [3.8278e-04, 6.0871e-09, 5.7903e-20]])
2024-03-05 13:11:20,515 | INFO | hilo.kernel-accessor : Fetching kernel: gumbel
2024-03-05 13:11:20,515 | INFO | hilo.gumbel-kernel : Calculating Gumbel distribution (location: 0.009792150929570198, scale 1.4087008237838745)
2024-03-05 13:11:20,515 | INFO | hilo.gumbel-kernel : STATIC:
tensor([[7.2053e-01, 1.2782e-01, 7.9047e-03],
        [1.2782e-01, 7.9047e-03, 5.7326e-05],
        [7.9047e-03, 5.7326e-05, 5.3188e-09]])
2024-03-05 13:11:20,515 | INFO | hilo.kernel-accessor : Fetching kernel: gumbel
2024-03-05 13:11:20,515 | INFO | hilo.gumbel-kernel : Calculating Gumbel distribution (location: -0.11199015378952026, scale 1.3849817514419556)
2024-03-05 13:11:20,516 | INFO | hilo.gumbel-kernel : TOP-RIGHT:
tensor([[4.0489e-03, 1.0801e-01, 7.7180e-01],
        [1.0079e-05, 4.0489e-03, 1.0801e-01],
        [9.4379e-11, 1.0079e-05, 4.0489e-03]])
2024-03-05 13:11:20,516 | INFO | hilo.kernel-accessor : Fetching kernel: gumbel
2024-03-05 13:11:20,516 | INFO | hilo.gumbel-kernel : Calculating Gumbel distribution (location: -0.019787009805440903, scale 1.258228063583374)
2024-03-05 13:11:20,516 | INFO | hilo.gumbel-kernel : BOTTOM-RIGHT:
tensor([[1.5738e-12, 2.7917e-06, 2.8686e-03],
        [2.7917e-06, 2.8686e-03, 1.0170e-01],
        [2.8686e-03, 1.0170e-01, 7.8799e-01]])
2024-03-05 13:11:20,516 | INFO | hilo.kernel-accessor : Fetching kernel: gumbel
2024-03-05 13:11:20,516 | INFO | hilo.gumbel-kernel : Calculating Gumbel distribution (location: 0.050070129334926605, scale 1.0115569829940796)
2024-03-05 13:11:20,517 | INFO | hilo.gumbel-kernel : BOTTOM-RIGHT:
tensor([[1.2392e-22, 2.5420e-09, 4.2487e-04],
        [2.5420e-09, 4.2487e-04, 6.9402e-02],
        [4.2487e-04, 6.9402e-02, 8.5992e-01]])
2024-03-05 13:11:20,517 | INFO | hilo.kernel-accessor : Fetching kernel: gumbel
2024-03-05 13:11:20,517 | INFO | hilo.gumbel-kernel : Calculating Gumbel distribution (location: 0.09177019447088242, scale 1.0703606605529785)
2024-03-05 13:11:20,517 | INFO | hilo.gumbel-kernel : STATIC:
tensor([[8.2079e-01, 8.7723e-02, 1.2540e-03],
        [8.7723e-02, 1.2540e-03, 1.0705e-07],
        [1.2540e-03, 1.0705e-07, 1.9972e-17]])
2024-03-05 13:11:20,517 | INFO | hilo.kernel-accessor : Fetching kernel: gumbel
2024-03-05 13:11:20,517 | INFO | hilo.gumbel-kernel : Calculating Gumbel distribution (location: 0.0562310665845871, scale 1.1831012964248657)
2024-03-05 13:11:20,518 | INFO | hilo.gumbel-kernel : BOTTOM-RIGHT:
tensor([[1.6372e-13, 1.6037e-06, 2.6115e-03],
        [1.6037e-06, 2.6115e-03, 1.0131e-01],
        [2.6115e-03, 1.0131e-01, 7.8955e-01]])
2024-03-05 13:11:20,518 | INFO | hilo.kernel-accessor : Fetching kernel: gumbel
2024-03-05 13:11:20,518 | INFO | hilo.gumbel-kernel : Calculating Gumbel distribution (location: -0.19362252950668335, scale 1.8819189071655273)
2024-03-05 13:11:20,518 | INFO | hilo.gumbel-kernel : TOP-RIGHT:
tensor([[2.1056e-02, 1.5512e-01, 6.2455e-01],
        [1.0227e-03, 2.1056e-02, 1.5512e-01],
        [8.6439e-06, 1.0227e-03, 2.1056e-02]])
2024-03-05 13:12:41,292 | INFO | hilo : Epoch   2/200 | Accuracy:  49.1477 | Loss:   1.4497
2024-03-05 13:12:41,292 | INFO | hilo.kernel-accessor : Fetching kernel: gumbel
2024-03-05 13:12:41,292 | INFO | hilo.gumbel-kernel : Calculating Gumbel distribution (location: -0.014585458673536777, scale 0.5348873138427734)
2024-03-05 13:12:41,293 | INFO | hilo.gumbel-kernel : STATIC:
tensor([[9.9906e-01, 4.6973e-04, 3.4988e-21],
        [4.6973e-04, 3.4988e-21, 0.0000e+00],
        [3.4988e-21, 0.0000e+00, 0.0000e+00]])
2024-03-05 13:12:41,293 | INFO | hilo.kernel-accessor : Fetching kernel: gumbel
2024-03-05 13:12:41,293 | INFO | hilo.gumbel-kernel : Calculating Gumbel distribution (location: -0.47130516171455383, scale 1.6143028736114502)
2024-03-05 13:12:41,293 | INFO | hilo.gumbel-kernel : TOP-RIGHT:
tensor([[2.8744e-03, 9.3070e-02, 8.0522e-01],
        [7.6452e-06, 2.8744e-03, 9.3070e-02],
        [2.1367e-10, 7.6452e-06, 2.8744e-03]])
2024-03-05 13:12:41,293 | INFO | hilo.kernel-accessor : Fetching kernel: gumbel
2024-03-05 13:12:41,293 | INFO | hilo.gumbel-kernel : Calculating Gumbel distribution (location: -0.5243010520935059, scale 1.0688260793685913)
2024-03-05 13:12:41,294 | INFO | hilo.gumbel-kernel : BOTTOM-RIGHT:
tensor([[0.0000e+00, 5.6763e-20, 6.5329e-08],
        [5.6763e-20, 6.5329e-08, 6.2250e-03],
        [6.5329e-08, 6.2250e-03, 9.8755e-01]])
2024-03-05 13:12:41,294 | INFO | hilo.kernel-accessor : Fetching kernel: gumbel
2024-03-05 13:12:41,294 | INFO | hilo.gumbel-kernel : Calculating Gumbel distribution (location: -0.22315436601638794, scale 0.8526504635810852)
2024-03-05 13:12:41,294 | INFO | hilo.gumbel-kernel : BOTTOM-RIGHT:
tensor([[0.0000e+00, 2.9720e-26, 1.1367e-08],
        [2.9720e-26, 1.1367e-08, 7.0644e-03],
        [1.1367e-08, 7.0644e-03, 9.8587e-01]])
2024-03-05 13:12:41,294 | INFO | hilo.kernel-accessor : Fetching kernel: gumbel
2024-03-05 13:12:41,295 | INFO | hilo.gumbel-kernel : Calculating Gumbel distribution (location: -0.26920443773269653, scale 1.0161532163619995)
2024-03-05 13:12:41,295 | INFO | hilo.gumbel-kernel : BOTTOM-RIGHT:
tensor([[1.6316e-39, 2.0395e-15, 3.8367e-06],
        [2.0395e-15, 3.8367e-06, 2.0804e-02],
        [3.8367e-06, 2.0804e-02, 9.5838e-01]])
2024-03-05 13:12:41,295 | INFO | hilo.kernel-accessor : Fetching kernel: gumbel
2024-03-05 13:12:41,295 | INFO | hilo.gumbel-kernel : Calculating Gumbel distribution (location: -0.189056396484375, scale 0.8882736563682556)
2024-03-05 13:12:41,296 | INFO | hilo.gumbel-kernel : TOP-RIGHT:
tensor([[2.2841e-07, 1.3038e-02, 9.7392e-01],
        [5.1823e-21, 2.2841e-07, 1.3038e-02],
        [0.0000e+00, 5.1823e-21, 2.2841e-07]])
2024-03-05 13:12:41,296 | INFO | hilo.kernel-accessor : Fetching kernel: gumbel
2024-03-05 13:12:41,296 | INFO | hilo.gumbel-kernel : Calculating Gumbel distribution (location: -0.18011066317558289, scale 1.0998973846435547)
2024-03-05 13:12:41,296 | INFO | hilo.gumbel-kernel : STATIC:
tensor([[9.0628e-01, 4.6689e-02, 1.1408e-04],
        [4.6689e-02, 1.1408e-04, 1.4413e-10],
        [1.1408e-04, 1.4413e-10, 1.2661e-24]])
2024-03-05 13:12:41,296 | INFO | hilo.kernel-accessor : Fetching kernel: gumbel
2024-03-05 13:12:41,296 | INFO | hilo.gumbel-kernel : Calculating Gumbel distribution (location: -0.24211782217025757, scale 1.0578817129135132)
2024-03-05 13:12:41,297 | INFO | hilo.gumbel-kernel : STATIC:
tensor([[9.3924e-01, 3.0350e-02, 1.9587e-05],
        [3.0350e-02, 1.9587e-05, 5.3440e-13],
        [1.9587e-05, 5.3440e-13, 8.0776e-32]])
2024-03-05 13:12:41,297 | INFO | hilo.kernel-accessor : Fetching kernel: gumbel
2024-03-05 13:12:41,297 | INFO | hilo.gumbel-kernel : Calculating Gumbel distribution (location: -0.21620312333106995, scale 1.1431478261947632)
2024-03-05 13:12:41,297 | INFO | hilo.gumbel-kernel : STATIC:
tensor([[9.0187e-01, 4.8836e-02, 1.5231e-04],
        [4.8836e-02, 1.5231e-04, 5.0547e-10],
        [1.5231e-04, 5.0547e-10, 1.2426e-22]])
2024-03-05 13:12:41,297 | INFO | hilo.kernel-accessor : Fetching kernel: gumbel
2024-03-05 13:12:41,297 | INFO | hilo.gumbel-kernel : Calculating Gumbel distribution (location: -0.06634046137332916, scale 0.8869436979293823)
2024-03-05 13:12:41,298 | INFO | hilo.gumbel-kernel : BOTTOM-RIGHT:
tensor([[0.0000e+00, 1.4513e-16, 4.9184e-06],
        [1.4513e-16, 4.9184e-06, 2.7108e-02],
        [4.9184e-06, 2.7108e-02, 9.4577e-01]])
2024-03-05 13:12:41,298 | INFO | hilo.kernel-accessor : Fetching kernel: gumbel
2024-03-05 13:12:41,298 | INFO | hilo.gumbel-kernel : Calculating Gumbel distribution (location: -2.6796013116836548e-05, scale 1.0745328664779663)
2024-03-05 13:12:41,298 | INFO | hilo.gumbel-kernel : BOTTOM-RIGHT:
tensor([[6.0435e-20, 1.1704e-08, 5.8030e-04],
        [1.1704e-08, 5.8030e-04, 7.2416e-02],
        [5.8030e-04, 7.2416e-02, 8.5343e-01]])
2024-03-05 13:12:41,298 | INFO | hilo.kernel-accessor : Fetching kernel: gumbel
2024-03-05 13:12:41,298 | INFO | hilo.gumbel-kernel : Calculating Gumbel distribution (location: -0.0589790865778923, scale 1.0661602020263672)
2024-03-05 13:12:41,299 | INFO | hilo.gumbel-kernel : TOP-RIGHT:
tensor([[2.8046e-04, 6.0533e-02, 8.7809e-01],
        [1.3126e-09, 2.8046e-04, 6.0533e-02],
        [1.3658e-22, 1.3126e-09, 2.8046e-04]])
2024-03-05 13:12:41,299 | INFO | hilo.kernel-accessor : Fetching kernel: gumbel
2024-03-05 13:12:41,299 | INFO | hilo.gumbel-kernel : Calculating Gumbel distribution (location: -0.08917856216430664, scale 1.072290062904358)
2024-03-05 13:12:41,299 | INFO | hilo.gumbel-kernel : TOP-RIGHT:
tensor([[2.1813e-04, 5.6517e-02, 8.8631e-01],
        [6.7629e-10, 2.1813e-04, 5.6517e-02],
        [2.8615e-23, 6.7629e-10, 2.1813e-04]])
2024-03-05 13:12:41,299 | INFO | hilo.kernel-accessor : Fetching kernel: gumbel
2024-03-05 13:12:41,300 | INFO | hilo.gumbel-kernel : Calculating Gumbel distribution (location: 0.08266571164131165, scale 0.7236601710319519)
2024-03-05 13:12:41,300 | INFO | hilo.gumbel-kernel : BOTTOM-RIGHT:
tensor([[0.0000e+00, 5.0059e-24, 4.4134e-07],
        [5.0059e-24, 4.4134e-07, 2.2353e-02],
        [4.4134e-07, 2.2353e-02, 9.5529e-01]])
2024-03-05 13:12:41,300 | INFO | hilo.kernel-accessor : Fetching kernel: gumbel
2024-03-05 13:12:41,300 | INFO | hilo.gumbel-kernel : Calculating Gumbel distribution (location: 0.06418244540691376, scale 0.782869279384613)
2024-03-05 13:12:41,300 | INFO | hilo.gumbel-kernel : BOTTOM-RIGHT:
tensor([[0.0000e+00, 4.6118e-19, 3.0890e-06],
        [4.6118e-19, 3.0890e-06, 2.9205e-02],
        [3.0890e-06, 2.9205e-02, 9.4158e-01]])
2024-03-05 13:12:41,301 | INFO | hilo.kernel-accessor : Fetching kernel: gumbel
2024-03-05 13:12:41,301 | INFO | hilo.gumbel-kernel : Calculating Gumbel distribution (location: 0.008383775129914284, scale 0.8454786539077759)
2024-03-05 13:12:41,301 | INFO | hilo.gumbel-kernel : BOTTOM-RIGHT:
tensor([[0.0000e+00, 1.1476e-16, 6.8574e-06],
        [1.1476e-16, 6.8574e-06, 3.1235e-02],
        [6.8574e-06, 3.1235e-02, 9.3751e-01]])
2024-03-05 13:12:41,301 | INFO | hilo.kernel-accessor : Fetching kernel: gumbel
2024-03-05 13:12:41,301 | INFO | hilo.gumbel-kernel : Calculating Gumbel distribution (location: -0.06498929113149643, scale 1.0391976833343506)
2024-03-05 13:12:41,302 | INFO | hilo.gumbel-kernel : BOTTOM-RIGHT:
tensor([[4.5973e-25, 2.2936e-10, 1.7128e-04],
        [2.2936e-10, 1.7128e-04, 5.4408e-02],
        [1.7128e-04, 5.4408e-02, 8.9067e-01]])
2024-03-05 13:14:02,123 | INFO | hilo : Epoch   3/200 | Accuracy:  60.9375 | Loss:   1.2041
2024-03-05 13:14:02,123 | INFO | hilo.kernel-accessor : Fetching kernel: gumbel
2024-03-05 13:14:02,124 | INFO | hilo.gumbel-kernel : Calculating Gumbel distribution (location: -0.010254288092255592, scale 0.5879301428794861)
2024-03-05 13:14:02,124 | INFO | hilo.gumbel-kernel : STATIC:
tensor([[9.9648e-01, 1.7605e-03, 2.9636e-15],
        [1.7605e-03, 2.9636e-15, 0.0000e+00],
        [2.9636e-15, 0.0000e+00, 0.0000e+00]])
2024-03-05 13:14:02,125 | INFO | hilo.kernel-accessor : Fetching kernel: gumbel
2024-03-05 13:14:02,125 | INFO | hilo.gumbel-kernel : Calculating Gumbel distribution (location: -0.5985230207443237, scale 1.6206151247024536)
2024-03-05 13:14:02,125 | INFO | hilo.gumbel-kernel : BOTTOM-RIGHT:
tensor([[1.0852e-11, 1.7503e-06, 1.5003e-03],
        [1.7503e-06, 1.5003e-03, 7.6221e-02],
        [1.5003e-03, 7.6221e-02, 8.4305e-01]])
2024-03-05 13:14:02,126 | INFO | hilo.kernel-accessor : Fetching kernel: gumbel
2024-03-05 13:14:02,126 | INFO | hilo.gumbel-kernel : Calculating Gumbel distribution (location: -0.6587680578231812, scale 1.29312002658844)
2024-03-05 13:14:02,126 | INFO | hilo.gumbel-kernel : TOP-RIGHT:
tensor([[7.3569e-06, 1.7568e-02, 9.6484e-01],
        [8.6815e-13, 7.3569e-06, 1.7568e-02],
        [2.0779e-27, 8.6815e-13, 7.3569e-06]])
2024-03-05 13:14:02,127 | INFO | hilo.kernel-accessor : Fetching kernel: gumbel
2024-03-05 13:14:02,127 | INFO | hilo.gumbel-kernel : Calculating Gumbel distribution (location: -0.26143360137939453, scale 0.8001328110694885)
2024-03-05 13:14:02,128 | INFO | hilo.gumbel-kernel : BOTTOM-RIGHT:
tensor([[0.0000e+00, 5.3662e-37, 3.8141e-11],
        [5.3662e-37, 3.8141e-11, 2.3812e-03],
        [3.8141e-11, 2.3812e-03, 9.9524e-01]])
2024-03-05 13:14:02,128 | INFO | hilo.kernel-accessor : Fetching kernel: gumbel
2024-03-05 13:14:02,128 | INFO | hilo.gumbel-kernel : Calculating Gumbel distribution (location: -0.2026122510433197, scale 0.7710177898406982)
2024-03-05 13:14:02,129 | INFO | hilo.gumbel-kernel : TOP-RIGHT:
tensor([[5.9521e-11, 3.0297e-03, 9.9394e-01],
        [1.1990e-37, 5.9521e-11, 3.0297e-03],
        [0.0000e+00, 1.1990e-37, 5.9521e-11]])
2024-03-05 13:14:02,129 | INFO | hilo.kernel-accessor : Fetching kernel: gumbel
2024-03-05 13:14:02,129 | INFO | hilo.gumbel-kernel : Calculating Gumbel distribution (location: -0.16590522229671478, scale 0.7642294764518738)
2024-03-05 13:14:02,130 | INFO | hilo.gumbel-kernel : TOP-RIGHT:
tensor([[2.2338e-10, 4.1452e-03, 9.9171e-01],
        [9.6731e-36, 2.2338e-10, 4.1452e-03],
        [0.0000e+00, 9.6731e-36, 2.2338e-10]])
2024-03-05 13:14:02,130 | INFO | hilo.kernel-accessor : Fetching kernel: gumbel
2024-03-05 13:14:02,130 | INFO | hilo.gumbel-kernel : Calculating Gumbel distribution (location: -0.23017826676368713, scale 0.8772931098937988)
2024-03-05 13:14:02,131 | INFO | hilo.gumbel-kernel : STATIC:
tensor([[9.8271e-01, 8.6437e-03, 3.6508e-08],
        [8.6437e-03, 3.6508e-08, 6.5008e-24],
        [3.6508e-08, 6.5008e-24, 0.0000e+00]])
2024-03-05 13:14:02,131 | INFO | hilo.kernel-accessor : Fetching kernel: gumbel
2024-03-05 13:14:02,131 | INFO | hilo.gumbel-kernel : Calculating Gumbel distribution (location: -0.16468089818954468, scale 0.7714268565177917)
2024-03-05 13:14:02,132 | INFO | hilo.gumbel-kernel : TOP-RIGHT:
tensor([[4.3687e-10, 4.6275e-03, 9.9074e-01],
        [2.8436e-34, 4.3687e-10, 4.6275e-03],
        [0.0000e+00, 2.8436e-34, 4.3687e-10]])
2024-03-05 13:14:02,132 | INFO | hilo.kernel-accessor : Fetching kernel: gumbel
2024-03-05 13:14:02,132 | INFO | hilo.gumbel-kernel : Calculating Gumbel distribution (location: -0.21769209206104279, scale 0.8931746482849121)
2024-03-05 13:14:02,132 | INFO | hilo.gumbel-kernel : STATIC:
tensor([[9.7783e-01, 1.1087e-02, 1.2249e-07],
        [1.1087e-02, 1.2249e-07, 8.0530e-22],
        [1.2249e-07, 8.0530e-22, 0.0000e+00]])
2024-03-05 13:14:02,133 | INFO | hilo.kernel-accessor : Fetching kernel: gumbel
2024-03-05 13:14:02,133 | INFO | hilo.gumbel-kernel : Calculating Gumbel distribution (location: -0.1047978401184082, scale 0.6882756352424622)
2024-03-05 13:14:02,133 | INFO | hilo.gumbel-kernel : STATIC:
tensor([[9.9452e-01, 2.7396e-03, 3.6266e-12],
        [2.7396e-03, 3.6266e-12, 0.0000e+00],
        [3.6266e-12, 0.0000e+00, 0.0000e+00]])
2024-03-05 13:14:02,134 | INFO | hilo.kernel-accessor : Fetching kernel: gumbel
2024-03-05 13:14:02,134 | INFO | hilo.gumbel-kernel : Calculating Gumbel distribution (location: -0.08111517131328583, scale 0.7755498290061951)
2024-03-05 13:14:02,134 | INFO | hilo.gumbel-kernel : TOP-RIGHT:
tensor([[2.2363e-08, 1.0531e-02, 9.7894e-01],
        [1.6834e-27, 2.2363e-08, 1.0531e-02],
        [0.0000e+00, 1.6834e-27, 2.2363e-08]])
2024-03-05 13:14:02,135 | INFO | hilo.kernel-accessor : Fetching kernel: gumbel
2024-03-05 13:14:02,135 | INFO | hilo.gumbel-kernel : Calculating Gumbel distribution (location: -0.10013032704591751, scale 0.7246220707893372)
2024-03-05 13:14:02,136 | INFO | hilo.gumbel-kernel : BOTTOM-RIGHT:
tensor([[0.0000e+00, 6.4517e-38, 2.1034e-10],
        [6.4517e-38, 2.1034e-10, 4.9321e-03],
        [2.1034e-10, 4.9321e-03, 9.9014e-01]])
2024-03-05 13:14:02,136 | INFO | hilo.kernel-accessor : Fetching kernel: gumbel
2024-03-05 13:14:02,136 | INFO | hilo.gumbel-kernel : Calculating Gumbel distribution (location: -0.07603144645690918, scale 0.8057779669761658)
2024-03-05 13:14:02,137 | INFO | hilo.gumbel-kernel : TOP-RIGHT:
tensor([[1.4378e-07, 1.4404e-02, 9.7119e-01],
        [1.5291e-23, 1.4378e-07, 1.4404e-02],
        [0.0000e+00, 1.5291e-23, 1.4378e-07]])
2024-03-05 13:14:02,137 | INFO | hilo.kernel-accessor : Fetching kernel: gumbel
2024-03-05 13:14:02,137 | INFO | hilo.gumbel-kernel : Calculating Gumbel distribution (location: 0.10874912142753601, scale 0.572235643863678)
2024-03-05 13:14:02,138 | INFO | hilo.gumbel-kernel : TOP-RIGHT:
tensor([[9.7112e-12, 6.7206e-03, 9.8656e-01],
        [0.0000e+00, 9.7112e-12, 6.7206e-03],
        [0.0000e+00, 0.0000e+00, 9.7112e-12]])
2024-03-05 13:14:02,138 | INFO | hilo.kernel-accessor : Fetching kernel: gumbel
2024-03-05 13:14:02,138 | INFO | hilo.gumbel-kernel : Calculating Gumbel distribution (location: 0.09624694287776947, scale 0.6110264658927917)
2024-03-05 13:14:02,139 | INFO | hilo.gumbel-kernel : BOTTOM-RIGHT:
tensor([[0.0000e+00, 2.8026e-45, 3.3246e-10],
        [2.8026e-45, 3.3246e-10, 9.3264e-03],
        [3.3246e-10, 9.3264e-03, 9.8135e-01]])
2024-03-05 13:14:02,139 | INFO | hilo.kernel-accessor : Fetching kernel: gumbel
2024-03-05 13:14:02,139 | INFO | hilo.gumbel-kernel : Calculating Gumbel distribution (location: 0.006333526689559221, scale 0.563193678855896)
2024-03-05 13:14:02,140 | INFO | hilo.gumbel-kernel : BOTTOM-RIGHT:
tensor([[0.0000e+00, 0.0000e+00, 1.2045e-16],
        [0.0000e+00, 1.2045e-16, 1.3975e-03],
        [1.2045e-16, 1.3975e-03, 9.9721e-01]])
2024-03-05 13:14:02,140 | INFO | hilo.kernel-accessor : Fetching kernel: gumbel
2024-03-05 13:14:02,140 | INFO | hilo.gumbel-kernel : Calculating Gumbel distribution (location: 0.1438811868429184, scale 0.672082245349884)
2024-03-05 13:14:02,141 | INFO | hilo.gumbel-kernel : TOP-RIGHT:
tensor([[2.6367e-07, 2.3073e-02, 9.5385e-01],
        [5.6697e-27, 2.6367e-07, 2.3073e-02],
        [0.0000e+00, 5.6697e-27, 2.6367e-07]])
2024-03-05 13:15:22,947 | INFO | hilo : Epoch   4/200 | Accuracy:  62.5000 | Loss:   1.1052
2024-03-05 13:15:22,947 | INFO | hilo.kernel-accessor : Fetching kernel: gumbel
2024-03-05 13:15:22,947 | INFO | hilo.gumbel-kernel : Calculating Gumbel distribution (location: -0.007957546971738338, scale 0.55255526304245)
2024-03-05 13:15:22,948 | INFO | hilo.gumbel-kernel : BOTTOM-RIGHT:
tensor([[0.0000e+00, 0.0000e+00, 1.5578e-18],
        [0.0000e+00, 1.5578e-18, 8.5037e-04],
        [1.5578e-18, 8.5037e-04, 9.9830e-01]])
2024-03-05 13:15:22,948 | INFO | hilo.kernel-accessor : Fetching kernel: gumbel
2024-03-05 13:15:22,948 | INFO | hilo.gumbel-kernel : Calculating Gumbel distribution (location: -0.45499253273010254, scale 1.5124304294586182)
2024-03-05 13:15:22,949 | INFO | hilo.gumbel-kernel : TOP-RIGHT:
tensor([[1.4716e-03, 7.8307e-02, 8.3897e-01],
        [1.2401e-06, 1.4716e-03, 7.8307e-02],
        [2.5540e-12, 1.2401e-06, 1.4716e-03]])
2024-03-05 13:15:22,949 | INFO | hilo.kernel-accessor : Fetching kernel: gumbel
2024-03-05 13:15:22,949 | INFO | hilo.gumbel-kernel : Calculating Gumbel distribution (location: -0.3657538890838623, scale 1.1899585723876953)
2024-03-05 13:15:22,949 | INFO | hilo.gumbel-kernel : TOP-RIGHT:
tensor([[5.3619e-05, 3.5116e-02, 9.2961e-01],
        [4.8346e-11, 5.3619e-05, 3.5116e-02],
        [1.4376e-24, 4.8346e-11, 5.3619e-05]])
2024-03-05 13:15:22,949 | INFO | hilo.kernel-accessor : Fetching kernel: gumbel
2024-03-05 13:15:22,949 | INFO | hilo.gumbel-kernel : Calculating Gumbel distribution (location: -0.3436238765716553, scale 0.8972955942153931)
2024-03-05 13:15:22,950 | INFO | hilo.gumbel-kernel : BOTTOM-RIGHT:
tensor([[0.0000e+00, 1.0681e-27, 1.9258e-09],
        [1.0681e-27, 1.9258e-09, 3.9762e-03],
        [1.9258e-09, 3.9762e-03, 9.9205e-01]])
2024-03-05 13:15:22,950 | INFO | hilo.kernel-accessor : Fetching kernel: gumbel
2024-03-05 13:15:22,950 | INFO | hilo.gumbel-kernel : Calculating Gumbel distribution (location: -0.2740541398525238, scale 0.7634556889533997)
2024-03-05 13:15:22,950 | INFO | hilo.gumbel-kernel : STATIC:
tensor([[9.9790e-01, 1.0501e-03, 3.3555e-13],
        [1.0501e-03, 3.3555e-13, 0.0000e+00],
        [3.3555e-13, 0.0000e+00, 0.0000e+00]])
2024-03-05 13:15:22,950 | INFO | hilo.kernel-accessor : Fetching kernel: gumbel
2024-03-05 13:15:22,950 | INFO | hilo.gumbel-kernel : Calculating Gumbel distribution (location: -0.2057000696659088, scale 0.6707356572151184)
2024-03-05 13:15:22,951 | INFO | hilo.gumbel-kernel : STATIC:
tensor([[9.9922e-01, 3.9129e-04, 4.8869e-17],
        [3.9129e-04, 4.8869e-17, 0.0000e+00],
        [4.8869e-17, 0.0000e+00, 0.0000e+00]])
2024-03-05 13:15:22,951 | INFO | hilo.kernel-accessor : Fetching kernel: gumbel
2024-03-05 13:15:22,951 | INFO | hilo.gumbel-kernel : Calculating Gumbel distribution (location: -0.21224524080753326, scale 0.7643715739250183)
2024-03-05 13:15:22,951 | INFO | hilo.gumbel-kernel : TOP-RIGHT:
tensor([[1.8174e-11, 2.4356e-03, 9.9513e-01],
        [5.3089e-40, 1.8174e-11, 2.4356e-03],
        [0.0000e+00, 5.3089e-40, 1.8174e-11]])
2024-03-05 13:15:22,951 | INFO | hilo.kernel-accessor : Fetching kernel: gumbel
2024-03-05 13:15:22,951 | INFO | hilo.gumbel-kernel : Calculating Gumbel distribution (location: -0.20017436146736145, scale 0.6983180642127991)
2024-03-05 13:15:22,952 | INFO | hilo.gumbel-kernel : STATIC:
tensor([[9.9833e-01, 8.3506e-04, 1.0417e-14],
        [8.3506e-04, 1.0417e-14, 0.0000e+00],
        [1.0417e-14, 0.0000e+00, 0.0000e+00]])
2024-03-05 13:15:22,952 | INFO | hilo.kernel-accessor : Fetching kernel: gumbel
2024-03-05 13:15:22,952 | INFO | hilo.gumbel-kernel : Calculating Gumbel distribution (location: -0.17419424653053284, scale 0.6768061518669128)
2024-03-05 13:15:22,952 | INFO | hilo.gumbel-kernel : TOP-RIGHT:
tensor([[3.0794e-15, 7.9423e-04, 9.9841e-01],
        [0.0000e+00, 3.0794e-15, 7.9423e-04],
        [0.0000e+00, 0.0000e+00, 3.0794e-15]])
2024-03-05 13:15:22,952 | INFO | hilo.kernel-accessor : Fetching kernel: gumbel
2024-03-05 13:15:22,952 | INFO | hilo.gumbel-kernel : Calculating Gumbel distribution (location: -0.1232931986451149, scale 0.571189820766449)
2024-03-05 13:15:22,953 | INFO | hilo.gumbel-kernel : BOTTOM-RIGHT:
tensor([[0.0000e+00, 0.0000e+00, 9.3153e-24],
        [0.0000e+00, 9.3153e-24, 1.1404e-04],
        [9.3153e-24, 1.1404e-04, 9.9977e-01]])
2024-03-05 13:15:22,953 | INFO | hilo.kernel-accessor : Fetching kernel: gumbel
2024-03-05 13:15:22,953 | INFO | hilo.gumbel-kernel : Calculating Gumbel distribution (location: -0.059936072677373886, scale 0.5409640669822693)
2024-03-05 13:15:22,953 | INFO | hilo.gumbel-kernel : TOP-RIGHT:
tensor([[1.1917e-23, 1.9808e-04, 9.9960e-01],
        [0.0000e+00, 1.1917e-23, 1.9808e-04],
        [0.0000e+00, 0.0000e+00, 1.1917e-23]])
2024-03-05 13:15:22,953 | INFO | hilo.kernel-accessor : Fetching kernel: gumbel
2024-03-05 13:15:22,953 | INFO | hilo.gumbel-kernel : Calculating Gumbel distribution (location: -0.10626189410686493, scale 0.4627358317375183)
2024-03-05 13:15:22,954 | INFO | hilo.gumbel-kernel : BOTTOM-RIGHT:
tensor([[0.0000e+00, 0.0000e+00, 0.0000e+00],
        [0.0000e+00, 0.0000e+00, 6.0473e-07],
        [0.0000e+00, 6.0473e-07, 1.0000e+00]])
2024-03-05 13:15:22,954 | INFO | hilo.kernel-accessor : Fetching kernel: gumbel
2024-03-05 13:15:22,954 | INFO | hilo.gumbel-kernel : Calculating Gumbel distribution (location: -0.03417893499135971, scale 0.3995080888271332)
2024-03-05 13:15:22,954 | INFO | hilo.gumbel-kernel : TOP-RIGHT:
tensor([[0.0000e+00, 1.3514e-07, 1.0000e+00],
        [0.0000e+00, 0.0000e+00, 1.3514e-07],
        [0.0000e+00, 0.0000e+00, 0.0000e+00]])
2024-03-05 13:15:22,954 | INFO | hilo.kernel-accessor : Fetching kernel: gumbel
2024-03-05 13:15:22,954 | INFO | hilo.gumbel-kernel : Calculating Gumbel distribution (location: 0.08301553130149841, scale 0.3443446755409241)
2024-03-05 13:15:22,955 | INFO | hilo.gumbel-kernel : STATIC:
tensor([[1.0000e+00, 1.2990e-06, 0.0000e+00],
        [1.2990e-06, 0.0000e+00, 0.0000e+00],
        [0.0000e+00, 0.0000e+00, 0.0000e+00]])
2024-03-05 13:15:22,955 | INFO | hilo.kernel-accessor : Fetching kernel: gumbel
2024-03-05 13:15:22,955 | INFO | hilo.gumbel-kernel : Calculating Gumbel distribution (location: 0.09071732312440872, scale 0.3372992277145386)
2024-03-05 13:15:22,955 | INFO | hilo.gumbel-kernel : BOTTOM-RIGHT:
tensor([[0.0000e+00, 0.0000e+00, 0.0000e+00],
        [0.0000e+00, 0.0000e+00, 1.1184e-06],
        [0.0000e+00, 1.1184e-06, 1.0000e+00]])
2024-03-05 13:15:22,955 | INFO | hilo.kernel-accessor : Fetching kernel: gumbel
2024-03-05 13:15:22,955 | INFO | hilo.gumbel-kernel : Calculating Gumbel distribution (location: 0.05331189185380936, scale 0.3464093506336212)
2024-03-05 13:15:22,956 | INFO | hilo.gumbel-kernel : STATIC:
tensor([[1.0000e+00, 2.1880e-07, 0.0000e+00],
        [2.1880e-07, 0.0000e+00, 0.0000e+00],
        [0.0000e+00, 0.0000e+00, 0.0000e+00]])
2024-03-05 13:15:22,956 | INFO | hilo.kernel-accessor : Fetching kernel: gumbel
2024-03-05 13:15:22,956 | INFO | hilo.gumbel-kernel : Calculating Gumbel distribution (location: 0.09571947902441025, scale 0.3798367977142334)
2024-03-05 13:15:22,956 | INFO | hilo.gumbel-kernel : STATIC:
tensor([[9.9994e-01, 2.9455e-05, 0.0000e+00],
        [2.9455e-05, 0.0000e+00, 0.0000e+00],
        [0.0000e+00, 0.0000e+00, 0.0000e+00]])
2024-03-05 13:16:43,733 | INFO | hilo : Epoch   5/200 | Accuracy:  46.0938 | Loss:   1.0030
2024-03-05 13:16:43,734 | INFO | hilo.kernel-accessor : Fetching kernel: gumbel
2024-03-05 13:16:43,734 | INFO | hilo.gumbel-kernel : Calculating Gumbel distribution (location: -0.0030683493241667747, scale 0.45267289876937866)
2024-03-05 13:16:43,735 | INFO | hilo.gumbel-kernel : TOP-RIGHT:
tensor([[1.0146e-38, 2.9612e-05, 9.9994e-01],
        [0.0000e+00, 1.0146e-38, 2.9612e-05],
        [0.0000e+00, 0.0000e+00, 1.0146e-38]])
2024-03-05 13:16:43,735 | INFO | hilo.kernel-accessor : Fetching kernel: gumbel
2024-03-05 13:16:43,735 | INFO | hilo.gumbel-kernel : Calculating Gumbel distribution (location: -0.3202584981918335, scale 1.2804200649261475)
2024-03-05 13:16:43,736 | INFO | hilo.gumbel-kernel : TOP-RIGHT:
tensor([[3.7085e-04, 5.7479e-02, 8.8393e-01],
        [1.5410e-08, 3.7085e-04, 5.7479e-02],
        [1.0517e-17, 1.5410e-08, 3.7085e-04]])
2024-03-05 13:16:43,736 | INFO | hilo.kernel-accessor : Fetching kernel: gumbel
2024-03-05 13:16:43,736 | INFO | hilo.gumbel-kernel : Calculating Gumbel distribution (location: -0.47836416959762573, scale 1.2696462869644165)
2024-03-05 13:16:43,736 | INFO | hilo.gumbel-kernel : TOP-RIGHT:
tensor([[5.6275e-05, 3.3299e-02, 9.3323e-01],
        [1.1657e-10, 5.6275e-05, 3.3299e-02],
        [9.6097e-23, 1.1657e-10, 5.6275e-05]])
2024-03-05 13:16:43,736 | INFO | hilo.kernel-accessor : Fetching kernel: gumbel
2024-03-05 13:16:43,737 | INFO | hilo.gumbel-kernel : Calculating Gumbel distribution (location: -0.4712962806224823, scale 0.977283239364624)
2024-03-05 13:16:43,737 | INFO | hilo.gumbel-kernel : BOTTOM-RIGHT:
tensor([[0.0000e+00, 1.8439e-25, 2.6806e-09],
        [1.8439e-25, 2.6806e-09, 3.3276e-03],
        [2.6806e-09, 3.3276e-03, 9.9334e-01]])
