2024-03-01 04:41:48,896 | INFO | hilo : 
+==============================================================+
|                                                              |
| ██████╗  █████╗ ██████╗ ██╗         ██╗      █████╗ ██████╗  |
| ██╔══██╗██╔══██╗██╔══██╗██║         ██║     ██╔══██╗██╔══██╗ |
| ██║  ██║███████║██║  ██║██║         ██║     ███████║██████╔╝ |
| ██║  ██║██╔══██║██║  ██║██║         ██║     ██╔══██║██╔══██╗ |
| ██████╔╝██║  ██║██████╔╝███████╗    ███████╗██║  ██║██████╔╝ |
| ╚═════╝ ╚═╝  ╚═╝╚═════╝ ╚══════╝    ╚══════╝╚═╝  ╚═╝╚═════╝  |
+==============================================================+
|             Hi-Lo Resolution Image Classification            |
|             -------------------------------------            |
|                       Gabriel C. Trahan                      |
|                          Sahan Ahmad                         |
|                       MD  Aminual Islam                      |
+==============================================================+
2024-03-01 04:41:50,461 | INFO | hilo.dataset-accessor : Fetching dataset: cifar10
2024-03-01 04:41:50,461 | INFO | hilo.cifar10-dataset : Initializing transform
2024-03-01 04:41:50,461 | INFO | hilo.cifar10-dataset : Verifying/downloading train data
2024-03-01 04:41:51,067 | INFO | hilo.cifar10-dataset : Verifying/downloading test data
2024-03-01 04:41:51,548 | INFO | hilo.cifar10-dataset : Creating train data loader.
2024-03-01 04:41:51,548 | INFO | hilo.cifar10-dataset : Creating test data loader.
2024-03-01 04:41:51,690 | INFO | hilo : Output directory: output/resnet/cifar10/cauchy/14/20240301_044150/
2024-03-01 04:41:52,683 | INFO | hilo : Using device: NVIDIA GeForce GTX 1060 6GB
2024-03-01 04:41:52,683 | INFO | hilo : Exeucting job: MODEL resnet | DATASET cifar10 | KERNEL cauchy | TYPE 14
2024-03-01 04:41:52,684 | INFO | hilo : Commencing training phase...
2024-03-01 04:41:52,684 | INFO | hilo.kernel-accessor : Fetching kernel: cauchy
2024-03-01 04:41:52,684 | INFO | hilo.cauchy-kernel : Calculating Cauchy distribution (location: 0.0, scale 1.0)
2024-03-01 04:41:52,685 | INFO | hilo.cauchy-kernel : BOTTOM-RIGHT:
tensor([[0.0206, 0.0350, 0.0700],
        [0.0350, 0.0700, 0.1749],
        [0.0700, 0.1749, 0.3498]])
2024-03-01 04:41:52,685 | INFO | hilo.kernel-accessor : Fetching kernel: cauchy
2024-03-01 04:41:52,685 | INFO | hilo.cauchy-kernel : Calculating Cauchy distribution (location: 0.0, scale 1.0)
2024-03-01 04:41:52,685 | INFO | hilo.cauchy-kernel : TOP-LEFT:
tensor([[0.3498, 0.1749, 0.0700],
        [0.1749, 0.0700, 0.0350],
        [0.0700, 0.0350, 0.0206]])
2024-03-01 04:41:52,685 | INFO | hilo.kernel-accessor : Fetching kernel: cauchy
2024-03-01 04:41:52,686 | INFO | hilo.cauchy-kernel : Calculating Cauchy distribution (location: 0.0, scale 1.0)
2024-03-01 04:41:52,686 | INFO | hilo.cauchy-kernel : BOTTOM-RIGHT:
tensor([[0.0206, 0.0350, 0.0700],
        [0.0350, 0.0700, 0.1749],
        [0.0700, 0.1749, 0.3498]])
2024-03-01 04:41:52,686 | INFO | hilo.kernel-accessor : Fetching kernel: cauchy
2024-03-01 04:41:52,686 | INFO | hilo.cauchy-kernel : Calculating Cauchy distribution (location: 0.0, scale 1.0)
2024-03-01 04:41:52,686 | INFO | hilo.cauchy-kernel : STATIC:
tensor([[0.3498, 0.1749, 0.0700],
        [0.1749, 0.0700, 0.0350],
        [0.0700, 0.0350, 0.0206]])
2024-03-01 04:41:52,686 | INFO | hilo.kernel-accessor : Fetching kernel: cauchy
2024-03-01 04:41:52,687 | INFO | hilo.cauchy-kernel : Calculating Cauchy distribution (location: 0.0, scale 1.0)
2024-03-01 04:41:52,687 | INFO | hilo.cauchy-kernel : BOTTOM-LEFT:
tensor([[0.0700, 0.0350, 0.0206],
        [0.1749, 0.0700, 0.0350],
        [0.3498, 0.1749, 0.0700]])
2024-03-01 04:41:52,687 | INFO | hilo.kernel-accessor : Fetching kernel: cauchy
2024-03-01 04:41:52,687 | INFO | hilo.cauchy-kernel : Calculating Cauchy distribution (location: 0.0, scale 1.0)
2024-03-01 04:41:52,687 | INFO | hilo.cauchy-kernel : TOP-LEFT:
tensor([[0.3498, 0.1749, 0.0700],
        [0.1749, 0.0700, 0.0350],
        [0.0700, 0.0350, 0.0206]])
2024-03-01 04:41:52,687 | INFO | hilo.kernel-accessor : Fetching kernel: cauchy
2024-03-01 04:41:52,688 | INFO | hilo.cauchy-kernel : Calculating Cauchy distribution (location: 0.0, scale 1.0)
2024-03-01 04:41:52,688 | INFO | hilo.cauchy-kernel : TOP-LEFT:
tensor([[0.3498, 0.1749, 0.0700],
        [0.1749, 0.0700, 0.0350],
        [0.0700, 0.0350, 0.0206]])
2024-03-01 04:41:52,688 | INFO | hilo.kernel-accessor : Fetching kernel: cauchy
2024-03-01 04:41:52,688 | INFO | hilo.cauchy-kernel : Calculating Cauchy distribution (location: 0.0, scale 1.0)
2024-03-01 04:41:52,688 | INFO | hilo.cauchy-kernel : TOP-RIGHT:
tensor([[0.0700, 0.1749, 0.3498],
        [0.0350, 0.0700, 0.1749],
        [0.0206, 0.0350, 0.0700]])
2024-03-01 04:41:52,688 | INFO | hilo.kernel-accessor : Fetching kernel: cauchy
2024-03-01 04:41:52,689 | INFO | hilo.cauchy-kernel : Calculating Cauchy distribution (location: 0.0, scale 1.0)
2024-03-01 04:41:52,689 | INFO | hilo.cauchy-kernel : TOP-RIGHT:
tensor([[0.0700, 0.1749, 0.3498],
        [0.0350, 0.0700, 0.1749],
        [0.0206, 0.0350, 0.0700]])
2024-03-01 04:41:52,689 | INFO | hilo.kernel-accessor : Fetching kernel: cauchy
2024-03-01 04:41:52,689 | INFO | hilo.cauchy-kernel : Calculating Cauchy distribution (location: 0.0, scale 1.0)
2024-03-01 04:41:52,689 | INFO | hilo.cauchy-kernel : TOP-LEFT:
tensor([[0.3498, 0.1749, 0.0700],
        [0.1749, 0.0700, 0.0350],
        [0.0700, 0.0350, 0.0206]])
2024-03-01 04:41:52,689 | INFO | hilo.kernel-accessor : Fetching kernel: cauchy
2024-03-01 04:41:52,690 | INFO | hilo.cauchy-kernel : Calculating Cauchy distribution (location: 0.0, scale 1.0)
2024-03-01 04:41:52,690 | INFO | hilo.cauchy-kernel : BOTTOM-LEFT:
tensor([[0.0700, 0.0350, 0.0206],
        [0.1749, 0.0700, 0.0350],
        [0.3498, 0.1749, 0.0700]])
2024-03-01 04:41:52,690 | INFO | hilo.kernel-accessor : Fetching kernel: cauchy
2024-03-01 04:41:52,690 | INFO | hilo.cauchy-kernel : Calculating Cauchy distribution (location: 0.0, scale 1.0)
2024-03-01 04:41:52,690 | INFO | hilo.cauchy-kernel : TOP-RIGHT:
tensor([[0.0700, 0.1749, 0.3498],
        [0.0350, 0.0700, 0.1749],
        [0.0206, 0.0350, 0.0700]])
2024-03-01 04:41:52,690 | INFO | hilo.kernel-accessor : Fetching kernel: cauchy
2024-03-01 04:41:52,691 | INFO | hilo.cauchy-kernel : Calculating Cauchy distribution (location: 0.0, scale 1.0)
2024-03-01 04:41:52,691 | INFO | hilo.cauchy-kernel : TOP-RIGHT:
tensor([[0.0700, 0.1749, 0.3498],
        [0.0350, 0.0700, 0.1749],
        [0.0206, 0.0350, 0.0700]])
2024-03-01 04:41:52,691 | INFO | hilo.kernel-accessor : Fetching kernel: cauchy
2024-03-01 04:41:52,691 | INFO | hilo.cauchy-kernel : Calculating Cauchy distribution (location: 0.0, scale 1.0)
2024-03-01 04:41:52,691 | INFO | hilo.cauchy-kernel : TOP-RIGHT:
tensor([[0.0700, 0.1749, 0.3498],
        [0.0350, 0.0700, 0.1749],
        [0.0206, 0.0350, 0.0700]])
2024-03-01 04:41:52,691 | INFO | hilo.kernel-accessor : Fetching kernel: cauchy
2024-03-01 04:41:52,692 | INFO | hilo.cauchy-kernel : Calculating Cauchy distribution (location: 0.0, scale 1.0)
2024-03-01 04:41:52,692 | INFO | hilo.cauchy-kernel : STATIC:
tensor([[0.3498, 0.1749, 0.0700],
        [0.1749, 0.0700, 0.0350],
        [0.0700, 0.0350, 0.0206]])
2024-03-01 04:41:52,692 | INFO | hilo.kernel-accessor : Fetching kernel: cauchy
2024-03-01 04:41:52,692 | INFO | hilo.cauchy-kernel : Calculating Cauchy distribution (location: 0.0, scale 1.0)
2024-03-01 04:41:52,692 | INFO | hilo.cauchy-kernel : BOTTOM-LEFT:
tensor([[0.0700, 0.0350, 0.0206],
        [0.1749, 0.0700, 0.0350],
        [0.3498, 0.1749, 0.0700]])
2024-03-01 04:41:52,693 | INFO | hilo.kernel-accessor : Fetching kernel: cauchy
2024-03-01 04:41:52,693 | INFO | hilo.cauchy-kernel : Calculating Cauchy distribution (location: 0.0, scale 1.0)
2024-03-01 04:41:52,693 | INFO | hilo.cauchy-kernel : BOTTOM-RIGHT:
tensor([[0.0206, 0.0350, 0.0700],
        [0.0350, 0.0700, 0.1749],
        [0.0700, 0.1749, 0.3498]])
2024-03-01 04:43:14,096 | INFO | hilo : Epoch   1/200 | Accuracy:  34.3750 | Loss:   1.6179
2024-03-01 04:43:14,096 | INFO | hilo.kernel-accessor : Fetching kernel: cauchy
2024-03-01 04:43:14,097 | INFO | hilo.cauchy-kernel : Calculating Cauchy distribution (location: 0.005229008384048939, scale 0.6563231348991394)
2024-03-01 04:43:14,098 | INFO | hilo.cauchy-kernel : TOP-LEFT:
tensor([[0.4956, 0.1503, 0.0484],
        [0.1503, 0.0484, 0.0227],
        [0.0484, 0.0227, 0.0130]])
2024-03-01 04:43:14,098 | INFO | hilo.kernel-accessor : Fetching kernel: cauchy
2024-03-01 04:43:14,098 | INFO | hilo.cauchy-kernel : Calculating Cauchy distribution (location: -0.21444737911224365, scale 2.166233539581299)
2024-03-01 04:43:14,099 | INFO | hilo.cauchy-kernel : BOTTOM-LEFT:
tensor([[0.1016, 0.0649, 0.0434],
        [0.1581, 0.1016, 0.0649],
        [0.2058, 0.1581, 0.1016]])
2024-03-01 04:43:14,099 | INFO | hilo.kernel-accessor : Fetching kernel: cauchy
2024-03-01 04:43:14,099 | INFO | hilo.cauchy-kernel : Calculating Cauchy distribution (location: -0.3941425681114197, scale 1.8563376665115356)
2024-03-01 04:43:14,100 | INFO | hilo.cauchy-kernel : BOTTOM-LEFT:
tensor([[0.0945, 0.0579, 0.0381],
        [0.1609, 0.0945, 0.0579],
        [0.2408, 0.1609, 0.0945]])
2024-03-01 04:43:14,100 | INFO | hilo.kernel-accessor : Fetching kernel: cauchy
2024-03-01 04:43:14,100 | INFO | hilo.cauchy-kernel : Calculating Cauchy distribution (location: 0.062495678663253784, scale 1.7286103963851929)
2024-03-01 04:43:14,101 | INFO | hilo.cauchy-kernel : TOP-LEFT:
tensor([[0.2195, 0.1698, 0.0974],
        [0.1698, 0.0974, 0.0565],
        [0.0974, 0.0565, 0.0355]])
2024-03-01 04:43:14,101 | INFO | hilo.kernel-accessor : Fetching kernel: cauchy
2024-03-01 04:43:14,101 | INFO | hilo.cauchy-kernel : Calculating Cauchy distribution (location: 0.03423014655709267, scale 1.8039237260818481)
2024-03-01 04:43:14,102 | INFO | hilo.cauchy-kernel : TOP-LEFT:
tensor([[0.2156, 0.1676, 0.0986],
        [0.1676, 0.0986, 0.0582],
        [0.0986, 0.0582, 0.0370]])
2024-03-01 04:43:14,102 | INFO | hilo.kernel-accessor : Fetching kernel: cauchy
2024-03-01 04:43:14,103 | INFO | hilo.cauchy-kernel : Calculating Cauchy distribution (location: -0.061791643500328064, scale 1.2749911546707153)
2024-03-01 04:43:14,103 | INFO | hilo.cauchy-kernel : TOP-RIGHT:
tensor([[0.0815, 0.1740, 0.2940],
        [0.0435, 0.0815, 0.1740],
        [0.0264, 0.0435, 0.0815]])
2024-03-01 04:43:14,103 | INFO | hilo.kernel-accessor : Fetching kernel: cauchy
2024-03-01 04:43:14,104 | INFO | hilo.cauchy-kernel : Calculating Cauchy distribution (location: -0.19992995262145996, scale 1.4594006538391113)
2024-03-01 04:43:14,104 | INFO | hilo.cauchy-kernel : BOTTOM-LEFT:
tensor([[0.0862, 0.0486, 0.0304],
        [0.1684, 0.0862, 0.0486],
        [0.2770, 0.1684, 0.0862]])
2024-03-01 04:43:14,104 | INFO | hilo.kernel-accessor : Fetching kernel: cauchy
2024-03-01 04:43:14,105 | INFO | hilo.cauchy-kernel : Calculating Cauchy distribution (location: -0.1520220935344696, scale 1.2577061653137207)
2024-03-01 04:43:14,105 | INFO | hilo.cauchy-kernel : STATIC:
tensor([[0.3084, 0.1702, 0.0797],
        [0.1702, 0.0797, 0.0430],
        [0.0797, 0.0430, 0.0263]])
2024-03-01 04:43:14,105 | INFO | hilo.kernel-accessor : Fetching kernel: cauchy
2024-03-01 04:43:14,106 | INFO | hilo.cauchy-kernel : Calculating Cauchy distribution (location: -0.03073796257376671, scale 1.2696248292922974)
2024-03-01 04:43:14,107 | INFO | hilo.cauchy-kernel : TOP-LEFT:
tensor([[0.2908, 0.1754, 0.0818],
        [0.1754, 0.0818, 0.0434],
        [0.0818, 0.0434, 0.0263]])
2024-03-01 04:43:14,107 | INFO | hilo.kernel-accessor : Fetching kernel: cauchy
2024-03-01 04:43:14,107 | INFO | hilo.cauchy-kernel : Calculating Cauchy distribution (location: -0.10424129664897919, scale 1.0276565551757812)
2024-03-01 04:43:14,108 | INFO | hilo.cauchy-kernel : TOP-LEFT:
tensor([[0.3596, 0.1686, 0.0700],
        [0.1686, 0.0700, 0.0359],
        [0.0700, 0.0359, 0.0214]])
2024-03-01 04:43:14,108 | INFO | hilo.kernel-accessor : Fetching kernel: cauchy
2024-03-01 04:43:14,109 | INFO | hilo.cauchy-kernel : Calculating Cauchy distribution (location: -0.09467540681362152, scale 1.1623610258102417)
2024-03-01 04:43:14,109 | INFO | hilo.cauchy-kernel : STATIC:
tensor([[0.3224, 0.1720, 0.0764],
        [0.1720, 0.0764, 0.0401],
        [0.0764, 0.0401, 0.0242]])
2024-03-01 04:43:14,110 | INFO | hilo.kernel-accessor : Fetching kernel: cauchy
2024-03-01 04:43:14,110 | INFO | hilo.cauchy-kernel : Calculating Cauchy distribution (location: -0.09458447992801666, scale 1.1405360698699951)
2024-03-01 04:43:14,111 | INFO | hilo.cauchy-kernel : TOP-LEFT:
tensor([[0.3276, 0.1717, 0.0754],
        [0.1717, 0.0754, 0.0394],
        [0.0754, 0.0394, 0.0238]])
2024-03-01 04:43:14,111 | INFO | hilo.kernel-accessor : Fetching kernel: cauchy
2024-03-01 04:43:14,111 | INFO | hilo.cauchy-kernel : Calculating Cauchy distribution (location: -0.02303381636738777, scale 1.1573644876480103)
2024-03-01 04:43:14,112 | INFO | hilo.cauchy-kernel : BOTTOM-LEFT:
tensor([[0.0772, 0.0400, 0.0239],
        [0.1757, 0.0772, 0.0400],
        [0.3129, 0.1757, 0.0772]])
2024-03-01 04:43:14,112 | INFO | hilo.kernel-accessor : Fetching kernel: cauchy
2024-03-01 04:43:14,112 | INFO | hilo.cauchy-kernel : Calculating Cauchy distribution (location: -0.0614229217171669, scale 0.8842601776123047)
2024-03-01 04:43:14,113 | INFO | hilo.cauchy-kernel : TOP-RIGHT:
tensor([[0.0627, 0.1652, 0.4013],
        [0.0310, 0.0627, 0.1652],
        [0.0182, 0.0310, 0.0627]])
2024-03-01 04:43:14,113 | INFO | hilo.kernel-accessor : Fetching kernel: cauchy
2024-03-01 04:43:14,113 | INFO | hilo.cauchy-kernel : Calculating Cauchy distribution (location: -0.04765962064266205, scale 1.0133298635482788)
2024-03-01 04:43:14,114 | INFO | hilo.cauchy-kernel : BOTTOM-RIGHT:
tensor([[0.0210, 0.0354, 0.0699],
        [0.0354, 0.0699, 0.1718],
        [0.0699, 0.1718, 0.3547]])
2024-03-01 04:43:14,114 | INFO | hilo.kernel-accessor : Fetching kernel: cauchy
2024-03-01 04:43:14,114 | INFO | hilo.cauchy-kernel : Calculating Cauchy distribution (location: -0.1538659930229187, scale 1.048783779144287)
2024-03-01 04:43:14,115 | INFO | hilo.cauchy-kernel : TOP-LEFT:
tensor([[0.3602, 0.1665, 0.0705],
        [0.1665, 0.0705, 0.0366],
        [0.0705, 0.0366, 0.0221]])
2024-03-01 04:43:14,115 | INFO | hilo.kernel-accessor : Fetching kernel: cauchy
2024-03-01 04:43:14,116 | INFO | hilo.cauchy-kernel : Calculating Cauchy distribution (location: -0.16027218103408813, scale 1.0635470151901245)
2024-03-01 04:43:14,116 | INFO | hilo.cauchy-kernel : BOTTOM-RIGHT:
tensor([[0.0224, 0.0371, 0.0712],
        [0.0371, 0.0712, 0.1666],
        [0.0712, 0.1666, 0.3567]])
2024-03-01 04:44:34,655 | INFO | hilo : Epoch   2/200 | Accuracy:  41.7969 | Loss:   1.2508
2024-03-01 04:44:34,656 | INFO | hilo.kernel-accessor : Fetching kernel: cauchy
2024-03-01 04:44:34,656 | INFO | hilo.cauchy-kernel : Calculating Cauchy distribution (location: -0.010720495134592056, scale 0.7136292457580566)
2024-03-01 04:44:34,656 | INFO | hilo.cauchy-kernel : STATIC:
tensor([[0.4677, 0.1556, 0.0523],
        [0.1556, 0.0523, 0.0249],
        [0.0523, 0.0249, 0.0144]])
2024-03-01 04:44:34,657 | INFO | hilo.kernel-accessor : Fetching kernel: cauchy
2024-03-01 04:44:34,657 | INFO | hilo.cauchy-kernel : Calculating Cauchy distribution (location: -0.3678004741668701, scale 1.6156210899353027)
2024-03-01 04:44:34,657 | INFO | hilo.cauchy-kernel : BOTTOM-LEFT:
tensor([[0.0892, 0.0525, 0.0338],
        [0.1635, 0.0892, 0.0525],
        [0.2668, 0.1635, 0.0892]])
2024-03-01 04:44:34,657 | INFO | hilo.kernel-accessor : Fetching kernel: cauchy
2024-03-01 04:44:34,657 | INFO | hilo.cauchy-kernel : Calculating Cauchy distribution (location: -0.39360159635543823, scale 1.1967483758926392)
2024-03-01 04:44:34,657 | INFO | hilo.cauchy-kernel : STATIC:
tensor([[0.3416, 0.1607, 0.0757],
        [0.1607, 0.0757, 0.0419],
        [0.0757, 0.0419, 0.0261]])
2024-03-01 04:44:34,658 | INFO | hilo.kernel-accessor : Fetching kernel: cauchy
2024-03-01 04:44:34,658 | INFO | hilo.cauchy-kernel : Calculating Cauchy distribution (location: -0.013698439113795757, scale 1.0604920387268066)
2024-03-01 04:44:34,658 | INFO | hilo.cauchy-kernel : TOP-RIGHT:
tensor([[0.0728, 0.1752, 0.3353],
        [0.0370, 0.0728, 0.1752],
        [0.0219, 0.0370, 0.0728]])
2024-03-01 04:44:34,658 | INFO | hilo.kernel-accessor : Fetching kernel: cauchy
2024-03-01 04:44:34,658 | INFO | hilo.cauchy-kernel : Calculating Cauchy distribution (location: 0.08094067126512527, scale 1.1454546451568604)
2024-03-01 04:44:34,659 | INFO | hilo.cauchy-kernel : BOTTOM-LEFT:
tensor([[0.0785, 0.0399, 0.0235],
        [0.1819, 0.0785, 0.0399],
        [0.2974, 0.1819, 0.0785]])
2024-03-01 04:44:34,659 | INFO | hilo.kernel-accessor : Fetching kernel: cauchy
2024-03-01 04:44:34,659 | INFO | hilo.cauchy-kernel : Calculating Cauchy distribution (location: -0.030662935227155685, scale 0.8951150178909302)
2024-03-01 04:44:34,659 | INFO | hilo.cauchy-kernel : TOP-RIGHT:
tensor([[0.0637, 0.1683, 0.3910],
        [0.0314, 0.0637, 0.1683],
        [0.0184, 0.0314, 0.0637]])
2024-03-01 04:44:34,659 | INFO | hilo.kernel-accessor : Fetching kernel: cauchy
2024-03-01 04:44:34,659 | INFO | hilo.cauchy-kernel : Calculating Cauchy distribution (location: -0.16554619371891022, scale 0.9814562201499939)
2024-03-01 04:44:34,660 | INFO | hilo.cauchy-kernel : STATIC:
tensor([[0.3826, 0.1633, 0.0671],
        [0.1633, 0.0671, 0.0345],
        [0.0671, 0.0345, 0.0207]])
2024-03-01 04:44:34,660 | INFO | hilo.kernel-accessor : Fetching kernel: cauchy
2024-03-01 04:44:34,660 | INFO | hilo.cauchy-kernel : Calculating Cauchy distribution (location: -0.15573783218860626, scale 0.9486782550811768)
2024-03-01 04:44:34,660 | INFO | hilo.cauchy-kernel : STATIC:
tensor([[0.3925, 0.1623, 0.0654],
        [0.1623, 0.0654, 0.0334],
        [0.0654, 0.0334, 0.0200]])
2024-03-01 04:44:34,660 | INFO | hilo.kernel-accessor : Fetching kernel: cauchy
2024-03-01 04:44:34,660 | INFO | hilo.cauchy-kernel : Calculating Cauchy distribution (location: -0.06057848781347275, scale 0.986652135848999)
2024-03-01 04:44:34,661 | INFO | hilo.cauchy-kernel : STATIC:
tensor([[0.3652, 0.1701, 0.0684],
        [0.1701, 0.0684, 0.0345],
        [0.0684, 0.0345, 0.0204]])
2024-03-01 04:44:34,661 | INFO | hilo.kernel-accessor : Fetching kernel: cauchy
2024-03-01 04:44:34,661 | INFO | hilo.cauchy-kernel : Calculating Cauchy distribution (location: -0.15637922286987305, scale 0.8710420727729797)
2024-03-01 04:44:34,661 | INFO | hilo.cauchy-kernel : BOTTOM-LEFT:
tensor([[0.0611, 0.0308, 0.0183],
        [0.1576, 0.0611, 0.0308],
        [0.4217, 0.1576, 0.0611]])
2024-03-01 04:44:34,661 | INFO | hilo.kernel-accessor : Fetching kernel: cauchy
2024-03-01 04:44:34,661 | INFO | hilo.cauchy-kernel : Calculating Cauchy distribution (location: -0.1987627148628235, scale 0.9543863534927368)
2024-03-01 04:44:34,662 | INFO | hilo.cauchy-kernel : BOTTOM-RIGHT:
tensor([[0.0203, 0.0337, 0.0654],
        [0.0337, 0.0654, 0.1601],
        [0.0654, 0.1601, 0.3956]])
2024-03-01 04:44:34,662 | INFO | hilo.kernel-accessor : Fetching kernel: cauchy
2024-03-01 04:44:34,662 | INFO | hilo.cauchy-kernel : Calculating Cauchy distribution (location: -0.12117330729961395, scale 0.9716320037841797)
2024-03-01 04:44:34,662 | INFO | hilo.cauchy-kernel : TOP-RIGHT:
tensor([[0.0669, 0.1655, 0.3799],
        [0.0341, 0.0669, 0.1655],
        [0.0203, 0.0341, 0.0669]])
2024-03-01 04:44:34,662 | INFO | hilo.kernel-accessor : Fetching kernel: cauchy
2024-03-01 04:44:34,662 | INFO | hilo.cauchy-kernel : Calculating Cauchy distribution (location: -0.04983076453208923, scale 1.033285140991211)
2024-03-01 04:44:34,663 | INFO | hilo.cauchy-kernel : BOTTOM-LEFT:
tensor([[0.0709, 0.0360, 0.0214],
        [0.1722, 0.0709, 0.0360],
        [0.3492, 0.1722, 0.0709]])
2024-03-01 04:44:34,663 | INFO | hilo.kernel-accessor : Fetching kernel: cauchy
2024-03-01 04:44:34,663 | INFO | hilo.cauchy-kernel : Calculating Cauchy distribution (location: -0.043954938650131226, scale 0.8242455720901489)
2024-03-01 04:44:34,663 | INFO | hilo.cauchy-kernel : BOTTOM-RIGHT:
tensor([[0.0169, 0.0289, 0.0592],
        [0.0289, 0.0592, 0.1626],
        [0.0592, 0.1626, 0.4223]])
2024-03-01 04:44:34,663 | INFO | hilo.kernel-accessor : Fetching kernel: cauchy
2024-03-01 04:44:34,663 | INFO | hilo.cauchy-kernel : Calculating Cauchy distribution (location: -0.03398686274886131, scale 0.9762707352638245)
2024-03-01 04:44:34,664 | INFO | hilo.cauchy-kernel : BOTTOM-RIGHT:
tensor([[0.0201, 0.0342, 0.0682],
        [0.0342, 0.0682, 0.1716],
        [0.0682, 0.1716, 0.3637]])
2024-03-01 04:44:34,664 | INFO | hilo.kernel-accessor : Fetching kernel: cauchy
2024-03-01 04:44:34,664 | INFO | hilo.cauchy-kernel : Calculating Cauchy distribution (location: -0.10344690829515457, scale 0.9925873279571533)
2024-03-01 04:44:34,664 | INFO | hilo.cauchy-kernel : BOTTOM-LEFT:
tensor([[0.0682, 0.0347, 0.0207],
        [0.1674, 0.0682, 0.0347],
        [0.3704, 0.1674, 0.0682]])
2024-03-01 04:44:34,664 | INFO | hilo.kernel-accessor : Fetching kernel: cauchy
2024-03-01 04:44:34,664 | INFO | hilo.cauchy-kernel : Calculating Cauchy distribution (location: -0.15460899472236633, scale 1.0313290357589722)
2024-03-01 04:44:34,665 | INFO | hilo.cauchy-kernel : TOP-LEFT:
tensor([[0.3655, 0.1658, 0.0697],
        [0.1658, 0.0697, 0.0361],
        [0.0697, 0.0361, 0.0217]])
2024-03-01 04:45:55,183 | INFO | hilo : Epoch   3/200 | Accuracy:  53.1250 | Loss:   1.5594
2024-03-01 04:45:55,183 | INFO | hilo.kernel-accessor : Fetching kernel: cauchy
2024-03-01 04:45:55,184 | INFO | hilo.cauchy-kernel : Calculating Cauchy distribution (location: -0.0010488536208868027, scale 0.676132082939148)
2024-03-01 04:45:55,184 | INFO | hilo.cauchy-kernel : TOP-RIGHT:
tensor([[0.0498, 0.1522, 0.4858],
        [0.0235, 0.0498, 0.1522],
        [0.0135, 0.0235, 0.0498]])
2024-03-01 04:45:55,185 | INFO | hilo.kernel-accessor : Fetching kernel: cauchy
2024-03-01 04:45:55,185 | INFO | hilo.cauchy-kernel : Calculating Cauchy distribution (location: -0.5915379524230957, scale 1.7155168056488037)
2024-03-01 04:45:55,185 | INFO | hilo.cauchy-kernel : TOP-RIGHT:
tensor([[0.0902, 0.1592, 0.2647],
        [0.0550, 0.0902, 0.1592],
        [0.0363, 0.0550, 0.0902]])
2024-03-01 04:45:55,185 | INFO | hilo.kernel-accessor : Fetching kernel: cauchy
2024-03-01 04:45:55,186 | INFO | hilo.cauchy-kernel : Calculating Cauchy distribution (location: -0.46070653200149536, scale 1.050642967224121)
2024-03-01 04:45:55,186 | INFO | hilo.cauchy-kernel : STATIC:
tensor([[0.3805, 0.1547, 0.0699],
        [0.1547, 0.0699, 0.0383],
        [0.0699, 0.0383, 0.0238]])
2024-03-01 04:45:55,186 | INFO | hilo.kernel-accessor : Fetching kernel: cauchy
2024-03-01 04:45:55,186 | INFO | hilo.cauchy-kernel : Calculating Cauchy distribution (location: -0.09207921475172043, scale 0.8644296526908875)
2024-03-01 04:45:55,187 | INFO | hilo.cauchy-kernel : STATIC:
tensor([[0.4147, 0.1616, 0.0612],
        [0.1616, 0.0612, 0.0304],
        [0.0612, 0.0304, 0.0179]])
2024-03-01 04:45:55,187 | INFO | hilo.kernel-accessor : Fetching kernel: cauchy
2024-03-01 04:45:55,187 | INFO | hilo.cauchy-kernel : Calculating Cauchy distribution (location: -0.019278308376669884, scale 0.8338603377342224)
2024-03-01 04:45:55,188 | INFO | hilo.cauchy-kernel : STATIC:
tensor([[0.4128, 0.1656, 0.0602],
        [0.1656, 0.0602, 0.0293],
        [0.0602, 0.0293, 0.0170]])
2024-03-01 04:45:55,188 | INFO | hilo.kernel-accessor : Fetching kernel: cauchy
2024-03-01 04:45:55,188 | INFO | hilo.cauchy-kernel : Calculating Cauchy distribution (location: -0.06629829853773117, scale 0.6890429854393005)
2024-03-01 04:45:55,188 | INFO | hilo.cauchy-kernel : STATIC:
tensor([[0.4944, 0.1470, 0.0499],
        [0.1470, 0.0499, 0.0240],
        [0.0499, 0.0240, 0.0139]])
2024-03-01 04:45:55,188 | INFO | hilo.kernel-accessor : Fetching kernel: cauchy
2024-03-01 04:45:55,189 | INFO | hilo.cauchy-kernel : Calculating Cauchy distribution (location: -0.1467166244983673, scale 0.7555966377258301)
2024-03-01 04:45:55,189 | INFO | hilo.cauchy-kernel : TOP-RIGHT:
tensor([[0.0540, 0.1483, 0.4722],
        [0.0267, 0.0540, 0.1483],
        [0.0157, 0.0267, 0.0540]])
2024-03-01 04:45:55,189 | INFO | hilo.kernel-accessor : Fetching kernel: cauchy
2024-03-01 04:45:55,189 | INFO | hilo.cauchy-kernel : Calculating Cauchy distribution (location: -0.17679345607757568, scale 0.7374664545059204)
2024-03-01 04:45:55,190 | INFO | hilo.cauchy-kernel : BOTTOM-RIGHT:
tensor([[0.0155, 0.0262, 0.0528],
        [0.0262, 0.0528, 0.1445],
        [0.0528, 0.1445, 0.4847]])
2024-03-01 04:45:55,190 | INFO | hilo.kernel-accessor : Fetching kernel: cauchy
2024-03-01 04:45:55,190 | INFO | hilo.cauchy-kernel : Calculating Cauchy distribution (location: -0.09933146834373474, scale 0.777565598487854)
2024-03-01 04:45:55,191 | INFO | hilo.cauchy-kernel : TOP-RIGHT:
tensor([[0.0557, 0.1540, 0.4543],
        [0.0273, 0.0557, 0.1540],
        [0.0160, 0.0273, 0.0557]])
2024-03-01 04:45:55,191 | INFO | hilo.kernel-accessor : Fetching kernel: cauchy
2024-03-01 04:45:55,191 | INFO | hilo.cauchy-kernel : Calculating Cauchy distribution (location: -0.1498318463563919, scale 0.7250697612762451)
2024-03-01 04:45:55,191 | INFO | hilo.cauchy-kernel : BOTTOM-LEFT:
tensor([[0.0520, 0.0256, 0.0151],
        [0.1448, 0.0520, 0.0256],
        [0.4881, 0.1448, 0.0520]])
2024-03-01 04:45:55,192 | INFO | hilo.kernel-accessor : Fetching kernel: cauchy
2024-03-01 04:45:55,192 | INFO | hilo.cauchy-kernel : Calculating Cauchy distribution (location: -0.1808374524116516, scale 0.8193116784095764)
2024-03-01 04:45:55,192 | INFO | hilo.cauchy-kernel : TOP-RIGHT:
tensor([[0.0579, 0.1521, 0.4464],
        [0.0291, 0.0579, 0.1521],
        [0.0173, 0.0291, 0.0579]])
2024-03-01 04:45:55,192 | INFO | hilo.kernel-accessor : Fetching kernel: cauchy
2024-03-01 04:45:55,193 | INFO | hilo.cauchy-kernel : Calculating Cauchy distribution (location: -0.11929906904697418, scale 0.8573969006538391)
2024-03-01 04:45:55,193 | INFO | hilo.cauchy-kernel : TOP-LEFT:
tensor([[0.4220, 0.1591, 0.0605],
        [0.1591, 0.0605, 0.0302],
        [0.0605, 0.0302, 0.0179]])
2024-03-01 04:45:55,193 | INFO | hilo.kernel-accessor : Fetching kernel: cauchy
2024-03-01 04:45:55,193 | INFO | hilo.cauchy-kernel : Calculating Cauchy distribution (location: -0.054543666541576385, scale 0.8827671408653259)
2024-03-01 04:45:55,194 | INFO | hilo.cauchy-kernel : STATIC:
tensor([[0.4005, 0.1657, 0.0627],
        [0.1657, 0.0627, 0.0310],
        [0.0627, 0.0310, 0.0182]])
2024-03-01 04:45:55,194 | INFO | hilo.kernel-accessor : Fetching kernel: cauchy
2024-03-01 04:45:55,194 | INFO | hilo.cauchy-kernel : Calculating Cauchy distribution (location: -0.0905800387263298, scale 0.6756540536880493)
2024-03-01 04:45:55,195 | INFO | hilo.cauchy-kernel : TOP-LEFT:
tensor([[0.5067, 0.1431, 0.0488],
        [0.1431, 0.0488, 0.0235],
        [0.0488, 0.0235, 0.0137]])
2024-03-01 04:45:55,195 | INFO | hilo.kernel-accessor : Fetching kernel: cauchy
2024-03-01 04:45:55,195 | INFO | hilo.cauchy-kernel : Calculating Cauchy distribution (location: -0.024180512875318527, scale 0.6944817900657654)
2024-03-01 04:45:55,196 | INFO | hilo.cauchy-kernel : BOTTOM-LEFT:
tensor([[0.0508, 0.0242, 0.0139],
        [0.1519, 0.0508, 0.0242],
        [0.4816, 0.1519, 0.0508]])
2024-03-01 04:45:55,196 | INFO | hilo.kernel-accessor : Fetching kernel: cauchy
2024-03-01 04:45:55,196 | INFO | hilo.cauchy-kernel : Calculating Cauchy distribution (location: -0.060425229370594025, scale 0.7220181822776794)
2024-03-01 04:45:55,197 | INFO | hilo.cauchy-kernel : TOP-RIGHT:
tensor([[0.0523, 0.1515, 0.4750],
        [0.0252, 0.0523, 0.1515],
        [0.0147, 0.0252, 0.0523]])
2024-03-01 04:45:55,197 | INFO | hilo.kernel-accessor : Fetching kernel: cauchy
2024-03-01 04:45:55,197 | INFO | hilo.cauchy-kernel : Calculating Cauchy distribution (location: -0.006856010295450687, scale 0.7921950817108154)
2024-03-01 04:45:55,197 | INFO | hilo.cauchy-kernel : BOTTOM-RIGHT:
tensor([[0.0161, 0.0278, 0.0577],
        [0.0278, 0.0577, 0.1636],
        [0.0577, 0.1636, 0.4280]])
2024-03-01 04:47:15,775 | INFO | hilo : Epoch   4/200 | Accuracy:  51.5625 | Loss:   1.5036
2024-03-01 04:47:15,775 | INFO | hilo.kernel-accessor : Fetching kernel: cauchy
2024-03-01 04:47:15,776 | INFO | hilo.cauchy-kernel : Calculating Cauchy distribution (location: -0.004613191820681095, scale 0.6918652057647705)
2024-03-01 04:47:15,777 | INFO | hilo.cauchy-kernel : TOP-RIGHT:
tensor([[0.0509, 0.1538, 0.4779],
        [0.0241, 0.0509, 0.1538],
        [0.0139, 0.0241, 0.0509]])
2024-03-01 04:47:15,777 | INFO | hilo.kernel-accessor : Fetching kernel: cauchy
2024-03-01 04:47:15,777 | INFO | hilo.cauchy-kernel : Calculating Cauchy distribution (location: -0.6480553150177002, scale 1.8694959878921509)
2024-03-01 04:47:15,778 | INFO | hilo.cauchy-kernel : BOTTOM-RIGHT:
tensor([[0.0390, 0.0582, 0.0931],
        [0.0582, 0.0931, 0.1576],
        [0.0931, 0.1576, 0.2500]])
2024-03-01 04:47:15,778 | INFO | hilo.kernel-accessor : Fetching kernel: cauchy
2024-03-01 04:47:15,778 | INFO | hilo.cauchy-kernel : Calculating Cauchy distribution (location: -0.4750177562236786, scale 1.1201094388961792)
2024-03-01 04:47:15,779 | INFO | hilo.cauchy-kernel : BOTTOM-LEFT:
tensor([[0.0728, 0.0403, 0.0252],
        [0.1566, 0.0728, 0.0403],
        [0.3628, 0.1566, 0.0728]])
2024-03-01 04:47:15,779 | INFO | hilo.kernel-accessor : Fetching kernel: cauchy
2024-03-01 04:47:15,779 | INFO | hilo.cauchy-kernel : Calculating Cauchy distribution (location: -0.1994817852973938, scale 0.8840851783752441)
2024-03-01 04:47:15,780 | INFO | hilo.cauchy-kernel : TOP-LEFT:
tensor([[0.4216, 0.1560, 0.0616],
        [0.1560, 0.0616, 0.0314],
        [0.0616, 0.0314, 0.0188]])
2024-03-01 04:47:15,780 | INFO | hilo.kernel-accessor : Fetching kernel: cauchy
2024-03-01 04:47:15,780 | INFO | hilo.cauchy-kernel : Calculating Cauchy distribution (location: -0.09277232736349106, scale 0.8274603486061096)
2024-03-01 04:47:15,781 | INFO | hilo.cauchy-kernel : TOP-RIGHT:
tensor([[0.0589, 0.1588, 0.4303],
        [0.0291, 0.0589, 0.1588],
        [0.0171, 0.0291, 0.0589]])
2024-03-01 04:47:15,781 | INFO | hilo.kernel-accessor : Fetching kernel: cauchy
2024-03-01 04:47:15,781 | INFO | hilo.cauchy-kernel : Calculating Cauchy distribution (location: -0.04404778778553009, scale 0.6514111757278442)
2024-03-01 04:47:15,782 | INFO | hilo.cauchy-kernel : BOTTOM-RIGHT:
tensor([[0.0130, 0.0225, 0.0474],
        [0.0225, 0.0474, 0.1440],
        [0.0474, 0.1440, 0.5117]])
2024-03-01 04:47:15,782 | INFO | hilo.kernel-accessor : Fetching kernel: cauchy
2024-03-01 04:47:15,782 | INFO | hilo.cauchy-kernel : Calculating Cauchy distribution (location: -0.1556917428970337, scale 0.6369298100471497)
2024-03-01 04:47:15,783 | INFO | hilo.cauchy-kernel : BOTTOM-LEFT:
tensor([[0.0458, 0.0223, 0.0131],
        [0.1330, 0.0458, 0.0223],
        [0.5387, 0.1330, 0.0458]])
2024-03-01 04:47:15,783 | INFO | hilo.kernel-accessor : Fetching kernel: cauchy
2024-03-01 04:47:15,784 | INFO | hilo.cauchy-kernel : Calculating Cauchy distribution (location: -0.12948501110076904, scale 0.5588830709457397)
2024-03-01 04:47:15,784 | INFO | hilo.cauchy-kernel : BOTTOM-LEFT:
tensor([[0.0399, 0.0191, 0.0111],
        [0.1217, 0.0399, 0.0191],
        [0.5875, 0.1217, 0.0399]])
2024-03-01 04:47:15,784 | INFO | hilo.kernel-accessor : Fetching kernel: cauchy
2024-03-01 04:47:15,785 | INFO | hilo.cauchy-kernel : Calculating Cauchy distribution (location: -0.08201231062412262, scale 0.5536467432975769)
2024-03-01 04:47:15,785 | INFO | hilo.cauchy-kernel : BOTTOM-RIGHT:
tensor([[0.0108, 0.0187, 0.0395],
        [0.0187, 0.0395, 0.1241],
        [0.0395, 0.1241, 0.5852]])
2024-03-01 04:47:15,786 | INFO | hilo.kernel-accessor : Fetching kernel: cauchy
2024-03-01 04:47:15,786 | INFO | hilo.cauchy-kernel : Calculating Cauchy distribution (location: -0.1181713342666626, scale 0.5193040370941162)
2024-03-01 04:47:15,787 | INFO | hilo.cauchy-kernel : STATIC:
tensor([[0.6153, 0.1148, 0.0367],
        [0.1148, 0.0367, 0.0175],
        [0.0367, 0.0175, 0.0101]])
2024-03-01 04:47:15,787 | INFO | hilo.kernel-accessor : Fetching kernel: cauchy
2024-03-01 04:47:15,787 | INFO | hilo.cauchy-kernel : Calculating Cauchy distribution (location: -0.05913274735212326, scale 0.5602322220802307)
2024-03-01 04:47:15,788 | INFO | hilo.cauchy-kernel : TOP-RIGHT:
tensor([[0.0402, 0.1274, 0.5761],
        [0.0189, 0.0402, 0.1274],
        [0.0109, 0.0189, 0.0402]])
2024-03-01 04:47:15,788 | INFO | hilo.kernel-accessor : Fetching kernel: cauchy
2024-03-01 04:47:15,788 | INFO | hilo.cauchy-kernel : Calculating Cauchy distribution (location: 0.022213947027921677, scale 0.5558688640594482)
2024-03-01 04:47:15,789 | INFO | hilo.cauchy-kernel : BOTTOM-RIGHT:
tensor([[0.0107, 0.0188, 0.0408],
        [0.0188, 0.0408, 0.1362],
        [0.0408, 0.1362, 0.5568]])
2024-03-01 04:47:15,789 | INFO | hilo.kernel-accessor : Fetching kernel: cauchy
2024-03-01 04:47:15,789 | INFO | hilo.cauchy-kernel : Calculating Cauchy distribution (location: 0.06488046050071716, scale 0.5958204865455627)
2024-03-01 04:47:15,790 | INFO | hilo.cauchy-kernel : TOP-LEFT:
tensor([[0.5128, 0.1498, 0.0449],
        [0.1498, 0.0449, 0.0205],
        [0.0449, 0.0205, 0.0116]])
2024-03-01 04:47:15,790 | INFO | hilo.kernel-accessor : Fetching kernel: cauchy
2024-03-01 04:47:15,790 | INFO | hilo.cauchy-kernel : Calculating Cauchy distribution (location: 0.03096909075975418, scale 0.4619811475276947)
2024-03-01 04:47:15,791 | INFO | hilo.cauchy-kernel : TOP-LEFT:
tensor([[0.6289, 0.1170, 0.0330],
        [0.1170, 0.0330, 0.0149],
        [0.0330, 0.0149, 0.0084]])
2024-03-01 04:47:15,791 | INFO | hilo.kernel-accessor : Fetching kernel: cauchy
2024-03-01 04:47:15,791 | INFO | hilo.cauchy-kernel : Calculating Cauchy distribution (location: 0.018469732254743576, scale 0.4923316240310669)
2024-03-01 04:47:15,792 | INFO | hilo.cauchy-kernel : STATIC:
tensor([[0.6077, 0.1223, 0.0354],
        [0.1223, 0.0354, 0.0162],
        [0.0354, 0.0162, 0.0092]])
2024-03-01 04:47:15,792 | INFO | hilo.kernel-accessor : Fetching kernel: cauchy
2024-03-01 04:47:15,792 | INFO | hilo.cauchy-kernel : Calculating Cauchy distribution (location: -0.03448149934411049, scale 0.52492755651474)
2024-03-01 04:47:15,793 | INFO | hilo.cauchy-kernel : BOTTOM-LEFT:
tensor([[0.0374, 0.0174, 0.0100],
        [0.1228, 0.0374, 0.0174],
        [0.5972, 0.1228, 0.0374]])
2024-03-01 04:47:15,793 | INFO | hilo.kernel-accessor : Fetching kernel: cauchy
2024-03-01 04:47:15,793 | INFO | hilo.cauchy-kernel : Calculating Cauchy distribution (location: 0.027575744315981865, scale 0.6225481033325195)
2024-03-01 04:47:15,794 | INFO | hilo.cauchy-kernel : STATIC:
tensor([[0.5094, 0.1484, 0.0462],
        [0.1484, 0.0462, 0.0214],
        [0.0462, 0.0214, 0.0122]])
2024-03-01 04:48:36,395 | INFO | hilo : Epoch   5/200 | Accuracy:  50.7812 | Loss:   1.2506
2024-03-01 04:48:36,395 | INFO | hilo.kernel-accessor : Fetching kernel: cauchy
2024-03-01 04:48:36,396 | INFO | hilo.cauchy-kernel : Calculating Cauchy distribution (location: -0.03044402413070202, scale 0.6765247583389282)
2024-03-01 04:48:36,396 | INFO | hilo.cauchy-kernel : TOP-LEFT:
tensor([[0.4934, 0.1489, 0.0494],
        [0.1489, 0.0494, 0.0235],
        [0.0494, 0.0235, 0.0135]])
2024-03-01 04:48:36,396 | INFO | hilo.kernel-accessor : Fetching kernel: cauchy
2024-03-01 04:48:36,397 | INFO | hilo.cauchy-kernel : Calculating Cauchy distribution (location: -0.8077484369277954, scale 1.943715214729309)
2024-03-01 04:48:36,397 | INFO | hilo.cauchy-kernel : TOP-RIGHT:
tensor([[0.0939, 0.1554, 0.2471],
        [0.0599, 0.0939, 0.1554],
        [0.0407, 0.0599, 0.0939]])
2024-03-01 04:48:36,397 | INFO | hilo.kernel-accessor : Fetching kernel: cauchy
2024-03-01 04:48:36,397 | INFO | hilo.cauchy-kernel : Calculating Cauchy distribution (location: -0.5426286458969116, scale 1.033424735069275)
2024-03-01 04:48:36,397 | INFO | hilo.cauchy-kernel : TOP-RIGHT:
tensor([[0.0697, 0.1522, 0.3852],
        [0.0385, 0.0697, 0.1522],
        [0.0242, 0.0385, 0.0697]])
2024-03-01 04:48:36,398 | INFO | hilo.kernel-accessor : Fetching kernel: cauchy
2024-03-01 04:48:36,398 | INFO | hilo.cauchy-kernel : Calculating Cauchy distribution (location: -0.1819983720779419, scale 0.8558003306388855)
2024-03-01 04:48:36,398 | INFO | hilo.cauchy-kernel : BOTTOM-LEFT:
tensor([[0.0601, 0.0304, 0.0181],
        [0.1549, 0.0601, 0.0304],
        [0.4310, 0.1549, 0.0601]])
2024-03-01 04:48:36,398 | INFO | hilo.kernel-accessor : Fetching kernel: cauchy
2024-03-01 04:48:36,398 | INFO | hilo.cauchy-kernel : Calculating Cauchy distribution (location: -0.048793286085128784, scale 0.7893402576446533)
2024-03-01 04:48:36,398 | INFO | hilo.cauchy-kernel : TOP-LEFT:
tensor([[0.4390, 0.1593, 0.0570],
        [0.1593, 0.0570, 0.0277],
        [0.0570, 0.0277, 0.0161]])
2024-03-01 04:48:36,399 | INFO | hilo.kernel-accessor : Fetching kernel: cauchy
2024-03-01 04:48:36,399 | INFO | hilo.cauchy-kernel : Calculating Cauchy distribution (location: 0.0061445035971701145, scale 0.6431806087493896)
2024-03-01 04:48:36,399 | INFO | hilo.cauchy-kernel : TOP-RIGHT:
tensor([[0.0474, 0.1486, 0.5033],
        [0.0222, 0.0474, 0.1486],
        [0.0127, 0.0222, 0.0474]])
2024-03-01 04:48:36,399 | INFO | hilo.kernel-accessor : Fetching kernel: cauchy
2024-03-01 04:48:36,399 | INFO | hilo.cauchy-kernel : Calculating Cauchy distribution (location: -0.07743294537067413, scale 0.6955989003181458)
2024-03-01 04:48:36,400 | INFO | hilo.cauchy-kernel : BOTTOM-LEFT:
tensor([[0.0503, 0.0243, 0.0141],
        [0.1468, 0.0503, 0.0243],
        [0.4929, 0.1468, 0.0503]])
2024-03-01 04:48:36,400 | INFO | hilo.kernel-accessor : Fetching kernel: cauchy
2024-03-01 04:48:36,400 | INFO | hilo.cauchy-kernel : Calculating Cauchy distribution (location: -0.08097328990697861, scale 0.6025000810623169)
2024-03-01 04:48:36,400 | INFO | hilo.cauchy-kernel : TOP-LEFT:
tensor([[0.5508, 0.1329, 0.0434],
        [0.1329, 0.0434, 0.0207],
        [0.0434, 0.0207, 0.0120]])
2024-03-01 04:48:36,400 | INFO | hilo.kernel-accessor : Fetching kernel: cauchy
2024-03-01 04:48:36,400 | INFO | hilo.cauchy-kernel : Calculating Cauchy distribution (location: -0.05964598059654236, scale 0.5793588757514954)
2024-03-01 04:48:36,401 | INFO | hilo.cauchy-kernel : STATIC:
tensor([[0.5626, 0.1308, 0.0417],
        [0.1308, 0.0417, 0.0197],
        [0.0417, 0.0197, 0.0113]])
2024-03-01 04:48:36,401 | INFO | hilo.kernel-accessor : Fetching kernel: cauchy
2024-03-01 04:48:36,401 | INFO | hilo.cauchy-kernel : Calculating Cauchy distribution (location: -0.10651350766420364, scale 0.4901898503303528)
2024-03-01 04:48:36,401 | INFO | hilo.cauchy-kernel : BOTTOM-LEFT:
tensor([[0.0343, 0.0162, 0.0094],
        [0.1094, 0.0343, 0.0162],
        [0.6367, 0.1094, 0.0343]])
2024-03-01 04:48:36,401 | INFO | hilo.kernel-accessor : Fetching kernel: cauchy
2024-03-01 04:48:36,401 | INFO | hilo.cauchy-kernel : Calculating Cauchy distribution (location: -0.02270754799246788, scale 0.4715910255908966)
2024-03-01 04:48:36,402 | INFO | hilo.cauchy-kernel : BOTTOM-RIGHT:
tensor([[0.0087, 0.0152, 0.0330],
        [0.0152, 0.0330, 0.1121],
        [0.0330, 0.1121, 0.6379]])
2024-03-01 04:48:36,402 | INFO | hilo.kernel-accessor : Fetching kernel: cauchy
2024-03-01 04:48:36,402 | INFO | hilo.cauchy-kernel : Calculating Cauchy distribution (location: 0.03678432106971741, scale 0.4740963876247406)
2024-03-01 04:48:36,402 | INFO | hilo.cauchy-kernel : BOTTOM-RIGHT:
tensor([[0.0087, 0.0155, 0.0342],
        [0.0155, 0.0342, 0.1209],
        [0.0342, 0.1209, 0.6161]])
