2023-10-25 08:05:40,080 | INFO | hi-lo : 
+=========================================================================+
|  ______     ______   ______    ___         ___        ______   _______  |
| /| ___ \  // ____ \ /| ___ \  /| |        /| |      // ____ \ /| ___  \ |
| /| |//\ \ /| |//| | /| |//\ \ /| |        /| |      /| |//| | /| |//| | |
| /| | /| | /| ____ | /| | /| | /| |        /| |      /| ____ | /| ___  / |
| /| |_// / /| |//| | /| |_// / /| |____    /| |____  /| |//| | /| |//\ \ |
| /|_____/  /|_| /|_| /|_____/  /|______|   /|______| /|_| /|_| /|______/ |
| ///////   ///  ///  //////    ////////    ////////  ///  ///  ////////  |
+=========================================================================+
|                  Hi-Lo Resolution Image Classification                  |
|                  -------------------------------------                  |
|                            Gabriel C. Trahan                            |
|                               Sahan Ahmad                               |
|                            MD  Aminual Islam                            |
+=========================================================================+
| MODEL:                      normal | LR:                            0.1 |
| DISTRO:                     gumbel | KERNEL TYPE:                     1 |
| DATASET:                  imagenet | BATCH SIZE:                     64 |
+=========================================================================+
2023-10-25 08:05:40,081 | INFO | hi-lo : Output directory: output/gumbel//1/normal/imagenet/20231025_080540
2023-10-25 08:05:40,081 | INFO | hi-lo.dataset-accessor : Fetching dataset: imagenet
2023-10-25 08:05:40,081 | INFO | hi-lo.imagenet-dataset : Initializing transform.
2023-10-25 08:05:40,081 | INFO | hi-lo.imagenet-dataset : Verifying/downloading train data.
2023-10-25 08:05:43,174 | INFO | hi-lo.imagenet-dataset : Verifying/downloading test data.
2023-10-25 08:05:43,207 | INFO | hi-lo.imagenet-dataset : Creating train data loader.
2023-10-25 08:05:43,207 | INFO | hi-lo.imagenet-dataset : Creating test data loader.
2023-10-25 08:05:44,221 | INFO | hi-lo : Using device: NVIDIA GeForce GTX 1060 6GB
2023-10-25 08:05:44,221 | INFO | hi-lo : Commencing training phase...
2023-10-25 08:05:44,222 | INFO | hi-lo : BEGIN EPOCH 1 =========================================================================
2023-10-25 08:05:44,222 | INFO | hi-lo.kernel-accessor : Fetching kernel: gumbel
2023-10-25 08:05:44,222 | INFO | hi-lo.gumbel-kernel : MU (LOCATION): 0.0 | BETA (SCALE): 1.0
2023-10-25 08:05:44,223 | INFO | hi-lo.gumbel-kernel : TOP-LEFT
tensor([[8.8288e-01, 5.8259e-02, 2.0072e-04],
        [5.8259e-02, 2.0072e-04, 2.2609e-10],
        [2.0072e-04, 2.2609e-10, 8.5377e-26]])
2023-10-25 08:05:44,223 | INFO | hi-lo.kernel-accessor : Fetching kernel: gumbel
2023-10-25 08:05:44,223 | INFO | hi-lo.gumbel-kernel : MU (LOCATION): 0.0 | BETA (SCALE): 1.0
2023-10-25 08:05:44,223 | INFO | hi-lo.gumbel-kernel : BOTTOM-RIGHT
tensor([[8.5377e-26, 2.2609e-10, 2.0072e-04],
        [2.2609e-10, 2.0072e-04, 5.8259e-02],
        [2.0072e-04, 5.8259e-02, 8.8288e-01]])
2023-10-25 08:05:44,224 | INFO | hi-lo.kernel-accessor : Fetching kernel: gumbel
2023-10-25 08:05:44,224 | INFO | hi-lo.gumbel-kernel : MU (LOCATION): 0.0 | BETA (SCALE): 1.0
2023-10-25 08:05:44,224 | INFO | hi-lo.gumbel-kernel : BOTTOM-RIGHT
tensor([[8.5377e-26, 2.2609e-10, 2.0072e-04],
        [2.2609e-10, 2.0072e-04, 5.8259e-02],
        [2.0072e-04, 5.8259e-02, 8.8288e-01]])
2023-10-25 08:05:44,224 | INFO | hi-lo.kernel-accessor : Fetching kernel: gumbel
2023-10-25 08:05:44,224 | INFO | hi-lo.gumbel-kernel : MU (LOCATION): 0.0 | BETA (SCALE): 1.0
2023-10-25 08:05:44,225 | INFO | hi-lo.gumbel-kernel : TOP-LEFT
tensor([[8.8288e-01, 5.8259e-02, 2.0072e-04],
        [5.8259e-02, 2.0072e-04, 2.2609e-10],
        [2.0072e-04, 2.2609e-10, 8.5377e-26]])
2023-10-25 08:06:09,175 | INFO | hi-lo : END EPOCH:   1 | ACCURACY: 2.34 | LOSS: 4.404253959655762
2023-10-25 08:06:09,175 | INFO | hi-lo : BEGIN EPOCH 2 =========================================================================
2023-10-25 08:06:09,175 | INFO | hi-lo.kernel-accessor : Fetching kernel: gumbel
2023-10-25 08:06:09,176 | INFO | hi-lo.gumbel-kernel : MU (LOCATION): -0.025197690352797508 | BETA (SCALE): 0.5463259816169739
2023-10-25 08:06:09,177 | INFO | hi-lo.gumbel-kernel : BOTTOM-RIGHT
tensor([[0.0000e+00, 0.0000e+00, 2.3048e-20],
        [0.0000e+00, 2.3048e-20, 5.1369e-04],
        [2.3048e-20, 5.1369e-04, 9.9897e-01]])
2023-10-25 08:06:09,177 | INFO | hi-lo.kernel-accessor : Fetching kernel: gumbel
2023-10-25 08:06:09,178 | INFO | hi-lo.gumbel-kernel : MU (LOCATION): -0.3808201551437378 | BETA (SCALE): 0.6344761848449707
2023-10-25 08:06:09,178 | INFO | hi-lo.gumbel-kernel : BOTTOM-RIGHT
tensor([[0.0000e+00, 0.0000e+00, 2.1699e-34],
        [0.0000e+00, 2.1699e-34, 6.0519e-07],
        [2.1699e-34, 6.0519e-07, 1.0000e+00]])
2023-10-25 08:06:09,178 | INFO | hi-lo.kernel-accessor : Fetching kernel: gumbel
2023-10-25 08:06:09,179 | INFO | hi-lo.gumbel-kernel : MU (LOCATION): -0.6877210736274719 | BETA (SCALE): 0.9259065389633179
2023-10-25 08:06:09,179 | INFO | hi-lo.gumbel-kernel : BOTTOM-RIGHT
tensor([[0.0000e+00, 0.0000e+00, 2.2132e-16],
        [0.0000e+00, 2.2132e-16, 6.3118e-05],
        [2.2132e-16, 6.3118e-05, 9.9987e-01]])
2023-10-25 08:06:09,179 | INFO | hi-lo.kernel-accessor : Fetching kernel: gumbel
2023-10-25 08:06:09,180 | INFO | hi-lo.gumbel-kernel : MU (LOCATION): -0.47204291820526123 | BETA (SCALE): 0.7511409521102905
2023-10-25 08:06:09,180 | INFO | hi-lo.gumbel-kernel : TOP-LEFT
tensor([[9.9997e-01, 1.4777e-05, 3.1084e-22],
        [1.4777e-05, 3.1085e-22, 0.0000e+00],
        [3.1084e-22, 0.0000e+00, 0.0000e+00]])
2023-10-25 08:06:33,349 | INFO | hi-lo : END EPOCH:   2 | ACCURACY: 0.04 | LOSS: 4.193601608276367
2023-10-25 08:06:33,349 | INFO | hi-lo : BEGIN EPOCH 3 =========================================================================
2023-10-25 08:06:33,350 | INFO | hi-lo.kernel-accessor : Fetching kernel: gumbel
2023-10-25 08:06:33,350 | INFO | hi-lo.gumbel-kernel : MU (LOCATION): -0.14053547382354736 | BETA (SCALE): 0.5099270343780518
2023-10-25 08:06:33,351 | INFO | hi-lo.gumbel-kernel : BOTTOM-RIGHT
tensor([[0.0000e+00, 0.0000e+00, 9.6669e-40],
        [0.0000e+00, 9.6665e-40, 3.5147e-06],
        [9.6669e-40, 3.5147e-06, 9.9999e-01]])
2023-10-25 08:06:33,351 | INFO | hi-lo.kernel-accessor : Fetching kernel: gumbel
2023-10-25 08:06:33,352 | INFO | hi-lo.gumbel-kernel : MU (LOCATION): -0.6515973806381226 | BETA (SCALE): 0.8224188089370728
2023-10-25 08:06:33,352 | INFO | hi-lo.gumbel-kernel : BOTTOM-RIGHT
tensor([[0.0000e+00, 0.0000e+00, 9.0645e-24],
        [0.0000e+00, 9.0645e-24, 2.7837e-06],
        [9.0645e-24, 2.7837e-06, 9.9999e-01]])
2023-10-25 08:06:33,352 | INFO | hi-lo.kernel-accessor : Fetching kernel: gumbel
2023-10-25 08:06:33,353 | INFO | hi-lo.gumbel-kernel : MU (LOCATION): -1.1021301746368408 | BETA (SCALE): 1.3343561887741089
2023-10-25 08:06:33,353 | INFO | hi-lo.gumbel-kernel : TOP-LEFT
tensor([[9.9721e-01, 1.3972e-03, 2.9577e-09],
        [1.3972e-03, 2.9577e-09, 6.7379e-21],
        [2.9577e-09, 6.7379e-21, 0.0000e+00]])
2023-10-25 08:06:33,353 | INFO | hi-lo.kernel-accessor : Fetching kernel: gumbel
2023-10-25 08:06:33,354 | INFO | hi-lo.gumbel-kernel : MU (LOCATION): -0.9083861112594604 | BETA (SCALE): 1.1113035678863525
2023-10-25 08:06:33,354 | INFO | hi-lo.gumbel-kernel : BOTTOM-RIGHT
tensor([[0.0000e+00, 8.4899e-33, 9.4503e-13],
        [8.4899e-33, 9.4503e-13, 2.2852e-04],
        [9.4503e-13, 2.2852e-04, 9.9954e-01]])
2023-10-25 08:06:57,548 | INFO | hi-lo : END EPOCH:   3 | ACCURACY: 3.12 | LOSS: 4.148646354675293
2023-10-25 08:06:57,548 | INFO | hi-lo : BEGIN EPOCH 4 =========================================================================
2023-10-25 08:06:57,549 | INFO | hi-lo.kernel-accessor : Fetching kernel: gumbel
2023-10-25 08:06:57,549 | INFO | hi-lo.gumbel-kernel : MU (LOCATION): -0.10836045444011688 | BETA (SCALE): 0.5231108069419861
2023-10-25 08:06:57,550 | INFO | hi-lo.gumbel-kernel : TOP-LEFT
tensor([[9.9995e-01, 2.4068e-05, 8.4400e-32],
        [2.4068e-05, 8.4403e-32, 0.0000e+00],
        [8.4400e-32, 0.0000e+00, 0.0000e+00]])
2023-10-25 08:06:57,550 | INFO | hi-lo.kernel-accessor : Fetching kernel: gumbel
2023-10-25 08:06:57,551 | INFO | hi-lo.gumbel-kernel : MU (LOCATION): -0.783351719379425 | BETA (SCALE): 0.8555057644844055
2023-10-25 08:06:57,551 | INFO | hi-lo.gumbel-kernel : BOTTOM-RIGHT
tensor([[0.0000e+00, 0.0000e+00, 4.1198e-27],
        [0.0000e+00, 4.1198e-27, 3.0084e-07],
        [4.1198e-27, 3.0084e-07, 1.0000e+00]])
2023-10-25 08:06:57,551 | INFO | hi-lo.kernel-accessor : Fetching kernel: gumbel
2023-10-25 08:06:57,552 | INFO | hi-lo.gumbel-kernel : MU (LOCATION): -1.2409772872924805 | BETA (SCALE): 1.3696000576019287
2023-10-25 08:06:57,552 | INFO | hi-lo.gumbel-kernel : TOP-LEFT
tensor([[9.9867e-01, 6.6430e-04, 3.7135e-10],
        [6.6430e-04, 3.7135e-10, 8.5973e-23],
        [3.7135e-10, 8.5973e-23, 0.0000e+00]])
2023-10-25 08:06:57,552 | INFO | hi-lo.kernel-accessor : Fetching kernel: gumbel
2023-10-25 08:06:57,553 | INFO | hi-lo.gumbel-kernel : MU (LOCATION): -1.156425952911377 | BETA (SCALE): 1.261958122253418
2023-10-25 08:06:57,553 | INFO | hi-lo.gumbel-kernel : TOP-LEFT
tensor([[9.9953e-01, 2.3669e-04, 6.0557e-12],
        [2.3669e-04, 6.0557e-12, 2.6877e-28],
        [6.0557e-12, 2.6877e-28, 0.0000e+00]])
2023-10-25 08:07:21,808 | INFO | hi-lo : END EPOCH:   4 | ACCURACY: 1.56 | LOSS: 4.6948981285095215
2023-10-25 08:07:21,809 | INFO | hi-lo : BEGIN EPOCH 5 =========================================================================
2023-10-25 08:07:21,809 | INFO | hi-lo.kernel-accessor : Fetching kernel: gumbel
2023-10-25 08:07:21,810 | INFO | hi-lo.gumbel-kernel : MU (LOCATION): -0.15597473084926605 | BETA (SCALE): 0.44353923201560974
2023-10-25 08:07:21,810 | INFO | hi-lo.gumbel-kernel : BOTTOM-RIGHT
tensor([[0.0000e+00, 0.0000e+00, 0.0000e+00],
        [0.0000e+00, 0.0000e+00, 3.4261e-09],
        [0.0000e+00, 3.4261e-09, 1.0000e+00]])
2023-10-25 08:07:21,810 | INFO | hi-lo.kernel-accessor : Fetching kernel: gumbel
2023-10-25 08:07:21,811 | INFO | hi-lo.gumbel-kernel : MU (LOCATION): -0.8784492015838623 | BETA (SCALE): 0.9551143050193787
2023-10-25 08:07:21,812 | INFO | hi-lo.gumbel-kernel : BOTTOM-RIGHT
tensor([[0.0000e+00, 0.0000e+00, 4.3507e-21],
        [0.0000e+00, 4.3507e-21, 3.1017e-06],
        [4.3507e-21, 3.1017e-06, 9.9999e-01]])
2023-10-25 08:07:21,812 | INFO | hi-lo.kernel-accessor : Fetching kernel: gumbel
2023-10-25 08:07:21,812 | INFO | hi-lo.gumbel-kernel : MU (LOCATION): -1.270566463470459 | BETA (SCALE): 1.7694053649902344
2023-10-25 08:07:21,812 | INFO | hi-lo.gumbel-kernel : TOP-LEFT
tensor([[9.5535e-01, 2.2257e-02, 4.5794e-05],
        [2.2257e-02, 4.5794e-05, 1.3167e-09],
        [4.5794e-05, 1.3167e-09, 2.0629e-17]])
2023-10-25 08:07:21,813 | INFO | hi-lo.kernel-accessor : Fetching kernel: gumbel
2023-10-25 08:07:21,813 | INFO | hi-lo.gumbel-kernel : MU (LOCATION): -1.454932451248169 | BETA (SCALE): 1.530633568763733
2023-10-25 08:07:21,813 | INFO | hi-lo.gumbel-kernel : TOP-LEFT
tensor([[9.9783e-01, 1.0851e-03, 3.9933e-09],
        [1.0851e-03, 3.9933e-09, 2.6236e-19],
        [3.9933e-09, 2.6236e-19, 1.2910e-38]])
2023-10-25 08:07:46,128 | INFO | hi-lo : END EPOCH:   5 | ACCURACY: 5.62 | LOSS: 4.359487056732178
2023-10-25 08:07:46,128 | INFO | hi-lo : BEGIN EPOCH 6 =========================================================================
2023-10-25 08:07:46,128 | INFO | hi-lo.kernel-accessor : Fetching kernel: gumbel
2023-10-25 08:07:46,129 | INFO | hi-lo.gumbel-kernel : MU (LOCATION): -0.10209640115499496 | BETA (SCALE): 0.5171024799346924
2023-10-25 08:07:46,130 | INFO | hi-lo.gumbel-kernel : BOTTOM-RIGHT
tensor([[0.0000e+00, 0.0000e+00, 1.3580e-32],
        [0.0000e+00, 1.3579e-32, 2.2218e-05],
        [1.3580e-32, 2.2218e-05, 9.9996e-01]])
2023-10-25 08:07:46,130 | INFO | hi-lo.kernel-accessor : Fetching kernel: gumbel
2023-10-25 08:07:46,130 | INFO | hi-lo.gumbel-kernel : MU (LOCATION): -0.7553538084030151 | BETA (SCALE): 0.9244845509529114
2023-10-25 08:07:46,131 | INFO | hi-lo.gumbel-kernel : BOTTOM-RIGHT
tensor([[0.0000e+00, 0.0000e+00, 8.3486e-19],
        [0.0000e+00, 8.3487e-19, 1.5520e-05],
        [8.3486e-19, 1.5520e-05, 9.9997e-01]])
2023-10-25 08:07:46,131 | INFO | hi-lo.kernel-accessor : Fetching kernel: gumbel
2023-10-25 08:07:46,131 | INFO | hi-lo.gumbel-kernel : MU (LOCATION): -1.4231373071670532 | BETA (SCALE): 1.9360674619674683
2023-10-25 08:07:46,132 | INFO | hi-lo.gumbel-kernel : TOP-LEFT
tensor([[9.4037e-01, 2.9623e-02, 1.2772e-04],
        [2.9623e-02, 1.2772e-04, 1.9641e-08],
        [1.2772e-04, 1.9641e-08, 1.1310e-14]])
2023-10-25 08:07:46,132 | INFO | hi-lo.kernel-accessor : Fetching kernel: gumbel
2023-10-25 08:07:46,132 | INFO | hi-lo.gumbel-kernel : MU (LOCATION): -1.0912525653839111 | BETA (SCALE): 1.2544044256210327
2023-10-25 08:07:46,133 | INFO | hi-lo.gumbel-kernel : TOP-LEFT
tensor([[9.9913e-01, 4.3336e-04, 3.9445e-11],
        [4.3336e-04, 3.9445e-11, 2.4681e-26],
        [3.9445e-11, 2.4681e-26, 0.0000e+00]])
2023-10-25 08:08:10,438 | INFO | hi-lo : END EPOCH:   6 | ACCURACY: 0.58 | LOSS: 4.156473636627197
2023-10-25 08:08:10,438 | INFO | hi-lo : BEGIN EPOCH 7 =========================================================================
2023-10-25 08:08:10,439 | INFO | hi-lo.kernel-accessor : Fetching kernel: gumbel
2023-10-25 08:08:10,439 | INFO | hi-lo.gumbel-kernel : MU (LOCATION): -0.14468441903591156 | BETA (SCALE): 0.48440608382225037
2023-10-25 08:08:10,440 | INFO | hi-lo.gumbel-kernel : TOP-LEFT
tensor([[1.0000e+00, 4.7100e-07, 0.0000e+00],
        [4.7100e-07, 0.0000e+00, 0.0000e+00],
        [0.0000e+00, 0.0000e+00, 0.0000e+00]])
2023-10-25 08:08:10,440 | INFO | hi-lo.kernel-accessor : Fetching kernel: gumbel
2023-10-25 08:08:10,441 | INFO | hi-lo.gumbel-kernel : MU (LOCATION): -0.7484340667724609 | BETA (SCALE): 0.9482641220092773
2023-10-25 08:08:10,441 | INFO | hi-lo.gumbel-kernel : BOTTOM-RIGHT
tensor([[0.0000e+00, 0.0000e+00, 6.9010e-17],
        [0.0000e+00, 6.9010e-17, 4.0124e-05],
        [6.9010e-17, 4.0124e-05, 9.9992e-01]])
2023-10-25 08:08:10,441 | INFO | hi-lo.kernel-accessor : Fetching kernel: gumbel
2023-10-25 08:08:10,442 | INFO | hi-lo.gumbel-kernel : MU (LOCATION): -1.6598327159881592 | BETA (SCALE): 2.200936794281006
2023-10-25 08:08:10,442 | INFO | hi-lo.gumbel-kernel : BOTTOM-RIGHT
tensor([[1.1274e-11, 4.5796e-07, 4.5582e-04],
        [4.5796e-07, 4.5582e-04, 4.3065e-02],
        [4.5582e-04, 4.3065e-02, 9.1250e-01]])
2023-10-25 08:08:10,442 | INFO | hi-lo.kernel-accessor : Fetching kernel: gumbel
2023-10-25 08:08:10,443 | INFO | hi-lo.gumbel-kernel : MU (LOCATION): -1.1763331890106201 | BETA (SCALE): 1.250983715057373
2023-10-25 08:08:10,443 | INFO | hi-lo.gumbel-kernel : TOP-LEFT
tensor([[9.9971e-01, 1.4667e-04, 1.1615e-12],
        [1.4667e-04, 1.1615e-12, 2.9612e-30],
        [1.1615e-12, 2.9612e-30, 0.0000e+00]])
2023-10-25 08:08:34,784 | INFO | hi-lo : END EPOCH:   7 | ACCURACY: 0.35 | LOSS: 4.3828349113464355
2023-10-25 08:08:34,784 | INFO | hi-lo : BEGIN EPOCH 8 =========================================================================
2023-10-25 08:08:34,784 | INFO | hi-lo.kernel-accessor : Fetching kernel: gumbel
2023-10-25 08:08:34,785 | INFO | hi-lo.gumbel-kernel : MU (LOCATION): -0.15336626768112183 | BETA (SCALE): 0.4936920404434204
2023-10-25 08:08:34,786 | INFO | hi-lo.gumbel-kernel : BOTTOM-RIGHT
tensor([[0.0000e+00, 0.0000e+00, 0.0000e+00],
        [0.0000e+00, 0.0000e+00, 6.3234e-07],
        [0.0000e+00, 6.3234e-07, 1.0000e+00]])
2023-10-25 08:08:34,786 | INFO | hi-lo.kernel-accessor : Fetching kernel: gumbel
2023-10-25 08:08:34,786 | INFO | hi-lo.gumbel-kernel : MU (LOCATION): -0.833345890045166 | BETA (SCALE): 0.9263902306556702
2023-10-25 08:08:34,787 | INFO | hi-lo.gumbel-kernel : TOP-LEFT
tensor([[9.9999e-01, 2.6948e-06, 8.9135e-22],
        [2.6948e-06, 8.9135e-22, 0.0000e+00],
        [8.9135e-22, 0.0000e+00, 0.0000e+00]])
2023-10-25 08:08:34,787 | INFO | hi-lo.kernel-accessor : Fetching kernel: gumbel
2023-10-25 08:08:34,787 | INFO | hi-lo.gumbel-kernel : MU (LOCATION): -1.2136056423187256 | BETA (SCALE): 1.5473159551620483
2023-10-25 08:08:34,788 | INFO | hi-lo.gumbel-kernel : TOP-LEFT
tensor([[9.8679e-01, 6.6030e-03, 8.4115e-07],
        [6.6030e-03, 8.4115e-07, 5.5817e-14],
        [8.4115e-07, 5.5817e-14, 2.0083e-27]])
2023-10-25 08:08:34,788 | INFO | hi-lo.kernel-accessor : Fetching kernel: gumbel
2023-10-25 08:08:34,789 | INFO | hi-lo.gumbel-kernel : MU (LOCATION): -1.4003288745880127 | BETA (SCALE): 1.3148002624511719
2023-10-25 08:08:34,789 | INFO | hi-lo.gumbel-kernel : BOTTOM-RIGHT
tensor([[0.0000e+00, 7.4096e-34, 1.8370e-14],
        [7.4096e-34, 1.8370e-14, 3.1982e-05],
        [1.8370e-14, 3.1982e-05, 9.9994e-01]])
2023-10-25 08:08:59,122 | INFO | hi-lo : END EPOCH:   8 | ACCURACY: 2.73 | LOSS: 4.077016353607178
2023-10-25 08:08:59,122 | INFO | hi-lo : BEGIN EPOCH 9 =========================================================================
2023-10-25 08:08:59,123 | INFO | hi-lo.kernel-accessor : Fetching kernel: gumbel
2023-10-25 08:08:59,123 | INFO | hi-lo.gumbel-kernel : MU (LOCATION): -0.13372570276260376 | BETA (SCALE): 0.45396852493286133
2023-10-25 08:08:59,124 | INFO | hi-lo.gumbel-kernel : BOTTOM-RIGHT
tensor([[0.0000e+00, 0.0000e+00, 0.0000e+00],
        [0.0000e+00, 0.0000e+00, 5.5165e-08],
        [0.0000e+00, 5.5165e-08, 1.0000e+00]])
2023-10-25 08:08:59,124 | INFO | hi-lo.kernel-accessor : Fetching kernel: gumbel
2023-10-25 08:08:59,125 | INFO | hi-lo.gumbel-kernel : MU (LOCATION): -0.8097481727600098 | BETA (SCALE): 0.9293953776359558
2023-10-25 08:08:59,125 | INFO | hi-lo.gumbel-kernel : TOP-LEFT
tensor([[9.9999e-01, 5.4721e-06, 1.6190e-20],
        [5.4721e-06, 1.6190e-20, 0.0000e+00],
        [1.6190e-20, 0.0000e+00, 0.0000e+00]])
2023-10-25 08:08:59,125 | INFO | hi-lo.kernel-accessor : Fetching kernel: gumbel
2023-10-25 08:08:59,126 | INFO | hi-lo.gumbel-kernel : MU (LOCATION): -1.1554763317108154 | BETA (SCALE): 2.2356646060943604
2023-10-25 08:08:59,126 | INFO | hi-lo.gumbel-kernel : BOTTOM-RIGHT
tensor([[1.0685e-07, 7.2149e-05, 5.4616e-03],
        [7.2149e-05, 5.4616e-03, 1.0204e-01],
        [5.4616e-03, 1.0204e-01, 7.7939e-01]])
2023-10-25 08:08:59,126 | INFO | hi-lo.kernel-accessor : Fetching kernel: gumbel
2023-10-25 08:08:59,127 | INFO | hi-lo.gumbel-kernel : MU (LOCATION): -1.1127052307128906 | BETA (SCALE): 1.129969596862793
2023-10-25 08:08:59,127 | INFO | hi-lo.gumbel-kernel : TOP-LEFT
tensor([[9.9997e-01, 1.5376e-05, 1.1797e-16],
        [1.5376e-05, 1.1797e-16, 0.0000e+00],
        [1.1797e-16, 0.0000e+00, 0.0000e+00]])
2023-10-25 08:09:23,467 | INFO | hi-lo : END EPOCH:   9 | ACCURACY: 4.69 | LOSS: 4.589724540710449
2023-10-25 08:09:23,467 | INFO | hi-lo : BEGIN EPOCH 10 =========================================================================
2023-10-25 08:09:23,467 | INFO | hi-lo.kernel-accessor : Fetching kernel: gumbel
2023-10-25 08:09:23,468 | INFO | hi-lo.gumbel-kernel : MU (LOCATION): -0.1561545729637146 | BETA (SCALE): 0.48080974817276
2023-10-25 08:09:23,468 | INFO | hi-lo.gumbel-kernel : TOP-LEFT
tensor([[1.0000e+00, 1.8770e-07, 0.0000e+00],
        [1.8770e-07, 0.0000e+00, 0.0000e+00],
        [0.0000e+00, 0.0000e+00, 0.0000e+00]])
2023-10-25 08:09:23,469 | INFO | hi-lo.kernel-accessor : Fetching kernel: gumbel
2023-10-25 08:09:23,469 | INFO | hi-lo.gumbel-kernel : MU (LOCATION): -0.6217184066772461 | BETA (SCALE): 0.9569641947746277
2023-10-25 08:09:23,469 | INFO | hi-lo.gumbel-kernel : TOP-LEFT
tensor([[9.9918e-01, 4.0765e-04, 6.4537e-13],
        [4.0765e-04, 6.4537e-13, 4.2054e-37],
        [6.4537e-13, 4.2054e-37, 0.0000e+00]])
2023-10-25 08:09:23,469 | INFO | hi-lo.kernel-accessor : Fetching kernel: gumbel
2023-10-25 08:09:23,470 | INFO | hi-lo.gumbel-kernel : MU (LOCATION): -1.769258975982666 | BETA (SCALE): 2.7009623050689697
2023-10-25 08:09:23,470 | INFO | hi-lo.gumbel-kernel : TOP-LEFT
tensor([[7.7683e-01, 1.0192e-01, 6.3530e-03],
        [1.0192e-01, 6.3530e-03, 1.3480e-04],
        [6.3530e-03, 1.3480e-04, 6.0076e-07]])
2023-10-25 08:09:23,470 | INFO | hi-lo.kernel-accessor : Fetching kernel: gumbel
2023-10-25 08:09:23,470 | INFO | hi-lo.gumbel-kernel : MU (LOCATION): -0.948471188545227 | BETA (SCALE): 1.1168289184570312
2023-10-25 08:09:23,471 | INFO | hi-lo.gumbel-kernel : BOTTOM-RIGHT
tensor([[0.0000e+00, 2.3498e-34, 2.3293e-13],
        [2.3498e-34, 2.3293e-13, 1.4897e-04],
        [2.3293e-13, 1.4897e-04, 9.9970e-01]])
2023-10-25 08:09:47,770 | INFO | hi-lo : END EPOCH:  10 | ACCURACY: 0.89 | LOSS: 4.252751350402832
2023-10-25 08:09:47,771 | INFO | hi-lo : BEGIN EPOCH 11 =========================================================================
2023-10-25 08:09:47,771 | INFO | hi-lo.kernel-accessor : Fetching kernel: gumbel
2023-10-25 08:09:47,771 | INFO | hi-lo.gumbel-kernel : MU (LOCATION): -0.1840558499097824 | BETA (SCALE): 0.45318660140037537
2023-10-25 08:09:47,772 | INFO | hi-lo.gumbel-kernel : BOTTOM-RIGHT
tensor([[0.0000e+00, 0.0000e+00, 0.0000e+00],
        [0.0000e+00, 0.0000e+00, 1.3519e-09],
        [0.0000e+00, 1.3519e-09, 1.0000e+00]])
2023-10-25 08:09:47,772 | INFO | hi-lo.kernel-accessor : Fetching kernel: gumbel
2023-10-25 08:09:47,773 | INFO | hi-lo.gumbel-kernel : MU (LOCATION): -0.8184652328491211 | BETA (SCALE): 0.9419015049934387
2023-10-25 08:09:47,773 | INFO | hi-lo.gumbel-kernel : TOP-LEFT
tensor([[9.9999e-01, 7.3996e-06, 8.0714e-20],
        [7.3996e-06, 8.0714e-20, 0.0000e+00],
        [8.0714e-20, 0.0000e+00, 0.0000e+00]])
2023-10-25 08:09:47,773 | INFO | hi-lo.kernel-accessor : Fetching kernel: gumbel
2023-10-25 08:09:47,774 | INFO | hi-lo.gumbel-kernel : MU (LOCATION): -1.1164324283599854 | BETA (SCALE): 1.646740436553955
2023-10-25 08:09:47,774 | INFO | hi-lo.gumbel-kernel : TOP-LEFT
tensor([[9.5905e-01, 2.0431e-02, 2.9016e-05],
        [2.0431e-02, 2.9016e-05, 2.8601e-10],
        [2.9016e-05, 2.8601e-10, 3.0779e-19]])
2023-10-25 08:09:47,774 | INFO | hi-lo.kernel-accessor : Fetching kernel: gumbel
2023-10-25 08:09:47,775 | INFO | hi-lo.gumbel-kernel : MU (LOCATION): -1.2713251113891602 | BETA (SCALE): 1.415749430656433
2023-10-25 08:09:47,775 | INFO | hi-lo.gumbel-kernel : TOP-LEFT
tensor([[9.9797e-01, 1.0141e-03, 1.8006e-09],
        [1.0141e-03, 1.8006e-09, 8.2468e-21],
        [1.8006e-09, 8.2468e-21, 0.0000e+00]])
2023-10-25 08:10:12,044 | INFO | hi-lo : END EPOCH:  11 | ACCURACY: 1.56 | LOSS: 4.364824295043945
2023-10-25 08:10:12,044 | INFO | hi-lo : BEGIN EPOCH 12 =========================================================================
2023-10-25 08:10:12,044 | INFO | hi-lo.kernel-accessor : Fetching kernel: gumbel
2023-10-25 08:10:12,045 | INFO | hi-lo.gumbel-kernel : MU (LOCATION): -0.0265048798173666 | BETA (SCALE): 0.5921754837036133
2023-10-25 08:10:12,046 | INFO | hi-lo.gumbel-kernel : BOTTOM-RIGHT
tensor([[0.0000e+00, 0.0000e+00, 1.2398e-15],
        [0.0000e+00, 1.2399e-15, 1.4778e-03],
        [1.2398e-15, 1.4778e-03, 9.9704e-01]])
2023-10-25 08:10:12,046 | INFO | hi-lo.kernel-accessor : Fetching kernel: gumbel
2023-10-25 08:10:12,046 | INFO | hi-lo.gumbel-kernel : MU (LOCATION): -0.6928939819335938 | BETA (SCALE): 0.9459066987037659
2023-10-25 08:10:12,047 | INFO | hi-lo.gumbel-kernel : BOTTOM-RIGHT
tensor([[0.0000e+00, 0.0000e+00, 2.4584e-15],
        [0.0000e+00, 2.4584e-15, 1.0247e-04],
        [2.4584e-15, 1.0247e-04, 9.9980e-01]])
2023-10-25 08:10:12,047 | INFO | hi-lo.kernel-accessor : Fetching kernel: gumbel
2023-10-25 08:10:12,047 | INFO | hi-lo.gumbel-kernel : MU (LOCATION): -1.2183520793914795 | BETA (SCALE): 1.6609776020050049
2023-10-25 08:10:12,048 | INFO | hi-lo.gumbel-kernel : TOP-LEFT
tensor([[9.7037e-01, 1.4796e-02, 1.1719e-05],
        [1.4796e-02, 1.1719e-05, 4.1912e-11],
        [1.1719e-05, 4.1912e-11, 7.8269e-21]])
2023-10-25 08:10:12,048 | INFO | hi-lo.kernel-accessor : Fetching kernel: gumbel
2023-10-25 08:10:12,048 | INFO | hi-lo.gumbel-kernel : MU (LOCATION): -1.5216145515441895 | BETA (SCALE): 1.6330844163894653
2023-10-25 08:10:12,049 | INFO | hi-lo.gumbel-kernel : TOP-LEFT
tensor([[9.9534e-01, 2.3289e-03, 5.4782e-08],
        [2.3289e-03, 5.4782e-08, 2.6599e-16],
        [5.4782e-08, 2.6599e-16, 2.0548e-31]])
2023-10-25 08:10:36,345 | INFO | hi-lo : END EPOCH:  12 | ACCURACY: 0.78 | LOSS: 4.456299304962158
2023-10-25 08:10:36,346 | INFO | hi-lo : BEGIN EPOCH 13 =========================================================================
2023-10-25 08:10:36,346 | INFO | hi-lo.kernel-accessor : Fetching kernel: gumbel
2023-10-25 08:10:36,346 | INFO | hi-lo.gumbel-kernel : MU (LOCATION): -0.13245856761932373 | BETA (SCALE): 0.5340805649757385
2023-10-25 08:10:36,347 | INFO | hi-lo.gumbel-kernel : TOP-LEFT
tensor([[9.9996e-01, 1.8265e-05, 8.3162e-32],
        [1.8265e-05, 8.3165e-32, 0.0000e+00],
        [8.3162e-32, 0.0000e+00, 0.0000e+00]])
2023-10-25 08:10:36,347 | INFO | hi-lo.kernel-accessor : Fetching kernel: gumbel
2023-10-25 08:10:36,348 | INFO | hi-lo.gumbel-kernel : MU (LOCATION): -0.7169336676597595 | BETA (SCALE): 0.9003654718399048
2023-10-25 08:10:36,348 | INFO | hi-lo.gumbel-kernel : TOP-LEFT
tensor([[9.9997e-01, 1.4785e-05, 3.0616e-19],
        [1.4785e-05, 3.0616e-19, 0.0000e+00],
        [3.0616e-19, 0.0000e+00, 0.0000e+00]])
2023-10-25 08:10:36,348 | INFO | hi-lo.kernel-accessor : Fetching kernel: gumbel
2023-10-25 08:10:36,349 | INFO | hi-lo.gumbel-kernel : MU (LOCATION): -1.1228821277618408 | BETA (SCALE): 1.382766604423523
2023-10-25 08:10:36,349 | INFO | hi-lo.gumbel-kernel : TOP-LEFT
tensor([[9.9556e-01, 2.2183e-03, 1.6346e-08],
        [2.2183e-03, 1.6346e-08, 9.2975e-19],
        [1.6346e-08, 9.2975e-19, 1.5375e-39]])
2023-10-25 08:10:36,349 | INFO | hi-lo.kernel-accessor : Fetching kernel: gumbel
2023-10-25 08:10:36,350 | INFO | hi-lo.gumbel-kernel : MU (LOCATION): -1.4382579326629639 | BETA (SCALE): 1.3677988052368164
2023-10-25 08:10:36,350 | INFO | hi-lo.gumbel-kernel : BOTTOM-RIGHT
tensor([[0.0000e+00, 5.1819e-30, 3.7234e-13],
        [5.1819e-30, 3.7234e-13, 7.0784e-05],
        [3.7234e-13, 7.0784e-05, 9.9986e-01]])
2023-10-25 08:11:00,684 | INFO | hi-lo : END EPOCH:  13 | ACCURACY: 0.25 | LOSS: 4.552304744720459
2023-10-25 08:11:00,684 | INFO | hi-lo : BEGIN EPOCH 14 =========================================================================
2023-10-25 08:11:00,684 | INFO | hi-lo.kernel-accessor : Fetching kernel: gumbel
2023-10-25 08:11:00,685 | INFO | hi-lo.gumbel-kernel : MU (LOCATION): -0.031458862125873566 | BETA (SCALE): 0.5492122769355774
2023-10-25 08:11:00,685 | INFO | hi-lo.gumbel-kernel : BOTTOM-RIGHT
tensor([[0.0000e+00, 0.0000e+00, 2.1119e-20],
        [0.0000e+00, 2.1119e-20, 4.8719e-04],
        [2.1119e-20, 4.8719e-04, 9.9903e-01]])
2023-10-25 08:11:00,686 | INFO | hi-lo.kernel-accessor : Fetching kernel: gumbel
2023-10-25 08:11:00,686 | INFO | hi-lo.gumbel-kernel : MU (LOCATION): -0.6848650574684143 | BETA (SCALE): 1.0990209579467773
2023-10-25 08:11:00,686 | INFO | hi-lo.gumbel-kernel : BOTTOM-RIGHT
tensor([[0.0000e+00, 1.4891e-23, 2.5040e-09],
        [1.4891e-23, 2.5040e-09, 2.2987e-03],
        [2.5040e-09, 2.2987e-03, 9.9540e-01]])
2023-10-25 08:11:00,686 | INFO | hi-lo.kernel-accessor : Fetching kernel: gumbel
2023-10-25 08:11:00,687 | INFO | hi-lo.gumbel-kernel : MU (LOCATION): -1.8340626955032349 | BETA (SCALE): 2.0039515495300293
2023-10-25 08:11:00,687 | INFO | hi-lo.gumbel-kernel : BOTTOM-RIGHT
tensor([[7.8992e-19, 8.8335e-11, 8.2753e-06],
        [8.8335e-11, 8.2753e-06, 1.0504e-02],
        [8.2753e-06, 1.0504e-02, 9.7897e-01]])
2023-10-25 08:11:00,687 | INFO | hi-lo.kernel-accessor : Fetching kernel: gumbel
2023-10-25 08:11:00,688 | INFO | hi-lo.gumbel-kernel : MU (LOCATION): -1.214241623878479 | BETA (SCALE): 1.2634243965148926
2023-10-25 08:11:00,688 | INFO | hi-lo.gumbel-kernel : BOTTOM-RIGHT
tensor([[0.0000e+00, 1.0894e-30, 6.6843e-13],
        [1.0894e-30, 6.6843e-13, 1.1854e-04],
        [6.6843e-13, 1.1854e-04, 9.9976e-01]])
2023-10-25 08:11:24,932 | INFO | hi-lo : END EPOCH:  14 | ACCURACY: 1.56 | LOSS: 4.428982734680176
2023-10-25 08:11:24,932 | INFO | hi-lo : BEGIN EPOCH 15 =========================================================================
2023-10-25 08:11:24,932 | INFO | hi-lo.kernel-accessor : Fetching kernel: gumbel
2023-10-25 08:11:24,933 | INFO | hi-lo.gumbel-kernel : MU (LOCATION): 0.0003841007128357887 | BETA (SCALE): 0.503796398639679
2023-10-25 08:11:24,933 | INFO | hi-lo.gumbel-kernel : BOTTOM-RIGHT
tensor([[0.0000e+00, 0.0000e+00, 5.4546e-25],
        [0.0000e+00, 5.4546e-25, 2.6011e-04],
        [5.4546e-25, 2.6011e-04, 9.9948e-01]])
2023-10-25 08:11:24,934 | INFO | hi-lo.kernel-accessor : Fetching kernel: gumbel
2023-10-25 08:11:24,934 | INFO | hi-lo.gumbel-kernel : MU (LOCATION): -0.6905031204223633 | BETA (SCALE): 0.9560193419456482
2023-10-25 08:11:24,934 | INFO | hi-lo.gumbel-kernel : BOTTOM-RIGHT
tensor([[0.0000e+00, 1.1827e-42, 1.0364e-14],
        [1.1827e-42, 1.0364e-14, 1.3995e-04],
        [1.0364e-14, 1.3995e-04, 9.9972e-01]])
2023-10-25 08:11:24,934 | INFO | hi-lo.kernel-accessor : Fetching kernel: gumbel
2023-10-25 08:11:24,935 | INFO | hi-lo.gumbel-kernel : MU (LOCATION): -1.1643102169036865 | BETA (SCALE): 1.5676120519638062
2023-10-25 08:11:24,935 | INFO | hi-lo.gumbel-kernel : TOP-LEFT
tensor([[9.7990e-01, 1.0047e-02, 3.0533e-06],
        [1.0047e-02, 3.0533e-06, 1.1900e-12],
        [3.0533e-06, 1.1900e-12, 1.5601e-24]])
2023-10-25 08:11:24,935 | INFO | hi-lo.kernel-accessor : Fetching kernel: gumbel
2023-10-25 08:11:24,935 | INFO | hi-lo.gumbel-kernel : MU (LOCATION): -1.133704423904419 | BETA (SCALE): 1.1512720584869385
2023-10-25 08:11:24,935 | INFO | hi-lo.gumbel-kernel : TOP-LEFT
tensor([[9.9996e-01, 2.0714e-05, 4.7221e-16],
        [2.0714e-05, 4.7221e-16, 5.9932e-41],
        [4.7221e-16, 5.9932e-41, 0.0000e+00]])
2023-10-25 08:11:49,218 | INFO | hi-lo : END EPOCH:  15 | ACCURACY: 1.04 | LOSS: 4.144778728485107
2023-10-25 08:11:49,218 | INFO | hi-lo : BEGIN EPOCH 16 =========================================================================
2023-10-25 08:11:49,218 | INFO | hi-lo.kernel-accessor : Fetching kernel: gumbel
2023-10-25 08:11:49,219 | INFO | hi-lo.gumbel-kernel : MU (LOCATION): -0.07987003028392792 | BETA (SCALE): 0.5158470869064331
2023-10-25 08:11:49,220 | INFO | hi-lo.gumbel-kernel : TOP-LEFT
tensor([[9.9991e-01, 4.3334e-05, 2.1224e-30],
        [4.3334e-05, 2.1224e-30, 0.0000e+00],
        [2.1224e-30, 0.0000e+00, 0.0000e+00]])
2023-10-25 08:11:49,220 | INFO | hi-lo.kernel-accessor : Fetching kernel: gumbel
2023-10-25 08:11:49,220 | INFO | hi-lo.gumbel-kernel : MU (LOCATION): -0.6396118402481079 | BETA (SCALE): 0.9756028652191162
2023-10-25 08:11:49,221 | INFO | hi-lo.gumbel-kernel : TOP-LEFT
tensor([[9.9905e-01, 4.7256e-04, 1.5939e-12],
        [4.7256e-04, 1.5939e-12, 2.4297e-35],
        [1.5939e-12, 2.4297e-35, 0.0000e+00]])
2023-10-25 08:11:49,221 | INFO | hi-lo.kernel-accessor : Fetching kernel: gumbel
2023-10-25 08:11:49,221 | INFO | hi-lo.gumbel-kernel : MU (LOCATION): -1.4810750484466553 | BETA (SCALE): 2.199995517730713
2023-10-25 08:11:49,222 | INFO | hi-lo.gumbel-kernel : TOP-LEFT
tensor([[8.7484e-01, 6.0801e-02, 1.1833e-03],
        [6.0801e-02, 1.1833e-03, 3.1002e-06],
        [1.1833e-03, 3.1002e-06, 3.4484e-10]])
2023-10-25 08:11:49,222 | INFO | hi-lo.kernel-accessor : Fetching kernel: gumbel
2023-10-25 08:11:49,222 | INFO | hi-lo.gumbel-kernel : MU (LOCATION): -1.3745028972625732 | BETA (SCALE): 1.3622448444366455
2023-10-25 08:11:49,223 | INFO | hi-lo.gumbel-kernel : BOTTOM-RIGHT
tensor([[0.0000e+00, 5.7146e-28, 2.7884e-12],
        [5.7146e-28, 2.7884e-12, 1.3827e-04],
        [2.7884e-12, 1.3827e-04, 9.9972e-01]])
2023-10-25 08:12:13,554 | INFO | hi-lo : END EPOCH:  16 | ACCURACY: 0.62 | LOSS: 4.279958248138428
2023-10-25 08:12:13,554 | INFO | hi-lo : BEGIN EPOCH 17 =========================================================================
2023-10-25 08:12:13,554 | INFO | hi-lo.kernel-accessor : Fetching kernel: gumbel
2023-10-25 08:12:13,554 | INFO | hi-lo.gumbel-kernel : MU (LOCATION): 0.04167848825454712 | BETA (SCALE): 0.5875394940376282
2023-10-25 08:12:13,555 | INFO | hi-lo.gumbel-kernel : TOP-LEFT
tensor([[9.9261e-01, 3.6935e-03, 3.6119e-13],
        [3.6935e-03, 3.6119e-13, 0.0000e+00],
        [3.6119e-13, 0.0000e+00, 0.0000e+00]])
2023-10-25 08:12:13,555 | INFO | hi-lo.kernel-accessor : Fetching kernel: gumbel
2023-10-25 08:12:13,555 | INFO | hi-lo.gumbel-kernel : MU (LOCATION): -0.6373538970947266 | BETA (SCALE): 1.0047307014465332
2023-10-25 08:12:13,555 | INFO | hi-lo.gumbel-kernel : TOP-LEFT
tensor([[9.9829e-01, 8.5686e-04, 2.3664e-11],
        [8.5686e-04, 2.3664e-11, 4.5792e-31],
        [2.3664e-11, 4.5792e-31, 0.0000e+00]])
2023-10-25 08:12:13,555 | INFO | hi-lo.kernel-accessor : Fetching kernel: gumbel
2023-10-25 08:12:13,556 | INFO | hi-lo.gumbel-kernel : MU (LOCATION): -1.4530279636383057 | BETA (SCALE): 2.0744614601135254
2023-10-25 08:12:13,556 | INFO | hi-lo.gumbel-kernel : TOP-LEFT
tensor([[9.0781e-01, 4.5378e-02, 4.7800e-04],
        [4.5378e-02, 4.7800e-04, 4.0448e-07],
        [4.7800e-04, 4.0448e-07, 5.7666e-12]])
2023-10-25 08:12:13,556 | INFO | hi-lo.kernel-accessor : Fetching kernel: gumbel
2023-10-25 08:12:13,556 | INFO | hi-lo.gumbel-kernel : MU (LOCATION): -1.246065378189087 | BETA (SCALE): 1.2415733337402344
2023-10-25 08:12:13,556 | INFO | hi-lo.gumbel-kernel : BOTTOM-RIGHT
tensor([[0.0000e+00, 9.2731e-35, 2.2287e-14],
        [9.2731e-35, 2.2287e-14, 4.4632e-05],
        [2.2287e-14, 4.4632e-05, 9.9991e-01]])
2023-10-25 08:12:37,837 | INFO | hi-lo : END EPOCH:  17 | ACCURACY: 0.17 | LOSS: 3.86552357673645
2023-10-25 08:12:37,837 | INFO | hi-lo : BEGIN EPOCH 18 =========================================================================
2023-10-25 08:12:37,837 | INFO | hi-lo.kernel-accessor : Fetching kernel: gumbel
2023-10-25 08:12:37,838 | INFO | hi-lo.gumbel-kernel : MU (LOCATION): -0.16843804717063904 | BETA (SCALE): 0.4880141317844391
2023-10-25 08:12:37,838 | INFO | hi-lo.gumbel-kernel : BOTTOM-RIGHT
tensor([[0.0000e+00, 0.0000e+00, 0.0000e+00],
        [0.0000e+00, 0.0000e+00, 1.7955e-07],
        [0.0000e+00, 1.7955e-07, 1.0000e+00]])
2023-10-25 08:12:37,838 | INFO | hi-lo.kernel-accessor : Fetching kernel: gumbel
2023-10-25 08:12:37,838 | INFO | hi-lo.gumbel-kernel : MU (LOCATION): -0.6901125907897949 | BETA (SCALE): 1.0675050020217896
2023-10-25 08:12:37,839 | INFO | hi-lo.gumbel-kernel : TOP-LEFT
tensor([[9.9726e-01, 1.3697e-03, 2.9137e-10],
        [1.3697e-03, 2.9137e-10, 1.1756e-26],
        [2.9137e-10, 1.1756e-26, 0.0000e+00]])
2023-10-25 08:12:37,839 | INFO | hi-lo.kernel-accessor : Fetching kernel: gumbel
2023-10-25 08:12:37,839 | INFO | hi-lo.gumbel-kernel : MU (LOCATION): -1.6686863899230957 | BETA (SCALE): 2.330946922302246
2023-10-25 08:12:37,839 | INFO | hi-lo.gumbel-kernel : BOTTOM-RIGHT
tensor([[7.9855e-10, 4.1338e-06, 1.2582e-03],
        [4.1338e-06, 1.2582e-03, 6.0509e-02],
        [1.2582e-03, 6.0509e-02, 8.7520e-01]])
2023-10-25 08:12:37,839 | INFO | hi-lo.kernel-accessor : Fetching kernel: gumbel
2023-10-25 08:12:37,839 | INFO | hi-lo.gumbel-kernel : MU (LOCATION): -1.590728759765625 | BETA (SCALE): 1.639012336730957
2023-10-25 08:12:37,840 | INFO | hi-lo.gumbel-kernel : TOP-LEFT
tensor([[9.9690e-01, 1.5500e-03, 1.7536e-08],
        [1.5500e-03, 1.7536e-08, 2.3017e-17],
        [1.7536e-08, 2.3017e-17, 1.7229e-33]])
2023-10-25 08:13:02,270 | INFO | hi-lo : END EPOCH:  18 | ACCURACY: 1.08 | LOSS: 4.152769088745117
2023-10-25 08:13:02,270 | INFO | hi-lo : BEGIN EPOCH 19 =========================================================================
2023-10-25 08:13:02,270 | INFO | hi-lo.kernel-accessor : Fetching kernel: gumbel
2023-10-25 08:13:02,271 | INFO | hi-lo.gumbel-kernel : MU (LOCATION): -0.08992336690425873 | BETA (SCALE): 0.5168972611427307
2023-10-25 08:13:02,271 | INFO | hi-lo.gumbel-kernel : TOP-LEFT
tensor([[9.9993e-01, 3.2959e-05, 2.9604e-31],
        [3.2959e-05, 2.9604e-31, 0.0000e+00],
        [2.9604e-31, 0.0000e+00, 0.0000e+00]])
2023-10-25 08:13:02,272 | INFO | hi-lo.kernel-accessor : Fetching kernel: gumbel
2023-10-25 08:13:02,272 | INFO | hi-lo.gumbel-kernel : MU (LOCATION): -0.6938070058822632 | BETA (SCALE): 1.041101336479187
2023-10-25 08:13:02,272 | INFO | hi-lo.gumbel-kernel : TOP-LEFT
tensor([[9.9831e-01, 8.4299e-04, 3.6950e-11],
        [8.4299e-04, 3.6950e-11, 1.0306e-29],
        [3.6950e-11, 1.0306e-29, 0.0000e+00]])
2023-10-25 08:13:02,273 | INFO | hi-lo.kernel-accessor : Fetching kernel: gumbel
2023-10-25 08:13:02,273 | INFO | hi-lo.gumbel-kernel : MU (LOCATION): -1.5280379056930542 | BETA (SCALE): 2.0692617893218994
2023-10-25 08:13:02,273 | INFO | hi-lo.gumbel-kernel : TOP-LEFT
tensor([[9.2415e-01, 3.7505e-02, 2.8064e-04],
        [3.7505e-02, 2.8064e-04, 1.3540e-07],
        [2.8064e-04, 1.3540e-07, 7.6699e-13]])
2023-10-25 08:13:02,274 | INFO | hi-lo.kernel-accessor : Fetching kernel: gumbel
2023-10-25 08:13:02,274 | INFO | hi-lo.gumbel-kernel : MU (LOCATION): -1.2622579336166382 | BETA (SCALE): 1.295813798904419
2023-10-25 08:13:02,275 | INFO | hi-lo.gumbel-kernel : BOTTOM-RIGHT
tensor([[0.0000e+00, 1.5336e-29, 1.3017e-12],
        [1.5336e-29, 1.3017e-12, 1.3169e-04],
        [1.3017e-12, 1.3169e-04, 9.9974e-01]])
2023-10-25 08:13:26,606 | INFO | hi-lo : END EPOCH:  19 | ACCURACY: 1.56 | LOSS: 4.1621246337890625
2023-10-25 08:13:26,606 | INFO | hi-lo : BEGIN EPOCH 20 =========================================================================
2023-10-25 08:13:26,606 | INFO | hi-lo.kernel-accessor : Fetching kernel: gumbel
2023-10-25 08:13:26,607 | INFO | hi-lo.gumbel-kernel : MU (LOCATION): -0.1257806122303009 | BETA (SCALE): 0.5175732970237732
2023-10-25 08:13:26,608 | INFO | hi-lo.gumbel-kernel : BOTTOM-RIGHT
tensor([[0.0000e+00, 0.0000e+00, 2.3540e-35],
        [0.0000e+00, 2.3540e-35, 9.8196e-06],
        [2.3540e-35, 9.8196e-06, 9.9998e-01]])
2023-10-25 08:13:26,608 | INFO | hi-lo.kernel-accessor : Fetching kernel: gumbel
2023-10-25 08:13:26,608 | INFO | hi-lo.gumbel-kernel : MU (LOCATION): -0.6485579013824463 | BETA (SCALE): 0.9963771104812622
2023-10-25 08:13:26,609 | INFO | hi-lo.gumbel-kernel : TOP-LEFT
tensor([[9.9872e-01, 6.3762e-04, 6.9441e-12],
        [6.3762e-04, 6.9441e-12, 7.4215e-33],
        [6.9441e-12, 7.4215e-33, 0.0000e+00]])
2023-10-25 08:13:26,609 | INFO | hi-lo.kernel-accessor : Fetching kernel: gumbel
2023-10-25 08:13:26,609 | INFO | hi-lo.gumbel-kernel : MU (LOCATION): -1.6139321327209473 | BETA (SCALE): 1.947465419769287
2023-10-25 08:13:26,610 | INFO | hi-lo.gumbel-kernel : BOTTOM-RIGHT
tensor([[4.0118e-17, 9.1582e-10, 2.8492e-05],
        [9.1582e-10, 2.8492e-05, 1.7094e-02],
        [2.8492e-05, 1.7094e-02, 9.6573e-01]])
2023-10-25 08:13:26,610 | INFO | hi-lo.kernel-accessor : Fetching kernel: gumbel
2023-10-25 08:13:26,611 | INFO | hi-lo.gumbel-kernel : MU (LOCATION): -1.3445051908493042 | BETA (SCALE): 1.3896108865737915
2023-10-25 08:13:26,611 | INFO | hi-lo.gumbel-kernel : BOTTOM-RIGHT
tensor([[0.0000e+00, 1.0515e-24, 4.9944e-11],
        [1.0515e-24, 4.9944e-11, 3.2997e-04],
        [4.9944e-11, 3.2997e-04, 9.9934e-01]])
2023-10-25 08:13:50,863 | INFO | hi-lo : END EPOCH:  20 | ACCURACY: 3.12 | LOSS: 4.211881637573242
2023-10-25 08:13:50,864 | INFO | hi-lo : BEGIN EPOCH 21 =========================================================================
2023-10-25 08:13:50,864 | INFO | hi-lo.kernel-accessor : Fetching kernel: gumbel
2023-10-25 08:13:50,864 | INFO | hi-lo.gumbel-kernel : MU (LOCATION): -0.07231826335191727 | BETA (SCALE): 0.4378226697444916
2023-10-25 08:13:50,865 | INFO | hi-lo.gumbel-kernel : TOP-LEFT
