2023-12-09 16:30:45,120 | INFO | hi-lo : 
+==============================================================+
|                                                              |
| ██████╗  █████╗ ██████╗ ██╗         ██╗      █████╗ ██████╗  |
| ██╔══██╗██╔══██╗██╔══██╗██║         ██║     ██╔══██╗██╔══██╗ |
| ██║  ██║███████║██║  ██║██║         ██║     ███████║██████╔╝ |
| ██║  ██║██╔══██║██║  ██║██║         ██║     ██╔══██║██╔══██╗ |
| ██████╔╝██║  ██║██████╔╝███████╗    ███████╗██║  ██║██████╔╝ |
| ╚═════╝ ╚═╝  ╚═╝╚═════╝ ╚══════╝    ╚══════╝╚═╝  ╚═╝╚═════╝  |
|                                                              |
+==============================================================+
|             Hi-Lo Resolution Image Classification            |
|             -------------------------------------            |
|                       Gabriel C. Trahan                      |
|                          Sahan Ahmad                         |
|                       MD  Aminual Islam                      |
+==============================================================+
| MODEL:                 normal | LR:                      0.1 |
| DISTRO:                gumbel | KERNEL TYPE:              14 |
| DATASET:                mnist | BATCH SIZE:               64 |
+=========================================================================+
2023-12-09 16:30:45,120 | INFO | hi-lo : Output directory: output/normal/gumbel/14/mnist/20231209_163045
2023-12-09 16:30:45,120 | INFO | hi-lo.dataset-accessor : Fetching dataset: mnist
2023-12-09 16:30:45,120 | INFO | hi-lo.mnist-dataset : Initializing transform.
2023-12-09 16:30:45,121 | INFO | hi-lo.mnist-dataset : Verifying/downloading train data.
2023-12-09 16:30:45,172 | INFO | hi-lo.mnist-dataset : Verifying/downloading test data.
2023-12-09 16:30:45,177 | INFO | hi-lo.mnist-dataset : Creating train data loader.
2023-12-09 16:30:45,177 | INFO | hi-lo.mnist-dataset : Creating test data loader.
2023-12-09 16:30:46,190 | INFO | hi-lo : Using device: NVIDIA GeForce GTX 1060 6GB
2023-12-09 16:30:46,190 | INFO | hi-lo : Commencing training phase...
2023-12-09 16:30:46,191 | INFO | hi-lo : BEGIN EPOCH 1 =========================================================================
2023-12-09 16:30:46,191 | INFO | hi-lo.kernel-accessor : Fetching kernel: gumbel
2023-12-09 16:30:46,192 | INFO | hi-lo.gumbel-kernel : MU (LOCATION): 0.0 | BETA (SCALE): 1.0
2023-12-09 16:30:46,192 | INFO | hi-lo.gumbel-kernel : TOP-RIGHT
tensor([[2.0072e-04, 5.8259e-02, 8.8288e-01],
        [2.2609e-10, 2.0072e-04, 5.8259e-02],
        [8.5377e-26, 2.2609e-10, 2.0072e-04]])
2023-12-09 16:30:46,193 | INFO | hi-lo.kernel-accessor : Fetching kernel: gumbel
2023-12-09 16:30:46,193 | INFO | hi-lo.gumbel-kernel : MU (LOCATION): 0.0 | BETA (SCALE): 1.0
2023-12-09 16:30:46,193 | INFO | hi-lo.gumbel-kernel : BOTTOM-RIGHT
tensor([[8.5377e-26, 2.2609e-10, 2.0072e-04],
        [2.2609e-10, 2.0072e-04, 5.8259e-02],
        [2.0072e-04, 5.8259e-02, 8.8288e-01]])
2023-12-09 16:30:46,193 | INFO | hi-lo.kernel-accessor : Fetching kernel: gumbel
2023-12-09 16:30:46,193 | INFO | hi-lo.gumbel-kernel : MU (LOCATION): 0.0 | BETA (SCALE): 1.0
2023-12-09 16:30:46,194 | INFO | hi-lo.gumbel-kernel : TOP-LEFT
tensor([[8.8288e-01, 5.8259e-02, 2.0072e-04],
        [5.8259e-02, 2.0072e-04, 2.2609e-10],
        [2.0072e-04, 2.2609e-10, 8.5377e-26]])
2023-12-09 16:30:46,194 | INFO | hi-lo.kernel-accessor : Fetching kernel: gumbel
2023-12-09 16:30:46,194 | INFO | hi-lo.gumbel-kernel : MU (LOCATION): 0.0 | BETA (SCALE): 1.0
2023-12-09 16:30:46,194 | INFO | hi-lo.gumbel-kernel : BOTTOM-LEFT
tensor([[2.0072e-04, 2.2609e-10, 8.5377e-26],
        [5.8259e-02, 2.0072e-04, 2.2609e-10],
        [8.8288e-01, 5.8259e-02, 2.0072e-04]])
2023-12-09 16:30:55,078 | INFO | hi-lo : END EPOCH:   1 | ACCURACY: 98.44 | LOSS: 0.22959786653518677
2023-12-09 16:30:55,078 | INFO | hi-lo : BEGIN EPOCH 2 =========================================================================
2023-12-09 16:30:55,078 | INFO | hi-lo.kernel-accessor : Fetching kernel: gumbel
2023-12-09 16:30:55,079 | INFO | hi-lo.gumbel-kernel : MU (LOCATION): -0.7390699982643127 | BETA (SCALE): 0.6122643947601318
2023-12-09 16:30:55,080 | INFO | hi-lo.gumbel-kernel : TOP-RIGHT
tensor([[0.0000e+00, 1.9115e-21, 1.0000e+00],
        [0.0000e+00, 0.0000e+00, 1.9115e-21],
        [0.0000e+00, 0.0000e+00, 0.0000e+00]])
2023-12-09 16:30:55,080 | INFO | hi-lo.kernel-accessor : Fetching kernel: gumbel
2023-12-09 16:30:55,080 | INFO | hi-lo.gumbel-kernel : MU (LOCATION): -0.5733723640441895 | BETA (SCALE): 0.5294357538223267
2023-12-09 16:30:55,081 | INFO | hi-lo.gumbel-kernel : BOTTOM-RIGHT
tensor([[0.0000e+00, 0.0000e+00, 0.0000e+00],
        [0.0000e+00, 0.0000e+00, 8.3426e-23],
        [0.0000e+00, 8.3426e-23, 1.0000e+00]])
2023-12-09 16:30:55,081 | INFO | hi-lo.kernel-accessor : Fetching kernel: gumbel
2023-12-09 16:30:55,081 | INFO | hi-lo.gumbel-kernel : MU (LOCATION): -0.38649141788482666 | BETA (SCALE): 0.7693828344345093
2023-12-09 16:30:55,082 | INFO | hi-lo.gumbel-kernel : TOP-RIGHT
tensor([[1.2480e-16, 1.8643e-04, 9.9963e-01],
        [0.0000e+00, 1.2480e-16, 1.8643e-04],
        [0.0000e+00, 0.0000e+00, 1.2480e-16]])
2023-12-09 16:30:55,082 | INFO | hi-lo.kernel-accessor : Fetching kernel: gumbel
2023-12-09 16:30:55,082 | INFO | hi-lo.gumbel-kernel : MU (LOCATION): -0.7493663430213928 | BETA (SCALE): 1.1780697107315063
2023-12-09 16:30:55,083 | INFO | hi-lo.gumbel-kernel : TOP-LEFT
tensor([[9.9280e-01, 3.5986e-03, 2.2139e-08],
        [3.5986e-03, 2.2139e-08, 4.5731e-20],
        [2.2139e-08, 4.5731e-20, 0.0000e+00]])
2023-12-09 16:31:02,990 | INFO | hi-lo : END EPOCH:   2 | ACCURACY: 96.88 | LOSS: 0.1513165384531021
2023-12-09 16:31:02,990 | INFO | hi-lo : BEGIN EPOCH 3 =========================================================================
2023-12-09 16:31:02,990 | INFO | hi-lo.kernel-accessor : Fetching kernel: gumbel
2023-12-09 16:31:02,991 | INFO | hi-lo.gumbel-kernel : MU (LOCATION): -0.7591748833656311 | BETA (SCALE): 0.5945413112640381
2023-12-09 16:31:02,991 | INFO | hi-lo.gumbel-kernel : TOP-LEFT
tensor([[1.0000e+00, 6.8575e-26, 0.0000e+00],
        [6.8575e-26, 0.0000e+00, 0.0000e+00],
        [0.0000e+00, 0.0000e+00, 0.0000e+00]])
2023-12-09 16:31:02,992 | INFO | hi-lo.kernel-accessor : Fetching kernel: gumbel
2023-12-09 16:31:02,992 | INFO | hi-lo.gumbel-kernel : MU (LOCATION): -0.751801609992981 | BETA (SCALE): 0.6163942813873291
2023-12-09 16:31:02,993 | INFO | hi-lo.gumbel-kernel : BOTTOM-RIGHT
tensor([[0.0000e+00, 0.0000e+00, 0.0000e+00],
        [0.0000e+00, 0.0000e+00, 1.1333e-21],
        [0.0000e+00, 1.1333e-21, 1.0000e+00]])
2023-12-09 16:31:02,993 | INFO | hi-lo.kernel-accessor : Fetching kernel: gumbel
2023-12-09 16:31:02,993 | INFO | hi-lo.gumbel-kernel : MU (LOCATION): -0.49551329016685486 | BETA (SCALE): 0.9350214004516602
2023-12-09 16:31:02,994 | INFO | hi-lo.gumbel-kernel : TOP-LEFT
tensor([[9.9727e-01, 1.3660e-03, 4.7950e-11],
        [1.3660e-03, 4.7950e-11, 7.0409e-32],
        [4.7950e-11, 7.0409e-32, 0.0000e+00]])
2023-12-09 16:31:02,994 | INFO | hi-lo.kernel-accessor : Fetching kernel: gumbel
2023-12-09 16:31:02,994 | INFO | hi-lo.gumbel-kernel : MU (LOCATION): -0.8862422704696655 | BETA (SCALE): 1.2936639785766602
2023-12-09 16:31:02,995 | INFO | hi-lo.gumbel-kernel : TOP-RIGHT
tensor([[1.0295e-07, 4.6424e-03, 9.9071e-01],
        [2.0996e-17, 1.0295e-07, 4.6424e-03],
        [5.2680e-38, 2.0996e-17, 1.0295e-07]])
2023-12-09 16:31:10,898 | INFO | hi-lo : END EPOCH:   3 | ACCURACY: 97.25 | LOSS: 0.12000573426485062
2023-12-09 16:31:10,898 | INFO | hi-lo : BEGIN EPOCH 4 =========================================================================
2023-12-09 16:31:10,898 | INFO | hi-lo.kernel-accessor : Fetching kernel: gumbel
2023-12-09 16:31:10,899 | INFO | hi-lo.gumbel-kernel : MU (LOCATION): -0.7367045879364014 | BETA (SCALE): 0.6143984794616699
2023-12-09 16:31:10,899 | INFO | hi-lo.gumbel-kernel : TOP-RIGHT
tensor([[0.0000e+00, 5.5150e-21, 1.0000e+00],
        [0.0000e+00, 0.0000e+00, 5.5150e-21],
        [0.0000e+00, 0.0000e+00, 0.0000e+00]])
2023-12-09 16:31:10,900 | INFO | hi-lo.kernel-accessor : Fetching kernel: gumbel
2023-12-09 16:31:10,900 | INFO | hi-lo.gumbel-kernel : MU (LOCATION): -0.6562796235084534 | BETA (SCALE): 0.6160001158714294
2023-12-09 16:31:10,900 | INFO | hi-lo.gumbel-kernel : TOP-RIGHT
tensor([[0.0000e+00, 2.5634e-16, 1.0000e+00],
        [0.0000e+00, 0.0000e+00, 2.5634e-16],
        [0.0000e+00, 0.0000e+00, 0.0000e+00]])
2023-12-09 16:31:10,901 | INFO | hi-lo.kernel-accessor : Fetching kernel: gumbel
2023-12-09 16:31:10,901 | INFO | hi-lo.gumbel-kernel : MU (LOCATION): -0.436323344707489 | BETA (SCALE): 0.8278899788856506
2023-12-09 16:31:10,902 | INFO | hi-lo.gumbel-kernel : TOP-RIGHT
tensor([[1.7460e-14, 3.5581e-04, 9.9929e-01],
        [0.0000e+00, 1.7460e-14, 3.5581e-04],
        [0.0000e+00, 0.0000e+00, 1.7460e-14]])
2023-12-09 16:31:10,902 | INFO | hi-lo.kernel-accessor : Fetching kernel: gumbel
2023-12-09 16:31:10,902 | INFO | hi-lo.gumbel-kernel : MU (LOCATION): -0.9399015307426453 | BETA (SCALE): 1.3699517250061035
2023-12-09 16:31:10,903 | INFO | hi-lo.gumbel-kernel : BOTTOM-RIGHT
tensor([[4.8649e-32, 2.8420e-15, 4.9911e-07],
        [2.8420e-15, 4.9911e-07, 6.8510e-03],
        [4.9911e-07, 6.8510e-03, 9.8630e-01]])
2023-12-09 16:31:18,840 | INFO | hi-lo : END EPOCH:   4 | ACCURACY: 100.0 | LOSS: 0.0024178950116038322
2023-12-09 16:31:18,840 | INFO | hi-lo : BEGIN EPOCH 5 =========================================================================
2023-12-09 16:31:18,840 | INFO | hi-lo.kernel-accessor : Fetching kernel: gumbel
2023-12-09 16:31:18,841 | INFO | hi-lo.gumbel-kernel : MU (LOCATION): -0.7355241179466248 | BETA (SCALE): 0.6161813139915466
2023-12-09 16:31:18,842 | INFO | hi-lo.gumbel-kernel : TOP-RIGHT
tensor([[0.0000e+00, 1.1645e-20, 1.0000e+00],
        [0.0000e+00, 0.0000e+00, 1.1645e-20],
        [0.0000e+00, 0.0000e+00, 0.0000e+00]])
2023-12-09 16:31:18,842 | INFO | hi-lo.kernel-accessor : Fetching kernel: gumbel
2023-12-09 16:31:18,842 | INFO | hi-lo.gumbel-kernel : MU (LOCATION): -0.5959547162055969 | BETA (SCALE): 0.5927976369857788
2023-12-09 16:31:18,843 | INFO | hi-lo.gumbel-kernel : TOP-RIGHT
tensor([[0.0000e+00, 9.7142e-16, 1.0000e+00],
        [0.0000e+00, 0.0000e+00, 9.7142e-16],
        [0.0000e+00, 0.0000e+00, 0.0000e+00]])
2023-12-09 16:31:18,843 | INFO | hi-lo.kernel-accessor : Fetching kernel: gumbel
2023-12-09 16:31:18,843 | INFO | hi-lo.gumbel-kernel : MU (LOCATION): -0.47541317343711853 | BETA (SCALE): 0.810522735118866
2023-12-09 16:31:18,844 | INFO | hi-lo.gumbel-kernel : BOTTOM-LEFT
tensor([[5.9999e-17, 0.0000e+00, 0.0000e+00],
        [1.1153e-04, 5.9999e-17, 0.0000e+00],
        [9.9978e-01, 1.1153e-04, 5.9999e-17]])
2023-12-09 16:31:18,844 | INFO | hi-lo.kernel-accessor : Fetching kernel: gumbel
2023-12-09 16:31:18,844 | INFO | hi-lo.gumbel-kernel : MU (LOCATION): -0.7787793874740601 | BETA (SCALE): 1.140516996383667
2023-12-09 16:31:18,845 | INFO | hi-lo.gumbel-kernel : BOTTOM-RIGHT
tensor([[0.0000e+00, 8.7045e-24, 1.2907e-09],
        [8.7045e-24, 1.2907e-09, 1.6980e-03],
        [1.2907e-09, 1.6980e-03, 9.9660e-01]])
2023-12-09 16:31:26,767 | INFO | hi-lo : END EPOCH:   5 | ACCURACY: 99.13 | LOSS: 0.11585165560245514
2023-12-09 16:31:26,767 | INFO | hi-lo : BEGIN EPOCH 6 =========================================================================
2023-12-09 16:31:26,767 | INFO | hi-lo.kernel-accessor : Fetching kernel: gumbel
2023-12-09 16:31:26,768 | INFO | hi-lo.gumbel-kernel : MU (LOCATION): -0.7412020564079285 | BETA (SCALE): 0.613091230392456
2023-12-09 16:31:26,768 | INFO | hi-lo.gumbel-kernel : BOTTOM-RIGHT
tensor([[0.0000e+00, 0.0000e+00, 0.0000e+00],
        [0.0000e+00, 0.0000e+00, 1.8327e-21],
        [0.0000e+00, 1.8327e-21, 1.0000e+00]])
2023-12-09 16:31:26,769 | INFO | hi-lo.kernel-accessor : Fetching kernel: gumbel
2023-12-09 16:31:26,769 | INFO | hi-lo.gumbel-kernel : MU (LOCATION): -0.5888321399688721 | BETA (SCALE): 0.6027407050132751
2023-12-09 16:31:26,770 | INFO | hi-lo.gumbel-kernel : BOTTOM-RIGHT
tensor([[0.0000e+00, 0.0000e+00, 0.0000e+00],
        [0.0000e+00, 0.0000e+00, 1.7474e-14],
        [0.0000e+00, 1.7474e-14, 1.0000e+00]])
2023-12-09 16:31:26,770 | INFO | hi-lo.kernel-accessor : Fetching kernel: gumbel
2023-12-09 16:31:26,770 | INFO | hi-lo.gumbel-kernel : MU (LOCATION): -0.461344838142395 | BETA (SCALE): 0.8034207820892334
2023-12-09 16:31:26,771 | INFO | hi-lo.gumbel-kernel : TOP-LEFT
tensor([[9.9976e-01, 1.1865e-04, 6.0453e-17],
        [1.1865e-04, 6.0452e-17, 0.0000e+00],
        [6.0453e-17, 0.0000e+00, 0.0000e+00]])
2023-12-09 16:31:26,771 | INFO | hi-lo.kernel-accessor : Fetching kernel: gumbel
2023-12-09 16:31:26,771 | INFO | hi-lo.gumbel-kernel : MU (LOCATION): -0.7691215872764587 | BETA (SCALE): 1.0462710857391357
2023-12-09 16:31:26,772 | INFO | hi-lo.gumbel-kernel : TOP-RIGHT
tensor([[1.9084e-12, 3.6349e-04, 9.9927e-01],
        [2.5813e-33, 1.9084e-12, 3.6349e-04],
        [0.0000e+00, 2.5813e-33, 1.9084e-12]])
2023-12-09 16:31:34,712 | INFO | hi-lo : END EPOCH:   6 | ACCURACY: 97.92 | LOSS: 0.2454092651605606
2023-12-09 16:31:34,713 | INFO | hi-lo : BEGIN EPOCH 7 =========================================================================
2023-12-09 16:31:34,713 | INFO | hi-lo.kernel-accessor : Fetching kernel: gumbel
2023-12-09 16:31:34,713 | INFO | hi-lo.gumbel-kernel : MU (LOCATION): 1 | BETA (SCALE): 1
2023-12-09 16:31:34,714 | INFO | hi-lo.gumbel-kernel : STATIC
tensor([[5.6765e-01, 1.6550e-01, 3.2357e-02],
        [1.6550e-01, 3.2357e-02, 2.1352e-03],
        [3.2357e-02, 2.1352e-03, 7.3562e-06]])
2023-12-09 16:31:34,714 | INFO | hi-lo.kernel-accessor : Fetching kernel: gumbel
2023-12-09 16:31:34,715 | INFO | hi-lo.gumbel-kernel : MU (LOCATION): -0.7193603515625 | BETA (SCALE): 0.652572751045227
2023-12-09 16:31:34,715 | INFO | hi-lo.gumbel-kernel : TOP-LEFT
tensor([[1.0000e+00, 1.1033e-15, 0.0000e+00],
        [1.1033e-15, 0.0000e+00, 0.0000e+00],
        [0.0000e+00, 0.0000e+00, 0.0000e+00]])
2023-12-09 16:31:34,715 | INFO | hi-lo.kernel-accessor : Fetching kernel: gumbel
2023-12-09 16:31:34,716 | INFO | hi-lo.gumbel-kernel : MU (LOCATION): 1 | BETA (SCALE): 1
2023-12-09 16:31:34,716 | INFO | hi-lo.gumbel-kernel : STATIC
tensor([[5.6765e-01, 1.6550e-01, 3.2357e-02],
        [1.6550e-01, 3.2357e-02, 2.1352e-03],
        [3.2357e-02, 2.1352e-03, 7.3562e-06]])
2023-12-09 16:31:34,716 | INFO | hi-lo.kernel-accessor : Fetching kernel: gumbel
2023-12-09 16:31:34,717 | INFO | hi-lo.gumbel-kernel : MU (LOCATION): -0.7599561810493469 | BETA (SCALE): 1.1822837591171265
2023-12-09 16:31:34,717 | INFO | hi-lo.gumbel-kernel : TOP-RIGHT
tensor([[2.0254e-08, 3.4733e-03, 9.9305e-01],
        [3.9796e-20, 2.0254e-08, 3.4733e-03],
        [0.0000e+00, 3.9796e-20, 2.0254e-08]])
2023-12-09 16:31:42,628 | INFO | hi-lo : END EPOCH:   7 | ACCURACY: 100.0 | LOSS: 0.1999375969171524
2023-12-09 16:31:42,628 | INFO | hi-lo : BEGIN EPOCH 8 =========================================================================
2023-12-09 16:31:42,629 | INFO | hi-lo.kernel-accessor : Fetching kernel: gumbel
2023-12-09 16:31:42,629 | INFO | hi-lo.gumbel-kernel : MU (LOCATION): -0.7424719333648682 | BETA (SCALE): 0.6162431836128235
2023-12-09 16:31:42,630 | INFO | hi-lo.gumbel-kernel : BOTTOM-LEFT
tensor([[0.0000e+00, 0.0000e+00, 0.0000e+00],
        [4.3289e-21, 0.0000e+00, 0.0000e+00],
        [1.0000e+00, 4.3289e-21, 0.0000e+00]])
2023-12-09 16:31:42,630 | INFO | hi-lo.kernel-accessor : Fetching kernel: gumbel
2023-12-09 16:31:42,630 | INFO | hi-lo.gumbel-kernel : MU (LOCATION): -0.7549579739570618 | BETA (SCALE): 0.7849224209785461
2023-12-09 16:31:42,631 | INFO | hi-lo.gumbel-kernel : BOTTOM-LEFT
tensor([[7.3200e-37, 0.0000e+00, 0.0000e+00],
        [6.1715e-09, 7.3200e-37, 0.0000e+00],
        [1.0000e+00, 6.1715e-09, 7.3200e-37]])
2023-12-09 16:31:42,631 | INFO | hi-lo.kernel-accessor : Fetching kernel: gumbel
2023-12-09 16:31:42,632 | INFO | hi-lo.gumbel-kernel : MU (LOCATION): 1 | BETA (SCALE): 1
2023-12-09 16:31:42,632 | INFO | hi-lo.gumbel-kernel : STATIC
tensor([[5.6765e-01, 1.6550e-01, 3.2357e-02],
        [1.6550e-01, 3.2357e-02, 2.1352e-03],
        [3.2357e-02, 2.1352e-03, 7.3562e-06]])
2023-12-09 16:31:42,632 | INFO | hi-lo.kernel-accessor : Fetching kernel: gumbel
2023-12-09 16:31:42,633 | INFO | hi-lo.gumbel-kernel : MU (LOCATION): -0.5830540657043457 | BETA (SCALE): 1.2799819707870483
2023-12-09 16:31:42,633 | INFO | hi-lo.gumbel-kernel : TOP-RIGHT
tensor([[1.6915e-05, 2.2974e-02, 9.5400e-01],
        [6.1236e-12, 1.6915e-05, 2.2974e-02],
        [1.3171e-25, 6.1236e-12, 1.6915e-05]])
2023-12-09 16:31:50,501 | INFO | hi-lo : END EPOCH:   8 | ACCURACY: 100.0 | LOSS: 0.06543704867362976
2023-12-09 16:31:50,501 | INFO | hi-lo : BEGIN EPOCH 9 =========================================================================
2023-12-09 16:31:50,502 | INFO | hi-lo.kernel-accessor : Fetching kernel: gumbel
2023-12-09 16:31:50,502 | INFO | hi-lo.gumbel-kernel : MU (LOCATION): 1 | BETA (SCALE): 1
2023-12-09 16:31:50,503 | INFO | hi-lo.gumbel-kernel : STATIC
tensor([[5.6765e-01, 1.6550e-01, 3.2357e-02],
        [1.6550e-01, 3.2357e-02, 2.1352e-03],
        [3.2357e-02, 2.1352e-03, 7.3562e-06]])
2023-12-09 16:31:50,503 | INFO | hi-lo.kernel-accessor : Fetching kernel: gumbel
2023-12-09 16:31:50,504 | INFO | hi-lo.gumbel-kernel : MU (LOCATION): -0.6872745156288147 | BETA (SCALE): 0.6571764945983887
2023-12-09 16:31:50,504 | INFO | hi-lo.gumbel-kernel : BOTTOM-LEFT
tensor([[0.0000e+00, 0.0000e+00, 0.0000e+00],
        [5.6162e-14, 0.0000e+00, 0.0000e+00],
        [1.0000e+00, 5.6162e-14, 0.0000e+00]])
2023-12-09 16:31:50,504 | INFO | hi-lo.kernel-accessor : Fetching kernel: gumbel
2023-12-09 16:31:50,505 | INFO | hi-lo.gumbel-kernel : MU (LOCATION): 1 | BETA (SCALE): 1
2023-12-09 16:31:50,505 | INFO | hi-lo.gumbel-kernel : STATIC
tensor([[5.6765e-01, 1.6550e-01, 3.2357e-02],
        [1.6550e-01, 3.2357e-02, 2.1352e-03],
        [3.2357e-02, 2.1352e-03, 7.3562e-06]])
2023-12-09 16:31:50,505 | INFO | hi-lo.kernel-accessor : Fetching kernel: gumbel
2023-12-09 16:31:50,506 | INFO | hi-lo.gumbel-kernel : MU (LOCATION): -0.45642635226249695 | BETA (SCALE): 1.0050157308578491
2023-12-09 16:31:50,506 | INFO | hi-lo.gumbel-kernel : TOP-LEFT
tensor([[9.8933e-01, 5.3339e-03, 2.1307e-08],
        [5.3339e-03, 2.1307e-08, 2.9079e-22],
        [2.1307e-08, 2.9079e-22, 0.0000e+00]])
2023-12-09 16:31:58,430 | INFO | hi-lo : END EPOCH:   9 | ACCURACY: 96.8 | LOSS: 0.075044184923172
2023-12-09 16:31:58,430 | INFO | hi-lo : BEGIN EPOCH 10 =========================================================================
2023-12-09 16:31:58,430 | INFO | hi-lo.kernel-accessor : Fetching kernel: gumbel
2023-12-09 16:31:58,431 | INFO | hi-lo.gumbel-kernel : MU (LOCATION): 1 | BETA (SCALE): 1
2023-12-09 16:31:58,431 | INFO | hi-lo.gumbel-kernel : STATIC
tensor([[5.6765e-01, 1.6550e-01, 3.2357e-02],
        [1.6550e-01, 3.2357e-02, 2.1352e-03],
        [3.2357e-02, 2.1352e-03, 7.3562e-06]])
2023-12-09 16:31:58,432 | INFO | hi-lo.kernel-accessor : Fetching kernel: gumbel
2023-12-09 16:31:58,432 | INFO | hi-lo.gumbel-kernel : MU (LOCATION): 1 | BETA (SCALE): 1
2023-12-09 16:31:58,432 | INFO | hi-lo.gumbel-kernel : STATIC
tensor([[5.6765e-01, 1.6550e-01, 3.2357e-02],
        [1.6550e-01, 3.2357e-02, 2.1352e-03],
        [3.2357e-02, 2.1352e-03, 7.3562e-06]])
2023-12-09 16:31:58,433 | INFO | hi-lo.kernel-accessor : Fetching kernel: gumbel
2023-12-09 16:31:58,433 | INFO | hi-lo.gumbel-kernel : MU (LOCATION): -0.6200737953186035 | BETA (SCALE): 0.9835790991783142
2023-12-09 16:31:58,434 | INFO | hi-lo.gumbel-kernel : TOP-LEFT
tensor([[9.9857e-01, 7.1557e-04, 8.7378e-12],
        [7.1557e-04, 8.7378e-12, 7.0424e-33],
        [8.7378e-12, 7.0424e-33, 0.0000e+00]])
2023-12-09 16:31:58,434 | INFO | hi-lo.kernel-accessor : Fetching kernel: gumbel
2023-12-09 16:31:58,434 | INFO | hi-lo.gumbel-kernel : MU (LOCATION): 1 | BETA (SCALE): 1
2023-12-09 16:31:58,435 | INFO | hi-lo.gumbel-kernel : STATIC
tensor([[5.6765e-01, 1.6550e-01, 3.2357e-02],
        [1.6550e-01, 3.2357e-02, 2.1352e-03],
        [3.2357e-02, 2.1352e-03, 7.3562e-06]])
2023-12-09 16:32:06,333 | INFO | hi-lo : END EPOCH:  10 | ACCURACY: 98.05 | LOSS: 0.020278146490454674
2023-12-09 16:32:06,333 | INFO | hi-lo : BEGIN EPOCH 11 =========================================================================
2023-12-09 16:32:06,333 | INFO | hi-lo.kernel-accessor : Fetching kernel: gumbel
2023-12-09 16:32:06,334 | INFO | hi-lo.gumbel-kernel : MU (LOCATION): -0.7272809147834778 | BETA (SCALE): 0.6269121766090393
2023-12-09 16:32:06,334 | INFO | hi-lo.gumbel-kernel : TOP-LEFT
tensor([[1.0000e+00, 8.7284e-19, 0.0000e+00],
        [8.7284e-19, 0.0000e+00, 0.0000e+00],
        [0.0000e+00, 0.0000e+00, 0.0000e+00]])
2023-12-09 16:32:06,335 | INFO | hi-lo.kernel-accessor : Fetching kernel: gumbel
2023-12-09 16:32:06,335 | INFO | hi-lo.gumbel-kernel : MU (LOCATION): -0.6964381337165833 | BETA (SCALE): 0.8546064496040344
2023-12-09 16:32:06,336 | INFO | hi-lo.gumbel-kernel : TOP-RIGHT
tensor([[1.5368e-22, 3.6849e-06, 9.9999e-01],
        [0.0000e+00, 1.5368e-22, 3.6849e-06],
        [0.0000e+00, 0.0000e+00, 1.5368e-22]])
2023-12-09 16:32:06,336 | INFO | hi-lo.kernel-accessor : Fetching kernel: gumbel
2023-12-09 16:32:06,336 | INFO | hi-lo.gumbel-kernel : MU (LOCATION): -0.48413580656051636 | BETA (SCALE): 1.1000200510025024
2023-12-09 16:32:06,337 | INFO | hi-lo.gumbel-kernel : BOTTOM-LEFT
tensor([[6.2552e-07, 6.9155e-17, 5.1636e-41],
        [1.1051e-02, 6.2552e-07, 6.9155e-17],
        [9.7790e-01, 1.1051e-02, 6.2552e-07]])
2023-12-09 16:32:06,337 | INFO | hi-lo.kernel-accessor : Fetching kernel: gumbel
2023-12-09 16:32:06,337 | INFO | hi-lo.gumbel-kernel : MU (LOCATION): -1.0372945070266724 | BETA (SCALE): 1.8071353435516357
2023-12-09 16:32:06,338 | INFO | hi-lo.gumbel-kernel : TOP-LEFT
tensor([[8.9797e-01, 5.0262e-02, 5.0290e-04],
        [5.0262e-02, 5.0290e-04, 2.5197e-07],
        [5.0290e-04, 2.5197e-07, 6.9140e-13]])
2023-12-09 16:32:14,327 | INFO | hi-lo : END EPOCH:  11 | ACCURACY: 96.86 | LOSS: 0.17227990925312042
2023-12-09 16:32:14,327 | INFO | hi-lo : BEGIN EPOCH 12 =========================================================================
2023-12-09 16:32:14,327 | INFO | hi-lo.kernel-accessor : Fetching kernel: gumbel
2023-12-09 16:32:14,328 | INFO | hi-lo.gumbel-kernel : MU (LOCATION): 1 | BETA (SCALE): 1
2023-12-09 16:32:14,328 | INFO | hi-lo.gumbel-kernel : STATIC
tensor([[5.6765e-01, 1.6550e-01, 3.2357e-02],
        [1.6550e-01, 3.2357e-02, 2.1352e-03],
        [3.2357e-02, 2.1352e-03, 7.3562e-06]])
2023-12-09 16:32:14,329 | INFO | hi-lo.kernel-accessor : Fetching kernel: gumbel
2023-12-09 16:32:14,329 | INFO | hi-lo.gumbel-kernel : MU (LOCATION): -0.9217367768287659 | BETA (SCALE): 0.869409441947937
2023-12-09 16:32:14,330 | INFO | hi-lo.gumbel-kernel : TOP-LEFT
tensor([[1.0000e+00, 4.8584e-09, 3.1902e-34],
        [4.8584e-09, 3.1902e-34, 0.0000e+00],
        [3.1902e-34, 0.0000e+00, 0.0000e+00]])
2023-12-09 16:32:14,330 | INFO | hi-lo.kernel-accessor : Fetching kernel: gumbel
2023-12-09 16:32:14,330 | INFO | hi-lo.gumbel-kernel : MU (LOCATION): 1 | BETA (SCALE): 1
2023-12-09 16:32:14,331 | INFO | hi-lo.gumbel-kernel : STATIC
tensor([[5.6765e-01, 1.6550e-01, 3.2357e-02],
        [1.6550e-01, 3.2357e-02, 2.1352e-03],
        [3.2357e-02, 2.1352e-03, 7.3562e-06]])
2023-12-09 16:32:14,331 | INFO | hi-lo.kernel-accessor : Fetching kernel: gumbel
2023-12-09 16:32:14,331 | INFO | hi-lo.gumbel-kernel : MU (LOCATION): -1.4065104722976685 | BETA (SCALE): 2.4059927463531494
2023-12-09 16:32:14,332 | INFO | hi-lo.gumbel-kernel : BOTTOM-LEFT
tensor([[5.2770e-03, 7.7177e-05, 1.5850e-07],
        [9.8781e-02, 5.2770e-03, 7.7177e-05],
        [7.8645e-01, 9.8781e-02, 5.2770e-03]])
2023-12-09 16:32:22,338 | INFO | hi-lo : END EPOCH:  12 | ACCURACY: 97.5 | LOSS: 0.040324196219444275
2023-12-09 16:32:22,339 | INFO | hi-lo : BEGIN EPOCH 13 =========================================================================
2023-12-09 16:32:22,339 | INFO | hi-lo.kernel-accessor : Fetching kernel: gumbel
2023-12-09 16:32:22,340 | INFO | hi-lo.gumbel-kernel : MU (LOCATION): 1 | BETA (SCALE): 1
2023-12-09 16:32:22,340 | INFO | hi-lo.gumbel-kernel : STATIC
tensor([[5.6765e-01, 1.6550e-01, 3.2357e-02],
        [1.6550e-01, 3.2357e-02, 2.1352e-03],
        [3.2357e-02, 2.1352e-03, 7.3562e-06]])
2023-12-09 16:32:22,340 | INFO | hi-lo.kernel-accessor : Fetching kernel: gumbel
2023-12-09 16:32:22,341 | INFO | hi-lo.gumbel-kernel : MU (LOCATION): 1 | BETA (SCALE): 1
2023-12-09 16:32:22,341 | INFO | hi-lo.gumbel-kernel : STATIC
tensor([[5.6765e-01, 1.6550e-01, 3.2357e-02],
        [1.6550e-01, 3.2357e-02, 2.1352e-03],
        [3.2357e-02, 2.1352e-03, 7.3562e-06]])
2023-12-09 16:32:22,341 | INFO | hi-lo.kernel-accessor : Fetching kernel: gumbel
2023-12-09 16:32:22,342 | INFO | hi-lo.gumbel-kernel : MU (LOCATION): 1 | BETA (SCALE): 1
2023-12-09 16:32:22,342 | INFO | hi-lo.gumbel-kernel : STATIC
tensor([[5.6765e-01, 1.6550e-01, 3.2357e-02],
        [1.6550e-01, 3.2357e-02, 2.1352e-03],
        [3.2357e-02, 2.1352e-03, 7.3562e-06]])
2023-12-09 16:32:22,342 | INFO | hi-lo.kernel-accessor : Fetching kernel: gumbel
2023-12-09 16:32:22,343 | INFO | hi-lo.gumbel-kernel : MU (LOCATION): -0.6273243427276611 | BETA (SCALE): 1.4110835790634155
2023-12-09 16:32:22,343 | INFO | hi-lo.gumbel-kernel : TOP-RIGHT
tensor([[1.1158e-04, 3.7060e-02, 9.2555e-01],
        [1.7515e-09, 1.1158e-04, 3.7060e-02],
        [6.3404e-19, 1.7515e-09, 1.1158e-04]])
2023-12-09 16:32:30,379 | INFO | hi-lo : END EPOCH:  13 | ACCURACY: 96.88 | LOSS: 0.1370617002248764
2023-12-09 16:32:30,379 | INFO | hi-lo : BEGIN EPOCH 14 =========================================================================
2023-12-09 16:32:30,379 | INFO | hi-lo.kernel-accessor : Fetching kernel: gumbel
2023-12-09 16:32:30,380 | INFO | hi-lo.gumbel-kernel : MU (LOCATION): 1 | BETA (SCALE): 1
2023-12-09 16:32:30,380 | INFO | hi-lo.gumbel-kernel : STATIC
tensor([[5.6765e-01, 1.6550e-01, 3.2357e-02],
        [1.6550e-01, 3.2357e-02, 2.1352e-03],
        [3.2357e-02, 2.1352e-03, 7.3562e-06]])
2023-12-09 16:32:30,380 | INFO | hi-lo.kernel-accessor : Fetching kernel: gumbel
2023-12-09 16:32:30,381 | INFO | hi-lo.gumbel-kernel : MU (LOCATION): -0.8778570890426636 | BETA (SCALE): 1.0680712461471558
2023-12-09 16:32:30,381 | INFO | hi-lo.gumbel-kernel : TOP-RIGHT
tensor([[6.5331e-14, 1.2846e-04, 9.9974e-01],
        [5.5288e-37, 6.5331e-14, 1.2846e-04],
        [0.0000e+00, 5.5288e-37, 6.5331e-14]])
2023-12-09 16:32:30,381 | INFO | hi-lo.kernel-accessor : Fetching kernel: gumbel
2023-12-09 16:32:30,382 | INFO | hi-lo.gumbel-kernel : MU (LOCATION): -0.715507984161377 | BETA (SCALE): 1.3112411499023438
2023-12-09 16:32:30,382 | INFO | hi-lo.gumbel-kernel : TOP-RIGHT
tensor([[4.7054e-06, 1.4995e-02, 9.7000e-01],
        [3.4718e-13, 4.7054e-06, 1.4995e-02],
        [4.2548e-28, 3.4718e-13, 4.7054e-06]])
2023-12-09 16:32:30,383 | INFO | hi-lo.kernel-accessor : Fetching kernel: gumbel
2023-12-09 16:32:30,383 | INFO | hi-lo.gumbel-kernel : MU (LOCATION): -0.5008324980735779 | BETA (SCALE): 1.2715662717819214
2023-12-09 16:32:30,383 | INFO | hi-lo.gumbel-kernel : BOTTOM-LEFT
tensor([[4.3811e-05, 6.2760e-11, 2.3738e-23],
        [3.0851e-02, 4.3811e-05, 6.2760e-11],
        [9.3817e-01, 3.0851e-02, 4.3811e-05]])
2023-12-09 16:32:38,428 | INFO | hi-lo : END EPOCH:  14 | ACCURACY: 98.88 | LOSS: 0.1479242742061615
2023-12-09 16:32:38,428 | INFO | hi-lo : BEGIN EPOCH 15 =========================================================================
2023-12-09 16:32:38,428 | INFO | hi-lo.kernel-accessor : Fetching kernel: gumbel
2023-12-09 16:32:38,429 | INFO | hi-lo.gumbel-kernel : MU (LOCATION): 1 | BETA (SCALE): 1
2023-12-09 16:32:38,429 | INFO | hi-lo.gumbel-kernel : STATIC
tensor([[5.6765e-01, 1.6550e-01, 3.2357e-02],
        [1.6550e-01, 3.2357e-02, 2.1352e-03],
        [3.2357e-02, 2.1352e-03, 7.3562e-06]])
2023-12-09 16:32:38,429 | INFO | hi-lo.kernel-accessor : Fetching kernel: gumbel
2023-12-09 16:32:38,430 | INFO | hi-lo.gumbel-kernel : MU (LOCATION): -0.7079159617424011 | BETA (SCALE): 0.8568572402000427
2023-12-09 16:32:38,430 | INFO | hi-lo.gumbel-kernel : BOTTOM-RIGHT
tensor([[0.0000e+00, 0.0000e+00, 7.2457e-23],
        [0.0000e+00, 7.2457e-23, 3.0064e-06],
        [7.2457e-23, 3.0064e-06, 9.9999e-01]])
2023-12-09 16:32:38,431 | INFO | hi-lo.kernel-accessor : Fetching kernel: gumbel
2023-12-09 16:32:38,431 | INFO | hi-lo.gumbel-kernel : MU (LOCATION): -0.6334887146949768 | BETA (SCALE): 1.0985021591186523
2023-12-09 16:32:38,431 | INFO | hi-lo.gumbel-kernel : TOP-RIGHT
tensor([[1.2105e-08, 3.6110e-03, 9.9278e-01],
        [1.1608e-21, 1.2105e-08, 3.6110e-03],
        [0.0000e+00, 1.1608e-21, 1.2105e-08]])
2023-12-09 16:32:38,432 | INFO | hi-lo.kernel-accessor : Fetching kernel: gumbel
2023-12-09 16:32:38,432 | INFO | hi-lo.gumbel-kernel : MU (LOCATION): -0.6252350807189941 | BETA (SCALE): 1.186513066291809
2023-12-09 16:32:38,432 | INFO | hi-lo.gumbel-kernel : TOP-RIGHT
tensor([[6.0658e-07, 9.4942e-03, 9.8101e-01],
        [3.3392e-16, 6.0658e-07, 9.4942e-03],
        [3.1605e-37, 3.3392e-16, 6.0658e-07]])
2023-12-09 16:32:46,538 | INFO | hi-lo : END EPOCH:  15 | ACCURACY: 97.4 | LOSS: 0.045947518199682236
2023-12-09 16:32:46,538 | INFO | hi-lo : BEGIN EPOCH 16 =========================================================================
2023-12-09 16:32:46,538 | INFO | hi-lo.kernel-accessor : Fetching kernel: gumbel
2023-12-09 16:32:46,539 | INFO | hi-lo.gumbel-kernel : MU (LOCATION): -0.7226434946060181 | BETA (SCALE): 0.6344125270843506
2023-12-09 16:32:46,539 | INFO | hi-lo.gumbel-kernel : TOP-LEFT
tensor([[1.0000e+00, 1.1337e-17, 0.0000e+00],
        [1.1337e-17, 0.0000e+00, 0.0000e+00],
        [0.0000e+00, 0.0000e+00, 0.0000e+00]])
2023-12-09 16:32:46,540 | INFO | hi-lo.kernel-accessor : Fetching kernel: gumbel
2023-12-09 16:32:46,540 | INFO | hi-lo.gumbel-kernel : MU (LOCATION): -0.5546035170555115 | BETA (SCALE): 0.7276320457458496
2023-12-09 16:32:46,541 | INFO | hi-lo.gumbel-kernel : BOTTOM-RIGHT
tensor([[0.0000e+00, 0.0000e+00, 4.4100e-31],
        [0.0000e+00, 4.4100e-31, 3.2712e-07],
        [4.4100e-31, 3.2712e-07, 1.0000e+00]])
2023-12-09 16:32:46,541 | INFO | hi-lo.kernel-accessor : Fetching kernel: gumbel
2023-12-09 16:32:46,541 | INFO | hi-lo.gumbel-kernel : MU (LOCATION): -0.4912753999233246 | BETA (SCALE): 0.92281574010849
2023-12-09 16:32:46,542 | INFO | hi-lo.gumbel-kernel : TOP-RIGHT
tensor([[2.0716e-11, 1.1630e-03, 9.9767e-01],
        [2.1593e-33, 2.0716e-11, 1.1630e-03],
        [0.0000e+00, 2.1593e-33, 2.0716e-11]])
2023-12-09 16:32:46,542 | INFO | hi-lo.kernel-accessor : Fetching kernel: gumbel
2023-12-09 16:32:46,542 | INFO | hi-lo.gumbel-kernel : MU (LOCATION): -0.637740433216095 | BETA (SCALE): 1.226733684539795
2023-12-09 16:32:46,543 | INFO | hi-lo.gumbel-kernel : TOP-LEFT
tensor([[9.7550e-01, 1.2245e-02, 1.7292e-06],
        [1.2245e-02, 1.7292e-06, 9.6422e-15],
        [1.7292e-06, 9.6422e-15, 6.0308e-33]])
2023-12-09 16:32:54,686 | INFO | hi-lo : END EPOCH:  16 | ACCURACY: 96.88 | LOSS: 0.054967306554317474
2023-12-09 16:32:54,686 | INFO | hi-lo : BEGIN EPOCH 17 =========================================================================
2023-12-09 16:32:54,687 | INFO | hi-lo.kernel-accessor : Fetching kernel: gumbel
2023-12-09 16:32:54,687 | INFO | hi-lo.gumbel-kernel : MU (LOCATION): -0.764382004737854 | BETA (SCALE): 0.5877535343170166
2023-12-09 16:32:54,687 | INFO | hi-lo.gumbel-kernel : BOTTOM-LEFT
tensor([[0.0000e+00, 0.0000e+00, 0.0000e+00],
        [1.0698e-27, 0.0000e+00, 0.0000e+00],
        [1.0000e+00, 1.0698e-27, 0.0000e+00]])
2023-12-09 16:32:54,688 | INFO | hi-lo.kernel-accessor : Fetching kernel: gumbel
2023-12-09 16:32:54,688 | INFO | hi-lo.gumbel-kernel : MU (LOCATION): -0.6408575773239136 | BETA (SCALE): 0.8087459802627563
2023-12-09 16:32:54,688 | INFO | hi-lo.gumbel-kernel : BOTTOM-RIGHT
tensor([[0.0000e+00, 0.0000e+00, 8.3659e-25],
        [0.0000e+00, 8.3661e-25, 1.9324e-06],
        [8.3659e-25, 1.9324e-06, 1.0000e+00]])
2023-12-09 16:32:54,688 | INFO | hi-lo.kernel-accessor : Fetching kernel: gumbel
2023-12-09 16:32:54,688 | INFO | hi-lo.gumbel-kernel : MU (LOCATION): 1 | BETA (SCALE): 1
2023-12-09 16:32:54,689 | INFO | hi-lo.gumbel-kernel : STATIC
tensor([[5.6765e-01, 1.6550e-01, 3.2357e-02],
        [1.6550e-01, 3.2357e-02, 2.1352e-03],
        [3.2357e-02, 2.1352e-03, 7.3562e-06]])
2023-12-09 16:32:54,689 | INFO | hi-lo.kernel-accessor : Fetching kernel: gumbel
2023-12-09 16:32:54,689 | INFO | hi-lo.gumbel-kernel : MU (LOCATION): -0.8339505791664124 | BETA (SCALE): 1.6304798126220703
2023-12-09 16:32:54,689 | INFO | hi-lo.gumbel-kernel : TOP-LEFT
tensor([[9.0588e-01, 4.6573e-02, 3.2624e-04],
        [4.6573e-02, 3.2624e-04, 5.7605e-08],
        [3.2624e-04, 5.7605e-08, 1.1369e-14]])
2023-12-09 16:33:02,726 | INFO | hi-lo : END EPOCH:  17 | ACCURACY: 98.44 | LOSS: 0.07738905400037766
2023-12-09 16:33:02,726 | INFO | hi-lo : BEGIN EPOCH 18 =========================================================================
2023-12-09 16:33:02,727 | INFO | hi-lo.kernel-accessor : Fetching kernel: gumbel
2023-12-09 16:33:02,727 | INFO | hi-lo.gumbel-kernel : MU (LOCATION): -0.6885259747505188 | BETA (SCALE): 0.6675861477851868
2023-12-09 16:33:02,728 | INFO | hi-lo.gumbel-kernel : TOP-RIGHT
tensor([[0.0000e+00, 3.0540e-13, 1.0000e+00],
        [0.0000e+00, 0.0000e+00, 3.0540e-13],
        [0.0000e+00, 0.0000e+00, 0.0000e+00]])
2023-12-09 16:33:02,728 | INFO | hi-lo.kernel-accessor : Fetching kernel: gumbel
2023-12-09 16:33:02,728 | INFO | hi-lo.gumbel-kernel : MU (LOCATION): -0.5669170022010803 | BETA (SCALE): 0.7563357353210449
2023-12-09 16:33:02,729 | INFO | hi-lo.gumbel-kernel : BOTTOM-RIGHT
tensor([[0.0000e+00, 0.0000e+00, 2.6746e-27],
        [0.0000e+00, 2.6746e-27, 1.1886e-06],
        [2.6746e-27, 1.1886e-06, 1.0000e+00]])
2023-12-09 16:33:02,729 | INFO | hi-lo.kernel-accessor : Fetching kernel: gumbel
2023-12-09 16:33:02,729 | INFO | hi-lo.gumbel-kernel : MU (LOCATION): -0.5181431770324707 | BETA (SCALE): 1.0684322118759155
2023-12-09 16:33:02,730 | INFO | hi-lo.gumbel-kernel : BOTTOM-RIGHT
tensor([[0.0000e+00, 8.5869e-20, 7.5880e-08],
        [8.5869e-20, 7.5880e-08, 6.4963e-03],
        [7.5880e-08, 6.4963e-03, 9.8701e-01]])
2023-12-09 16:33:02,730 | INFO | hi-lo.kernel-accessor : Fetching kernel: gumbel
2023-12-09 16:33:02,731 | INFO | hi-lo.gumbel-kernel : MU (LOCATION): -0.5675800442695618 | BETA (SCALE): 1.4262689352035522
2023-12-09 16:33:02,731 | INFO | hi-lo.gumbel-kernel : BOTTOM-LEFT
tensor([[2.4996e-04, 1.3133e-08, 6.3117e-17],
        [4.7213e-02, 2.4996e-04, 1.3133e-08],
        [9.0482e-01, 4.7213e-02, 2.4996e-04]])
2023-12-09 16:33:10,813 | INFO | hi-lo : END EPOCH:  18 | ACCURACY: 10.77 | LOSS: 2.2927210330963135
2023-12-09 16:33:10,813 | INFO | hi-lo : BEGIN EPOCH 19 =========================================================================
2023-12-09 16:33:10,813 | INFO | hi-lo.kernel-accessor : Fetching kernel: gumbel
2023-12-09 16:33:10,814 | INFO | hi-lo.gumbel-kernel : MU (LOCATION): -0.7389093637466431 | BETA (SCALE): 0.6109693050384521
2023-12-09 16:33:10,815 | INFO | hi-lo.gumbel-kernel : BOTTOM-LEFT
tensor([[0.0000e+00, 0.0000e+00, 0.0000e+00],
        [1.2623e-21, 0.0000e+00, 0.0000e+00],
        [1.0000e+00, 1.2623e-21, 0.0000e+00]])
2023-12-09 16:33:10,815 | INFO | hi-lo.kernel-accessor : Fetching kernel: gumbel
2023-12-09 16:33:10,816 | INFO | hi-lo.gumbel-kernel : MU (LOCATION): 1 | BETA (SCALE): 1
2023-12-09 16:33:10,816 | INFO | hi-lo.gumbel-kernel : STATIC
tensor([[5.6765e-01, 1.6550e-01, 3.2357e-02],
        [1.6550e-01, 3.2357e-02, 2.1352e-03],
        [3.2357e-02, 2.1352e-03, 7.3562e-06]])
2023-12-09 16:33:10,816 | INFO | hi-lo.kernel-accessor : Fetching kernel: gumbel
2023-12-09 16:33:10,817 | INFO | hi-lo.gumbel-kernel : MU (LOCATION): 1 | BETA (SCALE): 1
2023-12-09 16:33:10,817 | INFO | hi-lo.gumbel-kernel : STATIC
tensor([[5.6765e-01, 1.6550e-01, 3.2357e-02],
        [1.6550e-01, 3.2357e-02, 2.1352e-03],
        [3.2357e-02, 2.1352e-03, 7.3562e-06]])
2023-12-09 16:33:10,817 | INFO | hi-lo.kernel-accessor : Fetching kernel: gumbel
2023-12-09 16:33:10,818 | INFO | hi-lo.gumbel-kernel : MU (LOCATION): -0.9105244874954224 | BETA (SCALE): 3.603731632232666
2023-12-09 16:33:10,818 | INFO | hi-lo.gumbel-kernel : TOP-LEFT
tensor([[0.3988, 0.1778, 0.0669],
        [0.1778, 0.0669, 0.0201],
        [0.0669, 0.0201, 0.0045]])
2023-12-09 16:33:18,959 | INFO | hi-lo : END EPOCH:  19 | ACCURACY: 10.32 | LOSS: 2.309433937072754
2023-12-09 16:33:18,959 | INFO | hi-lo : BEGIN EPOCH 20 =========================================================================
2023-12-09 16:33:18,959 | INFO | hi-lo.kernel-accessor : Fetching kernel: gumbel
2023-12-09 16:33:18,960 | INFO | hi-lo.gumbel-kernel : MU (LOCATION): -0.7020188570022583 | BETA (SCALE): 0.6570724844932556
2023-12-09 16:33:18,960 | INFO | hi-lo.gumbel-kernel : TOP-RIGHT
tensor([[0.0000e+00, 1.4556e-14, 1.0000e+00],
        [0.0000e+00, 0.0000e+00, 1.4556e-14],
        [0.0000e+00, 0.0000e+00, 0.0000e+00]])
2023-12-09 16:33:18,960 | INFO | hi-lo.kernel-accessor : Fetching kernel: gumbel
2023-12-09 16:33:18,961 | INFO | hi-lo.gumbel-kernel : MU (LOCATION): -0.36153632402420044 | BETA (SCALE): 0.5392146110534668
2023-12-09 16:33:18,961 | INFO | hi-lo.gumbel-kernel : BOTTOM-RIGHT
tensor([[0.0000e+00, 0.0000e+00, 0.0000e+00],
        [0.0000e+00, 0.0000e+00, 1.7703e-10],
        [0.0000e+00, 1.7703e-10, 1.0000e+00]])
2023-12-09 16:33:18,962 | INFO | hi-lo.kernel-accessor : Fetching kernel: gumbel
2023-12-09 16:33:18,962 | INFO | hi-lo.gumbel-kernel : MU (LOCATION): -0.3071754574775696 | BETA (SCALE): 0.6771619915962219
2023-12-09 16:33:18,962 | INFO | hi-lo.gumbel-kernel : BOTTOM-RIGHT
tensor([[0.0000e+00, 0.0000e+00, 1.4584e-21],
        [0.0000e+00, 1.4584e-21, 5.2878e-05],
        [1.4584e-21, 5.2878e-05, 9.9989e-01]])
2023-12-09 16:33:18,963 | INFO | hi-lo.kernel-accessor : Fetching kernel: gumbel
2023-12-09 16:33:18,963 | INFO | hi-lo.gumbel-kernel : MU (LOCATION): -0.21590179204940796 | BETA (SCALE): 0.8097643852233887
2023-12-09 16:33:18,964 | INFO | hi-lo.gumbel-kernel : BOTTOM-RIGHT
tensor([[0.0000e+00, 1.1048e-31, 8.1945e-10],
        [1.1048e-31, 8.1945e-10, 4.5180e-03],
        [8.1945e-10, 4.5180e-03, 9.9096e-01]])
2023-12-09 16:33:27,080 | INFO | hi-lo : END EPOCH:  20 | ACCURACY: 12.5 | LOSS: 2.3102736473083496
2023-12-09 16:33:27,081 | INFO | hi-lo : BEGIN EPOCH 21 =========================================================================
2023-12-09 16:33:27,081 | INFO | hi-lo.kernel-accessor : Fetching kernel: gumbel
2023-12-09 16:33:27,081 | INFO | hi-lo.gumbel-kernel : MU (LOCATION): -0.7464253902435303 | BETA (SCALE): 0.6115812063217163
2023-12-09 16:33:27,082 | INFO | hi-lo.gumbel-kernel : BOTTOM-RIGHT
tensor([[0.0000e+00, 0.0000e+00, 0.0000e+00],
        [0.0000e+00, 0.0000e+00, 4.9143e-22],
        [0.0000e+00, 4.9143e-22, 1.0000e+00]])
2023-12-09 16:33:27,082 | INFO | hi-lo.kernel-accessor : Fetching kernel: gumbel
2023-12-09 16:33:27,083 | INFO | hi-lo.gumbel-kernel : MU (LOCATION): -0.22791995108127594 | BETA (SCALE): 0.33662426471710205
2023-12-09 16:33:27,083 | INFO | hi-lo.gumbel-kernel : TOP-RIGHT
tensor([[0.0000e+00, 3.8041e-33, 1.0000e+00],
        [0.0000e+00, 0.0000e+00, 3.8041e-33],
        [0.0000e+00, 0.0000e+00, 0.0000e+00]])
2023-12-09 16:33:27,083 | INFO | hi-lo.kernel-accessor : Fetching kernel: gumbel
2023-12-09 16:33:27,084 | INFO | hi-lo.gumbel-kernel : MU (LOCATION): 1 | BETA (SCALE): 1
2023-12-09 16:33:27,084 | INFO | hi-lo.gumbel-kernel : STATIC
tensor([[5.6765e-01, 1.6550e-01, 3.2357e-02],
