2024-03-07 05:36:18,667 | INFO | hilo : 
+==============================================================+
|                                                              |
| ██████╗  █████╗ ██████╗ ██╗         ██╗      █████╗ ██████╗  |
| ██╔══██╗██╔══██╗██╔══██╗██║         ██║     ██╔══██╗██╔══██╗ |
| ██║  ██║███████║██║  ██║██║         ██║     ███████║██████╔╝ |
| ██║  ██║██╔══██║██║  ██║██║         ██║     ██╔══██║██╔══██╗ |
| ██████╔╝██║  ██║██████╔╝███████╗    ███████╗██║  ██║██████╔╝ |
| ╚═════╝ ╚═╝  ╚═╝╚═════╝ ╚══════╝    ╚══════╝╚═╝  ╚═╝╚═════╝  |
+==============================================================+
|             Hi-Lo Resolution Image Classification            |
|             -------------------------------------            |
|                       Gabriel C. Trahan                      |
|                          Sahan Ahmad                         |
|                       MD  Aminual Islam                      |
+==============================================================+
2024-03-07 05:36:20,234 | INFO | hilo.dataset-accessor : Fetching dataset: cifar10
2024-03-07 05:36:20,234 | INFO | hilo.cifar10-dataset : Initializing transform
2024-03-07 05:36:20,235 | INFO | hilo.cifar10-dataset : Verifying/downloading train data
2024-03-07 05:36:20,842 | INFO | hilo.cifar10-dataset : Verifying/downloading test data
2024-03-07 05:36:21,324 | INFO | hilo.cifar10-dataset : Creating train data loader.
2024-03-07 05:36:21,325 | INFO | hilo.cifar10-dataset : Creating test data loader.
2024-03-07 05:36:21,434 | INFO | hilo : Output directory: output/resnet/cifar10/laplace/5/20240307_053620/
2024-03-07 05:36:22,449 | INFO | hilo : Using device: NVIDIA GeForce GTX 1060 6GB
2024-03-07 05:36:22,450 | INFO | hilo : Exeucting job: MODEL resnet | DATASET cifar10 | KERNEL laplace | TYPE 5
2024-03-07 05:36:22,450 | INFO | hilo : Commencing training phase...
2024-03-07 05:36:22,450 | INFO | hilo.kernel-accessor : Fetching kernel: laplace
2024-03-07 05:36:22,450 | INFO | hilo.laplace-kernel : Calculating Laplace distribution (location: 0.0, scale 1.0)
2024-03-07 05:36:22,451 | INFO | hilo.laplace-kernel : TOP-LEFT:
tensor([[0.4425, 0.1628, 0.0599],
        [0.1628, 0.0599, 0.0220],
        [0.0599, 0.0220, 0.0081]])
2024-03-07 05:36:22,451 | INFO | hilo.kernel-accessor : Fetching kernel: laplace
2024-03-07 05:36:22,451 | INFO | hilo.laplace-kernel : Calculating Laplace distribution (location: 0.0, scale 1.0)
2024-03-07 05:36:22,452 | INFO | hilo.laplace-kernel : TOP-RIGHT:
tensor([[0.0599, 0.1628, 0.4425],
        [0.0220, 0.0599, 0.1628],
        [0.0081, 0.0220, 0.0599]])
2024-03-07 05:36:22,452 | INFO | hilo.kernel-accessor : Fetching kernel: laplace
2024-03-07 05:36:22,452 | INFO | hilo.laplace-kernel : Calculating Laplace distribution (location: 0.0, scale 1.0)
2024-03-07 05:36:22,452 | INFO | hilo.laplace-kernel : TOP-RIGHT:
tensor([[0.0599, 0.1628, 0.4425],
        [0.0220, 0.0599, 0.1628],
        [0.0081, 0.0220, 0.0599]])
2024-03-07 05:36:22,452 | INFO | hilo.kernel-accessor : Fetching kernel: laplace
2024-03-07 05:36:22,452 | INFO | hilo.laplace-kernel : Calculating Laplace distribution (location: 0.0, scale 1.0)
2024-03-07 05:36:22,453 | INFO | hilo.laplace-kernel : TOP-LEFT:
tensor([[0.4425, 0.1628, 0.0599],
        [0.1628, 0.0599, 0.0220],
        [0.0599, 0.0220, 0.0081]])
2024-03-07 05:36:22,453 | INFO | hilo.kernel-accessor : Fetching kernel: laplace
2024-03-07 05:36:22,453 | INFO | hilo.laplace-kernel : Calculating Laplace distribution (location: 0.0, scale 1.0)
2024-03-07 05:36:22,453 | INFO | hilo.laplace-kernel : TOP-LEFT:
tensor([[0.4425, 0.1628, 0.0599],
        [0.1628, 0.0599, 0.0220],
        [0.0599, 0.0220, 0.0081]])
2024-03-07 05:36:22,453 | INFO | hilo.kernel-accessor : Fetching kernel: laplace
2024-03-07 05:36:22,453 | INFO | hilo.laplace-kernel : Calculating Laplace distribution (location: 0.0, scale 1.0)
2024-03-07 05:36:22,454 | INFO | hilo.laplace-kernel : TOP-RIGHT:
tensor([[0.0599, 0.1628, 0.4425],
        [0.0220, 0.0599, 0.1628],
        [0.0081, 0.0220, 0.0599]])
2024-03-07 05:36:22,454 | INFO | hilo.kernel-accessor : Fetching kernel: laplace
2024-03-07 05:36:22,454 | INFO | hilo.laplace-kernel : Calculating Laplace distribution (location: 0.0, scale 1.0)
2024-03-07 05:36:22,454 | INFO | hilo.laplace-kernel : TOP-LEFT:
tensor([[0.4425, 0.1628, 0.0599],
        [0.1628, 0.0599, 0.0220],
        [0.0599, 0.0220, 0.0081]])
2024-03-07 05:36:22,454 | INFO | hilo.kernel-accessor : Fetching kernel: laplace
2024-03-07 05:36:22,454 | INFO | hilo.laplace-kernel : Calculating Laplace distribution (location: 0.0, scale 1.0)
2024-03-07 05:36:22,455 | INFO | hilo.laplace-kernel : TOP-RIGHT:
tensor([[0.0599, 0.1628, 0.4425],
        [0.0220, 0.0599, 0.1628],
        [0.0081, 0.0220, 0.0599]])
2024-03-07 05:36:22,455 | INFO | hilo.kernel-accessor : Fetching kernel: laplace
2024-03-07 05:36:22,455 | INFO | hilo.laplace-kernel : Calculating Laplace distribution (location: 0.0, scale 1.0)
2024-03-07 05:36:22,455 | INFO | hilo.laplace-kernel : TOP-RIGHT:
tensor([[0.0599, 0.1628, 0.4425],
        [0.0220, 0.0599, 0.1628],
        [0.0081, 0.0220, 0.0599]])
2024-03-07 05:36:22,455 | INFO | hilo.kernel-accessor : Fetching kernel: laplace
2024-03-07 05:36:22,455 | INFO | hilo.laplace-kernel : Calculating Laplace distribution (location: 0.0, scale 1.0)
2024-03-07 05:36:22,456 | INFO | hilo.laplace-kernel : TOP-LEFT:
tensor([[0.4425, 0.1628, 0.0599],
        [0.1628, 0.0599, 0.0220],
        [0.0599, 0.0220, 0.0081]])
2024-03-07 05:36:22,456 | INFO | hilo.kernel-accessor : Fetching kernel: laplace
2024-03-07 05:36:22,456 | INFO | hilo.laplace-kernel : Calculating Laplace distribution (location: 0.0, scale 1.0)
2024-03-07 05:36:22,456 | INFO | hilo.laplace-kernel : TOP-RIGHT:
tensor([[0.0599, 0.1628, 0.4425],
        [0.0220, 0.0599, 0.1628],
        [0.0081, 0.0220, 0.0599]])
2024-03-07 05:36:22,456 | INFO | hilo.kernel-accessor : Fetching kernel: laplace
2024-03-07 05:36:22,456 | INFO | hilo.laplace-kernel : Calculating Laplace distribution (location: 0.0, scale 1.0)
2024-03-07 05:36:22,457 | INFO | hilo.laplace-kernel : TOP-LEFT:
tensor([[0.4425, 0.1628, 0.0599],
        [0.1628, 0.0599, 0.0220],
        [0.0599, 0.0220, 0.0081]])
2024-03-07 05:36:22,457 | INFO | hilo.kernel-accessor : Fetching kernel: laplace
2024-03-07 05:36:22,457 | INFO | hilo.laplace-kernel : Calculating Laplace distribution (location: 0.0, scale 1.0)
2024-03-07 05:36:22,457 | INFO | hilo.laplace-kernel : TOP-RIGHT:
tensor([[0.0599, 0.1628, 0.4425],
        [0.0220, 0.0599, 0.1628],
        [0.0081, 0.0220, 0.0599]])
2024-03-07 05:36:22,457 | INFO | hilo.kernel-accessor : Fetching kernel: laplace
2024-03-07 05:36:22,457 | INFO | hilo.laplace-kernel : Calculating Laplace distribution (location: 0.0, scale 1.0)
2024-03-07 05:36:22,458 | INFO | hilo.laplace-kernel : TOP-LEFT:
tensor([[0.4425, 0.1628, 0.0599],
        [0.1628, 0.0599, 0.0220],
        [0.0599, 0.0220, 0.0081]])
2024-03-07 05:36:22,458 | INFO | hilo.kernel-accessor : Fetching kernel: laplace
2024-03-07 05:36:22,458 | INFO | hilo.laplace-kernel : Calculating Laplace distribution (location: 0.0, scale 1.0)
2024-03-07 05:36:22,458 | INFO | hilo.laplace-kernel : TOP-RIGHT:
tensor([[0.0599, 0.1628, 0.4425],
        [0.0220, 0.0599, 0.1628],
        [0.0081, 0.0220, 0.0599]])
2024-03-07 05:36:22,458 | INFO | hilo.kernel-accessor : Fetching kernel: laplace
2024-03-07 05:36:22,458 | INFO | hilo.laplace-kernel : Calculating Laplace distribution (location: 0.0, scale 1.0)
2024-03-07 05:36:22,459 | INFO | hilo.laplace-kernel : TOP-RIGHT:
tensor([[0.0599, 0.1628, 0.4425],
        [0.0220, 0.0599, 0.1628],
        [0.0081, 0.0220, 0.0599]])
2024-03-07 05:36:22,459 | INFO | hilo.kernel-accessor : Fetching kernel: laplace
2024-03-07 05:36:22,459 | INFO | hilo.laplace-kernel : Calculating Laplace distribution (location: 0.0, scale 1.0)
2024-03-07 05:36:22,459 | INFO | hilo.laplace-kernel : TOP-LEFT:
tensor([[0.4425, 0.1628, 0.0599],
        [0.1628, 0.0599, 0.0220],
        [0.0599, 0.0220, 0.0081]])
2024-03-07 05:37:44,001 | INFO | hilo : Epoch   1/200 | Accuracy:  31.2500 | Loss:   1.7242
2024-03-07 05:37:44,001 | INFO | hilo.kernel-accessor : Fetching kernel: laplace
2024-03-07 05:37:44,002 | INFO | hilo.laplace-kernel : Calculating Laplace distribution (location: -0.009124075062572956, scale 0.6759144067764282)
2024-03-07 05:37:44,002 | INFO | hilo.laplace-kernel : TOP-RIGHT:
tensor([[0.0317, 0.1391, 0.6107],
        [0.0072, 0.0317, 0.1391],
        [0.0016, 0.0072, 0.0317]])
2024-03-07 05:37:44,002 | INFO | hilo.kernel-accessor : Fetching kernel: laplace
2024-03-07 05:37:44,002 | INFO | hilo.laplace-kernel : Calculating Laplace distribution (location: -0.5155548453330994, scale 1.9838513135910034)
2024-03-07 05:37:44,003 | INFO | hilo.laplace-kernel : TOP-RIGHT:
tensor([[0.0941, 0.1558, 0.2579],
        [0.0569, 0.0941, 0.1558],
        [0.0343, 0.0569, 0.0941]])
2024-03-07 05:37:44,003 | INFO | hilo.kernel-accessor : Fetching kernel: laplace
2024-03-07 05:37:44,003 | INFO | hilo.laplace-kernel : Calculating Laplace distribution (location: -0.4775160551071167, scale 1.8490830659866333)
2024-03-07 05:37:44,003 | INFO | hilo.laplace-kernel : TOP-RIGHT:
tensor([[0.0918, 0.1577, 0.2709],
        [0.0535, 0.0918, 0.1577],
        [0.0311, 0.0535, 0.0918]])
2024-03-07 05:37:44,003 | INFO | hilo.kernel-accessor : Fetching kernel: laplace
2024-03-07 05:37:44,003 | INFO | hilo.laplace-kernel : Calculating Laplace distribution (location: -0.2910040318965912, scale 1.800827145576477)
2024-03-07 05:37:44,004 | INFO | hilo.laplace-kernel : TOP-LEFT:
tensor([[0.2761, 0.1584, 0.0909],
        [0.1584, 0.0909, 0.0522],
        [0.0909, 0.0522, 0.0299]])
2024-03-07 05:37:44,004 | INFO | hilo.kernel-accessor : Fetching kernel: laplace
2024-03-07 05:37:44,004 | INFO | hilo.laplace-kernel : Calculating Laplace distribution (location: -0.2586812973022461, scale 1.6949139833450317)
2024-03-07 05:37:44,004 | INFO | hilo.laplace-kernel : TOP-LEFT:
tensor([[0.2886, 0.1600, 0.0887],
        [0.1600, 0.0887, 0.0491],
        [0.0887, 0.0491, 0.0272]])
2024-03-07 05:37:44,004 | INFO | hilo.kernel-accessor : Fetching kernel: laplace
2024-03-07 05:37:44,004 | INFO | hilo.laplace-kernel : Calculating Laplace distribution (location: -0.20620793104171753, scale 1.2230360507965088)
2024-03-07 05:37:44,005 | INFO | hilo.laplace-kernel : TOP-LEFT:
tensor([[0.3735, 0.1649, 0.0728],
        [0.1649, 0.0728, 0.0321],
        [0.0728, 0.0321, 0.0142]])
2024-03-07 05:37:44,005 | INFO | hilo.kernel-accessor : Fetching kernel: laplace
2024-03-07 05:37:44,005 | INFO | hilo.laplace-kernel : Calculating Laplace distribution (location: -0.19435705244541168, scale 1.3386321067810059)
2024-03-07 05:37:44,005 | INFO | hilo.laplace-kernel : TOP-RIGHT:
tensor([[0.0778, 0.1643, 0.3467],
        [0.0369, 0.0778, 0.1643],
        [0.0175, 0.0369, 0.0778]])
2024-03-07 05:37:44,005 | INFO | hilo.kernel-accessor : Fetching kernel: laplace
2024-03-07 05:37:44,005 | INFO | hilo.laplace-kernel : Calculating Laplace distribution (location: -0.08263981342315674, scale 1.3231128454208374)
2024-03-07 05:37:44,006 | INFO | hilo.laplace-kernel : TOP-RIGHT:
tensor([[0.0772, 0.1644, 0.3500],
        [0.0363, 0.0772, 0.1644],
        [0.0170, 0.0363, 0.0772]])
2024-03-07 05:37:44,006 | INFO | hilo.kernel-accessor : Fetching kernel: laplace
2024-03-07 05:37:44,006 | INFO | hilo.laplace-kernel : Calculating Laplace distribution (location: -0.194077730178833, scale 1.322515606880188)
2024-03-07 05:37:44,006 | INFO | hilo.laplace-kernel : TOP-RIGHT:
tensor([[0.0772, 0.1644, 0.3502],
        [0.0362, 0.0772, 0.1644],
        [0.0170, 0.0362, 0.0772]])
2024-03-07 05:37:44,006 | INFO | hilo.kernel-accessor : Fetching kernel: laplace
2024-03-07 05:37:44,006 | INFO | hilo.laplace-kernel : Calculating Laplace distribution (location: 0.0035376735031604767, scale 1.0220608711242676)
2024-03-07 05:37:44,007 | INFO | hilo.laplace-kernel : TOP-RIGHT:
tensor([[0.0616, 0.1638, 0.4327],
        [0.0231, 0.0616, 0.1638],
        [0.0087, 0.0231, 0.0616]])
2024-03-07 05:37:44,007 | INFO | hilo.kernel-accessor : Fetching kernel: laplace
2024-03-07 05:37:44,007 | INFO | hilo.laplace-kernel : Calculating Laplace distribution (location: -0.04464441537857056, scale 1.2552356719970703)
2024-03-07 05:37:44,007 | INFO | hilo.laplace-kernel : TOP-RIGHT:
tensor([[0.0743, 0.1648, 0.3655],
        [0.0335, 0.0743, 0.1648],
        [0.0151, 0.0335, 0.0743]])
2024-03-07 05:37:44,007 | INFO | hilo.kernel-accessor : Fetching kernel: laplace
2024-03-07 05:37:44,007 | INFO | hilo.laplace-kernel : Calculating Laplace distribution (location: -0.014471417292952538, scale 1.1737173795700073)
2024-03-07 05:37:44,008 | INFO | hilo.laplace-kernel : TOP-RIGHT:
tensor([[0.0703, 0.1649, 0.3865],
        [0.0300, 0.0703, 0.1649],
        [0.0128, 0.0300, 0.0703]])
2024-03-07 05:37:44,008 | INFO | hilo.kernel-accessor : Fetching kernel: laplace
2024-03-07 05:37:44,008 | INFO | hilo.laplace-kernel : Calculating Laplace distribution (location: 0.007914984598755836, scale 1.1254006624221802)
2024-03-07 05:37:44,008 | INFO | hilo.laplace-kernel : TOP-RIGHT:
tensor([[0.0681, 0.1656, 0.3970],
        [0.0280, 0.0681, 0.1656],
        [0.0115, 0.0280, 0.0681]])
2024-03-07 05:37:44,008 | INFO | hilo.kernel-accessor : Fetching kernel: laplace
2024-03-07 05:37:44,008 | INFO | hilo.laplace-kernel : Calculating Laplace distribution (location: -0.021273374557495117, scale 0.8592346906661987)
2024-03-07 05:37:44,009 | INFO | hilo.laplace-kernel : TOP-RIGHT:
tensor([[0.0491, 0.1571, 0.5031],
        [0.0153, 0.0491, 0.1571],
        [0.0048, 0.0153, 0.0491]])
2024-03-07 05:37:44,009 | INFO | hilo.kernel-accessor : Fetching kernel: laplace
2024-03-07 05:37:44,009 | INFO | hilo.laplace-kernel : Calculating Laplace distribution (location: -0.0254034623503685, scale 0.9579797983169556)
2024-03-07 05:37:44,009 | INFO | hilo.laplace-kernel : TOP-LEFT:
tensor([[0.4590, 0.1616, 0.0569],
        [0.1616, 0.0569, 0.0200],
        [0.0569, 0.0200, 0.0071]])
2024-03-07 05:37:44,009 | INFO | hilo.kernel-accessor : Fetching kernel: laplace
2024-03-07 05:37:44,009 | INFO | hilo.laplace-kernel : Calculating Laplace distribution (location: -0.1907791793346405, scale 1.0287866592407227)
2024-03-07 05:37:44,010 | INFO | hilo.laplace-kernel : TOP-RIGHT:
tensor([[0.0618, 0.1634, 0.4320],
        [0.0234, 0.0618, 0.1634],
        [0.0088, 0.0234, 0.0618]])
2024-03-07 05:37:44,010 | INFO | hilo.kernel-accessor : Fetching kernel: laplace
2024-03-07 05:37:44,010 | INFO | hilo.laplace-kernel : Calculating Laplace distribution (location: -0.02520381286740303, scale 0.7364778518676758)
2024-03-07 05:37:44,010 | INFO | hilo.laplace-kernel : TOP-RIGHT:
tensor([[0.0378, 0.1469, 0.5710],
        [0.0097, 0.0378, 0.1469],
        [0.0025, 0.0097, 0.0378]])
2024-03-07 05:39:04,611 | INFO | hilo : Epoch   2/200 | Accuracy:  40.6250 | Loss:   1.6980
2024-03-07 05:39:04,611 | INFO | hilo.kernel-accessor : Fetching kernel: laplace
2024-03-07 05:39:04,612 | INFO | hilo.laplace-kernel : Calculating Laplace distribution (location: 0.000527452677488327, scale 0.5925598740577698)
2024-03-07 05:39:04,613 | INFO | hilo.laplace-kernel : TOP-LEFT:
tensor([[0.6724, 0.1246, 0.0230],
        [0.1246, 0.0230, 0.0043],
        [0.0230, 0.0043, 0.0008]])
2024-03-07 05:39:04,613 | INFO | hilo.kernel-accessor : Fetching kernel: laplace
2024-03-07 05:39:04,613 | INFO | hilo.laplace-kernel : Calculating Laplace distribution (location: -0.3351791501045227, scale 1.4042738676071167)
2024-03-07 05:39:04,613 | INFO | hilo.laplace-kernel : TOP-RIGHT:
tensor([[0.0803, 0.1637, 0.3336],
        [0.0394, 0.0803, 0.1637],
        [0.0193, 0.0394, 0.0803]])
2024-03-07 05:39:04,613 | INFO | hilo.kernel-accessor : Fetching kernel: laplace
2024-03-07 05:39:04,613 | INFO | hilo.laplace-kernel : Calculating Laplace distribution (location: -0.5030696392059326, scale 1.1926443576812744)
2024-03-07 05:39:04,614 | INFO | hilo.laplace-kernel : TOP-RIGHT:
tensor([[0.0713, 0.1649, 0.3814],
        [0.0308, 0.0713, 0.1649],
        [0.0133, 0.0308, 0.0713]])
2024-03-07 05:39:04,614 | INFO | hilo.kernel-accessor : Fetching kernel: laplace
2024-03-07 05:39:04,614 | INFO | hilo.laplace-kernel : Calculating Laplace distribution (location: -0.18422931432724, scale 1.1965123414993286)
2024-03-07 05:39:04,614 | INFO | hilo.laplace-kernel : TOP-RIGHT:
tensor([[0.0715, 0.1649, 0.3803],
        [0.0310, 0.0715, 0.1649],
        [0.0134, 0.0310, 0.0715]])
2024-03-07 05:39:04,614 | INFO | hilo.kernel-accessor : Fetching kernel: laplace
2024-03-07 05:39:04,614 | INFO | hilo.laplace-kernel : Calculating Laplace distribution (location: -0.12787751853466034, scale 1.235794186592102)
2024-03-07 05:39:04,615 | INFO | hilo.laplace-kernel : TOP-RIGHT:
tensor([[0.0734, 0.1648, 0.3703],
        [0.0327, 0.0734, 0.1648],
        [0.0145, 0.0327, 0.0734]])
2024-03-07 05:39:04,615 | INFO | hilo.kernel-accessor : Fetching kernel: laplace
2024-03-07 05:39:04,615 | INFO | hilo.laplace-kernel : Calculating Laplace distribution (location: -0.20336882770061493, scale 0.9532888531684875)
2024-03-07 05:39:04,615 | INFO | hilo.laplace-kernel : TOP-LEFT:
tensor([[0.4609, 0.1614, 0.0566],
        [0.1614, 0.0566, 0.0198],
        [0.0566, 0.0198, 0.0069]])
2024-03-07 05:39:04,615 | INFO | hilo.kernel-accessor : Fetching kernel: laplace
2024-03-07 05:39:04,616 | INFO | hilo.laplace-kernel : Calculating Laplace distribution (location: -0.22092261910438538, scale 1.025587797164917)
2024-03-07 05:39:04,616 | INFO | hilo.laplace-kernel : TOP-LEFT:
tensor([[0.4331, 0.1634, 0.0616],
        [0.1634, 0.0616, 0.0232],
        [0.0616, 0.0232, 0.0088]])
2024-03-07 05:39:04,616 | INFO | hilo.kernel-accessor : Fetching kernel: laplace
2024-03-07 05:39:04,616 | INFO | hilo.laplace-kernel : Calculating Laplace distribution (location: -0.14189085364341736, scale 1.0379523038864136)
2024-03-07 05:39:04,616 | INFO | hilo.laplace-kernel : TOP-LEFT:
tensor([[0.4288, 0.1636, 0.0624],
        [0.1636, 0.0624, 0.0238],
        [0.0624, 0.0238, 0.0091]])
2024-03-07 05:39:04,616 | INFO | hilo.kernel-accessor : Fetching kernel: laplace
2024-03-07 05:39:04,617 | INFO | hilo.laplace-kernel : Calculating Laplace distribution (location: -0.23592907190322876, scale 1.0845484733581543)
2024-03-07 05:39:04,617 | INFO | hilo.laplace-kernel : TOP-RIGHT:
tensor([[0.0653, 0.1643, 0.4131],
        [0.0260, 0.0653, 0.1643],
        [0.0103, 0.0260, 0.0653]])
2024-03-07 05:39:04,617 | INFO | hilo.kernel-accessor : Fetching kernel: laplace
2024-03-07 05:39:04,617 | INFO | hilo.laplace-kernel : Calculating Laplace distribution (location: -0.006140015088021755, scale 0.788774847984314)
2024-03-07 05:39:04,617 | INFO | hilo.laplace-kernel : TOP-RIGHT:
tensor([[0.0428, 0.1520, 0.5401],
        [0.0120, 0.0428, 0.1520],
        [0.0034, 0.0120, 0.0428]])
2024-03-07 05:39:04,617 | INFO | hilo.kernel-accessor : Fetching kernel: laplace
2024-03-07 05:39:04,618 | INFO | hilo.laplace-kernel : Calculating Laplace distribution (location: -0.10378581285476685, scale 1.0307210683822632)
2024-03-07 05:39:04,618 | INFO | hilo.laplace-kernel : TOP-LEFT:
tensor([[0.4313, 0.1635, 0.0620],
        [0.1635, 0.0620, 0.0235],
        [0.0620, 0.0235, 0.0089]])
2024-03-07 05:39:04,618 | INFO | hilo.kernel-accessor : Fetching kernel: laplace
2024-03-07 05:39:04,618 | INFO | hilo.laplace-kernel : Calculating Laplace distribution (location: -0.07811366021633148, scale 1.0024868249893188)
2024-03-07 05:39:04,618 | INFO | hilo.laplace-kernel : TOP-RIGHT:
tensor([[0.0601, 0.1629, 0.4416],
        [0.0222, 0.0601, 0.1629],
        [0.0082, 0.0222, 0.0601]])
2024-03-07 05:39:04,618 | INFO | hilo.kernel-accessor : Fetching kernel: laplace
2024-03-07 05:39:04,619 | INFO | hilo.laplace-kernel : Calculating Laplace distribution (location: -0.007971803657710552, scale 1.0449202060699463)
2024-03-07 05:39:04,619 | INFO | hilo.laplace-kernel : TOP-RIGHT:
tensor([[0.0629, 0.1637, 0.4263],
        [0.0241, 0.0629, 0.1637],
        [0.0093, 0.0241, 0.0629]])
2024-03-07 05:39:04,619 | INFO | hilo.kernel-accessor : Fetching kernel: laplace
2024-03-07 05:39:04,619 | INFO | hilo.laplace-kernel : Calculating Laplace distribution (location: -0.002421625889837742, scale 0.8226235508918762)
2024-03-07 05:39:04,619 | INFO | hilo.laplace-kernel : TOP-RIGHT:
tensor([[0.0459, 0.1547, 0.5217],
        [0.0136, 0.0459, 0.1547],
        [0.0040, 0.0136, 0.0459]])
2024-03-07 05:39:04,620 | INFO | hilo.kernel-accessor : Fetching kernel: laplace
2024-03-07 05:39:04,620 | INFO | hilo.laplace-kernel : Calculating Laplace distribution (location: 0.010160179808735847, scale 0.855448842048645)
2024-03-07 05:39:04,620 | INFO | hilo.laplace-kernel : TOP-RIGHT:
tensor([[0.0493, 0.1588, 0.4991],
        [0.0153, 0.0493, 0.1588],
        [0.0048, 0.0153, 0.0493]])
2024-03-07 05:39:04,620 | INFO | hilo.kernel-accessor : Fetching kernel: laplace
2024-03-07 05:39:04,620 | INFO | hilo.laplace-kernel : Calculating Laplace distribution (location: -0.06472288072109222, scale 0.9695062637329102)
2024-03-07 05:39:04,620 | INFO | hilo.laplace-kernel : TOP-LEFT:
tensor([[0.4543, 0.1620, 0.0577],
        [0.1620, 0.0577, 0.0206],
        [0.0577, 0.0206, 0.0073]])
2024-03-07 05:39:04,621 | INFO | hilo.kernel-accessor : Fetching kernel: laplace
2024-03-07 05:39:04,621 | INFO | hilo.laplace-kernel : Calculating Laplace distribution (location: -0.18257448077201843, scale 1.159997582435608)
2024-03-07 05:39:04,621 | INFO | hilo.laplace-kernel : TOP-LEFT:
tensor([[0.3903, 0.1648, 0.0696],
        [0.1648, 0.0696, 0.0294],
        [0.0696, 0.0294, 0.0124]])
2024-03-07 05:40:25,226 | INFO | hilo : Epoch   3/200 | Accuracy:  40.6250 | Loss:   1.3396
2024-03-07 05:40:25,226 | INFO | hilo.kernel-accessor : Fetching kernel: laplace
2024-03-07 05:40:25,226 | INFO | hilo.laplace-kernel : Calculating Laplace distribution (location: 0.0008663497865200043, scale 0.6426346302032471)
2024-03-07 05:40:25,227 | INFO | hilo.laplace-kernel : TOP-LEFT:
tensor([[0.6338, 0.1341, 0.0283],
        [0.1341, 0.0283, 0.0060],
        [0.0283, 0.0060, 0.0013]])
2024-03-07 05:40:25,227 | INFO | hilo.kernel-accessor : Fetching kernel: laplace
2024-03-07 05:40:25,227 | INFO | hilo.laplace-kernel : Calculating Laplace distribution (location: -0.4647943675518036, scale 1.390449047088623)
2024-03-07 05:40:25,227 | INFO | hilo.laplace-kernel : TOP-RIGHT:
tensor([[0.0798, 0.1638, 0.3363],
        [0.0389, 0.0798, 0.1638],
        [0.0189, 0.0389, 0.0798]])
2024-03-07 05:40:25,227 | INFO | hilo.kernel-accessor : Fetching kernel: laplace
2024-03-07 05:40:25,228 | INFO | hilo.laplace-kernel : Calculating Laplace distribution (location: -0.4445975422859192, scale 0.8650690317153931)
2024-03-07 05:40:25,228 | INFO | hilo.laplace-kernel : TOP-RIGHT:
tensor([[0.0496, 0.1575, 0.5003],
        [0.0156, 0.0496, 0.1575],
        [0.0049, 0.0156, 0.0496]])
2024-03-07 05:40:25,228 | INFO | hilo.kernel-accessor : Fetching kernel: laplace
2024-03-07 05:40:25,228 | INFO | hilo.laplace-kernel : Calculating Laplace distribution (location: -0.15440839529037476, scale 0.7903373837471008)
2024-03-07 05:40:25,228 | INFO | hilo.laplace-kernel : TOP-RIGHT:
tensor([[0.0429, 0.1522, 0.5393],
        [0.0121, 0.0429, 0.1522],
        [0.0034, 0.0121, 0.0429]])
2024-03-07 05:40:25,228 | INFO | hilo.kernel-accessor : Fetching kernel: laplace
2024-03-07 05:40:25,229 | INFO | hilo.laplace-kernel : Calculating Laplace distribution (location: -0.10148245096206665, scale 0.7682870030403137)
2024-03-07 05:40:25,229 | INFO | hilo.laplace-kernel : TOP-RIGHT:
tensor([[0.0409, 0.1502, 0.5519],
        [0.0111, 0.0409, 0.1502],
        [0.0030, 0.0111, 0.0409]])
2024-03-07 05:40:25,229 | INFO | hilo.kernel-accessor : Fetching kernel: laplace
2024-03-07 05:40:25,229 | INFO | hilo.laplace-kernel : Calculating Laplace distribution (location: -0.20543017983436584, scale 0.6926318407058716)
2024-03-07 05:40:25,229 | INFO | hilo.laplace-kernel : TOP-LEFT:
tensor([[0.5993, 0.1415, 0.0334],
        [0.1415, 0.0334, 0.0079],
        [0.0334, 0.0079, 0.0019]])
2024-03-07 05:40:25,229 | INFO | hilo.kernel-accessor : Fetching kernel: laplace
2024-03-07 05:40:25,230 | INFO | hilo.laplace-kernel : Calculating Laplace distribution (location: -0.2381126582622528, scale 0.7130854725837708)
2024-03-07 05:40:25,230 | INFO | hilo.laplace-kernel : TOP-LEFT:
tensor([[0.5858, 0.1441, 0.0355],
        [0.1441, 0.0355, 0.0087],
        [0.0355, 0.0087, 0.0021]])
2024-03-07 05:40:25,230 | INFO | hilo.kernel-accessor : Fetching kernel: laplace
2024-03-07 05:40:25,230 | INFO | hilo.laplace-kernel : Calculating Laplace distribution (location: -0.16124115884304047, scale 0.7020752429962158)
2024-03-07 05:40:25,230 | INFO | hilo.laplace-kernel : TOP-RIGHT:
tensor([[0.0343, 0.1427, 0.5930],
        [0.0083, 0.0343, 0.1427],
        [0.0020, 0.0083, 0.0343]])
2024-03-07 05:40:25,230 | INFO | hilo.kernel-accessor : Fetching kernel: laplace
2024-03-07 05:40:25,231 | INFO | hilo.laplace-kernel : Calculating Laplace distribution (location: -0.1985960453748703, scale 0.766158938407898)
2024-03-07 05:40:25,231 | INFO | hilo.laplace-kernel : TOP-RIGHT:
tensor([[0.0407, 0.1500, 0.5531],
        [0.0110, 0.0407, 0.1500],
        [0.0030, 0.0110, 0.0407]])
2024-03-07 05:40:25,231 | INFO | hilo.kernel-accessor : Fetching kernel: laplace
2024-03-07 05:40:25,231 | INFO | hilo.laplace-kernel : Calculating Laplace distribution (location: -0.03389396518468857, scale 0.6459541320800781)
2024-03-07 05:40:25,231 | INFO | hilo.laplace-kernel : TOP-RIGHT:
tensor([[0.0286, 0.1344, 0.6320],
        [0.0061, 0.0286, 0.1344],
        [0.0013, 0.0061, 0.0286]])
2024-03-07 05:40:25,231 | INFO | hilo.kernel-accessor : Fetching kernel: laplace
2024-03-07 05:40:25,232 | INFO | hilo.laplace-kernel : Calculating Laplace distribution (location: -0.2066306471824646, scale 0.8434215188026428)
2024-03-07 05:40:25,232 | INFO | hilo.laplace-kernel : TOP-LEFT:
tensor([[0.5110, 0.1561, 0.0477],
        [0.1561, 0.0477, 0.0146],
        [0.0477, 0.0146, 0.0045]])
2024-03-07 05:40:25,232 | INFO | hilo.kernel-accessor : Fetching kernel: laplace
2024-03-07 05:40:25,232 | INFO | hilo.laplace-kernel : Calculating Laplace distribution (location: -0.1508631408214569, scale 0.7252334356307983)
2024-03-07 05:40:25,232 | INFO | hilo.laplace-kernel : TOP-LEFT:
tensor([[0.5780, 0.1456, 0.0367],
        [0.1456, 0.0367, 0.0092],
        [0.0367, 0.0092, 0.0023]])
2024-03-07 05:40:25,232 | INFO | hilo.kernel-accessor : Fetching kernel: laplace
2024-03-07 05:40:25,233 | INFO | hilo.laplace-kernel : Calculating Laplace distribution (location: -0.02749580517411232, scale 0.6799437999725342)
2024-03-07 05:40:25,233 | INFO | hilo.laplace-kernel : TOP-RIGHT:
tensor([[0.0321, 0.1397, 0.6079],
        [0.0074, 0.0321, 0.1397],
        [0.0017, 0.0074, 0.0321]])
2024-03-07 05:40:25,233 | INFO | hilo.kernel-accessor : Fetching kernel: laplace
2024-03-07 05:40:25,233 | INFO | hilo.laplace-kernel : Calculating Laplace distribution (location: 0.022911110892891884, scale 0.5856360793113708)
2024-03-07 05:40:25,233 | INFO | hilo.laplace-kernel : TOP-RIGHT:
tensor([[0.0235, 0.1296, 0.6610],
        [0.0043, 0.0235, 0.1296],
        [0.0008, 0.0043, 0.0235]])
2024-03-07 05:40:25,234 | INFO | hilo.kernel-accessor : Fetching kernel: laplace
2024-03-07 05:40:25,234 | INFO | hilo.laplace-kernel : Calculating Laplace distribution (location: 0.054610081017017365, scale 0.6822791695594788)
2024-03-07 05:40:25,234 | INFO | hilo.laplace-kernel : TOP-RIGHT:
tensor([[0.0355, 0.1538, 0.5675],
        [0.0082, 0.0355, 0.1538],
        [0.0019, 0.0082, 0.0355]])
2024-03-07 05:40:25,234 | INFO | hilo.kernel-accessor : Fetching kernel: laplace
2024-03-07 05:40:25,234 | INFO | hilo.laplace-kernel : Calculating Laplace distribution (location: -0.0470154844224453, scale 0.7317571043968201)
2024-03-07 05:40:25,234 | INFO | hilo.laplace-kernel : TOP-LEFT:
tensor([[0.5739, 0.1463, 0.0373],
        [0.1463, 0.0373, 0.0095],
        [0.0373, 0.0095, 0.0024]])
2024-03-07 05:40:25,235 | INFO | hilo.kernel-accessor : Fetching kernel: laplace
2024-03-07 05:40:25,235 | INFO | hilo.laplace-kernel : Calculating Laplace distribution (location: 0.09900018572807312, scale 0.8316205739974976)
2024-03-07 05:40:25,235 | INFO | hilo.laplace-kernel : TOP-RIGHT:
tensor([[0.0524, 0.1745, 0.4576],
        [0.0157, 0.0524, 0.1745],
        [0.0047, 0.0157, 0.0524]])
2024-03-07 05:41:45,896 | INFO | hilo : Epoch   4/200 | Accuracy:  51.0417 | Loss:   1.2067
2024-03-07 05:41:45,896 | INFO | hilo.kernel-accessor : Fetching kernel: laplace
2024-03-07 05:41:45,897 | INFO | hilo.laplace-kernel : Calculating Laplace distribution (location: -0.008427312597632408, scale 0.666931688785553)
2024-03-07 05:41:45,898 | INFO | hilo.laplace-kernel : TOP-RIGHT:
tensor([[0.0308, 0.1377, 0.6170],
        [0.0069, 0.0308, 0.1377],
        [0.0015, 0.0069, 0.0308]])
2024-03-07 05:41:45,898 | INFO | hilo.kernel-accessor : Fetching kernel: laplace
2024-03-07 05:41:45,898 | INFO | hilo.laplace-kernel : Calculating Laplace distribution (location: -0.557796835899353, scale 1.6058491468429565)
2024-03-07 05:41:45,899 | INFO | hilo.laplace-kernel : TOP-RIGHT:
tensor([[0.0865, 0.1612, 0.3005],
        [0.0464, 0.0865, 0.1612],
        [0.0249, 0.0464, 0.0865]])
2024-03-07 05:41:45,899 | INFO | hilo.kernel-accessor : Fetching kernel: laplace
2024-03-07 05:41:45,899 | INFO | hilo.laplace-kernel : Calculating Laplace distribution (location: -0.43723562359809875, scale 0.8679390549659729)
2024-03-07 05:41:45,900 | INFO | hilo.laplace-kernel : TOP-RIGHT:
tensor([[0.0498, 0.1576, 0.4989],
        [0.0157, 0.0498, 0.1576],
        [0.0050, 0.0157, 0.0498]])
2024-03-07 05:41:45,900 | INFO | hilo.kernel-accessor : Fetching kernel: laplace
2024-03-07 05:41:45,900 | INFO | hilo.laplace-kernel : Calculating Laplace distribution (location: -0.22535492479801178, scale 0.7211933135986328)
2024-03-07 05:41:45,900 | INFO | hilo.laplace-kernel : TOP-RIGHT:
tensor([[0.0363, 0.1451, 0.5806],
        [0.0091, 0.0363, 0.1451],
        [0.0023, 0.0091, 0.0363]])
2024-03-07 05:41:45,901 | INFO | hilo.kernel-accessor : Fetching kernel: laplace
2024-03-07 05:41:45,901 | INFO | hilo.laplace-kernel : Calculating Laplace distribution (location: -0.08989480137825012, scale 0.6412217020988464)
2024-03-07 05:41:45,901 | INFO | hilo.laplace-kernel : TOP-LEFT:
tensor([[0.6355, 0.1336, 0.0281],
        [0.1336, 0.0281, 0.0059],
        [0.0281, 0.0059, 0.0012]])
2024-03-07 05:41:45,902 | INFO | hilo.kernel-accessor : Fetching kernel: laplace
2024-03-07 05:41:45,902 | INFO | hilo.laplace-kernel : Calculating Laplace distribution (location: -0.2014797031879425, scale 0.6546981930732727)
2024-03-07 05:41:45,902 | INFO | hilo.laplace-kernel : TOP-RIGHT:
tensor([[0.0295, 0.1358, 0.6257],
        [0.0064, 0.0295, 0.1358],
        [0.0014, 0.0064, 0.0295]])
2024-03-07 05:41:45,902 | INFO | hilo.kernel-accessor : Fetching kernel: laplace
2024-03-07 05:41:45,903 | INFO | hilo.laplace-kernel : Calculating Laplace distribution (location: -0.1417332887649536, scale 0.5837140083312988)
2024-03-07 05:41:45,903 | INFO | hilo.laplace-kernel : TOP-LEFT:
tensor([[0.6799, 0.1226, 0.0221],
        [0.1226, 0.0221, 0.0040],
        [0.0221, 0.0040, 0.0007]])
2024-03-07 05:41:45,903 | INFO | hilo.kernel-accessor : Fetching kernel: laplace
2024-03-07 05:41:45,904 | INFO | hilo.laplace-kernel : Calculating Laplace distribution (location: -0.12293422222137451, scale 0.5244967341423035)
2024-03-07 05:41:45,904 | INFO | hilo.laplace-kernel : TOP-LEFT:
tensor([[7.2968e-01, 1.0842e-01, 1.6110e-02],
        [1.0842e-01, 1.6110e-02, 2.3937e-03],
        [1.6110e-02, 2.3937e-03, 3.5567e-04]])
2024-03-07 05:41:45,904 | INFO | hilo.kernel-accessor : Fetching kernel: laplace
2024-03-07 05:41:45,905 | INFO | hilo.laplace-kernel : Calculating Laplace distribution (location: -0.17291110754013062, scale 0.5878449082374573)
2024-03-07 05:41:45,905 | INFO | hilo.laplace-kernel : TOP-LEFT:
tensor([[0.6765, 0.1235, 0.0225],
        [0.1235, 0.0225, 0.0041],
        [0.0225, 0.0041, 0.0008]])
2024-03-07 05:41:45,905 | INFO | hilo.kernel-accessor : Fetching kernel: laplace
2024-03-07 05:41:45,906 | INFO | hilo.laplace-kernel : Calculating Laplace distribution (location: -0.020722592249512672, scale 0.4120340049266815)
2024-03-07 05:41:45,906 | INFO | hilo.laplace-kernel : TOP-LEFT:
tensor([[8.3234e-01, 7.3498e-02, 6.4900e-03],
        [7.3498e-02, 6.4900e-03, 5.7309e-04],
        [6.4900e-03, 5.7309e-04, 5.0605e-05]])
2024-03-07 05:41:45,906 | INFO | hilo.kernel-accessor : Fetching kernel: laplace
2024-03-07 05:41:45,907 | INFO | hilo.laplace-kernel : Calculating Laplace distribution (location: -0.07377158105373383, scale 0.5232943296432495)
2024-03-07 05:41:45,907 | INFO | hilo.laplace-kernel : TOP-LEFT:
tensor([[7.3074e-01, 1.0810e-01, 1.5992e-02],
        [1.0810e-01, 1.5992e-02, 2.3659e-03],
        [1.5992e-02, 2.3659e-03, 3.5000e-04]])
2024-03-07 05:41:45,907 | INFO | hilo.kernel-accessor : Fetching kernel: laplace
2024-03-07 05:41:45,908 | INFO | hilo.laplace-kernel : Calculating Laplace distribution (location: -0.015745673328638077, scale 0.47384700179100037)
2024-03-07 05:41:45,908 | INFO | hilo.laplace-kernel : TOP-RIGHT:
tensor([[1.1384e-02, 9.3931e-02, 7.7506e-01],
        [1.3796e-03, 1.1384e-02, 9.3931e-02],
        [1.6719e-04, 1.3796e-03, 1.1384e-02]])
2024-03-07 05:41:45,908 | INFO | hilo.kernel-accessor : Fetching kernel: laplace
2024-03-07 05:41:45,909 | INFO | hilo.laplace-kernel : Calculating Laplace distribution (location: 0.05678778886795044, scale 0.469297856092453)
2024-03-07 05:41:45,909 | INFO | hilo.laplace-kernel : TOP-RIGHT:
tensor([[1.3196e-02, 1.1114e-01, 7.3481e-01],
        [1.5669e-03, 1.3196e-02, 1.1114e-01],
        [1.8605e-04, 1.5669e-03, 1.3196e-02]])
2024-03-07 05:41:45,909 | INFO | hilo.kernel-accessor : Fetching kernel: laplace
2024-03-07 05:41:45,910 | INFO | hilo.laplace-kernel : Calculating Laplace distribution (location: 0.04741533845663071, scale 0.36034199595451355)
2024-03-07 05:41:45,910 | INFO | hilo.laplace-kernel : TOP-RIGHT:
tensor([[4.2922e-03, 6.8850e-02, 8.4887e-01],
        [2.6758e-04, 4.2922e-03, 6.8850e-02],
        [1.6681e-05, 2.6758e-04, 4.2922e-03]])
2024-03-07 05:41:45,910 | INFO | hilo.kernel-accessor : Fetching kernel: laplace
2024-03-07 05:41:45,911 | INFO | hilo.laplace-kernel : Calculating Laplace distribution (location: 0.060121435672044754, scale 0.37130677700042725)
2024-03-07 05:41:45,911 | INFO | hilo.laplace-kernel : TOP-LEFT:
tensor([[8.2853e-01, 7.7502e-02, 5.2441e-03],
        [7.7502e-02, 5.2441e-03, 3.5484e-04],
        [5.2441e-03, 3.5484e-04, 2.4010e-05]])
2024-03-07 05:41:45,911 | INFO | hilo.kernel-accessor : Fetching kernel: laplace
2024-03-07 05:41:45,912 | INFO | hilo.laplace-kernel : Calculating Laplace distribution (location: 0.008668934926390648, scale 0.4382326304912567)
2024-03-07 05:41:45,912 | INFO | hilo.laplace-kernel : TOP-RIGHT:
tensor([[8.6934e-03, 8.5154e-02, 8.0175e-01],
        [8.8752e-04, 8.6934e-03, 8.5154e-02],
        [9.0608e-05, 8.8752e-04, 8.6934e-03]])
2024-03-07 05:41:45,912 | INFO | hilo.kernel-accessor : Fetching kernel: laplace
2024-03-07 05:41:45,913 | INFO | hilo.laplace-kernel : Calculating Laplace distribution (location: 0.1082247793674469, scale 0.527796745300293)
2024-03-07 05:41:45,913 | INFO | hilo.laplace-kernel : TOP-LEFT:
tensor([[6.3839e-01, 1.4466e-01, 2.1752e-02],
        [1.4466e-01, 2.1752e-02, 3.2708e-03],
        [2.1752e-02, 3.2708e-03, 4.9183e-04]])
2024-03-07 05:43:06,595 | INFO | hilo : Epoch   5/200 | Accuracy:  45.4545 | Loss:   1.4676
2024-03-07 05:43:06,596 | INFO | hilo.kernel-accessor : Fetching kernel: laplace
2024-03-07 05:43:06,596 | INFO | hilo.laplace-kernel : Calculating Laplace distribution (location: -0.000574975274503231, scale 0.6751012802124023)
2024-03-07 05:43:06,597 | INFO | hilo.laplace-kernel : TOP-LEFT:
tensor([[0.6113, 0.1390, 0.0316],
        [0.1390, 0.0316, 0.0072],
        [0.0316, 0.0072, 0.0016]])
2024-03-07 05:43:06,597 | INFO | hilo.kernel-accessor : Fetching kernel: laplace
2024-03-07 05:43:06,597 | INFO | hilo.laplace-kernel : Calculating Laplace distribution (location: -0.7037304043769836, scale 1.8628976345062256)
2024-03-07 05:43:06,597 | INFO | hilo.laplace-kernel : TOP-LEFT:
tensor([[0.2695, 0.1575, 0.0921],
        [0.1575, 0.0921, 0.0538],
        [0.0921, 0.0538, 0.0315]])
2024-03-07 05:43:06,598 | INFO | hilo.kernel-accessor : Fetching kernel: laplace
2024-03-07 05:43:06,598 | INFO | hilo.laplace-kernel : Calculating Laplace distribution (location: -0.5808958411216736, scale 1.086890697479248)
2024-03-07 05:43:06,598 | INFO | hilo.laplace-kernel : TOP-RIGHT:
tensor([[0.0655, 0.1643, 0.4123],
        [0.0261, 0.0655, 0.1643],
        [0.0104, 0.0261, 0.0655]])
2024-03-07 05:43:06,598 | INFO | hilo.kernel-accessor : Fetching kernel: laplace
2024-03-07 05:43:06,599 | INFO | hilo.laplace-kernel : Calculating Laplace distribution (location: -0.31523597240448, scale 0.7256566882133484)
2024-03-07 05:43:06,599 | INFO | hilo.laplace-kernel : TOP-RIGHT:
tensor([[0.0367, 0.1456, 0.5778],
        [0.0093, 0.0367, 0.1456],
        [0.0023, 0.0093, 0.0367]])
2024-03-07 05:43:06,599 | INFO | hilo.kernel-accessor : Fetching kernel: laplace
2024-03-07 05:43:06,599 | INFO | hilo.laplace-kernel : Calculating Laplace distribution (location: -0.04317282885313034, scale 0.7124203443527222)
2024-03-07 05:43:06,600 | INFO | hilo.laplace-kernel : TOP-LEFT:
tensor([[0.5862, 0.1440, 0.0354],
        [0.1440, 0.0354, 0.0087],
        [0.0354, 0.0087, 0.0021]])
2024-03-07 05:43:06,600 | INFO | hilo.kernel-accessor : Fetching kernel: laplace
2024-03-07 05:43:06,600 | INFO | hilo.laplace-kernel : Calculating Laplace distribution (location: -0.14517749845981598, scale 0.7049062848091125)
2024-03-07 05:43:06,601 | INFO | hilo.laplace-kernel : TOP-LEFT:
tensor([[0.5911, 0.1431, 0.0346],
        [0.1431, 0.0346, 0.0084],
        [0.0346, 0.0084, 0.0020]])
2024-03-07 05:43:06,601 | INFO | hilo.kernel-accessor : Fetching kernel: laplace
2024-03-07 05:43:06,601 | INFO | hilo.laplace-kernel : Calculating Laplace distribution (location: -0.20385272800922394, scale 0.7309685349464417)
2024-03-07 05:43:06,601 | INFO | hilo.laplace-kernel : TOP-LEFT:
tensor([[0.5744, 0.1462, 0.0372],
        [0.1462, 0.0372, 0.0095],
        [0.0372, 0.0095, 0.0024]])
2024-03-07 05:43:06,602 | INFO | hilo.kernel-accessor : Fetching kernel: laplace
2024-03-07 05:43:06,602 | INFO | hilo.laplace-kernel : Calculating Laplace distribution (location: -0.08556465804576874, scale 0.569392740726471)
2024-03-07 05:43:06,602 | INFO | hilo.laplace-kernel : TOP-RIGHT:
tensor([[2.0623e-02, 1.1942e-01, 6.9155e-01],
        [3.5614e-03, 2.0623e-02, 1.1942e-01],
        [6.1502e-04, 3.5614e-03, 2.0623e-02]])
2024-03-07 05:43:06,602 | INFO | hilo.kernel-accessor : Fetching kernel: laplace
2024-03-07 05:43:06,603 | INFO | hilo.laplace-kernel : Calculating Laplace distribution (location: -0.14499419927597046, scale 0.6593448519706726)
2024-03-07 05:43:06,603 | INFO | hilo.laplace-kernel : TOP-LEFT:
tensor([[0.6224, 0.1366, 0.0300],
        [0.1366, 0.0300, 0.0066],
        [0.0300, 0.0066, 0.0014]])
2024-03-07 05:43:06,603 | INFO | hilo.kernel-accessor : Fetching kernel: laplace
2024-03-07 05:43:06,603 | INFO | hilo.laplace-kernel : Calculating Laplace distribution (location: 0.004668490029871464, scale 0.4454139173030853)
2024-03-07 05:43:06,604 | INFO | hilo.laplace-kernel : TOP-LEFT:
tensor([[7.9793e-01, 8.6304e-02, 9.1411e-03],
        [8.6304e-02, 9.1411e-03, 9.6819e-04],
        [9.1411e-03, 9.6819e-04, 1.0255e-04]])
2024-03-07 05:43:06,604 | INFO | hilo.kernel-accessor : Fetching kernel: laplace
