2024-03-04 19:11:25,160 | INFO | hilo : 
+==============================================================+
|                                                              |
| ██████╗  █████╗ ██████╗ ██╗         ██╗      █████╗ ██████╗  |
| ██╔══██╗██╔══██╗██╔══██╗██║         ██║     ██╔══██╗██╔══██╗ |
| ██║  ██║███████║██║  ██║██║         ██║     ███████║██████╔╝ |
| ██║  ██║██╔══██║██║  ██║██║         ██║     ██╔══██║██╔══██╗ |
| ██████╔╝██║  ██║██████╔╝███████╗    ███████╗██║  ██║██████╔╝ |
| ╚═════╝ ╚═╝  ╚═╝╚═════╝ ╚══════╝    ╚══════╝╚═╝  ╚═╝╚═════╝  |
+==============================================================+
|             Hi-Lo Resolution Image Classification            |
|             -------------------------------------            |
|                       Gabriel C. Trahan                      |
|                          Sahan Ahmad                         |
|                       MD  Aminual Islam                      |
+==============================================================+
2024-03-04 19:11:26,750 | INFO | hilo.dataset-accessor : Fetching dataset: cifar10
2024-03-04 19:11:26,750 | INFO | hilo.cifar10-dataset : Initializing transform
2024-03-04 19:11:26,750 | INFO | hilo.cifar10-dataset : Verifying/downloading train data
2024-03-04 19:11:27,352 | INFO | hilo.cifar10-dataset : Verifying/downloading test data
2024-03-04 19:11:27,828 | INFO | hilo.cifar10-dataset : Creating train data loader.
2024-03-04 19:11:27,829 | INFO | hilo.cifar10-dataset : Creating test data loader.
2024-03-04 19:11:27,936 | INFO | hilo : Output directory: output/resnet/cifar10/gumbel/6/20240304_191126/
2024-03-04 19:11:28,931 | INFO | hilo : Using device: NVIDIA GeForce GTX 1060 6GB
2024-03-04 19:11:28,931 | INFO | hilo : Exeucting job: MODEL resnet | DATASET cifar10 | KERNEL gumbel | TYPE 6
2024-03-04 19:11:28,932 | INFO | hilo : Commencing training phase...
2024-03-04 19:11:28,932 | INFO | hilo.kernel-accessor : Fetching kernel: gumbel
2024-03-04 19:11:28,932 | INFO | hilo.gumbel-kernel : Calculating Gumbel distribution (location: 0.0, scale 1.0)
2024-03-04 19:11:28,933 | INFO | hilo.gumbel-kernel : BOTTOM-RIGHT:
tensor([[8.5377e-26, 2.2609e-10, 2.0072e-04],
        [2.2609e-10, 2.0072e-04, 5.8259e-02],
        [2.0072e-04, 5.8259e-02, 8.8288e-01]])
2024-03-04 19:11:28,933 | INFO | hilo.kernel-accessor : Fetching kernel: gumbel
2024-03-04 19:11:28,933 | INFO | hilo.gumbel-kernel : Calculating Gumbel distribution (location: 0.0, scale 1.0)
2024-03-04 19:11:28,933 | INFO | hilo.gumbel-kernel : BOTTOM-RIGHT:
tensor([[8.5377e-26, 2.2609e-10, 2.0072e-04],
        [2.2609e-10, 2.0072e-04, 5.8259e-02],
        [2.0072e-04, 5.8259e-02, 8.8288e-01]])
2024-03-04 19:11:28,934 | INFO | hilo.kernel-accessor : Fetching kernel: gumbel
2024-03-04 19:11:28,934 | INFO | hilo.gumbel-kernel : Calculating Gumbel distribution (location: 0.0, scale 1.0)
2024-03-04 19:11:28,934 | INFO | hilo.gumbel-kernel : BOTTOM-RIGHT:
tensor([[8.5377e-26, 2.2609e-10, 2.0072e-04],
        [2.2609e-10, 2.0072e-04, 5.8259e-02],
        [2.0072e-04, 5.8259e-02, 8.8288e-01]])
2024-03-04 19:11:28,934 | INFO | hilo.kernel-accessor : Fetching kernel: gumbel
2024-03-04 19:11:28,934 | INFO | hilo.gumbel-kernel : Calculating Gumbel distribution (location: 0.0, scale 1.0)
2024-03-04 19:11:28,935 | INFO | hilo.gumbel-kernel : BOTTOM-LEFT:
tensor([[2.0072e-04, 2.2609e-10, 8.5377e-26],
        [5.8259e-02, 2.0072e-04, 2.2609e-10],
        [8.8288e-01, 5.8259e-02, 2.0072e-04]])
2024-03-04 19:11:28,935 | INFO | hilo.kernel-accessor : Fetching kernel: gumbel
2024-03-04 19:11:28,935 | INFO | hilo.gumbel-kernel : Calculating Gumbel distribution (location: 0.0, scale 1.0)
2024-03-04 19:11:28,935 | INFO | hilo.gumbel-kernel : BOTTOM-RIGHT:
tensor([[8.5377e-26, 2.2609e-10, 2.0072e-04],
        [2.2609e-10, 2.0072e-04, 5.8259e-02],
        [2.0072e-04, 5.8259e-02, 8.8288e-01]])
2024-03-04 19:11:28,935 | INFO | hilo.kernel-accessor : Fetching kernel: gumbel
2024-03-04 19:11:28,935 | INFO | hilo.gumbel-kernel : Calculating Gumbel distribution (location: 0.0, scale 1.0)
2024-03-04 19:11:28,936 | INFO | hilo.gumbel-kernel : BOTTOM-LEFT:
tensor([[2.0072e-04, 2.2609e-10, 8.5377e-26],
        [5.8259e-02, 2.0072e-04, 2.2609e-10],
        [8.8288e-01, 5.8259e-02, 2.0072e-04]])
2024-03-04 19:11:28,936 | INFO | hilo.kernel-accessor : Fetching kernel: gumbel
2024-03-04 19:11:28,936 | INFO | hilo.gumbel-kernel : Calculating Gumbel distribution (location: 0.0, scale 1.0)
2024-03-04 19:11:28,936 | INFO | hilo.gumbel-kernel : BOTTOM-LEFT:
tensor([[2.0072e-04, 2.2609e-10, 8.5377e-26],
        [5.8259e-02, 2.0072e-04, 2.2609e-10],
        [8.8288e-01, 5.8259e-02, 2.0072e-04]])
2024-03-04 19:11:28,936 | INFO | hilo.kernel-accessor : Fetching kernel: gumbel
2024-03-04 19:11:28,936 | INFO | hilo.gumbel-kernel : Calculating Gumbel distribution (location: 0.0, scale 1.0)
2024-03-04 19:11:28,937 | INFO | hilo.gumbel-kernel : BOTTOM-LEFT:
tensor([[2.0072e-04, 2.2609e-10, 8.5377e-26],
        [5.8259e-02, 2.0072e-04, 2.2609e-10],
        [8.8288e-01, 5.8259e-02, 2.0072e-04]])
2024-03-04 19:11:28,937 | INFO | hilo.kernel-accessor : Fetching kernel: gumbel
2024-03-04 19:11:28,937 | INFO | hilo.gumbel-kernel : Calculating Gumbel distribution (location: 0.0, scale 1.0)
2024-03-04 19:11:28,937 | INFO | hilo.gumbel-kernel : BOTTOM-LEFT:
tensor([[2.0072e-04, 2.2609e-10, 8.5377e-26],
        [5.8259e-02, 2.0072e-04, 2.2609e-10],
        [8.8288e-01, 5.8259e-02, 2.0072e-04]])
2024-03-04 19:11:28,937 | INFO | hilo.kernel-accessor : Fetching kernel: gumbel
2024-03-04 19:11:28,937 | INFO | hilo.gumbel-kernel : Calculating Gumbel distribution (location: 0.0, scale 1.0)
2024-03-04 19:11:28,938 | INFO | hilo.gumbel-kernel : BOTTOM-RIGHT:
tensor([[8.5377e-26, 2.2609e-10, 2.0072e-04],
        [2.2609e-10, 2.0072e-04, 5.8259e-02],
        [2.0072e-04, 5.8259e-02, 8.8288e-01]])
2024-03-04 19:11:28,938 | INFO | hilo.kernel-accessor : Fetching kernel: gumbel
2024-03-04 19:11:28,938 | INFO | hilo.gumbel-kernel : Calculating Gumbel distribution (location: 0.0, scale 1.0)
2024-03-04 19:11:28,938 | INFO | hilo.gumbel-kernel : BOTTOM-RIGHT:
tensor([[8.5377e-26, 2.2609e-10, 2.0072e-04],
        [2.2609e-10, 2.0072e-04, 5.8259e-02],
        [2.0072e-04, 5.8259e-02, 8.8288e-01]])
2024-03-04 19:11:28,938 | INFO | hilo.kernel-accessor : Fetching kernel: gumbel
2024-03-04 19:11:28,938 | INFO | hilo.gumbel-kernel : Calculating Gumbel distribution (location: 0.0, scale 1.0)
2024-03-04 19:11:28,939 | INFO | hilo.gumbel-kernel : BOTTOM-RIGHT:
tensor([[8.5377e-26, 2.2609e-10, 2.0072e-04],
        [2.2609e-10, 2.0072e-04, 5.8259e-02],
        [2.0072e-04, 5.8259e-02, 8.8288e-01]])
2024-03-04 19:11:28,939 | INFO | hilo.kernel-accessor : Fetching kernel: gumbel
2024-03-04 19:11:28,939 | INFO | hilo.gumbel-kernel : Calculating Gumbel distribution (location: 0.0, scale 1.0)
2024-03-04 19:11:28,939 | INFO | hilo.gumbel-kernel : BOTTOM-RIGHT:
tensor([[8.5377e-26, 2.2609e-10, 2.0072e-04],
        [2.2609e-10, 2.0072e-04, 5.8259e-02],
        [2.0072e-04, 5.8259e-02, 8.8288e-01]])
2024-03-04 19:11:28,939 | INFO | hilo.kernel-accessor : Fetching kernel: gumbel
2024-03-04 19:11:28,939 | INFO | hilo.gumbel-kernel : Calculating Gumbel distribution (location: 0.0, scale 1.0)
2024-03-04 19:11:28,940 | INFO | hilo.gumbel-kernel : BOTTOM-LEFT:
tensor([[2.0072e-04, 2.2609e-10, 8.5377e-26],
        [5.8259e-02, 2.0072e-04, 2.2609e-10],
        [8.8288e-01, 5.8259e-02, 2.0072e-04]])
2024-03-04 19:11:28,940 | INFO | hilo.kernel-accessor : Fetching kernel: gumbel
2024-03-04 19:11:28,940 | INFO | hilo.gumbel-kernel : Calculating Gumbel distribution (location: 0.0, scale 1.0)
2024-03-04 19:11:28,940 | INFO | hilo.gumbel-kernel : BOTTOM-RIGHT:
tensor([[8.5377e-26, 2.2609e-10, 2.0072e-04],
        [2.2609e-10, 2.0072e-04, 5.8259e-02],
        [2.0072e-04, 5.8259e-02, 8.8288e-01]])
2024-03-04 19:11:28,940 | INFO | hilo.kernel-accessor : Fetching kernel: gumbel
2024-03-04 19:11:28,941 | INFO | hilo.gumbel-kernel : Calculating Gumbel distribution (location: 0.0, scale 1.0)
2024-03-04 19:11:28,941 | INFO | hilo.gumbel-kernel : BOTTOM-LEFT:
tensor([[2.0072e-04, 2.2609e-10, 8.5377e-26],
        [5.8259e-02, 2.0072e-04, 2.2609e-10],
        [8.8288e-01, 5.8259e-02, 2.0072e-04]])
2024-03-04 19:11:28,941 | INFO | hilo.kernel-accessor : Fetching kernel: gumbel
2024-03-04 19:11:28,941 | INFO | hilo.gumbel-kernel : Calculating Gumbel distribution (location: 0.0, scale 1.0)
2024-03-04 19:11:28,941 | INFO | hilo.gumbel-kernel : BOTTOM-LEFT:
tensor([[2.0072e-04, 2.2609e-10, 8.5377e-26],
        [5.8259e-02, 2.0072e-04, 2.2609e-10],
        [8.8288e-01, 5.8259e-02, 2.0072e-04]])
2024-03-04 19:12:50,593 | INFO | hilo : Epoch   1/200 | Accuracy:  39.0625 | Loss:   1.6310
2024-03-04 19:12:50,593 | INFO | hilo.kernel-accessor : Fetching kernel: gumbel
2024-03-04 19:12:50,594 | INFO | hilo.gumbel-kernel : Calculating Gumbel distribution (location: -0.008705167099833488, scale 0.6009371876716614)
2024-03-04 19:12:50,594 | INFO | hilo.gumbel-kernel : BOTTOM-RIGHT:
tensor([[0.0000e+00, 0.0000e+00, 3.4104e-14],
        [0.0000e+00, 3.4104e-14, 2.2991e-03],
        [3.4104e-14, 2.2991e-03, 9.9540e-01]])
2024-03-04 19:12:50,594 | INFO | hilo.kernel-accessor : Fetching kernel: gumbel
2024-03-04 19:12:50,594 | INFO | hilo.gumbel-kernel : Calculating Gumbel distribution (location: -0.510732889175415, scale 1.8207323551177979)
2024-03-04 19:12:50,595 | INFO | hilo.gumbel-kernel : BOTTOM-LEFT:
tensor([[7.4237e-03, 9.1453e-05, 6.7424e-08],
        [1.1855e-01, 7.4237e-03, 9.1453e-05],
        [7.4044e-01, 1.1855e-01, 7.4237e-03]])
2024-03-04 19:12:50,595 | INFO | hilo.kernel-accessor : Fetching kernel: gumbel
2024-03-04 19:12:50,595 | INFO | hilo.gumbel-kernel : Calculating Gumbel distribution (location: -0.6446897387504578, scale 1.5820372104644775)
2024-03-04 19:12:50,595 | INFO | hilo.gumbel-kernel : BOTTOM-RIGHT:
tensor([[3.3582e-13, 3.6485e-07, 7.9201e-04],
        [3.6485e-07, 7.9201e-04, 6.3194e-02],
        [7.9201e-04, 6.3194e-02, 8.7124e-01]])
2024-03-04 19:12:50,595 | INFO | hilo.kernel-accessor : Fetching kernel: gumbel
2024-03-04 19:12:50,595 | INFO | hilo.gumbel-kernel : Calculating Gumbel distribution (location: -0.4132710099220276, scale 1.3287131786346436)
2024-03-04 19:12:50,596 | INFO | hilo.gumbel-kernel : BOTTOM-RIGHT:
tensor([[1.0815e-17, 1.1078e-08, 2.9005e-04],
        [1.1078e-08, 2.9005e-04, 5.2098e-02],
        [2.9005e-04, 5.2098e-02, 8.9493e-01]])
2024-03-04 19:12:50,596 | INFO | hilo.kernel-accessor : Fetching kernel: gumbel
2024-03-04 19:12:50,596 | INFO | hilo.gumbel-kernel : Calculating Gumbel distribution (location: -0.05468369647860527, scale 1.4569014310836792)
2024-03-04 19:12:50,596 | INFO | hilo.gumbel-kernel : BOTTOM-RIGHT:
tensor([[7.0053e-09, 5.8091e-05, 7.6696e-03],
        [5.8091e-05, 7.6696e-03, 1.2599e-01],
        [7.6696e-03, 1.2599e-01, 7.2489e-01]])
2024-03-04 19:12:50,596 | INFO | hilo.kernel-accessor : Fetching kernel: gumbel
2024-03-04 19:12:50,597 | INFO | hilo.gumbel-kernel : Calculating Gumbel distribution (location: -0.1835668981075287, scale 1.3188577890396118)
2024-03-04 19:12:50,597 | INFO | hilo.gumbel-kernel : BOTTOM-LEFT:
tensor([[1.6466e-03, 8.3552e-07, 1.8329e-13],
        [8.6128e-02, 1.6466e-03, 8.3552e-07],
        [8.2280e-01, 8.6128e-02, 1.6466e-03]])
2024-03-04 19:12:50,597 | INFO | hilo.kernel-accessor : Fetching kernel: gumbel
2024-03-04 19:12:50,597 | INFO | hilo.gumbel-kernel : Calculating Gumbel distribution (location: -0.29588502645492554, scale 1.5622724294662476)
2024-03-04 19:12:50,597 | INFO | hilo.gumbel-kernel : BOTTOM-LEFT:
tensor([[4.8024e-03, 2.2779e-05, 1.5815e-09],
        [1.0918e-01, 4.8024e-03, 2.2779e-05],
        [7.6718e-01, 1.0918e-01, 4.8024e-03]])
2024-03-04 19:12:50,597 | INFO | hilo.kernel-accessor : Fetching kernel: gumbel
2024-03-04 19:12:50,598 | INFO | hilo.gumbel-kernel : Calculating Gumbel distribution (location: -0.283923864364624, scale 1.4221774339675903)
2024-03-04 19:12:50,598 | INFO | hilo.gumbel-kernel : BOTTOM-LEFT:
tensor([[2.0274e-03, 2.0251e-06, 3.6030e-12],
        [8.8403e-02, 2.0274e-03, 2.0251e-06],
        [8.1711e-01, 8.8403e-02, 2.0274e-03]])
2024-03-04 19:12:50,598 | INFO | hilo.kernel-accessor : Fetching kernel: gumbel
2024-03-04 19:12:50,598 | INFO | hilo.gumbel-kernel : Calculating Gumbel distribution (location: -0.27125245332717896, scale 1.4201359748840332)
2024-03-04 19:12:50,598 | INFO | hilo.gumbel-kernel : BOTTOM-RIGHT:
tensor([[4.8263e-12, 2.3314e-06, 2.1532e-03],
        [2.3314e-06, 2.1532e-03, 8.9982e-02],
        [2.1532e-03, 8.9982e-02, 8.1357e-01]])
2024-03-04 19:12:50,599 | INFO | hilo.kernel-accessor : Fetching kernel: gumbel
2024-03-04 19:12:50,599 | INFO | hilo.gumbel-kernel : Calculating Gumbel distribution (location: -0.10418595373630524, scale 1.113531470298767)
2024-03-04 19:12:50,599 | INFO | hilo.gumbel-kernel : BOTTOM-LEFT:
tensor([[3.3908e-04, 3.5441e-09, 7.7640e-21],
        [6.1721e-02, 3.3908e-04, 3.5441e-09],
        [8.7554e-01, 6.1721e-02, 3.3908e-04]])
2024-03-04 19:12:50,599 | INFO | hilo.kernel-accessor : Fetching kernel: gumbel
2024-03-04 19:12:50,599 | INFO | hilo.gumbel-kernel : Calculating Gumbel distribution (location: -0.1733359545469284, scale 1.3561933040618896)
2024-03-04 19:12:50,600 | INFO | hilo.gumbel-kernel : BOTTOM-RIGHT:
tensor([[2.9999e-12, 2.4158e-06, 2.3733e-03],
        [2.4158e-06, 2.3733e-03, 9.4155e-02],
        [2.3733e-03, 9.4155e-02, 8.0456e-01]])
2024-03-04 19:12:50,600 | INFO | hilo.kernel-accessor : Fetching kernel: gumbel
2024-03-04 19:12:50,600 | INFO | hilo.gumbel-kernel : Calculating Gumbel distribution (location: -0.06185615435242653, scale 1.2480546236038208)
2024-03-04 19:12:50,600 | INFO | hilo.gumbel-kernel : BOTTOM-RIGHT:
tensor([[1.4834e-13, 1.0880e-06, 2.0391e-03],
        [1.0880e-06, 2.0391e-03, 9.3322e-02],
        [2.0391e-03, 9.3322e-02, 8.0724e-01]])
2024-03-04 19:12:50,600 | INFO | hilo.kernel-accessor : Fetching kernel: gumbel
2024-03-04 19:12:50,600 | INFO | hilo.gumbel-kernel : Calculating Gumbel distribution (location: -0.015074329450726509, scale 1.2468211650848389)
2024-03-04 19:12:50,601 | INFO | hilo.gumbel-kernel : BOTTOM-LEFT:
tensor([[2.7138e-03, 2.3090e-06, 8.8135e-13],
        [1.0056e-01, 2.7138e-03, 2.3090e-06],
        [7.9074e-01, 1.0056e-01, 2.7138e-03]])
2024-03-04 19:12:50,601 | INFO | hilo.kernel-accessor : Fetching kernel: gumbel
2024-03-04 19:12:50,601 | INFO | hilo.gumbel-kernel : Calculating Gumbel distribution (location: 0.02438696287572384, scale 1.0407575368881226)
2024-03-04 19:12:50,601 | INFO | hilo.gumbel-kernel : BOTTOM-LEFT:
tensor([[4.8064e-04, 4.9537e-09, 2.1538e-21],
        [7.0357e-02, 4.8064e-04, 4.9537e-09],
        [8.5784e-01, 7.0357e-02, 4.8064e-04]])
2024-03-04 19:12:50,601 | INFO | hilo.kernel-accessor : Fetching kernel: gumbel
2024-03-04 19:12:50,601 | INFO | hilo.gumbel-kernel : Calculating Gumbel distribution (location: 0.05861867964267731, scale 1.0616897344589233)
2024-03-04 19:12:50,602 | INFO | hilo.gumbel-kernel : BOTTOM-LEFT:
tensor([[8.6115e-04, 3.3323e-08, 7.0135e-19],
        [8.0347e-02, 8.6115e-04, 3.3323e-08],
        [8.3672e-01, 8.0347e-02, 8.6115e-04]])
2024-03-04 19:12:50,602 | INFO | hilo.kernel-accessor : Fetching kernel: gumbel
2024-03-04 19:12:50,602 | INFO | hilo.gumbel-kernel : Calculating Gumbel distribution (location: 0.14949530363082886, scale 1.0679590702056885)
2024-03-04 19:12:50,602 | INFO | hilo.gumbel-kernel : BOTTOM-LEFT:
tensor([[1.9161e-03, 3.6657e-07, 5.1354e-16],
        [9.7142e-02, 1.9161e-03, 3.6657e-07],
        [7.9997e-01, 9.7142e-02, 1.9161e-03]])
2024-03-04 19:12:50,602 | INFO | hilo.kernel-accessor : Fetching kernel: gumbel
2024-03-04 19:12:50,602 | INFO | hilo.gumbel-kernel : Calculating Gumbel distribution (location: -0.17338594794273376, scale 1.64727783203125)
2024-03-04 19:12:50,603 | INFO | hilo.gumbel-kernel : BOTTOM-LEFT:
tensor([[1.1121e-02, 1.8845e-04, 1.7604e-07],
        [1.3526e-01, 1.1121e-02, 1.8845e-04],
        [6.9574e-01, 1.3526e-01, 1.1121e-02]])
2024-03-04 19:14:11,407 | INFO | hilo : Epoch   2/200 | Accuracy:  50.0000 | Loss:   1.3637
2024-03-04 19:14:11,407 | INFO | hilo.kernel-accessor : Fetching kernel: gumbel
2024-03-04 19:14:11,408 | INFO | hilo.gumbel-kernel : Calculating Gumbel distribution (location: -0.00876100268214941, scale 0.538955569267273)
2024-03-04 19:14:11,408 | INFO | hilo.gumbel-kernel : BOTTOM-LEFT:
tensor([[3.1008e-20, 0.0000e+00, 0.0000e+00],
        [5.9354e-04, 3.1007e-20, 0.0000e+00],
        [9.9881e-01, 5.9354e-04, 3.1008e-20]])
2024-03-04 19:14:11,408 | INFO | hilo.kernel-accessor : Fetching kernel: gumbel
2024-03-04 19:14:11,409 | INFO | hilo.gumbel-kernel : Calculating Gumbel distribution (location: -0.6994616389274597, scale 1.7847942113876343)
2024-03-04 19:14:11,409 | INFO | hilo.gumbel-kernel : BOTTOM-RIGHT:
tensor([[8.7889e-10, 1.0559e-05, 2.8686e-03],
        [1.0559e-05, 2.8686e-03, 8.9538e-02],
        [2.8686e-03, 8.9538e-02, 8.1230e-01]])
2024-03-04 19:14:11,409 | INFO | hilo.kernel-accessor : Fetching kernel: gumbel
2024-03-04 19:14:11,410 | INFO | hilo.gumbel-kernel : Calculating Gumbel distribution (location: -0.6132391691207886, scale 1.1799356937408447)
2024-03-04 19:14:11,410 | INFO | hilo.gumbel-kernel : BOTTOM-LEFT:
tensor([[6.2332e-07, 3.2000e-16, 2.0701e-37],
        [9.6713e-03, 6.2332e-07, 3.2000e-16],
        [9.8066e-01, 9.6713e-03, 6.2332e-07]])
2024-03-04 19:14:11,410 | INFO | hilo.kernel-accessor : Fetching kernel: gumbel
2024-03-04 19:14:11,411 | INFO | hilo.gumbel-kernel : Calculating Gumbel distribution (location: -0.3631524443626404, scale 0.911618173122406)
2024-03-04 19:14:11,411 | INFO | hilo.gumbel-kernel : BOTTOM-LEFT:
tensor([[2.3201e-09, 4.4558e-27, 0.0000e+00],
        [3.9645e-03, 2.3201e-09, 4.4558e-27],
        [9.9207e-01, 3.9645e-03, 2.3201e-09]])
2024-03-04 19:14:11,411 | INFO | hilo.kernel-accessor : Fetching kernel: gumbel
2024-03-04 19:14:11,411 | INFO | hilo.gumbel-kernel : Calculating Gumbel distribution (location: -0.17980845272541046, scale 1.026267170906067)
2024-03-04 19:14:11,412 | INFO | hilo.gumbel-kernel : BOTTOM-RIGHT:
tensor([[3.2122e-32, 7.0494e-13, 2.5785e-05],
        [7.0494e-13, 2.5785e-05, 3.3830e-02],
        [2.5785e-05, 3.3830e-02, 9.3226e-01]])
2024-03-04 19:14:11,412 | INFO | hilo.kernel-accessor : Fetching kernel: gumbel
2024-03-04 19:14:11,412 | INFO | hilo.gumbel-kernel : Calculating Gumbel distribution (location: -0.2685348391532898, scale 1.0075780153274536)
2024-03-04 19:14:11,413 | INFO | hilo.gumbel-kernel : BOTTOM-RIGHT:
tensor([[6.1545e-41, 7.8763e-16, 2.9766e-06],
        [7.8763e-16, 2.9766e-06, 1.9720e-02],
        [2.9766e-06, 1.9720e-02, 9.6055e-01]])
2024-03-04 19:14:11,413 | INFO | hilo.kernel-accessor : Fetching kernel: gumbel
2024-03-04 19:14:11,413 | INFO | hilo.gumbel-kernel : Calculating Gumbel distribution (location: -0.29683226346969604, scale 1.2198152542114258)
2024-03-04 19:14:11,414 | INFO | hilo.gumbel-kernel : BOTTOM-LEFT:
tensor([[2.0292e-04, 2.1240e-09, 2.9796e-20],
        [5.0165e-02, 2.0292e-04, 2.1240e-09],
        [8.9906e-01, 5.0165e-02, 2.0292e-04]])
2024-03-04 19:14:11,414 | INFO | hilo.kernel-accessor : Fetching kernel: gumbel
2024-03-04 19:14:11,414 | INFO | hilo.gumbel-kernel : Calculating Gumbel distribution (location: -0.2805732488632202, scale 1.0719715356826782)
2024-03-04 19:14:11,415 | INFO | hilo.gumbel-kernel : BOTTOM-LEFT:
tensor([[1.4531e-05, 2.8547e-13, 3.1009e-32],
        [2.7546e-02, 1.4531e-05, 2.8547e-13],
        [9.4486e-01, 2.7546e-02, 1.4531e-05]])
2024-03-04 19:14:11,415 | INFO | hilo.kernel-accessor : Fetching kernel: gumbel
2024-03-04 19:14:11,415 | INFO | hilo.gumbel-kernel : Calculating Gumbel distribution (location: -0.1691821813583374, scale 1.018118143081665)
2024-03-04 19:14:11,416 | INFO | hilo.gumbel-kernel : BOTTOM-LEFT:
tensor([[2.5356e-05, 5.8281e-13, 1.2038e-32],
        [3.3995e-02, 2.5356e-05, 5.8281e-13],
        [9.3193e-01, 3.3995e-02, 2.5356e-05]])
2024-03-04 19:14:11,416 | INFO | hilo.kernel-accessor : Fetching kernel: gumbel
2024-03-04 19:14:11,416 | INFO | hilo.gumbel-kernel : Calculating Gumbel distribution (location: -0.1402629315853119, scale 0.8897457718849182)
2024-03-04 19:14:11,417 | INFO | hilo.gumbel-kernel : BOTTOM-RIGHT:
tensor([[0.0000e+00, 5.9572e-19, 9.2779e-07],
        [5.9572e-19, 9.2779e-07, 1.8176e-02],
        [9.2779e-07, 1.8176e-02, 9.6364e-01]])
2024-03-04 19:14:11,417 | INFO | hilo.kernel-accessor : Fetching kernel: gumbel
2024-03-04 19:14:11,417 | INFO | hilo.gumbel-kernel : Calculating Gumbel distribution (location: -0.19644193351268768, scale 1.0936895608901978)
2024-03-04 19:14:11,418 | INFO | hilo.gumbel-kernel : BOTTOM-RIGHT:
tensor([[7.7006e-26, 5.3642e-11, 8.2462e-05],
        [5.3642e-11, 8.2462e-05, 4.3027e-02],
        [8.2462e-05, 4.3027e-02, 9.1370e-01]])
2024-03-04 19:14:11,418 | INFO | hilo.kernel-accessor : Fetching kernel: gumbel
2024-03-04 19:14:11,418 | INFO | hilo.gumbel-kernel : Calculating Gumbel distribution (location: -0.019340816885232925, scale 1.0073126554489136)
2024-03-04 19:14:11,418 | INFO | hilo.gumbel-kernel : BOTTOM-LEFT:
tensor([[1.7796e-04, 1.7240e-10, 5.4944e-26],
        [5.6257e-02, 1.7796e-04, 1.7240e-10],
        [8.8695e-01, 5.6257e-02, 1.7796e-04]])
2024-03-04 19:14:11,419 | INFO | hilo.kernel-accessor : Fetching kernel: gumbel
2024-03-04 19:14:11,419 | INFO | hilo.gumbel-kernel : Calculating Gumbel distribution (location: 0.10927794873714447, scale 1.0687947273254395)
2024-03-04 19:14:11,419 | INFO | hilo.gumbel-kernel : BOTTOM-LEFT:
tensor([[1.4214e-03, 1.5299e-07, 5.0132e-17],
        [9.0462e-02, 1.4214e-03, 1.5299e-07],
        [8.1481e-01, 9.0462e-02, 1.4214e-03]])
2024-03-04 19:14:11,419 | INFO | hilo.kernel-accessor : Fetching kernel: gumbel
2024-03-04 19:14:11,420 | INFO | hilo.gumbel-kernel : Calculating Gumbel distribution (location: 0.12309108674526215, scale 0.9375798106193542)
2024-03-04 19:14:11,420 | INFO | hilo.gumbel-kernel : BOTTOM-RIGHT:
tensor([[4.1337e-26, 4.8769e-10, 3.3389e-04],
        [4.8769e-10, 3.3389e-04, 6.8526e-02],
        [3.3389e-04, 6.8526e-02, 8.6195e-01]])
2024-03-04 19:14:11,420 | INFO | hilo.kernel-accessor : Fetching kernel: gumbel
2024-03-04 19:14:11,420 | INFO | hilo.gumbel-kernel : Calculating Gumbel distribution (location: 0.1477702260017395, scale 0.8771842122077942)
2024-03-04 19:14:11,421 | INFO | hilo.gumbel-kernel : BOTTOM-RIGHT:
tensor([[4.2994e-32, 1.9434e-11, 1.7028e-04],
        [1.9434e-11, 1.7028e-04, 6.1414e-02],
        [1.7028e-04, 6.1414e-02, 8.7666e-01]])
2024-03-04 19:14:11,421 | INFO | hilo.kernel-accessor : Fetching kernel: gumbel
2024-03-04 19:14:11,421 | INFO | hilo.gumbel-kernel : Calculating Gumbel distribution (location: 0.1646810621023178, scale 0.8891672492027283)
2024-03-04 19:14:11,421 | INFO | hilo.gumbel-kernel : BOTTOM-LEFT:
tensor([[2.6138e-04, 1.0422e-10, 2.1335e-29],
        [6.6890e-02, 2.6138e-04, 1.0422e-10],
        [8.6544e-01, 6.6890e-02, 2.6138e-04]])
2024-03-04 19:14:11,421 | INFO | hilo.kernel-accessor : Fetching kernel: gumbel
2024-03-04 19:14:11,421 | INFO | hilo.gumbel-kernel : Calculating Gumbel distribution (location: -0.16209521889686584, scale 1.2958537340164185)
2024-03-04 19:14:11,422 | INFO | hilo.gumbel-kernel : BOTTOM-RIGHT:
tensor([[8.2271e-14, 6.6201e-07, 1.5598e-03],
        [6.6201e-07, 1.5598e-03, 8.5516e-02],
        [1.5598e-03, 8.5516e-02, 8.2429e-01]])
2024-03-04 19:15:32,197 | INFO | hilo : Epoch   3/200 | Accuracy:  55.1308 | Loss:   1.3244
2024-03-04 19:15:32,197 | INFO | hilo.kernel-accessor : Fetching kernel: gumbel
2024-03-04 19:15:32,198 | INFO | hilo.gumbel-kernel : Calculating Gumbel distribution (location: 0.0031355638056993484, scale 0.4804030954837799)
2024-03-04 19:15:32,198 | INFO | hilo.gumbel-kernel : BOTTOM-RIGHT:
tensor([[0.0000e+00, 0.0000e+00, 1.1702e-29],
        [0.0000e+00, 1.1702e-29, 1.2243e-04],
        [1.1702e-29, 1.2243e-04, 9.9976e-01]])
2024-03-04 19:15:32,199 | INFO | hilo.kernel-accessor : Fetching kernel: gumbel
2024-03-04 19:15:32,199 | INFO | hilo.gumbel-kernel : Calculating Gumbel distribution (location: -0.537746250629425, scale 1.4670493602752686)
2024-03-04 19:15:32,199 | INFO | hilo.gumbel-kernel : BOTTOM-RIGHT:
tensor([[7.1113e-15, 9.4335e-08, 5.2912e-04],
        [9.4335e-08, 5.2912e-04, 5.8344e-02],
        [5.2912e-04, 5.8344e-02, 8.8173e-01]])
2024-03-04 19:15:32,199 | INFO | hilo.kernel-accessor : Fetching kernel: gumbel
2024-03-04 19:15:32,200 | INFO | hilo.gumbel-kernel : Calculating Gumbel distribution (location: -0.5842004418373108, scale 1.2296274900436401)
2024-03-04 19:15:32,200 | INFO | hilo.gumbel-kernel : BOTTOM-RIGHT:
tensor([[4.3716e-30, 1.4639e-13, 4.8912e-06],
        [1.4639e-13, 4.8912e-06, 1.6680e-02],
        [4.8912e-06, 1.6680e-02, 9.6663e-01]])
2024-03-04 19:15:32,200 | INFO | hilo.kernel-accessor : Fetching kernel: gumbel
2024-03-04 19:15:32,200 | INFO | hilo.gumbel-kernel : Calculating Gumbel distribution (location: -0.39598792791366577, scale 0.8158537745475769)
2024-03-04 19:15:32,201 | INFO | hilo.gumbel-kernel : BOTTOM-LEFT:
tensor([[5.9795e-14, 0.0000e+00, 0.0000e+00],
        [5.1065e-04, 5.9795e-14, 0.0000e+00],
        [9.9898e-01, 5.1065e-04, 5.9795e-14]])
2024-03-04 19:15:32,201 | INFO | hilo.kernel-accessor : Fetching kernel: gumbel
2024-03-04 19:15:32,201 | INFO | hilo.gumbel-kernel : Calculating Gumbel distribution (location: -0.15182214975357056, scale 0.7470868229866028)
2024-03-04 19:15:32,202 | INFO | hilo.gumbel-kernel : BOTTOM-RIGHT:
tensor([[0.0000e+00, 5.5338e-38, 1.0079e-10],
        [5.5338e-38, 1.0079e-10, 3.8088e-03],
        [1.0079e-10, 3.8088e-03, 9.9238e-01]])
2024-03-04 19:15:32,202 | INFO | hilo.kernel-accessor : Fetching kernel: gumbel
2024-03-04 19:15:32,202 | INFO | hilo.gumbel-kernel : Calculating Gumbel distribution (location: -0.22348855435848236, scale 0.7747176289558411)
2024-03-04 19:15:32,203 | INFO | hilo.gumbel-kernel : BOTTOM-RIGHT:
tensor([[0.0000e+00, 8.4496e-39, 2.6810e-11],
        [8.4496e-39, 2.6810e-11, 2.5064e-03],
        [2.6810e-11, 2.5064e-03, 9.9499e-01]])
2024-03-04 19:15:32,203 | INFO | hilo.kernel-accessor : Fetching kernel: gumbel
2024-03-04 19:15:32,203 | INFO | hilo.gumbel-kernel : Calculating Gumbel distribution (location: -0.33048468828201294, scale 0.9113324284553528)
2024-03-04 19:15:32,203 | INFO | hilo.gumbel-kernel : BOTTOM-RIGHT:
tensor([[0.0000e+00, 2.1904e-25, 7.7246e-09],
        [2.1904e-25, 7.7246e-09, 5.3508e-03],
        [7.7246e-09, 5.3508e-03, 9.8930e-01]])
2024-03-04 19:15:32,204 | INFO | hilo.kernel-accessor : Fetching kernel: gumbel
2024-03-04 19:15:32,204 | INFO | hilo.gumbel-kernel : Calculating Gumbel distribution (location: -0.19053830206394196, scale 0.7573747634887695)
2024-03-04 19:15:32,204 | INFO | hilo.gumbel-kernel : BOTTOM-RIGHT:
tensor([[0.0000e+00, 1.8889e-39, 3.1357e-11],
        [1.8889e-39, 3.1358e-11, 2.8352e-03],
        [3.1357e-11, 2.8352e-03, 9.9433e-01]])
2024-03-04 19:15:32,204 | INFO | hilo.kernel-accessor : Fetching kernel: gumbel
2024-03-04 19:15:32,205 | INFO | hilo.gumbel-kernel : Calculating Gumbel distribution (location: -0.07803186029195786, scale 0.7098312973976135)
2024-03-04 19:15:32,205 | INFO | hilo.gumbel-kernel : BOTTOM-LEFT:
tensor([[1.8080e-10, 4.5106e-39, 0.0000e+00],
        [5.1426e-03, 1.8080e-10, 4.5106e-39],
        [9.8971e-01, 5.1426e-03, 1.8080e-10]])
2024-03-04 19:15:32,205 | INFO | hilo.kernel-accessor : Fetching kernel: gumbel
2024-03-04 19:15:32,205 | INFO | hilo.gumbel-kernel : Calculating Gumbel distribution (location: -0.13850533962249756, scale 0.6319053769111633)
2024-03-04 19:15:32,206 | INFO | hilo.gumbel-kernel : BOTTOM-LEFT:
tensor([[2.2367e-17, 0.0000e+00, 0.0000e+00],
        [5.1139e-04, 2.2368e-17, 0.0000e+00],
        [9.9898e-01, 5.1139e-04, 2.2367e-17]])
2024-03-04 19:15:32,206 | INFO | hilo.kernel-accessor : Fetching kernel: gumbel
2024-03-04 19:15:32,206 | INFO | hilo.gumbel-kernel : Calculating Gumbel distribution (location: -0.2002362310886383, scale 0.7254868745803833)
2024-03-04 19:15:32,207 | INFO | hilo.gumbel-kernel : BOTTOM-LEFT:
tensor([[4.7544e-13, 0.0000e+00, 0.0000e+00],
        [1.4492e-03, 4.7544e-13, 0.0000e+00],
        [9.9710e-01, 1.4492e-03, 4.7544e-13]])
2024-03-04 19:15:32,207 | INFO | hilo.kernel-accessor : Fetching kernel: gumbel
2024-03-04 19:15:32,207 | INFO | hilo.gumbel-kernel : Calculating Gumbel distribution (location: -0.06195133924484253, scale 0.6559716463088989)
2024-03-04 19:15:32,207 | INFO | hilo.gumbel-kernel : BOTTOM-LEFT:
tensor([[1.3591e-12, 0.0000e+00, 0.0000e+00],
        [2.8238e-03, 1.3591e-12, 0.0000e+00],
        [9.9435e-01, 2.8238e-03, 1.3591e-12]])
2024-03-04 19:15:32,208 | INFO | hilo.kernel-accessor : Fetching kernel: gumbel
2024-03-04 19:15:32,208 | INFO | hilo.gumbel-kernel : Calculating Gumbel distribution (location: 0.03576511889696121, scale 0.7542070746421814)
2024-03-04 19:15:32,208 | INFO | hilo.gumbel-kernel : BOTTOM-RIGHT:
tensor([[0.0000e+00, 3.6220e-23, 4.2096e-07],
        [3.6220e-23, 4.2096e-07, 2.0584e-02],
        [4.2096e-07, 2.0584e-02, 9.5883e-01]])
2024-03-04 19:15:32,208 | INFO | hilo.kernel-accessor : Fetching kernel: gumbel
2024-03-04 19:15:32,209 | INFO | hilo.gumbel-kernel : Calculating Gumbel distribution (location: 0.09932144731283188, scale 0.6950311660766602)
2024-03-04 19:15:32,209 | INFO | hilo.gumbel-kernel : BOTTOM-LEFT:
tensor([[1.8169e-07, 9.6949e-27, 0.0000e+00],
        [2.0313e-02, 1.8169e-07, 9.6949e-27],
        [9.5937e-01, 2.0313e-02, 1.8169e-07]])
2024-03-04 19:15:32,209 | INFO | hilo.kernel-accessor : Fetching kernel: gumbel
2024-03-04 19:15:32,209 | INFO | hilo.gumbel-kernel : Calculating Gumbel distribution (location: 0.11516168713569641, scale 0.6974185705184937)
2024-03-04 19:15:32,210 | INFO | hilo.gumbel-kernel : BOTTOM-LEFT:
tensor([[3.5775e-07, 2.4111e-25, 0.0000e+00],
        [2.2891e-02, 3.5775e-07, 2.4111e-25],
        [9.5422e-01, 2.2891e-02, 3.5775e-07]])
2024-03-04 19:15:32,210 | INFO | hilo.kernel-accessor : Fetching kernel: gumbel
2024-03-04 19:15:32,210 | INFO | hilo.gumbel-kernel : Calculating Gumbel distribution (location: 0.07110562920570374, scale 0.6460700631141663)
2024-03-04 19:15:32,211 | INFO | hilo.gumbel-kernel : BOTTOM-LEFT:
tensor([[1.9616e-09, 1.2985e-38, 0.0000e+00],
        [1.0680e-02, 1.9616e-09, 1.2985e-38],
        [9.7864e-01, 1.0680e-02, 1.9616e-09]])
2024-03-04 19:15:32,211 | INFO | hilo.kernel-accessor : Fetching kernel: gumbel
2024-03-04 19:15:32,211 | INFO | hilo.gumbel-kernel : Calculating Gumbel distribution (location: 0.03414301574230194, scale 0.7595377564430237)
2024-03-04 19:15:32,212 | INFO | hilo.gumbel-kernel : BOTTOM-LEFT:
tensor([[5.1265e-07, 1.1262e-22, 0.0000e+00],
        [2.1158e-02, 5.1265e-07, 1.1262e-22],
        [9.5768e-01, 2.1158e-02, 5.1265e-07]])
2024-03-04 19:16:53,035 | INFO | hilo : Epoch   4/200 | Accuracy:  63.6719 | Loss:   0.9102
2024-03-04 19:16:53,035 | INFO | hilo.kernel-accessor : Fetching kernel: gumbel
2024-03-04 19:16:53,036 | INFO | hilo.gumbel-kernel : Calculating Gumbel distribution (location: -0.018598778173327446, scale 0.5397787690162659)
2024-03-04 19:16:53,037 | INFO | hilo.gumbel-kernel : BOTTOM-LEFT:
tensor([[8.6679e-21, 0.0000e+00, 0.0000e+00],
        [4.9368e-04, 8.6679e-21, 0.0000e+00],
        [9.9901e-01, 4.9368e-04, 8.6679e-21]])
2024-03-04 19:16:53,037 | INFO | hilo.kernel-accessor : Fetching kernel: gumbel
2024-03-04 19:16:53,037 | INFO | hilo.gumbel-kernel : Calculating Gumbel distribution (location: -0.4075104594230652, scale 1.4507355690002441)
2024-03-04 19:16:53,038 | INFO | hilo.gumbel-kernel : BOTTOM-LEFT:
tensor([[1.1684e-03, 5.8617e-07, 3.0994e-13],
        [7.4614e-02, 1.1684e-03, 5.8617e-07],
        [8.4726e-01, 7.4614e-02, 1.1684e-03]])
2024-03-04 19:16:53,038 | INFO | hilo.kernel-accessor : Fetching kernel: gumbel
2024-03-04 19:16:53,038 | INFO | hilo.gumbel-kernel : Calculating Gumbel distribution (location: -0.5185685157775879, scale 1.4075305461883545)
2024-03-04 19:16:53,039 | INFO | hilo.gumbel-kernel : BOTTOM-LEFT:
tensor([[3.0612e-04, 1.9436e-08, 1.1661e-16],
        [5.0750e-02, 3.0612e-04, 1.9436e-08],
        [8.9758e-01, 5.0750e-02, 3.0612e-04]])
2024-03-04 19:16:53,039 | INFO | hilo.kernel-accessor : Fetching kernel: gumbel
2024-03-04 19:16:53,039 | INFO | hilo.gumbel-kernel : Calculating Gumbel distribution (location: -0.4316102862358093, scale 0.9212242960929871)
2024-03-04 19:16:53,040 | INFO | hilo.gumbel-kernel : BOTTOM-RIGHT:
tensor([[0.0000e+00, 8.2468e-30, 2.7874e-10],
        [8.2468e-30, 2.7874e-10, 2.2537e-03],
        [2.7874e-10, 2.2537e-03, 9.9549e-01]])
2024-03-04 19:16:53,040 | INFO | hilo.kernel-accessor : Fetching kernel: gumbel
2024-03-04 19:16:53,040 | INFO | hilo.gumbel-kernel : Calculating Gumbel distribution (location: -0.21178513765335083, scale 0.8093315958976746)
2024-03-04 19:16:53,041 | INFO | hilo.gumbel-kernel : BOTTOM-RIGHT:
tensor([[0.0000e+00, 1.8704e-31, 9.5536e-10],
        [1.8704e-31, 9.5536e-10, 4.6839e-03],
        [9.5536e-10, 4.6839e-03, 9.9063e-01]])
2024-03-04 19:16:53,041 | INFO | hilo.kernel-accessor : Fetching kernel: gumbel
2024-03-04 19:16:53,042 | INFO | hilo.gumbel-kernel : Calculating Gumbel distribution (location: -0.29027438163757324, scale 0.7490702271461487)
2024-03-04 19:16:53,042 | INFO | hilo.gumbel-kernel : BOTTOM-LEFT:
tensor([[1.4804e-14, 0.0000e+00, 0.0000e+00],
        [6.0281e-04, 1.4804e-14, 0.0000e+00],
        [9.9879e-01, 6.0281e-04, 1.4804e-14]])
2024-03-04 19:16:53,042 | INFO | hilo.kernel-accessor : Fetching kernel: gumbel
2024-03-04 19:16:53,043 | INFO | hilo.gumbel-kernel : Calculating Gumbel distribution (location: -0.281401664018631, scale 0.7822128534317017)
2024-03-04 19:16:53,043 | INFO | hilo.gumbel-kernel : BOTTOM-RIGHT:
tensor([[0.0000e+00, 8.5759e-43, 1.9077e-12],
        [8.5759e-43, 1.9077e-12, 1.3584e-03],
        [1.9077e-12, 1.3584e-03, 9.9728e-01]])
2024-03-04 19:16:53,043 | INFO | hilo.kernel-accessor : Fetching kernel: gumbel
2024-03-04 19:16:53,044 | INFO | hilo.gumbel-kernel : Calculating Gumbel distribution (location: -0.17357294261455536, scale 0.6614058017730713)
2024-03-04 19:16:53,044 | INFO | hilo.gumbel-kernel : BOTTOM-RIGHT:
tensor([[0.0000e+00, 0.0000e+00, 2.0912e-16],
        [0.0000e+00, 2.0912e-16, 5.5931e-04],
        [2.0912e-16, 5.5931e-04, 9.9888e-01]])
2024-03-04 19:16:53,044 | INFO | hilo.kernel-accessor : Fetching kernel: gumbel
2024-03-04 19:16:53,045 | INFO | hilo.gumbel-kernel : Calculating Gumbel distribution (location: -0.13330510258674622, scale 0.585753858089447)
2024-03-04 19:16:53,045 | INFO | hilo.gumbel-kernel : BOTTOM-LEFT:
tensor([[2.4529e-22, 0.0000e+00, 0.0000e+00],
        [1.4735e-04, 2.4529e-22, 0.0000e+00],
        [9.9971e-01, 1.4735e-04, 2.4529e-22]])
2024-03-04 19:16:53,045 | INFO | hilo.kernel-accessor : Fetching kernel: gumbel
2024-03-04 19:16:53,046 | INFO | hilo.gumbel-kernel : Calculating Gumbel distribution (location: -0.12368545681238174, scale 0.5248163342475891)
2024-03-04 19:16:53,046 | INFO | hilo.gumbel-kernel : BOTTOM-LEFT:
tensor([[3.9619e-33, 0.0000e+00, 0.0000e+00],
        [1.5519e-05, 3.9618e-33, 0.0000e+00],
        [9.9997e-01, 1.5519e-05, 3.9619e-33]])
2024-03-04 19:16:53,046 | INFO | hilo.kernel-accessor : Fetching kernel: gumbel
2024-03-04 19:16:53,047 | INFO | hilo.gumbel-kernel : Calculating Gumbel distribution (location: -0.16970790922641754, scale 0.5242500901222229)
2024-03-04 19:16:53,047 | INFO | hilo.gumbel-kernel : BOTTOM-LEFT:
tensor([[3.3225e-39, 0.0000e+00, 0.0000e+00],
        [2.5816e-06, 3.3227e-39, 0.0000e+00],
        [9.9999e-01, 2.5816e-06, 3.3225e-39]])
2024-03-04 19:16:53,047 | INFO | hilo.kernel-accessor : Fetching kernel: gumbel
2024-03-04 19:16:53,048 | INFO | hilo.gumbel-kernel : Calculating Gumbel distribution (location: -0.08022483438253403, scale 0.42528975009918213)
2024-03-04 19:16:53,048 | INFO | hilo.gumbel-kernel : BOTTOM-LEFT:
tensor([[0.0000e+00, 0.0000e+00, 0.0000e+00],
        [9.1711e-08, 0.0000e+00, 0.0000e+00],
        [1.0000e+00, 9.1711e-08, 0.0000e+00]])
2024-03-04 19:16:53,048 | INFO | hilo.kernel-accessor : Fetching kernel: gumbel
2024-03-04 19:16:53,049 | INFO | hilo.gumbel-kernel : Calculating Gumbel distribution (location: -0.029487207531929016, scale 0.4228854179382324)
2024-03-04 19:16:53,049 | INFO | hilo.gumbel-kernel : BOTTOM-RIGHT:
tensor([[0.0000e+00, 0.0000e+00, 0.0000e+00],
        [0.0000e+00, 0.0000e+00, 1.4436e-06],
        [0.0000e+00, 1.4436e-06, 1.0000e+00]])
2024-03-04 19:16:53,049 | INFO | hilo.kernel-accessor : Fetching kernel: gumbel
2024-03-04 19:16:53,050 | INFO | hilo.gumbel-kernel : Calculating Gumbel distribution (location: 0.055308274924755096, scale 0.3568688631057739)
2024-03-04 19:16:53,050 | INFO | hilo.gumbel-kernel : BOTTOM-RIGHT:
tensor([[0.0000e+00, 0.0000e+00, 0.0000e+00],
        [0.0000e+00, 0.0000e+00, 7.1118e-07],
        [0.0000e+00, 7.1118e-07, 1.0000e+00]])
2024-03-04 19:16:53,051 | INFO | hilo.kernel-accessor : Fetching kernel: gumbel
2024-03-04 19:16:53,051 | INFO | hilo.gumbel-kernel : Calculating Gumbel distribution (location: 0.05854606255888939, scale 0.3215095102787018)
2024-03-04 19:16:53,051 | INFO | hilo.gumbel-kernel : BOTTOM-LEFT:
tensor([[0.0000e+00, 0.0000e+00, 0.0000e+00],
        [1.5263e-08, 0.0000e+00, 0.0000e+00],
        [1.0000e+00, 1.5263e-08, 0.0000e+00]])
2024-03-04 19:16:53,052 | INFO | hilo.kernel-accessor : Fetching kernel: gumbel
2024-03-04 19:16:53,052 | INFO | hilo.gumbel-kernel : Calculating Gumbel distribution (location: 0.03134806454181671, scale 0.3170291483402252)
2024-03-04 19:16:53,052 | INFO | hilo.gumbel-kernel : BOTTOM-RIGHT:
tensor([[0.0000e+00, 0.0000e+00, 0.0000e+00],
        [0.0000e+00, 0.0000e+00, 4.3109e-10],
        [0.0000e+00, 4.3109e-10, 1.0000e+00]])
2024-03-04 19:16:53,053 | INFO | hilo.kernel-accessor : Fetching kernel: gumbel
2024-03-04 19:16:53,053 | INFO | hilo.gumbel-kernel : Calculating Gumbel distribution (location: 0.07535749673843384, scale 0.3300621509552002)
2024-03-04 19:16:53,053 | INFO | hilo.gumbel-kernel : BOTTOM-LEFT:
tensor([[0.0000e+00, 0.0000e+00, 0.0000e+00],
        [1.8502e-07, 0.0000e+00, 0.0000e+00],
        [1.0000e+00, 1.8502e-07, 0.0000e+00]])
2024-03-04 19:18:13,934 | INFO | hilo : Epoch   5/200 | Accuracy:  50.4464 | Loss:   0.9729
2024-03-04 19:18:13,934 | INFO | hilo.kernel-accessor : Fetching kernel: gumbel
2024-03-04 19:18:13,935 | INFO | hilo.gumbel-kernel : Calculating Gumbel distribution (location: 0.01602223329246044, scale 0.4988335371017456)
2024-03-04 19:18:13,935 | INFO | hilo.gumbel-kernel : BOTTOM-RIGHT:
tensor([[0.0000e+00, 0.0000e+00, 1.6612e-24],
        [0.0000e+00, 1.6612e-24, 3.2576e-04],
        [1.6612e-24, 3.2576e-04, 9.9935e-01]])
2024-03-04 19:18:13,935 | INFO | hilo.kernel-accessor : Fetching kernel: gumbel
2024-03-04 19:18:13,935 | INFO | hilo.gumbel-kernel : Calculating Gumbel distribution (location: -0.40012139081954956, scale 1.3299965858459473)
2024-03-04 19:18:13,936 | INFO | hilo.gumbel-kernel : BOTTOM-RIGHT:
tensor([[2.4808e-17, 1.5828e-08, 3.3366e-04],
        [1.5828e-08, 3.3366e-04, 5.4263e-02],
        [3.3366e-04, 5.4263e-02, 8.9047e-01]])
2024-03-04 19:18:13,936 | INFO | hilo.kernel-accessor : Fetching kernel: gumbel
2024-03-04 19:18:13,936 | INFO | hilo.gumbel-kernel : Calculating Gumbel distribution (location: -0.5284984707832336, scale 1.4718716144561768)
2024-03-04 19:18:13,936 | INFO | hilo.gumbel-kernel : BOTTOM-RIGHT:
tensor([[1.4669e-14, 1.2932e-07, 5.9957e-04],
        [1.2932e-07, 5.9957e-04, 6.0503e-02],
        [5.9957e-04, 6.0503e-02, 8.7720e-01]])
2024-03-04 19:18:13,936 | INFO | hilo.kernel-accessor : Fetching kernel: gumbel
2024-03-04 19:18:13,937 | INFO | hilo.gumbel-kernel : Calculating Gumbel distribution (location: -0.5656305551528931, scale 1.0310451984405518)
