2024-03-08 17:52:56,959 | INFO | hilo : 
+==============================================================+
|                                                              |
| ██████╗  █████╗ ██████╗ ██╗         ██╗      █████╗ ██████╗  |
| ██╔══██╗██╔══██╗██╔══██╗██║         ██║     ██╔══██╗██╔══██╗ |
| ██║  ██║███████║██║  ██║██║         ██║     ███████║██████╔╝ |
| ██║  ██║██╔══██║██║  ██║██║         ██║     ██╔══██║██╔══██╗ |
| ██████╔╝██║  ██║██████╔╝███████╗    ███████╗██║  ██║██████╔╝ |
| ╚═════╝ ╚═╝  ╚═╝╚═════╝ ╚══════╝    ╚══════╝╚═╝  ╚═╝╚═════╝  |
+==============================================================+
|             Hi-Lo Resolution Image Classification            |
|             -------------------------------------            |
|                       Gabriel C. Trahan                      |
|                          Sahan Ahmad                         |
|                       MD  Aminual Islam                      |
+==============================================================+
2024-03-08 17:52:58,562 | INFO | hilo.dataset-accessor : Fetching dataset: cifar10
2024-03-08 17:52:58,562 | INFO | hilo.cifar10-dataset : Initializing transform
2024-03-08 17:52:58,562 | INFO | hilo.cifar10-dataset : Verifying/downloading train data
2024-03-08 17:52:59,167 | INFO | hilo.cifar10-dataset : Verifying/downloading test data
2024-03-08 17:52:59,660 | INFO | hilo.cifar10-dataset : Creating train data loader.
2024-03-08 17:52:59,660 | INFO | hilo.cifar10-dataset : Creating test data loader.
2024-03-08 17:52:59,775 | INFO | hilo : Output directory: output/resnet/cifar10/laplace/13/20240308_175258/
2024-03-08 17:53:00,804 | INFO | hilo : Using device: NVIDIA GeForce GTX 1060 6GB
2024-03-08 17:53:00,805 | INFO | hilo : Exeucting job: MODEL resnet | DATASET cifar10 | KERNEL laplace | TYPE 13
2024-03-08 17:53:00,805 | INFO | hilo : Commencing training phase...
2024-03-08 17:53:00,805 | INFO | hilo.kernel-accessor : Fetching kernel: laplace
2024-03-08 17:53:00,805 | INFO | hilo.laplace-kernel : Calculating Laplace distribution (location: 0.0, scale 1.0)
2024-03-08 17:53:00,806 | INFO | hilo.laplace-kernel : BOTTOM-RIGHT:
tensor([[0.0081, 0.0220, 0.0599],
        [0.0220, 0.0599, 0.1628],
        [0.0599, 0.1628, 0.4425]])
2024-03-08 17:53:00,806 | INFO | hilo.kernel-accessor : Fetching kernel: laplace
2024-03-08 17:53:00,806 | INFO | hilo.laplace-kernel : Calculating Laplace distribution (location: 0.0, scale 1.0)
2024-03-08 17:53:00,807 | INFO | hilo.laplace-kernel : BOTTOM-RIGHT:
tensor([[0.0081, 0.0220, 0.0599],
        [0.0220, 0.0599, 0.1628],
        [0.0599, 0.1628, 0.4425]])
2024-03-08 17:53:00,807 | INFO | hilo.kernel-accessor : Fetching kernel: laplace
2024-03-08 17:53:00,807 | INFO | hilo.laplace-kernel : Calculating Laplace distribution (location: 0.0, scale 1.0)
2024-03-08 17:53:00,807 | INFO | hilo.laplace-kernel : BOTTOM-LEFT:
tensor([[0.0599, 0.0220, 0.0081],
        [0.1628, 0.0599, 0.0220],
        [0.4425, 0.1628, 0.0599]])
2024-03-08 17:53:00,807 | INFO | hilo.kernel-accessor : Fetching kernel: laplace
2024-03-08 17:53:00,807 | INFO | hilo.laplace-kernel : Calculating Laplace distribution (location: 0.0, scale 1.0)
2024-03-08 17:53:00,808 | INFO | hilo.laplace-kernel : BOTTOM-RIGHT:
tensor([[0.0081, 0.0220, 0.0599],
        [0.0220, 0.0599, 0.1628],
        [0.0599, 0.1628, 0.4425]])
2024-03-08 17:53:00,808 | INFO | hilo.kernel-accessor : Fetching kernel: laplace
2024-03-08 17:53:00,808 | INFO | hilo.laplace-kernel : Calculating Laplace distribution (location: 0.0, scale 1.0)
2024-03-08 17:53:00,808 | INFO | hilo.laplace-kernel : TOP-RIGHT:
tensor([[0.0599, 0.1628, 0.4425],
        [0.0220, 0.0599, 0.1628],
        [0.0081, 0.0220, 0.0599]])
2024-03-08 17:53:00,808 | INFO | hilo.kernel-accessor : Fetching kernel: laplace
2024-03-08 17:53:00,809 | INFO | hilo.laplace-kernel : Calculating Laplace distribution (location: 0.0, scale 1.0)
2024-03-08 17:53:00,809 | INFO | hilo.laplace-kernel : BOTTOM-RIGHT:
tensor([[0.0081, 0.0220, 0.0599],
        [0.0220, 0.0599, 0.1628],
        [0.0599, 0.1628, 0.4425]])
2024-03-08 17:53:00,809 | INFO | hilo.kernel-accessor : Fetching kernel: laplace
2024-03-08 17:53:00,809 | INFO | hilo.laplace-kernel : Calculating Laplace distribution (location: 0.0, scale 1.0)
2024-03-08 17:53:00,809 | INFO | hilo.laplace-kernel : TOP-LEFT:
tensor([[0.4425, 0.1628, 0.0599],
        [0.1628, 0.0599, 0.0220],
        [0.0599, 0.0220, 0.0081]])
2024-03-08 17:53:00,809 | INFO | hilo.kernel-accessor : Fetching kernel: laplace
2024-03-08 17:53:00,810 | INFO | hilo.laplace-kernel : Calculating Laplace distribution (location: 0.0, scale 1.0)
2024-03-08 17:53:00,810 | INFO | hilo.laplace-kernel : BOTTOM-RIGHT:
tensor([[0.0081, 0.0220, 0.0599],
        [0.0220, 0.0599, 0.1628],
        [0.0599, 0.1628, 0.4425]])
2024-03-08 17:53:00,810 | INFO | hilo.kernel-accessor : Fetching kernel: laplace
2024-03-08 17:53:00,810 | INFO | hilo.laplace-kernel : Calculating Laplace distribution (location: 0.0, scale 1.0)
2024-03-08 17:53:00,810 | INFO | hilo.laplace-kernel : TOP-LEFT:
tensor([[0.4425, 0.1628, 0.0599],
        [0.1628, 0.0599, 0.0220],
        [0.0599, 0.0220, 0.0081]])
2024-03-08 17:53:00,810 | INFO | hilo.kernel-accessor : Fetching kernel: laplace
2024-03-08 17:53:00,811 | INFO | hilo.laplace-kernel : Calculating Laplace distribution (location: 0.0, scale 1.0)
2024-03-08 17:53:00,811 | INFO | hilo.laplace-kernel : BOTTOM-LEFT:
tensor([[0.0599, 0.0220, 0.0081],
        [0.1628, 0.0599, 0.0220],
        [0.4425, 0.1628, 0.0599]])
2024-03-08 17:53:00,811 | INFO | hilo.kernel-accessor : Fetching kernel: laplace
2024-03-08 17:53:00,811 | INFO | hilo.laplace-kernel : Calculating Laplace distribution (location: 0.0, scale 1.0)
2024-03-08 17:53:00,811 | INFO | hilo.laplace-kernel : BOTTOM-RIGHT:
tensor([[0.0081, 0.0220, 0.0599],
        [0.0220, 0.0599, 0.1628],
        [0.0599, 0.1628, 0.4425]])
2024-03-08 17:53:00,812 | INFO | hilo.kernel-accessor : Fetching kernel: laplace
2024-03-08 17:53:00,812 | INFO | hilo.laplace-kernel : Calculating Laplace distribution (location: 0.0, scale 1.0)
2024-03-08 17:53:00,812 | INFO | hilo.laplace-kernel : TOP-RIGHT:
tensor([[0.0599, 0.1628, 0.4425],
        [0.0220, 0.0599, 0.1628],
        [0.0081, 0.0220, 0.0599]])
2024-03-08 17:53:00,812 | INFO | hilo.kernel-accessor : Fetching kernel: laplace
2024-03-08 17:53:00,812 | INFO | hilo.laplace-kernel : Calculating Laplace distribution (location: 0.0, scale 1.0)
2024-03-08 17:53:00,812 | INFO | hilo.laplace-kernel : TOP-RIGHT:
tensor([[0.0599, 0.1628, 0.4425],
        [0.0220, 0.0599, 0.1628],
        [0.0081, 0.0220, 0.0599]])
2024-03-08 17:53:00,813 | INFO | hilo.kernel-accessor : Fetching kernel: laplace
2024-03-08 17:53:00,813 | INFO | hilo.laplace-kernel : Calculating Laplace distribution (location: 0.0, scale 1.0)
2024-03-08 17:53:00,813 | INFO | hilo.laplace-kernel : BOTTOM-RIGHT:
tensor([[0.0081, 0.0220, 0.0599],
        [0.0220, 0.0599, 0.1628],
        [0.0599, 0.1628, 0.4425]])
2024-03-08 17:53:00,813 | INFO | hilo.kernel-accessor : Fetching kernel: laplace
2024-03-08 17:53:00,813 | INFO | hilo.laplace-kernel : Calculating Laplace distribution (location: 0.0, scale 1.0)
2024-03-08 17:53:00,814 | INFO | hilo.laplace-kernel : BOTTOM-LEFT:
tensor([[0.0599, 0.0220, 0.0081],
        [0.1628, 0.0599, 0.0220],
        [0.4425, 0.1628, 0.0599]])
2024-03-08 17:53:00,814 | INFO | hilo.kernel-accessor : Fetching kernel: laplace
2024-03-08 17:53:00,814 | INFO | hilo.laplace-kernel : Calculating Laplace distribution (location: 0.0, scale 1.0)
2024-03-08 17:53:00,814 | INFO | hilo.laplace-kernel : TOP-LEFT:
tensor([[0.4425, 0.1628, 0.0599],
        [0.1628, 0.0599, 0.0220],
        [0.0599, 0.0220, 0.0081]])
2024-03-08 17:53:00,814 | INFO | hilo.kernel-accessor : Fetching kernel: laplace
2024-03-08 17:53:00,814 | INFO | hilo.laplace-kernel : Calculating Laplace distribution (location: 0.0, scale 1.0)
2024-03-08 17:53:00,815 | INFO | hilo.laplace-kernel : BOTTOM-LEFT:
tensor([[0.0599, 0.0220, 0.0081],
        [0.1628, 0.0599, 0.0220],
        [0.4425, 0.1628, 0.0599]])
2024-03-08 17:54:22,457 | INFO | hilo : Epoch   1/200 | Accuracy:  38.2812 | Loss:   1.7509
2024-03-08 17:54:22,457 | INFO | hilo.kernel-accessor : Fetching kernel: laplace
2024-03-08 17:54:22,458 | INFO | hilo.laplace-kernel : Calculating Laplace distribution (location: -0.01459425874054432, scale 0.6800178289413452)
2024-03-08 17:54:22,459 | INFO | hilo.laplace-kernel : BOTTOM-LEFT:
tensor([[0.0321, 0.0074, 0.0017],
        [0.1397, 0.0321, 0.0074],
        [0.6079, 0.1397, 0.0321]])
2024-03-08 17:54:22,459 | INFO | hilo.kernel-accessor : Fetching kernel: laplace
2024-03-08 17:54:22,459 | INFO | hilo.laplace-kernel : Calculating Laplace distribution (location: -0.30136585235595703, scale 1.6187171936035156)
2024-03-08 17:54:22,460 | INFO | hilo.laplace-kernel : TOP-RIGHT:
tensor([[0.0868, 0.1610, 0.2987],
        [0.0468, 0.0868, 0.1610],
        [0.0252, 0.0468, 0.0868]])
2024-03-08 17:54:22,460 | INFO | hilo.kernel-accessor : Fetching kernel: laplace
2024-03-08 17:54:22,460 | INFO | hilo.laplace-kernel : Calculating Laplace distribution (location: -0.2744170129299164, scale 1.4546679258346558)
2024-03-08 17:54:22,461 | INFO | hilo.laplace-kernel : BOTTOM-LEFT:
tensor([[0.0820, 0.0413, 0.0207],
        [0.1631, 0.0820, 0.0413],
        [0.3244, 0.1631, 0.0820]])
2024-03-08 17:54:22,461 | INFO | hilo.kernel-accessor : Fetching kernel: laplace
2024-03-08 17:54:22,461 | INFO | hilo.laplace-kernel : Calculating Laplace distribution (location: -0.1527567356824875, scale 1.3428033590316772)
2024-03-08 17:54:22,462 | INFO | hilo.laplace-kernel : TOP-LEFT:
tensor([[0.3459, 0.1642, 0.0780],
        [0.1642, 0.0780, 0.0370],
        [0.0780, 0.0370, 0.0176]])
2024-03-08 17:54:22,462 | INFO | hilo.kernel-accessor : Fetching kernel: laplace
2024-03-08 17:54:22,462 | INFO | hilo.laplace-kernel : Calculating Laplace distribution (location: -0.1797451674938202, scale 1.3753403425216675)
2024-03-08 17:54:22,463 | INFO | hilo.laplace-kernel : BOTTOM-LEFT:
tensor([[0.0792, 0.0383, 0.0185],
        [0.1640, 0.0792, 0.0383],
        [0.3392, 0.1640, 0.0792]])
2024-03-08 17:54:22,463 | INFO | hilo.kernel-accessor : Fetching kernel: laplace
2024-03-08 17:54:22,463 | INFO | hilo.laplace-kernel : Calculating Laplace distribution (location: -0.15232211351394653, scale 1.0285420417785645)
2024-03-08 17:54:22,464 | INFO | hilo.laplace-kernel : BOTTOM-RIGHT:
tensor([[0.0088, 0.0234, 0.0618],
        [0.0234, 0.0618, 0.1634],
        [0.0618, 0.1634, 0.4321]])
2024-03-08 17:54:22,464 | INFO | hilo.kernel-accessor : Fetching kernel: laplace
2024-03-08 17:54:22,464 | INFO | hilo.laplace-kernel : Calculating Laplace distribution (location: -0.25258201360702515, scale 1.2733055353164673)
2024-03-08 17:54:22,465 | INFO | hilo.laplace-kernel : TOP-RIGHT:
tensor([[0.0751, 0.1647, 0.3612],
        [0.0342, 0.0751, 0.1647],
        [0.0156, 0.0342, 0.0751]])
2024-03-08 17:54:22,465 | INFO | hilo.kernel-accessor : Fetching kernel: laplace
2024-03-08 17:54:22,465 | INFO | hilo.laplace-kernel : Calculating Laplace distribution (location: -0.14023201167583466, scale 1.3538156747817993)
2024-03-08 17:54:22,466 | INFO | hilo.laplace-kernel : BOTTOM-RIGHT:
tensor([[0.0179, 0.0375, 0.0784],
        [0.0375, 0.0784, 0.1642],
        [0.0784, 0.1642, 0.3436]])
2024-03-08 17:54:22,466 | INFO | hilo.kernel-accessor : Fetching kernel: laplace
2024-03-08 17:54:22,466 | INFO | hilo.laplace-kernel : Calculating Laplace distribution (location: -0.21130436658859253, scale 1.5420870780944824)
2024-03-08 17:54:22,467 | INFO | hilo.laplace-kernel : BOTTOM-RIGHT:
tensor([[0.0232, 0.0443, 0.0847],
        [0.0443, 0.0847, 0.1621],
        [0.0847, 0.1621, 0.3099]])
2024-03-08 17:54:22,467 | INFO | hilo.kernel-accessor : Fetching kernel: laplace
2024-03-08 17:54:22,467 | INFO | hilo.laplace-kernel : Calculating Laplace distribution (location: -0.13976894319057465, scale 1.2617336511611938)
2024-03-08 17:54:22,468 | INFO | hilo.laplace-kernel : TOP-LEFT:
tensor([[0.3639, 0.1648, 0.0746],
        [0.1648, 0.0746, 0.0338],
        [0.0746, 0.0338, 0.0153]])
2024-03-08 17:54:22,468 | INFO | hilo.kernel-accessor : Fetching kernel: laplace
2024-03-08 17:54:22,468 | INFO | hilo.laplace-kernel : Calculating Laplace distribution (location: -0.24701344966888428, scale 1.6191561222076416)
2024-03-08 17:54:22,469 | INFO | hilo.laplace-kernel : TOP-LEFT:
tensor([[0.2986, 0.1610, 0.0868],
        [0.1610, 0.0868, 0.0468],
        [0.0868, 0.0468, 0.0252]])
2024-03-08 17:54:22,469 | INFO | hilo.kernel-accessor : Fetching kernel: laplace
2024-03-08 17:54:22,469 | INFO | hilo.laplace-kernel : Calculating Laplace distribution (location: -0.12827438116073608, scale 1.5109766721725464)
2024-03-08 17:54:22,470 | INFO | hilo.laplace-kernel : BOTTOM-LEFT:
tensor([[0.0838, 0.0432, 0.0223],
        [0.1625, 0.0838, 0.0432],
        [0.3149, 0.1625, 0.0838]])
2024-03-08 17:54:22,470 | INFO | hilo.kernel-accessor : Fetching kernel: laplace
2024-03-08 17:54:22,470 | INFO | hilo.laplace-kernel : Calculating Laplace distribution (location: -0.03814368695020676, scale 1.5454983711242676)
2024-03-08 17:54:22,471 | INFO | hilo.laplace-kernel : TOP-RIGHT:
tensor([[0.0848, 0.1620, 0.3094],
        [0.0444, 0.0848, 0.1620],
        [0.0233, 0.0444, 0.0848]])
2024-03-08 17:54:22,471 | INFO | hilo.kernel-accessor : Fetching kernel: laplace
2024-03-08 17:54:22,471 | INFO | hilo.laplace-kernel : Calculating Laplace distribution (location: -0.08873476088047028, scale 1.161529779434204)
2024-03-08 17:54:22,472 | INFO | hilo.laplace-kernel : TOP-LEFT:
tensor([[0.3899, 0.1648, 0.0697],
        [0.1648, 0.0697, 0.0295],
        [0.0697, 0.0295, 0.0125]])
2024-03-08 17:54:22,472 | INFO | hilo.kernel-accessor : Fetching kernel: laplace
2024-03-08 17:54:22,472 | INFO | hilo.laplace-kernel : Calculating Laplace distribution (location: -0.07955633103847504, scale 1.226892113685608)
2024-03-08 17:54:22,473 | INFO | hilo.laplace-kernel : BOTTOM-LEFT:
tensor([[0.0730, 0.0323, 0.0143],
        [0.1649, 0.0730, 0.0323],
        [0.3725, 0.1649, 0.0730]])
2024-03-08 17:54:22,473 | INFO | hilo.kernel-accessor : Fetching kernel: laplace
2024-03-08 17:54:22,473 | INFO | hilo.laplace-kernel : Calculating Laplace distribution (location: -0.20102465152740479, scale 1.1117764711380005)
2024-03-08 17:54:22,474 | INFO | hilo.laplace-kernel : TOP-LEFT:
tensor([[0.4045, 0.1646, 0.0669],
        [0.1646, 0.0669, 0.0272],
        [0.0669, 0.0272, 0.0111]])
2024-03-08 17:54:22,474 | INFO | hilo.kernel-accessor : Fetching kernel: laplace
2024-03-08 17:54:22,474 | INFO | hilo.laplace-kernel : Calculating Laplace distribution (location: 0.015468300320208073, scale 0.9141834378242493)
2024-03-08 17:54:22,475 | INFO | hilo.laplace-kernel : TOP-RIGHT:
tensor([[0.0544, 0.1625, 0.4691],
        [0.0182, 0.0544, 0.1625],
        [0.0061, 0.0182, 0.0544]])
2024-03-08 17:55:43,162 | INFO | hilo : Epoch   2/200 | Accuracy:  41.4062 | Loss:   1.6447
2024-03-08 17:55:43,162 | INFO | hilo.kernel-accessor : Fetching kernel: laplace
2024-03-08 17:55:43,163 | INFO | hilo.laplace-kernel : Calculating Laplace distribution (location: -0.010859476402401924, scale 0.6950836777687073)
2024-03-08 17:55:43,163 | INFO | hilo.laplace-kernel : BOTTOM-RIGHT:
tensor([[0.0019, 0.0080, 0.0336],
        [0.0080, 0.0336, 0.1418],
        [0.0336, 0.1418, 0.5977]])
2024-03-08 17:55:43,163 | INFO | hilo.kernel-accessor : Fetching kernel: laplace
2024-03-08 17:55:43,163 | INFO | hilo.laplace-kernel : Calculating Laplace distribution (location: -0.6884390115737915, scale 2.024505853652954)
2024-03-08 17:55:43,164 | INFO | hilo.laplace-kernel : BOTTOM-LEFT:
tensor([[0.0947, 0.0578, 0.0353],
        [0.1552, 0.0947, 0.0578],
        [0.2544, 0.1552, 0.0947]])
2024-03-08 17:55:43,164 | INFO | hilo.kernel-accessor : Fetching kernel: laplace
2024-03-08 17:55:43,164 | INFO | hilo.laplace-kernel : Calculating Laplace distribution (location: -0.3993608057498932, scale 1.2945054769515991)
2024-03-08 17:55:43,164 | INFO | hilo.laplace-kernel : TOP-LEFT:
tensor([[0.3564, 0.1646, 0.0760],
        [0.1646, 0.0760, 0.0351],
        [0.0760, 0.0351, 0.0162]])
2024-03-08 17:55:43,164 | INFO | hilo.kernel-accessor : Fetching kernel: laplace
2024-03-08 17:55:43,164 | INFO | hilo.laplace-kernel : Calculating Laplace distribution (location: -0.254191517829895, scale 1.2028648853302002)
2024-03-08 17:55:43,165 | INFO | hilo.laplace-kernel : BOTTOM-RIGHT:
tensor([[0.0136, 0.0313, 0.0718],
        [0.0313, 0.0718, 0.1649],
        [0.0718, 0.1649, 0.3787]])
2024-03-08 17:55:43,165 | INFO | hilo.kernel-accessor : Fetching kernel: laplace
2024-03-08 17:55:43,165 | INFO | hilo.laplace-kernel : Calculating Laplace distribution (location: -0.13530118763446808, scale 1.237013578414917)
2024-03-08 17:55:43,165 | INFO | hilo.laplace-kernel : BOTTOM-RIGHT:
tensor([[0.0146, 0.0327, 0.0734],
        [0.0327, 0.0734, 0.1648],
        [0.0734, 0.1648, 0.3699]])
2024-03-08 17:55:43,165 | INFO | hilo.kernel-accessor : Fetching kernel: laplace
2024-03-08 17:55:43,166 | INFO | hilo.laplace-kernel : Calculating Laplace distribution (location: -0.04532093554735184, scale 0.9357903003692627)
2024-03-08 17:55:43,166 | INFO | hilo.laplace-kernel : TOP-RIGHT:
tensor([[0.0552, 0.1608, 0.4682],
        [0.0190, 0.0552, 0.1608],
        [0.0065, 0.0190, 0.0552]])
2024-03-08 17:55:43,166 | INFO | hilo.kernel-accessor : Fetching kernel: laplace
2024-03-08 17:55:43,166 | INFO | hilo.laplace-kernel : Calculating Laplace distribution (location: -0.1644841730594635, scale 1.2159422636032104)
2024-03-08 17:55:43,166 | INFO | hilo.laplace-kernel : TOP-LEFT:
tensor([[0.3753, 0.1649, 0.0724],
        [0.1649, 0.0724, 0.0318],
        [0.0724, 0.0318, 0.0140]])
2024-03-08 17:55:43,166 | INFO | hilo.kernel-accessor : Fetching kernel: laplace
2024-03-08 17:55:43,167 | INFO | hilo.laplace-kernel : Calculating Laplace distribution (location: -0.1155599057674408, scale 1.276472568511963)
2024-03-08 17:55:43,167 | INFO | hilo.laplace-kernel : BOTTOM-LEFT:
tensor([[0.0752, 0.0344, 0.0157],
        [0.1647, 0.0752, 0.0344],
        [0.3605, 0.1647, 0.0752]])
2024-03-08 17:55:43,167 | INFO | hilo.kernel-accessor : Fetching kernel: laplace
2024-03-08 17:55:43,167 | INFO | hilo.laplace-kernel : Calculating Laplace distribution (location: -0.22039064764976501, scale 1.5392811298370361)
2024-03-08 17:55:43,167 | INFO | hilo.laplace-kernel : BOTTOM-RIGHT:
tensor([[0.0231, 0.0442, 0.0846],
        [0.0442, 0.0846, 0.1621],
        [0.0846, 0.1621, 0.3104]])
2024-03-08 17:55:43,168 | INFO | hilo.kernel-accessor : Fetching kernel: laplace
2024-03-08 17:55:43,168 | INFO | hilo.laplace-kernel : Calculating Laplace distribution (location: -0.09504236280918121, scale 1.1455724239349365)
2024-03-08 17:55:43,168 | INFO | hilo.laplace-kernel : TOP-LEFT:
tensor([[0.3944, 0.1648, 0.0688],
        [0.1648, 0.0688, 0.0288],
        [0.0688, 0.0288, 0.0120]])
2024-03-08 17:55:43,168 | INFO | hilo.kernel-accessor : Fetching kernel: laplace
2024-03-08 17:55:43,168 | INFO | hilo.laplace-kernel : Calculating Laplace distribution (location: -0.1770772933959961, scale 1.5057480335235596)
2024-03-08 17:55:43,169 | INFO | hilo.laplace-kernel : BOTTOM-LEFT:
tensor([[0.0837, 0.0431, 0.0222],
        [0.1625, 0.0837, 0.0431],
        [0.3157, 0.1625, 0.0837]])
2024-03-08 17:55:43,169 | INFO | hilo.kernel-accessor : Fetching kernel: laplace
2024-03-08 17:55:43,169 | INFO | hilo.laplace-kernel : Calculating Laplace distribution (location: -0.11510707437992096, scale 1.6457573175430298)
2024-03-08 17:55:43,169 | INFO | hilo.laplace-kernel : BOTTOM-LEFT:
tensor([[0.0875, 0.0477, 0.0260],
        [0.1606, 0.0875, 0.0477],
        [0.2950, 0.1606, 0.0875]])
2024-03-08 17:55:43,169 | INFO | hilo.kernel-accessor : Fetching kernel: laplace
2024-03-08 17:55:43,169 | INFO | hilo.laplace-kernel : Calculating Laplace distribution (location: -0.015887834131717682, scale 1.8061784505844116)
2024-03-08 17:55:43,170 | INFO | hilo.laplace-kernel : TOP-RIGHT:
tensor([[0.0910, 0.1584, 0.2755],
        [0.0523, 0.0910, 0.1584],
        [0.0301, 0.0523, 0.0910]])
2024-03-08 17:55:43,170 | INFO | hilo.kernel-accessor : Fetching kernel: laplace
2024-03-08 17:55:43,170 | INFO | hilo.laplace-kernel : Calculating Laplace distribution (location: 0.014266946353018284, scale 1.3014651536941528)
2024-03-08 17:55:43,170 | INFO | hilo.laplace-kernel : TOP-LEFT:
tensor([[0.3498, 0.1658, 0.0769],
        [0.1658, 0.0769, 0.0357],
        [0.0769, 0.0357, 0.0165]])
2024-03-08 17:55:43,170 | INFO | hilo.kernel-accessor : Fetching kernel: laplace
2024-03-08 17:55:43,170 | INFO | hilo.laplace-kernel : Calculating Laplace distribution (location: -0.030851654708385468, scale 1.4471445083618164)
2024-03-08 17:55:43,171 | INFO | hilo.laplace-kernel : BOTTOM-LEFT:
tensor([[0.0818, 0.0410, 0.0205],
        [0.1632, 0.0818, 0.0410],
        [0.3257, 0.1632, 0.0818]])
2024-03-08 17:55:43,171 | INFO | hilo.kernel-accessor : Fetching kernel: laplace
2024-03-08 17:55:43,171 | INFO | hilo.laplace-kernel : Calculating Laplace distribution (location: -0.1932811737060547, scale 1.4484668970108032)
2024-03-08 17:55:43,171 | INFO | hilo.laplace-kernel : TOP-RIGHT:
tensor([[0.0818, 0.1632, 0.3255],
        [0.0410, 0.0818, 0.1632],
        [0.0206, 0.0410, 0.0818]])
2024-03-08 17:55:43,171 | INFO | hilo.kernel-accessor : Fetching kernel: laplace
2024-03-08 17:55:43,171 | INFO | hilo.laplace-kernel : Calculating Laplace distribution (location: -0.2634229362010956, scale 1.5995128154754639)
2024-03-08 17:55:43,172 | INFO | hilo.laplace-kernel : TOP-RIGHT:
tensor([[0.0863, 0.1613, 0.3014],
        [0.0462, 0.0863, 0.1613],
        [0.0247, 0.0462, 0.0863]])
2024-03-08 17:57:03,750 | INFO | hilo : Epoch   3/200 | Accuracy:  43.4806 | Loss:   1.3807
2024-03-08 17:57:03,750 | INFO | hilo.kernel-accessor : Fetching kernel: laplace
2024-03-08 17:57:03,750 | INFO | hilo.laplace-kernel : Calculating Laplace distribution (location: -0.013291111215949059, scale 0.7395082116127014)
2024-03-08 17:57:03,751 | INFO | hilo.laplace-kernel : TOP-RIGHT:
tensor([[0.0381, 0.1472, 0.5691],
        [0.0098, 0.0381, 0.1472],
        [0.0025, 0.0098, 0.0381]])
2024-03-08 17:57:03,751 | INFO | hilo.kernel-accessor : Fetching kernel: laplace
2024-03-08 17:57:03,751 | INFO | hilo.laplace-kernel : Calculating Laplace distribution (location: -0.8655788898468018, scale 2.08773136138916)
2024-03-08 17:57:03,751 | INFO | hilo.laplace-kernel : TOP-LEFT:
tensor([[0.2492, 0.1544, 0.0956],
        [0.1544, 0.0956, 0.0592],
        [0.0956, 0.0592, 0.0367]])
2024-03-08 17:57:03,751 | INFO | hilo.kernel-accessor : Fetching kernel: laplace
2024-03-08 17:57:03,752 | INFO | hilo.laplace-kernel : Calculating Laplace distribution (location: -0.4619686007499695, scale 1.1645867824554443)
2024-03-08 17:57:03,752 | INFO | hilo.laplace-kernel : BOTTOM-LEFT:
tensor([[0.0698, 0.0296, 0.0125],
        [0.1648, 0.0698, 0.0296],
        [0.3890, 0.1648, 0.0698]])
2024-03-08 17:57:03,752 | INFO | hilo.kernel-accessor : Fetching kernel: laplace
2024-03-08 17:57:03,752 | INFO | hilo.laplace-kernel : Calculating Laplace distribution (location: -0.24291923642158508, scale 0.9945566058158875)
2024-03-08 17:57:03,752 | INFO | hilo.laplace-kernel : BOTTOM-RIGHT:
tensor([[0.0080, 0.0218, 0.0595],
        [0.0218, 0.0595, 0.1627],
        [0.0595, 0.1627, 0.4446]])
2024-03-08 17:57:03,753 | INFO | hilo.kernel-accessor : Fetching kernel: laplace
2024-03-08 17:57:03,753 | INFO | hilo.laplace-kernel : Calculating Laplace distribution (location: -0.13919013738632202, scale 0.9960675239562988)
2024-03-08 17:57:03,753 | INFO | hilo.laplace-kernel : BOTTOM-RIGHT:
tensor([[0.0080, 0.0218, 0.0596],
        [0.0218, 0.0596, 0.1627],
        [0.0596, 0.1627, 0.4440]])
2024-03-08 17:57:03,753 | INFO | hilo.kernel-accessor : Fetching kernel: laplace
2024-03-08 17:57:03,753 | INFO | hilo.laplace-kernel : Calculating Laplace distribution (location: -0.02561209350824356, scale 0.6929817795753479)
2024-03-08 17:57:03,754 | INFO | hilo.laplace-kernel : BOTTOM-RIGHT:
tensor([[0.0019, 0.0079, 0.0334],
        [0.0079, 0.0334, 0.1415],
        [0.0334, 0.1415, 0.5991]])
2024-03-08 17:57:03,754 | INFO | hilo.kernel-accessor : Fetching kernel: laplace
2024-03-08 17:57:03,754 | INFO | hilo.laplace-kernel : Calculating Laplace distribution (location: -0.16205038130283356, scale 0.8125428557395935)
2024-03-08 17:57:03,754 | INFO | hilo.laplace-kernel : BOTTOM-RIGHT:
tensor([[0.0038, 0.0131, 0.0450],
        [0.0131, 0.0450, 0.1540],
        [0.0450, 0.1540, 0.5271]])
2024-03-08 17:57:03,754 | INFO | hilo.kernel-accessor : Fetching kernel: laplace
2024-03-08 17:57:03,754 | INFO | hilo.laplace-kernel : Calculating Laplace distribution (location: -0.09074091166257858, scale 0.7396307587623596)
2024-03-08 17:57:03,755 | INFO | hilo.laplace-kernel : BOTTOM-LEFT:
tensor([[0.0381, 0.0099, 0.0025],
        [0.1472, 0.0381, 0.0099],
        [0.5690, 0.1472, 0.0381]])
2024-03-08 17:57:03,755 | INFO | hilo.kernel-accessor : Fetching kernel: laplace
2024-03-08 17:57:03,755 | INFO | hilo.laplace-kernel : Calculating Laplace distribution (location: -0.11863165348768234, scale 0.8932695388793945)
2024-03-08 17:57:03,755 | INFO | hilo.laplace-kernel : BOTTOM-LEFT:
tensor([[0.0519, 0.0169, 0.0055],
        [0.1590, 0.0519, 0.0169],
        [0.4870, 0.1590, 0.0519]])
2024-03-08 17:57:03,755 | INFO | hilo.kernel-accessor : Fetching kernel: laplace
2024-03-08 17:57:03,756 | INFO | hilo.laplace-kernel : Calculating Laplace distribution (location: -0.0557192862033844, scale 0.7295753359794617)
2024-03-08 17:57:03,756 | INFO | hilo.laplace-kernel : BOTTOM-LEFT:
tensor([[0.0371, 0.0094, 0.0024],
        [0.1461, 0.0371, 0.0094],
        [0.5753, 0.1461, 0.0371]])
2024-03-08 17:57:03,756 | INFO | hilo.kernel-accessor : Fetching kernel: laplace
2024-03-08 17:57:03,756 | INFO | hilo.laplace-kernel : Calculating Laplace distribution (location: -0.1488196849822998, scale 0.8413853049278259)
2024-03-08 17:57:03,756 | INFO | hilo.laplace-kernel : BOTTOM-LEFT:
tensor([[0.0475, 0.0145, 0.0044],
        [0.1560, 0.0475, 0.0145],
        [0.5120, 0.1560, 0.0475]])
2024-03-08 17:57:03,756 | INFO | hilo.kernel-accessor : Fetching kernel: laplace
2024-03-08 17:57:03,757 | INFO | hilo.laplace-kernel : Calculating Laplace distribution (location: -0.048633676022291183, scale 0.805239200592041)
2024-03-08 17:57:03,757 | INFO | hilo.laplace-kernel : TOP-LEFT:
tensor([[0.5310, 0.1534, 0.0443],
        [0.1534, 0.0443, 0.0128],
        [0.0443, 0.0128, 0.0037]])
2024-03-08 17:57:03,757 | INFO | hilo.kernel-accessor : Fetching kernel: laplace
2024-03-08 17:57:03,757 | INFO | hilo.laplace-kernel : Calculating Laplace distribution (location: 0.0034777410328388214, scale 0.92084801197052)
2024-03-08 17:57:03,757 | INFO | hilo.laplace-kernel : TOP-LEFT:
tensor([[0.4727, 0.1608, 0.0543],
        [0.1608, 0.0543, 0.0183],
        [0.0543, 0.0183, 0.0062]])
2024-03-08 17:57:03,758 | INFO | hilo.kernel-accessor : Fetching kernel: laplace
2024-03-08 17:57:03,758 | INFO | hilo.laplace-kernel : Calculating Laplace distribution (location: 0.03920568525791168, scale 0.6833360195159912)
2024-03-08 17:57:03,758 | INFO | hilo.laplace-kernel : TOP-LEFT:
tensor([[0.5779, 0.1500, 0.0347],
        [0.1500, 0.0347, 0.0080],
        [0.0347, 0.0080, 0.0019]])
2024-03-08 17:57:03,758 | INFO | hilo.kernel-accessor : Fetching kernel: laplace
2024-03-08 17:57:03,758 | INFO | hilo.laplace-kernel : Calculating Laplace distribution (location: 0.019009126350283623, scale 0.7419856786727905)
2024-03-08 17:57:03,759 | INFO | hilo.laplace-kernel : TOP-LEFT:
tensor([[0.5550, 0.1518, 0.0394],
        [0.1518, 0.0394, 0.0102],
        [0.0394, 0.0102, 0.0027]])
2024-03-08 17:57:03,759 | INFO | hilo.kernel-accessor : Fetching kernel: laplace
2024-03-08 17:57:03,759 | INFO | hilo.laplace-kernel : Calculating Laplace distribution (location: -0.0797974094748497, scale 0.756062388420105)
2024-03-08 17:57:03,759 | INFO | hilo.laplace-kernel : BOTTOM-LEFT:
tensor([[0.0397, 0.0106, 0.0028],
        [0.1490, 0.0397, 0.0106],
        [0.5591, 0.1490, 0.0397]])
2024-03-08 17:57:03,759 | INFO | hilo.kernel-accessor : Fetching kernel: laplace
2024-03-08 17:57:03,759 | INFO | hilo.laplace-kernel : Calculating Laplace distribution (location: -0.02962091751396656, scale 0.8224430084228516)
2024-03-08 17:57:03,760 | INFO | hilo.laplace-kernel : BOTTOM-RIGHT:
tensor([[0.0040, 0.0136, 0.0459],
        [0.0136, 0.0459, 0.1547],
        [0.0459, 0.1547, 0.5218]])
2024-03-08 17:58:24,521 | INFO | hilo : Epoch   4/200 | Accuracy:  48.4375 | Loss:   1.4713
2024-03-08 17:58:24,521 | INFO | hilo.kernel-accessor : Fetching kernel: laplace
2024-03-08 17:58:24,521 | INFO | hilo.laplace-kernel : Calculating Laplace distribution (location: -0.014850788749754429, scale 0.7148565649986267)
2024-03-08 17:58:24,522 | INFO | hilo.laplace-kernel : BOTTOM-RIGHT:
tensor([[0.0022, 0.0088, 0.0356],
        [0.0088, 0.0356, 0.1443],
        [0.0356, 0.1443, 0.5847]])
2024-03-08 17:58:24,522 | INFO | hilo.kernel-accessor : Fetching kernel: laplace
2024-03-08 17:58:24,523 | INFO | hilo.laplace-kernel : Calculating Laplace distribution (location: -0.8259403109550476, scale 2.106863498687744)
2024-03-08 17:58:24,523 | INFO | hilo.laplace-kernel : BOTTOM-LEFT:
tensor([[0.0959, 0.0596, 0.0371],
        [0.1541, 0.0959, 0.0596],
        [0.2477, 0.1541, 0.0959]])
2024-03-08 17:58:24,524 | INFO | hilo.kernel-accessor : Fetching kernel: laplace
2024-03-08 17:58:24,524 | INFO | hilo.laplace-kernel : Calculating Laplace distribution (location: -0.45562225580215454, scale 1.2209843397140503)
2024-03-08 17:58:24,525 | INFO | hilo.laplace-kernel : TOP-RIGHT:
tensor([[0.0727, 0.1649, 0.3740],
        [0.0320, 0.0727, 0.1649],
        [0.0141, 0.0320, 0.0727]])
2024-03-08 17:58:24,525 | INFO | hilo.kernel-accessor : Fetching kernel: laplace
2024-03-08 17:58:24,525 | INFO | hilo.laplace-kernel : Calculating Laplace distribution (location: -0.33111387491226196, scale 0.9332327246665955)
2024-03-08 17:58:24,526 | INFO | hilo.laplace-kernel : BOTTOM-RIGHT:
tensor([[0.0065, 0.0189, 0.0550],
        [0.0189, 0.0550, 0.1607],
        [0.0550, 0.1607, 0.4693]])
2024-03-08 17:58:24,526 | INFO | hilo.kernel-accessor : Fetching kernel: laplace
2024-03-08 17:58:24,526 | INFO | hilo.laplace-kernel : Calculating Laplace distribution (location: -0.10804007947444916, scale 0.7881395816802979)
2024-03-08 17:58:24,527 | INFO | hilo.laplace-kernel : TOP-LEFT:
tensor([[0.5405, 0.1520, 0.0427],
        [0.1520, 0.0427, 0.0120],
        [0.0427, 0.0120, 0.0034]])
2024-03-08 17:58:24,527 | INFO | hilo.kernel-accessor : Fetching kernel: laplace
2024-03-08 17:58:24,527 | INFO | hilo.laplace-kernel : Calculating Laplace distribution (location: -0.03223390504717827, scale 0.601324737071991)
2024-03-08 17:58:24,528 | INFO | hilo.laplace-kernel : BOTTOM-LEFT:
tensor([[0.0239, 0.0045, 0.0009],
        [0.1262, 0.0239, 0.0045],
        [0.6658, 0.1262, 0.0239]])
2024-03-08 17:58:24,528 | INFO | hilo.kernel-accessor : Fetching kernel: laplace
2024-03-08 17:58:24,528 | INFO | hilo.laplace-kernel : Calculating Laplace distribution (location: -0.15374714136123657, scale 0.6210967898368835)
2024-03-08 17:58:24,529 | INFO | hilo.laplace-kernel : BOTTOM-RIGHT:
tensor([[0.0010, 0.0052, 0.0260],
        [0.0052, 0.0260, 0.1300],
        [0.0260, 0.1300, 0.6505]])
2024-03-08 17:58:24,529 | INFO | hilo.kernel-accessor : Fetching kernel: laplace
2024-03-08 17:58:24,529 | INFO | hilo.laplace-kernel : Calculating Laplace distribution (location: -0.09224937856197357, scale 0.5104023814201355)
2024-03-08 17:58:24,530 | INFO | hilo.laplace-kernel : TOP-RIGHT:
tensor([[1.4746e-02, 1.0461e-01, 7.4209e-01],
        [2.0787e-03, 1.4746e-02, 1.0461e-01],
        [2.9303e-04, 2.0787e-03, 1.4746e-02]])
2024-03-08 17:58:24,530 | INFO | hilo.kernel-accessor : Fetching kernel: laplace
2024-03-08 17:58:24,531 | INFO | hilo.laplace-kernel : Calculating Laplace distribution (location: -0.06967422366142273, scale 0.5509430766105652)
2024-03-08 17:58:24,532 | INFO | hilo.laplace-kernel : TOP-LEFT:
tensor([[7.0695e-01, 1.1511e-01, 1.8743e-02],
        [1.1511e-01, 1.8743e-02, 3.0519e-03],
        [1.8743e-02, 3.0519e-03, 4.9692e-04]])
2024-03-08 17:58:24,532 | INFO | hilo.kernel-accessor : Fetching kernel: laplace
2024-03-08 17:58:24,532 | INFO | hilo.laplace-kernel : Calculating Laplace distribution (location: -0.015911981463432312, scale 0.47290292382240295)
2024-03-08 17:58:24,533 | INFO | hilo.laplace-kernel : BOTTOM-LEFT:
tensor([[1.1301e-02, 1.3638e-03, 1.6458e-04],
        [9.3640e-02, 1.1301e-02, 1.3638e-03],
        [7.7593e-01, 9.3640e-02, 1.1301e-02]])
2024-03-08 17:58:24,533 | INFO | hilo.kernel-accessor : Fetching kernel: laplace
2024-03-08 17:58:24,533 | INFO | hilo.laplace-kernel : Calculating Laplace distribution (location: -0.16308538615703583, scale 0.5124868154525757)
2024-03-08 17:58:24,534 | INFO | hilo.laplace-kernel : BOTTOM-LEFT:
tensor([[1.4946e-02, 2.1237e-03, 3.0177e-04],
        [1.0518e-01, 1.4946e-02, 2.1237e-03],
        [7.4024e-01, 1.0518e-01, 1.4946e-02]])
2024-03-08 17:58:24,534 | INFO | hilo.kernel-accessor : Fetching kernel: laplace
2024-03-08 17:58:24,535 | INFO | hilo.laplace-kernel : Calculating Laplace distribution (location: -0.07664220780134201, scale 0.400587260723114)
2024-03-08 17:58:24,535 | INFO | hilo.laplace-kernel : TOP-LEFT:
tensor([[8.4296e-01, 6.9448e-02, 5.7216e-03],
        [6.9448e-02, 5.7216e-03, 4.7138e-04],
        [5.7216e-03, 4.7138e-04, 3.8835e-05]])
2024-03-08 17:58:24,535 | INFO | hilo.kernel-accessor : Fetching kernel: laplace
2024-03-08 17:58:24,536 | INFO | hilo.laplace-kernel : Calculating Laplace distribution (location: 0.055420540273189545, scale 0.431384414434433)
2024-03-08 17:58:24,536 | INFO | hilo.laplace-kernel : BOTTOM-LEFT:
tensor([[9.6804e-03, 9.5312e-04, 9.3843e-05],
        [9.8320e-02, 9.6804e-03, 9.5312e-04],
        [7.7232e-01, 9.8320e-02, 9.6804e-03]])
2024-03-08 17:58:24,537 | INFO | hilo.kernel-accessor : Fetching kernel: laplace
2024-03-08 17:58:24,537 | INFO | hilo.laplace-kernel : Calculating Laplace distribution (location: 0.06748805940151215, scale 0.3535199463367462)
2024-03-08 17:58:24,537 | INFO | hilo.laplace-kernel : BOTTOM-RIGHT:
tensor([[1.5019e-05, 2.5418e-04, 4.3016e-03],
        [2.5418e-04, 4.3016e-03, 7.2797e-02],
        [4.3016e-03, 7.2797e-02, 8.4098e-01]])
2024-03-08 17:58:24,538 | INFO | hilo.kernel-accessor : Fetching kernel: laplace
2024-03-08 17:58:24,538 | INFO | hilo.laplace-kernel : Calculating Laplace distribution (location: 0.08268851041793823, scale 0.35781681537628174)
2024-03-08 17:58:24,539 | INFO | hilo.laplace-kernel : BOTTOM-LEFT:
tensor([[4.8924e-03, 2.9908e-04, 1.8283e-05],
        [8.0031e-02, 4.8924e-03, 2.9908e-04],
        [8.2464e-01, 8.0031e-02, 4.8924e-03]])
2024-03-08 17:58:24,539 | INFO | hilo.kernel-accessor : Fetching kernel: laplace
2024-03-08 17:58:24,539 | INFO | hilo.laplace-kernel : Calculating Laplace distribution (location: 0.006950338836759329, scale 0.3716104030609131)
2024-03-08 17:58:24,540 | INFO | hilo.laplace-kernel : BOTTOM-RIGHT:
tensor([[1.8995e-05, 2.8010e-04, 4.1305e-03],
        [2.8010e-04, 4.1305e-03, 6.0909e-02],
        [4.1305e-03, 6.0909e-02, 8.6521e-01]])
2024-03-08 17:58:24,540 | INFO | hilo.kernel-accessor : Fetching kernel: laplace
2024-03-08 17:58:24,540 | INFO | hilo.laplace-kernel : Calculating Laplace distribution (location: 0.046271611005067825, scale 0.4596696197986603)
2024-03-08 17:58:24,541 | INFO | hilo.laplace-kernel : BOTTOM-RIGHT:
tensor([[1.5303e-04, 1.3476e-03, 1.1868e-02],
        [1.3476e-03, 1.1868e-02, 1.0451e-01],
        [1.1868e-02, 1.0451e-01, 7.5253e-01]])
2024-03-08 17:59:45,214 | INFO | hilo : Epoch   5/200 | Accuracy:  49.5312 | Loss:   1.1876
2024-03-08 17:59:45,214 | INFO | hilo.kernel-accessor : Fetching kernel: laplace
2024-03-08 17:59:45,214 | INFO | hilo.laplace-kernel : Calculating Laplace distribution (location: -0.0008100628620013595, scale 0.6811513900756836)
2024-03-08 17:59:45,215 | INFO | hilo.laplace-kernel : BOTTOM-RIGHT:
tensor([[0.0017, 0.0074, 0.0322],
        [0.0074, 0.0322, 0.1399],
        [0.0322, 0.1399, 0.6071]])
2024-03-08 17:59:45,215 | INFO | hilo.kernel-accessor : Fetching kernel: laplace
2024-03-08 17:59:45,215 | INFO | hilo.laplace-kernel : Calculating Laplace distribution (location: -0.7793461680412292, scale 2.020988941192627)
2024-03-08 17:59:45,215 | INFO | hilo.laplace-kernel : TOP-LEFT:
tensor([[0.2547, 0.1553, 0.0947],
        [0.1553, 0.0947, 0.0577],
        [0.0947, 0.0577, 0.0352]])
2024-03-08 17:59:45,216 | INFO | hilo.kernel-accessor : Fetching kernel: laplace
2024-03-08 17:59:45,216 | INFO | hilo.laplace-kernel : Calculating Laplace distribution (location: -0.48789751529693604, scale 1.204561710357666)
2024-03-08 17:59:45,216 | INFO | hilo.laplace-kernel : TOP-RIGHT:
tensor([[0.0719, 0.1649, 0.3782],
        [0.0313, 0.0719, 0.1649],
        [0.0137, 0.0313, 0.0719]])
2024-03-08 17:59:45,216 | INFO | hilo.kernel-accessor : Fetching kernel: laplace
2024-03-08 17:59:45,216 | INFO | hilo.laplace-kernel : Calculating Laplace distribution (location: -0.3133569061756134, scale 0.9587897658348083)
2024-03-08 17:59:45,217 | INFO | hilo.laplace-kernel : BOTTOM-RIGHT:
tensor([[0.0071, 0.0201, 0.0570],
        [0.0201, 0.0570, 0.1616],
        [0.0570, 0.1616, 0.4586]])
2024-03-08 17:59:45,217 | INFO | hilo.kernel-accessor : Fetching kernel: laplace
2024-03-08 17:59:45,217 | INFO | hilo.laplace-kernel : Calculating Laplace distribution (location: -0.07540363818407059, scale 0.8682148456573486)
2024-03-08 17:59:45,217 | INFO | hilo.laplace-kernel : TOP-RIGHT:
tensor([[0.0498, 0.1576, 0.4988],
        [0.0157, 0.0498, 0.1576],
        [0.0050, 0.0157, 0.0498]])
2024-03-08 17:59:45,217 | INFO | hilo.kernel-accessor : Fetching kernel: laplace
2024-03-08 17:59:45,217 | INFO | hilo.laplace-kernel : Calculating Laplace distribution (location: 0.02903762087225914, scale 0.6472411155700684)
2024-03-08 17:59:45,218 | INFO | hilo.laplace-kernel : TOP-RIGHT:
tensor([[0.0304, 0.1423, 0.6100],
        [0.0065, 0.0304, 0.1423],
        [0.0014, 0.0065, 0.0304]])
2024-03-08 17:59:45,218 | INFO | hilo.kernel-accessor : Fetching kernel: laplace
2024-03-08 17:59:45,218 | INFO | hilo.laplace-kernel : Calculating Laplace distribution (location: -0.13926224410533905, scale 0.7015336155891418)
2024-03-08 17:59:45,218 | INFO | hilo.laplace-kernel : TOP-RIGHT:
tensor([[0.0343, 0.1426, 0.5934],
        [0.0082, 0.0343, 0.1426],
        [0.0020, 0.0082, 0.0343]])
2024-03-08 17:59:45,218 | INFO | hilo.kernel-accessor : Fetching kernel: laplace
2024-03-08 17:59:45,219 | INFO | hilo.laplace-kernel : Calculating Laplace distribution (location: -0.020657654851675034, scale 0.5576077103614807)
2024-03-08 17:59:45,219 | INFO | hilo.laplace-kernel : BOTTOM-LEFT:
tensor([[1.9419e-02, 3.2312e-03, 5.3767e-04],
        [1.1670e-01, 1.9419e-02, 3.2312e-03],
        [7.0134e-01, 1.1670e-01, 1.9419e-02]])
2024-03-08 17:59:45,219 | INFO | hilo.kernel-accessor : Fetching kernel: laplace
2024-03-08 17:59:45,219 | INFO | hilo.laplace-kernel : Calculating Laplace distribution (location: 0.003987274132668972, scale 0.6534387469291687)
2024-03-08 17:59:45,219 | INFO | hilo.laplace-kernel : TOP-RIGHT:
tensor([[0.0296, 0.1367, 0.6237],
        [0.0064, 0.0296, 0.1367],
        [0.0014, 0.0064, 0.0296]])
2024-03-08 17:59:45,220 | INFO | hilo.kernel-accessor : Fetching kernel: laplace
2024-03-08 17:59:45,220 | INFO | hilo.laplace-kernel : Calculating Laplace distribution (location: 0.05961553752422333, scale 0.5880545377731323)
2024-03-08 17:59:45,220 | INFO | hilo.laplace-kernel : BOTTOM-LEFT:
tensor([[0.0257, 0.0047, 0.0009],
        [0.1410, 0.0257, 0.0047],
