2023-10-26 00:56:18,248 | INFO | hi-lo : 
+=========================================================================+
|  ______     ______   ______    ___         ___        ______   _______  |
| /| ___ \  // ____ \ /| ___ \  /| |        /| |      // ____ \ /| ___  \ |
| /| |//\ \ /| |//| | /| |//\ \ /| |        /| |      /| |//| | /| |//| | |
| /| | /| | /| ____ | /| | /| | /| |        /| |      /| ____ | /| ___  / |
| /| |_// / /| |//| | /| |_// / /| |____    /| |____  /| |//| | /| |//\ \ |
| /|_____/  /|_| /|_| /|_____/  /|______|   /|______| /|_| /|_| /|______/ |
| ///////   ///  ///  //////    ////////    ////////  ///  ///  ////////  |
+=========================================================================+
|                  Hi-Lo Resolution Image Classification                  |
|                  -------------------------------------                  |
|                            Gabriel C. Trahan                            |
|                               Sahan Ahmad                               |
|                            MD  Aminual Islam                            |
+=========================================================================+
| MODEL:                      normal | LR:                            0.1 |
| DISTRO:                     gumbel | KERNEL TYPE:                    13 |
| DATASET:                  imagenet | BATCH SIZE:                     64 |
+=========================================================================+
2023-10-26 00:56:18,249 | INFO | hi-lo : Output directory: output/gumbel//13/normal/imagenet/20231026_005618
2023-10-26 00:56:18,249 | INFO | hi-lo.dataset-accessor : Fetching dataset: imagenet
2023-10-26 00:56:18,249 | INFO | hi-lo.imagenet-dataset : Initializing transform.
2023-10-26 00:56:18,249 | INFO | hi-lo.imagenet-dataset : Verifying/downloading train data.
2023-10-26 00:56:21,317 | INFO | hi-lo.imagenet-dataset : Verifying/downloading test data.
2023-10-26 00:56:21,349 | INFO | hi-lo.imagenet-dataset : Creating train data loader.
2023-10-26 00:56:21,349 | INFO | hi-lo.imagenet-dataset : Creating test data loader.
2023-10-26 00:56:22,347 | INFO | hi-lo : Using device: NVIDIA GeForce GTX 1060 6GB
2023-10-26 00:56:22,348 | INFO | hi-lo : Commencing training phase...
2023-10-26 00:56:22,348 | INFO | hi-lo : BEGIN EPOCH 1 =========================================================================
2023-10-26 00:56:22,348 | INFO | hi-lo.kernel-accessor : Fetching kernel: gumbel
2023-10-26 00:56:22,349 | INFO | hi-lo.gumbel-kernel : MU (LOCATION): 0.0 | BETA (SCALE): 1.0
2023-10-26 00:56:22,350 | INFO | hi-lo.gumbel-kernel : TOP-RIGHT
tensor([[2.0072e-04, 5.8259e-02, 8.8288e-01],
        [2.2609e-10, 2.0072e-04, 5.8259e-02],
        [8.5377e-26, 2.2609e-10, 2.0072e-04]])
2023-10-26 00:56:22,350 | INFO | hi-lo.kernel-accessor : Fetching kernel: gumbel
2023-10-26 00:56:22,350 | INFO | hi-lo.gumbel-kernel : MU (LOCATION): 0.0 | BETA (SCALE): 1.0
2023-10-26 00:56:22,350 | INFO | hi-lo.gumbel-kernel : TOP-LEFT
tensor([[8.8288e-01, 5.8259e-02, 2.0072e-04],
        [5.8259e-02, 2.0072e-04, 2.2609e-10],
        [2.0072e-04, 2.2609e-10, 8.5377e-26]])
2023-10-26 00:56:22,350 | INFO | hi-lo.kernel-accessor : Fetching kernel: gumbel
2023-10-26 00:56:22,350 | INFO | hi-lo.gumbel-kernel : MU (LOCATION): 0.0 | BETA (SCALE): 1.0
2023-10-26 00:56:22,351 | INFO | hi-lo.gumbel-kernel : TOP-RIGHT
tensor([[2.0072e-04, 5.8259e-02, 8.8288e-01],
        [2.2609e-10, 2.0072e-04, 5.8259e-02],
        [8.5377e-26, 2.2609e-10, 2.0072e-04]])
2023-10-26 00:56:22,351 | INFO | hi-lo.kernel-accessor : Fetching kernel: gumbel
2023-10-26 00:56:22,351 | INFO | hi-lo.gumbel-kernel : MU (LOCATION): 0.0 | BETA (SCALE): 1.0
2023-10-26 00:56:22,351 | INFO | hi-lo.gumbel-kernel : BOTTOM-RIGHT
tensor([[8.5377e-26, 2.2609e-10, 2.0072e-04],
        [2.2609e-10, 2.0072e-04, 5.8259e-02],
        [2.0072e-04, 5.8259e-02, 8.8288e-01]])
2023-10-26 00:56:46,954 | INFO | hi-lo : END EPOCH:   1 | ACCURACY: 2.54 | LOSS: 4.666916847229004
2023-10-26 00:56:46,954 | INFO | hi-lo : BEGIN EPOCH 2 =========================================================================
2023-10-26 00:56:46,955 | INFO | hi-lo.kernel-accessor : Fetching kernel: gumbel
2023-10-26 00:56:46,955 | INFO | hi-lo.gumbel-kernel : MU (LOCATION): -0.07950542122125626 | BETA (SCALE): 0.5781430006027222
2023-10-26 00:56:46,956 | INFO | hi-lo.gumbel-kernel : TOP-LEFT
tensor([[9.9921e-01, 3.9452e-04, 7.7345e-20],
        [3.9452e-04, 7.7345e-20, 0.0000e+00],
        [7.7345e-20, 0.0000e+00, 0.0000e+00]])
2023-10-26 00:56:46,956 | INFO | hi-lo.kernel-accessor : Fetching kernel: gumbel
2023-10-26 00:56:46,956 | INFO | hi-lo.gumbel-kernel : MU (LOCATION): -0.3788946866989136 | BETA (SCALE): 0.7126768231391907
2023-10-26 00:56:46,957 | INFO | hi-lo.gumbel-kernel : BOTTOM-RIGHT
tensor([[0.0000e+00, 0.0000e+00, 1.6813e-21],
        [0.0000e+00, 1.6813e-21, 3.4039e-05],
        [1.6813e-21, 3.4039e-05, 9.9993e-01]])
2023-10-26 00:56:46,957 | INFO | hi-lo.kernel-accessor : Fetching kernel: gumbel
2023-10-26 00:56:46,957 | INFO | hi-lo.gumbel-kernel : MU (LOCATION): -0.6739307045936584 | BETA (SCALE): 1.0862940549850464
2023-10-26 00:56:46,958 | INFO | hi-lo.gumbel-kernel : TOP-RIGHT
tensor([[1.7095e-09, 2.1349e-03, 9.9573e-01],
        [3.3911e-24, 1.7095e-09, 2.1349e-03],
        [0.0000e+00, 3.3911e-24, 1.7095e-09]])
2023-10-26 00:56:46,958 | INFO | hi-lo.kernel-accessor : Fetching kernel: gumbel
2023-10-26 00:56:46,958 | INFO | hi-lo.gumbel-kernel : MU (LOCATION): -0.4888518452644348 | BETA (SCALE): 0.8338282108306885
2023-10-26 00:56:46,958 | INFO | hi-lo.gumbel-kernel : BOTTOM-LEFT
tensor([[8.2990e-16, 0.0000e+00, 0.0000e+00],
        [1.6886e-04, 8.2990e-16, 0.0000e+00],
        [9.9966e-01, 1.6886e-04, 8.2990e-16]])
2023-10-26 00:57:10,939 | INFO | hi-lo : END EPOCH:   2 | ACCURACY: 0.01 | LOSS: 4.449070930480957
2023-10-26 00:57:10,939 | INFO | hi-lo : BEGIN EPOCH 3 =========================================================================
2023-10-26 00:57:10,939 | INFO | hi-lo.kernel-accessor : Fetching kernel: gumbel
2023-10-26 00:57:10,940 | INFO | hi-lo.gumbel-kernel : MU (LOCATION): -0.11430486291646957 | BETA (SCALE): 0.496535062789917
2023-10-26 00:57:10,941 | INFO | hi-lo.gumbel-kernel : BOTTOM-RIGHT
tensor([[0.0000e+00, 0.0000e+00, 1.9900e-40],
        [0.0000e+00, 1.9899e-40, 4.5362e-06],
        [1.9900e-40, 4.5362e-06, 9.9999e-01]])
2023-10-26 00:57:10,941 | INFO | hi-lo.kernel-accessor : Fetching kernel: gumbel
2023-10-26 00:57:10,941 | INFO | hi-lo.gumbel-kernel : MU (LOCATION): -0.6624380946159363 | BETA (SCALE): 0.8653336763381958
2023-10-26 00:57:10,942 | INFO | hi-lo.gumbel-kernel : TOP-RIGHT
tensor([[5.6442e-20, 1.3464e-05, 9.9997e-01],
        [0.0000e+00, 5.6442e-20, 1.3464e-05],
        [0.0000e+00, 0.0000e+00, 5.6442e-20]])
2023-10-26 00:57:10,942 | INFO | hi-lo.kernel-accessor : Fetching kernel: gumbel
2023-10-26 00:57:10,942 | INFO | hi-lo.gumbel-kernel : MU (LOCATION): -1.035045862197876 | BETA (SCALE): 1.8237859010696411
2023-10-26 00:57:10,943 | INFO | hi-lo.gumbel-kernel : TOP-RIGHT
tensor([[6.0210e-04, 5.3132e-02, 8.9193e-01],
        [3.8628e-07, 6.0210e-04, 5.3132e-02],
        [1.7230e-12, 3.8628e-07, 6.0210e-04]])
2023-10-26 00:57:10,943 | INFO | hi-lo.kernel-accessor : Fetching kernel: gumbel
2023-10-26 00:57:10,944 | INFO | hi-lo.gumbel-kernel : MU (LOCATION): -1.1280500888824463 | BETA (SCALE): 1.4274108409881592
2023-10-26 00:57:10,944 | INFO | hi-lo.gumbel-kernel : BOTTOM-LEFT
tensor([[8.5752e-08, 8.6415e-17, 1.3123e-34],
        [3.5609e-03, 8.5752e-08, 8.6415e-17],
        [9.9288e-01, 3.5609e-03, 8.5752e-08]])
2023-10-26 00:57:35,005 | INFO | hi-lo : END EPOCH:   3 | ACCURACY: 0.62 | LOSS: 4.588939666748047
2023-10-26 00:57:35,005 | INFO | hi-lo : BEGIN EPOCH 4 =========================================================================
2023-10-26 00:57:35,006 | INFO | hi-lo.kernel-accessor : Fetching kernel: gumbel
2023-10-26 00:57:35,006 | INFO | hi-lo.gumbel-kernel : MU (LOCATION): -0.013832544907927513 | BETA (SCALE): 0.5911186933517456
2023-10-26 00:57:35,007 | INFO | hi-lo.gumbel-kernel : TOP-RIGHT
tensor([[3.7300e-15, 1.7710e-03, 9.9646e-01],
        [0.0000e+00, 3.7300e-15, 1.7710e-03],
        [0.0000e+00, 0.0000e+00, 3.7300e-15]])
2023-10-26 00:57:35,007 | INFO | hi-lo.kernel-accessor : Fetching kernel: gumbel
2023-10-26 00:57:35,007 | INFO | hi-lo.gumbel-kernel : MU (LOCATION): -0.7163985967636108 | BETA (SCALE): 0.8600694537162781
2023-10-26 00:57:35,008 | INFO | hi-lo.gumbel-kernel : BOTTOM-RIGHT
tensor([[0.0000e+00, 0.0000e+00, 6.0448e-23],
        [0.0000e+00, 6.0449e-23, 2.7772e-06],
        [6.0448e-23, 2.7772e-06, 9.9999e-01]])
2023-10-26 00:57:35,008 | INFO | hi-lo.kernel-accessor : Fetching kernel: gumbel
2023-10-26 00:57:35,009 | INFO | hi-lo.gumbel-kernel : MU (LOCATION): -1.160121202468872 | BETA (SCALE): 1.5476510524749756
2023-10-26 00:57:35,009 | INFO | hi-lo.gumbel-kernel : BOTTOM-RIGHT
tensor([[1.0745e-25, 3.8288e-13, 1.9706e-06],
        [3.8288e-13, 1.9706e-06, 8.8194e-03],
        [1.9706e-06, 8.8194e-03, 9.8236e-01]])
2023-10-26 00:57:35,009 | INFO | hi-lo.kernel-accessor : Fetching kernel: gumbel
2023-10-26 00:57:35,010 | INFO | hi-lo.gumbel-kernel : MU (LOCATION): -0.9553935527801514 | BETA (SCALE): 1.1830883026123047
2023-10-26 00:57:35,010 | INFO | hi-lo.gumbel-kernel : BOTTOM-RIGHT
tensor([[0.0000e+00, 3.2389e-27, 4.0591e-11],
        [3.2389e-27, 4.0591e-11, 5.3852e-04],
        [4.0591e-11, 5.3852e-04, 9.9892e-01]])
2023-10-26 00:57:58,955 | INFO | hi-lo : END EPOCH:   4 | ACCURACY: 0.02 | LOSS: 4.182201862335205
2023-10-26 00:57:58,955 | INFO | hi-lo : BEGIN EPOCH 5 =========================================================================
2023-10-26 00:57:58,955 | INFO | hi-lo.kernel-accessor : Fetching kernel: gumbel
2023-10-26 00:57:58,956 | INFO | hi-lo.gumbel-kernel : MU (LOCATION): -0.04849062114953995 | BETA (SCALE): 0.4881400465965271
2023-10-26 00:57:58,956 | INFO | hi-lo.gumbel-kernel : BOTTOM-LEFT
tensor([[7.5020e-34, 0.0000e+00, 0.0000e+00],
        [3.3947e-05, 7.5017e-34, 0.0000e+00],
        [9.9993e-01, 3.3947e-05, 7.5020e-34]])
2023-10-26 00:57:58,957 | INFO | hi-lo.kernel-accessor : Fetching kernel: gumbel
2023-10-26 00:57:58,957 | INFO | hi-lo.gumbel-kernel : MU (LOCATION): -0.733456015586853 | BETA (SCALE): 0.8179067969322205
2023-10-26 00:57:58,957 | INFO | hi-lo.gumbel-kernel : BOTTOM-RIGHT
tensor([[0.0000e+00, 0.0000e+00, 2.7681e-29],
        [0.0000e+00, 2.7681e-29, 1.6385e-07],
        [2.7681e-29, 1.6385e-07, 1.0000e+00]])
2023-10-26 00:57:58,958 | INFO | hi-lo.kernel-accessor : Fetching kernel: gumbel
2023-10-26 00:57:58,958 | INFO | hi-lo.gumbel-kernel : MU (LOCATION): -1.0327839851379395 | BETA (SCALE): 1.705065369606018
2023-10-26 00:57:58,959 | INFO | hi-lo.gumbel-kernel : TOP-RIGHT
tensor([[1.5983e-04, 3.5460e-02, 9.2860e-01],
        [1.5466e-08, 1.5983e-04, 3.5460e-02],
        [1.5005e-15, 1.5466e-08, 1.5983e-04]])
2023-10-26 00:57:58,959 | INFO | hi-lo.kernel-accessor : Fetching kernel: gumbel
2023-10-26 00:57:58,959 | INFO | hi-lo.gumbel-kernel : MU (LOCATION): -1.088838815689087 | BETA (SCALE): 1.1569479703903198
2023-10-26 00:57:58,960 | INFO | hi-lo.gumbel-kernel : TOP-LEFT
tensor([[9.9990e-01, 5.0897e-05, 1.0775e-14],
        [5.0897e-05, 1.0775e-14, 3.8606e-37],
        [1.0775e-14, 3.8606e-37, 0.0000e+00]])
2023-10-26 00:58:22,992 | INFO | hi-lo : END EPOCH:   5 | ACCURACY: 4.69 | LOSS: 4.247894287109375
2023-10-26 00:58:22,992 | INFO | hi-lo : BEGIN EPOCH 6 =========================================================================
2023-10-26 00:58:22,993 | INFO | hi-lo.kernel-accessor : Fetching kernel: gumbel
2023-10-26 00:58:22,993 | INFO | hi-lo.gumbel-kernel : MU (LOCATION): -0.1002383753657341 | BETA (SCALE): 0.5043817758560181
2023-10-26 00:58:22,994 | INFO | hi-lo.gumbel-kernel : TOP-LEFT
tensor([[9.9998e-01, 1.2366e-05, 6.9973e-36],
        [1.2366e-05, 6.9973e-36, 0.0000e+00],
        [6.9973e-36, 0.0000e+00, 0.0000e+00]])
2023-10-26 00:58:22,994 | INFO | hi-lo.kernel-accessor : Fetching kernel: gumbel
2023-10-26 00:58:22,994 | INFO | hi-lo.gumbel-kernel : MU (LOCATION): -0.7304608821868896 | BETA (SCALE): 0.9081234335899353
2023-10-26 00:58:22,995 | INFO | hi-lo.gumbel-kernel : TOP-LEFT
tensor([[9.9997e-01, 1.4629e-05, 3.8360e-19],
        [1.4629e-05, 3.8360e-19, 0.0000e+00],
        [3.8360e-19, 0.0000e+00, 0.0000e+00]])
2023-10-26 00:58:22,995 | INFO | hi-lo.kernel-accessor : Fetching kernel: gumbel
2023-10-26 00:58:22,995 | INFO | hi-lo.gumbel-kernel : MU (LOCATION): -1.2139270305633545 | BETA (SCALE): 1.7714029550552368
2023-10-26 00:58:22,996 | INFO | hi-lo.gumbel-kernel : TOP-RIGHT
tensor([[8.0648e-05, 2.7115e-02, 9.4553e-01],
        [4.4591e-09, 8.0648e-05, 2.7115e-02],
        [2.2296e-16, 4.4591e-09, 8.0648e-05]])
2023-10-26 00:58:22,996 | INFO | hi-lo.kernel-accessor : Fetching kernel: gumbel
2023-10-26 00:58:22,997 | INFO | hi-lo.gumbel-kernel : MU (LOCATION): -1.207365870475769 | BETA (SCALE): 1.2732794284820557
2023-10-26 00:58:22,997 | INFO | hi-lo.gumbel-kernel : BOTTOM-RIGHT
tensor([[0.0000e+00, 2.2118e-29, 1.9639e-12],
        [2.2118e-29, 1.9639e-12, 1.6080e-04],
        [1.9639e-12, 1.6080e-04, 9.9968e-01]])
2023-10-26 00:58:47,075 | INFO | hi-lo : END EPOCH:   6 | ACCURACY: 1.56 | LOSS: 4.332736015319824
2023-10-26 00:58:47,075 | INFO | hi-lo : BEGIN EPOCH 7 =========================================================================
2023-10-26 00:58:47,075 | INFO | hi-lo.kernel-accessor : Fetching kernel: gumbel
2023-10-26 00:58:47,076 | INFO | hi-lo.gumbel-kernel : MU (LOCATION): -0.06889806687831879 | BETA (SCALE): 0.49483588337898254
2023-10-26 00:58:47,077 | INFO | hi-lo.gumbel-kernel : BOTTOM-LEFT
tensor([[1.4371e-34, 0.0000e+00, 0.0000e+00],
        [2.3292e-05, 1.4371e-34, 0.0000e+00],
        [9.9995e-01, 2.3292e-05, 1.4371e-34]])
2023-10-26 00:58:47,077 | INFO | hi-lo.kernel-accessor : Fetching kernel: gumbel
2023-10-26 00:58:47,077 | INFO | hi-lo.gumbel-kernel : MU (LOCATION): -0.6917037963867188 | BETA (SCALE): 0.9387421011924744
2023-10-26 00:58:47,078 | INFO | hi-lo.gumbel-kernel : TOP-LEFT
tensor([[9.9983e-01, 8.5555e-05, 1.0216e-15],
        [8.5555e-05, 1.0216e-15, 0.0000e+00],
        [1.0216e-15, 0.0000e+00, 0.0000e+00]])
2023-10-26 00:58:47,078 | INFO | hi-lo.kernel-accessor : Fetching kernel: gumbel
2023-10-26 00:58:47,078 | INFO | hi-lo.gumbel-kernel : MU (LOCATION): -1.429372787475586 | BETA (SCALE): 2.3225436210632324
2023-10-26 00:58:47,079 | INFO | hi-lo.gumbel-kernel : TOP-LEFT
tensor([[8.2113e-01, 8.4562e-02, 3.2307e-03],
        [8.4562e-02, 3.2307e-03, 2.6858e-05],
        [3.2307e-03, 2.6858e-05, 2.1381e-08]])
2023-10-26 00:58:47,079 | INFO | hi-lo.kernel-accessor : Fetching kernel: gumbel
2023-10-26 00:58:47,080 | INFO | hi-lo.gumbel-kernel : MU (LOCATION): -1.0382845401763916 | BETA (SCALE): 1.2595082521438599
2023-10-26 00:58:47,080 | INFO | hi-lo.gumbel-kernel : BOTTOM-RIGHT
tensor([[0.0000e+00, 5.9556e-24, 3.2825e-10],
        [5.9556e-24, 3.2825e-10, 8.2585e-04],
        [3.2825e-10, 8.2585e-04, 9.9835e-01]])
2023-10-26 00:59:11,151 | INFO | hi-lo : END EPOCH:   7 | ACCURACY: 0.34 | LOSS: 4.505985260009766
2023-10-26 00:59:11,152 | INFO | hi-lo : BEGIN EPOCH 8 =========================================================================
2023-10-26 00:59:11,152 | INFO | hi-lo.kernel-accessor : Fetching kernel: gumbel
2023-10-26 00:59:11,152 | INFO | hi-lo.gumbel-kernel : MU (LOCATION): -0.06921178102493286 | BETA (SCALE): 0.533930242061615
2023-10-26 00:59:11,153 | INFO | hi-lo.gumbel-kernel : TOP-RIGHT
tensor([[1.2704e-25, 1.2215e-04, 9.9976e-01],
        [0.0000e+00, 1.2704e-25, 1.2215e-04],
        [0.0000e+00, 0.0000e+00, 1.2704e-25]])
2023-10-26 00:59:11,153 | INFO | hi-lo.kernel-accessor : Fetching kernel: gumbel
2023-10-26 00:59:11,154 | INFO | hi-lo.gumbel-kernel : MU (LOCATION): -0.7140471935272217 | BETA (SCALE): 1.0016112327575684
2023-10-26 00:59:11,154 | INFO | hi-lo.gumbel-kernel : TOP-LEFT
tensor([[9.9941e-01, 2.9431e-04, 4.2590e-13],
        [2.9431e-04, 4.2590e-13, 2.4143e-36],
        [4.2590e-13, 2.4143e-36, 0.0000e+00]])
2023-10-26 00:59:11,154 | INFO | hi-lo.kernel-accessor : Fetching kernel: gumbel
2023-10-26 00:59:11,155 | INFO | hi-lo.gumbel-kernel : MU (LOCATION): -1.3216371536254883 | BETA (SCALE): 2.2022461891174316
2023-10-26 00:59:11,155 | INFO | hi-lo.gumbel-kernel : BOTTOM-RIGHT
tensor([[5.0854e-09, 1.3817e-05, 2.4727e-03],
        [1.3817e-05, 2.4727e-03, 7.8649e-02],
        [2.4727e-03, 7.8649e-02, 8.3526e-01]])
2023-10-26 00:59:11,155 | INFO | hi-lo.kernel-accessor : Fetching kernel: gumbel
2023-10-26 00:59:11,156 | INFO | hi-lo.gumbel-kernel : MU (LOCATION): -1.2303928136825562 | BETA (SCALE): 1.5086082220077515
2023-10-26 00:59:11,156 | INFO | hi-lo.gumbel-kernel : BOTTOM-LEFT
tensor([[1.9266e-07, 1.3817e-15, 4.0577e-31],
        [4.1851e-03, 1.9266e-07, 1.3817e-15],
        [9.9163e-01, 4.1851e-03, 1.9266e-07]])
2023-10-26 00:59:35,259 | INFO | hi-lo : END EPOCH:   8 | ACCURACY: 1.0 | LOSS: 4.1210761070251465
2023-10-26 00:59:35,259 | INFO | hi-lo : BEGIN EPOCH 9 =========================================================================
2023-10-26 00:59:35,259 | INFO | hi-lo.kernel-accessor : Fetching kernel: gumbel
2023-10-26 00:59:35,260 | INFO | hi-lo.gumbel-kernel : MU (LOCATION): -0.09107848256826401 | BETA (SCALE): 0.49635979533195496
2023-10-26 00:59:35,260 | INFO | hi-lo.gumbel-kernel : BOTTOM-RIGHT
tensor([[0.0000e+00, 0.0000e+00, 4.2968e-37],
        [0.0000e+00, 4.2968e-37, 1.1262e-05],
        [4.2968e-37, 1.1262e-05, 9.9998e-01]])
2023-10-26 00:59:35,260 | INFO | hi-lo.kernel-accessor : Fetching kernel: gumbel
2023-10-26 00:59:35,261 | INFO | hi-lo.gumbel-kernel : MU (LOCATION): -0.7280356884002686 | BETA (SCALE): 1.0037860870361328
2023-10-26 00:59:35,261 | INFO | hi-lo.gumbel-kernel : BOTTOM-LEFT
tensor([[2.5205e-13, 5.8095e-37, 0.0000e+00],
        [2.5289e-04, 2.5205e-13, 5.8095e-37],
        [9.9949e-01, 2.5289e-04, 2.5205e-13]])
2023-10-26 00:59:35,262 | INFO | hi-lo.kernel-accessor : Fetching kernel: gumbel
2023-10-26 00:59:35,262 | INFO | hi-lo.gumbel-kernel : MU (LOCATION): -1.2386618852615356 | BETA (SCALE): 2.007981061935425
2023-10-26 00:59:35,262 | INFO | hi-lo.gumbel-kernel : BOTTOM-LEFT
tensor([[9.2397e-04, 1.3903e-06, 4.3484e-11],
        [5.8327e-02, 9.2397e-04, 1.3903e-06],
        [8.8057e-01, 5.8327e-02, 9.2397e-04]])
2023-10-26 00:59:35,263 | INFO | hi-lo.kernel-accessor : Fetching kernel: gumbel
2023-10-26 00:59:35,263 | INFO | hi-lo.gumbel-kernel : MU (LOCATION): -1.2352705001831055 | BETA (SCALE): 1.4646559953689575
2023-10-26 00:59:35,263 | INFO | hi-lo.gumbel-kernel : TOP-RIGHT
tensor([[3.6275e-08, 2.5335e-03, 9.9493e-01],
        [1.8278e-17, 3.6275e-08, 2.5335e-03],
        [1.4101e-35, 1.8278e-17, 3.6275e-08]])
2023-10-26 00:59:59,475 | INFO | hi-lo : END EPOCH:   9 | ACCURACY: 1.74 | LOSS: 4.083884239196777
2023-10-26 00:59:59,476 | INFO | hi-lo : BEGIN EPOCH 10 =========================================================================
2023-10-26 00:59:59,476 | INFO | hi-lo.kernel-accessor : Fetching kernel: gumbel
2023-10-26 00:59:59,477 | INFO | hi-lo.gumbel-kernel : MU (LOCATION): -0.004019211046397686 | BETA (SCALE): 0.5890411734580994
2023-10-26 00:59:59,477 | INFO | hi-lo.gumbel-kernel : TOP-LEFT
tensor([[9.9604e-01, 1.9810e-03, 6.8097e-15],
        [1.9810e-03, 6.8097e-15, 0.0000e+00],
        [6.8097e-15, 0.0000e+00, 0.0000e+00]])
2023-10-26 00:59:59,477 | INFO | hi-lo.kernel-accessor : Fetching kernel: gumbel
2023-10-26 00:59:59,478 | INFO | hi-lo.gumbel-kernel : MU (LOCATION): -0.6003826260566711 | BETA (SCALE): 1.1231131553649902
2023-10-26 00:59:59,478 | INFO | hi-lo.gumbel-kernel : BOTTOM-LEFT
tensor([[9.5278e-08, 6.4775e-19, 0.0000e+00],
        [6.1834e-03, 9.5278e-08, 6.4775e-19],
        [9.8763e-01, 6.1834e-03, 9.5278e-08]])
2023-10-26 00:59:59,478 | INFO | hi-lo.kernel-accessor : Fetching kernel: gumbel
2023-10-26 00:59:59,479 | INFO | hi-lo.gumbel-kernel : MU (LOCATION): -1.889723539352417 | BETA (SCALE): 2.962862253189087
2023-10-26 00:59:59,479 | INFO | hi-lo.gumbel-kernel : BOTTOM-RIGHT
tensor([[6.7153e-06, 4.9220e-04, 1.1613e-02],
        [4.9220e-04, 1.1613e-02, 1.2204e-01],
        [1.1613e-02, 1.2204e-01, 7.2010e-01]])
2023-10-26 00:59:59,479 | INFO | hi-lo.kernel-accessor : Fetching kernel: gumbel
2023-10-26 00:59:59,480 | INFO | hi-lo.gumbel-kernel : MU (LOCATION): -1.1491761207580566 | BETA (SCALE): 1.454554557800293
2023-10-26 00:59:59,480 | INFO | hi-lo.gumbel-kernel : BOTTOM-LEFT
tensor([[1.4722e-07, 4.2010e-16, 8.4270e-33],
        [4.1012e-03, 1.4722e-07, 4.2010e-16],
        [9.9180e-01, 4.1012e-03, 1.4722e-07]])
2023-10-26 01:00:23,686 | INFO | hi-lo : END EPOCH:  10 | ACCURACY: 0.79 | LOSS: 4.47980260848999
2023-10-26 01:00:23,686 | INFO | hi-lo : BEGIN EPOCH 11 =========================================================================
2023-10-26 01:00:23,686 | INFO | hi-lo.kernel-accessor : Fetching kernel: gumbel
2023-10-26 01:00:23,687 | INFO | hi-lo.gumbel-kernel : MU (LOCATION): -0.0208353903144598 | BETA (SCALE): 0.4654281437397003
2023-10-26 01:00:23,687 | INFO | hi-lo.gumbel-kernel : TOP-RIGHT
tensor([[5.0598e-37, 2.9522e-05, 9.9994e-01],
        [0.0000e+00, 5.0598e-37, 2.9522e-05],
        [0.0000e+00, 0.0000e+00, 5.0598e-37]])
2023-10-26 01:00:23,687 | INFO | hi-lo.kernel-accessor : Fetching kernel: gumbel
2023-10-26 01:00:23,687 | INFO | hi-lo.gumbel-kernel : MU (LOCATION): -0.625158965587616 | BETA (SCALE): 0.8614843487739563
2023-10-26 01:00:23,688 | INFO | hi-lo.gumbel-kernel : BOTTOM-RIGHT
tensor([[0.0000e+00, 0.0000e+00, 8.9274e-19],
        [0.0000e+00, 8.9274e-19, 2.6987e-05],
        [8.9274e-19, 2.6987e-05, 9.9995e-01]])
2023-10-26 01:00:23,688 | INFO | hi-lo.kernel-accessor : Fetching kernel: gumbel
2023-10-26 01:00:23,688 | INFO | hi-lo.gumbel-kernel : MU (LOCATION): -1.0277125835418701 | BETA (SCALE): 1.5298455953598022
2023-10-26 01:00:23,688 | INFO | hi-lo.gumbel-kernel : TOP-RIGHT
tensor([[8.5382e-06, 1.4708e-02, 9.7056e-01],
        [9.3649e-12, 8.5382e-06, 1.4708e-02],
        [5.9590e-23, 9.3649e-12, 8.5382e-06]])
2023-10-26 01:00:23,688 | INFO | hi-lo.kernel-accessor : Fetching kernel: gumbel
2023-10-26 01:00:23,689 | INFO | hi-lo.gumbel-kernel : MU (LOCATION): -0.9339969158172607 | BETA (SCALE): 1.1969484090805054
2023-10-26 01:00:23,689 | INFO | hi-lo.gumbel-kernel : BOTTOM-LEFT
tensor([[2.2172e-10, 4.2063e-25, 0.0000e+00],
        [8.6265e-04, 2.2172e-10, 4.2063e-25],
        [9.9827e-01, 8.6265e-04, 2.2172e-10]])
2023-10-26 01:00:47,802 | INFO | hi-lo : END EPOCH:  11 | ACCURACY: 1.56 | LOSS: 4.21837043762207
2023-10-26 01:00:47,802 | INFO | hi-lo : BEGIN EPOCH 12 =========================================================================
2023-10-26 01:00:47,802 | INFO | hi-lo.kernel-accessor : Fetching kernel: gumbel
2023-10-26 01:00:47,802 | INFO | hi-lo.gumbel-kernel : MU (LOCATION): -0.08060292899608612 | BETA (SCALE): 0.4921908378601074
2023-10-26 01:00:47,803 | INFO | hi-lo.gumbel-kernel : TOP-RIGHT
tensor([[6.0452e-37, 1.3305e-05, 9.9997e-01],
        [0.0000e+00, 6.0452e-37, 1.3305e-05],
        [0.0000e+00, 0.0000e+00, 6.0452e-37]])
2023-10-26 01:00:47,803 | INFO | hi-lo.kernel-accessor : Fetching kernel: gumbel
2023-10-26 01:00:47,803 | INFO | hi-lo.gumbel-kernel : MU (LOCATION): -0.7630892992019653 | BETA (SCALE): 0.9493852853775024
2023-10-26 01:00:47,804 | INFO | hi-lo.gumbel-kernel : BOTTOM-RIGHT
tensor([[0.0000e+00, 0.0000e+00, 2.7272e-17],
        [0.0000e+00, 2.7272e-17, 3.1316e-05],
        [2.7272e-17, 3.1316e-05, 9.9994e-01]])
2023-10-26 01:00:47,804 | INFO | hi-lo.kernel-accessor : Fetching kernel: gumbel
2023-10-26 01:00:47,804 | INFO | hi-lo.gumbel-kernel : MU (LOCATION): -1.1032956838607788 | BETA (SCALE): 1.6753283739089966
2023-10-26 01:00:47,805 | INFO | hi-lo.gumbel-kernel : TOP-LEFT
tensor([[9.5017e-01, 2.4833e-02, 5.3901e-05],
        [2.4833e-02, 5.3901e-05, 1.2741e-09],
        [5.3901e-05, 1.2741e-09, 8.1869e-18]])
2023-10-26 01:00:47,805 | INFO | hi-lo.kernel-accessor : Fetching kernel: gumbel
2023-10-26 01:00:47,805 | INFO | hi-lo.gumbel-kernel : MU (LOCATION): -1.600017786026001 | BETA (SCALE): 1.6209847927093506
2023-10-26 01:00:47,805 | INFO | hi-lo.gumbel-kernel : BOTTOM-RIGHT
tensor([[1.4860e-35, 2.6316e-18, 7.0936e-09],
        [2.6316e-18, 7.0936e-09, 1.1563e-03],
        [7.0936e-09, 1.1563e-03, 9.9769e-01]])
2023-10-26 01:01:11,886 | INFO | hi-lo : END EPOCH:  12 | ACCURACY: 1.56 | LOSS: 4.205705642700195
2023-10-26 01:01:11,886 | INFO | hi-lo : BEGIN EPOCH 13 =========================================================================
2023-10-26 01:01:11,886 | INFO | hi-lo.kernel-accessor : Fetching kernel: gumbel
2023-10-26 01:01:11,887 | INFO | hi-lo.gumbel-kernel : MU (LOCATION): -0.28891265392303467 | BETA (SCALE): 0.4853864014148712
2023-10-26 01:01:11,887 | INFO | hi-lo.gumbel-kernel : TOP-LEFT
tensor([[1.0000e+00, 2.1158e-11, 0.0000e+00],
        [2.1158e-11, 0.0000e+00, 0.0000e+00],
        [0.0000e+00, 0.0000e+00, 0.0000e+00]])
2023-10-26 01:01:11,888 | INFO | hi-lo.kernel-accessor : Fetching kernel: gumbel
2023-10-26 01:01:11,888 | INFO | hi-lo.gumbel-kernel : MU (LOCATION): -0.7256441116333008 | BETA (SCALE): 0.871470034122467
2023-10-26 01:01:11,888 | INFO | hi-lo.gumbel-kernel : BOTTOM-LEFT
tensor([[3.2412e-22, 0.0000e+00, 0.0000e+00],
        [3.6643e-06, 3.2412e-22, 0.0000e+00],
        [9.9999e-01, 3.6643e-06, 3.2412e-22]])
2023-10-26 01:01:11,889 | INFO | hi-lo.kernel-accessor : Fetching kernel: gumbel
2023-10-26 01:01:11,889 | INFO | hi-lo.gumbel-kernel : MU (LOCATION): -0.9250641465187073 | BETA (SCALE): 1.410871148109436
2023-10-26 01:01:11,889 | INFO | hi-lo.gumbel-kernel : TOP-RIGHT
tensor([[2.1637e-06, 1.0482e-02, 9.7903e-01],
        [1.4658e-13, 2.1637e-06, 1.0482e-02],
        [8.3063e-28, 1.4658e-13, 2.1637e-06]])
2023-10-26 01:01:11,890 | INFO | hi-lo.kernel-accessor : Fetching kernel: gumbel
2023-10-26 01:01:11,890 | INFO | hi-lo.gumbel-kernel : MU (LOCATION): -1.6420942544937134 | BETA (SCALE): 1.656096339225769
2023-10-26 01:01:11,890 | INFO | hi-lo.gumbel-kernel : BOTTOM-RIGHT
tensor([[6.1335e-34, 1.1451e-17, 1.1840e-08],
        [1.1451e-17, 1.1840e-08, 1.3200e-03],
        [1.1840e-08, 1.3200e-03, 9.9736e-01]])
2023-10-26 01:01:35,995 | INFO | hi-lo : END EPOCH:  13 | ACCURACY: 0.62 | LOSS: 4.292251110076904
2023-10-26 01:01:35,995 | INFO | hi-lo : BEGIN EPOCH 14 =========================================================================
2023-10-26 01:01:35,996 | INFO | hi-lo.kernel-accessor : Fetching kernel: gumbel
2023-10-26 01:01:35,996 | INFO | hi-lo.gumbel-kernel : MU (LOCATION): -0.03351443260908127 | BETA (SCALE): 0.5425662994384766
2023-10-26 01:01:35,997 | INFO | hi-lo.gumbel-kernel : TOP-LEFT
tensor([[9.9923e-01, 3.8628e-04, 1.9363e-21],
        [3.8628e-04, 1.9363e-21, 0.0000e+00],
        [1.9363e-21, 0.0000e+00, 0.0000e+00]])
2023-10-26 01:01:35,997 | INFO | hi-lo.kernel-accessor : Fetching kernel: gumbel
2023-10-26 01:01:35,998 | INFO | hi-lo.gumbel-kernel : MU (LOCATION): -0.654151201248169 | BETA (SCALE): 0.9015794396400452
2023-10-26 01:01:35,998 | INFO | hi-lo.gumbel-kernel : BOTTOM-RIGHT
tensor([[0.0000e+00, 0.0000e+00, 7.1207e-17],
        [0.0000e+00, 7.1207e-17, 5.6520e-05],
        [7.1207e-17, 5.6520e-05, 9.9989e-01]])
2023-10-26 01:01:35,998 | INFO | hi-lo.kernel-accessor : Fetching kernel: gumbel
2023-10-26 01:01:35,999 | INFO | hi-lo.gumbel-kernel : MU (LOCATION): -1.0636935234069824 | BETA (SCALE): 1.4990181922912598
2023-10-26 01:01:35,999 | INFO | hi-lo.gumbel-kernel : BOTTOM-RIGHT
tensor([[5.5606e-26, 4.3116e-13, 2.4574e-06],
        [4.3116e-13, 2.4574e-06, 9.9671e-03],
        [2.4574e-06, 9.9671e-03, 9.8006e-01]])
2023-10-26 01:01:35,999 | INFO | hi-lo.kernel-accessor : Fetching kernel: gumbel
2023-10-26 01:01:36,000 | INFO | hi-lo.gumbel-kernel : MU (LOCATION): -1.4251608848571777 | BETA (SCALE): 1.4199573993682861
2023-10-26 01:01:36,000 | INFO | hi-lo.gumbel-kernel : TOP-RIGHT
tensor([[2.5116e-11, 2.4499e-04, 9.9951e-01],
        [3.7861e-25, 2.5116e-11, 2.4499e-04],
        [0.0000e+00, 3.7861e-25, 2.5116e-11]])
2023-10-26 01:02:00,168 | INFO | hi-lo : END EPOCH:  14 | ACCURACY: 2.34 | LOSS: 4.741459369659424
2023-10-26 01:02:00,168 | INFO | hi-lo : BEGIN EPOCH 15 =========================================================================
2023-10-26 01:02:00,168 | INFO | hi-lo.kernel-accessor : Fetching kernel: gumbel
2023-10-26 01:02:00,169 | INFO | hi-lo.gumbel-kernel : MU (LOCATION): -0.08444902300834656 | BETA (SCALE): 0.5371007323265076
2023-10-26 01:02:00,170 | INFO | hi-lo.gumbel-kernel : BOTTOM-LEFT
tensor([[2.2057e-26, 0.0000e+00, 0.0000e+00],
        [9.0856e-05, 2.2057e-26, 0.0000e+00],
        [9.9982e-01, 9.0856e-05, 2.2057e-26]])
2023-10-26 01:02:00,170 | INFO | hi-lo.kernel-accessor : Fetching kernel: gumbel
2023-10-26 01:02:00,170 | INFO | hi-lo.gumbel-kernel : MU (LOCATION): -0.6683850288391113 | BETA (SCALE): 1.0314942598342896
2023-10-26 01:02:00,171 | INFO | hi-lo.gumbel-kernel : BOTTOM-RIGHT
tensor([[0.0000e+00, 1.7188e-29, 5.1475e-11],
        [1.7188e-29, 5.1475e-11, 9.5663e-04],
        [5.1475e-11, 9.5663e-04, 9.9809e-01]])
2023-10-26 01:02:00,171 | INFO | hi-lo.kernel-accessor : Fetching kernel: gumbel
2023-10-26 01:02:00,171 | INFO | hi-lo.gumbel-kernel : MU (LOCATION): -1.5326489210128784 | BETA (SCALE): 2.0320537090301514
2023-10-26 01:02:00,172 | INFO | hi-lo.gumbel-kernel : TOP-RIGHT
tensor([[1.7945e-04, 3.2290e-02, 9.3488e-01],
        [5.0231e-08, 1.7945e-04, 3.2290e-02],
        [1.0593e-13, 5.0231e-08, 1.7945e-04]])
2023-10-26 01:02:00,172 | INFO | hi-lo.kernel-accessor : Fetching kernel: gumbel
2023-10-26 01:02:00,172 | INFO | hi-lo.gumbel-kernel : MU (LOCATION): -1.476664662361145 | BETA (SCALE): 1.5570663213729858
2023-10-26 01:02:00,173 | INFO | hi-lo.gumbel-kernel : BOTTOM-RIGHT
tensor([[1.0072e-36, 1.5228e-18, 7.5744e-09],
        [1.5228e-18, 7.5744e-09, 1.2976e-03],
        [7.5744e-09, 1.2976e-03, 9.9740e-01]])
2023-10-26 01:02:24,259 | INFO | hi-lo : END EPOCH:  15 | ACCURACY: 1.04 | LOSS: 4.214627265930176
2023-10-26 01:02:24,259 | INFO | hi-lo : BEGIN EPOCH 16 =========================================================================
2023-10-26 01:02:24,259 | INFO | hi-lo.kernel-accessor : Fetching kernel: gumbel
2023-10-26 01:02:24,260 | INFO | hi-lo.gumbel-kernel : MU (LOCATION): -0.12353211641311646 | BETA (SCALE): 0.5617060661315918
2023-10-26 01:02:24,260 | INFO | hi-lo.gumbel-kernel : TOP-LEFT
tensor([[9.9984e-01, 7.9754e-05, 2.5470e-25],
        [7.9754e-05, 2.5470e-25, 0.0000e+00],
        [2.5470e-25, 0.0000e+00, 0.0000e+00]])
2023-10-26 01:02:24,261 | INFO | hi-lo.kernel-accessor : Fetching kernel: gumbel
2023-10-26 01:02:24,261 | INFO | hi-lo.gumbel-kernel : MU (LOCATION): -0.6235811710357666 | BETA (SCALE): 0.9733290076255798
2023-10-26 01:02:24,261 | INFO | hi-lo.gumbel-kernel : BOTTOM-RIGHT
tensor([[0.0000e+00, 1.3115e-34, 2.9041e-12],
        [1.3115e-34, 2.9041e-12, 5.5932e-04],
        [2.9041e-12, 5.5932e-04, 9.9888e-01]])
2023-10-26 01:02:24,262 | INFO | hi-lo.kernel-accessor : Fetching kernel: gumbel
2023-10-26 01:02:24,262 | INFO | hi-lo.gumbel-kernel : MU (LOCATION): -1.2723278999328613 | BETA (SCALE): 2.0620224475860596
2023-10-26 01:02:24,262 | INFO | hi-lo.gumbel-kernel : TOP-LEFT
tensor([[8.7076e-01, 6.2834e-02, 1.1896e-03],
        [6.2834e-02, 1.1896e-03, 2.5633e-06],
        [1.1896e-03, 2.5633e-06, 1.6197e-10]])
2023-10-26 01:02:24,263 | INFO | hi-lo.kernel-accessor : Fetching kernel: gumbel
2023-10-26 01:02:24,263 | INFO | hi-lo.gumbel-kernel : MU (LOCATION): -1.6173871755599976 | BETA (SCALE): 1.6744978427886963
2023-10-26 01:02:24,263 | INFO | hi-lo.gumbel-kernel : TOP-LEFT
tensor([[9.9610e-01, 1.9499e-03, 3.8097e-08],
        [1.9499e-03, 3.8097e-08, 1.7229e-16],
        [3.8097e-08, 1.7229e-16, 1.9314e-31]])
2023-10-26 01:02:48,458 | INFO | hi-lo : END EPOCH:  16 | ACCURACY: 0.36 | LOSS: 4.273884296417236
2023-10-26 01:02:48,458 | INFO | hi-lo : BEGIN EPOCH 17 =========================================================================
2023-10-26 01:02:48,458 | INFO | hi-lo.kernel-accessor : Fetching kernel: gumbel
2023-10-26 01:02:48,458 | INFO | hi-lo.gumbel-kernel : MU (LOCATION): -0.2234489917755127 | BETA (SCALE): 0.5554113984107971
2023-10-26 01:02:48,459 | INFO | hi-lo.gumbel-kernel : BOTTOM-RIGHT
tensor([[0.0000e+00, 0.0000e+00, 6.8593e-37],
        [0.0000e+00, 6.8593e-37, 2.0512e-06],
        [6.8593e-37, 2.0512e-06, 1.0000e+00]])
2023-10-26 01:02:48,459 | INFO | hi-lo.kernel-accessor : Fetching kernel: gumbel
2023-10-26 01:02:48,459 | INFO | hi-lo.gumbel-kernel : MU (LOCATION): -0.5974394083023071 | BETA (SCALE): 1.0088783502578735
2023-10-26 01:02:48,459 | INFO | hi-lo.gumbel-kernel : TOP-LEFT
tensor([[9.9709e-01, 1.4551e-03, 1.7835e-10],
        [1.4551e-03, 1.7835e-10, 2.2781e-28],
        [1.7835e-10, 2.2781e-28, 0.0000e+00]])
2023-10-26 01:02:48,459 | INFO | hi-lo.kernel-accessor : Fetching kernel: gumbel
2023-10-26 01:02:48,459 | INFO | hi-lo.gumbel-kernel : MU (LOCATION): -1.5810492038726807 | BETA (SCALE): 2.462230682373047
2023-10-26 01:02:48,460 | INFO | hi-lo.gumbel-kernel : BOTTOM-LEFT
tensor([[3.8981e-03, 4.4038e-05, 6.4520e-08],
        [8.8485e-02, 3.8981e-03, 4.4038e-05],
        [8.1125e-01, 8.8485e-02, 3.8981e-03]])
2023-10-26 01:02:48,460 | INFO | hi-lo.kernel-accessor : Fetching kernel: gumbel
2023-10-26 01:02:48,460 | INFO | hi-lo.gumbel-kernel : MU (LOCATION): -1.4814924001693726 | BETA (SCALE): 1.6710352897644043
2023-10-26 01:02:48,460 | INFO | hi-lo.gumbel-kernel : BOTTOM-LEFT
tensor([[3.7052e-07, 2.3639e-14, 3.1376e-27],
        [4.3738e-03, 3.7052e-07, 2.3639e-14],
        [9.9125e-01, 4.3738e-03, 3.7052e-07]])
2023-10-26 01:03:12,588 | INFO | hi-lo : END EPOCH:  17 | ACCURACY: 0.12 | LOSS: 4.372666358947754
2023-10-26 01:03:12,588 | INFO | hi-lo : BEGIN EPOCH 18 =========================================================================
2023-10-26 01:03:12,588 | INFO | hi-lo.kernel-accessor : Fetching kernel: gumbel
2023-10-26 01:03:12,589 | INFO | hi-lo.gumbel-kernel : MU (LOCATION): -0.09769964218139648 | BETA (SCALE): 0.5172720551490784
2023-10-26 01:03:12,589 | INFO | hi-lo.gumbel-kernel : TOP-RIGHT
tensor([[4.8364e-32, 2.5973e-05, 9.9995e-01],
        [0.0000e+00, 4.8364e-32, 2.5973e-05],
        [0.0000e+00, 0.0000e+00, 4.8364e-32]])
2023-10-26 01:03:12,590 | INFO | hi-lo.kernel-accessor : Fetching kernel: gumbel
2023-10-26 01:03:12,590 | INFO | hi-lo.gumbel-kernel : MU (LOCATION): -0.5436866283416748 | BETA (SCALE): 1.0640456676483154
2023-10-26 01:03:12,591 | INFO | hi-lo.gumbel-kernel : TOP-RIGHT
tensor([[3.0259e-08, 5.0766e-03, 9.8985e-01],
        [5.5556e-21, 3.0259e-08, 5.0766e-03],
        [0.0000e+00, 5.5556e-21, 3.0259e-08]])
2023-10-26 01:03:12,591 | INFO | hi-lo.kernel-accessor : Fetching kernel: gumbel
2023-10-26 01:03:12,591 | INFO | hi-lo.gumbel-kernel : MU (LOCATION): -1.7270288467407227 | BETA (SCALE): 3.1317195892333984
2023-10-26 01:03:12,592 | INFO | hi-lo.gumbel-kernel : BOTTOM-RIGHT
tensor([[7.2688e-05, 1.9190e-03, 2.2594e-02],
        [1.9190e-03, 2.2594e-02, 1.4794e-01],
        [2.2594e-02, 1.4794e-01, 6.3242e-01]])
2023-10-26 01:03:12,592 | INFO | hi-lo.kernel-accessor : Fetching kernel: gumbel
2023-10-26 01:03:12,593 | INFO | hi-lo.gumbel-kernel : MU (LOCATION): -1.038885235786438 | BETA (SCALE): 1.3304641246795654
2023-10-26 01:03:12,593 | INFO | hi-lo.gumbel-kernel : BOTTOM-LEFT
tensor([[1.2802e-08, 2.2477e-19, 8.3195e-42],
        [2.2495e-03, 1.2802e-08, 2.2477e-19],
        [9.9550e-01, 2.2495e-03, 1.2802e-08]])
2023-10-26 01:03:36,691 | INFO | hi-lo : END EPOCH:  18 | ACCURACY: 3.12 | LOSS: 4.315169811248779
2023-10-26 01:03:36,691 | INFO | hi-lo : BEGIN EPOCH 19 =========================================================================
2023-10-26 01:03:36,691 | INFO | hi-lo.kernel-accessor : Fetching kernel: gumbel
2023-10-26 01:03:36,692 | INFO | hi-lo.gumbel-kernel : MU (LOCATION): -0.06992027163505554 | BETA (SCALE): 0.5417501926422119
2023-10-26 01:03:36,692 | INFO | hi-lo.gumbel-kernel : BOTTOM-LEFT
tensor([[2.5500e-24, 0.0000e+00, 0.0000e+00],
        [1.5837e-04, 2.5500e-24, 0.0000e+00],
        [9.9968e-01, 1.5837e-04, 2.5500e-24]])
2023-10-26 01:03:36,693 | INFO | hi-lo.kernel-accessor : Fetching kernel: gumbel
2023-10-26 01:03:36,693 | INFO | hi-lo.gumbel-kernel : MU (LOCATION): -0.6812167167663574 | BETA (SCALE): 1.0740138292312622
2023-10-26 01:03:36,693 | INFO | hi-lo.gumbel-kernel : BOTTOM-RIGHT
tensor([[0.0000e+00, 1.2773e-25, 6.2067e-10],
        [1.2773e-25, 6.2067e-10, 1.6609e-03],
        [6.2067e-10, 1.6609e-03, 9.9668e-01]])
2023-10-26 01:03:36,694 | INFO | hi-lo.kernel-accessor : Fetching kernel: gumbel
2023-10-26 01:03:36,694 | INFO | hi-lo.gumbel-kernel : MU (LOCATION): -1.027592658996582 | BETA (SCALE): 1.560923457145691
2023-10-26 01:03:36,694 | INFO | hi-lo.gumbel-kernel : TOP-RIGHT
tensor([[1.6325e-05, 1.7841e-02, 9.6427e-01],
        [4.9697e-11, 1.6325e-05, 1.7841e-02],
        [3.0016e-21, 4.9697e-11, 1.6325e-05]])
2023-10-26 01:03:36,695 | INFO | hi-lo.kernel-accessor : Fetching kernel: gumbel
2023-10-26 01:03:36,695 | INFO | hi-lo.gumbel-kernel : MU (LOCATION): -1.3533824682235718 | BETA (SCALE): 1.7305254936218262
2023-10-26 01:03:36,696 | INFO | hi-lo.gumbel-kernel : BOTTOM-RIGHT
tensor([[1.3263e-20, 3.6563e-11, 9.3362e-06],
        [3.6563e-11, 9.3362e-06, 1.3009e-02],
        [9.3362e-06, 1.3009e-02, 9.7395e-01]])
2023-10-26 01:04:00,818 | INFO | hi-lo : END EPOCH:  19 | ACCURACY: 1.95 | LOSS: 4.073840618133545
2023-10-26 01:04:00,818 | INFO | hi-lo : BEGIN EPOCH 20 =========================================================================
2023-10-26 01:04:00,819 | INFO | hi-lo.kernel-accessor : Fetching kernel: gumbel
2023-10-26 01:04:00,819 | INFO | hi-lo.gumbel-kernel : MU (LOCATION): 0.007823367603123188 | BETA (SCALE): 0.5561119318008423
2023-10-26 01:04:00,819 | INFO | hi-lo.gumbel-kernel : TOP-LEFT
tensor([[9.9754e-01, 1.2314e-03, 2.8933e-17],
        [1.2314e-03, 2.8933e-17, 0.0000e+00],
        [2.8933e-17, 0.0000e+00, 0.0000e+00]])
2023-10-26 01:04:00,819 | INFO | hi-lo.kernel-accessor : Fetching kernel: gumbel
2023-10-26 01:04:00,820 | INFO | hi-lo.gumbel-kernel : MU (LOCATION): -0.6018439531326294 | BETA (SCALE): 0.9796004295349121
2023-10-26 01:04:00,820 | INFO | hi-lo.gumbel-kernel : TOP-LEFT
tensor([[9.9833e-01, 8.3401e-04, 1.4625e-11],
        [8.3401e-04, 1.4625e-11, 2.6631e-32],
        [1.4625e-11, 2.6631e-32, 0.0000e+00]])
2023-10-26 01:04:00,820 | INFO | hi-lo.kernel-accessor : Fetching kernel: gumbel
2023-10-26 01:04:00,820 | INFO | hi-lo.gumbel-kernel : MU (LOCATION): -1.115842580795288 | BETA (SCALE): 1.6803046464920044
2023-10-26 01:04:00,820 | INFO | hi-lo.gumbel-kernel : BOTTOM-LEFT
tensor([[5.1439e-05, 1.1751e-09, 7.3204e-18],
        [2.4367e-02, 5.1439e-05, 1.1751e-09],
        [9.5111e-01, 2.4367e-02, 5.1439e-05]])
2023-10-26 01:04:00,821 | INFO | hi-lo.kernel-accessor : Fetching kernel: gumbel
2023-10-26 01:04:00,821 | INFO | hi-lo.gumbel-kernel : MU (LOCATION): -1.6904155015945435 | BETA (SCALE): 1.87465238571167
2023-10-26 01:04:00,821 | INFO | hi-lo.gumbel-kernel : BOTTOM-LEFT
tensor([[3.1917e-06, 7.4536e-12, 2.7223e-21],
        [8.0032e-03, 3.1917e-06, 7.4536e-12],
        [9.8398e-01, 8.0032e-03, 3.1917e-06]])
2023-10-26 01:04:24,984 | INFO | hi-lo : END EPOCH:  20 | ACCURACY: 0.78 | LOSS: 4.307175159454346
2023-10-26 01:04:24,984 | INFO | hi-lo : BEGIN EPOCH 21 =========================================================================
2023-10-26 01:04:24,984 | INFO | hi-lo.kernel-accessor : Fetching kernel: gumbel
2023-10-26 01:04:24,985 | INFO | hi-lo.gumbel-kernel : MU (LOCATION): -0.07752947509288788 | BETA (SCALE): 0.48468729853630066
