2023-10-13 21:58:33,101 | INFO | hi-lo : 
+=========================================================================+
|  ______     ______   ______    ___         ___        ______   _______  |
| /| ___ \  // ____ \ /| ___ \  /| |        /| |      // ____ \ /| ___  \ |
| /| |//\ \ /| |//| | /| |//\ \ /| |        /| |      /| |//| | /| |//| | |
| /| | /| | /| ____ | /| | /| | /| |        /| |      /| ____ | /| ___  / |
| /| |_// / /| |//| | /| |_// / /| |____    /| |____  /| |//| | /| |//\ \ |
| /|_____/  /|_| /|_| /|_____/  /|______|   /|______| /|_| /|_| /|______/ |
| ///////   ///  ///  //////    ////////    ////////  ///  ///  ////////  |
+=========================================================================+
|                  Hi-Lo Resolution Image Classification                  |
|                  -------------------------------------                  |
|                            Gabriel C. Trahan                            |
|                               Sahan Ahmad                               |
|                            MD  Aminual Islam                            |
+=========================================================================+
| MODEL:                      normal | LR:                            0.1 |
| DISTRO:                     gumbel | KERNEL TYPE:                    10 |
| DATASET:                     mnist | BATCH SIZE:                     64 |
+=========================================================================+
2023-10-13 21:58:33,101 | INFO | hi-lo : Output directory: output/gumbel//10/normal/mnist/20231013_215833
2023-10-13 21:58:33,101 | INFO | hi-lo.dataset-accessor : Fetching dataset: mnist
2023-10-13 21:58:33,101 | INFO | hi-lo.mnist-dataset : Initializing transform.
2023-10-13 21:58:33,102 | INFO | hi-lo.mnist-dataset : Verifying/downloading train data.
2023-10-13 21:58:33,164 | INFO | hi-lo.mnist-dataset : Verifying/downloading test data.
2023-10-13 21:58:33,169 | INFO | hi-lo.mnist-dataset : Creating train data loader.
2023-10-13 21:58:33,170 | INFO | hi-lo.mnist-dataset : Creating test data loader.
2023-10-13 21:58:34,232 | INFO | hi-lo : Using device: NVIDIA GeForce GTX 1060 6GB
2023-10-13 21:58:34,232 | INFO | hi-lo : Commencing training phase...
2023-10-13 21:58:34,232 | INFO | hi-lo : BEGIN EPOCH 1 =========================================================================
2023-10-13 21:58:34,233 | INFO | hi-lo.kernel-accessor : Fetching kernel: gumbel
2023-10-13 21:58:34,233 | INFO | hi-lo.gumbel-kernel : MU (LOCATION): 1 | BETA (SCALE): 1
2023-10-13 21:58:34,234 | INFO | hi-lo.gumbel-kernel : STATIC
tensor([[5.6765e-01, 1.6550e-01, 3.2357e-02],
        [1.6550e-01, 3.2357e-02, 2.1352e-03],
        [3.2357e-02, 2.1352e-03, 7.3562e-06]])
2023-10-13 21:58:34,234 | INFO | hi-lo.kernel-accessor : Fetching kernel: gumbel
2023-10-13 21:58:34,234 | INFO | hi-lo.gumbel-kernel : MU (LOCATION): 1 | BETA (SCALE): 1
2023-10-13 21:58:34,234 | INFO | hi-lo.gumbel-kernel : STATIC
tensor([[5.6765e-01, 1.6550e-01, 3.2357e-02],
        [1.6550e-01, 3.2357e-02, 2.1352e-03],
        [3.2357e-02, 2.1352e-03, 7.3562e-06]])
2023-10-13 21:58:34,234 | INFO | hi-lo.kernel-accessor : Fetching kernel: gumbel
2023-10-13 21:58:34,235 | INFO | hi-lo.gumbel-kernel : MU (LOCATION): 0.0 | BETA (SCALE): 1.0
2023-10-13 21:58:34,235 | INFO | hi-lo.gumbel-kernel : BOTTOM-RIGHT
tensor([[8.5377e-26, 2.2609e-10, 2.0072e-04],
        [2.2609e-10, 2.0072e-04, 5.8259e-02],
        [2.0072e-04, 5.8259e-02, 8.8288e-01]])
2023-10-13 21:58:34,235 | INFO | hi-lo.kernel-accessor : Fetching kernel: gumbel
2023-10-13 21:58:34,235 | INFO | hi-lo.gumbel-kernel : MU (LOCATION): 0.0 | BETA (SCALE): 1.0
2023-10-13 21:58:34,236 | INFO | hi-lo.gumbel-kernel : TOP-RIGHT
tensor([[2.0072e-04, 5.8259e-02, 8.8288e-01],
        [2.2609e-10, 2.0072e-04, 5.8259e-02],
        [8.5377e-26, 2.2609e-10, 2.0072e-04]])
2023-10-13 21:58:43,141 | INFO | hi-lo : END EPOCH:   1 | ACCURACY: 98.44 | LOSS: 0.11906848847866058
2023-10-13 21:58:43,141 | INFO | hi-lo : BEGIN EPOCH 2 =========================================================================
2023-10-13 21:58:43,142 | INFO | hi-lo.kernel-accessor : Fetching kernel: gumbel
2023-10-13 21:58:43,142 | INFO | hi-lo.gumbel-kernel : MU (LOCATION): 1 | BETA (SCALE): 1
2023-10-13 21:58:43,143 | INFO | hi-lo.gumbel-kernel : STATIC
tensor([[5.6765e-01, 1.6550e-01, 3.2357e-02],
        [1.6550e-01, 3.2357e-02, 2.1352e-03],
        [3.2357e-02, 2.1352e-03, 7.3562e-06]])
2023-10-13 21:58:43,143 | INFO | hi-lo.kernel-accessor : Fetching kernel: gumbel
2023-10-13 21:58:43,144 | INFO | hi-lo.gumbel-kernel : MU (LOCATION): -0.5975814461708069 | BETA (SCALE): 0.6326882243156433
2023-10-13 21:58:43,144 | INFO | hi-lo.gumbel-kernel : TOP-RIGHT
tensor([[0.0000e+00, 1.7162e-12, 1.0000e+00],
        [0.0000e+00, 0.0000e+00, 1.7162e-12],
        [0.0000e+00, 0.0000e+00, 0.0000e+00]])
2023-10-13 21:58:43,144 | INFO | hi-lo.kernel-accessor : Fetching kernel: gumbel
2023-10-13 21:58:43,145 | INFO | hi-lo.gumbel-kernel : MU (LOCATION): 1 | BETA (SCALE): 1
2023-10-13 21:58:43,145 | INFO | hi-lo.gumbel-kernel : STATIC
tensor([[5.6765e-01, 1.6550e-01, 3.2357e-02],
        [1.6550e-01, 3.2357e-02, 2.1352e-03],
        [3.2357e-02, 2.1352e-03, 7.3562e-06]])
2023-10-13 21:58:43,145 | INFO | hi-lo.kernel-accessor : Fetching kernel: gumbel
2023-10-13 21:58:43,146 | INFO | hi-lo.gumbel-kernel : MU (LOCATION): 1 | BETA (SCALE): 1
2023-10-13 21:58:43,147 | INFO | hi-lo.gumbel-kernel : STATIC
tensor([[5.6765e-01, 1.6550e-01, 3.2357e-02],
        [1.6550e-01, 3.2357e-02, 2.1352e-03],
        [3.2357e-02, 2.1352e-03, 7.3562e-06]])
2023-10-13 21:58:51,274 | INFO | hi-lo : END EPOCH:   2 | ACCURACY: 98.96 | LOSS: 0.06503645330667496
2023-10-13 21:58:51,274 | INFO | hi-lo : BEGIN EPOCH 3 =========================================================================
2023-10-13 21:58:51,274 | INFO | hi-lo.kernel-accessor : Fetching kernel: gumbel
2023-10-13 21:58:51,275 | INFO | hi-lo.gumbel-kernel : MU (LOCATION): -0.7599495649337769 | BETA (SCALE): 0.5971529483795166
2023-10-13 21:58:51,276 | INFO | hi-lo.gumbel-kernel : TOP-RIGHT
tensor([[0.0000e+00, 1.8454e-25, 1.0000e+00],
        [0.0000e+00, 0.0000e+00, 1.8454e-25],
        [0.0000e+00, 0.0000e+00, 0.0000e+00]])
2023-10-13 21:58:51,276 | INFO | hi-lo.kernel-accessor : Fetching kernel: gumbel
2023-10-13 21:58:51,276 | INFO | hi-lo.gumbel-kernel : MU (LOCATION): 1 | BETA (SCALE): 1
2023-10-13 21:58:51,277 | INFO | hi-lo.gumbel-kernel : STATIC
tensor([[5.6765e-01, 1.6550e-01, 3.2357e-02],
        [1.6550e-01, 3.2357e-02, 2.1352e-03],
        [3.2357e-02, 2.1352e-03, 7.3562e-06]])
2023-10-13 21:58:51,277 | INFO | hi-lo.kernel-accessor : Fetching kernel: gumbel
2023-10-13 21:58:51,277 | INFO | hi-lo.gumbel-kernel : MU (LOCATION): -0.5304083824157715 | BETA (SCALE): 1.1794764995574951
2023-10-13 21:58:51,277 | INFO | hi-lo.gumbel-kernel : TOP-RIGHT
tensor([[3.1544e-06, 1.5606e-02, 9.6878e-01],
        [2.3202e-14, 3.1544e-06, 1.5606e-02],
        [7.3928e-33, 2.3202e-14, 3.1544e-06]])
2023-10-13 21:58:51,278 | INFO | hi-lo.kernel-accessor : Fetching kernel: gumbel
2023-10-13 21:58:51,278 | INFO | hi-lo.gumbel-kernel : MU (LOCATION): 1 | BETA (SCALE): 1
2023-10-13 21:58:51,278 | INFO | hi-lo.gumbel-kernel : STATIC
tensor([[5.6765e-01, 1.6550e-01, 3.2357e-02],
        [1.6550e-01, 3.2357e-02, 2.1352e-03],
        [3.2357e-02, 2.1352e-03, 7.3562e-06]])
2023-10-13 21:58:59,410 | INFO | hi-lo : END EPOCH:   3 | ACCURACY: 98.44 | LOSS: 0.06369149684906006
2023-10-13 21:58:59,410 | INFO | hi-lo : BEGIN EPOCH 4 =========================================================================
2023-10-13 21:58:59,410 | INFO | hi-lo.kernel-accessor : Fetching kernel: gumbel
2023-10-13 21:58:59,411 | INFO | hi-lo.gumbel-kernel : MU (LOCATION): 1 | BETA (SCALE): 1
2023-10-13 21:58:59,411 | INFO | hi-lo.gumbel-kernel : STATIC
tensor([[5.6765e-01, 1.6550e-01, 3.2357e-02],
        [1.6550e-01, 3.2357e-02, 2.1352e-03],
        [3.2357e-02, 2.1352e-03, 7.3562e-06]])
2023-10-13 21:58:59,411 | INFO | hi-lo.kernel-accessor : Fetching kernel: gumbel
2023-10-13 21:58:59,412 | INFO | hi-lo.gumbel-kernel : MU (LOCATION): 1 | BETA (SCALE): 1
2023-10-13 21:58:59,412 | INFO | hi-lo.gumbel-kernel : STATIC
tensor([[5.6765e-01, 1.6550e-01, 3.2357e-02],
        [1.6550e-01, 3.2357e-02, 2.1352e-03],
        [3.2357e-02, 2.1352e-03, 7.3562e-06]])
2023-10-13 21:58:59,413 | INFO | hi-lo.kernel-accessor : Fetching kernel: gumbel
2023-10-13 21:58:59,413 | INFO | hi-lo.gumbel-kernel : MU (LOCATION): -0.45401856303215027 | BETA (SCALE): 1.2352697849273682
2023-10-13 21:58:59,414 | INFO | hi-lo.gumbel-kernel : TOP-RIGHT
tensor([[3.9989e-05, 3.0986e-02, 9.3791e-01],
        [3.5365e-11, 3.9989e-05, 3.0986e-02],
        [2.4312e-24, 3.5365e-11, 3.9989e-05]])
2023-10-13 21:58:59,414 | INFO | hi-lo.kernel-accessor : Fetching kernel: gumbel
2023-10-13 21:58:59,414 | INFO | hi-lo.gumbel-kernel : MU (LOCATION): -1.1468307971954346 | BETA (SCALE): 2.0069761276245117
2023-10-13 21:58:59,415 | INFO | hi-lo.gumbel-kernel : BOTTOM-RIGHT
tensor([[2.7349e-10, 3.7552e-06, 1.4912e-03],
        [3.7552e-06, 1.4912e-03, 6.8791e-02],
        [1.4912e-03, 6.8791e-02, 8.5794e-01]])
2023-10-13 21:59:07,534 | INFO | hi-lo : END EPOCH:   4 | ACCURACY: 98.44 | LOSS: 0.090810127556324
2023-10-13 21:59:07,534 | INFO | hi-lo : BEGIN EPOCH 5 =========================================================================
2023-10-13 21:59:07,534 | INFO | hi-lo.kernel-accessor : Fetching kernel: gumbel
2023-10-13 21:59:07,535 | INFO | hi-lo.gumbel-kernel : MU (LOCATION): 1 | BETA (SCALE): 1
2023-10-13 21:59:07,535 | INFO | hi-lo.gumbel-kernel : STATIC
tensor([[5.6765e-01, 1.6550e-01, 3.2357e-02],
        [1.6550e-01, 3.2357e-02, 2.1352e-03],
        [3.2357e-02, 2.1352e-03, 7.3562e-06]])
2023-10-13 21:59:07,535 | INFO | hi-lo.kernel-accessor : Fetching kernel: gumbel
2023-10-13 21:59:07,536 | INFO | hi-lo.gumbel-kernel : MU (LOCATION): 1 | BETA (SCALE): 1
2023-10-13 21:59:07,536 | INFO | hi-lo.gumbel-kernel : STATIC
tensor([[5.6765e-01, 1.6550e-01, 3.2357e-02],
        [1.6550e-01, 3.2357e-02, 2.1352e-03],
        [3.2357e-02, 2.1352e-03, 7.3562e-06]])
2023-10-13 21:59:07,536 | INFO | hi-lo.kernel-accessor : Fetching kernel: gumbel
2023-10-13 21:59:07,536 | INFO | hi-lo.gumbel-kernel : MU (LOCATION): 1 | BETA (SCALE): 1
2023-10-13 21:59:07,536 | INFO | hi-lo.gumbel-kernel : STATIC
tensor([[5.6765e-01, 1.6550e-01, 3.2357e-02],
        [1.6550e-01, 3.2357e-02, 2.1352e-03],
        [3.2357e-02, 2.1352e-03, 7.3562e-06]])
2023-10-13 21:59:07,536 | INFO | hi-lo.kernel-accessor : Fetching kernel: gumbel
2023-10-13 21:59:07,537 | INFO | hi-lo.gumbel-kernel : MU (LOCATION): -0.5260105133056641 | BETA (SCALE): 1.0742828845977783
2023-10-13 21:59:07,537 | INFO | hi-lo.gumbel-kernel : BOTTOM-RIGHT
tensor([[0.0000e+00, 1.1573e-19, 7.9708e-08],
        [1.1573e-19, 7.9708e-08, 6.5037e-03],
        [7.9708e-08, 6.5037e-03, 9.8699e-01]])
2023-10-13 21:59:15,723 | INFO | hi-lo : END EPOCH:   5 | ACCURACY: 100.0 | LOSS: 0.05408016964793205
2023-10-13 21:59:15,723 | INFO | hi-lo : BEGIN EPOCH 6 =========================================================================
2023-10-13 21:59:15,723 | INFO | hi-lo.kernel-accessor : Fetching kernel: gumbel
2023-10-13 21:59:15,724 | INFO | hi-lo.gumbel-kernel : MU (LOCATION): 1 | BETA (SCALE): 1
2023-10-13 21:59:15,725 | INFO | hi-lo.gumbel-kernel : STATIC
tensor([[5.6765e-01, 1.6550e-01, 3.2357e-02],
        [1.6550e-01, 3.2357e-02, 2.1352e-03],
        [3.2357e-02, 2.1352e-03, 7.3562e-06]])
2023-10-13 21:59:15,725 | INFO | hi-lo.kernel-accessor : Fetching kernel: gumbel
2023-10-13 21:59:15,725 | INFO | hi-lo.gumbel-kernel : MU (LOCATION): -0.5396091341972351 | BETA (SCALE): 0.6780822277069092
2023-10-13 21:59:15,726 | INFO | hi-lo.gumbel-kernel : BOTTOM-RIGHT
tensor([[0.0000e+00, 0.0000e+00, 1.3186e-40],
        [0.0000e+00, 1.3186e-40, 1.4838e-08],
        [1.3186e-40, 1.4838e-08, 1.0000e+00]])
2023-10-13 21:59:15,726 | INFO | hi-lo.kernel-accessor : Fetching kernel: gumbel
2023-10-13 21:59:15,727 | INFO | hi-lo.gumbel-kernel : MU (LOCATION): -0.35890379548072815 | BETA (SCALE): 0.8483162522315979
2023-10-13 21:59:15,727 | INFO | hi-lo.gumbel-kernel : BOTTOM-RIGHT
tensor([[0.0000e+00, 5.1571e-36, 1.9604e-11],
        [5.1571e-36, 1.9604e-11, 1.6170e-03],
        [1.9604e-11, 1.6170e-03, 9.9677e-01]])
2023-10-13 21:59:15,727 | INFO | hi-lo.kernel-accessor : Fetching kernel: gumbel
2023-10-13 21:59:15,728 | INFO | hi-lo.gumbel-kernel : MU (LOCATION): -0.36931437253952026 | BETA (SCALE): 0.8959658145904541
2023-10-13 21:59:15,728 | INFO | hi-lo.gumbel-kernel : BOTTOM-RIGHT
tensor([[0.0000e+00, 2.2441e-29, 6.1254e-10],
        [2.2441e-29, 6.1254e-10, 3.0156e-03],
        [6.1254e-10, 3.0156e-03, 9.9397e-01]])
2023-10-13 21:59:23,922 | INFO | hi-lo : END EPOCH:   6 | ACCURACY: 98.44 | LOSS: 0.031687431037425995
2023-10-13 21:59:23,922 | INFO | hi-lo : BEGIN EPOCH 7 =========================================================================
2023-10-13 21:59:23,923 | INFO | hi-lo.kernel-accessor : Fetching kernel: gumbel
2023-10-13 21:59:23,923 | INFO | hi-lo.gumbel-kernel : MU (LOCATION): -0.7375068664550781 | BETA (SCALE): 0.6195296049118042
2023-10-13 21:59:23,923 | INFO | hi-lo.gumbel-kernel : TOP-RIGHT
tensor([[0.0000e+00, 2.5258e-20, 1.0000e+00],
        [0.0000e+00, 0.0000e+00, 2.5258e-20],
        [0.0000e+00, 0.0000e+00, 0.0000e+00]])
2023-10-13 21:59:23,924 | INFO | hi-lo.kernel-accessor : Fetching kernel: gumbel
2023-10-13 21:59:23,924 | INFO | hi-lo.gumbel-kernel : MU (LOCATION): 1 | BETA (SCALE): 1
2023-10-13 21:59:23,924 | INFO | hi-lo.gumbel-kernel : STATIC
tensor([[5.6765e-01, 1.6550e-01, 3.2357e-02],
        [1.6550e-01, 3.2357e-02, 2.1352e-03],
        [3.2357e-02, 2.1352e-03, 7.3562e-06]])
2023-10-13 21:59:23,924 | INFO | hi-lo.kernel-accessor : Fetching kernel: gumbel
2023-10-13 21:59:23,924 | INFO | hi-lo.gumbel-kernel : MU (LOCATION): -0.3243614137172699 | BETA (SCALE): 0.7566019892692566
2023-10-13 21:59:23,925 | INFO | hi-lo.gumbel-kernel : BOTTOM-RIGHT
tensor([[0.0000e+00, 0.0000e+00, 3.0320e-15],
        [0.0000e+00, 3.0320e-15, 4.0813e-04],
        [3.0320e-15, 4.0813e-04, 9.9918e-01]])
2023-10-13 21:59:23,925 | INFO | hi-lo.kernel-accessor : Fetching kernel: gumbel
2023-10-13 21:59:23,925 | INFO | hi-lo.gumbel-kernel : MU (LOCATION): -0.5622841715812683 | BETA (SCALE): 1.0120333433151245
2023-10-13 21:59:23,925 | INFO | hi-lo.gumbel-kernel : TOP-RIGHT
tensor([[8.6957e-10, 2.2093e-03, 9.9558e-01],
        [2.8719e-26, 8.6957e-10, 2.2093e-03],
        [0.0000e+00, 2.8719e-26, 8.6957e-10]])
2023-10-13 21:59:32,084 | INFO | hi-lo : END EPOCH:   7 | ACCURACY: 97.85 | LOSS: 0.1747387796640396
2023-10-13 21:59:32,084 | INFO | hi-lo : BEGIN EPOCH 8 =========================================================================
2023-10-13 21:59:32,084 | INFO | hi-lo.kernel-accessor : Fetching kernel: gumbel
2023-10-13 21:59:32,085 | INFO | hi-lo.gumbel-kernel : MU (LOCATION): -0.7364514470100403 | BETA (SCALE): 0.6188448667526245
2023-10-13 21:59:32,085 | INFO | hi-lo.gumbel-kernel : BOTTOM-RIGHT
tensor([[0.0000e+00, 0.0000e+00, 0.0000e+00],
        [0.0000e+00, 0.0000e+00, 2.3668e-20],
        [0.0000e+00, 2.3668e-20, 1.0000e+00]])
2023-10-13 21:59:32,085 | INFO | hi-lo.kernel-accessor : Fetching kernel: gumbel
2023-10-13 21:59:32,085 | INFO | hi-lo.gumbel-kernel : MU (LOCATION): 1 | BETA (SCALE): 1
2023-10-13 21:59:32,086 | INFO | hi-lo.gumbel-kernel : STATIC
tensor([[5.6765e-01, 1.6550e-01, 3.2357e-02],
        [1.6550e-01, 3.2357e-02, 2.1352e-03],
        [3.2357e-02, 2.1352e-03, 7.3562e-06]])
2023-10-13 21:59:32,086 | INFO | hi-lo.kernel-accessor : Fetching kernel: gumbel
2023-10-13 21:59:32,086 | INFO | hi-lo.gumbel-kernel : MU (LOCATION): 1 | BETA (SCALE): 1
2023-10-13 21:59:32,086 | INFO | hi-lo.gumbel-kernel : STATIC
tensor([[5.6765e-01, 1.6550e-01, 3.2357e-02],
        [1.6550e-01, 3.2357e-02, 2.1352e-03],
        [3.2357e-02, 2.1352e-03, 7.3562e-06]])
2023-10-13 21:59:32,086 | INFO | hi-lo.kernel-accessor : Fetching kernel: gumbel
2023-10-13 21:59:32,086 | INFO | hi-lo.gumbel-kernel : MU (LOCATION): 1 | BETA (SCALE): 1
2023-10-13 21:59:32,087 | INFO | hi-lo.gumbel-kernel : STATIC
tensor([[5.6765e-01, 1.6550e-01, 3.2357e-02],
        [1.6550e-01, 3.2357e-02, 2.1352e-03],
        [3.2357e-02, 2.1352e-03, 7.3562e-06]])
2023-10-13 21:59:40,313 | INFO | hi-lo : END EPOCH:   8 | ACCURACY: 98.44 | LOSS: 0.05618145689368248
2023-10-13 21:59:40,313 | INFO | hi-lo : BEGIN EPOCH 9 =========================================================================
2023-10-13 21:59:40,313 | INFO | hi-lo.kernel-accessor : Fetching kernel: gumbel
2023-10-13 21:59:40,314 | INFO | hi-lo.gumbel-kernel : MU (LOCATION): -0.7078530788421631 | BETA (SCALE): 0.6488789319992065
2023-10-13 21:59:40,315 | INFO | hi-lo.gumbel-kernel : TOP-RIGHT
tensor([[0.0000e+00, 1.6092e-15, 1.0000e+00],
        [0.0000e+00, 0.0000e+00, 1.6092e-15],
        [0.0000e+00, 0.0000e+00, 0.0000e+00]])
2023-10-13 21:59:40,315 | INFO | hi-lo.kernel-accessor : Fetching kernel: gumbel
2023-10-13 21:59:40,315 | INFO | hi-lo.gumbel-kernel : MU (LOCATION): -0.7739790678024292 | BETA (SCALE): 0.8216720819473267
2023-10-13 21:59:40,316 | INFO | hi-lo.gumbel-kernel : BOTTOM-RIGHT
tensor([[0.0000e+00, 0.0000e+00, 1.6304e-31],
        [0.0000e+00, 1.6305e-31, 4.7777e-08],
        [1.6304e-31, 4.7777e-08, 1.0000e+00]])
2023-10-13 21:59:40,316 | INFO | hi-lo.kernel-accessor : Fetching kernel: gumbel
2023-10-13 21:59:40,316 | INFO | hi-lo.gumbel-kernel : MU (LOCATION): 1 | BETA (SCALE): 1
2023-10-13 21:59:40,317 | INFO | hi-lo.gumbel-kernel : STATIC
tensor([[5.6765e-01, 1.6550e-01, 3.2357e-02],
        [1.6550e-01, 3.2357e-02, 2.1352e-03],
        [3.2357e-02, 2.1352e-03, 7.3562e-06]])
2023-10-13 21:59:40,317 | INFO | hi-lo.kernel-accessor : Fetching kernel: gumbel
2023-10-13 21:59:40,317 | INFO | hi-lo.gumbel-kernel : MU (LOCATION): -0.8738895654678345 | BETA (SCALE): 1.948702335357666
2023-10-13 21:59:40,318 | INFO | hi-lo.gumbel-kernel : TOP-RIGHT
tensor([[3.5666e-03, 9.2902e-02, 8.0345e-01],
        [2.1706e-05, 3.5666e-03, 9.2902e-02],
        [6.0894e-09, 2.1706e-05, 3.5666e-03]])
2023-10-13 21:59:48,505 | INFO | hi-lo : END EPOCH:   9 | ACCURACY: 12.5 | LOSS: nan
2023-10-13 21:59:48,505 | INFO | hi-lo : BEGIN EPOCH 10 =========================================================================
2023-10-13 21:59:48,506 | INFO | hi-lo.kernel-accessor : Fetching kernel: gumbel
2023-10-13 21:59:48,506 | INFO | hi-lo.gumbel-kernel : MU (LOCATION): -0.752841055393219 | BETA (SCALE): 0.5997646450996399
2023-10-13 21:59:48,507 | INFO | hi-lo.gumbel-kernel : TOP-RIGHT
tensor([[0.0000e+00, 1.9831e-24, 1.0000e+00],
        [0.0000e+00, 0.0000e+00, 1.9831e-24],
        [0.0000e+00, 0.0000e+00, 0.0000e+00]])
2023-10-13 21:59:48,507 | INFO | hi-lo.kernel-accessor : Fetching kernel: gumbel
2023-10-13 21:59:48,508 | INFO | hi-lo.gumbel-kernel : MU (LOCATION): 1 | BETA (SCALE): 1
2023-10-13 21:59:48,508 | INFO | hi-lo.gumbel-kernel : STATIC
tensor([[5.6765e-01, 1.6550e-01, 3.2357e-02],
        [1.6550e-01, 3.2357e-02, 2.1352e-03],
        [3.2357e-02, 2.1352e-03, 7.3562e-06]])
2023-10-13 21:59:48,508 | INFO | hi-lo.kernel-accessor : Fetching kernel: gumbel
2023-10-13 21:59:48,509 | INFO | hi-lo.gumbel-kernel : MU (LOCATION): 1 | BETA (SCALE): 1
2023-10-13 21:59:48,509 | INFO | hi-lo.gumbel-kernel : STATIC
tensor([[5.6765e-01, 1.6550e-01, 3.2357e-02],
        [1.6550e-01, 3.2357e-02, 2.1352e-03],
        [3.2357e-02, 2.1352e-03, 7.3562e-06]])
2023-10-13 21:59:48,509 | INFO | hi-lo.kernel-accessor : Fetching kernel: gumbel
2023-10-13 21:59:48,510 | INFO | hi-lo.gumbel-kernel : MU (LOCATION): 1 | BETA (SCALE): 1
2023-10-13 21:59:48,510 | INFO | hi-lo.gumbel-kernel : STATIC
tensor([[5.6765e-01, 1.6550e-01, 3.2357e-02],
        [1.6550e-01, 3.2357e-02, 2.1352e-03],
        [3.2357e-02, 2.1352e-03, 7.3562e-06]])
2023-10-13 21:59:56,653 | INFO | hi-lo : END EPOCH:  10 | ACCURACY: 11.72 | LOSS: nan
2023-10-13 21:59:56,653 | INFO | hi-lo : BEGIN EPOCH 11 =========================================================================
2023-10-13 21:59:56,653 | INFO | hi-lo.kernel-accessor : Fetching kernel: gumbel
2023-10-13 21:59:56,654 | INFO | hi-lo.gumbel-kernel : MU (LOCATION): -0.7483661770820618 | BETA (SCALE): 0.6079615950584412
2023-10-13 21:59:56,655 | INFO | hi-lo.gumbel-kernel : TOP-RIGHT
tensor([[0.0000e+00, 9.9141e-23, 1.0000e+00],
        [0.0000e+00, 0.0000e+00, 9.9141e-23],
        [0.0000e+00, 0.0000e+00, 0.0000e+00]])
2023-10-13 21:59:56,655 | INFO | hi-lo.kernel-accessor : Fetching kernel: gumbel
2023-10-13 21:59:56,655 | INFO | hi-lo.gumbel-kernel : MU (LOCATION): 1 | BETA (SCALE): 1
2023-10-13 21:59:56,656 | INFO | hi-lo.gumbel-kernel : STATIC
tensor([[5.6765e-01, 1.6550e-01, 3.2357e-02],
        [1.6550e-01, 3.2357e-02, 2.1352e-03],
        [3.2357e-02, 2.1352e-03, 7.3562e-06]])
2023-10-13 21:59:56,656 | INFO | hi-lo.kernel-accessor : Fetching kernel: gumbel
2023-10-13 21:59:56,656 | INFO | hi-lo.gumbel-kernel : MU (LOCATION): nan | BETA (SCALE): nan
2023-10-13 21:59:56,657 | INFO | hi-lo.gumbel-kernel : TOP-RIGHT
tensor([[nan, nan, nan],
        [nan, nan, nan],
        [nan, nan, nan]])
2023-10-13 21:59:56,657 | INFO | hi-lo.kernel-accessor : Fetching kernel: gumbel
2023-10-13 21:59:56,657 | INFO | hi-lo.gumbel-kernel : MU (LOCATION): nan | BETA (SCALE): nan
2023-10-13 21:59:56,658 | INFO | hi-lo.gumbel-kernel : BOTTOM-RIGHT
tensor([[nan, nan, nan],
        [nan, nan, nan],
        [nan, nan, nan]])
2023-10-13 22:00:04,816 | INFO | hi-lo : END EPOCH:  11 | ACCURACY: 12.5 | LOSS: nan
2023-10-13 22:00:04,816 | INFO | hi-lo : BEGIN EPOCH 12 =========================================================================
2023-10-13 22:00:04,817 | INFO | hi-lo.kernel-accessor : Fetching kernel: gumbel
2023-10-13 22:00:04,817 | INFO | hi-lo.gumbel-kernel : MU (LOCATION): 1 | BETA (SCALE): 1
2023-10-13 22:00:04,817 | INFO | hi-lo.gumbel-kernel : STATIC
tensor([[5.6765e-01, 1.6550e-01, 3.2357e-02],
        [1.6550e-01, 3.2357e-02, 2.1352e-03],
        [3.2357e-02, 2.1352e-03, 7.3562e-06]])
2023-10-13 22:00:04,818 | INFO | hi-lo.kernel-accessor : Fetching kernel: gumbel
2023-10-13 22:00:04,818 | INFO | hi-lo.gumbel-kernel : MU (LOCATION): nan | BETA (SCALE): nan
2023-10-13 22:00:04,818 | INFO | hi-lo.gumbel-kernel : TOP-RIGHT
tensor([[nan, nan, nan],
        [nan, nan, nan],
        [nan, nan, nan]])
2023-10-13 22:00:04,818 | INFO | hi-lo.kernel-accessor : Fetching kernel: gumbel
2023-10-13 22:00:04,818 | INFO | hi-lo.gumbel-kernel : MU (LOCATION): nan | BETA (SCALE): nan
2023-10-13 22:00:04,818 | INFO | hi-lo.gumbel-kernel : TOP-RIGHT
tensor([[nan, nan, nan],
        [nan, nan, nan],
        [nan, nan, nan]])
2023-10-13 22:00:04,818 | INFO | hi-lo.kernel-accessor : Fetching kernel: gumbel
2023-10-13 22:00:04,819 | INFO | hi-lo.gumbel-kernel : MU (LOCATION): nan | BETA (SCALE): nan
2023-10-13 22:00:04,819 | INFO | hi-lo.gumbel-kernel : TOP-RIGHT
tensor([[nan, nan, nan],
        [nan, nan, nan],
        [nan, nan, nan]])
2023-10-13 22:00:13,094 | INFO | hi-lo : END EPOCH:  12 | ACCURACY: 11.88 | LOSS: nan
2023-10-13 22:00:13,094 | INFO | hi-lo : BEGIN EPOCH 13 =========================================================================
2023-10-13 22:00:13,094 | INFO | hi-lo.kernel-accessor : Fetching kernel: gumbel
2023-10-13 22:00:13,095 | INFO | hi-lo.gumbel-kernel : MU (LOCATION): -0.7197328805923462 | BETA (SCALE): 0.6402528882026672
2023-10-13 22:00:13,096 | INFO | hi-lo.gumbel-kernel : TOP-RIGHT
tensor([[0.0000e+00, 6.6580e-17, 1.0000e+00],
        [0.0000e+00, 0.0000e+00, 6.6580e-17],
        [0.0000e+00, 0.0000e+00, 0.0000e+00]])
2023-10-13 22:00:13,096 | INFO | hi-lo.kernel-accessor : Fetching kernel: gumbel
2023-10-13 22:00:13,096 | INFO | hi-lo.gumbel-kernel : MU (LOCATION): nan | BETA (SCALE): nan
2023-10-13 22:00:13,097 | INFO | hi-lo.gumbel-kernel : BOTTOM-RIGHT
tensor([[nan, nan, nan],
        [nan, nan, nan],
        [nan, nan, nan]])
2023-10-13 22:00:13,097 | INFO | hi-lo.kernel-accessor : Fetching kernel: gumbel
2023-10-13 22:00:13,097 | INFO | hi-lo.gumbel-kernel : MU (LOCATION): nan | BETA (SCALE): nan
2023-10-13 22:00:13,097 | INFO | hi-lo.gumbel-kernel : TOP-RIGHT
tensor([[nan, nan, nan],
        [nan, nan, nan],
        [nan, nan, nan]])
2023-10-13 22:00:13,098 | INFO | hi-lo.kernel-accessor : Fetching kernel: gumbel
2023-10-13 22:00:13,098 | INFO | hi-lo.gumbel-kernel : MU (LOCATION): nan | BETA (SCALE): nan
2023-10-13 22:00:13,098 | INFO | hi-lo.gumbel-kernel : BOTTOM-RIGHT
tensor([[nan, nan, nan],
        [nan, nan, nan],
        [nan, nan, nan]])
2023-10-13 22:00:21,300 | INFO | hi-lo : END EPOCH:  13 | ACCURACY: 10.94 | LOSS: nan
2023-10-13 22:00:21,300 | INFO | hi-lo : BEGIN EPOCH 14 =========================================================================
2023-10-13 22:00:21,300 | INFO | hi-lo.kernel-accessor : Fetching kernel: gumbel
2023-10-13 22:00:21,301 | INFO | hi-lo.gumbel-kernel : MU (LOCATION): 1 | BETA (SCALE): 1
2023-10-13 22:00:21,302 | INFO | hi-lo.gumbel-kernel : STATIC
tensor([[5.6765e-01, 1.6550e-01, 3.2357e-02],
        [1.6550e-01, 3.2357e-02, 2.1352e-03],
        [3.2357e-02, 2.1352e-03, 7.3562e-06]])
2023-10-13 22:00:21,302 | INFO | hi-lo.kernel-accessor : Fetching kernel: gumbel
2023-10-13 22:00:21,302 | INFO | hi-lo.gumbel-kernel : MU (LOCATION): nan | BETA (SCALE): nan
2023-10-13 22:00:21,302 | INFO | hi-lo.gumbel-kernel : BOTTOM-RIGHT
tensor([[nan, nan, nan],
        [nan, nan, nan],
        [nan, nan, nan]])
2023-10-13 22:00:21,303 | INFO | hi-lo.kernel-accessor : Fetching kernel: gumbel
2023-10-13 22:00:21,303 | INFO | hi-lo.gumbel-kernel : MU (LOCATION): nan | BETA (SCALE): nan
2023-10-13 22:00:21,303 | INFO | hi-lo.gumbel-kernel : TOP-RIGHT
tensor([[nan, nan, nan],
        [nan, nan, nan],
        [nan, nan, nan]])
2023-10-13 22:00:21,303 | INFO | hi-lo.kernel-accessor : Fetching kernel: gumbel
2023-10-13 22:00:21,304 | INFO | hi-lo.gumbel-kernel : MU (LOCATION): nan | BETA (SCALE): nan
2023-10-13 22:00:21,304 | INFO | hi-lo.gumbel-kernel : BOTTOM-RIGHT
tensor([[nan, nan, nan],
        [nan, nan, nan],
        [nan, nan, nan]])
2023-10-13 22:00:29,655 | INFO | hi-lo : END EPOCH:  14 | ACCURACY: 10.94 | LOSS: nan
2023-10-13 22:00:29,655 | INFO | hi-lo : BEGIN EPOCH 15 =========================================================================
2023-10-13 22:00:29,655 | INFO | hi-lo.kernel-accessor : Fetching kernel: gumbel
2023-10-13 22:00:29,656 | INFO | hi-lo.gumbel-kernel : MU (LOCATION): -0.7743528485298157 | BETA (SCALE): 0.5733420848846436
2023-10-13 22:00:29,656 | INFO | hi-lo.gumbel-kernel : BOTTOM-RIGHT
tensor([[0.0000e+00, 0.0000e+00, 0.0000e+00],
        [0.0000e+00, 0.0000e+00, 4.9849e-32],
        [0.0000e+00, 4.9849e-32, 1.0000e+00]])
2023-10-13 22:00:29,656 | INFO | hi-lo.kernel-accessor : Fetching kernel: gumbel
2023-10-13 22:00:29,657 | INFO | hi-lo.gumbel-kernel : MU (LOCATION): nan | BETA (SCALE): nan
2023-10-13 22:00:29,657 | INFO | hi-lo.gumbel-kernel : BOTTOM-RIGHT
tensor([[nan, nan, nan],
        [nan, nan, nan],
        [nan, nan, nan]])
2023-10-13 22:00:29,657 | INFO | hi-lo.kernel-accessor : Fetching kernel: gumbel
2023-10-13 22:00:29,658 | INFO | hi-lo.gumbel-kernel : MU (LOCATION): nan | BETA (SCALE): nan
2023-10-13 22:00:29,658 | INFO | hi-lo.gumbel-kernel : BOTTOM-RIGHT
tensor([[nan, nan, nan],
        [nan, nan, nan],
        [nan, nan, nan]])
2023-10-13 22:00:29,658 | INFO | hi-lo.kernel-accessor : Fetching kernel: gumbel
2023-10-13 22:00:29,659 | INFO | hi-lo.gumbel-kernel : MU (LOCATION): 1 | BETA (SCALE): 1
2023-10-13 22:00:29,659 | INFO | hi-lo.gumbel-kernel : STATIC
tensor([[5.6765e-01, 1.6550e-01, 3.2357e-02],
        [1.6550e-01, 3.2357e-02, 2.1352e-03],
        [3.2357e-02, 2.1352e-03, 7.3562e-06]])
2023-10-13 22:00:38,106 | INFO | hi-lo : END EPOCH:  15 | ACCURACY: 10.27 | LOSS: nan
2023-10-13 22:00:38,106 | INFO | hi-lo : BEGIN EPOCH 16 =========================================================================
2023-10-13 22:00:38,106 | INFO | hi-lo.kernel-accessor : Fetching kernel: gumbel
2023-10-13 22:00:38,107 | INFO | hi-lo.gumbel-kernel : MU (LOCATION): -0.7355486154556274 | BETA (SCALE): 0.6210162043571472
2023-10-13 22:00:38,108 | INFO | hi-lo.gumbel-kernel : BOTTOM-RIGHT
tensor([[0.0000e+00, 0.0000e+00, 0.0000e+00],
        [0.0000e+00, 0.0000e+00, 5.2419e-20],
        [0.0000e+00, 5.2419e-20, 1.0000e+00]])
2023-10-13 22:00:38,108 | INFO | hi-lo.kernel-accessor : Fetching kernel: gumbel
2023-10-13 22:00:38,108 | INFO | hi-lo.gumbel-kernel : MU (LOCATION): nan | BETA (SCALE): nan
2023-10-13 22:00:38,109 | INFO | hi-lo.gumbel-kernel : BOTTOM-RIGHT
tensor([[nan, nan, nan],
        [nan, nan, nan],
        [nan, nan, nan]])
2023-10-13 22:00:38,109 | INFO | hi-lo.kernel-accessor : Fetching kernel: gumbel
2023-10-13 22:00:38,109 | INFO | hi-lo.gumbel-kernel : MU (LOCATION): 1 | BETA (SCALE): 1
2023-10-13 22:00:38,110 | INFO | hi-lo.gumbel-kernel : STATIC
tensor([[5.6765e-01, 1.6550e-01, 3.2357e-02],
        [1.6550e-01, 3.2357e-02, 2.1352e-03],
        [3.2357e-02, 2.1352e-03, 7.3562e-06]])
2023-10-13 22:00:38,110 | INFO | hi-lo.kernel-accessor : Fetching kernel: gumbel
2023-10-13 22:00:38,110 | INFO | hi-lo.gumbel-kernel : MU (LOCATION): nan | BETA (SCALE): nan
2023-10-13 22:00:38,111 | INFO | hi-lo.gumbel-kernel : BOTTOM-RIGHT
tensor([[nan, nan, nan],
        [nan, nan, nan],
        [nan, nan, nan]])
2023-10-13 22:00:46,381 | INFO | hi-lo : END EPOCH:  16 | ACCURACY: 10.94 | LOSS: nan
2023-10-13 22:00:46,381 | INFO | hi-lo : BEGIN EPOCH 17 =========================================================================
2023-10-13 22:00:46,381 | INFO | hi-lo.kernel-accessor : Fetching kernel: gumbel
2023-10-13 22:00:46,382 | INFO | hi-lo.gumbel-kernel : MU (LOCATION): 1 | BETA (SCALE): 1
2023-10-13 22:00:46,382 | INFO | hi-lo.gumbel-kernel : STATIC
tensor([[5.6765e-01, 1.6550e-01, 3.2357e-02],
        [1.6550e-01, 3.2357e-02, 2.1352e-03],
        [3.2357e-02, 2.1352e-03, 7.3562e-06]])
2023-10-13 22:00:46,382 | INFO | hi-lo.kernel-accessor : Fetching kernel: gumbel
2023-10-13 22:00:46,383 | INFO | hi-lo.gumbel-kernel : MU (LOCATION): nan | BETA (SCALE): nan
2023-10-13 22:00:46,383 | INFO | hi-lo.gumbel-kernel : BOTTOM-RIGHT
tensor([[nan, nan, nan],
        [nan, nan, nan],
        [nan, nan, nan]])
2023-10-13 22:00:46,383 | INFO | hi-lo.kernel-accessor : Fetching kernel: gumbel
2023-10-13 22:00:46,384 | INFO | hi-lo.gumbel-kernel : MU (LOCATION): nan | BETA (SCALE): nan
2023-10-13 22:00:46,384 | INFO | hi-lo.gumbel-kernel : BOTTOM-RIGHT
tensor([[nan, nan, nan],
        [nan, nan, nan],
        [nan, nan, nan]])
2023-10-13 22:00:46,384 | INFO | hi-lo.kernel-accessor : Fetching kernel: gumbel
2023-10-13 22:00:46,385 | INFO | hi-lo.gumbel-kernel : MU (LOCATION): nan | BETA (SCALE): nan
2023-10-13 22:00:46,385 | INFO | hi-lo.gumbel-kernel : TOP-RIGHT
tensor([[nan, nan, nan],
        [nan, nan, nan],
        [nan, nan, nan]])
2023-10-13 22:00:54,640 | INFO | hi-lo : END EPOCH:  17 | ACCURACY: 20.31 | LOSS: nan
2023-10-13 22:00:54,640 | INFO | hi-lo : BEGIN EPOCH 18 =========================================================================
2023-10-13 22:00:54,641 | INFO | hi-lo.kernel-accessor : Fetching kernel: gumbel
2023-10-13 22:00:54,642 | INFO | hi-lo.gumbel-kernel : MU (LOCATION): -0.7483035922050476 | BETA (SCALE): 0.6100212931632996
2023-10-13 22:00:54,642 | INFO | hi-lo.gumbel-kernel : BOTTOM-RIGHT
tensor([[0.0000e+00, 0.0000e+00, 0.0000e+00],
        [0.0000e+00, 0.0000e+00, 2.1091e-22],
        [0.0000e+00, 2.1091e-22, 1.0000e+00]])
2023-10-13 22:00:54,642 | INFO | hi-lo.kernel-accessor : Fetching kernel: gumbel
2023-10-13 22:00:54,643 | INFO | hi-lo.gumbel-kernel : MU (LOCATION): nan | BETA (SCALE): nan
2023-10-13 22:00:54,643 | INFO | hi-lo.gumbel-kernel : TOP-RIGHT
tensor([[nan, nan, nan],
        [nan, nan, nan],
        [nan, nan, nan]])
2023-10-13 22:00:54,644 | INFO | hi-lo.kernel-accessor : Fetching kernel: gumbel
2023-10-13 22:00:54,644 | INFO | hi-lo.gumbel-kernel : MU (LOCATION): nan | BETA (SCALE): nan
2023-10-13 22:00:54,644 | INFO | hi-lo.gumbel-kernel : TOP-RIGHT
tensor([[nan, nan, nan],
        [nan, nan, nan],
        [nan, nan, nan]])
2023-10-13 22:00:54,644 | INFO | hi-lo.kernel-accessor : Fetching kernel: gumbel
2023-10-13 22:00:54,645 | INFO | hi-lo.gumbel-kernel : MU (LOCATION): nan | BETA (SCALE): nan
2023-10-13 22:00:54,645 | INFO | hi-lo.gumbel-kernel : TOP-RIGHT
tensor([[nan, nan, nan],
        [nan, nan, nan],
        [nan, nan, nan]])
2023-10-13 22:01:02,936 | INFO | hi-lo : END EPOCH:  18 | ACCURACY: 14.06 | LOSS: nan
2023-10-13 22:01:02,936 | INFO | hi-lo : BEGIN EPOCH 19 =========================================================================
2023-10-13 22:01:02,937 | INFO | hi-lo.kernel-accessor : Fetching kernel: gumbel
2023-10-13 22:01:02,937 | INFO | hi-lo.gumbel-kernel : MU (LOCATION): 1 | BETA (SCALE): 1
2023-10-13 22:01:02,938 | INFO | hi-lo.gumbel-kernel : STATIC
tensor([[5.6765e-01, 1.6550e-01, 3.2357e-02],
        [1.6550e-01, 3.2357e-02, 2.1352e-03],
        [3.2357e-02, 2.1352e-03, 7.3562e-06]])
2023-10-13 22:01:02,938 | INFO | hi-lo.kernel-accessor : Fetching kernel: gumbel
2023-10-13 22:01:02,939 | INFO | hi-lo.gumbel-kernel : MU (LOCATION): nan | BETA (SCALE): nan
2023-10-13 22:01:02,939 | INFO | hi-lo.gumbel-kernel : TOP-RIGHT
tensor([[nan, nan, nan],
        [nan, nan, nan],
        [nan, nan, nan]])
2023-10-13 22:01:02,939 | INFO | hi-lo.kernel-accessor : Fetching kernel: gumbel
2023-10-13 22:01:02,940 | INFO | hi-lo.gumbel-kernel : MU (LOCATION): nan | BETA (SCALE): nan
2023-10-13 22:01:02,940 | INFO | hi-lo.gumbel-kernel : BOTTOM-RIGHT
tensor([[nan, nan, nan],
        [nan, nan, nan],
        [nan, nan, nan]])
2023-10-13 22:01:02,941 | INFO | hi-lo.kernel-accessor : Fetching kernel: gumbel
2023-10-13 22:01:02,941 | INFO | hi-lo.gumbel-kernel : MU (LOCATION): nan | BETA (SCALE): nan
2023-10-13 22:01:02,941 | INFO | hi-lo.gumbel-kernel : BOTTOM-RIGHT
tensor([[nan, nan, nan],
        [nan, nan, nan],
        [nan, nan, nan]])
2023-10-13 22:01:11,291 | INFO | hi-lo : END EPOCH:  19 | ACCURACY: 14.84 | LOSS: nan
2023-10-13 22:01:11,291 | INFO | hi-lo : BEGIN EPOCH 20 =========================================================================
2023-10-13 22:01:11,292 | INFO | hi-lo.kernel-accessor : Fetching kernel: gumbel
2023-10-13 22:01:11,292 | INFO | hi-lo.gumbel-kernel : MU (LOCATION): 1 | BETA (SCALE): 1
2023-10-13 22:01:11,292 | INFO | hi-lo.gumbel-kernel : STATIC
tensor([[5.6765e-01, 1.6550e-01, 3.2357e-02],
        [1.6550e-01, 3.2357e-02, 2.1352e-03],
        [3.2357e-02, 2.1352e-03, 7.3562e-06]])
2023-10-13 22:01:11,292 | INFO | hi-lo.kernel-accessor : Fetching kernel: gumbel
2023-10-13 22:01:11,293 | INFO | hi-lo.gumbel-kernel : MU (LOCATION): nan | BETA (SCALE): nan
2023-10-13 22:01:11,293 | INFO | hi-lo.gumbel-kernel : BOTTOM-RIGHT
tensor([[nan, nan, nan],
        [nan, nan, nan],
        [nan, nan, nan]])
2023-10-13 22:01:11,293 | INFO | hi-lo.kernel-accessor : Fetching kernel: gumbel
2023-10-13 22:01:11,293 | INFO | hi-lo.gumbel-kernel : MU (LOCATION): 1 | BETA (SCALE): 1
2023-10-13 22:01:11,293 | INFO | hi-lo.gumbel-kernel : STATIC
tensor([[5.6765e-01, 1.6550e-01, 3.2357e-02],
        [1.6550e-01, 3.2357e-02, 2.1352e-03],
        [3.2357e-02, 2.1352e-03, 7.3562e-06]])
2023-10-13 22:01:11,294 | INFO | hi-lo.kernel-accessor : Fetching kernel: gumbel
2023-10-13 22:01:11,294 | INFO | hi-lo.gumbel-kernel : MU (LOCATION): 1 | BETA (SCALE): 1
2023-10-13 22:01:11,294 | INFO | hi-lo.gumbel-kernel : STATIC
tensor([[5.6765e-01, 1.6550e-01, 3.2357e-02],
        [1.6550e-01, 3.2357e-02, 2.1352e-03],
        [3.2357e-02, 2.1352e-03, 7.3562e-06]])
2023-10-13 22:01:19,632 | INFO | hi-lo : END EPOCH:  20 | ACCURACY: 10.43 | LOSS: nan
2023-10-13 22:01:19,632 | INFO | hi-lo : BEGIN EPOCH 21 =========================================================================
2023-10-13 22:01:19,632 | INFO | hi-lo.kernel-accessor : Fetching kernel: gumbel
2023-10-13 22:01:19,633 | INFO | hi-lo.gumbel-kernel : MU (LOCATION): 1 | BETA (SCALE): 1
2023-10-13 22:01:19,634 | INFO | hi-lo.gumbel-kernel : STATIC
tensor([[5.6765e-01, 1.6550e-01, 3.2357e-02],
        [1.6550e-01, 3.2357e-02, 2.1352e-03],
        [3.2357e-02, 2.1352e-03, 7.3562e-06]])
2023-10-13 22:01:19,634 | INFO | hi-lo.kernel-accessor : Fetching kernel: gumbel
2023-10-13 22:01:19,634 | INFO | hi-lo.gumbel-kernel : MU (LOCATION): 1 | BETA (SCALE): 1
2023-10-13 22:01:19,635 | INFO | hi-lo.gumbel-kernel : STATIC
tensor([[5.6765e-01, 1.6550e-01, 3.2357e-02],
        [1.6550e-01, 3.2357e-02, 2.1352e-03],
        [3.2357e-02, 2.1352e-03, 7.3562e-06]])
2023-10-13 22:01:19,635 | INFO | hi-lo.kernel-accessor : Fetching kernel: gumbel
2023-10-13 22:01:19,636 | INFO | hi-lo.gumbel-kernel : MU (LOCATION): nan | BETA (SCALE): nan
2023-10-13 22:01:19,636 | INFO | hi-lo.gumbel-kernel : BOTTOM-RIGHT
tensor([[nan, nan, nan],
        [nan, nan, nan],
        [nan, nan, nan]])
2023-10-13 22:01:19,636 | INFO | hi-lo.kernel-accessor : Fetching kernel: gumbel
2023-10-13 22:01:19,637 | INFO | hi-lo.gumbel-kernel : MU (LOCATION): 1 | BETA (SCALE): 1
2023-10-13 22:01:19,637 | INFO | hi-lo.gumbel-kernel : STATIC
tensor([[5.6765e-01, 1.6550e-01, 3.2357e-02],
        [1.6550e-01, 3.2357e-02, 2.1352e-03],
        [3.2357e-02, 2.1352e-03, 7.3562e-06]])
2023-10-13 22:01:28,137 | INFO | hi-lo : END EPOCH:  21 | ACCURACY: 9.86 | LOSS: nan
2023-10-13 22:01:28,137 | INFO | hi-lo : BEGIN EPOCH 22 =========================================================================
2023-10-13 22:01:28,138 | INFO | hi-lo.kernel-accessor : Fetching kernel: gumbel
2023-10-13 22:01:28,138 | INFO | hi-lo.gumbel-kernel : MU (LOCATION): -0.7344400882720947 | BETA (SCALE): 0.6285083293914795
2023-10-13 22:01:28,139 | INFO | hi-lo.gumbel-kernel : BOTTOM-RIGHT
tensor([[0.0000e+00, 0.0000e+00, 0.0000e+00],
        [0.0000e+00, 0.0000e+00, 5.4510e-19],
        [0.0000e+00, 5.4510e-19, 1.0000e+00]])
2023-10-13 22:01:28,139 | INFO | hi-lo.kernel-accessor : Fetching kernel: gumbel
2023-10-13 22:01:28,139 | INFO | hi-lo.gumbel-kernel : MU (LOCATION): 1 | BETA (SCALE): 1
2023-10-13 22:01:28,140 | INFO | hi-lo.gumbel-kernel : STATIC
tensor([[5.6765e-01, 1.6550e-01, 3.2357e-02],
        [1.6550e-01, 3.2357e-02, 2.1352e-03],
        [3.2357e-02, 2.1352e-03, 7.3562e-06]])
2023-10-13 22:01:28,140 | INFO | hi-lo.kernel-accessor : Fetching kernel: gumbel
2023-10-13 22:01:28,141 | INFO | hi-lo.gumbel-kernel : MU (LOCATION): nan | BETA (SCALE): nan
2023-10-13 22:01:28,141 | INFO | hi-lo.gumbel-kernel : BOTTOM-RIGHT
tensor([[nan, nan, nan],
        [nan, nan, nan],
        [nan, nan, nan]])
2023-10-13 22:01:28,141 | INFO | hi-lo.kernel-accessor : Fetching kernel: gumbel
2023-10-13 22:01:28,141 | INFO | hi-lo.gumbel-kernel : MU (LOCATION): nan | BETA (SCALE): nan
2023-10-13 22:01:28,142 | INFO | hi-lo.gumbel-kernel : TOP-RIGHT
tensor([[nan, nan, nan],
        [nan, nan, nan],
        [nan, nan, nan]])
2023-10-13 22:01:36,517 | INFO | hi-lo : END EPOCH:  22 | ACCURACY: 10.23 | LOSS: nan
2023-10-13 22:01:36,518 | INFO | hi-lo : BEGIN EPOCH 23 =========================================================================
2023-10-13 22:01:36,518 | INFO | hi-lo.kernel-accessor : Fetching kernel: gumbel
2023-10-13 22:01:36,518 | INFO | hi-lo.gumbel-kernel : MU (LOCATION): -0.7564756274223328 | BETA (SCALE): 0.5915786027908325
2023-10-13 22:01:36,519 | INFO | hi-lo.gumbel-kernel : BOTTOM-RIGHT
tensor([[0.0000e+00, 0.0000e+00, 0.0000e+00],
        [0.0000e+00, 0.0000e+00, 3.0759e-26],
        [0.0000e+00, 3.0759e-26, 1.0000e+00]])
2023-10-13 22:01:36,519 | INFO | hi-lo.kernel-accessor : Fetching kernel: gumbel
2023-10-13 22:01:36,520 | INFO | hi-lo.gumbel-kernel : MU (LOCATION): nan | BETA (SCALE): nan
