2023-12-09 14:12:05,198 | INFO | hi-lo : 
+==============================================================+
|                                                              |
| ██████╗  █████╗ ██████╗ ██╗         ██╗      █████╗ ██████╗  |
| ██╔══██╗██╔══██╗██╔══██╗██║         ██║     ██╔══██╗██╔══██╗ |
| ██║  ██║███████║██║  ██║██║         ██║     ███████║██████╔╝ |
| ██║  ██║██╔══██║██║  ██║██║         ██║     ██╔══██║██╔══██╗ |
| ██████╔╝██║  ██║██████╔╝███████╗    ███████╗██║  ██║██████╔╝ |
| ╚═════╝ ╚═╝  ╚═╝╚═════╝ ╚══════╝    ╚══════╝╚═╝  ╚═╝╚═════╝  |
|                                                              |
+==============================================================+
|             Hi-Lo Resolution Image Classification            |
|             -------------------------------------            |
|                       Gabriel C. Trahan                      |
|                          Sahan Ahmad                         |
|                       MD  Aminual Islam                      |
+==============================================================+
| MODEL:                 normal | LR:                      0.1 |
| DISTRO:                gumbel | KERNEL TYPE:              10 |
| DATASET:                mnist | BATCH SIZE:               64 |
+=========================================================================+
2023-12-09 14:12:05,198 | INFO | hi-lo : Output directory: output/normal/gumbel/10/mnist/20231209_141205
2023-12-09 14:12:05,198 | INFO | hi-lo.dataset-accessor : Fetching dataset: mnist
2023-12-09 14:12:05,198 | INFO | hi-lo.mnist-dataset : Initializing transform.
2023-12-09 14:12:05,198 | INFO | hi-lo.mnist-dataset : Verifying/downloading train data.
2023-12-09 14:12:05,254 | INFO | hi-lo.mnist-dataset : Verifying/downloading test data.
2023-12-09 14:12:05,260 | INFO | hi-lo.mnist-dataset : Creating train data loader.
2023-12-09 14:12:05,261 | INFO | hi-lo.mnist-dataset : Creating test data loader.
2023-12-09 14:12:06,332 | INFO | hi-lo : Using device: NVIDIA GeForce GTX 1060 6GB
2023-12-09 14:12:06,332 | INFO | hi-lo : Commencing training phase...
2023-12-09 14:12:06,333 | INFO | hi-lo : BEGIN EPOCH 1 =========================================================================
2023-12-09 14:12:06,333 | INFO | hi-lo.kernel-accessor : Fetching kernel: gumbel
2023-12-09 14:12:06,333 | INFO | hi-lo.gumbel-kernel : MU (LOCATION): 1 | BETA (SCALE): 1
2023-12-09 14:12:06,334 | INFO | hi-lo.gumbel-kernel : STATIC
tensor([[5.6765e-01, 1.6550e-01, 3.2357e-02],
        [1.6550e-01, 3.2357e-02, 2.1352e-03],
        [3.2357e-02, 2.1352e-03, 7.3562e-06]])
2023-12-09 14:12:06,334 | INFO | hi-lo.kernel-accessor : Fetching kernel: gumbel
2023-12-09 14:12:06,334 | INFO | hi-lo.gumbel-kernel : MU (LOCATION): 0.0 | BETA (SCALE): 1.0
2023-12-09 14:12:06,335 | INFO | hi-lo.gumbel-kernel : TOP-RIGHT
tensor([[2.0072e-04, 5.8259e-02, 8.8288e-01],
        [2.2609e-10, 2.0072e-04, 5.8259e-02],
        [8.5377e-26, 2.2609e-10, 2.0072e-04]])
2023-12-09 14:12:06,335 | INFO | hi-lo.kernel-accessor : Fetching kernel: gumbel
2023-12-09 14:12:06,335 | INFO | hi-lo.gumbel-kernel : MU (LOCATION): 0.0 | BETA (SCALE): 1.0
2023-12-09 14:12:06,335 | INFO | hi-lo.gumbel-kernel : TOP-RIGHT
tensor([[2.0072e-04, 5.8259e-02, 8.8288e-01],
        [2.2609e-10, 2.0072e-04, 5.8259e-02],
        [8.5377e-26, 2.2609e-10, 2.0072e-04]])
2023-12-09 14:12:06,335 | INFO | hi-lo.kernel-accessor : Fetching kernel: gumbel
2023-12-09 14:12:06,335 | INFO | hi-lo.gumbel-kernel : MU (LOCATION): 1 | BETA (SCALE): 1
2023-12-09 14:12:06,336 | INFO | hi-lo.gumbel-kernel : STATIC
tensor([[5.6765e-01, 1.6550e-01, 3.2357e-02],
        [1.6550e-01, 3.2357e-02, 2.1352e-03],
        [3.2357e-02, 2.1352e-03, 7.3562e-06]])
2023-12-09 14:12:15,181 | INFO | hi-lo : END EPOCH:   1 | ACCURACY: 98.05 | LOSS: 0.1403392106294632
2023-12-09 14:12:15,181 | INFO | hi-lo : BEGIN EPOCH 2 =========================================================================
2023-12-09 14:12:15,181 | INFO | hi-lo.kernel-accessor : Fetching kernel: gumbel
2023-12-09 14:12:15,182 | INFO | hi-lo.gumbel-kernel : MU (LOCATION): 1 | BETA (SCALE): 1
2023-12-09 14:12:15,182 | INFO | hi-lo.gumbel-kernel : STATIC
tensor([[5.6765e-01, 1.6550e-01, 3.2357e-02],
        [1.6550e-01, 3.2357e-02, 2.1352e-03],
        [3.2357e-02, 2.1352e-03, 7.3562e-06]])
2023-12-09 14:12:15,182 | INFO | hi-lo.kernel-accessor : Fetching kernel: gumbel
2023-12-09 14:12:15,183 | INFO | hi-lo.gumbel-kernel : MU (LOCATION): -0.41802340745925903 | BETA (SCALE): 0.6994580030441284
2023-12-09 14:12:15,183 | INFO | hi-lo.gumbel-kernel : BOTTOM-RIGHT
tensor([[0.0000e+00, 0.0000e+00, 1.4129e-25],
        [0.0000e+00, 1.4129e-25, 6.5951e-06],
        [1.4129e-25, 6.5951e-06, 9.9999e-01]])
2023-12-09 14:12:15,184 | INFO | hi-lo.kernel-accessor : Fetching kernel: gumbel
2023-12-09 14:12:15,184 | INFO | hi-lo.gumbel-kernel : MU (LOCATION): 1 | BETA (SCALE): 1
2023-12-09 14:12:15,184 | INFO | hi-lo.gumbel-kernel : STATIC
tensor([[5.6765e-01, 1.6550e-01, 3.2357e-02],
        [1.6550e-01, 3.2357e-02, 2.1352e-03],
        [3.2357e-02, 2.1352e-03, 7.3562e-06]])
2023-12-09 14:12:15,185 | INFO | hi-lo.kernel-accessor : Fetching kernel: gumbel
2023-12-09 14:12:15,185 | INFO | hi-lo.gumbel-kernel : MU (LOCATION): -1.0522757768630981 | BETA (SCALE): 1.682204246520996
2023-12-09 14:12:15,186 | INFO | hi-lo.gumbel-kernel : BOTTOM-RIGHT
tensor([[1.2502e-16, 4.8629e-09, 9.7990e-05],
        [4.8629e-09, 9.7990e-05, 3.0356e-02],
        [9.7990e-05, 3.0356e-02, 9.3899e-01]])
2023-12-09 14:12:23,249 | INFO | hi-lo : END EPOCH:   2 | ACCURACY: 95.99 | LOSS: 0.46940070390701294
2023-12-09 14:12:23,249 | INFO | hi-lo : BEGIN EPOCH 3 =========================================================================
2023-12-09 14:12:23,249 | INFO | hi-lo.kernel-accessor : Fetching kernel: gumbel
2023-12-09 14:12:23,250 | INFO | hi-lo.gumbel-kernel : MU (LOCATION): -0.7097620368003845 | BETA (SCALE): 0.6472045183181763
2023-12-09 14:12:23,250 | INFO | hi-lo.gumbel-kernel : BOTTOM-RIGHT
tensor([[0.0000e+00, 0.0000e+00, 0.0000e+00],
        [0.0000e+00, 0.0000e+00, 9.2952e-16],
        [0.0000e+00, 9.2952e-16, 1.0000e+00]])
2023-12-09 14:12:23,250 | INFO | hi-lo.kernel-accessor : Fetching kernel: gumbel
2023-12-09 14:12:23,251 | INFO | hi-lo.gumbel-kernel : MU (LOCATION): -1.0984121561050415 | BETA (SCALE): 0.9206584095954895
2023-12-09 14:12:23,251 | INFO | hi-lo.gumbel-kernel : BOTTOM-RIGHT
tensor([[0.0000e+00, 0.0000e+00, 2.1417e-38],
        [0.0000e+00, 2.1417e-38, 1.8215e-10],
        [2.1417e-38, 1.8215e-10, 1.0000e+00]])
2023-12-09 14:12:23,251 | INFO | hi-lo.kernel-accessor : Fetching kernel: gumbel
2023-12-09 14:12:23,252 | INFO | hi-lo.gumbel-kernel : MU (LOCATION): -0.549186110496521 | BETA (SCALE): 0.919235110282898
2023-12-09 14:12:23,252 | INFO | hi-lo.gumbel-kernel : TOP-RIGHT
tensor([[7.1284e-13, 5.0588e-04, 9.9899e-01],
        [3.2623e-38, 7.1284e-13, 5.0588e-04],
        [0.0000e+00, 3.2623e-38, 7.1284e-13]])
2023-12-09 14:12:23,253 | INFO | hi-lo.kernel-accessor : Fetching kernel: gumbel
2023-12-09 14:12:23,253 | INFO | hi-lo.gumbel-kernel : MU (LOCATION): 1 | BETA (SCALE): 1
2023-12-09 14:12:23,253 | INFO | hi-lo.gumbel-kernel : STATIC
tensor([[5.6765e-01, 1.6550e-01, 3.2357e-02],
        [1.6550e-01, 3.2357e-02, 2.1352e-03],
        [3.2357e-02, 2.1352e-03, 7.3562e-06]])
2023-12-09 14:12:31,338 | INFO | hi-lo : END EPOCH:   3 | ACCURACY: 96.88 | LOSS: 0.28598910570144653
2023-12-09 14:12:31,338 | INFO | hi-lo : BEGIN EPOCH 4 =========================================================================
2023-12-09 14:12:31,338 | INFO | hi-lo.kernel-accessor : Fetching kernel: gumbel
2023-12-09 14:12:31,339 | INFO | hi-lo.gumbel-kernel : MU (LOCATION): -0.7197147011756897 | BETA (SCALE): 0.6364904046058655
2023-12-09 14:12:31,340 | INFO | hi-lo.gumbel-kernel : BOTTOM-RIGHT
tensor([[0.0000e+00, 0.0000e+00, 0.0000e+00],
        [0.0000e+00, 0.0000e+00, 2.6826e-17],
        [0.0000e+00, 2.6826e-17, 1.0000e+00]])
2023-12-09 14:12:31,340 | INFO | hi-lo.kernel-accessor : Fetching kernel: gumbel
2023-12-09 14:12:31,340 | INFO | hi-lo.gumbel-kernel : MU (LOCATION): -0.793513834476471 | BETA (SCALE): 0.8466558456420898
2023-12-09 14:12:31,341 | INFO | hi-lo.gumbel-kernel : TOP-RIGHT
tensor([[5.7593e-29, 1.2470e-07, 1.0000e+00],
        [0.0000e+00, 5.7593e-29, 1.2470e-07],
        [0.0000e+00, 0.0000e+00, 5.7593e-29]])
2023-12-09 14:12:31,341 | INFO | hi-lo.kernel-accessor : Fetching kernel: gumbel
2023-12-09 14:12:31,341 | INFO | hi-lo.gumbel-kernel : MU (LOCATION): -0.625848650932312 | BETA (SCALE): 1.121185064315796
2023-12-09 14:12:31,342 | INFO | hi-lo.gumbel-kernel : TOP-RIGHT
tensor([[4.4920e-08, 4.9972e-03, 9.9001e-01],
        [7.9114e-20, 4.4920e-08, 4.9972e-03],
        [0.0000e+00, 7.9114e-20, 4.4920e-08]])
2023-12-09 14:12:31,342 | INFO | hi-lo.kernel-accessor : Fetching kernel: gumbel
2023-12-09 14:12:31,343 | INFO | hi-lo.gumbel-kernel : MU (LOCATION): -1.8021410703659058 | BETA (SCALE): 3.7298905849456787
2023-12-09 14:12:31,343 | INFO | hi-lo.gumbel-kernel : TOP-RIGHT
tensor([[0.0455, 0.1712, 0.5024],
        [0.0087, 0.0455, 0.1712],
        [0.0011, 0.0087, 0.0455]])
2023-12-09 14:12:39,420 | INFO | hi-lo : END EPOCH:   4 | ACCURACY: 100.0 | LOSS: 0.22536800801753998
2023-12-09 14:12:39,420 | INFO | hi-lo : BEGIN EPOCH 5 =========================================================================
2023-12-09 14:12:39,420 | INFO | hi-lo.kernel-accessor : Fetching kernel: gumbel
2023-12-09 14:12:39,421 | INFO | hi-lo.gumbel-kernel : MU (LOCATION): -0.7747029662132263 | BETA (SCALE): 0.5761627554893494
2023-12-09 14:12:39,421 | INFO | hi-lo.gumbel-kernel : BOTTOM-RIGHT
tensor([[0.0000e+00, 0.0000e+00, 0.0000e+00],
        [0.0000e+00, 0.0000e+00, 2.3818e-31],
        [0.0000e+00, 2.3818e-31, 1.0000e+00]])
2023-12-09 14:12:39,421 | INFO | hi-lo.kernel-accessor : Fetching kernel: gumbel
2023-12-09 14:12:39,422 | INFO | hi-lo.gumbel-kernel : MU (LOCATION): 1 | BETA (SCALE): 1
2023-12-09 14:12:39,422 | INFO | hi-lo.gumbel-kernel : STATIC
tensor([[5.6765e-01, 1.6550e-01, 3.2357e-02],
        [1.6550e-01, 3.2357e-02, 2.1352e-03],
        [3.2357e-02, 2.1352e-03, 7.3562e-06]])
2023-12-09 14:12:39,422 | INFO | hi-lo.kernel-accessor : Fetching kernel: gumbel
2023-12-09 14:12:39,423 | INFO | hi-lo.gumbel-kernel : MU (LOCATION): -0.44607779383659363 | BETA (SCALE): 0.9702413082122803
2023-12-09 14:12:39,423 | INFO | hi-lo.gumbel-kernel : TOP-RIGHT
tensor([[4.2951e-09, 3.8475e-03, 9.9231e-01],
        [5.7056e-25, 4.2951e-09, 3.8475e-03],
        [0.0000e+00, 5.7056e-25, 4.2951e-09]])
2023-12-09 14:12:39,423 | INFO | hi-lo.kernel-accessor : Fetching kernel: gumbel
2023-12-09 14:12:39,423 | INFO | hi-lo.gumbel-kernel : MU (LOCATION): -1.0971646308898926 | BETA (SCALE): 2.368602991104126
2023-12-09 14:12:39,424 | INFO | hi-lo.gumbel-kernel : BOTTOM-RIGHT
tensor([[1.9160e-06, 3.2381e-04, 1.0816e-02],
        [3.2381e-04, 1.0816e-02, 1.2480e-01],
        [1.0816e-02, 1.2480e-01, 7.1731e-01]])
2023-12-09 14:12:47,484 | INFO | hi-lo : END EPOCH:   5 | ACCURACY: 98.44 | LOSS: 0.06756694614887238
2023-12-09 14:12:47,484 | INFO | hi-lo : BEGIN EPOCH 6 =========================================================================
2023-12-09 14:12:47,484 | INFO | hi-lo.kernel-accessor : Fetching kernel: gumbel
2023-12-09 14:12:47,485 | INFO | hi-lo.gumbel-kernel : MU (LOCATION): -0.746894359588623 | BETA (SCALE): 0.6034678220748901
2023-12-09 14:12:47,485 | INFO | hi-lo.gumbel-kernel : TOP-RIGHT
tensor([[0.0000e+00, 2.3606e-23, 1.0000e+00],
        [0.0000e+00, 0.0000e+00, 2.3606e-23],
        [0.0000e+00, 0.0000e+00, 0.0000e+00]])
2023-12-09 14:12:47,486 | INFO | hi-lo.kernel-accessor : Fetching kernel: gumbel
2023-12-09 14:12:47,486 | INFO | hi-lo.gumbel-kernel : MU (LOCATION): -0.6225166320800781 | BETA (SCALE): 0.793569803237915
2023-12-09 14:12:47,487 | INFO | hi-lo.gumbel-kernel : TOP-RIGHT
tensor([[1.1689e-25, 1.5337e-06, 1.0000e+00],
        [0.0000e+00, 1.1689e-25, 1.5337e-06],
        [0.0000e+00, 0.0000e+00, 1.1689e-25]])
2023-12-09 14:12:47,487 | INFO | hi-lo.kernel-accessor : Fetching kernel: gumbel
2023-12-09 14:12:47,487 | INFO | hi-lo.gumbel-kernel : MU (LOCATION): -0.28539136052131653 | BETA (SCALE): 0.7968027591705322
2023-12-09 14:12:47,488 | INFO | hi-lo.gumbel-kernel : BOTTOM-RIGHT
tensor([[0.0000e+00, 7.5735e-40, 7.2170e-12],
        [7.5735e-40, 7.2170e-12, 1.6751e-03],
        [7.2170e-12, 1.6751e-03, 9.9665e-01]])
2023-12-09 14:12:47,488 | INFO | hi-lo.kernel-accessor : Fetching kernel: gumbel
2023-12-09 14:12:47,488 | INFO | hi-lo.gumbel-kernel : MU (LOCATION): -0.8523221015930176 | BETA (SCALE): 1.7118477821350098
2023-12-09 14:12:47,489 | INFO | hi-lo.gumbel-kernel : BOTTOM-RIGHT
tensor([[8.7809e-13, 3.7895e-07, 6.8041e-04],
        [3.7895e-07, 6.8041e-04, 5.7472e-02],
        [6.8041e-04, 5.7472e-02, 8.8301e-01]])
2023-12-09 14:12:55,608 | INFO | hi-lo : END EPOCH:   6 | ACCURACY: 98.8 | LOSS: 0.1382608413696289
2023-12-09 14:12:55,608 | INFO | hi-lo : BEGIN EPOCH 7 =========================================================================
2023-12-09 14:12:55,608 | INFO | hi-lo.kernel-accessor : Fetching kernel: gumbel
2023-12-09 14:12:55,609 | INFO | hi-lo.gumbel-kernel : MU (LOCATION): 1 | BETA (SCALE): 1
2023-12-09 14:12:55,609 | INFO | hi-lo.gumbel-kernel : STATIC
tensor([[5.6765e-01, 1.6550e-01, 3.2357e-02],
        [1.6550e-01, 3.2357e-02, 2.1352e-03],
        [3.2357e-02, 2.1352e-03, 7.3562e-06]])
2023-12-09 14:12:55,610 | INFO | hi-lo.kernel-accessor : Fetching kernel: gumbel
2023-12-09 14:12:55,610 | INFO | hi-lo.gumbel-kernel : MU (LOCATION): -0.5860540866851807 | BETA (SCALE): 0.8526851534843445
2023-12-09 14:12:55,611 | INFO | hi-lo.gumbel-kernel : TOP-RIGHT
tensor([[5.9552e-18, 4.5726e-05, 9.9991e-01],
        [0.0000e+00, 5.9552e-18, 4.5726e-05],
        [0.0000e+00, 0.0000e+00, 5.9552e-18]])
2023-12-09 14:12:55,611 | INFO | hi-lo.kernel-accessor : Fetching kernel: gumbel
2023-12-09 14:12:55,611 | INFO | hi-lo.gumbel-kernel : MU (LOCATION): 1 | BETA (SCALE): 1
2023-12-09 14:12:55,612 | INFO | hi-lo.gumbel-kernel : STATIC
tensor([[5.6765e-01, 1.6550e-01, 3.2357e-02],
        [1.6550e-01, 3.2357e-02, 2.1352e-03],
        [3.2357e-02, 2.1352e-03, 7.3562e-06]])
2023-12-09 14:12:55,612 | INFO | hi-lo.kernel-accessor : Fetching kernel: gumbel
2023-12-09 14:12:55,612 | INFO | hi-lo.gumbel-kernel : MU (LOCATION): -0.8094709515571594 | BETA (SCALE): 1.6935571432113647
2023-12-09 14:12:55,613 | INFO | hi-lo.gumbel-kernel : BOTTOM-RIGHT
tensor([[1.1496e-12, 4.5952e-07, 7.5926e-04],
        [4.5952e-07, 7.5926e-04, 5.9948e-02],
        [7.5926e-04, 5.9948e-02, 8.7782e-01]])
2023-12-09 14:13:03,734 | INFO | hi-lo : END EPOCH:   7 | ACCURACY: 98.44 | LOSS: 0.1260209083557129
2023-12-09 14:13:03,734 | INFO | hi-lo : BEGIN EPOCH 8 =========================================================================
2023-12-09 14:13:03,734 | INFO | hi-lo.kernel-accessor : Fetching kernel: gumbel
2023-12-09 14:13:03,735 | INFO | hi-lo.gumbel-kernel : MU (LOCATION): 1 | BETA (SCALE): 1
2023-12-09 14:13:03,736 | INFO | hi-lo.gumbel-kernel : STATIC
tensor([[5.6765e-01, 1.6550e-01, 3.2357e-02],
        [1.6550e-01, 3.2357e-02, 2.1352e-03],
        [3.2357e-02, 2.1352e-03, 7.3562e-06]])
2023-12-09 14:13:03,736 | INFO | hi-lo.kernel-accessor : Fetching kernel: gumbel
2023-12-09 14:13:03,736 | INFO | hi-lo.gumbel-kernel : MU (LOCATION): -0.4204171895980835 | BETA (SCALE): 0.717144787311554
2023-12-09 14:13:03,737 | INFO | hi-lo.gumbel-kernel : TOP-RIGHT
tensor([[2.3973e-23, 1.3815e-05, 9.9997e-01],
        [0.0000e+00, 2.3973e-23, 1.3815e-05],
        [0.0000e+00, 0.0000e+00, 2.3973e-23]])
2023-12-09 14:13:03,737 | INFO | hi-lo.kernel-accessor : Fetching kernel: gumbel
2023-12-09 14:13:03,737 | INFO | hi-lo.gumbel-kernel : MU (LOCATION): -0.33895573019981384 | BETA (SCALE): 0.8368346691131592
2023-12-09 14:13:03,738 | INFO | hi-lo.gumbel-kernel : BOTTOM-RIGHT
tensor([[0.0000e+00, 1.6586e-36, 1.9145e-11],
        [1.6586e-36, 1.9145e-11, 1.7004e-03],
        [1.9145e-11, 1.7004e-03, 9.9660e-01]])
2023-12-09 14:13:03,738 | INFO | hi-lo.kernel-accessor : Fetching kernel: gumbel
2023-12-09 14:13:03,738 | INFO | hi-lo.gumbel-kernel : MU (LOCATION): -0.46990206837654114 | BETA (SCALE): 1.3117668628692627
2023-12-09 14:13:03,739 | INFO | hi-lo.gumbel-kernel : TOP-RIGHT
tensor([[1.2747e-04, 4.1206e-02, 9.1721e-01],
        [1.2743e-09, 1.2747e-04, 4.1206e-02],
        [5.8498e-20, 1.2743e-09, 1.2747e-04]])
2023-12-09 14:13:11,873 | INFO | hi-lo : END EPOCH:   8 | ACCURACY: 98.26 | LOSS: 0.18151754140853882
2023-12-09 14:13:11,873 | INFO | hi-lo : BEGIN EPOCH 9 =========================================================================
2023-12-09 14:13:11,873 | INFO | hi-lo.kernel-accessor : Fetching kernel: gumbel
2023-12-09 14:13:11,874 | INFO | hi-lo.gumbel-kernel : MU (LOCATION): -0.7697747349739075 | BETA (SCALE): 0.5839531421661377
2023-12-09 14:13:11,874 | INFO | hi-lo.gumbel-kernel : TOP-RIGHT
tensor([[0.0000e+00, 5.1194e-29, 1.0000e+00],
        [0.0000e+00, 0.0000e+00, 5.1194e-29],
        [0.0000e+00, 0.0000e+00, 0.0000e+00]])
2023-12-09 14:13:11,874 | INFO | hi-lo.kernel-accessor : Fetching kernel: gumbel
2023-12-09 14:13:11,875 | INFO | hi-lo.gumbel-kernel : MU (LOCATION): 1 | BETA (SCALE): 1
2023-12-09 14:13:11,875 | INFO | hi-lo.gumbel-kernel : STATIC
tensor([[5.6765e-01, 1.6550e-01, 3.2357e-02],
        [1.6550e-01, 3.2357e-02, 2.1352e-03],
        [3.2357e-02, 2.1352e-03, 7.3562e-06]])
2023-12-09 14:13:11,875 | INFO | hi-lo.kernel-accessor : Fetching kernel: gumbel
2023-12-09 14:13:11,876 | INFO | hi-lo.gumbel-kernel : MU (LOCATION): -0.2829662263393402 | BETA (SCALE): 0.7623453736305237
2023-12-09 14:13:11,876 | INFO | hi-lo.gumbel-kernel : TOP-RIGHT
tensor([[1.5705e-13, 9.0058e-04, 9.9820e-01],
        [0.0000e+00, 1.5705e-13, 9.0058e-04],
        [0.0000e+00, 0.0000e+00, 1.5705e-13]])
2023-12-09 14:13:11,876 | INFO | hi-lo.kernel-accessor : Fetching kernel: gumbel
2023-12-09 14:13:11,877 | INFO | hi-lo.gumbel-kernel : MU (LOCATION): -0.5165349841117859 | BETA (SCALE): 1.2348262071609497
2023-12-09 14:13:11,877 | INFO | hi-lo.gumbel-kernel : TOP-RIGHT
tensor([[1.6351e-05, 2.3788e-02, 9.5238e-01],
        [3.4982e-12, 1.6351e-05, 2.3788e-02],
        [9.8231e-27, 3.4982e-12, 1.6351e-05]])
2023-12-09 14:13:20,073 | INFO | hi-lo : END EPOCH:   9 | ACCURACY: 96.88 | LOSS: 0.17369042336940765
2023-12-09 14:13:20,073 | INFO | hi-lo : BEGIN EPOCH 10 =========================================================================
2023-12-09 14:13:20,073 | INFO | hi-lo.kernel-accessor : Fetching kernel: gumbel
2023-12-09 14:13:20,074 | INFO | hi-lo.gumbel-kernel : MU (LOCATION): 1 | BETA (SCALE): 1
2023-12-09 14:13:20,075 | INFO | hi-lo.gumbel-kernel : STATIC
tensor([[5.6765e-01, 1.6550e-01, 3.2357e-02],
        [1.6550e-01, 3.2357e-02, 2.1352e-03],
        [3.2357e-02, 2.1352e-03, 7.3562e-06]])
2023-12-09 14:13:20,075 | INFO | hi-lo.kernel-accessor : Fetching kernel: gumbel
2023-12-09 14:13:20,075 | INFO | hi-lo.gumbel-kernel : MU (LOCATION): -0.6210780143737793 | BETA (SCALE): 0.935594379901886
2023-12-09 14:13:20,076 | INFO | hi-lo.gumbel-kernel : BOTTOM-RIGHT
tensor([[0.0000e+00, 6.2108e-41, 6.5717e-14],
        [6.2108e-41, 6.5717e-14, 2.5307e-04],
        [6.5717e-14, 2.5307e-04, 9.9949e-01]])
2023-12-09 14:13:20,076 | INFO | hi-lo.kernel-accessor : Fetching kernel: gumbel
2023-12-09 14:13:20,077 | INFO | hi-lo.gumbel-kernel : MU (LOCATION): -0.32805293798446655 | BETA (SCALE): 1.1118168830871582
2023-12-09 14:13:20,077 | INFO | hi-lo.gumbel-kernel : TOP-RIGHT
tensor([[1.7488e-05, 2.7673e-02, 9.4460e-01],
        [8.8676e-13, 1.7488e-05, 2.7673e-02],
        [3.8460e-30, 8.8676e-13, 1.7488e-05]])
2023-12-09 14:13:20,077 | INFO | hi-lo.kernel-accessor : Fetching kernel: gumbel
2023-12-09 14:13:20,078 | INFO | hi-lo.gumbel-kernel : MU (LOCATION): 1 | BETA (SCALE): 1
2023-12-09 14:13:20,078 | INFO | hi-lo.gumbel-kernel : STATIC
tensor([[5.6765e-01, 1.6550e-01, 3.2357e-02],
        [1.6550e-01, 3.2357e-02, 2.1352e-03],
        [3.2357e-02, 2.1352e-03, 7.3562e-06]])
2023-12-09 14:13:28,324 | INFO | hi-lo : END EPOCH:  10 | ACCURACY: 98.44 | LOSS: 0.07223737984895706
2023-12-09 14:13:28,324 | INFO | hi-lo : BEGIN EPOCH 11 =========================================================================
2023-12-09 14:13:28,324 | INFO | hi-lo.kernel-accessor : Fetching kernel: gumbel
2023-12-09 14:13:28,325 | INFO | hi-lo.gumbel-kernel : MU (LOCATION): -0.7078275084495544 | BETA (SCALE): 0.6476129293441772
2023-12-09 14:13:28,325 | INFO | hi-lo.gumbel-kernel : BOTTOM-RIGHT
tensor([[0.0000e+00, 0.0000e+00, 0.0000e+00],
        [0.0000e+00, 0.0000e+00, 1.2348e-15],
        [0.0000e+00, 1.2348e-15, 1.0000e+00]])
2023-12-09 14:13:28,325 | INFO | hi-lo.kernel-accessor : Fetching kernel: gumbel
2023-12-09 14:13:28,326 | INFO | hi-lo.gumbel-kernel : MU (LOCATION): 1 | BETA (SCALE): 1
2023-12-09 14:13:28,326 | INFO | hi-lo.gumbel-kernel : STATIC
tensor([[5.6765e-01, 1.6550e-01, 3.2357e-02],
        [1.6550e-01, 3.2357e-02, 2.1352e-03],
        [3.2357e-02, 2.1352e-03, 7.3562e-06]])
2023-12-09 14:13:28,326 | INFO | hi-lo.kernel-accessor : Fetching kernel: gumbel
2023-12-09 14:13:28,327 | INFO | hi-lo.gumbel-kernel : MU (LOCATION): 1 | BETA (SCALE): 1
2023-12-09 14:13:28,327 | INFO | hi-lo.gumbel-kernel : STATIC
tensor([[5.6765e-01, 1.6550e-01, 3.2357e-02],
        [1.6550e-01, 3.2357e-02, 2.1352e-03],
        [3.2357e-02, 2.1352e-03, 7.3562e-06]])
2023-12-09 14:13:28,327 | INFO | hi-lo.kernel-accessor : Fetching kernel: gumbel
2023-12-09 14:13:28,328 | INFO | hi-lo.gumbel-kernel : MU (LOCATION): -0.8077950477600098 | BETA (SCALE): 1.8358137607574463
2023-12-09 14:13:28,328 | INFO | hi-lo.gumbel-kernel : BOTTOM-RIGHT
tensor([[5.8247e-10, 7.7228e-06, 2.3890e-03],
        [7.7228e-06, 2.3890e-03, 8.3566e-02],
        [2.3890e-03, 8.3566e-02, 8.2568e-01]])
2023-12-09 14:13:36,368 | INFO | hi-lo : END EPOCH:  11 | ACCURACY: 98.2 | LOSS: 0.0396510548889637
2023-12-09 14:13:36,368 | INFO | hi-lo : BEGIN EPOCH 12 =========================================================================
2023-12-09 14:13:36,368 | INFO | hi-lo.kernel-accessor : Fetching kernel: gumbel
2023-12-09 14:13:36,369 | INFO | hi-lo.gumbel-kernel : MU (LOCATION): -0.7504826784133911 | BETA (SCALE): 0.5993654727935791
2023-12-09 14:13:36,370 | INFO | hi-lo.gumbel-kernel : BOTTOM-RIGHT
tensor([[0.0000e+00, 0.0000e+00, 0.0000e+00],
        [0.0000e+00, 0.0000e+00, 2.5559e-24],
        [0.0000e+00, 2.5559e-24, 1.0000e+00]])
2023-12-09 14:13:36,370 | INFO | hi-lo.kernel-accessor : Fetching kernel: gumbel
2023-12-09 14:13:36,371 | INFO | hi-lo.gumbel-kernel : MU (LOCATION): -0.4981703460216522 | BETA (SCALE): 0.8133349418640137
2023-12-09 14:13:36,371 | INFO | hi-lo.gumbel-kernel : TOP-RIGHT
tensor([[1.3270e-17, 7.7423e-05, 9.9985e-01],
        [0.0000e+00, 1.3270e-17, 7.7423e-05],
        [0.0000e+00, 0.0000e+00, 1.3270e-17]])
2023-12-09 14:13:36,371 | INFO | hi-lo.kernel-accessor : Fetching kernel: gumbel
2023-12-09 14:13:36,372 | INFO | hi-lo.gumbel-kernel : MU (LOCATION): -0.27842977643013 | BETA (SCALE): 0.8816434741020203
2023-12-09 14:13:36,372 | INFO | hi-lo.gumbel-kernel : TOP-RIGHT
tensor([[8.5611e-09, 6.0221e-03, 9.8796e-01],
        [6.2137e-26, 8.5611e-09, 6.0221e-03],
        [0.0000e+00, 6.2137e-26, 8.5611e-09]])
2023-12-09 14:13:36,372 | INFO | hi-lo.kernel-accessor : Fetching kernel: gumbel
2023-12-09 14:13:36,373 | INFO | hi-lo.gumbel-kernel : MU (LOCATION): -0.3862616717815399 | BETA (SCALE): 1.0901577472686768
2023-12-09 14:13:36,373 | INFO | hi-lo.gumbel-kernel : BOTTOM-RIGHT
tensor([[4.7264e-36, 7.0088e-15, 3.5055e-06],
        [7.0088e-15, 3.5055e-06, 1.8200e-02],
        [3.5055e-06, 1.8200e-02, 9.6359e-01]])
2023-12-09 14:13:44,545 | INFO | hi-lo : END EPOCH:  12 | ACCURACY: 100.0 | LOSS: 0.06671807914972305
2023-12-09 14:13:44,545 | INFO | hi-lo : BEGIN EPOCH 13 =========================================================================
2023-12-09 14:13:44,545 | INFO | hi-lo.kernel-accessor : Fetching kernel: gumbel
2023-12-09 14:13:44,546 | INFO | hi-lo.gumbel-kernel : MU (LOCATION): -0.7459771037101746 | BETA (SCALE): 0.6050366163253784
2023-12-09 14:13:44,547 | INFO | hi-lo.gumbel-kernel : BOTTOM-RIGHT
tensor([[0.0000e+00, 0.0000e+00, 0.0000e+00],
        [0.0000e+00, 0.0000e+00, 4.9649e-23],
        [0.0000e+00, 4.9649e-23, 1.0000e+00]])
2023-12-09 14:13:44,547 | INFO | hi-lo.kernel-accessor : Fetching kernel: gumbel
2023-12-09 14:13:44,547 | INFO | hi-lo.gumbel-kernel : MU (LOCATION): -0.5306392312049866 | BETA (SCALE): 0.8065801858901978
2023-12-09 14:13:44,548 | INFO | hi-lo.gumbel-kernel : TOP-RIGHT
tensor([[1.6519e-19, 3.0709e-05, 9.9994e-01],
        [0.0000e+00, 1.6519e-19, 3.0709e-05],
        [0.0000e+00, 0.0000e+00, 1.6519e-19]])
2023-12-09 14:13:44,548 | INFO | hi-lo.kernel-accessor : Fetching kernel: gumbel
2023-12-09 14:13:44,548 | INFO | hi-lo.gumbel-kernel : MU (LOCATION): 1 | BETA (SCALE): 1
2023-12-09 14:13:44,549 | INFO | hi-lo.gumbel-kernel : STATIC
tensor([[5.6765e-01, 1.6550e-01, 3.2357e-02],
        [1.6550e-01, 3.2357e-02, 2.1352e-03],
        [3.2357e-02, 2.1352e-03, 7.3562e-06]])
2023-12-09 14:13:44,549 | INFO | hi-lo.kernel-accessor : Fetching kernel: gumbel
2023-12-09 14:13:44,549 | INFO | hi-lo.gumbel-kernel : MU (LOCATION): -0.4683306813240051 | BETA (SCALE): 1.1810654401779175
2023-12-09 14:13:44,550 | INFO | hi-lo.gumbel-kernel : BOTTOM-RIGHT
tensor([[1.2201e-29, 4.6328e-13, 9.6748e-06],
        [4.6328e-13, 9.6748e-06, 2.1609e-02],
        [9.6748e-06, 2.1609e-02, 9.5675e-01]])
2023-12-09 14:13:52,713 | INFO | hi-lo : END EPOCH:  13 | ACCURACY: 100.0 | LOSS: 0.0165629331022501
2023-12-09 14:13:52,713 | INFO | hi-lo : BEGIN EPOCH 14 =========================================================================
2023-12-09 14:13:52,713 | INFO | hi-lo.kernel-accessor : Fetching kernel: gumbel
2023-12-09 14:13:52,714 | INFO | hi-lo.gumbel-kernel : MU (LOCATION): 1 | BETA (SCALE): 1
2023-12-09 14:13:52,714 | INFO | hi-lo.gumbel-kernel : STATIC
tensor([[5.6765e-01, 1.6550e-01, 3.2357e-02],
        [1.6550e-01, 3.2357e-02, 2.1352e-03],
        [3.2357e-02, 2.1352e-03, 7.3562e-06]])
2023-12-09 14:13:52,714 | INFO | hi-lo.kernel-accessor : Fetching kernel: gumbel
2023-12-09 14:13:52,715 | INFO | hi-lo.gumbel-kernel : MU (LOCATION): 1 | BETA (SCALE): 1
2023-12-09 14:13:52,715 | INFO | hi-lo.gumbel-kernel : STATIC
tensor([[5.6765e-01, 1.6550e-01, 3.2357e-02],
        [1.6550e-01, 3.2357e-02, 2.1352e-03],
        [3.2357e-02, 2.1352e-03, 7.3562e-06]])
2023-12-09 14:13:52,715 | INFO | hi-lo.kernel-accessor : Fetching kernel: gumbel
2023-12-09 14:13:52,716 | INFO | hi-lo.gumbel-kernel : MU (LOCATION): -0.2961861193180084 | BETA (SCALE): 0.8102424144744873
2023-12-09 14:13:52,716 | INFO | hi-lo.gumbel-kernel : TOP-RIGHT
tensor([[1.5120e-11, 1.8407e-03, 9.9632e-01],
        [5.0873e-38, 1.5120e-11, 1.8407e-03],
        [0.0000e+00, 5.0873e-38, 1.5120e-11]])
2023-12-09 14:13:52,717 | INFO | hi-lo.kernel-accessor : Fetching kernel: gumbel
2023-12-09 14:13:52,717 | INFO | hi-lo.gumbel-kernel : MU (LOCATION): 1 | BETA (SCALE): 1
2023-12-09 14:13:52,717 | INFO | hi-lo.gumbel-kernel : STATIC
tensor([[5.6765e-01, 1.6550e-01, 3.2357e-02],
        [1.6550e-01, 3.2357e-02, 2.1352e-03],
        [3.2357e-02, 2.1352e-03, 7.3562e-06]])
2023-12-09 14:14:01,038 | INFO | hi-lo : END EPOCH:  14 | ACCURACY: 99.22 | LOSS: 0.09972945600748062
2023-12-09 14:14:01,038 | INFO | hi-lo : BEGIN EPOCH 15 =========================================================================
2023-12-09 14:14:01,038 | INFO | hi-lo.kernel-accessor : Fetching kernel: gumbel
2023-12-09 14:14:01,039 | INFO | hi-lo.gumbel-kernel : MU (LOCATION): -0.7345200181007385 | BETA (SCALE): 0.6192783713340759
2023-12-09 14:14:01,040 | INFO | hi-lo.gumbel-kernel : BOTTOM-RIGHT
tensor([[0.0000e+00, 0.0000e+00, 0.0000e+00],
        [0.0000e+00, 0.0000e+00, 3.5491e-20],
        [0.0000e+00, 3.5491e-20, 1.0000e+00]])
2023-12-09 14:14:01,040 | INFO | hi-lo.kernel-accessor : Fetching kernel: gumbel
2023-12-09 14:14:01,040 | INFO | hi-lo.gumbel-kernel : MU (LOCATION): 1 | BETA (SCALE): 1
2023-12-09 14:14:01,041 | INFO | hi-lo.gumbel-kernel : STATIC
tensor([[5.6765e-01, 1.6550e-01, 3.2357e-02],
        [1.6550e-01, 3.2357e-02, 2.1352e-03],
        [3.2357e-02, 2.1352e-03, 7.3562e-06]])
2023-12-09 14:14:01,041 | INFO | hi-lo.kernel-accessor : Fetching kernel: gumbel
2023-12-09 14:14:01,041 | INFO | hi-lo.gumbel-kernel : MU (LOCATION): -0.226945698261261 | BETA (SCALE): 0.8763096928596497
2023-12-09 14:14:01,042 | INFO | hi-lo.gumbel-kernel : BOTTOM-RIGHT
tensor([[0.0000e+00, 7.4527e-24, 3.8590e-08],
        [7.4527e-24, 3.8590e-08, 8.7834e-03],
        [3.8590e-08, 8.7834e-03, 9.8243e-01]])
2023-12-09 14:14:01,042 | INFO | hi-lo.kernel-accessor : Fetching kernel: gumbel
2023-12-09 14:14:01,042 | INFO | hi-lo.gumbel-kernel : MU (LOCATION): -0.8123723268508911 | BETA (SCALE): 1.7824523448944092
2023-12-09 14:14:01,043 | INFO | hi-lo.gumbel-kernel : TOP-RIGHT
tensor([[1.5936e-03, 7.4293e-02, 8.4663e-01],
        [2.8947e-06, 1.5936e-03, 7.4293e-02],
        [6.9472e-11, 2.8947e-06, 1.5936e-03]])
2023-12-09 14:14:09,302 | INFO | hi-lo : END EPOCH:  15 | ACCURACY: 12.5 | LOSS: 2.3139898777008057
2023-12-09 14:14:09,302 | INFO | hi-lo : BEGIN EPOCH 16 =========================================================================
2023-12-09 14:14:09,302 | INFO | hi-lo.kernel-accessor : Fetching kernel: gumbel
2023-12-09 14:14:09,303 | INFO | hi-lo.gumbel-kernel : MU (LOCATION): 1 | BETA (SCALE): 1
2023-12-09 14:14:09,304 | INFO | hi-lo.gumbel-kernel : STATIC
tensor([[5.6765e-01, 1.6550e-01, 3.2357e-02],
        [1.6550e-01, 3.2357e-02, 2.1352e-03],
        [3.2357e-02, 2.1352e-03, 7.3562e-06]])
2023-12-09 14:14:09,304 | INFO | hi-lo.kernel-accessor : Fetching kernel: gumbel
2023-12-09 14:14:09,304 | INFO | hi-lo.gumbel-kernel : MU (LOCATION): 1 | BETA (SCALE): 1
2023-12-09 14:14:09,305 | INFO | hi-lo.gumbel-kernel : STATIC
tensor([[5.6765e-01, 1.6550e-01, 3.2357e-02],
        [1.6550e-01, 3.2357e-02, 2.1352e-03],
        [3.2357e-02, 2.1352e-03, 7.3562e-06]])
2023-12-09 14:14:09,305 | INFO | hi-lo.kernel-accessor : Fetching kernel: gumbel
2023-12-09 14:14:09,305 | INFO | hi-lo.gumbel-kernel : MU (LOCATION): -4564.38818359375 | BETA (SCALE): 31017.5078125
2023-12-09 14:14:09,306 | INFO | hi-lo.gumbel-kernel : BOTTOM-RIGHT
tensor([[0.1111, 0.1111, 0.1111],
        [0.1111, 0.1111, 0.1111],
        [0.1111, 0.1111, 0.1111]])
2023-12-09 14:14:09,306 | INFO | hi-lo.kernel-accessor : Fetching kernel: gumbel
2023-12-09 14:14:09,306 | INFO | hi-lo.gumbel-kernel : MU (LOCATION): 1 | BETA (SCALE): 1
2023-12-09 14:14:09,307 | INFO | hi-lo.gumbel-kernel : STATIC
tensor([[5.6765e-01, 1.6550e-01, 3.2357e-02],
        [1.6550e-01, 3.2357e-02, 2.1352e-03],
        [3.2357e-02, 2.1352e-03, 7.3562e-06]])
2023-12-09 14:14:17,555 | INFO | hi-lo : END EPOCH:  16 | ACCURACY: 11.89 | LOSS: 2.3143813610076904
2023-12-09 14:14:17,555 | INFO | hi-lo : BEGIN EPOCH 17 =========================================================================
2023-12-09 14:14:17,555 | INFO | hi-lo.kernel-accessor : Fetching kernel: gumbel
2023-12-09 14:14:17,556 | INFO | hi-lo.gumbel-kernel : MU (LOCATION): -0.7515112161636353 | BETA (SCALE): 0.601169764995575
2023-12-09 14:14:17,556 | INFO | hi-lo.gumbel-kernel : TOP-RIGHT
tensor([[0.0000e+00, 4.3989e-24, 1.0000e+00],
        [0.0000e+00, 0.0000e+00, 4.3989e-24],
        [0.0000e+00, 0.0000e+00, 0.0000e+00]])
2023-12-09 14:14:17,556 | INFO | hi-lo.kernel-accessor : Fetching kernel: gumbel
2023-12-09 14:14:17,557 | INFO | hi-lo.gumbel-kernel : MU (LOCATION): 1 | BETA (SCALE): 1
2023-12-09 14:14:17,557 | INFO | hi-lo.gumbel-kernel : STATIC
tensor([[5.6765e-01, 1.6550e-01, 3.2357e-02],
        [1.6550e-01, 3.2357e-02, 2.1352e-03],
        [3.2357e-02, 2.1352e-03, 7.3562e-06]])
2023-12-09 14:14:17,558 | INFO | hi-lo.kernel-accessor : Fetching kernel: gumbel
2023-12-09 14:14:17,558 | INFO | hi-lo.gumbel-kernel : MU (LOCATION): -1598.048095703125 | BETA (SCALE): 10320.974609375
2023-12-09 14:14:17,558 | INFO | hi-lo.gumbel-kernel : BOTTOM-RIGHT
tensor([[0.1111, 0.1111, 0.1111],
        [0.1111, 0.1111, 0.1111],
        [0.1111, 0.1111, 0.1112]])
2023-12-09 14:14:17,559 | INFO | hi-lo.kernel-accessor : Fetching kernel: gumbel
2023-12-09 14:14:17,559 | INFO | hi-lo.gumbel-kernel : MU (LOCATION): 1 | BETA (SCALE): 1
2023-12-09 14:14:17,560 | INFO | hi-lo.gumbel-kernel : STATIC
tensor([[5.6765e-01, 1.6550e-01, 3.2357e-02],
        [1.6550e-01, 3.2357e-02, 2.1352e-03],
        [3.2357e-02, 2.1352e-03, 7.3562e-06]])
2023-12-09 14:14:25,842 | INFO | hi-lo : END EPOCH:  17 | ACCURACY: 12.5 | LOSS: 2.3083271980285645
2023-12-09 14:14:25,842 | INFO | hi-lo : BEGIN EPOCH 18 =========================================================================
2023-12-09 14:14:25,842 | INFO | hi-lo.kernel-accessor : Fetching kernel: gumbel
2023-12-09 14:14:25,843 | INFO | hi-lo.gumbel-kernel : MU (LOCATION): -0.6878294348716736 | BETA (SCALE): 0.6726381778717041
2023-12-09 14:14:25,844 | INFO | hi-lo.gumbel-kernel : BOTTOM-RIGHT
tensor([[0.0000e+00, 0.0000e+00, 0.0000e+00],
        [0.0000e+00, 0.0000e+00, 7.3166e-13],
        [0.0000e+00, 7.3166e-13, 1.0000e+00]])
2023-12-09 14:14:25,844 | INFO | hi-lo.kernel-accessor : Fetching kernel: gumbel
2023-12-09 14:14:25,844 | INFO | hi-lo.gumbel-kernel : MU (LOCATION): -3.2285170555114746 | BETA (SCALE): 30.932296752929688
2023-12-09 14:14:25,845 | INFO | hi-lo.gumbel-kernel : BOTTOM-RIGHT
tensor([[0.0951, 0.1027, 0.1108],
        [0.1027, 0.1108, 0.1193],
        [0.1108, 0.1193, 0.1283]])
2023-12-09 14:14:25,845 | INFO | hi-lo.kernel-accessor : Fetching kernel: gumbel
2023-12-09 14:14:25,845 | INFO | hi-lo.gumbel-kernel : MU (LOCATION): -789.8187866210938 | BETA (SCALE): 5465.4560546875
2023-12-09 14:14:25,846 | INFO | hi-lo.gumbel-kernel : TOP-RIGHT
tensor([[0.1111, 0.1112, 0.1112],
        [0.1111, 0.1111, 0.1112],
        [0.1110, 0.1111, 0.1111]])
2023-12-09 14:14:25,846 | INFO | hi-lo.kernel-accessor : Fetching kernel: gumbel
2023-12-09 14:14:25,846 | INFO | hi-lo.gumbel-kernel : MU (LOCATION): -0.08554252982139587 | BETA (SCALE): 0.31803205609321594
2023-12-09 14:14:25,847 | INFO | hi-lo.gumbel-kernel : BOTTOM-RIGHT
tensor([[0.0000e+00, 0.0000e+00, 0.0000e+00],
        [0.0000e+00, 0.0000e+00, 1.3199e-18],
        [0.0000e+00, 1.3199e-18, 1.0000e+00]])
2023-12-09 14:14:34,101 | INFO | hi-lo : END EPOCH:  18 | ACCURACY: 15.62 | LOSS: 2.2969396114349365
2023-12-09 14:14:34,101 | INFO | hi-lo : BEGIN EPOCH 19 =========================================================================
2023-12-09 14:14:34,101 | INFO | hi-lo.kernel-accessor : Fetching kernel: gumbel
2023-12-09 14:14:34,102 | INFO | hi-lo.gumbel-kernel : MU (LOCATION): -0.7567952275276184 | BETA (SCALE): 0.5927507877349854
2023-12-09 14:14:34,102 | INFO | hi-lo.gumbel-kernel : TOP-RIGHT
tensor([[0.0000e+00, 4.8845e-26, 1.0000e+00],
        [0.0000e+00, 0.0000e+00, 4.8845e-26],
        [0.0000e+00, 0.0000e+00, 0.0000e+00]])
2023-12-09 14:14:34,103 | INFO | hi-lo.kernel-accessor : Fetching kernel: gumbel
2023-12-09 14:14:34,103 | INFO | hi-lo.gumbel-kernel : MU (LOCATION): 1 | BETA (SCALE): 1
2023-12-09 14:14:34,103 | INFO | hi-lo.gumbel-kernel : STATIC
tensor([[5.6765e-01, 1.6550e-01, 3.2357e-02],
        [1.6550e-01, 3.2357e-02, 2.1352e-03],
        [3.2357e-02, 2.1352e-03, 7.3562e-06]])
2023-12-09 14:14:34,104 | INFO | hi-lo.kernel-accessor : Fetching kernel: gumbel
2023-12-09 14:14:34,104 | INFO | hi-lo.gumbel-kernel : MU (LOCATION): -255.0808563232422 | BETA (SCALE): 1674.3074951171875
2023-12-09 14:14:34,104 | INFO | hi-lo.gumbel-kernel : TOP-RIGHT
tensor([[0.1111, 0.1113, 0.1114],
        [0.1110, 0.1111, 0.1113],
        [0.1108, 0.1110, 0.1111]])
2023-12-09 14:14:34,105 | INFO | hi-lo.kernel-accessor : Fetching kernel: gumbel
2023-12-09 14:14:34,105 | INFO | hi-lo.gumbel-kernel : MU (LOCATION): 1 | BETA (SCALE): 1
2023-12-09 14:14:34,105 | INFO | hi-lo.gumbel-kernel : STATIC
tensor([[5.6765e-01, 1.6550e-01, 3.2357e-02],
        [1.6550e-01, 3.2357e-02, 2.1352e-03],
        [3.2357e-02, 2.1352e-03, 7.3562e-06]])
2023-12-09 14:14:42,545 | INFO | hi-lo : END EPOCH:  19 | ACCURACY: 14.84 | LOSS: 2.3172693252563477
2023-12-09 14:14:42,545 | INFO | hi-lo : BEGIN EPOCH 20 =========================================================================
2023-12-09 14:14:42,545 | INFO | hi-lo.kernel-accessor : Fetching kernel: gumbel
2023-12-09 14:14:42,546 | INFO | hi-lo.gumbel-kernel : MU (LOCATION): 1 | BETA (SCALE): 1
2023-12-09 14:14:42,547 | INFO | hi-lo.gumbel-kernel : STATIC
tensor([[5.6765e-01, 1.6550e-01, 3.2357e-02],
        [1.6550e-01, 3.2357e-02, 2.1352e-03],
        [3.2357e-02, 2.1352e-03, 7.3562e-06]])
2023-12-09 14:14:42,547 | INFO | hi-lo.kernel-accessor : Fetching kernel: gumbel
2023-12-09 14:14:42,547 | INFO | hi-lo.gumbel-kernel : MU (LOCATION): -1.2965376377105713 | BETA (SCALE): 12.203217506408691
2023-12-09 14:14:42,548 | INFO | hi-lo.gumbel-kernel : TOP-RIGHT
tensor([[0.1089, 0.1325, 0.1599],
        [0.0886, 0.1089, 0.1325],
        [0.0713, 0.0886, 0.1089]])
2023-12-09 14:14:42,548 | INFO | hi-lo.kernel-accessor : Fetching kernel: gumbel
2023-12-09 14:14:42,548 | INFO | hi-lo.gumbel-kernel : MU (LOCATION): 1 | BETA (SCALE): 1
2023-12-09 14:14:42,549 | INFO | hi-lo.gumbel-kernel : STATIC
tensor([[5.6765e-01, 1.6550e-01, 3.2357e-02],
        [1.6550e-01, 3.2357e-02, 2.1352e-03],
        [3.2357e-02, 2.1352e-03, 7.3562e-06]])
2023-12-09 14:14:42,549 | INFO | hi-lo.kernel-accessor : Fetching kernel: gumbel
2023-12-09 14:14:42,550 | INFO | hi-lo.gumbel-kernel : MU (LOCATION): -0.033359263092279434 | BETA (SCALE): 0.12406942248344421
2023-12-09 14:14:42,550 | INFO | hi-lo.gumbel-kernel : TOP-RIGHT
tensor([[0., 0., 1.],
        [0., 0., 0.],
        [0., 0., 0.]])
2023-12-09 14:14:50,869 | INFO | hi-lo : END EPOCH:  20 | ACCURACY: 11.61 | LOSS: 2.303032875061035
2023-12-09 14:14:50,869 | INFO | hi-lo : BEGIN EPOCH 21 =========================================================================
2023-12-09 14:14:50,869 | INFO | hi-lo.kernel-accessor : Fetching kernel: gumbel
2023-12-09 14:14:50,870 | INFO | hi-lo.gumbel-kernel : MU (LOCATION): 1 | BETA (SCALE): 1
2023-12-09 14:14:50,871 | INFO | hi-lo.gumbel-kernel : STATIC
tensor([[5.6765e-01, 1.6550e-01, 3.2357e-02],
        [1.6550e-01, 3.2357e-02, 2.1352e-03],
        [3.2357e-02, 2.1352e-03, 7.3562e-06]])
2023-12-09 14:14:50,871 | INFO | hi-lo.kernel-accessor : Fetching kernel: gumbel
2023-12-09 14:14:50,871 | INFO | hi-lo.gumbel-kernel : MU (LOCATION): -0.8022988438606262 | BETA (SCALE): 7.531689643859863
2023-12-09 14:14:50,872 | INFO | hi-lo.gumbel-kernel : TOP-RIGHT
tensor([[0.1047, 0.1461, 0.1989],
        [0.0729, 0.1047, 0.1461],
        [0.0491, 0.0729, 0.1047]])
2023-12-09 14:14:50,872 | INFO | hi-lo.kernel-accessor : Fetching kernel: gumbel
2023-12-09 14:14:50,872 | INFO | hi-lo.gumbel-kernel : MU (LOCATION): -36.94097137451172 | BETA (SCALE): 242.04513549804688
2023-12-09 14:14:50,873 | INFO | hi-lo.gumbel-kernel : TOP-RIGHT
tensor([[0.1111, 0.1122, 0.1133],
        [0.1100, 0.1111, 0.1122],
        [0.1089, 0.1100, 0.1111]])
2023-12-09 14:14:50,873 | INFO | hi-lo.kernel-accessor : Fetching kernel: gumbel
2023-12-09 14:14:50,874 | INFO | hi-lo.gumbel-kernel : MU (LOCATION): -0.020829705521464348 | BETA (SCALE): 0.07750138640403748
2023-12-09 14:14:50,874 | INFO | hi-lo.gumbel-kernel : TOP-RIGHT
tensor([[0., 0., 1.],
        [0., 0., 0.],
        [0., 0., 0.]])
2023-12-09 14:14:59,350 | INFO | hi-lo : END EPOCH:  21 | ACCURACY: 20.31 | LOSS: 2.3028604984283447
2023-12-09 14:14:59,350 | INFO | hi-lo : BEGIN EPOCH 22 =========================================================================
