2024-03-03 19:31:32,425 | INFO | hilo : 
+==============================================================+
|                                                              |
| ██████╗  █████╗ ██████╗ ██╗         ██╗      █████╗ ██████╗  |
| ██╔══██╗██╔══██╗██╔══██╗██║         ██║     ██╔══██╗██╔══██╗ |
| ██║  ██║███████║██║  ██║██║         ██║     ███████║██████╔╝ |
| ██║  ██║██╔══██║██║  ██║██║         ██║     ██╔══██║██╔══██╗ |
| ██████╔╝██║  ██║██████╔╝███████╗    ███████╗██║  ██║██████╔╝ |
| ╚═════╝ ╚═╝  ╚═╝╚═════╝ ╚══════╝    ╚══════╝╚═╝  ╚═╝╚═════╝  |
+==============================================================+
|             Hi-Lo Resolution Image Classification            |
|             -------------------------------------            |
|                       Gabriel C. Trahan                      |
|                          Sahan Ahmad                         |
|                       MD  Aminual Islam                      |
+==============================================================+
2024-03-03 19:31:34,014 | INFO | hilo.dataset-accessor : Fetching dataset: cifar10
2024-03-03 19:31:34,014 | INFO | hilo.cifar10-dataset : Initializing transform
2024-03-03 19:31:34,014 | INFO | hilo.cifar10-dataset : Verifying/downloading train data
2024-03-03 19:31:34,619 | INFO | hilo.cifar10-dataset : Verifying/downloading test data
2024-03-03 19:31:35,103 | INFO | hilo.cifar10-dataset : Creating train data loader.
2024-03-03 19:31:35,103 | INFO | hilo.cifar10-dataset : Creating test data loader.
2024-03-03 19:31:35,214 | INFO | hilo : Output directory: output/resnet/cifar10/gaussian/14/20240303_193134/
2024-03-03 19:31:36,201 | INFO | hilo : Using device: NVIDIA GeForce GTX 1060 6GB
2024-03-03 19:31:36,202 | INFO | hilo : Exeucting job: MODEL resnet | DATASET cifar10 | KERNEL gaussian | TYPE 14
2024-03-03 19:31:36,202 | INFO | hilo : Commencing training phase...
2024-03-03 19:31:36,202 | INFO | hilo.kernel-accessor : Fetching kernel: gaussian
2024-03-03 19:31:36,202 | INFO | hilo.gaussian-kernel : Calculating Gaussian distribution (location: 0, scale 1.0)
2024-03-03 19:31:36,203 | INFO | hilo.gaussian-kernel : STATIC:
tensor([[0.3296, 0.1999, 0.0446],
        [0.1999, 0.1212, 0.0271],
        [0.0446, 0.0271, 0.0060]])
2024-03-03 19:31:36,203 | INFO | hilo.kernel-accessor : Fetching kernel: gaussian
2024-03-03 19:31:36,203 | INFO | hilo.gaussian-kernel : Calculating Gaussian distribution (location: 0, scale 1.0)
2024-03-03 19:31:36,204 | INFO | hilo.gaussian-kernel : TOP-RIGHT:
tensor([[0.0446, 0.1999, 0.3296],
        [0.0271, 0.1212, 0.1999],
        [0.0060, 0.0271, 0.0446]])
2024-03-03 19:31:36,204 | INFO | hilo.kernel-accessor : Fetching kernel: gaussian
2024-03-03 19:31:36,204 | INFO | hilo.gaussian-kernel : Calculating Gaussian distribution (location: 0, scale 1.0)
2024-03-03 19:31:36,204 | INFO | hilo.gaussian-kernel : TOP-RIGHT:
tensor([[0.0446, 0.1999, 0.3296],
        [0.0271, 0.1212, 0.1999],
        [0.0060, 0.0271, 0.0446]])
2024-03-03 19:31:36,204 | INFO | hilo.kernel-accessor : Fetching kernel: gaussian
2024-03-03 19:31:36,204 | INFO | hilo.gaussian-kernel : Calculating Gaussian distribution (location: 0, scale 1.0)
2024-03-03 19:31:36,205 | INFO | hilo.gaussian-kernel : STATIC:
tensor([[0.3296, 0.1999, 0.0446],
        [0.1999, 0.1212, 0.0271],
        [0.0446, 0.0271, 0.0060]])
2024-03-03 19:31:36,205 | INFO | hilo.kernel-accessor : Fetching kernel: gaussian
2024-03-03 19:31:36,205 | INFO | hilo.gaussian-kernel : Calculating Gaussian distribution (location: 0, scale 1.0)
2024-03-03 19:31:36,205 | INFO | hilo.gaussian-kernel : TOP-LEFT:
tensor([[0.3296, 0.1999, 0.0446],
        [0.1999, 0.1212, 0.0271],
        [0.0446, 0.0271, 0.0060]])
2024-03-03 19:31:36,205 | INFO | hilo.kernel-accessor : Fetching kernel: gaussian
2024-03-03 19:31:36,205 | INFO | hilo.gaussian-kernel : Calculating Gaussian distribution (location: 0, scale 1.0)
2024-03-03 19:31:36,206 | INFO | hilo.gaussian-kernel : TOP-LEFT:
tensor([[0.3296, 0.1999, 0.0446],
        [0.1999, 0.1212, 0.0271],
        [0.0446, 0.0271, 0.0060]])
2024-03-03 19:31:36,206 | INFO | hilo.kernel-accessor : Fetching kernel: gaussian
2024-03-03 19:31:36,206 | INFO | hilo.gaussian-kernel : Calculating Gaussian distribution (location: 0, scale 1.0)
2024-03-03 19:31:36,206 | INFO | hilo.gaussian-kernel : STATIC:
tensor([[0.3296, 0.1999, 0.0446],
        [0.1999, 0.1212, 0.0271],
        [0.0446, 0.0271, 0.0060]])
2024-03-03 19:31:36,206 | INFO | hilo.kernel-accessor : Fetching kernel: gaussian
2024-03-03 19:31:36,207 | INFO | hilo.gaussian-kernel : Calculating Gaussian distribution (location: 0, scale 1.0)
2024-03-03 19:31:36,207 | INFO | hilo.gaussian-kernel : TOP-LEFT:
tensor([[0.3296, 0.1999, 0.0446],
        [0.1999, 0.1212, 0.0271],
        [0.0446, 0.0271, 0.0060]])
2024-03-03 19:31:36,207 | INFO | hilo.kernel-accessor : Fetching kernel: gaussian
2024-03-03 19:31:36,207 | INFO | hilo.gaussian-kernel : Calculating Gaussian distribution (location: 0, scale 1.0)
2024-03-03 19:31:36,207 | INFO | hilo.gaussian-kernel : BOTTOM-LEFT:
tensor([[0.0446, 0.0271, 0.0060],
        [0.1999, 0.1212, 0.0271],
        [0.3296, 0.1999, 0.0446]])
2024-03-03 19:31:36,208 | INFO | hilo.kernel-accessor : Fetching kernel: gaussian
2024-03-03 19:31:36,208 | INFO | hilo.gaussian-kernel : Calculating Gaussian distribution (location: 0, scale 1.0)
2024-03-03 19:31:36,208 | INFO | hilo.gaussian-kernel : STATIC:
tensor([[0.3296, 0.1999, 0.0446],
        [0.1999, 0.1212, 0.0271],
        [0.0446, 0.0271, 0.0060]])
2024-03-03 19:31:36,208 | INFO | hilo.kernel-accessor : Fetching kernel: gaussian
2024-03-03 19:31:36,208 | INFO | hilo.gaussian-kernel : Calculating Gaussian distribution (location: 0, scale 1.0)
2024-03-03 19:31:36,209 | INFO | hilo.gaussian-kernel : TOP-RIGHT:
tensor([[0.0446, 0.1999, 0.3296],
        [0.0271, 0.1212, 0.1999],
        [0.0060, 0.0271, 0.0446]])
2024-03-03 19:31:36,209 | INFO | hilo.kernel-accessor : Fetching kernel: gaussian
2024-03-03 19:31:36,209 | INFO | hilo.gaussian-kernel : Calculating Gaussian distribution (location: 0, scale 1.0)
2024-03-03 19:31:36,209 | INFO | hilo.gaussian-kernel : BOTTOM-LEFT:
tensor([[0.0446, 0.0271, 0.0060],
        [0.1999, 0.1212, 0.0271],
        [0.3296, 0.1999, 0.0446]])
2024-03-03 19:31:36,209 | INFO | hilo.kernel-accessor : Fetching kernel: gaussian
2024-03-03 19:31:36,209 | INFO | hilo.gaussian-kernel : Calculating Gaussian distribution (location: 0, scale 1.0)
2024-03-03 19:31:36,210 | INFO | hilo.gaussian-kernel : BOTTOM-RIGHT:
tensor([[0.0060, 0.0271, 0.0446],
        [0.0271, 0.1212, 0.1999],
        [0.0446, 0.1999, 0.3296]])
2024-03-03 19:31:36,210 | INFO | hilo.kernel-accessor : Fetching kernel: gaussian
2024-03-03 19:31:36,210 | INFO | hilo.gaussian-kernel : Calculating Gaussian distribution (location: 0, scale 1.0)
2024-03-03 19:31:36,210 | INFO | hilo.gaussian-kernel : BOTTOM-LEFT:
tensor([[0.0446, 0.0271, 0.0060],
        [0.1999, 0.1212, 0.0271],
        [0.3296, 0.1999, 0.0446]])
2024-03-03 19:31:36,210 | INFO | hilo.kernel-accessor : Fetching kernel: gaussian
2024-03-03 19:31:36,210 | INFO | hilo.gaussian-kernel : Calculating Gaussian distribution (location: 0, scale 1.0)
2024-03-03 19:31:36,211 | INFO | hilo.gaussian-kernel : BOTTOM-RIGHT:
tensor([[0.0060, 0.0271, 0.0446],
        [0.0271, 0.1212, 0.1999],
        [0.0446, 0.1999, 0.3296]])
2024-03-03 19:31:36,211 | INFO | hilo.kernel-accessor : Fetching kernel: gaussian
2024-03-03 19:31:36,211 | INFO | hilo.gaussian-kernel : Calculating Gaussian distribution (location: 0, scale 1.0)
2024-03-03 19:31:36,211 | INFO | hilo.gaussian-kernel : STATIC:
tensor([[0.3296, 0.1999, 0.0446],
        [0.1999, 0.1212, 0.0271],
        [0.0446, 0.0271, 0.0060]])
2024-03-03 19:31:36,211 | INFO | hilo.kernel-accessor : Fetching kernel: gaussian
2024-03-03 19:31:36,211 | INFO | hilo.gaussian-kernel : Calculating Gaussian distribution (location: 0, scale 1.0)
2024-03-03 19:31:36,212 | INFO | hilo.gaussian-kernel : BOTTOM-RIGHT:
tensor([[0.0060, 0.0271, 0.0446],
        [0.0271, 0.1212, 0.1999],
        [0.0446, 0.1999, 0.3296]])
2024-03-03 19:32:57,855 | INFO | hilo : Epoch   1/200 | Accuracy:  33.3594 | Loss:   1.8494
2024-03-03 19:32:57,855 | INFO | hilo.kernel-accessor : Fetching kernel: gaussian
2024-03-03 19:32:57,856 | INFO | hilo.gaussian-kernel : Calculating Gaussian distribution (location: -0.003171626478433609, scale 0.6944407820701599)
2024-03-03 19:32:57,856 | INFO | hilo.gaussian-kernel : STATIC:
tensor([[5.3446e-01, 1.8827e-01, 8.3383e-03],
        [1.8827e-01, 6.6320e-02, 2.9373e-03],
        [8.3383e-03, 2.9373e-03, 1.3009e-04]])
2024-03-03 19:32:57,857 | INFO | hilo.kernel-accessor : Fetching kernel: gaussian
2024-03-03 19:32:57,857 | INFO | hilo.gaussian-kernel : Calculating Gaussian distribution (location: -0.33493131399154663, scale 1.6690207719802856)
2024-03-03 19:32:57,857 | INFO | hilo.gaussian-kernel : TOP-LEFT:
tensor([[0.2216, 0.1642, 0.0850],
        [0.1642, 0.1217, 0.0630],
        [0.0850, 0.0630, 0.0326]])
2024-03-03 19:32:57,858 | INFO | hilo.kernel-accessor : Fetching kernel: gaussian
2024-03-03 19:32:57,858 | INFO | hilo.gaussian-kernel : Calculating Gaussian distribution (location: -0.10881496220827103, scale 1.5972344875335693)
2024-03-03 19:32:57,858 | INFO | hilo.gaussian-kernel : STATIC:
tensor([[0.2053, 0.1617, 0.0861],
        [0.1617, 0.1274, 0.0678],
        [0.0861, 0.0678, 0.0361]])
2024-03-03 19:32:57,859 | INFO | hilo.kernel-accessor : Fetching kernel: gaussian
2024-03-03 19:32:57,859 | INFO | hilo.gaussian-kernel : Calculating Gaussian distribution (location: -0.3500681519508362, scale 1.7348555326461792)
2024-03-03 19:32:57,859 | INFO | hilo.gaussian-kernel : STATIC:
tensor([[0.2140, 0.1613, 0.0873],
        [0.1613, 0.1216, 0.0658],
        [0.0873, 0.0658, 0.0356]])
2024-03-03 19:32:57,860 | INFO | hilo.kernel-accessor : Fetching kernel: gaussian
2024-03-03 19:32:57,860 | INFO | hilo.gaussian-kernel : Calculating Gaussian distribution (location: -0.3433194160461426, scale 1.6329224109649658)
2024-03-03 19:32:57,861 | INFO | hilo.gaussian-kernel : BOTTOM-RIGHT:
tensor([[0.0304, 0.0607, 0.0833],
        [0.0607, 0.1212, 0.1662],
        [0.0833, 0.1662, 0.2281]])
2024-03-03 19:32:57,861 | INFO | hilo.kernel-accessor : Fetching kernel: gaussian
2024-03-03 19:32:57,861 | INFO | hilo.gaussian-kernel : Calculating Gaussian distribution (location: -0.1540725827217102, scale 1.1865161657333374)
2024-03-03 19:32:57,862 | INFO | hilo.gaussian-kernel : TOP-RIGHT:
tensor([[0.0584, 0.1892, 0.3011],
        [0.0367, 0.1189, 0.1892],
        [0.0113, 0.0367, 0.0584]])
2024-03-03 19:32:57,862 | INFO | hilo.kernel-accessor : Fetching kernel: gaussian
2024-03-03 19:32:57,862 | INFO | hilo.gaussian-kernel : Calculating Gaussian distribution (location: -0.1425049602985382, scale 1.327908992767334)
2024-03-03 19:32:57,863 | INFO | hilo.gaussian-kernel : BOTTOM-RIGHT:
tensor([[0.0193, 0.0491, 0.0706],
        [0.0491, 0.1245, 0.1793],
        [0.0706, 0.1793, 0.2581]])
2024-03-03 19:32:57,863 | INFO | hilo.kernel-accessor : Fetching kernel: gaussian
2024-03-03 19:32:57,863 | INFO | hilo.gaussian-kernel : Calculating Gaussian distribution (location: -0.1909235715866089, scale 1.3377593755722046)
2024-03-03 19:32:57,864 | INFO | hilo.gaussian-kernel : STATIC:
tensor([[0.2646, 0.1799, 0.0699],
        [0.1799, 0.1223, 0.0475],
        [0.0699, 0.0475, 0.0185]])
2024-03-03 19:32:57,864 | INFO | hilo.kernel-accessor : Fetching kernel: gaussian
2024-03-03 19:32:57,864 | INFO | hilo.gaussian-kernel : Calculating Gaussian distribution (location: -0.047098517417907715, scale 1.2347142696380615)
2024-03-03 19:32:57,865 | INFO | hilo.gaussian-kernel : STATIC:
tensor([[0.2625, 0.1834, 0.0665],
        [0.1834, 0.1281, 0.0464],
        [0.0665, 0.0464, 0.0168]])
2024-03-03 19:32:57,865 | INFO | hilo.kernel-accessor : Fetching kernel: gaussian
2024-03-03 19:32:57,865 | INFO | hilo.gaussian-kernel : Calculating Gaussian distribution (location: -0.04081282392144203, scale 1.136293649673462)
2024-03-03 19:32:57,866 | INFO | hilo.gaussian-kernel : TOP-LEFT:
tensor([[0.2899, 0.1907, 0.0578],
        [0.1907, 0.1254, 0.0380],
        [0.0578, 0.0380, 0.0115]])
2024-03-03 19:32:57,866 | INFO | hilo.kernel-accessor : Fetching kernel: gaussian
2024-03-03 19:32:57,866 | INFO | hilo.gaussian-kernel : Calculating Gaussian distribution (location: -0.2237827330827713, scale 1.3472800254821777)
2024-03-03 19:32:57,866 | INFO | hilo.gaussian-kernel : STATIC:
tensor([[0.2682, 0.1800, 0.0696],
        [0.1800, 0.1208, 0.0467],
        [0.0696, 0.0467, 0.0181]])
2024-03-03 19:32:57,867 | INFO | hilo.kernel-accessor : Fetching kernel: gaussian
2024-03-03 19:32:57,867 | INFO | hilo.gaussian-kernel : Calculating Gaussian distribution (location: -0.1639532744884491, scale 1.333316683769226)
2024-03-03 19:32:57,868 | INFO | hilo.gaussian-kernel : BOTTOM-RIGHT:
tensor([[0.0190, 0.0485, 0.0704],
        [0.0485, 0.1235, 0.1795],
        [0.0704, 0.1795, 0.2608]])
2024-03-03 19:32:57,868 | INFO | hilo.kernel-accessor : Fetching kernel: gaussian
2024-03-03 19:32:57,868 | INFO | hilo.gaussian-kernel : Calculating Gaussian distribution (location: -0.26383963227272034, scale 1.2964946031570435)
2024-03-03 19:32:57,869 | INFO | hilo.gaussian-kernel : BOTTOM-RIGHT:
tensor([[0.0143, 0.0409, 0.0645],
        [0.0409, 0.1168, 0.1841],
        [0.0645, 0.1841, 0.2900]])
2024-03-03 19:32:57,869 | INFO | hilo.kernel-accessor : Fetching kernel: gaussian
2024-03-03 19:32:57,869 | INFO | hilo.gaussian-kernel : Calculating Gaussian distribution (location: -0.06116576865315437, scale 0.8240458369255066)
2024-03-03 19:32:57,870 | INFO | hilo.gaussian-kernel : STATIC:
tensor([[0.4556, 0.1994, 0.0200],
        [0.1994, 0.0873, 0.0088],
        [0.0200, 0.0088, 0.0009]])
2024-03-03 19:32:57,870 | INFO | hilo.kernel-accessor : Fetching kernel: gaussian
2024-03-03 19:32:57,870 | INFO | hilo.gaussian-kernel : Calculating Gaussian distribution (location: -0.13402390480041504, scale 1.0569835901260376)
2024-03-03 19:32:57,871 | INFO | hilo.gaussian-kernel : BOTTOM-RIGHT:
tensor([[0.0060, 0.0258, 0.0455],
        [0.0258, 0.1114, 0.1966],
        [0.0455, 0.1966, 0.3467]])
2024-03-03 19:32:57,871 | INFO | hilo.kernel-accessor : Fetching kernel: gaussian
2024-03-03 19:32:57,871 | INFO | hilo.gaussian-kernel : Calculating Gaussian distribution (location: -0.15707042813301086, scale 0.9730733633041382)
2024-03-03 19:32:57,872 | INFO | hilo.gaussian-kernel : BOTTOM-LEFT:
tensor([[0.0345, 0.0172, 0.0030],
        [0.1985, 0.0992, 0.0172],
        [0.3973, 0.1985, 0.0345]])
2024-03-03 19:32:57,872 | INFO | hilo.kernel-accessor : Fetching kernel: gaussian
2024-03-03 19:32:57,872 | INFO | hilo.gaussian-kernel : Calculating Gaussian distribution (location: -0.005892552435398102, scale 0.7970097064971924)
2024-03-03 19:32:57,873 | INFO | hilo.gaussian-kernel : TOP-LEFT:
tensor([[0.4486, 0.2023, 0.0189],
        [0.2023, 0.0912, 0.0085],
        [0.0189, 0.0085, 0.0008]])
2024-03-03 19:34:18,732 | INFO | hilo : Epoch   2/200 | Accuracy:  42.1875 | Loss:   1.7838
2024-03-03 19:34:18,732 | INFO | hilo.kernel-accessor : Fetching kernel: gaussian
2024-03-03 19:34:18,732 | INFO | hilo.gaussian-kernel : Calculating Gaussian distribution (location: -0.005157347768545151, scale 0.7034093141555786)
2024-03-03 19:34:18,733 | INFO | hilo.gaussian-kernel : STATIC:
tensor([[5.2705e-01, 1.8987e-01, 9.0638e-03],
        [1.8987e-01, 6.8400e-02, 3.2652e-03],
        [9.0638e-03, 3.2652e-03, 1.5587e-04]])
2024-03-03 19:34:18,733 | INFO | hilo.kernel-accessor : Fetching kernel: gaussian
2024-03-03 19:34:18,733 | INFO | hilo.gaussian-kernel : Calculating Gaussian distribution (location: -0.45956945419311523, scale 1.5603926181793213)
2024-03-03 19:34:18,734 | INFO | hilo.gaussian-kernel : TOP-LEFT:
tensor([[0.2562, 0.1727, 0.0772],
        [0.1727, 0.1165, 0.0521],
        [0.0772, 0.0521, 0.0233]])
2024-03-03 19:34:18,734 | INFO | hilo.kernel-accessor : Fetching kernel: gaussian
2024-03-03 19:34:18,734 | INFO | hilo.gaussian-kernel : Calculating Gaussian distribution (location: -0.16900423169136047, scale 1.303369164466858)
2024-03-03 19:34:18,734 | INFO | hilo.gaussian-kernel : STATIC:
tensor([[0.2693, 0.1816, 0.0680],
        [0.1816, 0.1225, 0.0459],
        [0.0680, 0.0459, 0.0172]])
2024-03-03 19:34:18,735 | INFO | hilo.kernel-accessor : Fetching kernel: gaussian
2024-03-03 19:34:18,735 | INFO | hilo.gaussian-kernel : Calculating Gaussian distribution (location: -0.380775511264801, scale 1.2719305753707886)
2024-03-03 19:34:18,735 | INFO | hilo.gaussian-kernel : BOTTOM-RIGHT:
tensor([[0.0106, 0.0339, 0.0585],
        [0.0339, 0.1085, 0.1870],
        [0.0585, 0.1870, 0.3222]])
2024-03-03 19:34:18,736 | INFO | hilo.kernel-accessor : Fetching kernel: gaussian
2024-03-03 19:34:18,736 | INFO | hilo.gaussian-kernel : Calculating Gaussian distribution (location: -0.17234772443771362, scale 1.169071078300476)
2024-03-03 19:34:18,736 | INFO | hilo.gaussian-kernel : BOTTOM-LEFT:
tensor([[0.0561, 0.0343, 0.0101],
        [0.1906, 0.1165, 0.0343],
        [0.3116, 0.1906, 0.0561]])
2024-03-03 19:34:18,736 | INFO | hilo.kernel-accessor : Fetching kernel: gaussian
2024-03-03 19:34:18,737 | INFO | hilo.gaussian-kernel : Calculating Gaussian distribution (location: -0.1308560073375702, scale 0.9151861667633057)
2024-03-03 19:34:18,737 | INFO | hilo.gaussian-kernel : TOP-LEFT:
tensor([[0.4227, 0.1990, 0.0284],
        [0.1990, 0.0937, 0.0134],
        [0.0284, 0.0134, 0.0019]])
2024-03-03 19:34:18,737 | INFO | hilo.kernel-accessor : Fetching kernel: gaussian
2024-03-03 19:34:18,737 | INFO | hilo.gaussian-kernel : Calculating Gaussian distribution (location: -0.2033710479736328, scale 1.0052224397659302)
2024-03-03 19:34:18,738 | INFO | hilo.gaussian-kernel : BOTTOM-RIGHT:
tensor([[0.0034, 0.0182, 0.0365],
        [0.0182, 0.0982, 0.1970],
        [0.0365, 0.1970, 0.3951]])
2024-03-03 19:34:18,738 | INFO | hilo.kernel-accessor : Fetching kernel: gaussian
2024-03-03 19:34:18,738 | INFO | hilo.gaussian-kernel : Calculating Gaussian distribution (location: -0.17227664589881897, scale 0.9371869564056396)
2024-03-03 19:34:18,739 | INFO | hilo.gaussian-kernel : TOP-LEFT:
tensor([[0.4247, 0.1976, 0.0294],
        [0.1976, 0.0919, 0.0137],
        [0.0294, 0.0137, 0.0020]])
2024-03-03 19:34:18,739 | INFO | hilo.kernel-accessor : Fetching kernel: gaussian
2024-03-03 19:34:18,739 | INFO | hilo.gaussian-kernel : Calculating Gaussian distribution (location: -0.10685637593269348, scale 0.9782275557518005)
2024-03-03 19:34:18,739 | INFO | hilo.gaussian-kernel : BOTTOM-LEFT:
tensor([[0.0373, 0.0198, 0.0037],
        [0.1998, 0.1060, 0.0198],
        [0.3767, 0.1998, 0.0373]])
2024-03-03 19:34:18,740 | INFO | hilo.kernel-accessor : Fetching kernel: gaussian
2024-03-03 19:34:18,740 | INFO | hilo.gaussian-kernel : Calculating Gaussian distribution (location: -0.08083698153495789, scale 0.8634974956512451)
2024-03-03 19:34:18,740 | INFO | hilo.gaussian-kernel : TOP-RIGHT:
tensor([[0.0240, 0.2002, 0.4363],
        [0.0110, 0.0919, 0.2002],
        [0.0013, 0.0110, 0.0240]])
2024-03-03 19:34:18,740 | INFO | hilo.kernel-accessor : Fetching kernel: gaussian
2024-03-03 19:34:18,741 | INFO | hilo.gaussian-kernel : Calculating Gaussian distribution (location: -0.21145759522914886, scale 0.9961605668067932)
2024-03-03 19:34:18,741 | INFO | hilo.gaussian-kernel : STATIC:
tensor([[0.4030, 0.1968, 0.0351],
        [0.1968, 0.0961, 0.0171],
        [0.0351, 0.0171, 0.0031]])
2024-03-03 19:34:18,741 | INFO | hilo.kernel-accessor : Fetching kernel: gaussian
2024-03-03 19:34:18,742 | INFO | hilo.gaussian-kernel : Calculating Gaussian distribution (location: -0.14485715329647064, scale 0.9703519940376282)
2024-03-03 19:34:18,742 | INFO | hilo.gaussian-kernel : TOP-RIGHT:
tensor([[0.0347, 0.1989, 0.3945],
        [0.0175, 0.1003, 0.1989],
        [0.0030, 0.0175, 0.0347]])
2024-03-03 19:34:18,742 | INFO | hilo.kernel-accessor : Fetching kernel: gaussian
2024-03-03 19:34:18,742 | INFO | hilo.gaussian-kernel : Calculating Gaussian distribution (location: -0.10675497353076935, scale 0.9807350039482117)
2024-03-03 19:34:18,743 | INFO | hilo.gaussian-kernel : BOTTOM-RIGHT:
tensor([[0.0038, 0.0200, 0.0376],
        [0.0200, 0.1063, 0.1997],
        [0.0376, 0.1997, 0.3753]])
2024-03-03 19:34:18,743 | INFO | hilo.kernel-accessor : Fetching kernel: gaussian
2024-03-03 19:34:18,743 | INFO | hilo.gaussian-kernel : Calculating Gaussian distribution (location: 0.031849510967731476, scale 0.7488800883293152)
2024-03-03 19:34:18,744 | INFO | hilo.gaussian-kernel : TOP-RIGHT:
tensor([[0.0147, 0.2020, 0.4655],
        [0.0064, 0.0877, 0.2020],
        [0.0005, 0.0064, 0.0147]])
2024-03-03 19:34:18,744 | INFO | hilo.kernel-accessor : Fetching kernel: gaussian
2024-03-03 19:34:18,744 | INFO | hilo.gaussian-kernel : Calculating Gaussian distribution (location: -0.09108008444309235, scale 0.9017511606216431)
2024-03-03 19:34:18,744 | INFO | hilo.gaussian-kernel : TOP-LEFT:
tensor([[0.4153, 0.2008, 0.0284],
        [0.2008, 0.0971, 0.0137],
        [0.0284, 0.0137, 0.0019]])
2024-03-03 19:34:18,745 | INFO | hilo.kernel-accessor : Fetching kernel: gaussian
2024-03-03 19:34:18,745 | INFO | hilo.gaussian-kernel : Calculating Gaussian distribution (location: -0.05994986742734909, scale 0.9289000630378723)
2024-03-03 19:34:18,745 | INFO | hilo.gaussian-kernel : BOTTOM-RIGHT:
tensor([[0.0028, 0.0173, 0.0331],
        [0.0173, 0.1056, 0.2020],
        [0.0331, 0.2020, 0.3866]])
2024-03-03 19:34:18,745 | INFO | hilo.kernel-accessor : Fetching kernel: gaussian
2024-03-03 19:34:18,746 | INFO | hilo.gaussian-kernel : Calculating Gaussian distribution (location: -0.032870952039957047, scale 1.077032446861267)
2024-03-03 19:34:18,746 | INFO | hilo.gaussian-kernel : STATIC:
tensor([[0.3086, 0.1949, 0.0520],
        [0.1949, 0.1231, 0.0328],
        [0.0520, 0.0328, 0.0088]])
2024-03-03 19:35:39,597 | INFO | hilo : Epoch   3/200 | Accuracy:  39.9554 | Loss:   1.5853
2024-03-03 19:35:39,598 | INFO | hilo.kernel-accessor : Fetching kernel: gaussian
2024-03-03 19:35:39,598 | INFO | hilo.gaussian-kernel : Calculating Gaussian distribution (location: 0.004186543636023998, scale 0.7555306553840637)
2024-03-03 19:35:39,598 | INFO | hilo.gaussian-kernel : BOTTOM-RIGHT:
tensor([[4.4330e-04, 6.0916e-03, 1.4520e-02],
        [6.0916e-03, 8.3709e-02, 1.9952e-01],
        [1.4520e-02, 1.9952e-01, 4.7558e-01]])
2024-03-03 19:35:39,599 | INFO | hilo.kernel-accessor : Fetching kernel: gaussian
2024-03-03 19:35:39,599 | INFO | hilo.gaussian-kernel : Calculating Gaussian distribution (location: -0.9439446926116943, scale 2.220973253250122)
2024-03-03 19:35:39,599 | INFO | hilo.gaussian-kernel : BOTTOM-RIGHT:
tensor([[0.0427, 0.0700, 0.0939],
        [0.0700, 0.1150, 0.1541],
        [0.0939, 0.1541, 0.2064]])
2024-03-03 19:35:39,599 | INFO | hilo.kernel-accessor : Fetching kernel: gaussian
2024-03-03 19:35:39,599 | INFO | hilo.gaussian-kernel : Calculating Gaussian distribution (location: -0.19089511036872864, scale 1.123352289199829)
2024-03-03 19:35:39,600 | INFO | hilo.gaussian-kernel : BOTTOM-LEFT:
tensor([[0.0506, 0.0293, 0.0077],
        [0.1933, 0.1118, 0.0293],
        [0.3342, 0.1933, 0.0506]])
2024-03-03 19:35:39,600 | INFO | hilo.kernel-accessor : Fetching kernel: gaussian
2024-03-03 19:35:39,600 | INFO | hilo.gaussian-kernel : Calculating Gaussian distribution (location: -0.32430803775787354, scale 0.9772544503211975)
2024-03-03 19:35:39,600 | INFO | hilo.gaussian-kernel : STATIC:
tensor([[0.4539, 0.1915, 0.0283],
        [0.1915, 0.0808, 0.0120],
        [0.0283, 0.0120, 0.0018]])
2024-03-03 19:35:39,600 | INFO | hilo.kernel-accessor : Fetching kernel: gaussian
2024-03-03 19:35:39,600 | INFO | hilo.gaussian-kernel : Calculating Gaussian distribution (location: -0.09375227987766266, scale 0.8352347612380981)
2024-03-03 19:35:39,601 | INFO | hilo.gaussian-kernel : BOTTOM-RIGHT:
tensor([[0.0009, 0.0086, 0.0201],
        [0.0086, 0.0843, 0.1975],
        [0.0201, 0.1975, 0.4625]])
2024-03-03 19:35:39,601 | INFO | hilo.kernel-accessor : Fetching kernel: gaussian
2024-03-03 19:35:39,601 | INFO | hilo.gaussian-kernel : Calculating Gaussian distribution (location: -0.05587690323591232, scale 0.7590360641479492)
2024-03-03 19:35:39,601 | INFO | hilo.gaussian-kernel : TOP-RIGHT:
tensor([[1.2935e-02, 1.9258e-01, 5.0540e-01],
        [4.9290e-03, 7.3382e-02, 1.9258e-01],
        [3.3108e-04, 4.9290e-03, 1.2935e-02]])
2024-03-03 19:35:39,601 | INFO | hilo.kernel-accessor : Fetching kernel: gaussian
2024-03-03 19:35:39,601 | INFO | hilo.gaussian-kernel : Calculating Gaussian distribution (location: -0.058779843151569366, scale 0.8336058855056763)
2024-03-03 19:35:39,602 | INFO | hilo.gaussian-kernel : STATIC:
tensor([[0.4474, 0.2002, 0.0212],
        [0.2002, 0.0896, 0.0095],
        [0.0212, 0.0095, 0.0010]])
2024-03-03 19:35:39,602 | INFO | hilo.kernel-accessor : Fetching kernel: gaussian
2024-03-03 19:35:39,602 | INFO | hilo.gaussian-kernel : Calculating Gaussian distribution (location: -0.0211334265768528, scale 0.8318436741828918)
2024-03-03 19:35:39,602 | INFO | hilo.gaussian-kernel : STATIC:
tensor([[0.4310, 0.2030, 0.0225],
        [0.2030, 0.0956, 0.0106],
        [0.0225, 0.0106, 0.0012]])
2024-03-03 19:35:39,602 | INFO | hilo.kernel-accessor : Fetching kernel: gaussian
2024-03-03 19:35:39,602 | INFO | hilo.gaussian-kernel : Calculating Gaussian distribution (location: -0.0682038813829422, scale 0.8722643256187439)
2024-03-03 19:35:39,603 | INFO | hilo.gaussian-kernel : BOTTOM-RIGHT:
tensor([[0.0015, 0.0121, 0.0256],
        [0.0121, 0.0954, 0.2013],
        [0.0256, 0.2013, 0.4248]])
2024-03-03 19:35:39,603 | INFO | hilo.kernel-accessor : Fetching kernel: gaussian
2024-03-03 19:35:39,603 | INFO | hilo.gaussian-kernel : Calculating Gaussian distribution (location: -0.04666062071919441, scale 0.6725043654441833)
2024-03-03 19:35:39,603 | INFO | hilo.gaussian-kernel : BOTTOM-LEFT:
tensor([[5.7069e-03, 1.7039e-03, 5.5749e-05],
        [1.7443e-01, 5.2080e-02, 1.7039e-03],
        [5.8419e-01, 1.7443e-01, 5.7069e-03]])
2024-03-03 19:35:39,603 | INFO | hilo.kernel-accessor : Fetching kernel: gaussian
2024-03-03 19:35:39,604 | INFO | hilo.gaussian-kernel : Calculating Gaussian distribution (location: -0.10482949018478394, scale 0.7601945400238037)
2024-03-03 19:35:39,604 | INFO | hilo.gaussian-kernel : TOP-LEFT:
tensor([[5.3049e-01, 1.8627e-01, 1.1590e-02],
        [1.8627e-01, 6.5404e-02, 4.0697e-03],
        [1.1590e-02, 4.0697e-03, 2.5323e-04]])
2024-03-03 19:35:39,604 | INFO | hilo.kernel-accessor : Fetching kernel: gaussian
2024-03-03 19:35:39,604 | INFO | hilo.gaussian-kernel : Calculating Gaussian distribution (location: -0.05006193369626999, scale 0.7488267421722412)
2024-03-03 19:35:39,604 | INFO | hilo.gaussian-kernel : BOTTOM-LEFT:
tensor([[1.2080e-02, 4.5295e-03, 2.8545e-04],
        [1.9169e-01, 7.1875e-02, 4.5295e-03],
        [5.1124e-01, 1.9169e-01, 1.2080e-02]])
2024-03-03 19:35:39,605 | INFO | hilo.kernel-accessor : Fetching kernel: gaussian
2024-03-03 19:35:39,605 | INFO | hilo.gaussian-kernel : Calculating Gaussian distribution (location: 0.010310008190572262, scale 0.7450716495513916)
2024-03-03 19:35:39,605 | INFO | hilo.gaussian-kernel : STATIC:
tensor([[4.8079e-01, 1.9900e-01, 1.3597e-02],
        [1.9900e-01, 8.2369e-02, 5.6278e-03],
        [1.3597e-02, 5.6278e-03, 3.8451e-04]])
2024-03-03 19:35:39,605 | INFO | hilo.kernel-accessor : Fetching kernel: gaussian
2024-03-03 19:35:39,605 | INFO | hilo.gaussian-kernel : Calculating Gaussian distribution (location: 0.06867177039384842, scale 0.5952966809272766)
2024-03-03 19:35:39,606 | INFO | hilo.gaussian-kernel : STATIC:
tensor([[5.9054e-01, 1.7485e-01, 3.0800e-03],
        [1.7485e-01, 5.1767e-02, 9.1190e-04],
        [3.0800e-03, 9.1190e-04, 1.6063e-05]])
2024-03-03 19:35:39,606 | INFO | hilo.kernel-accessor : Fetching kernel: gaussian
2024-03-03 19:35:39,606 | INFO | hilo.gaussian-kernel : Calculating Gaussian distribution (location: 0.028559647500514984, scale 0.6470341682434082)
2024-03-03 19:35:39,606 | INFO | hilo.gaussian-kernel : BOTTOM-RIGHT:
tensor([[5.2334e-05, 1.7587e-03, 5.4232e-03],
        [1.7587e-03, 5.9104e-02, 1.8225e-01],
        [5.4232e-03, 1.8225e-01, 5.6198e-01]])
2024-03-03 19:35:39,606 | INFO | hilo.kernel-accessor : Fetching kernel: gaussian
2024-03-03 19:35:39,606 | INFO | hilo.gaussian-kernel : Calculating Gaussian distribution (location: -0.047195978462696075, scale 0.7413849830627441)
2024-03-03 19:35:39,607 | INFO | hilo.gaussian-kernel : TOP-LEFT:
tensor([[5.1633e-01, 1.9080e-01, 1.1431e-02],
        [1.9080e-01, 7.0505e-02, 4.2242e-03],
        [1.1431e-02, 4.2242e-03, 2.5308e-04]])
2024-03-03 19:35:39,607 | INFO | hilo.kernel-accessor : Fetching kernel: gaussian
2024-03-03 19:35:39,607 | INFO | hilo.gaussian-kernel : Calculating Gaussian distribution (location: -0.16797295212745667, scale 0.9139285087585449)
2024-03-03 19:35:39,607 | INFO | hilo.gaussian-kernel : BOTTOM-RIGHT:
tensor([[0.0016, 0.0120, 0.0267],
        [0.0120, 0.0885, 0.1970],
        [0.0267, 0.1970, 0.4383]])
2024-03-03 19:37:00,463 | INFO | hilo : Epoch   4/200 | Accuracy:  39.5444 | Loss:   1.5289
2024-03-03 19:37:00,463 | INFO | hilo.kernel-accessor : Fetching kernel: gaussian
2024-03-03 19:37:00,463 | INFO | hilo.gaussian-kernel : Calculating Gaussian distribution (location: -0.006968373898416758, scale 0.7580655813217163)
2024-03-03 19:37:00,464 | INFO | hilo.gaussian-kernel : BOTTOM-RIGHT:
tensor([[4.3340e-04, 5.9671e-03, 1.4418e-02],
        [5.9671e-03, 8.2156e-02, 1.9851e-01],
        [1.4418e-02, 1.9851e-01, 4.7963e-01]])
2024-03-03 19:37:00,464 | INFO | hilo.kernel-accessor : Fetching kernel: gaussian
2024-03-03 19:37:00,465 | INFO | hilo.gaussian-kernel : Calculating Gaussian distribution (location: -1.0040512084960938, scale 2.3192906379699707)
2024-03-03 19:37:00,465 | INFO | hilo.gaussian-kernel : STATIC:
tensor([[0.2010, 0.1519, 0.0954],
        [0.1519, 0.1149, 0.0721],
        [0.0954, 0.0721, 0.0453]])
2024-03-03 19:37:00,465 | INFO | hilo.kernel-accessor : Fetching kernel: gaussian
2024-03-03 19:37:00,466 | INFO | hilo.gaussian-kernel : Calculating Gaussian distribution (location: -0.2590338885784149, scale 1.1313166618347168)
2024-03-03 19:37:00,466 | INFO | hilo.gaussian-kernel : BOTTOM-LEFT:
tensor([[0.0488, 0.0270, 0.0068],
        [0.1929, 0.1066, 0.0270],
        [0.3491, 0.1929, 0.0488]])
2024-03-03 19:37:00,466 | INFO | hilo.kernel-accessor : Fetching kernel: gaussian
2024-03-03 19:37:00,467 | INFO | hilo.gaussian-kernel : Calculating Gaussian distribution (location: -0.24947434663772583, scale 0.9044700860977173)
2024-03-03 19:37:00,467 | INFO | hilo.gaussian-kernel : TOP-LEFT:
tensor([[0.4775, 0.1910, 0.0225],
        [0.1910, 0.0764, 0.0090],
        [0.0225, 0.0090, 0.0011]])
2024-03-03 19:37:00,467 | INFO | hilo.kernel-accessor : Fetching kernel: gaussian
2024-03-03 19:37:00,468 | INFO | hilo.gaussian-kernel : Calculating Gaussian distribution (location: -0.05387391895055771, scale 0.7667804956436157)
2024-03-03 19:37:00,468 | INFO | hilo.gaussian-kernel : TOP-LEFT:
tensor([[4.9763e-01, 1.9399e-01, 1.3804e-02],
        [1.9399e-01, 7.5625e-02, 5.3813e-03],
        [1.3804e-02, 5.3813e-03, 3.8292e-04]])
2024-03-03 19:37:00,468 | INFO | hilo.kernel-accessor : Fetching kernel: gaussian
2024-03-03 19:37:00,469 | INFO | hilo.gaussian-kernel : Calculating Gaussian distribution (location: -0.02720586583018303, scale 0.6610989570617676)
2024-03-03 19:37:00,469 | INFO | hilo.gaussian-kernel : STATIC:
tensor([[5.8414e-01, 1.7484e-01, 5.3097e-03],
        [1.7484e-01, 5.2331e-02, 1.5892e-03],
        [5.3097e-03, 1.5892e-03, 4.8263e-05]])
2024-03-03 19:37:00,469 | INFO | hilo.kernel-accessor : Fetching kernel: gaussian
2024-03-03 19:37:00,470 | INFO | hilo.gaussian-kernel : Calculating Gaussian distribution (location: 0.026733867824077606, scale 0.6815205216407776)
2024-03-03 19:37:00,470 | INFO | hilo.gaussian-kernel : BOTTOM-LEFT:
tensor([[7.9914e-03, 2.8847e-03, 1.2094e-04],
        [1.9062e-01, 6.8811e-02, 2.8847e-03],
        [5.2807e-01, 1.9062e-01, 7.9914e-03]])
2024-03-03 19:37:00,470 | INFO | hilo.kernel-accessor : Fetching kernel: gaussian
2024-03-03 19:37:00,471 | INFO | hilo.gaussian-kernel : Calculating Gaussian distribution (location: -0.006412056274712086, scale 0.6443201899528503)
2024-03-03 19:37:00,471 | INFO | hilo.gaussian-kernel : BOTTOM-RIGHT:
tensor([[3.6202e-05, 1.3634e-03, 4.6172e-03],
        [1.3634e-03, 5.1345e-02, 1.7389e-01],
        [4.6172e-03, 1.7389e-01, 5.8889e-01]])
2024-03-03 19:37:00,471 | INFO | hilo.kernel-accessor : Fetching kernel: gaussian
2024-03-03 19:37:00,472 | INFO | hilo.gaussian-kernel : Calculating Gaussian distribution (location: -0.06375228613615036, scale 0.6855828762054443)
2024-03-03 19:37:00,472 | INFO | hilo.gaussian-kernel : STATIC:
tensor([[5.8077e-01, 1.7503e-01, 6.2838e-03],
        [1.7503e-01, 5.2748e-02, 1.8938e-03],
        [6.2838e-03, 1.8938e-03, 6.7990e-05]])
2024-03-03 19:37:00,472 | INFO | hilo.kernel-accessor : Fetching kernel: gaussian
2024-03-03 19:37:00,473 | INFO | hilo.gaussian-kernel : Calculating Gaussian distribution (location: -0.03396417945623398, scale 0.5721819400787354)
2024-03-03 19:37:00,473 | INFO | hilo.gaussian-kernel : BOTTOM-RIGHT:
tensor([[2.2756e-06, 2.4657e-04, 1.2597e-03],
        [2.4657e-04, 2.6716e-02, 1.3649e-01],
        [1.2597e-03, 1.3649e-01, 6.9729e-01]])
2024-03-03 19:37:00,474 | INFO | hilo.kernel-accessor : Fetching kernel: gaussian
2024-03-03 19:37:00,474 | INFO | hilo.gaussian-kernel : Calculating Gaussian distribution (location: -0.14726155996322632, scale 0.5367851257324219)
2024-03-03 19:37:00,474 | INFO | hilo.gaussian-kernel : STATIC:
tensor([[8.1731e-01, 8.6458e-02, 2.8443e-04],
        [8.6458e-02, 9.1459e-03, 3.0088e-05],
        [2.8443e-04, 3.0088e-05, 9.8987e-08]])
2024-03-03 19:37:00,475 | INFO | hilo.kernel-accessor : Fetching kernel: gaussian
2024-03-03 19:37:00,475 | INFO | hilo.gaussian-kernel : Calculating Gaussian distribution (location: -0.03189549222588539, scale 0.4817573130130768)
2024-03-03 19:37:00,475 | INFO | hilo.gaussian-kernel : TOP-RIGHT:
tensor([[1.1335e-04, 8.3358e-02, 8.2461e-01],
        [1.1458e-05, 8.4265e-03, 8.3358e-02],
        [1.5581e-08, 1.1458e-05, 1.1335e-04]])
2024-03-03 19:37:00,476 | INFO | hilo.kernel-accessor : Fetching kernel: gaussian
2024-03-03 19:37:00,476 | INFO | hilo.gaussian-kernel : Calculating Gaussian distribution (location: 0.06717008352279663, scale 0.5161458253860474)
2024-03-03 19:37:00,476 | INFO | hilo.gaussian-kernel : TOP-RIGHT:
tensor([[6.3356e-04, 1.3727e-01, 6.9690e-01],
        [1.2479e-04, 2.7038e-02, 1.3727e-01],
        [5.7596e-07, 1.2479e-04, 6.3356e-04]])
2024-03-03 19:37:00,477 | INFO | hilo.kernel-accessor : Fetching kernel: gaussian
2024-03-03 19:37:00,477 | INFO | hilo.gaussian-kernel : Calculating Gaussian distribution (location: 0.08697129040956497, scale 0.4408649504184723)
2024-03-03 19:37:00,477 | INFO | hilo.gaussian-kernel : TOP-RIGHT:
tensor([[6.6326e-05, 9.5290e-02, 7.9789e-01],
        [7.9212e-06, 1.1380e-02, 9.5290e-02],
        [5.5135e-09, 7.9212e-06, 6.6326e-05]])
2024-03-03 19:37:00,478 | INFO | hilo.kernel-accessor : Fetching kernel: gaussian
2024-03-03 19:37:00,478 | INFO | hilo.gaussian-kernel : Calculating Gaussian distribution (location: 0.03869550675153732, scale 0.41862496733665466)
2024-03-03 19:37:00,479 | INFO | hilo.gaussian-kernel : TOP-RIGHT:
tensor([[1.4965e-05, 6.2585e-02, 8.7030e-01],
        [1.0762e-06, 4.5006e-03, 6.2585e-02],
        [2.5733e-10, 1.0762e-06, 1.4965e-05]])
2024-03-03 19:37:00,479 | INFO | hilo.kernel-accessor : Fetching kernel: gaussian
2024-03-03 19:37:00,479 | INFO | hilo.gaussian-kernel : Calculating Gaussian distribution (location: -0.030953340232372284, scale 0.5209917426109314)
2024-03-03 19:37:00,480 | INFO | hilo.gaussian-kernel : BOTTOM-LEFT:
tensor([[3.8518e-04, 5.4467e-05, 1.9346e-07],
        [1.0844e-01, 1.5335e-02, 5.4467e-05],
        [7.6690e-01, 1.0844e-01, 3.8518e-04]])
2024-03-03 19:37:00,480 | INFO | hilo.kernel-accessor : Fetching kernel: gaussian
2024-03-03 19:37:00,480 | INFO | hilo.gaussian-kernel : Calculating Gaussian distribution (location: -0.05834554135799408, scale 0.5781976580619812)
2024-03-03 19:37:00,481 | INFO | hilo.gaussian-kernel : BOTTOM-LEFT:
tensor([[1.2566e-03, 2.3651e-04, 2.2359e-06],
        [1.3292e-01, 2.5018e-02, 2.3651e-04],
        [7.0616e-01, 1.3292e-01, 1.2566e-03]])
2024-03-03 19:38:21,344 | INFO | hilo : Epoch   5/200 | Accuracy:  51.8973 | Loss:   1.4194
2024-03-03 19:38:21,344 | INFO | hilo.kernel-accessor : Fetching kernel: gaussian
2024-03-03 19:38:21,344 | INFO | hilo.gaussian-kernel : Calculating Gaussian distribution (location: -0.01661648042500019, scale 0.7489294409751892)
2024-03-03 19:38:21,345 | INFO | hilo.gaussian-kernel : BOTTOM-LEFT:
tensor([[1.3129e-02, 5.2264e-03, 3.4987e-04],
        [1.9612e-01, 7.8074e-02, 5.2264e-03],
        [4.9263e-01, 1.9612e-01, 1.3129e-02]])
2024-03-03 19:38:21,345 | INFO | hilo.kernel-accessor : Fetching kernel: gaussian
2024-03-03 19:38:21,345 | INFO | hilo.gaussian-kernel : Calculating Gaussian distribution (location: -1.0852222442626953, scale 2.396009683609009)
2024-03-03 19:38:21,345 | INFO | hilo.gaussian-kernel : BOTTOM-LEFT:
tensor([[0.0962, 0.0730, 0.0465],
        [0.1509, 0.1145, 0.0730],
        [0.1989, 0.1509, 0.0962]])
2024-03-03 19:38:21,345 | INFO | hilo.kernel-accessor : Fetching kernel: gaussian
2024-03-03 19:38:21,346 | INFO | hilo.gaussian-kernel : Calculating Gaussian distribution (location: -0.27062058448791504, scale 1.1932841539382935)
2024-03-03 19:38:21,346 | INFO | hilo.gaussian-kernel : BOTTOM-LEFT:
tensor([[0.0548, 0.0319, 0.0092],
        [0.1901, 0.1106, 0.0319],
        [0.3266, 0.1901, 0.0548]])
2024-03-03 19:38:21,346 | INFO | hilo.kernel-accessor : Fetching kernel: gaussian
2024-03-03 19:38:21,346 | INFO | hilo.gaussian-kernel : Calculating Gaussian distribution (location: -0.27468883991241455, scale 0.9497024416923523)
2024-03-03 19:38:21,346 | INFO | hilo.gaussian-kernel : STATIC:
tensor([[0.4548, 0.1927, 0.0269],
        [0.1927, 0.0816, 0.0114],
        [0.0269, 0.0114, 0.0016]])
2024-03-03 19:38:21,346 | INFO | hilo.kernel-accessor : Fetching kernel: gaussian
2024-03-03 19:38:21,347 | INFO | hilo.gaussian-kernel : Calculating Gaussian distribution (location: -0.03614167869091034, scale 0.7754136323928833)
2024-03-03 19:38:21,347 | INFO | hilo.gaussian-kernel : TOP-RIGHT:
tensor([[0.0153, 0.1972, 0.4810],
        [0.0063, 0.0808, 0.1972],
        [0.0005, 0.0063, 0.0153]])
2024-03-03 19:38:21,347 | INFO | hilo.kernel-accessor : Fetching kernel: gaussian
2024-03-03 19:38:21,347 | INFO | hilo.gaussian-kernel : Calculating Gaussian distribution (location: -0.024947766214609146, scale 0.6736201047897339)
2024-03-03 19:38:21,347 | INFO | hilo.gaussian-kernel : BOTTOM-LEFT:
tensor([[6.2141e-03, 1.9541e-03, 6.7832e-05],
        [1.7902e-01, 5.6295e-02, 1.9541e-03],
        [5.6927e-01, 1.7902e-01, 6.2141e-03]])
2024-03-03 19:38:21,348 | INFO | hilo.kernel-accessor : Fetching kernel: gaussian
2024-03-03 19:38:21,348 | INFO | hilo.gaussian-kernel : Calculating Gaussian distribution (location: 0.04326348751783371, scale 0.6826005578041077)
2024-03-03 19:38:21,348 | INFO | hilo.gaussian-kernel : BOTTOM-LEFT:
tensor([[8.5000e-03, 3.1894e-03, 1.3993e-04],
        [1.9373e-01, 7.2693e-02, 3.1894e-03],
        [5.1632e-01, 1.9373e-01, 8.5000e-03]])
2024-03-03 19:38:21,348 | INFO | hilo.kernel-accessor : Fetching kernel: gaussian
2024-03-03 19:38:21,348 | INFO | hilo.gaussian-kernel : Calculating Gaussian distribution (location: -0.04507620260119438, scale 0.6372039318084717)
2024-03-03 19:38:21,348 | INFO | hilo.gaussian-kernel : TOP-LEFT:
