2024-02-29 10:45:54,026 | INFO | hilo : 
+==============================================================+
|                                                              |
| ██████╗  █████╗ ██████╗ ██╗         ██╗      █████╗ ██████╗  |
| ██╔══██╗██╔══██╗██╔══██╗██║         ██║     ██╔══██╗██╔══██╗ |
| ██║  ██║███████║██║  ██║██║         ██║     ███████║██████╔╝ |
| ██║  ██║██╔══██║██║  ██║██║         ██║     ██╔══██║██╔══██╗ |
| ██████╔╝██║  ██║██████╔╝███████╗    ███████╗██║  ██║██████╔╝ |
| ╚═════╝ ╚═╝  ╚═╝╚═════╝ ╚══════╝    ╚══════╝╚═╝  ╚═╝╚═════╝  |
+==============================================================+
|             Hi-Lo Resolution Image Classification            |
|             -------------------------------------            |
|                       Gabriel C. Trahan                      |
|                          Sahan Ahmad                         |
|                       MD  Aminual Islam                      |
+==============================================================+
2024-02-29 10:45:55,597 | INFO | hilo.dataset-accessor : Fetching dataset: cifar10
2024-02-29 10:45:55,597 | INFO | hilo.cifar10-dataset : Initializing transform
2024-02-29 10:45:55,597 | INFO | hilo.cifar10-dataset : Verifying/downloading train data
2024-02-29 10:45:56,196 | INFO | hilo.cifar10-dataset : Verifying/downloading test data
2024-02-29 10:45:56,676 | INFO | hilo.cifar10-dataset : Creating train data loader.
2024-02-29 10:45:56,677 | INFO | hilo.cifar10-dataset : Creating test data loader.
2024-02-29 10:45:56,788 | INFO | hilo : Output directory: output/resnet/cifar10/cauchy/10/20240229_104555/
2024-02-29 10:45:57,760 | INFO | hilo : Using device: NVIDIA GeForce GTX 1060 6GB
2024-02-29 10:45:57,761 | INFO | hilo : Exeucting job: MODEL resnet | DATASET cifar10 | KERNEL cauchy | TYPE 10
2024-02-29 10:45:57,761 | INFO | hilo : Commencing training phase...
2024-02-29 10:45:57,761 | INFO | hilo.kernel-accessor : Fetching kernel: cauchy
2024-02-29 10:45:57,761 | INFO | hilo.cauchy-kernel : Calculating Cauchy distribution (location: 0.0, scale 1.0)
2024-02-29 10:45:57,762 | INFO | hilo.cauchy-kernel : BOTTOM-RIGHT:
tensor([[0.0206, 0.0350, 0.0700],
        [0.0350, 0.0700, 0.1749],
        [0.0700, 0.1749, 0.3498]])
2024-02-29 10:45:57,762 | INFO | hilo.kernel-accessor : Fetching kernel: cauchy
2024-02-29 10:45:57,762 | INFO | hilo.cauchy-kernel : Calculating Cauchy distribution (location: 0.0, scale 1.0)
2024-02-29 10:45:57,762 | INFO | hilo.cauchy-kernel : BOTTOM-RIGHT:
tensor([[0.0206, 0.0350, 0.0700],
        [0.0350, 0.0700, 0.1749],
        [0.0700, 0.1749, 0.3498]])
2024-02-29 10:45:57,763 | INFO | hilo.kernel-accessor : Fetching kernel: cauchy
2024-02-29 10:45:57,763 | INFO | hilo.cauchy-kernel : Calculating Cauchy distribution (location: 0.0, scale 1.0)
2024-02-29 10:45:57,763 | INFO | hilo.cauchy-kernel : TOP-RIGHT:
tensor([[0.0700, 0.1749, 0.3498],
        [0.0350, 0.0700, 0.1749],
        [0.0206, 0.0350, 0.0700]])
2024-02-29 10:45:57,763 | INFO | hilo.kernel-accessor : Fetching kernel: cauchy
2024-02-29 10:45:57,763 | INFO | hilo.cauchy-kernel : Calculating Cauchy distribution (location: 0.0, scale 1.0)
2024-02-29 10:45:57,764 | INFO | hilo.cauchy-kernel : BOTTOM-RIGHT:
tensor([[0.0206, 0.0350, 0.0700],
        [0.0350, 0.0700, 0.1749],
        [0.0700, 0.1749, 0.3498]])
2024-02-29 10:45:57,764 | INFO | hilo.kernel-accessor : Fetching kernel: cauchy
2024-02-29 10:45:57,764 | INFO | hilo.cauchy-kernel : Calculating Cauchy distribution (location: 0.0, scale 1.0)
2024-02-29 10:45:57,764 | INFO | hilo.cauchy-kernel : TOP-RIGHT:
tensor([[0.0700, 0.1749, 0.3498],
        [0.0350, 0.0700, 0.1749],
        [0.0206, 0.0350, 0.0700]])
2024-02-29 10:45:57,764 | INFO | hilo.kernel-accessor : Fetching kernel: cauchy
2024-02-29 10:45:57,764 | INFO | hilo.cauchy-kernel : Calculating Cauchy distribution (location: 0.0, scale 1.0)
2024-02-29 10:45:57,765 | INFO | hilo.cauchy-kernel : STATIC:
tensor([[0.3498, 0.1749, 0.0700],
        [0.1749, 0.0700, 0.0350],
        [0.0700, 0.0350, 0.0206]])
2024-02-29 10:45:57,765 | INFO | hilo.kernel-accessor : Fetching kernel: cauchy
2024-02-29 10:45:57,765 | INFO | hilo.cauchy-kernel : Calculating Cauchy distribution (location: 0.0, scale 1.0)
2024-02-29 10:45:57,765 | INFO | hilo.cauchy-kernel : STATIC:
tensor([[0.3498, 0.1749, 0.0700],
        [0.1749, 0.0700, 0.0350],
        [0.0700, 0.0350, 0.0206]])
2024-02-29 10:45:57,765 | INFO | hilo.kernel-accessor : Fetching kernel: cauchy
2024-02-29 10:45:57,765 | INFO | hilo.cauchy-kernel : Calculating Cauchy distribution (location: 0.0, scale 1.0)
2024-02-29 10:45:57,766 | INFO | hilo.cauchy-kernel : TOP-RIGHT:
tensor([[0.0700, 0.1749, 0.3498],
        [0.0350, 0.0700, 0.1749],
        [0.0206, 0.0350, 0.0700]])
2024-02-29 10:45:57,766 | INFO | hilo.kernel-accessor : Fetching kernel: cauchy
2024-02-29 10:45:57,766 | INFO | hilo.cauchy-kernel : Calculating Cauchy distribution (location: 0.0, scale 1.0)
2024-02-29 10:45:57,766 | INFO | hilo.cauchy-kernel : STATIC:
tensor([[0.3498, 0.1749, 0.0700],
        [0.1749, 0.0700, 0.0350],
        [0.0700, 0.0350, 0.0206]])
2024-02-29 10:45:57,766 | INFO | hilo.kernel-accessor : Fetching kernel: cauchy
2024-02-29 10:45:57,766 | INFO | hilo.cauchy-kernel : Calculating Cauchy distribution (location: 0.0, scale 1.0)
2024-02-29 10:45:57,767 | INFO | hilo.cauchy-kernel : STATIC:
tensor([[0.3498, 0.1749, 0.0700],
        [0.1749, 0.0700, 0.0350],
        [0.0700, 0.0350, 0.0206]])
2024-02-29 10:45:57,767 | INFO | hilo.kernel-accessor : Fetching kernel: cauchy
2024-02-29 10:45:57,767 | INFO | hilo.cauchy-kernel : Calculating Cauchy distribution (location: 0.0, scale 1.0)
2024-02-29 10:45:57,767 | INFO | hilo.cauchy-kernel : STATIC:
tensor([[0.3498, 0.1749, 0.0700],
        [0.1749, 0.0700, 0.0350],
        [0.0700, 0.0350, 0.0206]])
2024-02-29 10:45:57,767 | INFO | hilo.kernel-accessor : Fetching kernel: cauchy
2024-02-29 10:45:57,767 | INFO | hilo.cauchy-kernel : Calculating Cauchy distribution (location: 0.0, scale 1.0)
2024-02-29 10:45:57,768 | INFO | hilo.cauchy-kernel : TOP-RIGHT:
tensor([[0.0700, 0.1749, 0.3498],
        [0.0350, 0.0700, 0.1749],
        [0.0206, 0.0350, 0.0700]])
2024-02-29 10:45:57,768 | INFO | hilo.kernel-accessor : Fetching kernel: cauchy
2024-02-29 10:45:57,768 | INFO | hilo.cauchy-kernel : Calculating Cauchy distribution (location: 0.0, scale 1.0)
2024-02-29 10:45:57,768 | INFO | hilo.cauchy-kernel : TOP-RIGHT:
tensor([[0.0700, 0.1749, 0.3498],
        [0.0350, 0.0700, 0.1749],
        [0.0206, 0.0350, 0.0700]])
2024-02-29 10:45:57,768 | INFO | hilo.kernel-accessor : Fetching kernel: cauchy
2024-02-29 10:45:57,768 | INFO | hilo.cauchy-kernel : Calculating Cauchy distribution (location: 0.0, scale 1.0)
2024-02-29 10:45:57,769 | INFO | hilo.cauchy-kernel : STATIC:
tensor([[0.3498, 0.1749, 0.0700],
        [0.1749, 0.0700, 0.0350],
        [0.0700, 0.0350, 0.0206]])
2024-02-29 10:45:57,769 | INFO | hilo.kernel-accessor : Fetching kernel: cauchy
2024-02-29 10:45:57,769 | INFO | hilo.cauchy-kernel : Calculating Cauchy distribution (location: 0.0, scale 1.0)
2024-02-29 10:45:57,769 | INFO | hilo.cauchy-kernel : STATIC:
tensor([[0.3498, 0.1749, 0.0700],
        [0.1749, 0.0700, 0.0350],
        [0.0700, 0.0350, 0.0206]])
2024-02-29 10:45:57,769 | INFO | hilo.kernel-accessor : Fetching kernel: cauchy
2024-02-29 10:45:57,769 | INFO | hilo.cauchy-kernel : Calculating Cauchy distribution (location: 0.0, scale 1.0)
2024-02-29 10:45:57,770 | INFO | hilo.cauchy-kernel : STATIC:
tensor([[0.3498, 0.1749, 0.0700],
        [0.1749, 0.0700, 0.0350],
        [0.0700, 0.0350, 0.0206]])
2024-02-29 10:45:57,770 | INFO | hilo.kernel-accessor : Fetching kernel: cauchy
2024-02-29 10:45:57,770 | INFO | hilo.cauchy-kernel : Calculating Cauchy distribution (location: 0.0, scale 1.0)
2024-02-29 10:45:57,770 | INFO | hilo.cauchy-kernel : STATIC:
tensor([[0.3498, 0.1749, 0.0700],
        [0.1749, 0.0700, 0.0350],
        [0.0700, 0.0350, 0.0206]])
2024-02-29 10:47:19,224 | INFO | hilo : Epoch   1/200 | Accuracy:  40.8203 | Loss:   1.6961
2024-02-29 10:47:19,224 | INFO | hilo.kernel-accessor : Fetching kernel: cauchy
2024-02-29 10:47:19,224 | INFO | hilo.cauchy-kernel : Calculating Cauchy distribution (location: -0.014062916859984398, scale 0.6854335069656372)
2024-02-29 10:47:19,225 | INFO | hilo.cauchy-kernel : TOP-RIGHT:
tensor([[0.0503, 0.1519, 0.4841],
        [0.0238, 0.0503, 0.1519],
        [0.0137, 0.0238, 0.0503]])
2024-02-29 10:47:19,225 | INFO | hilo.kernel-accessor : Fetching kernel: cauchy
2024-02-29 10:47:19,225 | INFO | hilo.cauchy-kernel : Calculating Cauchy distribution (location: -0.5216767191886902, scale 2.2455930709838867)
2024-02-29 10:47:19,225 | INFO | hilo.cauchy-kernel : STATIC:
tensor([[0.2146, 0.1550, 0.1000],
        [0.1550, 0.1000, 0.0654],
        [0.1000, 0.0654, 0.0447]])
2024-02-29 10:47:19,226 | INFO | hilo.kernel-accessor : Fetching kernel: cauchy
2024-02-29 10:47:19,226 | INFO | hilo.cauchy-kernel : Calculating Cauchy distribution (location: -0.4172319173812866, scale 1.811681866645813)
2024-02-29 10:47:19,226 | INFO | hilo.cauchy-kernel : STATIC:
tensor([[0.2465, 0.1610, 0.0934],
        [0.1610, 0.0934, 0.0570],
        [0.0934, 0.0570, 0.0374]])
2024-02-29 10:47:19,226 | INFO | hilo.kernel-accessor : Fetching kernel: cauchy
2024-02-29 10:47:19,226 | INFO | hilo.cauchy-kernel : Calculating Cauchy distribution (location: -0.02822965756058693, scale 1.5506161451339722)
2024-02-29 10:47:19,227 | INFO | hilo.cauchy-kernel : STATIC:
tensor([[0.2474, 0.1719, 0.0913],
        [0.1719, 0.0913, 0.0514],
        [0.0913, 0.0514, 0.0319]])
2024-02-29 10:47:19,227 | INFO | hilo.kernel-accessor : Fetching kernel: cauchy
2024-02-29 10:47:19,227 | INFO | hilo.cauchy-kernel : Calculating Cauchy distribution (location: -0.1276720017194748, scale 1.5679636001586914)
2024-02-29 10:47:19,227 | INFO | hilo.cauchy-kernel : BOTTOM-RIGHT:
tensor([[0.0324, 0.0516, 0.0904],
        [0.0516, 0.0904, 0.1692],
        [0.0904, 0.1692, 0.2550]])
2024-02-29 10:47:19,227 | INFO | hilo.kernel-accessor : Fetching kernel: cauchy
2024-02-29 10:47:19,227 | INFO | hilo.cauchy-kernel : Calculating Cauchy distribution (location: -0.06865499168634415, scale 1.1112488508224487)
2024-02-29 10:47:19,228 | INFO | hilo.cauchy-kernel : BOTTOM-RIGHT:
tensor([[0.0231, 0.0385, 0.0744],
        [0.0385, 0.0744, 0.1727],
        [0.0744, 0.1727, 0.3311]])
2024-02-29 10:47:19,228 | INFO | hilo.kernel-accessor : Fetching kernel: cauchy
2024-02-29 10:47:19,228 | INFO | hilo.cauchy-kernel : Calculating Cauchy distribution (location: -0.07031643390655518, scale 1.2508829832077026)
2024-02-29 10:47:19,228 | INFO | hilo.cauchy-kernel : TOP-RIGHT:
tensor([[0.0804, 0.1736, 0.2998],
        [0.0428, 0.0804, 0.1736],
        [0.0260, 0.0428, 0.0804]])
2024-02-29 10:47:19,228 | INFO | hilo.kernel-accessor : Fetching kernel: cauchy
2024-02-29 10:47:19,228 | INFO | hilo.cauchy-kernel : Calculating Cauchy distribution (location: -0.12087219953536987, scale 1.1836045980453491)
2024-02-29 10:47:19,229 | INFO | hilo.cauchy-kernel : BOTTOM-RIGHT:
tensor([[0.0247, 0.0408, 0.0770],
        [0.0408, 0.0770, 0.1709],
        [0.0770, 0.1709, 0.3209]])
2024-02-29 10:47:19,229 | INFO | hilo.kernel-accessor : Fetching kernel: cauchy
2024-02-29 10:47:19,229 | INFO | hilo.cauchy-kernel : Calculating Cauchy distribution (location: -0.0797581672668457, scale 1.1523040533065796)
2024-02-29 10:47:19,229 | INFO | hilo.cauchy-kernel : TOP-RIGHT:
tensor([[0.0762, 0.1726, 0.3227],
        [0.0398, 0.0762, 0.1726],
        [0.0240, 0.0398, 0.0762]])
2024-02-29 10:47:19,229 | INFO | hilo.kernel-accessor : Fetching kernel: cauchy
2024-02-29 10:47:19,229 | INFO | hilo.cauchy-kernel : Calculating Cauchy distribution (location: -0.003578408155590296, scale 0.9568082690238953)
2024-02-29 10:47:19,230 | INFO | hilo.cauchy-kernel : TOP-RIGHT:
tensor([[0.0676, 0.1733, 0.3639],
        [0.0335, 0.0676, 0.1733],
        [0.0197, 0.0335, 0.0676]])
2024-02-29 10:47:19,230 | INFO | hilo.kernel-accessor : Fetching kernel: cauchy
2024-02-29 10:47:19,230 | INFO | hilo.cauchy-kernel : Calculating Cauchy distribution (location: -0.08868537098169327, scale 1.085797905921936)
2024-02-29 10:47:19,230 | INFO | hilo.cauchy-kernel : STATIC:
tensor([[0.3408, 0.1711, 0.0730],
        [0.1711, 0.0730, 0.0377],
        [0.0730, 0.0377, 0.0226]])
2024-02-29 10:47:19,230 | INFO | hilo.kernel-accessor : Fetching kernel: cauchy
2024-02-29 10:47:19,231 | INFO | hilo.cauchy-kernel : Calculating Cauchy distribution (location: -0.07955223321914673, scale 1.0072401762008667)
2024-02-29 10:47:19,231 | INFO | hilo.cauchy-kernel : STATIC:
tensor([[0.3620, 0.1695, 0.0692],
        [0.1695, 0.0692, 0.0352],
        [0.0692, 0.0352, 0.0209]])
2024-02-29 10:47:19,231 | INFO | hilo.kernel-accessor : Fetching kernel: cauchy
2024-02-29 10:47:19,231 | INFO | hilo.cauchy-kernel : Calculating Cauchy distribution (location: 0.008067408576607704, scale 0.9973822832107544)
2024-02-29 10:47:19,231 | INFO | hilo.cauchy-kernel : TOP-RIGHT:
tensor([[0.0700, 0.1754, 0.3489],
        [0.0349, 0.0700, 0.1754],
        [0.0205, 0.0349, 0.0700]])
2024-02-29 10:47:19,231 | INFO | hilo.kernel-accessor : Fetching kernel: cauchy
2024-02-29 10:47:19,232 | INFO | hilo.cauchy-kernel : Calculating Cauchy distribution (location: 0.007071276661008596, scale 0.7764565944671631)
2024-02-29 10:47:19,232 | INFO | hilo.cauchy-kernel : BOTTOM-RIGHT:
tensor([[0.0157, 0.0272, 0.0569],
        [0.0272, 0.0569, 0.1638],
        [0.0569, 0.1638, 0.4316]])
2024-02-29 10:47:19,232 | INFO | hilo.kernel-accessor : Fetching kernel: cauchy
2024-02-29 10:47:19,232 | INFO | hilo.cauchy-kernel : Calculating Cauchy distribution (location: -0.07479161024093628, scale 0.8665401339530945)
2024-02-29 10:47:19,233 | INFO | hilo.cauchy-kernel : TOP-RIGHT:
tensor([[0.0615, 0.1630, 0.4108],
        [0.0304, 0.0615, 0.1630],
        [0.0179, 0.0304, 0.0615]])
2024-02-29 10:47:19,233 | INFO | hilo.kernel-accessor : Fetching kernel: cauchy
2024-02-29 10:47:19,233 | INFO | hilo.cauchy-kernel : Calculating Cauchy distribution (location: -0.16282516717910767, scale 0.7565997242927551)
2024-02-29 10:47:19,233 | INFO | hilo.cauchy-kernel : STATIC:
tensor([[0.4736, 0.1474, 0.0540],
        [0.1474, 0.0540, 0.0268],
        [0.0540, 0.0268, 0.0158]])
2024-02-29 10:47:19,233 | INFO | hilo.kernel-accessor : Fetching kernel: cauchy
2024-02-29 10:47:19,233 | INFO | hilo.cauchy-kernel : Calculating Cauchy distribution (location: 0.007621057331562042, scale 0.6630949378013611)
2024-02-29 10:47:19,234 | INFO | hilo.cauchy-kernel : STATIC:
tensor([[0.4909, 0.1515, 0.0490],
        [0.1515, 0.0490, 0.0230],
        [0.0490, 0.0230, 0.0132]])
2024-02-29 10:48:39,819 | INFO | hilo : Epoch   2/200 | Accuracy:  49.4792 | Loss:   1.6394
2024-02-29 10:48:39,819 | INFO | hilo.kernel-accessor : Fetching kernel: cauchy
2024-02-29 10:48:39,819 | INFO | hilo.cauchy-kernel : Calculating Cauchy distribution (location: -0.009210236370563507, scale 0.6910437941551208)
2024-02-29 10:48:39,820 | INFO | hilo.cauchy-kernel : TOP-RIGHT:
tensor([[0.0507, 0.1531, 0.4796],
        [0.0240, 0.0507, 0.1531],
        [0.0138, 0.0240, 0.0507]])
2024-02-29 10:48:39,820 | INFO | hilo.kernel-accessor : Fetching kernel: cauchy
2024-02-29 10:48:39,820 | INFO | hilo.cauchy-kernel : Calculating Cauchy distribution (location: -0.5472486019134521, scale 1.6401222944259644)
2024-02-29 10:48:39,821 | INFO | hilo.cauchy-kernel : STATIC:
tensor([[0.2723, 0.1601, 0.0887],
        [0.1601, 0.0887, 0.0533],
        [0.0887, 0.0533, 0.0348]])
2024-02-29 10:48:39,821 | INFO | hilo.kernel-accessor : Fetching kernel: cauchy
2024-02-29 10:48:39,821 | INFO | hilo.cauchy-kernel : Calculating Cauchy distribution (location: -0.3165948987007141, scale 1.3147573471069336)
2024-02-29 10:48:39,821 | INFO | hilo.cauchy-kernel : TOP-RIGHT:
tensor([[0.0804, 0.1647, 0.3118],
        [0.0448, 0.0804, 0.1647],
        [0.0280, 0.0448, 0.0804]])
2024-02-29 10:48:39,821 | INFO | hilo.kernel-accessor : Fetching kernel: cauchy
2024-02-29 10:48:39,821 | INFO | hilo.cauchy-kernel : Calculating Cauchy distribution (location: -0.053647659718990326, scale 1.1336365938186646)
2024-02-29 10:48:39,822 | INFO | hilo.cauchy-kernel : BOTTOM-RIGHT:
tensor([[0.0235, 0.0392, 0.0757],
        [0.0392, 0.0757, 0.1738],
        [0.0757, 0.1738, 0.3233]])
2024-02-29 10:48:39,822 | INFO | hilo.kernel-accessor : Fetching kernel: cauchy
2024-02-29 10:48:39,822 | INFO | hilo.cauchy-kernel : Calculating Cauchy distribution (location: -0.11758197844028473, scale 1.1166725158691406)
2024-02-29 10:48:39,822 | INFO | hilo.cauchy-kernel : TOP-RIGHT:
tensor([[0.0741, 0.1701, 0.3368],
        [0.0387, 0.0741, 0.1701],
        [0.0233, 0.0387, 0.0741]])
2024-02-29 10:48:39,822 | INFO | hilo.kernel-accessor : Fetching kernel: cauchy
2024-02-29 10:48:39,822 | INFO | hilo.cauchy-kernel : Calculating Cauchy distribution (location: -0.06338120251893997, scale 0.8591015934944153)
2024-02-29 10:48:39,823 | INFO | hilo.cauchy-kernel : STATIC:
tensor([[0.4116, 0.1634, 0.0611],
        [0.1634, 0.0611, 0.0302],
        [0.0611, 0.0302, 0.0177]])
2024-02-29 10:48:39,823 | INFO | hilo.kernel-accessor : Fetching kernel: cauchy
2024-02-29 10:48:39,823 | INFO | hilo.cauchy-kernel : Calculating Cauchy distribution (location: -0.17032039165496826, scale 1.0606560707092285)
2024-02-29 10:48:39,823 | INFO | hilo.cauchy-kernel : STATIC:
tensor([[0.3588, 0.1660, 0.0710],
        [0.1660, 0.0710, 0.0370],
        [0.0710, 0.0370, 0.0224]])
2024-02-29 10:48:39,823 | INFO | hilo.kernel-accessor : Fetching kernel: cauchy
2024-02-29 10:48:39,824 | INFO | hilo.cauchy-kernel : Calculating Cauchy distribution (location: -0.1810867190361023, scale 1.0710783004760742)
2024-02-29 10:48:39,824 | INFO | hilo.cauchy-kernel : STATIC:
tensor([[0.3571, 0.1657, 0.0714],
        [0.1657, 0.0714, 0.0374],
        [0.0714, 0.0374, 0.0226]])
2024-02-29 10:48:39,824 | INFO | hilo.kernel-accessor : Fetching kernel: cauchy
2024-02-29 10:48:39,824 | INFO | hilo.cauchy-kernel : Calculating Cauchy distribution (location: -0.1287621110677719, scale 1.0821784734725952)
2024-02-29 10:48:39,824 | INFO | hilo.cauchy-kernel : TOP-RIGHT:
tensor([[0.0724, 0.1688, 0.3474],
        [0.0377, 0.0724, 0.1688],
        [0.0227, 0.0377, 0.0724]])
2024-02-29 10:48:39,824 | INFO | hilo.kernel-accessor : Fetching kernel: cauchy
2024-02-29 10:48:39,825 | INFO | hilo.cauchy-kernel : Calculating Cauchy distribution (location: -0.08158674836158752, scale 0.8994553089141846)
2024-02-29 10:48:39,825 | INFO | hilo.cauchy-kernel : BOTTOM-RIGHT:
tensor([[0.0186, 0.0316, 0.0633],
        [0.0316, 0.0633, 0.1645],
        [0.0633, 0.1645, 0.3992]])
2024-02-29 10:48:39,825 | INFO | hilo.kernel-accessor : Fetching kernel: cauchy
2024-02-29 10:48:39,825 | INFO | hilo.cauchy-kernel : Calculating Cauchy distribution (location: -0.2081356644630432, scale 1.042298674583435)
2024-02-29 10:48:39,825 | INFO | hilo.cauchy-kernel : BOTTOM-RIGHT:
tensor([[0.0221, 0.0366, 0.0698],
        [0.0366, 0.0698, 0.1635],
        [0.0698, 0.1635, 0.3684]])
2024-02-29 10:48:39,826 | INFO | hilo.kernel-accessor : Fetching kernel: cauchy
2024-02-29 10:48:39,826 | INFO | hilo.cauchy-kernel : Calculating Cauchy distribution (location: -0.09096810966730118, scale 0.9827214479446411)
2024-02-29 10:48:39,826 | INFO | hilo.cauchy-kernel : STATIC:
tensor([[0.3716, 0.1679, 0.0678],
        [0.1679, 0.0678, 0.0344],
        [0.0678, 0.0344, 0.0204]])
2024-02-29 10:48:39,826 | INFO | hilo.kernel-accessor : Fetching kernel: cauchy
2024-02-29 10:48:39,826 | INFO | hilo.cauchy-kernel : Calculating Cauchy distribution (location: -0.03373584896326065, scale 0.9875802993774414)
2024-02-29 10:48:39,827 | INFO | hilo.cauchy-kernel : STATIC:
tensor([[0.3601, 0.1720, 0.0688],
        [0.1720, 0.0688, 0.0345],
        [0.0688, 0.0345, 0.0204]])
2024-02-29 10:48:39,827 | INFO | hilo.kernel-accessor : Fetching kernel: cauchy
2024-02-29 10:48:39,827 | INFO | hilo.cauchy-kernel : Calculating Cauchy distribution (location: -0.02214054763317108, scale 0.7450077533721924)
2024-02-29 10:48:39,827 | INFO | hilo.cauchy-kernel : BOTTOM-RIGHT:
tensor([[0.0151, 0.0260, 0.0543],
        [0.0260, 0.0543, 0.1578],
        [0.0543, 0.1578, 0.4543]])
2024-02-29 10:48:39,827 | INFO | hilo.kernel-accessor : Fetching kernel: cauchy
2024-02-29 10:48:39,827 | INFO | hilo.cauchy-kernel : Calculating Cauchy distribution (location: -0.03292184695601463, scale 0.8158661723136902)
2024-02-29 10:48:39,828 | INFO | hilo.cauchy-kernel : TOP-RIGHT:
tensor([[0.0588, 0.1630, 0.4235],
        [0.0286, 0.0588, 0.1630],
        [0.0167, 0.0286, 0.0588]])
2024-02-29 10:48:39,828 | INFO | hilo.kernel-accessor : Fetching kernel: cauchy
2024-02-29 10:48:39,828 | INFO | hilo.cauchy-kernel : Calculating Cauchy distribution (location: -0.1151236891746521, scale 0.7337737083435059)
2024-02-29 10:48:39,828 | INFO | hilo.cauchy-kernel : TOP-RIGHT:
tensor([[0.0527, 0.1482, 0.4788],
        [0.0258, 0.0527, 0.1482],
        [0.0151, 0.0258, 0.0527]])
2024-02-29 10:48:39,828 | INFO | hilo.kernel-accessor : Fetching kernel: cauchy
2024-02-29 10:48:39,828 | INFO | hilo.cauchy-kernel : Calculating Cauchy distribution (location: 0.12229181826114655, scale 0.7156233787536621)
2024-02-29 10:48:39,829 | INFO | hilo.cauchy-kernel : BOTTOM-RIGHT:
tensor([[0.0143, 0.0253, 0.0551],
        [0.0253, 0.0551, 0.1736],
        [0.0551, 0.1736, 0.4224]])
2024-02-29 10:50:00,383 | INFO | hilo : Epoch   3/200 | Accuracy:  43.7016 | Loss:   1.5127
2024-02-29 10:50:00,383 | INFO | hilo.kernel-accessor : Fetching kernel: cauchy
2024-02-29 10:50:00,384 | INFO | hilo.cauchy-kernel : Calculating Cauchy distribution (location: -0.011496007442474365, scale 0.6780775189399719)
2024-02-29 10:50:00,384 | INFO | hilo.cauchy-kernel : STATIC:
tensor([[0.4876, 0.1512, 0.0498],
        [0.1512, 0.0498, 0.0235],
        [0.0498, 0.0235, 0.0135]])
2024-02-29 10:50:00,385 | INFO | hilo.kernel-accessor : Fetching kernel: cauchy
2024-02-29 10:50:00,385 | INFO | hilo.cauchy-kernel : Calculating Cauchy distribution (location: -0.6746346950531006, scale 1.5624985694885254)
2024-02-29 10:50:00,385 | INFO | hilo.cauchy-kernel : STATIC:
tensor([[0.2863, 0.1581, 0.0864],
        [0.1581, 0.0864, 0.0520],
        [0.0864, 0.0520, 0.0341]])
2024-02-29 10:50:00,385 | INFO | hilo.kernel-accessor : Fetching kernel: cauchy
2024-02-29 10:50:00,386 | INFO | hilo.cauchy-kernel : Calculating Cauchy distribution (location: -0.34296661615371704, scale 0.9817335605621338)
2024-02-29 10:50:00,386 | INFO | hilo.cauchy-kernel : TOP-RIGHT:
tensor([[0.0666, 0.1553, 0.3973],
        [0.0354, 0.0666, 0.1553],
        [0.0217, 0.0354, 0.0666]])
2024-02-29 10:50:00,386 | INFO | hilo.kernel-accessor : Fetching kernel: cauchy
2024-02-29 10:50:00,387 | INFO | hilo.cauchy-kernel : Calculating Cauchy distribution (location: -0.12723709642887115, scale 0.920408308506012)
2024-02-29 10:50:00,387 | INFO | hilo.cauchy-kernel : BOTTOM-RIGHT:
tensor([[0.0192, 0.0324, 0.0641],
        [0.0324, 0.0641, 0.1625],
        [0.0641, 0.1625, 0.3987]])
2024-02-29 10:50:00,387 | INFO | hilo.kernel-accessor : Fetching kernel: cauchy
2024-02-29 10:50:00,387 | INFO | hilo.cauchy-kernel : Calculating Cauchy distribution (location: -0.16964386403560638, scale 0.7976444363594055)
2024-02-29 10:50:00,388 | INFO | hilo.cauchy-kernel : STATIC:
tensor([[0.4549, 0.1509, 0.0566],
        [0.1509, 0.0566, 0.0283],
        [0.0566, 0.0283, 0.0168]])
2024-02-29 10:50:00,388 | INFO | hilo.kernel-accessor : Fetching kernel: cauchy
2024-02-29 10:50:00,388 | INFO | hilo.cauchy-kernel : Calculating Cauchy distribution (location: -0.02680489793419838, scale 0.590000331401825)
2024-02-29 10:50:00,389 | INFO | hilo.cauchy-kernel : BOTTOM-RIGHT:
tensor([[0.0115, 0.0201, 0.0429],
        [0.0201, 0.0429, 0.1362],
        [0.0429, 0.1362, 0.5474]])
2024-02-29 10:50:00,389 | INFO | hilo.kernel-accessor : Fetching kernel: cauchy
2024-02-29 10:50:00,389 | INFO | hilo.cauchy-kernel : Calculating Cauchy distribution (location: -0.20692341029644012, scale 0.7486704587936401)
2024-02-29 10:50:00,390 | INFO | hilo.cauchy-kernel : BOTTOM-RIGHT:
tensor([[0.0159, 0.0268, 0.0535],
        [0.0268, 0.0535, 0.1441],
        [0.0535, 0.1441, 0.4818]])
2024-02-29 10:50:00,390 | INFO | hilo.kernel-accessor : Fetching kernel: cauchy
2024-02-29 10:50:00,390 | INFO | hilo.cauchy-kernel : Calculating Cauchy distribution (location: -0.17138409614562988, scale 0.6824233531951904)
2024-02-29 10:50:00,390 | INFO | hilo.cauchy-kernel : STATIC:
tensor([[0.5135, 0.1383, 0.0491],
        [0.1383, 0.0491, 0.0242],
        [0.0491, 0.0242, 0.0142]])
2024-02-29 10:50:00,390 | INFO | hilo.kernel-accessor : Fetching kernel: cauchy
2024-02-29 10:50:00,391 | INFO | hilo.cauchy-kernel : Calculating Cauchy distribution (location: -0.13830216228961945, scale 0.7176570296287537)
2024-02-29 10:50:00,391 | INFO | hilo.cauchy-kernel : BOTTOM-RIGHT:
tensor([[0.0149, 0.0253, 0.0515],
        [0.0253, 0.0515, 0.1447],
        [0.0515, 0.1447, 0.4906]])
2024-02-29 10:50:00,391 | INFO | hilo.kernel-accessor : Fetching kernel: cauchy
2024-02-29 10:50:00,392 | INFO | hilo.cauchy-kernel : Calculating Cauchy distribution (location: -0.0812835544347763, scale 0.5834130644798279)
2024-02-29 10:50:00,392 | INFO | hilo.cauchy-kernel : TOP-RIGHT:
tensor([[0.0419, 0.1296, 0.5639],
        [0.0199, 0.0419, 0.1296],
        [0.0115, 0.0199, 0.0419]])
2024-02-29 10:50:00,392 | INFO | hilo.kernel-accessor : Fetching kernel: cauchy
2024-02-29 10:50:00,392 | INFO | hilo.cauchy-kernel : Calculating Cauchy distribution (location: -0.12352596968412399, scale 0.7241402864456177)
2024-02-29 10:50:00,393 | INFO | hilo.cauchy-kernel : STATIC:
tensor([[0.4851, 0.1465, 0.0520],
        [0.1465, 0.0520, 0.0255],
        [0.0520, 0.0255, 0.0149]])
2024-02-29 10:50:00,393 | INFO | hilo.kernel-accessor : Fetching kernel: cauchy
2024-02-29 10:50:00,393 | INFO | hilo.cauchy-kernel : Calculating Cauchy distribution (location: -0.022271279245615005, scale 0.7345241904258728)
2024-02-29 10:50:00,394 | INFO | hilo.cauchy-kernel : TOP-RIGHT:
tensor([[0.0536, 0.1567, 0.4597],
        [0.0257, 0.0536, 0.1567],
        [0.0148, 0.0257, 0.0536]])
2024-02-29 10:50:00,394 | INFO | hilo.kernel-accessor : Fetching kernel: cauchy
2024-02-29 10:50:00,394 | INFO | hilo.cauchy-kernel : Calculating Cauchy distribution (location: 0.019078923389315605, scale 0.7310284376144409)
2024-02-29 10:50:00,394 | INFO | hilo.cauchy-kernel : BOTTOM-RIGHT:
tensor([[0.0147, 0.0256, 0.0540],
        [0.0256, 0.0540, 0.1609],
        [0.0540, 0.1609, 0.4503]])
2024-02-29 10:50:00,395 | INFO | hilo.kernel-accessor : Fetching kernel: cauchy
2024-02-29 10:50:00,395 | INFO | hilo.cauchy-kernel : Calculating Cauchy distribution (location: -0.0005303083453327417, scale 0.54744952917099)
2024-02-29 10:50:00,395 | INFO | hilo.cauchy-kernel : TOP-RIGHT:
tensor([[0.0398, 0.1315, 0.5706],
        [0.0184, 0.0398, 0.1315],
        [0.0105, 0.0184, 0.0398]])
2024-02-29 10:50:00,395 | INFO | hilo.kernel-accessor : Fetching kernel: cauchy
2024-02-29 10:50:00,396 | INFO | hilo.cauchy-kernel : Calculating Cauchy distribution (location: -0.009795945137739182, scale 0.6149126887321472)
2024-02-29 10:50:00,396 | INFO | hilo.cauchy-kernel : TOP-RIGHT:
tensor([[0.0450, 0.1423, 0.5260],
        [0.0211, 0.0450, 0.1423],
        [0.0121, 0.0211, 0.0450]])
2024-02-29 10:50:00,396 | INFO | hilo.kernel-accessor : Fetching kernel: cauchy
2024-02-29 10:50:00,397 | INFO | hilo.cauchy-kernel : Calculating Cauchy distribution (location: -0.07336406409740448, scale 0.6696248054504395)
2024-02-29 10:50:00,397 | INFO | hilo.cauchy-kernel : STATIC:
tensor([[0.5071, 0.1438, 0.0485],
        [0.1438, 0.0485, 0.0233],
        [0.0485, 0.0233, 0.0135]])
2024-02-29 10:50:00,398 | INFO | hilo.kernel-accessor : Fetching kernel: cauchy
2024-02-29 10:50:00,398 | INFO | hilo.cauchy-kernel : Calculating Cauchy distribution (location: 0.03738365322351456, scale 0.7232674360275269)
2024-02-29 10:50:00,398 | INFO | hilo.cauchy-kernel : BOTTOM-RIGHT:
tensor([[0.0145, 0.0253, 0.0538],
        [0.0253, 0.0538, 0.1624],
        [0.0538, 0.1624, 0.4488]])
2024-02-29 10:51:20,966 | INFO | hilo : Epoch   4/200 | Accuracy:  44.8093 | Loss:   1.3137
2024-02-29 10:51:20,966 | INFO | hilo.kernel-accessor : Fetching kernel: cauchy
2024-02-29 10:51:20,967 | INFO | hilo.cauchy-kernel : Calculating Cauchy distribution (location: -0.02438349835574627, scale 0.7760224938392639)
2024-02-29 10:51:20,967 | INFO | hilo.cauchy-kernel : STATIC:
tensor([[0.4397, 0.1605, 0.0564],
        [0.1605, 0.0564, 0.0272],
        [0.0564, 0.0272, 0.0158]])
2024-02-29 10:51:20,967 | INFO | hilo.kernel-accessor : Fetching kernel: cauchy
2024-02-29 10:51:20,967 | INFO | hilo.cauchy-kernel : Calculating Cauchy distribution (location: -0.8172454833984375, scale 2.0227503776550293)
2024-02-29 10:51:20,968 | INFO | hilo.cauchy-kernel : STATIC:
tensor([[0.2405, 0.1548, 0.0951],
        [0.1548, 0.0951, 0.0613],
        [0.0951, 0.0613, 0.0419]])
2024-02-29 10:51:20,968 | INFO | hilo.kernel-accessor : Fetching kernel: cauchy
2024-02-29 10:51:20,968 | INFO | hilo.cauchy-kernel : Calculating Cauchy distribution (location: -0.498271644115448, scale 1.1383622884750366)
2024-02-29 10:51:20,968 | INFO | hilo.cauchy-kernel : STATIC:
tensor([[0.3588, 0.1565, 0.0735],
        [0.1565, 0.0735, 0.0409],
        [0.0735, 0.0409, 0.0257]])
2024-02-29 10:51:20,968 | INFO | hilo.kernel-accessor : Fetching kernel: cauchy
2024-02-29 10:51:20,968 | INFO | hilo.cauchy-kernel : Calculating Cauchy distribution (location: -0.12693344056606293, scale 0.9005328416824341)
2024-02-29 10:51:20,969 | INFO | hilo.cauchy-kernel : STATIC:
tensor([[0.4061, 0.1614, 0.0630],
        [0.1614, 0.0630, 0.0317],
        [0.0630, 0.0317, 0.0188]])
2024-02-29 10:51:20,969 | INFO | hilo.kernel-accessor : Fetching kernel: cauchy
2024-02-29 10:51:20,969 | INFO | hilo.cauchy-kernel : Calculating Cauchy distribution (location: -0.09004096686840057, scale 0.8450583219528198)
2024-02-29 10:51:20,969 | INFO | hilo.cauchy-kernel : STATIC:
tensor([[0.4223, 0.1603, 0.0600],
        [0.1603, 0.0600, 0.0297],
        [0.0600, 0.0297, 0.0175]])
2024-02-29 10:51:20,969 | INFO | hilo.kernel-accessor : Fetching kernel: cauchy
2024-02-29 10:51:20,970 | INFO | hilo.cauchy-kernel : Calculating Cauchy distribution (location: -0.019485903903841972, scale 0.6371231079101562)
2024-02-29 10:51:20,970 | INFO | hilo.cauchy-kernel : BOTTOM-RIGHT:
tensor([[0.0126, 0.0219, 0.0466],
        [0.0219, 0.0466, 0.1446],
        [0.0466, 0.1446, 0.5144]])
2024-02-29 10:51:20,970 | INFO | hilo.kernel-accessor : Fetching kernel: cauchy
2024-02-29 10:51:20,970 | INFO | hilo.cauchy-kernel : Calculating Cauchy distribution (location: -0.13307759165763855, scale 0.6893682479858398)
2024-02-29 10:51:20,970 | INFO | hilo.cauchy-kernel : STATIC:
tensor([[0.5054, 0.1416, 0.0496],
        [0.1416, 0.0496, 0.0242],
        [0.0496, 0.0242, 0.0142]])
2024-02-29 10:51:20,970 | INFO | hilo.kernel-accessor : Fetching kernel: cauchy
2024-02-29 10:51:20,971 | INFO | hilo.cauchy-kernel : Calculating Cauchy distribution (location: -0.1136045753955841, scale 0.5798169374465942)
2024-02-29 10:51:20,971 | INFO | hilo.cauchy-kernel : TOP-RIGHT:
tensor([[0.0415, 0.1265, 0.5712],
        [0.0199, 0.0415, 0.1265],
        [0.0116, 0.0199, 0.0415]])
2024-02-29 10:51:20,971 | INFO | hilo.kernel-accessor : Fetching kernel: cauchy
2024-02-29 10:51:20,971 | INFO | hilo.cauchy-kernel : Calculating Cauchy distribution (location: -0.08716727793216705, scale 0.6223406791687012)
2024-02-29 10:51:20,971 | INFO | hilo.cauchy-kernel : STATIC:
tensor([[0.5389, 0.1356, 0.0449],
        [0.1356, 0.0449, 0.0215],
        [0.0449, 0.0215, 0.0124]])
2024-02-29 10:51:20,972 | INFO | hilo.kernel-accessor : Fetching kernel: cauchy
2024-02-29 10:51:20,972 | INFO | hilo.cauchy-kernel : Calculating Cauchy distribution (location: -0.0608598031103611, scale 0.5611612796783447)
2024-02-29 10:51:20,972 | INFO | hilo.cauchy-kernel : BOTTOM-RIGHT:
tensor([[0.0109, 0.0189, 0.0402],
        [0.0189, 0.0402, 0.1274],
        [0.0402, 0.1274, 0.5758]])
2024-02-29 10:51:20,972 | INFO | hilo.kernel-accessor : Fetching kernel: cauchy
2024-02-29 10:51:20,972 | INFO | hilo.cauchy-kernel : Calculating Cauchy distribution (location: -0.06202086806297302, scale 0.6013152599334717)
2024-02-29 10:51:20,973 | INFO | hilo.cauchy-kernel : BOTTOM-RIGHT:
tensor([[0.0119, 0.0206, 0.0434],
        [0.0206, 0.0434, 0.1344],
        [0.0434, 0.1344, 0.5479]])
2024-02-29 10:51:20,973 | INFO | hilo.kernel-accessor : Fetching kernel: cauchy
2024-02-29 10:51:20,973 | INFO | hilo.cauchy-kernel : Calculating Cauchy distribution (location: 0.0598328560590744, scale 0.5901657342910767)
2024-02-29 10:51:20,973 | INFO | hilo.cauchy-kernel : BOTTOM-RIGHT:
tensor([[0.0115, 0.0203, 0.0444],
        [0.0203, 0.0444, 0.1481],
        [0.0444, 0.1481, 0.5186]])
2024-02-29 10:51:20,973 | INFO | hilo.kernel-accessor : Fetching kernel: cauchy
2024-02-29 10:51:20,973 | INFO | hilo.cauchy-kernel : Calculating Cauchy distribution (location: 0.08640381693840027, scale 0.5730248093605042)
2024-02-29 10:51:20,974 | INFO | hilo.cauchy-kernel : BOTTOM-RIGHT:
tensor([[0.0111, 0.0198, 0.0437],
        [0.0198, 0.0437, 0.1498],
        [0.0437, 0.1498, 0.5188]])
2024-02-29 10:51:20,974 | INFO | hilo.kernel-accessor : Fetching kernel: cauchy
2024-02-29 10:51:20,974 | INFO | hilo.cauchy-kernel : Calculating Cauchy distribution (location: 0.06261473894119263, scale 0.44493043422698975)
2024-02-29 10:51:20,974 | INFO | hilo.cauchy-kernel : STATIC:
tensor([[0.6302, 0.1182, 0.0322],
        [0.1182, 0.0322, 0.0144],
        [0.0322, 0.0144, 0.0081]])
2024-02-29 10:51:20,974 | INFO | hilo.kernel-accessor : Fetching kernel: cauchy
2024-02-29 10:51:20,974 | INFO | hilo.cauchy-kernel : Calculating Cauchy distribution (location: 0.05030904710292816, scale 0.4661218225955963)
2024-02-29 10:51:20,975 | INFO | hilo.cauchy-kernel : TOP-RIGHT:
tensor([[0.0338, 0.1212, 0.6173],
        [0.0152, 0.0338, 0.1212],
        [0.0086, 0.0152, 0.0338]])
2024-02-29 10:51:20,975 | INFO | hilo.kernel-accessor : Fetching kernel: cauchy
2024-02-29 10:51:20,975 | INFO | hilo.cauchy-kernel : Calculating Cauchy distribution (location: -0.03535526990890503, scale 0.5202915668487549)
2024-02-29 10:51:20,975 | INFO | hilo.cauchy-kernel : STATIC:
tensor([[0.6011, 0.1217, 0.0370],
        [0.1217, 0.0370, 0.0172],
        [0.0370, 0.0172, 0.0099]])
2024-02-29 10:51:20,975 | INFO | hilo.kernel-accessor : Fetching kernel: cauchy
2024-02-29 10:51:20,975 | INFO | hilo.cauchy-kernel : Calculating Cauchy distribution (location: 0.06968726217746735, scale 0.5587404370307922)
2024-02-29 10:51:20,976 | INFO | hilo.cauchy-kernel : TOP-RIGHT:
tensor([[0.0421, 0.1443, 0.5361],
        [0.0191, 0.0421, 0.1443],
        [0.0108, 0.0191, 0.0421]])
2024-02-29 10:52:41,422 | INFO | hilo : Epoch   5/200 | Accuracy:  59.3750 | Loss:   1.1614
2024-02-29 10:52:41,422 | INFO | hilo.kernel-accessor : Fetching kernel: cauchy
2024-02-29 10:52:41,422 | INFO | hilo.cauchy-kernel : Calculating Cauchy distribution (location: -0.0023628489580005407, scale 0.6393981575965881)
2024-02-29 10:52:41,423 | INFO | hilo.cauchy-kernel : TOP-RIGHT:
tensor([[0.0470, 0.1470, 0.5082],
        [0.0220, 0.0470, 0.1470],
        [0.0126, 0.0220, 0.0470]])
2024-02-29 10:52:41,423 | INFO | hilo.kernel-accessor : Fetching kernel: cauchy
2024-02-29 10:52:41,423 | INFO | hilo.cauchy-kernel : Calculating Cauchy distribution (location: -0.871922492980957, scale 2.0850110054016113)
2024-02-29 10:52:41,423 | INFO | hilo.cauchy-kernel : BOTTOM-RIGHT:
tensor([[0.0430, 0.0625, 0.0959],
        [0.0625, 0.0959, 0.1539],
        [0.0959, 0.1539, 0.2365]])
2024-02-29 10:52:41,423 | INFO | hilo.kernel-accessor : Fetching kernel: cauchy
2024-02-29 10:52:41,423 | INFO | hilo.cauchy-kernel : Calculating Cauchy distribution (location: -0.4284116327762604, scale 1.1296590566635132)
2024-02-29 10:52:41,424 | INFO | hilo.cauchy-kernel : STATIC:
tensor([[0.3591, 0.1581, 0.0731],
        [0.1581, 0.0731, 0.0402],
        [0.0731, 0.0402, 0.0251]])
2024-02-29 10:52:41,424 | INFO | hilo.kernel-accessor : Fetching kernel: cauchy
2024-02-29 10:52:41,424 | INFO | hilo.cauchy-kernel : Calculating Cauchy distribution (location: -0.1511070430278778, scale 1.0626192092895508)
2024-02-29 10:52:41,424 | INFO | hilo.cauchy-kernel : STATIC:
tensor([[0.3558, 0.1670, 0.0712],
        [0.1670, 0.0712, 0.0371],
        [0.0712, 0.0371, 0.0223]])
2024-02-29 10:52:41,424 | INFO | hilo.kernel-accessor : Fetching kernel: cauchy
2024-02-29 10:52:41,424 | INFO | hilo.cauchy-kernel : Calculating Cauchy distribution (location: -0.08131970465183258, scale 0.9038410186767578)
2024-02-29 10:52:41,425 | INFO | hilo.cauchy-kernel : STATIC:
tensor([[0.3975, 0.1648, 0.0636],
        [0.1648, 0.0636, 0.0317],
        [0.0636, 0.0317, 0.0187]])
2024-02-29 10:52:41,425 | INFO | hilo.kernel-accessor : Fetching kernel: cauchy
2024-02-29 10:52:41,425 | INFO | hilo.cauchy-kernel : Calculating Cauchy distribution (location: 0.03969384729862213, scale 0.6379396915435791)
2024-02-29 10:52:41,425 | INFO | hilo.cauchy-kernel : STATIC:
tensor([[0.4956, 0.1523, 0.0476],
        [0.1523, 0.0476, 0.0221],
        [0.0476, 0.0221, 0.0126]])
2024-02-29 10:52:41,425 | INFO | hilo.kernel-accessor : Fetching kernel: cauchy
2024-02-29 10:52:41,425 | INFO | hilo.cauchy-kernel : Calculating Cauchy distribution (location: -0.15707026422023773, scale 0.6992170810699463)
2024-02-29 10:52:41,426 | INFO | hilo.cauchy-kernel : BOTTOM-RIGHT:
tensor([[0.0145, 0.0247, 0.0502],
        [0.0247, 0.0502, 0.1413],
        [0.0502, 0.1413, 0.5028]])
2024-02-29 10:52:41,426 | INFO | hilo.kernel-accessor : Fetching kernel: cauchy
2024-02-29 10:52:41,426 | INFO | hilo.cauchy-kernel : Calculating Cauchy distribution (location: -0.08677846938371658, scale 0.5580695271492004)
2024-02-29 10:52:41,426 | INFO | hilo.cauchy-kernel : BOTTOM-RIGHT:
tensor([[0.0109, 0.0189, 0.0398],
        [0.0189, 0.0398, 0.1245],
        [0.0398, 0.1245, 0.5827]])
2024-02-29 10:52:41,426 | INFO | hilo.kernel-accessor : Fetching kernel: cauchy
2024-02-29 10:52:41,426 | INFO | hilo.cauchy-kernel : Calculating Cauchy distribution (location: -0.05758558213710785, scale 0.5967163443565369)
2024-02-29 10:52:41,427 | INFO | hilo.cauchy-kernel : BOTTOM-RIGHT:
tensor([[0.0118, 0.0204, 0.0431],
        [0.0204, 0.0431, 0.1341],
        [0.0431, 0.1341, 0.5501]])
2024-02-29 10:52:41,427 | INFO | hilo.kernel-accessor : Fetching kernel: cauchy
2024-02-29 10:52:41,427 | INFO | hilo.cauchy-kernel : Calculating Cauchy distribution (location: -0.07922418415546417, scale 0.5042766332626343)
2024-02-29 10:52:41,427 | INFO | hilo.cauchy-kernel : BOTTOM-RIGHT:
tensor([[0.0096, 0.0167, 0.0354],
        [0.0167, 0.0354, 0.1143],
        [0.0354, 0.1143, 0.6223]])
2024-02-29 10:52:41,427 | INFO | hilo.kernel-accessor : Fetching kernel: cauchy
2024-02-29 10:52:41,428 | INFO | hilo.cauchy-kernel : Calculating Cauchy distribution (location: -0.052815236151218414, scale 0.5126396417617798)
2024-02-29 10:52:41,428 | INFO | hilo.cauchy-kernel : STATIC:
tensor([[0.6110, 0.1183, 0.0362],
        [0.1183, 0.0362, 0.0169],
        [0.0362, 0.0169, 0.0097]])
2024-02-29 10:52:41,428 | INFO | hilo.kernel-accessor : Fetching kernel: cauchy
2024-02-29 10:52:41,428 | INFO | hilo.cauchy-kernel : Calculating Cauchy distribution (location: 0.05103323608636856, scale 0.4659195840358734)
2024-02-29 10:52:41,428 | INFO | hilo.cauchy-kernel : BOTTOM-RIGHT:
tensor([[0.0086, 0.0152, 0.0338],
        [0.0152, 0.0338, 0.1213],
        [0.0338, 0.1213, 0.6171]])
2024-02-29 10:52:41,428 | INFO | hilo.kernel-accessor : Fetching kernel: cauchy
