2024-03-02 12:04:41,910 | INFO | hilo : 
+==============================================================+
|                                                              |
| ██████╗  █████╗ ██████╗ ██╗         ██╗      █████╗ ██████╗  |
| ██╔══██╗██╔══██╗██╔══██╗██║         ██║     ██╔══██╗██╔══██╗ |
| ██║  ██║███████║██║  ██║██║         ██║     ███████║██████╔╝ |
| ██║  ██║██╔══██║██║  ██║██║         ██║     ██╔══██║██╔══██╗ |
| ██████╔╝██║  ██║██████╔╝███████╗    ███████╗██║  ██║██████╔╝ |
| ╚═════╝ ╚═╝  ╚═╝╚═════╝ ╚══════╝    ╚══════╝╚═╝  ╚═╝╚═════╝  |
+==============================================================+
|             Hi-Lo Resolution Image Classification            |
|             -------------------------------------            |
|                       Gabriel C. Trahan                      |
|                          Sahan Ahmad                         |
|                       MD  Aminual Islam                      |
+==============================================================+
2024-03-02 12:04:43,519 | INFO | hilo.dataset-accessor : Fetching dataset: cifar10
2024-03-02 12:04:43,519 | INFO | hilo.cifar10-dataset : Initializing transform
2024-03-02 12:04:43,519 | INFO | hilo.cifar10-dataset : Verifying/downloading train data
2024-03-02 12:04:44,125 | INFO | hilo.cifar10-dataset : Verifying/downloading test data
2024-03-02 12:04:44,607 | INFO | hilo.cifar10-dataset : Creating train data loader.
2024-03-02 12:04:44,607 | INFO | hilo.cifar10-dataset : Creating test data loader.
2024-03-02 12:04:44,716 | INFO | hilo : Output directory: output/resnet/cifar10/gaussian/7/20240302_120443/
2024-03-02 12:04:45,731 | INFO | hilo : Using device: NVIDIA GeForce GTX 1060 6GB
2024-03-02 12:04:45,731 | INFO | hilo : Exeucting job: MODEL resnet | DATASET cifar10 | KERNEL gaussian | TYPE 7
2024-03-02 12:04:45,731 | INFO | hilo : Commencing training phase...
2024-03-02 12:04:45,731 | INFO | hilo.kernel-accessor : Fetching kernel: gaussian
2024-03-02 12:04:45,732 | INFO | hilo.gaussian-kernel : Calculating Gaussian distribution (location: 0, scale 1.0)
2024-03-02 12:04:45,732 | INFO | hilo.gaussian-kernel : STATIC:
tensor([[0.3296, 0.1999, 0.0446],
        [0.1999, 0.1212, 0.0271],
        [0.0446, 0.0271, 0.0060]])
2024-03-02 12:04:45,733 | INFO | hilo.kernel-accessor : Fetching kernel: gaussian
2024-03-02 12:04:45,733 | INFO | hilo.gaussian-kernel : Calculating Gaussian distribution (location: 0, scale 1.0)
2024-03-02 12:04:45,733 | INFO | hilo.gaussian-kernel : STATIC:
tensor([[0.3296, 0.1999, 0.0446],
        [0.1999, 0.1212, 0.0271],
        [0.0446, 0.0271, 0.0060]])
2024-03-02 12:04:45,733 | INFO | hilo.kernel-accessor : Fetching kernel: gaussian
2024-03-02 12:04:45,733 | INFO | hilo.gaussian-kernel : Calculating Gaussian distribution (location: 0, scale 1.0)
2024-03-02 12:04:45,734 | INFO | hilo.gaussian-kernel : TOP-LEFT:
tensor([[0.3296, 0.1999, 0.0446],
        [0.1999, 0.1212, 0.0271],
        [0.0446, 0.0271, 0.0060]])
2024-03-02 12:04:45,734 | INFO | hilo.kernel-accessor : Fetching kernel: gaussian
2024-03-02 12:04:45,734 | INFO | hilo.gaussian-kernel : Calculating Gaussian distribution (location: 0, scale 1.0)
2024-03-02 12:04:45,734 | INFO | hilo.gaussian-kernel : TOP-LEFT:
tensor([[0.3296, 0.1999, 0.0446],
        [0.1999, 0.1212, 0.0271],
        [0.0446, 0.0271, 0.0060]])
2024-03-02 12:04:45,734 | INFO | hilo.kernel-accessor : Fetching kernel: gaussian
2024-03-02 12:04:45,734 | INFO | hilo.gaussian-kernel : Calculating Gaussian distribution (location: 0, scale 1.0)
2024-03-02 12:04:45,734 | INFO | hilo.gaussian-kernel : TOP-LEFT:
tensor([[0.3296, 0.1999, 0.0446],
        [0.1999, 0.1212, 0.0271],
        [0.0446, 0.0271, 0.0060]])
2024-03-02 12:04:45,735 | INFO | hilo.kernel-accessor : Fetching kernel: gaussian
2024-03-02 12:04:45,735 | INFO | hilo.gaussian-kernel : Calculating Gaussian distribution (location: 0, scale 1.0)
2024-03-02 12:04:45,735 | INFO | hilo.gaussian-kernel : TOP-LEFT:
tensor([[0.3296, 0.1999, 0.0446],
        [0.1999, 0.1212, 0.0271],
        [0.0446, 0.0271, 0.0060]])
2024-03-02 12:04:45,735 | INFO | hilo.kernel-accessor : Fetching kernel: gaussian
2024-03-02 12:04:45,735 | INFO | hilo.gaussian-kernel : Calculating Gaussian distribution (location: 0, scale 1.0)
2024-03-02 12:04:45,735 | INFO | hilo.gaussian-kernel : STATIC:
tensor([[0.3296, 0.1999, 0.0446],
        [0.1999, 0.1212, 0.0271],
        [0.0446, 0.0271, 0.0060]])
2024-03-02 12:04:45,736 | INFO | hilo.kernel-accessor : Fetching kernel: gaussian
2024-03-02 12:04:45,736 | INFO | hilo.gaussian-kernel : Calculating Gaussian distribution (location: 0, scale 1.0)
2024-03-02 12:04:45,736 | INFO | hilo.gaussian-kernel : BOTTOM-RIGHT:
tensor([[0.0060, 0.0271, 0.0446],
        [0.0271, 0.1212, 0.1999],
        [0.0446, 0.1999, 0.3296]])
2024-03-02 12:04:45,736 | INFO | hilo.kernel-accessor : Fetching kernel: gaussian
2024-03-02 12:04:45,736 | INFO | hilo.gaussian-kernel : Calculating Gaussian distribution (location: 0, scale 1.0)
2024-03-02 12:04:45,737 | INFO | hilo.gaussian-kernel : STATIC:
tensor([[0.3296, 0.1999, 0.0446],
        [0.1999, 0.1212, 0.0271],
        [0.0446, 0.0271, 0.0060]])
2024-03-02 12:04:45,737 | INFO | hilo.kernel-accessor : Fetching kernel: gaussian
2024-03-02 12:04:45,737 | INFO | hilo.gaussian-kernel : Calculating Gaussian distribution (location: 0, scale 1.0)
2024-03-02 12:04:45,737 | INFO | hilo.gaussian-kernel : STATIC:
tensor([[0.3296, 0.1999, 0.0446],
        [0.1999, 0.1212, 0.0271],
        [0.0446, 0.0271, 0.0060]])
2024-03-02 12:04:45,737 | INFO | hilo.kernel-accessor : Fetching kernel: gaussian
2024-03-02 12:04:45,737 | INFO | hilo.gaussian-kernel : Calculating Gaussian distribution (location: 0, scale 1.0)
2024-03-02 12:04:45,738 | INFO | hilo.gaussian-kernel : STATIC:
tensor([[0.3296, 0.1999, 0.0446],
        [0.1999, 0.1212, 0.0271],
        [0.0446, 0.0271, 0.0060]])
2024-03-02 12:04:45,738 | INFO | hilo.kernel-accessor : Fetching kernel: gaussian
2024-03-02 12:04:45,738 | INFO | hilo.gaussian-kernel : Calculating Gaussian distribution (location: 0, scale 1.0)
2024-03-02 12:04:45,738 | INFO | hilo.gaussian-kernel : STATIC:
tensor([[0.3296, 0.1999, 0.0446],
        [0.1999, 0.1212, 0.0271],
        [0.0446, 0.0271, 0.0060]])
2024-03-02 12:04:45,738 | INFO | hilo.kernel-accessor : Fetching kernel: gaussian
2024-03-02 12:04:45,738 | INFO | hilo.gaussian-kernel : Calculating Gaussian distribution (location: 0, scale 1.0)
2024-03-02 12:04:45,738 | INFO | hilo.gaussian-kernel : STATIC:
tensor([[0.3296, 0.1999, 0.0446],
        [0.1999, 0.1212, 0.0271],
        [0.0446, 0.0271, 0.0060]])
2024-03-02 12:04:45,739 | INFO | hilo.kernel-accessor : Fetching kernel: gaussian
2024-03-02 12:04:45,739 | INFO | hilo.gaussian-kernel : Calculating Gaussian distribution (location: 0, scale 1.0)
2024-03-02 12:04:45,739 | INFO | hilo.gaussian-kernel : TOP-LEFT:
tensor([[0.3296, 0.1999, 0.0446],
        [0.1999, 0.1212, 0.0271],
        [0.0446, 0.0271, 0.0060]])
2024-03-02 12:04:45,739 | INFO | hilo.kernel-accessor : Fetching kernel: gaussian
2024-03-02 12:04:45,739 | INFO | hilo.gaussian-kernel : Calculating Gaussian distribution (location: 0, scale 1.0)
2024-03-02 12:04:45,740 | INFO | hilo.gaussian-kernel : BOTTOM-RIGHT:
tensor([[0.0060, 0.0271, 0.0446],
        [0.0271, 0.1212, 0.1999],
        [0.0446, 0.1999, 0.3296]])
2024-03-02 12:04:45,740 | INFO | hilo.kernel-accessor : Fetching kernel: gaussian
2024-03-02 12:04:45,740 | INFO | hilo.gaussian-kernel : Calculating Gaussian distribution (location: 0, scale 1.0)
2024-03-02 12:04:45,740 | INFO | hilo.gaussian-kernel : STATIC:
tensor([[0.3296, 0.1999, 0.0446],
        [0.1999, 0.1212, 0.0271],
        [0.0446, 0.0271, 0.0060]])
2024-03-02 12:04:45,740 | INFO | hilo.kernel-accessor : Fetching kernel: gaussian
2024-03-02 12:04:45,740 | INFO | hilo.gaussian-kernel : Calculating Gaussian distribution (location: 0, scale 1.0)
2024-03-02 12:04:45,741 | INFO | hilo.gaussian-kernel : STATIC:
tensor([[0.3296, 0.1999, 0.0446],
        [0.1999, 0.1212, 0.0271],
        [0.0446, 0.0271, 0.0060]])
2024-03-02 12:06:07,382 | INFO | hilo : Epoch   1/200 | Accuracy:  34.1595 | Loss:   1.8283
2024-03-02 12:06:07,382 | INFO | hilo.kernel-accessor : Fetching kernel: gaussian
2024-03-02 12:06:07,383 | INFO | hilo.gaussian-kernel : Calculating Gaussian distribution (location: -0.013430286198854446, scale 0.6339835524559021)
2024-03-02 12:06:07,383 | INFO | hilo.gaussian-kernel : STATIC:
tensor([[6.0541e-01, 1.6876e-01, 3.9085e-03],
        [1.6876e-01, 4.7045e-02, 1.0895e-03],
        [3.9085e-03, 1.0895e-03, 2.5233e-05]])
2024-03-02 12:06:07,383 | INFO | hilo.kernel-accessor : Fetching kernel: gaussian
2024-03-02 12:06:07,384 | INFO | hilo.gaussian-kernel : Calculating Gaussian distribution (location: -0.2544010579586029, scale 1.868220567703247)
2024-03-02 12:06:07,384 | INFO | hilo.gaussian-kernel : STATIC:
tensor([[0.1902, 0.1532, 0.0927],
        [0.1532, 0.1234, 0.0747],
        [0.0927, 0.0747, 0.0452]])
2024-03-02 12:06:07,384 | INFO | hilo.kernel-accessor : Fetching kernel: gaussian
2024-03-02 12:06:07,384 | INFO | hilo.gaussian-kernel : Calculating Gaussian distribution (location: -0.31670117378234863, scale 2.039900302886963)
2024-03-02 12:06:07,384 | INFO | hilo.gaussian-kernel : STATIC:
tensor([[0.1806, 0.1484, 0.0959],
        [0.1484, 0.1220, 0.0788],
        [0.0959, 0.0788, 0.0509]])
2024-03-02 12:06:07,385 | INFO | hilo.kernel-accessor : Fetching kernel: gaussian
2024-03-02 12:06:07,385 | INFO | hilo.gaussian-kernel : Calculating Gaussian distribution (location: -0.49549180269241333, scale 1.8126240968704224)
2024-03-02 12:06:07,385 | INFO | hilo.gaussian-kernel : TOP-LEFT:
tensor([[0.2182, 0.1611, 0.0878],
        [0.1611, 0.1190, 0.0648],
        [0.0878, 0.0648, 0.0353]])
2024-03-02 12:06:07,385 | INFO | hilo.kernel-accessor : Fetching kernel: gaussian
2024-03-02 12:06:07,385 | INFO | hilo.gaussian-kernel : Calculating Gaussian distribution (location: -0.326698899269104, scale 1.6943501234054565)
2024-03-02 12:06:07,386 | INFO | hilo.gaussian-kernel : BOTTOM-RIGHT:
tensor([[0.0342, 0.0646, 0.0861],
        [0.0646, 0.1220, 0.1627],
        [0.0861, 0.1627, 0.2170]])
2024-03-02 12:06:07,386 | INFO | hilo.kernel-accessor : Fetching kernel: gaussian
2024-03-02 12:06:07,386 | INFO | hilo.gaussian-kernel : Calculating Gaussian distribution (location: -0.02116282284259796, scale 1.4785155057907104)
2024-03-02 12:06:07,386 | INFO | hilo.gaussian-kernel : TOP-LEFT:
tensor([[0.2103, 0.1657, 0.0826],
        [0.1657, 0.1305, 0.0651],
        [0.0826, 0.0651, 0.0325]])
2024-03-02 12:06:07,386 | INFO | hilo.kernel-accessor : Fetching kernel: gaussian
2024-03-02 12:06:07,386 | INFO | hilo.gaussian-kernel : Calculating Gaussian distribution (location: -0.31399863958358765, scale 1.8194226026535034)
2024-03-02 12:06:07,387 | INFO | hilo.gaussian-kernel : BOTTOM-RIGHT:
tensor([[0.0409, 0.0708, 0.0906],
        [0.0708, 0.1225, 0.1567],
        [0.0906, 0.1567, 0.2004]])
2024-03-02 12:06:07,387 | INFO | hilo.kernel-accessor : Fetching kernel: gaussian
2024-03-02 12:06:07,387 | INFO | hilo.gaussian-kernel : Calculating Gaussian distribution (location: -0.21777129173278809, scale 1.7607581615447998)
2024-03-02 12:06:07,387 | INFO | hilo.gaussian-kernel : TOP-LEFT:
tensor([[0.1977, 0.1568, 0.0901],
        [0.1568, 0.1244, 0.0715],
        [0.0901, 0.0715, 0.0411]])
2024-03-02 12:06:07,387 | INFO | hilo.kernel-accessor : Fetching kernel: gaussian
2024-03-02 12:06:07,387 | INFO | hilo.gaussian-kernel : Calculating Gaussian distribution (location: -0.15183958411216736, scale 2.030449867248535)
2024-03-02 12:06:07,388 | INFO | hilo.gaussian-kernel : STATIC:
tensor([[0.1700, 0.1451, 0.0972],
        [0.1451, 0.1239, 0.0830],
        [0.0972, 0.0830, 0.0556]])
2024-03-02 12:06:07,388 | INFO | hilo.kernel-accessor : Fetching kernel: gaussian
2024-03-02 12:06:07,388 | INFO | hilo.gaussian-kernel : Calculating Gaussian distribution (location: 0.017312124371528625, scale 1.5380228757858276)
2024-03-02 12:06:07,388 | INFO | hilo.gaussian-kernel : STATIC:
tensor([[0.1973, 0.1609, 0.0860],
        [0.1609, 0.1312, 0.0701],
        [0.0860, 0.0701, 0.0375]])
2024-03-02 12:06:07,388 | INFO | hilo.kernel-accessor : Fetching kernel: gaussian
2024-03-02 12:06:07,388 | INFO | hilo.gaussian-kernel : Calculating Gaussian distribution (location: -0.11765613406896591, scale 2.048048973083496)
2024-03-02 12:06:07,389 | INFO | hilo.gaussian-kernel : STATIC:
tensor([[0.1666, 0.1438, 0.0978],
        [0.1438, 0.1241, 0.0844],
        [0.0978, 0.0844, 0.0574]])
2024-03-02 12:06:07,389 | INFO | hilo.kernel-accessor : Fetching kernel: gaussian
2024-03-02 12:06:07,389 | INFO | hilo.gaussian-kernel : Calculating Gaussian distribution (location: -0.1028674989938736, scale 1.9467437267303467)
2024-03-02 12:06:07,389 | INFO | hilo.gaussian-kernel : BOTTOM-RIGHT:
tensor([[0.0537, 0.0819, 0.0961],
        [0.0819, 0.1251, 0.1466],
        [0.0961, 0.1466, 0.1719]])
2024-03-02 12:06:07,389 | INFO | hilo.kernel-accessor : Fetching kernel: gaussian
2024-03-02 12:06:07,390 | INFO | hilo.gaussian-kernel : Calculating Gaussian distribution (location: 0.02922128327190876, scale 2.2485439777374268)
2024-03-02 12:06:07,390 | INFO | hilo.gaussian-kernel : TOP-LEFT:
tensor([[0.1488, 0.1356, 0.1014],
        [0.1356, 0.1235, 0.0924],
        [0.1014, 0.0924, 0.0690]])
2024-03-02 12:06:07,390 | INFO | hilo.kernel-accessor : Fetching kernel: gaussian
2024-03-02 12:06:07,390 | INFO | hilo.gaussian-kernel : Calculating Gaussian distribution (location: 0.04294044151902199, scale 1.9642717838287354)
2024-03-02 12:06:07,390 | INFO | hilo.gaussian-kernel : TOP-LEFT:
tensor([[0.1604, 0.1424, 0.0976],
        [0.1424, 0.1265, 0.0867],
        [0.0976, 0.0867, 0.0595]])
2024-03-02 12:06:07,391 | INFO | hilo.kernel-accessor : Fetching kernel: gaussian
2024-03-02 12:06:07,391 | INFO | hilo.gaussian-kernel : Calculating Gaussian distribution (location: 0.06803696602582932, scale 2.329360246658325)
2024-03-02 12:06:07,391 | INFO | hilo.gaussian-kernel : BOTTOM-RIGHT:
tensor([[0.0726, 0.0945, 0.1023],
        [0.0945, 0.1230, 0.1332],
        [0.1023, 0.1332, 0.1443]])
2024-03-02 12:06:07,391 | INFO | hilo.kernel-accessor : Fetching kernel: gaussian
2024-03-02 12:06:07,391 | INFO | hilo.gaussian-kernel : Calculating Gaussian distribution (location: -0.2514845132827759, scale 3.8000967502593994)
2024-03-02 12:06:07,392 | INFO | hilo.gaussian-kernel : STATIC:
tensor([[0.1285, 0.1219, 0.1080],
        [0.1219, 0.1158, 0.1025],
        [0.1080, 0.1025, 0.0908]])
2024-03-02 12:06:07,392 | INFO | hilo.kernel-accessor : Fetching kernel: gaussian
2024-03-02 12:06:07,392 | INFO | hilo.gaussian-kernel : Calculating Gaussian distribution (location: -1.520275592803955, scale 5.8490190505981445)
2024-03-02 12:06:07,392 | INFO | hilo.gaussian-kernel : BOTTOM-RIGHT:
tensor([[0.0946, 0.1033, 0.1096],
        [0.1033, 0.1129, 0.1198],
        [0.1096, 0.1198, 0.1270]])
2024-03-02 12:07:28,159 | INFO | hilo : Epoch   2/200 | Accuracy:  36.4534 | Loss:   1.5883
2024-03-02 12:07:28,159 | INFO | hilo.kernel-accessor : Fetching kernel: gaussian
2024-03-02 12:07:28,159 | INFO | hilo.gaussian-kernel : Calculating Gaussian distribution (location: 0.003459189087152481, scale 0.751156210899353)
2024-03-02 12:07:28,160 | INFO | hilo.gaussian-kernel : STATIC:
tensor([[4.7958e-01, 1.9892e-01, 1.4021e-02],
        [1.9892e-01, 8.2505e-02, 5.8155e-03],
        [1.4021e-02, 5.8155e-03, 4.0992e-04]])
2024-03-02 12:07:28,160 | INFO | hilo.kernel-accessor : Fetching kernel: gaussian
2024-03-02 12:07:28,160 | INFO | hilo.gaussian-kernel : Calculating Gaussian distribution (location: -0.4463413655757904, scale 1.8883100748062134)
2024-03-02 12:07:28,160 | INFO | hilo.gaussian-kernel : STATIC:
tensor([[0.2045, 0.1568, 0.0909],
        [0.1568, 0.1203, 0.0697],
        [0.0909, 0.0697, 0.0404]])
2024-03-02 12:07:28,161 | INFO | hilo.kernel-accessor : Fetching kernel: gaussian
2024-03-02 12:07:28,161 | INFO | hilo.gaussian-kernel : Calculating Gaussian distribution (location: -0.48769810795783997, scale 1.6976704597473145)
2024-03-02 12:07:28,161 | INFO | hilo.gaussian-kernel : BOTTOM-RIGHT:
tensor([[0.0297, 0.0592, 0.0834],
        [0.0592, 0.1181, 0.1663],
        [0.0834, 0.1663, 0.2343]])
2024-03-02 12:07:28,161 | INFO | hilo.kernel-accessor : Fetching kernel: gaussian
2024-03-02 12:07:28,161 | INFO | hilo.gaussian-kernel : Calculating Gaussian distribution (location: -0.5000894665718079, scale 1.4842923879623413)
2024-03-02 12:07:28,162 | INFO | hilo.gaussian-kernel : BOTTOM-RIGHT:
tensor([[0.0184, 0.0455, 0.0716],
        [0.0455, 0.1128, 0.1776],
        [0.0716, 0.1776, 0.2796]])
2024-03-02 12:07:28,162 | INFO | hilo.kernel-accessor : Fetching kernel: gaussian
2024-03-02 12:07:28,162 | INFO | hilo.gaussian-kernel : Calculating Gaussian distribution (location: -0.42061328887939453, scale 1.2337971925735474)
2024-03-02 12:07:28,162 | INFO | hilo.gaussian-kernel : TOP-LEFT:
tensor([[0.3457, 0.1888, 0.0535],
        [0.1888, 0.1031, 0.0292],
        [0.0535, 0.0292, 0.0083]])
2024-03-02 12:07:28,162 | INFO | hilo.kernel-accessor : Fetching kernel: gaussian
2024-03-02 12:07:28,162 | INFO | hilo.gaussian-kernel : Calculating Gaussian distribution (location: -0.14278362691402435, scale 0.8291763067245483)
2024-03-02 12:07:28,163 | INFO | hilo.gaussian-kernel : TOP-LEFT:
tensor([[0.4900, 0.1924, 0.0176],
        [0.1924, 0.0755, 0.0069],
        [0.0176, 0.0069, 0.0006]])
2024-03-02 12:07:28,163 | INFO | hilo.kernel-accessor : Fetching kernel: gaussian
2024-03-02 12:07:28,163 | INFO | hilo.gaussian-kernel : Calculating Gaussian distribution (location: -0.2572501599788666, scale 1.0208691358566284)
2024-03-02 12:07:28,163 | INFO | hilo.gaussian-kernel : TOP-LEFT:
tensor([[0.4041, 0.1954, 0.0362],
        [0.1954, 0.0945, 0.0175],
        [0.0362, 0.0175, 0.0032]])
2024-03-02 12:07:28,163 | INFO | hilo.kernel-accessor : Fetching kernel: gaussian
2024-03-02 12:07:28,163 | INFO | hilo.gaussian-kernel : Calculating Gaussian distribution (location: -0.17776833474636078, scale 0.9131436347961426)
2024-03-02 12:07:28,164 | INFO | hilo.gaussian-kernel : BOTTOM-RIGHT:
tensor([[0.0016, 0.0116, 0.0263],
        [0.0116, 0.0871, 0.1964],
        [0.0263, 0.1964, 0.4427]])
2024-03-02 12:07:28,164 | INFO | hilo.kernel-accessor : Fetching kernel: gaussian
2024-03-02 12:07:28,164 | INFO | hilo.gaussian-kernel : Calculating Gaussian distribution (location: -0.1780262440443039, scale 1.038263201713562)
2024-03-02 12:07:28,164 | INFO | hilo.gaussian-kernel : STATIC:
tensor([[0.3693, 0.1969, 0.0415],
        [0.1969, 0.1050, 0.0221],
        [0.0415, 0.0221, 0.0047]])
2024-03-02 12:07:28,164 | INFO | hilo.kernel-accessor : Fetching kernel: gaussian
2024-03-02 12:07:28,164 | INFO | hilo.gaussian-kernel : Calculating Gaussian distribution (location: -0.07194770872592926, scale 0.8735432624816895)
2024-03-02 12:07:28,165 | INFO | hilo.gaussian-kernel : STATIC:
tensor([[0.4256, 0.2011, 0.0256],
        [0.2011, 0.0951, 0.0121],
        [0.0256, 0.0121, 0.0015]])
2024-03-02 12:07:28,165 | INFO | hilo.kernel-accessor : Fetching kernel: gaussian
2024-03-02 12:07:28,165 | INFO | hilo.gaussian-kernel : Calculating Gaussian distribution (location: -0.18315307796001434, scale 1.1821136474609375)
2024-03-02 12:07:28,165 | INFO | hilo.gaussian-kernel : BOTTOM-RIGHT:
tensor([[0.0105, 0.0349, 0.0569],
        [0.0349, 0.1165, 0.1899],
        [0.0569, 0.1899, 0.3096]])
2024-03-02 12:07:28,165 | INFO | hilo.kernel-accessor : Fetching kernel: gaussian
2024-03-02 12:07:28,166 | INFO | hilo.gaussian-kernel : Calculating Gaussian distribution (location: -0.2169753611087799, scale 1.1306780576705933)
2024-03-02 12:07:28,166 | INFO | hilo.gaussian-kernel : BOTTOM-RIGHT:
tensor([[0.0075, 0.0288, 0.0504],
        [0.0288, 0.1101, 0.1930],
        [0.0504, 0.1930, 0.3381]])
2024-03-02 12:07:28,166 | INFO | hilo.kernel-accessor : Fetching kernel: gaussian
2024-03-02 12:07:28,166 | INFO | hilo.gaussian-kernel : Calculating Gaussian distribution (location: -0.04240678250789642, scale 1.1132935285568237)
2024-03-02 12:07:28,166 | INFO | hilo.gaussian-kernel : BOTTOM-RIGHT:
tensor([[0.0103, 0.0358, 0.0554],
        [0.0358, 0.1242, 0.1924],
        [0.0554, 0.1924, 0.2981]])
2024-03-02 12:07:28,167 | INFO | hilo.kernel-accessor : Fetching kernel: gaussian
2024-03-02 12:07:28,167 | INFO | hilo.gaussian-kernel : Calculating Gaussian distribution (location: -0.02261640504002571, scale 0.9369930624961853)
2024-03-02 12:07:28,167 | INFO | hilo.gaussian-kernel : BOTTOM-RIGHT:
tensor([[0.0035, 0.0197, 0.0358],
        [0.0197, 0.1119, 0.2028],
        [0.0358, 0.2028, 0.3679]])
2024-03-02 12:07:28,167 | INFO | hilo.kernel-accessor : Fetching kernel: gaussian
2024-03-02 12:07:28,167 | INFO | hilo.gaussian-kernel : Calculating Gaussian distribution (location: -0.04447250813245773, scale 1.0687661170959473)
2024-03-02 12:07:28,168 | INFO | hilo.gaussian-kernel : STATIC:
tensor([[0.3151, 0.1956, 0.0506],
        [0.1956, 0.1215, 0.0314],
        [0.0506, 0.0314, 0.0081]])
2024-03-02 12:07:28,168 | INFO | hilo.kernel-accessor : Fetching kernel: gaussian
2024-03-02 12:07:28,168 | INFO | hilo.gaussian-kernel : Calculating Gaussian distribution (location: -0.11523012071847916, scale 1.1646010875701904)
2024-03-02 12:07:28,168 | INFO | hilo.gaussian-kernel : TOP-LEFT:
tensor([[0.2991, 0.1900, 0.0578],
        [0.1900, 0.1207, 0.0367],
        [0.0578, 0.0367, 0.0112]])
2024-03-02 12:07:28,168 | INFO | hilo.kernel-accessor : Fetching kernel: gaussian
2024-03-02 12:07:28,168 | INFO | hilo.gaussian-kernel : Calculating Gaussian distribution (location: -0.5385379791259766, scale 1.7901135683059692)
2024-03-02 12:07:28,169 | INFO | hilo.gaussian-kernel : STATIC:
tensor([[0.2255, 0.1631, 0.0863],
        [0.1631, 0.1179, 0.0624],
        [0.0863, 0.0624, 0.0330]])
2024-03-02 12:08:49,067 | INFO | hilo : Epoch   3/200 | Accuracy:  53.1250 | Loss:   1.6442
2024-03-02 12:08:49,067 | INFO | hilo.kernel-accessor : Fetching kernel: gaussian
2024-03-02 12:08:49,067 | INFO | hilo.gaussian-kernel : Calculating Gaussian distribution (location: -0.0023298966698348522, scale 0.6483635902404785)
2024-03-02 12:08:49,068 | INFO | hilo.gaussian-kernel : TOP-LEFT:
tensor([[5.8164e-01, 1.7607e-01, 4.9388e-03],
        [1.7607e-01, 5.3300e-02, 1.4951e-03],
        [4.9388e-03, 1.4951e-03, 4.1936e-05]])
2024-03-02 12:08:49,068 | INFO | hilo.kernel-accessor : Fetching kernel: gaussian
2024-03-02 12:08:49,069 | INFO | hilo.gaussian-kernel : Calculating Gaussian distribution (location: -0.5542724132537842, scale 1.61739182472229)
2024-03-02 12:08:49,069 | INFO | hilo.gaussian-kernel : STATIC:
tensor([[0.2569, 0.1717, 0.0783],
        [0.1717, 0.1147, 0.0523],
        [0.0783, 0.0523, 0.0239]])
2024-03-02 12:08:49,069 | INFO | hilo.kernel-accessor : Fetching kernel: gaussian
2024-03-02 12:08:49,070 | INFO | hilo.gaussian-kernel : Calculating Gaussian distribution (location: -0.3869444727897644, scale 1.1693458557128906)
2024-03-02 12:08:49,070 | INFO | hilo.gaussian-kernel : STATIC:
tensor([[0.3654, 0.1910, 0.0481],
        [0.1910, 0.0999, 0.0251],
        [0.0481, 0.0251, 0.0063]])
2024-03-02 12:08:49,070 | INFO | hilo.kernel-accessor : Fetching kernel: gaussian
2024-03-02 12:08:49,070 | INFO | hilo.gaussian-kernel : Calculating Gaussian distribution (location: -0.2714468240737915, scale 0.9624103307723999)
2024-03-02 12:08:49,071 | INFO | hilo.gaussian-kernel : STATIC:
tensor([[0.4450, 0.1935, 0.0286],
        [0.1935, 0.0841, 0.0124],
        [0.0286, 0.0124, 0.0018]])
2024-03-02 12:08:49,071 | INFO | hilo.kernel-accessor : Fetching kernel: gaussian
2024-03-02 12:08:49,071 | INFO | hilo.gaussian-kernel : Calculating Gaussian distribution (location: -0.226471409201622, scale 0.9363547563552856)
2024-03-02 12:08:49,072 | INFO | hilo.gaussian-kernel : TOP-LEFT:
tensor([[0.4459, 0.1947, 0.0272],
        [0.1947, 0.0850, 0.0119],
        [0.0272, 0.0119, 0.0017]])
2024-03-02 12:08:49,072 | INFO | hilo.kernel-accessor : Fetching kernel: gaussian
2024-03-02 12:08:49,072 | INFO | hilo.gaussian-kernel : Calculating Gaussian distribution (location: -0.08952068537473679, scale 0.7382839322090149)
2024-03-02 12:08:49,073 | INFO | hilo.gaussian-kernel : BOTTOM-RIGHT:
tensor([[1.8287e-04, 3.3779e-03, 9.9623e-03],
        [3.3779e-03, 6.2393e-02, 1.8402e-01],
        [9.9623e-03, 1.8402e-01, 5.4271e-01]])
2024-03-02 12:08:49,073 | INFO | hilo.kernel-accessor : Fetching kernel: gaussian
2024-03-02 12:08:49,074 | INFO | hilo.gaussian-kernel : Calculating Gaussian distribution (location: -0.26719772815704346, scale 0.8568435311317444)
2024-03-02 12:08:49,074 | INFO | hilo.gaussian-kernel : BOTTOM-RIGHT:
tensor([[0.0005, 0.0058, 0.0166],
        [0.0058, 0.0646, 0.1838],
        [0.0166, 0.1838, 0.5225]])
2024-03-02 12:08:49,074 | INFO | hilo.kernel-accessor : Fetching kernel: gaussian
2024-03-02 12:08:49,075 | INFO | hilo.gaussian-kernel : Calculating Gaussian distribution (location: -0.17658564448356628, scale 0.68813157081604)
2024-03-02 12:08:49,075 | INFO | hilo.gaussian-kernel : STATIC:
tensor([[6.4356e-01, 1.5419e-01, 4.4707e-03],
        [1.5419e-01, 3.6942e-02, 1.0711e-03],
        [4.4707e-03, 1.0711e-03, 3.1057e-05]])
2024-03-02 12:08:49,075 | INFO | hilo.kernel-accessor : Fetching kernel: gaussian
2024-03-02 12:08:49,076 | INFO | hilo.gaussian-kernel : Calculating Gaussian distribution (location: -0.13288447260856628, scale 0.7752455472946167)
2024-03-02 12:08:49,076 | INFO | hilo.gaussian-kernel : STATIC:
tensor([[5.3130e-01, 1.8536e-01, 1.2248e-02],
        [1.8536e-01, 6.4666e-02, 4.2730e-03],
        [1.2248e-02, 4.2730e-03, 2.8235e-04]])
2024-03-02 12:08:49,076 | INFO | hilo.kernel-accessor : Fetching kernel: gaussian
2024-03-02 12:08:49,077 | INFO | hilo.gaussian-kernel : Calculating Gaussian distribution (location: -0.0068514239974319935, scale 0.6493116617202759)
2024-03-02 12:08:49,077 | INFO | hilo.gaussian-kernel : STATIC:
tensor([[5.8364e-01, 1.7540e-01, 4.9186e-03],
        [1.7540e-01, 5.2715e-02, 1.4782e-03],
        [4.9186e-03, 1.4782e-03, 4.1451e-05]])
2024-03-02 12:08:49,077 | INFO | hilo.kernel-accessor : Fetching kernel: gaussian
2024-03-02 12:08:49,078 | INFO | hilo.gaussian-kernel : Calculating Gaussian distribution (location: -0.11693497747182846, scale 0.8640989065170288)
2024-03-02 12:08:49,078 | INFO | hilo.gaussian-kernel : BOTTOM-RIGHT:
tensor([[0.0011, 0.0099, 0.0227],
        [0.0099, 0.0865, 0.1977],
        [0.0227, 0.1977, 0.4517]])
2024-03-02 12:08:49,078 | INFO | hilo.kernel-accessor : Fetching kernel: gaussian
2024-03-02 12:08:49,079 | INFO | hilo.gaussian-kernel : Calculating Gaussian distribution (location: -0.12300881743431091, scale 0.8803749680519104)
2024-03-02 12:08:49,079 | INFO | hilo.gaussian-kernel : STATIC:
tensor([[0.4428, 0.1982, 0.0244],
        [0.1982, 0.0887, 0.0109],
        [0.0244, 0.0109, 0.0013]])
2024-03-02 12:08:49,079 | INFO | hilo.kernel-accessor : Fetching kernel: gaussian
2024-03-02 12:08:49,079 | INFO | hilo.gaussian-kernel : Calculating Gaussian distribution (location: -0.011793535202741623, scale 0.8416292667388916)
2024-03-02 12:08:49,080 | INFO | hilo.gaussian-kernel : STATIC:
tensor([[0.4200, 0.2039, 0.0241],
        [0.2039, 0.0990, 0.0117],
        [0.0241, 0.0117, 0.0014]])
2024-03-02 12:08:49,080 | INFO | hilo.kernel-accessor : Fetching kernel: gaussian
2024-03-02 12:08:49,080 | INFO | hilo.gaussian-kernel : Calculating Gaussian distribution (location: 0.016537830233573914, scale 0.7025753259658813)
2024-03-02 12:08:49,080 | INFO | hilo.gaussian-kernel : BOTTOM-RIGHT:
tensor([[1.7794e-04, 3.5932e-03, 9.5685e-03],
        [3.5932e-03, 7.2556e-02, 1.9321e-01],
        [9.5685e-03, 1.9321e-01, 5.1452e-01]])
2024-03-02 12:08:49,080 | INFO | hilo.kernel-accessor : Fetching kernel: gaussian
2024-03-02 12:08:49,081 | INFO | hilo.gaussian-kernel : Calculating Gaussian distribution (location: -0.018243545666337013, scale 0.7793644666671753)
2024-03-02 12:08:49,081 | INFO | hilo.gaussian-kernel : BOTTOM-RIGHT:
tensor([[0.0006, 0.0070, 0.0164],
        [0.0070, 0.0850, 0.1996],
        [0.0164, 0.1996, 0.4685]])
2024-03-02 12:08:49,081 | INFO | hilo.kernel-accessor : Fetching kernel: gaussian
2024-03-02 12:08:49,081 | INFO | hilo.gaussian-kernel : Calculating Gaussian distribution (location: -0.06104430556297302, scale 0.8677464723587036)
2024-03-02 12:08:49,082 | INFO | hilo.gaussian-kernel : BOTTOM-RIGHT:
tensor([[0.0015, 0.0120, 0.0254],
        [0.0120, 0.0957, 0.2016],
        [0.0254, 0.2016, 0.4247]])
2024-03-02 12:08:49,082 | INFO | hilo.kernel-accessor : Fetching kernel: gaussian
2024-03-02 12:08:49,082 | INFO | hilo.gaussian-kernel : Calculating Gaussian distribution (location: -0.31097352504730225, scale 1.1378445625305176)
2024-03-02 12:08:49,082 | INFO | hilo.gaussian-kernel : STATIC:
tensor([[0.3601, 0.1925, 0.0475],
        [0.1925, 0.1029, 0.0254],
        [0.0475, 0.0254, 0.0063]])
2024-03-02 12:10:09,813 | INFO | hilo : Epoch   4/200 | Accuracy:  45.8333 | Loss:   1.4626
2024-03-02 12:10:09,814 | INFO | hilo.kernel-accessor : Fetching kernel: gaussian
2024-03-02 12:10:09,814 | INFO | hilo.gaussian-kernel : Calculating Gaussian distribution (location: -0.003081479575484991, scale 0.6620557308197021)
2024-03-02 12:10:09,815 | INFO | hilo.gaussian-kernel : STATIC:
tensor([[5.6734e-01, 1.8004e-01, 5.8357e-03],
        [1.8004e-01, 5.7137e-02, 1.8520e-03],
        [5.8357e-03, 1.8520e-03, 6.0027e-05]])
2024-03-02 12:10:09,815 | INFO | hilo.kernel-accessor : Fetching kernel: gaussian
2024-03-02 12:10:09,815 | INFO | hilo.gaussian-kernel : Calculating Gaussian distribution (location: -0.8175594806671143, scale 1.8718045949935913)
2024-03-02 12:10:09,816 | INFO | hilo.gaussian-kernel : BOTTOM-RIGHT:
tensor([[0.0301, 0.0584, 0.0851],
        [0.0584, 0.1132, 0.1648],
        [0.0851, 0.1648, 0.2401]])
2024-03-02 12:10:09,816 | INFO | hilo.kernel-accessor : Fetching kernel: gaussian
2024-03-02 12:10:09,816 | INFO | hilo.gaussian-kernel : Calculating Gaussian distribution (location: -0.4311007857322693, scale 1.1274104118347168)
2024-03-02 12:10:09,817 | INFO | hilo.gaussian-kernel : TOP-LEFT:
tensor([[0.3976, 0.1911, 0.0418],
        [0.1911, 0.0919, 0.0201],
        [0.0418, 0.0201, 0.0044]])
2024-03-02 12:10:09,817 | INFO | hilo.kernel-accessor : Fetching kernel: gaussian
2024-03-02 12:10:09,817 | INFO | hilo.gaussian-kernel : Calculating Gaussian distribution (location: -0.21148066222667694, scale 0.8157681822776794)
2024-03-02 12:10:09,818 | INFO | hilo.gaussian-kernel : BOTTOM-RIGHT:
tensor([[3.6676e-04, 4.8006e-03, 1.3983e-02],
        [4.8006e-03, 6.2838e-02, 1.8304e-01],
        [1.3983e-02, 1.8304e-01, 5.3315e-01]])
2024-03-02 12:10:09,818 | INFO | hilo.kernel-accessor : Fetching kernel: gaussian
2024-03-02 12:10:09,818 | INFO | hilo.gaussian-kernel : Calculating Gaussian distribution (location: -0.19652149081230164, scale 0.7803842425346375)
2024-03-02 12:10:09,819 | INFO | hilo.gaussian-kernel : STATIC:
tensor([[5.5834e-01, 1.7791e-01, 1.0974e-02],
        [1.7791e-01, 5.6687e-02, 3.4966e-03],
        [1.0974e-02, 3.4966e-03, 2.1568e-04]])
2024-03-02 12:10:09,819 | INFO | hilo.kernel-accessor : Fetching kernel: gaussian
2024-03-02 12:10:09,819 | INFO | hilo.gaussian-kernel : Calculating Gaussian distribution (location: -0.043714262545108795, scale 0.6524507403373718)
2024-03-02 12:10:09,819 | INFO | hilo.gaussian-kernel : STATIC:
tensor([[6.0446e-01, 1.6853e-01, 4.4849e-03],
        [1.6853e-01, 4.6985e-02, 1.2504e-03],
        [4.4849e-03, 1.2504e-03, 3.3277e-05]])
2024-03-02 12:10:09,820 | INFO | hilo.kernel-accessor : Fetching kernel: gaussian
2024-03-02 12:10:09,820 | INFO | hilo.gaussian-kernel : Calculating Gaussian distribution (location: -0.17763952910900116, scale 0.7680689692497253)
2024-03-02 12:10:09,820 | INFO | hilo.gaussian-kernel : TOP-LEFT:
tensor([[5.6067e-01, 1.7776e-01, 1.0347e-02],
        [1.7776e-01, 5.6361e-02, 3.2804e-03],
        [1.0347e-02, 3.2804e-03, 1.9094e-04]])
2024-03-02 12:10:09,820 | INFO | hilo.kernel-accessor : Fetching kernel: gaussian
2024-03-02 12:10:09,821 | INFO | hilo.gaussian-kernel : Calculating Gaussian distribution (location: -0.13959628343582153, scale 0.6656128168106079)
2024-03-02 12:10:09,821 | INFO | hilo.gaussian-kernel : TOP-LEFT:
tensor([[6.4838e-01, 1.5306e-01, 3.7812e-03],
        [1.5306e-01, 3.6132e-02, 8.9261e-04],
        [3.7812e-03, 8.9261e-04, 2.2051e-05]])
2024-03-02 12:10:09,821 | INFO | hilo.kernel-accessor : Fetching kernel: gaussian
2024-03-02 12:10:09,822 | INFO | hilo.gaussian-kernel : Calculating Gaussian distribution (location: -0.10951381921768188, scale 0.6667364239692688)
2024-03-02 12:10:09,822 | INFO | hilo.gaussian-kernel : BOTTOM-RIGHT:
tensor([[2.9043e-05, 1.0851e-03, 4.2750e-03],
        [1.0851e-03, 4.0541e-02, 1.5972e-01],
        [4.2750e-03, 1.5972e-01, 6.2927e-01]])
2024-03-02 12:10:09,822 | INFO | hilo.kernel-accessor : Fetching kernel: gaussian
2024-03-02 12:10:09,823 | INFO | hilo.gaussian-kernel : Calculating Gaussian distribution (location: 0.03790493309497833, scale 0.5426622629165649)
2024-03-02 12:10:09,823 | INFO | hilo.gaussian-kernel : STATIC:
tensor([[6.8339e-01, 1.4229e-01, 9.9294e-04],
        [1.4229e-01, 2.9628e-02, 2.0675e-04],
        [9.9294e-04, 2.0675e-04, 1.4427e-06]])
2024-03-02 12:10:09,823 | INFO | hilo.kernel-accessor : Fetching kernel: gaussian
2024-03-02 12:10:09,823 | INFO | hilo.gaussian-kernel : Calculating Gaussian distribution (location: -0.07164954394102097, scale 0.7114795446395874)
2024-03-02 12:10:09,824 | INFO | hilo.gaussian-kernel : BOTTOM-RIGHT:
tensor([[1.1738e-04, 2.6180e-03, 8.0987e-03],
        [2.6180e-03, 5.8393e-02, 1.8064e-01],
        [8.0987e-03, 1.8064e-01, 5.5879e-01]])
2024-03-02 12:10:09,824 | INFO | hilo.kernel-accessor : Fetching kernel: gaussian
2024-03-02 12:10:09,824 | INFO | hilo.gaussian-kernel : Calculating Gaussian distribution (location: -0.008838687092065811, scale 0.6903654336929321)
2024-03-02 12:10:09,825 | INFO | hilo.gaussian-kernel : BOTTOM-RIGHT:
tensor([[1.1399e-04, 2.7025e-03, 7.8602e-03],
        [2.7025e-03, 6.4071e-02, 1.8635e-01],
        [7.8602e-03, 1.8635e-01, 5.4199e-01]])
2024-03-02 12:10:09,825 | INFO | hilo.kernel-accessor : Fetching kernel: gaussian
2024-03-02 12:10:09,825 | INFO | hilo.gaussian-kernel : Calculating Gaussian distribution (location: 0.0693671926856041, scale 0.7619832754135132)
2024-03-02 12:10:09,826 | INFO | hilo.gaussian-kernel : STATIC:
tensor([[0.4346, 0.2070, 0.0176],
        [0.2070, 0.0986, 0.0084],
        [0.0176, 0.0084, 0.0007]])
2024-03-02 12:10:09,826 | INFO | hilo.kernel-accessor : Fetching kernel: gaussian
2024-03-02 12:10:09,826 | INFO | hilo.gaussian-kernel : Calculating Gaussian distribution (location: -0.0046824123710393906, scale 0.6735674738883972)
2024-03-02 12:10:09,827 | INFO | hilo.gaussian-kernel : BOTTOM-RIGHT:
tensor([[7.9147e-05, 2.1816e-03, 6.6357e-03],
        [2.1816e-03, 6.0135e-02, 1.8291e-01],
        [6.6357e-03, 1.8291e-01, 5.5633e-01]])
2024-03-02 12:10:09,827 | INFO | hilo.kernel-accessor : Fetching kernel: gaussian
2024-03-02 12:10:09,827 | INFO | hilo.gaussian-kernel : Calculating Gaussian distribution (location: -0.01508827693760395, scale 0.7556238770484924)
2024-03-02 12:10:09,828 | INFO | hilo.gaussian-kernel : TOP-LEFT:
tensor([[4.8612e-01, 1.9722e-01, 1.3884e-02],
        [1.9722e-01, 8.0013e-02, 5.6330e-03],
        [1.3884e-02, 5.6330e-03, 3.9657e-04]])
2024-03-02 12:10:09,828 | INFO | hilo.kernel-accessor : Fetching kernel: gaussian
2024-03-02 12:10:09,828 | INFO | hilo.gaussian-kernel : Calculating Gaussian distribution (location: 0.005859679076820612, scale 0.7659314870834351)
2024-03-02 12:10:09,829 | INFO | hilo.gaussian-kernel : BOTTOM-RIGHT:
tensor([[0.0005, 0.0068, 0.0157],
        [0.0068, 0.0865, 0.2008],
        [0.0157, 0.2008, 0.4663]])
2024-03-02 12:10:09,829 | INFO | hilo.kernel-accessor : Fetching kernel: gaussian
2024-03-02 12:10:09,829 | INFO | hilo.gaussian-kernel : Calculating Gaussian distribution (location: -0.08754713833332062, scale 0.8253872990608215)
2024-03-02 12:10:09,830 | INFO | hilo.gaussian-kernel : BOTTOM-RIGHT:
tensor([[0.0008, 0.0081, 0.0192],
        [0.0081, 0.0832, 0.1972],
        [0.0192, 0.1972, 0.4671]])
2024-03-02 12:11:30,801 | INFO | hilo : Epoch   5/200 | Accuracy:  50.7812 | Loss:   1.4776
2024-03-02 12:11:30,801 | INFO | hilo.kernel-accessor : Fetching kernel: gaussian
2024-03-02 12:11:30,802 | INFO | hilo.gaussian-kernel : Calculating Gaussian distribution (location: -0.010292116552591324, scale 0.6286100745201111)
2024-03-02 12:11:30,803 | INFO | hilo.gaussian-kernel : BOTTOM-RIGHT:
tensor([[2.2054e-05, 1.0078e-03, 3.6662e-03],
        [1.0078e-03, 4.6056e-02, 1.6754e-01],
        [3.6662e-03, 1.6754e-01, 6.0949e-01]])
2024-03-02 12:11:30,803 | INFO | hilo.kernel-accessor : Fetching kernel: gaussian
2024-03-02 12:11:30,803 | INFO | hilo.gaussian-kernel : Calculating Gaussian distribution (location: -0.7789725065231323, scale 1.864501953125)
2024-03-02 12:11:30,803 | INFO | hilo.gaussian-kernel : TOP-LEFT:
tensor([[0.2376, 0.1645, 0.0854],
        [0.1645, 0.1138, 0.0591],
        [0.0854, 0.0591, 0.0307]])
2024-03-02 12:11:30,804 | INFO | hilo.kernel-accessor : Fetching kernel: gaussian
2024-03-02 12:11:30,804 | INFO | hilo.gaussian-kernel : Calculating Gaussian distribution (location: -0.36842960119247437, scale 1.1613541841506958)
2024-03-02 12:11:30,804 | INFO | hilo.gaussian-kernel : TOP-LEFT:
tensor([[0.3643, 0.1914, 0.0479],
        [0.1914, 0.1005, 0.0252],
        [0.0479, 0.0252, 0.0063]])
2024-03-02 12:11:30,804 | INFO | hilo.kernel-accessor : Fetching kernel: gaussian
2024-03-02 12:11:30,805 | INFO | hilo.gaussian-kernel : Calculating Gaussian distribution (location: -0.32797080278396606, scale 0.9871941804885864)
2024-03-02 12:11:30,805 | INFO | hilo.gaussian-kernel : BOTTOM-RIGHT:
tensor([[0.0019, 0.0126, 0.0294],
        [0.0126, 0.0820, 0.1918],
        [0.0294, 0.1918, 0.4486]])
2024-03-02 12:11:30,805 | INFO | hilo.kernel-accessor : Fetching kernel: gaussian
2024-03-02 12:11:30,805 | INFO | hilo.gaussian-kernel : Calculating Gaussian distribution (location: -0.17658668756484985, scale 0.7599405646324158)
2024-03-02 12:11:30,806 | INFO | hilo.gaussian-kernel : TOP-LEFT:
tensor([[5.6798e-01, 1.7601e-01, 9.6543e-03],
        [1.7601e-01, 5.4542e-02, 2.9917e-03],
        [9.6543e-03, 2.9917e-03, 1.6410e-04]])
2024-03-02 12:11:30,806 | INFO | hilo.kernel-accessor : Fetching kernel: gaussian
2024-03-02 12:11:30,806 | INFO | hilo.gaussian-kernel : Calculating Gaussian distribution (location: -0.02442597597837448, scale 0.7269374132156372)
2024-03-02 12:11:30,807 | INFO | hilo.gaussian-kernel : BOTTOM-RIGHT:
tensor([[2.2152e-04, 3.9652e-03, 1.0697e-02],
        [3.9652e-03, 7.0975e-02, 1.9147e-01],
        [1.0697e-02, 1.9147e-01, 5.1654e-01]])
2024-03-02 12:11:30,807 | INFO | hilo.kernel-accessor : Fetching kernel: gaussian
2024-03-02 12:11:30,807 | INFO | hilo.gaussian-kernel : Calculating Gaussian distribution (location: -0.26718780398368835, scale 0.7517135739326477)
2024-03-02 12:11:30,807 | INFO | hilo.gaussian-kernel : TOP-LEFT:
tensor([[6.2144e-01, 1.5987e-01, 7.0076e-03],
        [1.5987e-01, 4.1127e-02, 1.8028e-03],
        [7.0076e-03, 1.8028e-03, 7.9021e-05]])
2024-03-02 12:11:30,808 | INFO | hilo.kernel-accessor : Fetching kernel: gaussian
2024-03-02 12:11:30,808 | INFO | hilo.gaussian-kernel : Calculating Gaussian distribution (location: -0.11789542436599731, scale 0.563825249671936)
2024-03-02 12:11:30,808 | INFO | hilo.gaussian-kernel : STATIC:
tensor([[7.6402e-01, 1.0939e-01, 6.7406e-04],
        [1.0939e-01, 1.5662e-02, 9.6509e-05],
        [6.7406e-04, 9.6509e-05, 5.9470e-07]])
2024-03-02 12:11:30,808 | INFO | hilo.kernel-accessor : Fetching kernel: gaussian
