2023-12-06 21:06:58,852 | INFO | hi-lo : 
+==============================================================+
|                                                              |
| ██████╗  █████╗ ██████╗ ██╗         ██╗      █████╗ ██████╗  |
| ██╔══██╗██╔══██╗██╔══██╗██║         ██║     ██╔══██╗██╔══██╗ |
| ██║  ██║███████║██║  ██║██║         ██║     ███████║██████╔╝ |
| ██║  ██║██╔══██║██║  ██║██║         ██║     ██╔══██║██╔══██╗ |
| ██████╔╝██║  ██║██████╔╝███████╗    ███████╗██║  ██║██████╔╝ |
| ╚═════╝ ╚═╝  ╚═╝╚═════╝ ╚══════╝    ╚══════╝╚═╝  ╚═╝╚═════╝  |
|                                                              |
+==============================================================+
|             Hi-Lo Resolution Image Classification            |
|             -------------------------------------            |
|                       Gabriel C. Trahan                      |
|                          Sahan Ahmad                         |
|                       MD  Aminual Islam                      |
+==============================================================+
| MODEL:                 normal | LR:                      0.1 |
| DISTRO:                gumbel | KERNEL TYPE:              12 |
| DATASET:             imagenet | BATCH SIZE:               64 |
+=========================================================================+
2023-12-06 21:06:58,853 | INFO | hi-lo : Output directory: output/normal/gumbel/12/imagenet/20231206_210658
2023-12-06 21:06:58,853 | INFO | hi-lo.dataset-accessor : Fetching dataset: imagenet
2023-12-06 21:06:58,853 | INFO | hi-lo.imagenet-dataset : Initializing transform.
2023-12-06 21:06:58,853 | INFO | hi-lo.imagenet-dataset : Verifying/downloading train data.
2023-12-06 21:07:01,720 | INFO | hi-lo.imagenet-dataset : Verifying/downloading test data.
2023-12-06 21:07:01,837 | INFO | hi-lo.imagenet-dataset : Creating train data loader.
2023-12-06 21:07:01,837 | INFO | hi-lo.imagenet-dataset : Creating test data loader.
2023-12-06 21:07:02,856 | INFO | hi-lo : Using device: NVIDIA GeForce GTX 1060 6GB
2023-12-06 21:07:02,856 | INFO | hi-lo : Commencing training phase...
2023-12-06 21:07:02,856 | INFO | hi-lo : BEGIN EPOCH 1 =========================================================================
2023-12-06 21:07:02,857 | INFO | hi-lo.kernel-accessor : Fetching kernel: gumbel
2023-12-06 21:07:02,857 | INFO | hi-lo.gumbel-kernel : MU (LOCATION): 1 | BETA (SCALE): 1
2023-12-06 21:07:02,858 | INFO | hi-lo.gumbel-kernel : STATIC
tensor([[5.6765e-01, 1.6550e-01, 3.2357e-02],
        [1.6550e-01, 3.2357e-02, 2.1352e-03],
        [3.2357e-02, 2.1352e-03, 7.3562e-06]])
2023-12-06 21:07:02,858 | INFO | hi-lo.kernel-accessor : Fetching kernel: gumbel
2023-12-06 21:07:02,858 | INFO | hi-lo.gumbel-kernel : MU (LOCATION): 1 | BETA (SCALE): 1
2023-12-06 21:07:02,858 | INFO | hi-lo.gumbel-kernel : STATIC
tensor([[5.6765e-01, 1.6550e-01, 3.2357e-02],
        [1.6550e-01, 3.2357e-02, 2.1352e-03],
        [3.2357e-02, 2.1352e-03, 7.3562e-06]])
2023-12-06 21:07:02,858 | INFO | hi-lo.kernel-accessor : Fetching kernel: gumbel
2023-12-06 21:07:02,859 | INFO | hi-lo.gumbel-kernel : MU (LOCATION): 0.0 | BETA (SCALE): 1.0
2023-12-06 21:07:02,859 | INFO | hi-lo.gumbel-kernel : BOTTOM-LEFT
tensor([[2.0072e-04, 2.2609e-10, 8.5377e-26],
        [5.8259e-02, 2.0072e-04, 2.2609e-10],
        [8.8288e-01, 5.8259e-02, 2.0072e-04]])
2023-12-06 21:07:02,859 | INFO | hi-lo.kernel-accessor : Fetching kernel: gumbel
2023-12-06 21:07:02,859 | INFO | hi-lo.gumbel-kernel : MU (LOCATION): 1 | BETA (SCALE): 1
2023-12-06 21:07:02,860 | INFO | hi-lo.gumbel-kernel : STATIC
tensor([[5.6765e-01, 1.6550e-01, 3.2357e-02],
        [1.6550e-01, 3.2357e-02, 2.1352e-03],
        [3.2357e-02, 2.1352e-03, 7.3562e-06]])
2023-12-06 21:07:27,560 | INFO | hi-lo : END EPOCH:   1 | ACCURACY: 1.56 | LOSS: 4.504505157470703
2023-12-06 21:07:27,560 | INFO | hi-lo : BEGIN EPOCH 2 =========================================================================
2023-12-06 21:07:27,561 | INFO | hi-lo.kernel-accessor : Fetching kernel: gumbel
2023-12-06 21:07:27,561 | INFO | hi-lo.gumbel-kernel : MU (LOCATION): -0.19153451919555664 | BETA (SCALE): 0.5205727815628052
2023-12-06 21:07:27,562 | INFO | hi-lo.gumbel-kernel : BOTTOM-RIGHT
tensor([[0.0000e+00, 0.0000e+00, 9.8091e-44],
        [0.0000e+00, 9.8091e-44, 7.6407e-07],
        [9.8091e-44, 7.6407e-07, 1.0000e+00]])
2023-12-06 21:07:27,562 | INFO | hi-lo.kernel-accessor : Fetching kernel: gumbel
2023-12-06 21:07:27,563 | INFO | hi-lo.gumbel-kernel : MU (LOCATION): 1 | BETA (SCALE): 1
2023-12-06 21:07:27,563 | INFO | hi-lo.gumbel-kernel : STATIC
tensor([[5.6765e-01, 1.6550e-01, 3.2357e-02],
        [1.6550e-01, 3.2357e-02, 2.1352e-03],
        [3.2357e-02, 2.1352e-03, 7.3562e-06]])
2023-12-06 21:07:27,563 | INFO | hi-lo.kernel-accessor : Fetching kernel: gumbel
2023-12-06 21:07:27,564 | INFO | hi-lo.gumbel-kernel : MU (LOCATION): 1 | BETA (SCALE): 1
2023-12-06 21:07:27,564 | INFO | hi-lo.gumbel-kernel : STATIC
tensor([[5.6765e-01, 1.6550e-01, 3.2357e-02],
        [1.6550e-01, 3.2357e-02, 2.1352e-03],
        [3.2357e-02, 2.1352e-03, 7.3562e-06]])
2023-12-06 21:07:27,564 | INFO | hi-lo.kernel-accessor : Fetching kernel: gumbel
2023-12-06 21:07:27,565 | INFO | hi-lo.gumbel-kernel : MU (LOCATION): -0.5082851648330688 | BETA (SCALE): 1.00623619556427
2023-12-06 21:07:27,565 | INFO | hi-lo.gumbel-kernel : BOTTOM-LEFT
tensor([[4.1880e-09, 2.3976e-24, 0.0000e+00],
        [3.4356e-03, 4.1879e-09, 2.3976e-24],
        [9.9313e-01, 3.4356e-03, 4.1880e-09]])
2023-12-06 21:07:51,601 | INFO | hi-lo : END EPOCH:   2 | ACCURACY: 1.04 | LOSS: 4.56436014175415
2023-12-06 21:07:51,601 | INFO | hi-lo : BEGIN EPOCH 3 =========================================================================
2023-12-06 21:07:51,601 | INFO | hi-lo.kernel-accessor : Fetching kernel: gumbel
2023-12-06 21:07:51,601 | INFO | hi-lo.gumbel-kernel : MU (LOCATION): -0.043286435306072235 | BETA (SCALE): 0.5287858843803406
2023-12-06 21:07:51,602 | INFO | hi-lo.gumbel-kernel : BOTTOM-RIGHT
tensor([[0.0000e+00, 0.0000e+00, 2.5367e-24],
        [0.0000e+00, 2.5366e-24, 1.9959e-04],
        [2.5367e-24, 1.9959e-04, 9.9960e-01]])
2023-12-06 21:07:51,602 | INFO | hi-lo.kernel-accessor : Fetching kernel: gumbel
2023-12-06 21:07:51,602 | INFO | hi-lo.gumbel-kernel : MU (LOCATION): -0.5529540777206421 | BETA (SCALE): 0.8406326770782471
2023-12-06 21:07:51,602 | INFO | hi-lo.gumbel-kernel : BOTTOM-LEFT
tensor([[1.2930e-17, 0.0000e+00, 0.0000e+00],
        [6.0783e-05, 1.2930e-17, 0.0000e+00],
        [9.9988e-01, 6.0783e-05, 1.2930e-17]])
2023-12-06 21:07:51,602 | INFO | hi-lo.kernel-accessor : Fetching kernel: gumbel
2023-12-06 21:07:51,603 | INFO | hi-lo.gumbel-kernel : MU (LOCATION): -1.4178571701049805 | BETA (SCALE): 1.74381685256958
2023-12-06 21:07:51,603 | INFO | hi-lo.gumbel-kernel : BOTTOM-RIGHT
tensor([[2.0625e-21, 1.3060e-11, 5.6043e-06],
        [1.3060e-11, 5.6043e-06, 1.0755e-02],
        [5.6043e-06, 1.0755e-02, 9.7847e-01]])
2023-12-06 21:07:51,603 | INFO | hi-lo.kernel-accessor : Fetching kernel: gumbel
2023-12-06 21:07:51,603 | INFO | hi-lo.gumbel-kernel : MU (LOCATION): 1 | BETA (SCALE): 1
2023-12-06 21:07:51,603 | INFO | hi-lo.gumbel-kernel : STATIC
tensor([[5.6765e-01, 1.6550e-01, 3.2357e-02],
        [1.6550e-01, 3.2357e-02, 2.1352e-03],
        [3.2357e-02, 2.1352e-03, 7.3562e-06]])
2023-12-06 21:08:15,731 | INFO | hi-lo : END EPOCH:   3 | ACCURACY: 1.65 | LOSS: 4.548293590545654
2023-12-06 21:08:15,731 | INFO | hi-lo : BEGIN EPOCH 4 =========================================================================
2023-12-06 21:08:15,732 | INFO | hi-lo.kernel-accessor : Fetching kernel: gumbel
2023-12-06 21:08:15,733 | INFO | hi-lo.gumbel-kernel : MU (LOCATION): -0.1766941398382187 | BETA (SCALE): 0.49583834409713745
2023-12-06 21:08:15,733 | INFO | hi-lo.gumbel-kernel : BOTTOM-RIGHT
tensor([[0.0000e+00, 0.0000e+00, 0.0000e+00],
        [0.0000e+00, 0.0000e+00, 2.2607e-07],
        [0.0000e+00, 2.2607e-07, 1.0000e+00]])
2023-12-06 21:08:15,733 | INFO | hi-lo.kernel-accessor : Fetching kernel: gumbel
2023-12-06 21:08:15,734 | INFO | hi-lo.gumbel-kernel : MU (LOCATION): -0.6566450595855713 | BETA (SCALE): 0.8807642459869385
2023-12-06 21:08:15,734 | INFO | hi-lo.gumbel-kernel : BOTTOM-RIGHT
tensor([[0.0000e+00, 0.0000e+00, 1.8045e-18],
        [0.0000e+00, 1.8045e-18, 2.7038e-05],
        [1.8045e-18, 2.7038e-05, 9.9995e-01]])
2023-12-06 21:08:15,734 | INFO | hi-lo.kernel-accessor : Fetching kernel: gumbel
2023-12-06 21:08:15,735 | INFO | hi-lo.gumbel-kernel : MU (LOCATION): -1.421891212463379 | BETA (SCALE): 1.7691785097122192
2023-12-06 21:08:15,735 | INFO | hi-lo.gumbel-kernel : BOTTOM-LEFT
tensor([[8.9844e-06, 4.0563e-11, 2.4411e-20],
        [1.2498e-02, 8.9844e-06, 4.0563e-11],
        [9.7498e-01, 1.2498e-02, 8.9844e-06]])
2023-12-06 21:08:15,736 | INFO | hi-lo.kernel-accessor : Fetching kernel: gumbel
2023-12-06 21:08:15,736 | INFO | hi-lo.gumbel-kernel : MU (LOCATION): -0.9122606515884399 | BETA (SCALE): 1.282127022743225
2023-12-06 21:08:15,736 | INFO | hi-lo.gumbel-kernel : BOTTOM-LEFT
tensor([[3.5174e-08, 1.1928e-18, 4.3674e-41],
        [3.3826e-03, 3.5174e-08, 1.1928e-18],
        [9.9323e-01, 3.3826e-03, 3.5174e-08]])
2023-12-06 21:08:39,799 | INFO | hi-lo : END EPOCH:   4 | ACCURACY: 0.15 | LOSS: 4.144636154174805
2023-12-06 21:08:39,800 | INFO | hi-lo : BEGIN EPOCH 5 =========================================================================
2023-12-06 21:08:39,800 | INFO | hi-lo.kernel-accessor : Fetching kernel: gumbel
2023-12-06 21:08:39,801 | INFO | hi-lo.gumbel-kernel : MU (LOCATION): -0.112737737596035 | BETA (SCALE): 0.5322800278663635
2023-12-06 21:08:39,801 | INFO | hi-lo.gumbel-kernel : BOTTOM-RIGHT
tensor([[0.0000e+00, 0.0000e+00, 4.1154e-30],
        [0.0000e+00, 4.1152e-30, 3.2037e-05],
        [4.1154e-30, 3.2037e-05, 9.9994e-01]])
2023-12-06 21:08:39,801 | INFO | hi-lo.kernel-accessor : Fetching kernel: gumbel
2023-12-06 21:08:39,802 | INFO | hi-lo.gumbel-kernel : MU (LOCATION): 1 | BETA (SCALE): 1
2023-12-06 21:08:39,802 | INFO | hi-lo.gumbel-kernel : STATIC
tensor([[5.6765e-01, 1.6550e-01, 3.2357e-02],
        [1.6550e-01, 3.2357e-02, 2.1352e-03],
        [3.2357e-02, 2.1352e-03, 7.3562e-06]])
2023-12-06 21:08:39,802 | INFO | hi-lo.kernel-accessor : Fetching kernel: gumbel
2023-12-06 21:08:39,803 | INFO | hi-lo.gumbel-kernel : MU (LOCATION): 1 | BETA (SCALE): 1
2023-12-06 21:08:39,803 | INFO | hi-lo.gumbel-kernel : STATIC
tensor([[5.6765e-01, 1.6550e-01, 3.2357e-02],
        [1.6550e-01, 3.2357e-02, 2.1352e-03],
        [3.2357e-02, 2.1352e-03, 7.3562e-06]])
2023-12-06 21:08:39,803 | INFO | hi-lo.kernel-accessor : Fetching kernel: gumbel
2023-12-06 21:08:39,804 | INFO | hi-lo.gumbel-kernel : MU (LOCATION): 1 | BETA (SCALE): 1
2023-12-06 21:08:39,804 | INFO | hi-lo.gumbel-kernel : STATIC
tensor([[5.6765e-01, 1.6550e-01, 3.2357e-02],
        [1.6550e-01, 3.2357e-02, 2.1352e-03],
        [3.2357e-02, 2.1352e-03, 7.3562e-06]])
2023-12-06 21:09:03,958 | INFO | hi-lo : END EPOCH:   5 | ACCURACY: 2.34 | LOSS: 4.285980224609375
2023-12-06 21:09:03,958 | INFO | hi-lo : BEGIN EPOCH 6 =========================================================================
2023-12-06 21:09:03,958 | INFO | hi-lo.kernel-accessor : Fetching kernel: gumbel
2023-12-06 21:09:03,959 | INFO | hi-lo.gumbel-kernel : MU (LOCATION): -0.16653773188591003 | BETA (SCALE): 0.4770756959915161
2023-12-06 21:09:03,960 | INFO | hi-lo.gumbel-kernel : BOTTOM-LEFT
tensor([[0.0000e+00, 0.0000e+00, 0.0000e+00],
        [7.2720e-08, 0.0000e+00, 0.0000e+00],
        [1.0000e+00, 7.2720e-08, 0.0000e+00]])
2023-12-06 21:09:03,960 | INFO | hi-lo.kernel-accessor : Fetching kernel: gumbel
2023-12-06 21:09:03,961 | INFO | hi-lo.gumbel-kernel : MU (LOCATION): 1 | BETA (SCALE): 1
2023-12-06 21:09:03,961 | INFO | hi-lo.gumbel-kernel : STATIC
tensor([[5.6765e-01, 1.6550e-01, 3.2357e-02],
        [1.6550e-01, 3.2357e-02, 2.1352e-03],
        [3.2357e-02, 2.1352e-03, 7.3562e-06]])
2023-12-06 21:09:03,961 | INFO | hi-lo.kernel-accessor : Fetching kernel: gumbel
2023-12-06 21:09:03,962 | INFO | hi-lo.gumbel-kernel : MU (LOCATION): -1.0216829776763916 | BETA (SCALE): 1.5725557804107666
2023-12-06 21:09:03,963 | INFO | hi-lo.gumbel-kernel : BOTTOM-RIGHT
tensor([[1.5983e-20, 1.0383e-10, 2.1960e-05],
        [1.0383e-10, 2.1960e-05, 1.9548e-02],
        [2.1960e-05, 1.9548e-02, 9.6084e-01]])
2023-12-06 21:09:03,963 | INFO | hi-lo.kernel-accessor : Fetching kernel: gumbel
2023-12-06 21:09:03,963 | INFO | hi-lo.gumbel-kernel : MU (LOCATION): 1 | BETA (SCALE): 1
2023-12-06 21:09:03,964 | INFO | hi-lo.gumbel-kernel : STATIC
tensor([[5.6765e-01, 1.6550e-01, 3.2357e-02],
        [1.6550e-01, 3.2357e-02, 2.1352e-03],
        [3.2357e-02, 2.1352e-03, 7.3562e-06]])
2023-12-06 21:09:28,051 | INFO | hi-lo : END EPOCH:   6 | ACCURACY: 0.78 | LOSS: 4.399571418762207
2023-12-06 21:09:28,051 | INFO | hi-lo : BEGIN EPOCH 7 =========================================================================
2023-12-06 21:09:28,052 | INFO | hi-lo.kernel-accessor : Fetching kernel: gumbel
2023-12-06 21:09:28,052 | INFO | hi-lo.gumbel-kernel : MU (LOCATION): -0.1300278604030609 | BETA (SCALE): 0.48074695467948914
2023-12-06 21:09:28,053 | INFO | hi-lo.gumbel-kernel : BOTTOM-RIGHT
tensor([[0.0000e+00, 0.0000e+00, 0.0000e+00],
        [0.0000e+00, 0.0000e+00, 7.4308e-07],
        [0.0000e+00, 7.4308e-07, 1.0000e+00]])
2023-12-06 21:09:28,053 | INFO | hi-lo.kernel-accessor : Fetching kernel: gumbel
2023-12-06 21:09:28,054 | INFO | hi-lo.gumbel-kernel : MU (LOCATION): 1 | BETA (SCALE): 1
2023-12-06 21:09:28,054 | INFO | hi-lo.gumbel-kernel : STATIC
tensor([[5.6765e-01, 1.6550e-01, 3.2357e-02],
        [1.6550e-01, 3.2357e-02, 2.1352e-03],
        [3.2357e-02, 2.1352e-03, 7.3562e-06]])
2023-12-06 21:09:28,054 | INFO | hi-lo.kernel-accessor : Fetching kernel: gumbel
2023-12-06 21:09:28,055 | INFO | hi-lo.gumbel-kernel : MU (LOCATION): 1 | BETA (SCALE): 1
2023-12-06 21:09:28,055 | INFO | hi-lo.gumbel-kernel : STATIC
tensor([[5.6765e-01, 1.6550e-01, 3.2357e-02],
        [1.6550e-01, 3.2357e-02, 2.1352e-03],
        [3.2357e-02, 2.1352e-03, 7.3562e-06]])
2023-12-06 21:09:28,055 | INFO | hi-lo.kernel-accessor : Fetching kernel: gumbel
2023-12-06 21:09:28,056 | INFO | hi-lo.gumbel-kernel : MU (LOCATION): 1 | BETA (SCALE): 1
2023-12-06 21:09:28,056 | INFO | hi-lo.gumbel-kernel : STATIC
tensor([[5.6765e-01, 1.6550e-01, 3.2357e-02],
        [1.6550e-01, 3.2357e-02, 2.1352e-03],
        [3.2357e-02, 2.1352e-03, 7.3562e-06]])
2023-12-06 21:09:52,292 | INFO | hi-lo : END EPOCH:   7 | ACCURACY: 0.6 | LOSS: 4.154299259185791
2023-12-06 21:09:52,292 | INFO | hi-lo : BEGIN EPOCH 8 =========================================================================
2023-12-06 21:09:52,292 | INFO | hi-lo.kernel-accessor : Fetching kernel: gumbel
2023-12-06 21:09:52,293 | INFO | hi-lo.gumbel-kernel : MU (LOCATION): -0.03671570494771004 | BETA (SCALE): 0.5631412267684937
2023-12-06 21:09:52,294 | INFO | hi-lo.gumbel-kernel : BOTTOM-RIGHT
tensor([[0.0000e+00, 0.0000e+00, 5.0214e-19],
        [0.0000e+00, 5.0214e-19, 6.3310e-04],
        [5.0214e-19, 6.3310e-04, 9.9873e-01]])
2023-12-06 21:09:52,294 | INFO | hi-lo.kernel-accessor : Fetching kernel: gumbel
2023-12-06 21:09:52,294 | INFO | hi-lo.gumbel-kernel : MU (LOCATION): -0.619470477104187 | BETA (SCALE): 0.9358949661254883
2023-12-06 21:09:52,295 | INFO | hi-lo.gumbel-kernel : BOTTOM-RIGHT
tensor([[0.0000e+00, 9.6241e-41, 7.4937e-14],
        [9.6241e-41, 7.4937e-14, 2.6127e-04],
        [7.4937e-14, 2.6127e-04, 9.9948e-01]])
2023-12-06 21:09:52,295 | INFO | hi-lo.kernel-accessor : Fetching kernel: gumbel
2023-12-06 21:09:52,295 | INFO | hi-lo.gumbel-kernel : MU (LOCATION): -1.1473389863967896 | BETA (SCALE): 1.692520260810852
2023-12-06 21:09:52,296 | INFO | hi-lo.gumbel-kernel : BOTTOM-RIGHT
tensor([[5.4054e-18, 9.4952e-10, 4.5542e-05],
        [9.4952e-10, 4.5542e-05, 2.3200e-02],
        [4.5542e-05, 2.3200e-02, 9.5346e-01]])
2023-12-06 21:09:52,296 | INFO | hi-lo.kernel-accessor : Fetching kernel: gumbel
2023-12-06 21:09:52,296 | INFO | hi-lo.gumbel-kernel : MU (LOCATION): 1 | BETA (SCALE): 1
2023-12-06 21:09:52,296 | INFO | hi-lo.gumbel-kernel : STATIC
tensor([[5.6765e-01, 1.6550e-01, 3.2357e-02],
        [1.6550e-01, 3.2357e-02, 2.1352e-03],
        [3.2357e-02, 2.1352e-03, 7.3562e-06]])
2023-12-06 21:10:16,448 | INFO | hi-lo : END EPOCH:   8 | ACCURACY: 3.27 | LOSS: 4.245990753173828
2023-12-06 21:10:16,449 | INFO | hi-lo : BEGIN EPOCH 9 =========================================================================
2023-12-06 21:10:16,449 | INFO | hi-lo.kernel-accessor : Fetching kernel: gumbel
2023-12-06 21:10:16,450 | INFO | hi-lo.gumbel-kernel : MU (LOCATION): 1 | BETA (SCALE): 1
2023-12-06 21:10:16,450 | INFO | hi-lo.gumbel-kernel : STATIC
tensor([[5.6765e-01, 1.6550e-01, 3.2357e-02],
        [1.6550e-01, 3.2357e-02, 2.1352e-03],
        [3.2357e-02, 2.1352e-03, 7.3562e-06]])
2023-12-06 21:10:16,450 | INFO | hi-lo.kernel-accessor : Fetching kernel: gumbel
2023-12-06 21:10:16,451 | INFO | hi-lo.gumbel-kernel : MU (LOCATION): -0.5438423752784729 | BETA (SCALE): 0.9691774845123291
2023-12-06 21:10:16,451 | INFO | hi-lo.gumbel-kernel : BOTTOM-LEFT
tensor([[8.5445e-11, 3.2384e-30, 0.0000e+00],
        [1.3841e-03, 8.5445e-11, 3.2384e-30],
        [9.9723e-01, 1.3841e-03, 8.5445e-11]])
2023-12-06 21:10:16,451 | INFO | hi-lo.kernel-accessor : Fetching kernel: gumbel
2023-12-06 21:10:16,452 | INFO | hi-lo.gumbel-kernel : MU (LOCATION): -1.429011583328247 | BETA (SCALE): 2.0935425758361816
2023-12-06 21:10:16,452 | INFO | hi-lo.gumbel-kernel : BOTTOM-RIGHT
tensor([[2.1404e-11, 7.9931e-07, 6.5666e-04],
        [7.9931e-07, 6.5666e-04, 5.0567e-02],
        [6.5666e-04, 5.0567e-02, 8.9689e-01]])
2023-12-06 21:10:16,452 | INFO | hi-lo.kernel-accessor : Fetching kernel: gumbel
2023-12-06 21:10:16,453 | INFO | hi-lo.gumbel-kernel : MU (LOCATION): -1.463804006576538 | BETA (SCALE): 1.5002189874649048
2023-12-06 21:10:16,453 | INFO | hi-lo.gumbel-kernel : BOTTOM-RIGHT
tensor([[0.0000e+00, 4.0408e-21, 7.6310e-10],
        [4.0408e-21, 7.6310e-10, 6.5064e-04],
        [7.6310e-10, 6.5064e-04, 9.9870e-01]])
2023-12-06 21:10:40,529 | INFO | hi-lo : END EPOCH:   9 | ACCURACY: 0.62 | LOSS: 4.142982006072998
2023-12-06 21:10:40,529 | INFO | hi-lo : BEGIN EPOCH 10 =========================================================================
2023-12-06 21:10:40,530 | INFO | hi-lo.kernel-accessor : Fetching kernel: gumbel
2023-12-06 21:10:40,530 | INFO | hi-lo.gumbel-kernel : MU (LOCATION): -0.11293577402830124 | BETA (SCALE): 0.4755997657775879
2023-12-06 21:10:40,531 | INFO | hi-lo.gumbel-kernel : BOTTOM-LEFT
tensor([[0.0000e+00, 0.0000e+00, 0.0000e+00],
        [1.1691e-06, 0.0000e+00, 0.0000e+00],
        [1.0000e+00, 1.1691e-06, 0.0000e+00]])
2023-12-06 21:10:40,531 | INFO | hi-lo.kernel-accessor : Fetching kernel: gumbel
2023-12-06 21:10:40,532 | INFO | hi-lo.gumbel-kernel : MU (LOCATION): -0.664303719997406 | BETA (SCALE): 1.0036957263946533
2023-12-06 21:10:40,532 | INFO | hi-lo.gumbel-kernel : BOTTOM-LEFT
tensor([[6.2647e-12, 8.2734e-33, 0.0000e+00],
        [6.0144e-04, 6.2647e-12, 8.2734e-33],
        [9.9880e-01, 6.0144e-04, 6.2647e-12]])
2023-12-06 21:10:40,532 | INFO | hi-lo.kernel-accessor : Fetching kernel: gumbel
2023-12-06 21:10:40,533 | INFO | hi-lo.gumbel-kernel : MU (LOCATION): -1.098233699798584 | BETA (SCALE): 1.6270742416381836
2023-12-06 21:10:40,534 | INFO | hi-lo.gumbel-kernel : BOTTOM-RIGHT
tensor([[1.0323e-19, 1.8579e-10, 2.4964e-05],
        [1.8579e-10, 2.4964e-05, 1.9658e-02],
        [2.4964e-05, 1.9658e-02, 9.6061e-01]])
2023-12-06 21:10:40,534 | INFO | hi-lo.kernel-accessor : Fetching kernel: gumbel
2023-12-06 21:10:40,534 | INFO | hi-lo.gumbel-kernel : MU (LOCATION): 1 | BETA (SCALE): 1
2023-12-06 21:10:40,535 | INFO | hi-lo.gumbel-kernel : STATIC
tensor([[5.6765e-01, 1.6550e-01, 3.2357e-02],
        [1.6550e-01, 3.2357e-02, 2.1352e-03],
        [3.2357e-02, 2.1352e-03, 7.3562e-06]])
2023-12-06 21:11:04,655 | INFO | hi-lo : END EPOCH:  10 | ACCURACY: 2.64 | LOSS: 4.277167797088623
2023-12-06 21:11:04,655 | INFO | hi-lo : BEGIN EPOCH 11 =========================================================================
2023-12-06 21:11:04,655 | INFO | hi-lo.kernel-accessor : Fetching kernel: gumbel
2023-12-06 21:11:04,656 | INFO | hi-lo.gumbel-kernel : MU (LOCATION): 1 | BETA (SCALE): 1
2023-12-06 21:11:04,657 | INFO | hi-lo.gumbel-kernel : STATIC
tensor([[5.6765e-01, 1.6550e-01, 3.2357e-02],
        [1.6550e-01, 3.2357e-02, 2.1352e-03],
        [3.2357e-02, 2.1352e-03, 7.3562e-06]])
2023-12-06 21:11:04,657 | INFO | hi-lo.kernel-accessor : Fetching kernel: gumbel
2023-12-06 21:11:04,658 | INFO | hi-lo.gumbel-kernel : MU (LOCATION): 1 | BETA (SCALE): 1
2023-12-06 21:11:04,658 | INFO | hi-lo.gumbel-kernel : STATIC
tensor([[5.6765e-01, 1.6550e-01, 3.2357e-02],
        [1.6550e-01, 3.2357e-02, 2.1352e-03],
        [3.2357e-02, 2.1352e-03, 7.3562e-06]])
2023-12-06 21:11:04,658 | INFO | hi-lo.kernel-accessor : Fetching kernel: gumbel
2023-12-06 21:11:04,659 | INFO | hi-lo.gumbel-kernel : MU (LOCATION): -1.3920016288757324 | BETA (SCALE): 1.805627703666687
2023-12-06 21:11:04,659 | INFO | hi-lo.gumbel-kernel : BOTTOM-RIGHT
tensor([[2.8373e-18, 4.0062e-10, 2.4497e-05],
        [4.0062e-10, 2.4497e-05, 1.7472e-02],
        [2.4497e-05, 1.7472e-02, 9.6498e-01]])
2023-12-06 21:11:04,660 | INFO | hi-lo.kernel-accessor : Fetching kernel: gumbel
2023-12-06 21:11:04,660 | INFO | hi-lo.gumbel-kernel : MU (LOCATION): 1 | BETA (SCALE): 1
2023-12-06 21:11:04,661 | INFO | hi-lo.gumbel-kernel : STATIC
tensor([[5.6765e-01, 1.6550e-01, 3.2357e-02],
        [1.6550e-01, 3.2357e-02, 2.1352e-03],
        [3.2357e-02, 2.1352e-03, 7.3562e-06]])
2023-12-06 21:11:28,770 | INFO | hi-lo : END EPOCH:  11 | ACCURACY: 2.34 | LOSS: 3.9452872276306152
2023-12-06 21:11:28,770 | INFO | hi-lo : BEGIN EPOCH 12 =========================================================================
2023-12-06 21:11:28,771 | INFO | hi-lo.kernel-accessor : Fetching kernel: gumbel
2023-12-06 21:11:28,771 | INFO | hi-lo.gumbel-kernel : MU (LOCATION): -0.18879219889640808 | BETA (SCALE): 0.5238406658172607
2023-12-06 21:11:28,772 | INFO | hi-lo.gumbel-kernel : BOTTOM-RIGHT
tensor([[0.0000e+00, 0.0000e+00, 3.9390e-42],
        [0.0000e+00, 3.9390e-42, 1.0963e-06],
        [3.9390e-42, 1.0963e-06, 1.0000e+00]])
2023-12-06 21:11:28,772 | INFO | hi-lo.kernel-accessor : Fetching kernel: gumbel
2023-12-06 21:11:28,773 | INFO | hi-lo.gumbel-kernel : MU (LOCATION): -0.49144741892814636 | BETA (SCALE): 1.0185599327087402
2023-12-06 21:11:28,773 | INFO | hi-lo.gumbel-kernel : BOTTOM-RIGHT
tensor([[0.0000e+00, 1.5099e-22, 1.4509e-08],
        [1.5099e-22, 1.4509e-08, 4.6433e-03],
        [1.4509e-08, 4.6433e-03, 9.9071e-01]])
2023-12-06 21:11:28,773 | INFO | hi-lo.kernel-accessor : Fetching kernel: gumbel
2023-12-06 21:11:28,774 | INFO | hi-lo.gumbel-kernel : MU (LOCATION): -1.4960999488830566 | BETA (SCALE): 2.1367242336273193
2023-12-06 21:11:28,774 | INFO | hi-lo.gumbel-kernel : BOTTOM-RIGHT
tensor([[2.8047e-11, 8.5538e-07, 6.5524e-04],
        [8.5538e-07, 6.5524e-04, 4.9960e-02],
        [6.5524e-04, 4.9960e-02, 8.9811e-01]])
2023-12-06 21:11:28,774 | INFO | hi-lo.kernel-accessor : Fetching kernel: gumbel
2023-12-06 21:11:28,775 | INFO | hi-lo.gumbel-kernel : MU (LOCATION): -1.5235540866851807 | BETA (SCALE): 1.6013785600662231
2023-12-06 21:11:28,775 | INFO | hi-lo.gumbel-kernel : BOTTOM-RIGHT
tensor([[2.6848e-34, 1.3808e-17, 1.6435e-08],
        [1.3808e-17, 1.6435e-08, 1.5929e-03],
        [1.6435e-08, 1.5929e-03, 9.9681e-01]])
2023-12-06 21:11:52,890 | INFO | hi-lo : END EPOCH:  12 | ACCURACY: 0.01 | LOSS: 4.626858711242676
2023-12-06 21:11:52,890 | INFO | hi-lo : BEGIN EPOCH 13 =========================================================================
2023-12-06 21:11:52,891 | INFO | hi-lo.kernel-accessor : Fetching kernel: gumbel
2023-12-06 21:11:52,891 | INFO | hi-lo.gumbel-kernel : MU (LOCATION): 1 | BETA (SCALE): 1
2023-12-06 21:11:52,892 | INFO | hi-lo.gumbel-kernel : STATIC
tensor([[5.6765e-01, 1.6550e-01, 3.2357e-02],
        [1.6550e-01, 3.2357e-02, 2.1352e-03],
        [3.2357e-02, 2.1352e-03, 7.3562e-06]])
2023-12-06 21:11:52,892 | INFO | hi-lo.kernel-accessor : Fetching kernel: gumbel
2023-12-06 21:11:52,892 | INFO | hi-lo.gumbel-kernel : MU (LOCATION): 1 | BETA (SCALE): 1
2023-12-06 21:11:52,893 | INFO | hi-lo.gumbel-kernel : STATIC
tensor([[5.6765e-01, 1.6550e-01, 3.2357e-02],
        [1.6550e-01, 3.2357e-02, 2.1352e-03],
        [3.2357e-02, 2.1352e-03, 7.3562e-06]])
2023-12-06 21:11:52,893 | INFO | hi-lo.kernel-accessor : Fetching kernel: gumbel
2023-12-06 21:11:52,893 | INFO | hi-lo.gumbel-kernel : MU (LOCATION): 1 | BETA (SCALE): 1
2023-12-06 21:11:52,894 | INFO | hi-lo.gumbel-kernel : STATIC
tensor([[5.6765e-01, 1.6550e-01, 3.2357e-02],
        [1.6550e-01, 3.2357e-02, 2.1352e-03],
        [3.2357e-02, 2.1352e-03, 7.3562e-06]])
2023-12-06 21:11:52,894 | INFO | hi-lo.kernel-accessor : Fetching kernel: gumbel
2023-12-06 21:11:52,894 | INFO | hi-lo.gumbel-kernel : MU (LOCATION): 1 | BETA (SCALE): 1
2023-12-06 21:11:52,894 | INFO | hi-lo.gumbel-kernel : STATIC
tensor([[5.6765e-01, 1.6550e-01, 3.2357e-02],
        [1.6550e-01, 3.2357e-02, 2.1352e-03],
        [3.2357e-02, 2.1352e-03, 7.3562e-06]])
2023-12-06 21:12:17,075 | INFO | hi-lo : END EPOCH:  13 | ACCURACY: 0.26 | LOSS: 4.362632751464844
2023-12-06 21:12:17,075 | INFO | hi-lo : BEGIN EPOCH 14 =========================================================================
2023-12-06 21:12:17,075 | INFO | hi-lo.kernel-accessor : Fetching kernel: gumbel
2023-12-06 21:12:17,076 | INFO | hi-lo.gumbel-kernel : MU (LOCATION): -0.010306866839528084 | BETA (SCALE): 0.5336781740188599
2023-12-06 21:12:17,077 | INFO | hi-lo.gumbel-kernel : BOTTOM-RIGHT
tensor([[0.0000e+00, 0.0000e+00, 4.7419e-21],
        [0.0000e+00, 4.7419e-21, 4.9805e-04],
        [4.7419e-21, 4.9805e-04, 9.9900e-01]])
2023-12-06 21:12:17,077 | INFO | hi-lo.kernel-accessor : Fetching kernel: gumbel
2023-12-06 21:12:17,077 | INFO | hi-lo.gumbel-kernel : MU (LOCATION): -0.46819257736206055 | BETA (SCALE): 0.9110565185546875
2023-12-06 21:12:17,078 | INFO | hi-lo.gumbel-kernel : BOTTOM-LEFT
tensor([[2.2725e-11, 1.2775e-33, 0.0000e+00],
        [1.2536e-03, 2.2725e-11, 1.2775e-33],
        [9.9749e-01, 1.2536e-03, 2.2725e-11]])
2023-12-06 21:12:17,078 | INFO | hi-lo.kernel-accessor : Fetching kernel: gumbel
2023-12-06 21:12:17,078 | INFO | hi-lo.gumbel-kernel : MU (LOCATION): 1 | BETA (SCALE): 1
2023-12-06 21:12:17,079 | INFO | hi-lo.gumbel-kernel : STATIC
tensor([[5.6765e-01, 1.6550e-01, 3.2357e-02],
        [1.6550e-01, 3.2357e-02, 2.1352e-03],
        [3.2357e-02, 2.1352e-03, 7.3562e-06]])
2023-12-06 21:12:17,079 | INFO | hi-lo.kernel-accessor : Fetching kernel: gumbel
2023-12-06 21:12:17,080 | INFO | hi-lo.gumbel-kernel : MU (LOCATION): -1.1302719116210938 | BETA (SCALE): 1.438614845275879
2023-12-06 21:12:17,080 | INFO | hi-lo.gumbel-kernel : BOTTOM-RIGHT
tensor([[1.4815e-33, 2.2908e-16, 1.2274e-07],
        [2.2908e-16, 1.2274e-07, 3.9460e-03],
        [1.2274e-07, 3.9460e-03, 9.9211e-01]])
2023-12-06 21:12:41,145 | INFO | hi-lo : END EPOCH:  14 | ACCURACY: 3.12 | LOSS: 4.4869866371154785
2023-12-06 21:12:41,145 | INFO | hi-lo : BEGIN EPOCH 15 =========================================================================
2023-12-06 21:12:41,145 | INFO | hi-lo.kernel-accessor : Fetching kernel: gumbel
2023-12-06 21:12:41,146 | INFO | hi-lo.gumbel-kernel : MU (LOCATION): 1 | BETA (SCALE): 1
2023-12-06 21:12:41,146 | INFO | hi-lo.gumbel-kernel : STATIC
tensor([[5.6765e-01, 1.6550e-01, 3.2357e-02],
        [1.6550e-01, 3.2357e-02, 2.1352e-03],
        [3.2357e-02, 2.1352e-03, 7.3562e-06]])
2023-12-06 21:12:41,146 | INFO | hi-lo.kernel-accessor : Fetching kernel: gumbel
2023-12-06 21:12:41,147 | INFO | hi-lo.gumbel-kernel : MU (LOCATION): -0.5931980609893799 | BETA (SCALE): 0.9397056102752686
2023-12-06 21:12:41,147 | INFO | hi-lo.gumbel-kernel : BOTTOM-RIGHT
tensor([[0.0000e+00, 5.9440e-38, 5.1951e-13],
        [5.9440e-38, 5.1951e-13, 4.2028e-04],
        [5.1951e-13, 4.2028e-04, 9.9916e-01]])
2023-12-06 21:12:41,147 | INFO | hi-lo.kernel-accessor : Fetching kernel: gumbel
2023-12-06 21:12:41,148 | INFO | hi-lo.gumbel-kernel : MU (LOCATION): 1 | BETA (SCALE): 1
2023-12-06 21:12:41,148 | INFO | hi-lo.gumbel-kernel : STATIC
tensor([[5.6765e-01, 1.6550e-01, 3.2357e-02],
        [1.6550e-01, 3.2357e-02, 2.1352e-03],
        [3.2357e-02, 2.1352e-03, 7.3562e-06]])
2023-12-06 21:12:41,148 | INFO | hi-lo.kernel-accessor : Fetching kernel: gumbel
2023-12-06 21:12:41,149 | INFO | hi-lo.gumbel-kernel : MU (LOCATION): -0.829074501991272 | BETA (SCALE): 1.1283334493637085
2023-12-06 21:12:41,149 | INFO | hi-lo.gumbel-kernel : BOTTOM-RIGHT
tensor([[0.0000e+00, 5.9393e-27, 1.0121e-10],
        [5.9393e-27, 1.0121e-10, 8.3557e-04],
        [1.0121e-10, 8.3557e-04, 9.9833e-01]])
2023-12-06 21:13:05,264 | INFO | hi-lo : END EPOCH:  15 | ACCURACY: 0.78 | LOSS: 4.571602821350098
2023-12-06 21:13:05,265 | INFO | hi-lo : BEGIN EPOCH 16 =========================================================================
2023-12-06 21:13:05,265 | INFO | hi-lo.kernel-accessor : Fetching kernel: gumbel
2023-12-06 21:13:05,265 | INFO | hi-lo.gumbel-kernel : MU (LOCATION): -0.17158155143260956 | BETA (SCALE): 0.42625606060028076
2023-12-06 21:13:05,266 | INFO | hi-lo.gumbel-kernel : BOTTOM-LEFT
tensor([[0.0000e+00, 0.0000e+00, 0.0000e+00],
        [6.4122e-11, 0.0000e+00, 0.0000e+00],
        [1.0000e+00, 6.4122e-11, 0.0000e+00]])
2023-12-06 21:13:05,266 | INFO | hi-lo.kernel-accessor : Fetching kernel: gumbel
2023-12-06 21:13:05,266 | INFO | hi-lo.gumbel-kernel : MU (LOCATION): -0.5099772810935974 | BETA (SCALE): 0.8920243382453918
2023-12-06 21:13:05,266 | INFO | hi-lo.gumbel-kernel : BOTTOM-RIGHT
tensor([[0.0000e+00, 3.5529e-40, 3.6511e-13],
        [3.5529e-40, 3.6511e-13, 4.9522e-04],
        [3.6511e-13, 4.9522e-04, 9.9901e-01]])
2023-12-06 21:13:05,266 | INFO | hi-lo.kernel-accessor : Fetching kernel: gumbel
2023-12-06 21:13:05,266 | INFO | hi-lo.gumbel-kernel : MU (LOCATION): -1.1431349515914917 | BETA (SCALE): 1.469559669494629
2023-12-06 21:13:05,267 | INFO | hi-lo.gumbel-kernel : BOTTOM-LEFT
tensor([[2.7335e-07, 2.0769e-15, 3.7272e-31],
        [4.9433e-03, 2.7335e-07, 2.0769e-15],
        [9.9011e-01, 4.9433e-03, 2.7335e-07]])
2023-12-06 21:13:05,267 | INFO | hi-lo.kernel-accessor : Fetching kernel: gumbel
2023-12-06 21:13:05,267 | INFO | hi-lo.gumbel-kernel : MU (LOCATION): 1 | BETA (SCALE): 1
2023-12-06 21:13:05,267 | INFO | hi-lo.gumbel-kernel : STATIC
tensor([[5.6765e-01, 1.6550e-01, 3.2357e-02],
        [1.6550e-01, 3.2357e-02, 2.1352e-03],
        [3.2357e-02, 2.1352e-03, 7.3562e-06]])
2023-12-06 21:13:29,453 | INFO | hi-lo : END EPOCH:  16 | ACCURACY: 3.12 | LOSS: 4.313512325286865
2023-12-06 21:13:29,453 | INFO | hi-lo : BEGIN EPOCH 17 =========================================================================
2023-12-06 21:13:29,454 | INFO | hi-lo.kernel-accessor : Fetching kernel: gumbel
2023-12-06 21:13:29,454 | INFO | hi-lo.gumbel-kernel : MU (LOCATION): -0.14179909229278564 | BETA (SCALE): 0.4879927933216095
2023-12-06 21:13:29,455 | INFO | hi-lo.gumbel-kernel : BOTTOM-LEFT
tensor([[0.0000e+00, 0.0000e+00, 0.0000e+00],
        [7.2295e-07, 0.0000e+00, 0.0000e+00],
        [1.0000e+00, 7.2295e-07, 0.0000e+00]])
2023-12-06 21:13:29,455 | INFO | hi-lo.kernel-accessor : Fetching kernel: gumbel
2023-12-06 21:13:29,456 | INFO | hi-lo.gumbel-kernel : MU (LOCATION): -0.513721227645874 | BETA (SCALE): 0.911672830581665
2023-12-06 21:13:29,456 | INFO | hi-lo.gumbel-kernel : BOTTOM-RIGHT
tensor([[0.0000e+00, 8.0808e-37, 2.3185e-12],
        [8.0808e-37, 2.3185e-12, 7.0663e-04],
        [2.3185e-12, 7.0663e-04, 9.9859e-01]])
2023-12-06 21:13:29,456 | INFO | hi-lo.kernel-accessor : Fetching kernel: gumbel
2023-12-06 21:13:29,457 | INFO | hi-lo.gumbel-kernel : MU (LOCATION): -1.5890003442764282 | BETA (SCALE): 1.9870314598083496
2023-12-06 21:13:29,457 | INFO | hi-lo.gumbel-kernel : BOTTOM-LEFT
tensor([[6.4648e-05, 5.5544e-09, 1.4525e-15],
        [2.2650e-02, 6.4648e-05, 5.5544e-09],
        [9.5451e-01, 2.2650e-02, 6.4648e-05]])
2023-12-06 21:13:29,457 | INFO | hi-lo.kernel-accessor : Fetching kernel: gumbel
2023-12-06 21:13:29,458 | INFO | hi-lo.gumbel-kernel : MU (LOCATION): 1 | BETA (SCALE): 1
2023-12-06 21:13:29,458 | INFO | hi-lo.gumbel-kernel : STATIC
tensor([[5.6765e-01, 1.6550e-01, 3.2357e-02],
        [1.6550e-01, 3.2357e-02, 2.1352e-03],
        [3.2357e-02, 2.1352e-03, 7.3562e-06]])
2023-12-06 21:13:53,661 | INFO | hi-lo : END EPOCH:  17 | ACCURACY: 1.56 | LOSS: 4.0402936935424805
2023-12-06 21:13:53,661 | INFO | hi-lo : BEGIN EPOCH 18 =========================================================================
2023-12-06 21:13:53,662 | INFO | hi-lo.kernel-accessor : Fetching kernel: gumbel
2023-12-06 21:13:53,662 | INFO | hi-lo.gumbel-kernel : MU (LOCATION): -0.03855761140584946 | BETA (SCALE): 0.5413089394569397
2023-12-06 21:13:53,663 | INFO | hi-lo.gumbel-kernel : BOTTOM-RIGHT
tensor([[0.0000e+00, 0.0000e+00, 5.5779e-22],
        [0.0000e+00, 5.5778e-22, 3.3237e-04],
        [5.5779e-22, 3.3237e-04, 9.9934e-01]])
2023-12-06 21:13:53,663 | INFO | hi-lo.kernel-accessor : Fetching kernel: gumbel
2023-12-06 21:13:53,664 | INFO | hi-lo.gumbel-kernel : MU (LOCATION): 1 | BETA (SCALE): 1
2023-12-06 21:13:53,664 | INFO | hi-lo.gumbel-kernel : STATIC
tensor([[5.6765e-01, 1.6550e-01, 3.2357e-02],
        [1.6550e-01, 3.2357e-02, 2.1352e-03],
        [3.2357e-02, 2.1352e-03, 7.3562e-06]])
2023-12-06 21:13:53,664 | INFO | hi-lo.kernel-accessor : Fetching kernel: gumbel
2023-12-06 21:13:53,665 | INFO | hi-lo.gumbel-kernel : MU (LOCATION): -1.1378393173217773 | BETA (SCALE): 1.5514506101608276
2023-12-06 21:13:53,666 | INFO | hi-lo.gumbel-kernel : BOTTOM-RIGHT
tensor([[8.9156e-25, 1.0342e-12, 3.0212e-06],
        [1.0342e-12, 3.0212e-06, 1.0161e-02],
        [3.0212e-06, 1.0161e-02, 9.7967e-01]])
2023-12-06 21:13:53,666 | INFO | hi-lo.kernel-accessor : Fetching kernel: gumbel
2023-12-06 21:13:53,666 | INFO | hi-lo.gumbel-kernel : MU (LOCATION): -1.6913092136383057 | BETA (SCALE): 1.8158278465270996
2023-12-06 21:13:53,667 | INFO | hi-lo.gumbel-kernel : BOTTOM-RIGHT
tensor([[3.2714e-24, 2.9976e-13, 7.9085e-07],
        [2.9976e-13, 7.9085e-07, 5.0294e-03],
        [7.9085e-07, 5.0294e-03, 9.8994e-01]])
2023-12-06 21:14:17,862 | INFO | hi-lo : END EPOCH:  18 | ACCURACY: 1.56 | LOSS: 4.4338908195495605
2023-12-06 21:14:17,862 | INFO | hi-lo : BEGIN EPOCH 19 =========================================================================
2023-12-06 21:14:17,862 | INFO | hi-lo.kernel-accessor : Fetching kernel: gumbel
2023-12-06 21:14:17,862 | INFO | hi-lo.gumbel-kernel : MU (LOCATION): 0.051709797233343124 | BETA (SCALE): 0.5928025841712952
2023-12-06 21:14:17,863 | INFO | hi-lo.gumbel-kernel : BOTTOM-LEFT
tensor([[1.7709e-12, 0.0000e+00, 0.0000e+00],
        [4.5441e-03, 1.7709e-12, 0.0000e+00],
        [9.9091e-01, 4.5441e-03, 1.7709e-12]])
2023-12-06 21:14:17,863 | INFO | hi-lo.kernel-accessor : Fetching kernel: gumbel
2023-12-06 21:14:17,863 | INFO | hi-lo.gumbel-kernel : MU (LOCATION): -0.6374173164367676 | BETA (SCALE): 1.161515235900879
2023-12-06 21:14:17,863 | INFO | hi-lo.gumbel-kernel : BOTTOM-RIGHT
tensor([[1.1365e-41, 8.8859e-18, 1.8430e-07],
        [8.8859e-18, 1.8430e-07, 6.9650e-03],
        [1.8430e-07, 6.9650e-03, 9.8607e-01]])
2023-12-06 21:14:17,863 | INFO | hi-lo.kernel-accessor : Fetching kernel: gumbel
2023-12-06 21:14:17,864 | INFO | hi-lo.gumbel-kernel : MU (LOCATION): -1.905517816543579 | BETA (SCALE): 2.8034348487854004
2023-12-06 21:14:17,864 | INFO | hi-lo.gumbel-kernel : BOTTOM-RIGHT
tensor([[8.2556e-07, 1.5313e-04, 6.5968e-03],
        [1.5313e-04, 6.5968e-03, 1.0227e-01],
        [6.5968e-03, 1.0227e-01, 7.7536e-01]])
2023-12-06 21:14:17,864 | INFO | hi-lo.kernel-accessor : Fetching kernel: gumbel
2023-12-06 21:14:17,864 | INFO | hi-lo.gumbel-kernel : MU (LOCATION): 1 | BETA (SCALE): 1
2023-12-06 21:14:17,864 | INFO | hi-lo.gumbel-kernel : STATIC
tensor([[5.6765e-01, 1.6550e-01, 3.2357e-02],
        [1.6550e-01, 3.2357e-02, 2.1352e-03],
        [3.2357e-02, 2.1352e-03, 7.3562e-06]])
2023-12-06 21:14:42,022 | INFO | hi-lo : END EPOCH:  19 | ACCURACY: 0.52 | LOSS: 4.440110683441162
2023-12-06 21:14:42,022 | INFO | hi-lo : BEGIN EPOCH 20 =========================================================================
2023-12-06 21:14:42,022 | INFO | hi-lo.kernel-accessor : Fetching kernel: gumbel
2023-12-06 21:14:42,023 | INFO | hi-lo.gumbel-kernel : MU (LOCATION): -0.18146860599517822 | BETA (SCALE): 0.5148014426231384
2023-12-06 21:14:42,024 | INFO | hi-lo.gumbel-kernel : BOTTOM-RIGHT
tensor([[0.0000e+00, 0.0000e+00, 2.2421e-44],
        [0.0000e+00, 2.2421e-44, 8.0104e-07],
        [2.2421e-44, 8.0104e-07, 1.0000e+00]])
2023-12-06 21:14:42,024 | INFO | hi-lo.kernel-accessor : Fetching kernel: gumbel
2023-12-06 21:14:42,024 | INFO | hi-lo.gumbel-kernel : MU (LOCATION): -0.5614614486694336 | BETA (SCALE): 1.0004305839538574
2023-12-06 21:14:42,025 | INFO | hi-lo.gumbel-kernel : BOTTOM-RIGHT
tensor([[0.0000e+00, 1.8398e-27, 4.1088e-10],
        [1.8398e-27, 4.1088e-10, 1.8755e-03],
        [4.1088e-10, 1.8755e-03, 9.9625e-01]])
2023-12-06 21:14:42,025 | INFO | hi-lo.kernel-accessor : Fetching kernel: gumbel
2023-12-06 21:14:42,025 | INFO | hi-lo.gumbel-kernel : MU (LOCATION): -1.5697178840637207 | BETA (SCALE): 1.9836846590042114
2023-12-06 21:14:42,026 | INFO | hi-lo.gumbel-kernel : BOTTOM-RIGHT
tensor([[2.1746e-15, 6.9829e-09, 7.2614e-05],
        [6.9829e-09, 7.2614e-05, 2.3666e-02],
        [7.2614e-05, 2.3666e-02, 9.5245e-01]])
2023-12-06 21:14:42,026 | INFO | hi-lo.kernel-accessor : Fetching kernel: gumbel
2023-12-06 21:14:42,026 | INFO | hi-lo.gumbel-kernel : MU (LOCATION): -1.2360165119171143 | BETA (SCALE): 1.349981665611267
2023-12-06 21:14:42,027 | INFO | hi-lo.gumbel-kernel : BOTTOM-LEFT
tensor([[1.3859e-10, 5.3990e-24, 0.0000e+00],
        [5.0474e-04, 1.3859e-10, 5.3990e-24],
        [9.9899e-01, 5.0474e-04, 1.3859e-10]])
2023-12-06 21:15:06,246 | INFO | hi-lo : END EPOCH:  20 | ACCURACY: 2.34 | LOSS: 4.139059543609619
2023-12-06 21:15:06,246 | INFO | hi-lo : BEGIN EPOCH 21 =========================================================================
2023-12-06 21:15:06,247 | INFO | hi-lo.kernel-accessor : Fetching kernel: gumbel
2023-12-06 21:15:06,247 | INFO | hi-lo.gumbel-kernel : MU (LOCATION): -0.12058119475841522 | BETA (SCALE): 0.4885784089565277
2023-12-06 21:15:06,248 | INFO | hi-lo.gumbel-kernel : BOTTOM-LEFT
tensor([[2.2421e-44, 0.0000e+00, 0.0000e+00],
        [2.0602e-06, 2.2421e-44, 0.0000e+00],
        [1.0000e+00, 2.0602e-06, 2.2421e-44]])
2023-12-06 21:15:06,248 | INFO | hi-lo.kernel-accessor : Fetching kernel: gumbel
2023-12-06 21:15:06,249 | INFO | hi-lo.gumbel-kernel : MU (LOCATION): 1 | BETA (SCALE): 1
2023-12-06 21:15:06,249 | INFO | hi-lo.gumbel-kernel : STATIC
tensor([[5.6765e-01, 1.6550e-01, 3.2357e-02],
        [1.6550e-01, 3.2357e-02, 2.1352e-03],
        [3.2357e-02, 2.1352e-03, 7.3562e-06]])
2023-12-06 21:15:06,249 | INFO | hi-lo.kernel-accessor : Fetching kernel: gumbel
2023-12-06 21:15:06,250 | INFO | hi-lo.gumbel-kernel : MU (LOCATION): -1.5758535861968994 | BETA (SCALE): 2.5970706939697266
2023-12-06 21:15:06,250 | INFO | hi-lo.gumbel-kernel : BOTTOM-RIGHT
tensor([[7.1915e-07, 1.5970e-04, 7.1342e-03],
        [1.5970e-04, 7.1342e-03, 1.0703e-01],
        [7.1342e-03, 1.0703e-01, 7.6422e-01]])
2023-12-06 21:15:06,250 | INFO | hi-lo.kernel-accessor : Fetching kernel: gumbel
2023-12-06 21:15:06,251 | INFO | hi-lo.gumbel-kernel : MU (LOCATION): -1.6399898529052734 | BETA (SCALE): 1.7008329629898071
