2023-10-12 14:20:10,099 | INFO | hi-lo : 
+=========================================================================+
|  ______     ______   ______    ___         ___        ______   _______  |
| /| ___ \  // ____ \ /| ___ \  /| |        /| |      // ____ \ /| ___  \ |
| /| |//\ \ /| |//| | /| |//\ \ /| |        /| |      /| |//| | /| |//| | |
| /| | /| | /| ____ | /| | /| | /| |        /| |      /| ____ | /| ___  / |
| /| |_// / /| |//| | /| |_// / /| |____    /| |____  /| |//| | /| |//\ \ |
| /|_____/  /|_| /|_| /|_____/  /|______|   /|______| /|_| /|_| /|______/ |
| ///////   ///  ///  //////    ////////    ////////  ///  ///  ////////  |
+=========================================================================+
|                  Hi-Lo Resolution Image Classification                  |
|                  -------------------------------------                  |
|                            Gabriel C. Trahan                            |
|                               Sahan Ahmad                               |
|                            MD  Aminual Islam                            |
+=========================================================================+
| MODEL:                      normal | LR:                            0.1 |
| DISTRO:                     gumbel | KERNEL TYPE:                    10 |
| DATASET:                  cifar100 | BATCH SIZE:                     64 |
+=========================================================================+
2023-10-12 14:20:10,099 | INFO | hi-lo : Output directory: output/gumbel//10/normal/cifar100/20231012_142010
2023-10-12 14:20:10,099 | INFO | hi-lo.dataset-accessor : Fetching dataset: cifar100
2023-10-12 14:20:10,099 | INFO | hi-lo.cifar100-dataset : Initializing transform.
2023-10-12 14:20:10,099 | INFO | hi-lo.cifar100-dataset : Verifying/downloading train data.
2023-10-12 14:20:10,706 | INFO | hi-lo.cifar100-dataset : Verifying/downloading test data.
2023-10-12 14:20:11,192 | INFO | hi-lo.cifar100-dataset : Creating train data loader.
2023-10-12 14:20:11,192 | INFO | hi-lo.cifar100-dataset : Creating test data loader.
2023-10-12 14:20:12,188 | INFO | hi-lo : Using device: NVIDIA GeForce GTX 1060 6GB
2023-10-12 14:20:12,188 | INFO | hi-lo : Commencing training phase...
2023-10-12 14:20:12,189 | INFO | hi-lo : BEGIN EPOCH 1 =========================================================================
2023-10-12 14:20:12,189 | INFO | hi-lo.kernel-accessor : Fetching kernel: gumbel
2023-10-12 14:20:12,189 | INFO | hi-lo.gumbel-kernel : MU (LOCATION): 1 | BETA (SCALE): 1
2023-10-12 14:20:12,190 | INFO | hi-lo.gumbel-kernel : STATIC
tensor([[5.6765e-01, 1.6550e-01, 3.2357e-02],
        [1.6550e-01, 3.2357e-02, 2.1352e-03],
        [3.2357e-02, 2.1352e-03, 7.3562e-06]])
2023-10-12 14:20:12,190 | INFO | hi-lo.kernel-accessor : Fetching kernel: gumbel
2023-10-12 14:20:12,191 | INFO | hi-lo.gumbel-kernel : MU (LOCATION): 0.0 | BETA (SCALE): 1.0
2023-10-12 14:20:12,191 | INFO | hi-lo.gumbel-kernel : BOTTOM-RIGHT
tensor([[8.5377e-26, 2.2609e-10, 2.0072e-04],
        [2.2609e-10, 2.0072e-04, 5.8259e-02],
        [2.0072e-04, 5.8259e-02, 8.8288e-01]])
2023-10-12 14:20:12,191 | INFO | hi-lo.kernel-accessor : Fetching kernel: gumbel
2023-10-12 14:20:12,191 | INFO | hi-lo.gumbel-kernel : MU (LOCATION): 1 | BETA (SCALE): 1
2023-10-12 14:20:12,191 | INFO | hi-lo.gumbel-kernel : STATIC
tensor([[5.6765e-01, 1.6550e-01, 3.2357e-02],
        [1.6550e-01, 3.2357e-02, 2.1352e-03],
        [3.2357e-02, 2.1352e-03, 7.3562e-06]])
2023-10-12 14:20:12,191 | INFO | hi-lo.kernel-accessor : Fetching kernel: gumbel
2023-10-12 14:20:12,192 | INFO | hi-lo.gumbel-kernel : MU (LOCATION): 0.0 | BETA (SCALE): 1.0
2023-10-12 14:20:12,192 | INFO | hi-lo.gumbel-kernel : BOTTOM-RIGHT
tensor([[8.5377e-26, 2.2609e-10, 2.0072e-04],
        [2.2609e-10, 2.0072e-04, 5.8259e-02],
        [2.0072e-04, 5.8259e-02, 8.8288e-01]])
2023-10-12 14:20:21,496 | INFO | hi-lo : END EPOCH:   1 | ACCURACY: 38.12 | LOSS: 1.7970733642578125
2023-10-12 14:20:21,496 | INFO | hi-lo : BEGIN EPOCH 2 =========================================================================
2023-10-12 14:20:21,496 | INFO | hi-lo.kernel-accessor : Fetching kernel: gumbel
2023-10-12 14:20:21,497 | INFO | hi-lo.gumbel-kernel : MU (LOCATION): 1 | BETA (SCALE): 1
2023-10-12 14:20:21,497 | INFO | hi-lo.gumbel-kernel : STATIC
tensor([[5.6765e-01, 1.6550e-01, 3.2357e-02],
        [1.6550e-01, 3.2357e-02, 2.1352e-03],
        [3.2357e-02, 2.1352e-03, 7.3562e-06]])
2023-10-12 14:20:21,498 | INFO | hi-lo.kernel-accessor : Fetching kernel: gumbel
2023-10-12 14:20:21,498 | INFO | hi-lo.gumbel-kernel : MU (LOCATION): -0.5602715015411377 | BETA (SCALE): 1.115133285522461
2023-10-12 14:20:21,498 | INFO | hi-lo.gumbel-kernel : BOTTOM-RIGHT
tensor([[6.4460e-44, 3.3950e-18, 1.8646e-07],
        [3.3950e-18, 1.8646e-07, 7.6180e-03],
        [1.8646e-07, 7.6180e-03, 9.8476e-01]])
2023-10-12 14:20:21,499 | INFO | hi-lo.kernel-accessor : Fetching kernel: gumbel
2023-10-12 14:20:21,499 | INFO | hi-lo.gumbel-kernel : MU (LOCATION): 1 | BETA (SCALE): 1
2023-10-12 14:20:21,499 | INFO | hi-lo.gumbel-kernel : STATIC
tensor([[5.6765e-01, 1.6550e-01, 3.2357e-02],
        [1.6550e-01, 3.2357e-02, 2.1352e-03],
        [3.2357e-02, 2.1352e-03, 7.3562e-06]])
2023-10-12 14:20:21,500 | INFO | hi-lo.kernel-accessor : Fetching kernel: gumbel
2023-10-12 14:20:21,500 | INFO | hi-lo.gumbel-kernel : MU (LOCATION): -0.47815656661987305 | BETA (SCALE): 0.8656648397445679
2023-10-12 14:20:21,500 | INFO | hi-lo.gumbel-kernel : TOP-RIGHT
tensor([[1.2478e-13, 4.4395e-04, 9.9911e-01],
        [6.7402e-43, 1.2478e-13, 4.4395e-04],
        [0.0000e+00, 6.7402e-43, 1.2478e-13]])
2023-10-12 14:20:30,092 | INFO | hi-lo : END EPOCH:   2 | ACCURACY: 42.97 | LOSS: 1.5272459983825684
2023-10-12 14:20:30,092 | INFO | hi-lo : BEGIN EPOCH 3 =========================================================================
2023-10-12 14:20:30,092 | INFO | hi-lo.kernel-accessor : Fetching kernel: gumbel
2023-10-12 14:20:30,093 | INFO | hi-lo.gumbel-kernel : MU (LOCATION): -0.020583434030413628 | BETA (SCALE): 0.5342170000076294
2023-10-12 14:20:30,094 | INFO | hi-lo.gumbel-kernel : TOP-RIGHT
tensor([[1.0476e-21, 4.0405e-04, 9.9919e-01],
        [0.0000e+00, 1.0476e-21, 4.0405e-04],
        [0.0000e+00, 0.0000e+00, 1.0476e-21]])
2023-10-12 14:20:30,094 | INFO | hi-lo.kernel-accessor : Fetching kernel: gumbel
2023-10-12 14:20:30,094 | INFO | hi-lo.gumbel-kernel : MU (LOCATION): -0.6450384855270386 | BETA (SCALE): 1.0048834085464478
2023-10-12 14:20:30,095 | INFO | hi-lo.gumbel-kernel : BOTTOM-RIGHT
tensor([[0.0000e+00, 1.7109e-31, 1.6952e-11],
        [1.7109e-31, 1.6952e-11, 7.8271e-04],
        [1.6952e-11, 7.8271e-04, 9.9843e-01]])
2023-10-12 14:20:30,095 | INFO | hi-lo.kernel-accessor : Fetching kernel: gumbel
2023-10-12 14:20:30,095 | INFO | hi-lo.gumbel-kernel : MU (LOCATION): -1.8304376602172852 | BETA (SCALE): 3.543031692504883
2023-10-12 14:20:30,096 | INFO | hi-lo.gumbel-kernel : TOP-RIGHT
tensor([[3.6930e-02, 1.6510e-01, 5.4741e-01],
        [5.5579e-03, 3.6930e-02, 1.6510e-01],
        [4.9454e-04, 5.5579e-03, 3.6930e-02]])
2023-10-12 14:20:30,096 | INFO | hi-lo.kernel-accessor : Fetching kernel: gumbel
2023-10-12 14:20:30,097 | INFO | hi-lo.gumbel-kernel : MU (LOCATION): -0.5680988430976868 | BETA (SCALE): 1.0593072175979614
2023-10-12 14:20:30,097 | INFO | hi-lo.gumbel-kernel : BOTTOM-RIGHT
tensor([[0.0000e+00, 3.0296e-22, 1.1479e-08],
        [3.0296e-22, 1.1479e-08, 3.9199e-03],
        [1.1479e-08, 3.9199e-03, 9.9216e-01]])
2023-10-12 14:20:38,745 | INFO | hi-lo : END EPOCH:   3 | ACCURACY: 42.28 | LOSS: 1.6188961267471313
2023-10-12 14:20:38,745 | INFO | hi-lo : BEGIN EPOCH 4 =========================================================================
2023-10-12 14:20:38,745 | INFO | hi-lo.kernel-accessor : Fetching kernel: gumbel
2023-10-12 14:20:38,746 | INFO | hi-lo.gumbel-kernel : MU (LOCATION): 1 | BETA (SCALE): 1
2023-10-12 14:20:38,746 | INFO | hi-lo.gumbel-kernel : STATIC
tensor([[5.6765e-01, 1.6550e-01, 3.2357e-02],
        [1.6550e-01, 3.2357e-02, 2.1352e-03],
        [3.2357e-02, 2.1352e-03, 7.3562e-06]])
2023-10-12 14:20:38,747 | INFO | hi-lo.kernel-accessor : Fetching kernel: gumbel
2023-10-12 14:20:38,747 | INFO | hi-lo.gumbel-kernel : MU (LOCATION): -0.637532651424408 | BETA (SCALE): 0.9056887626647949
2023-10-12 14:20:38,747 | INFO | hi-lo.gumbel-kernel : BOTTOM-RIGHT
tensor([[0.0000e+00, 0.0000e+00, 4.6072e-16],
        [0.0000e+00, 4.6072e-16, 8.7278e-05],
        [4.6072e-16, 8.7278e-05, 9.9983e-01]])
2023-10-12 14:20:38,747 | INFO | hi-lo.kernel-accessor : Fetching kernel: gumbel
2023-10-12 14:20:38,748 | INFO | hi-lo.gumbel-kernel : MU (LOCATION): -1.5601565837860107 | BETA (SCALE): 2.5209062099456787
2023-10-12 14:20:38,748 | INFO | hi-lo.gumbel-kernel : BOTTOM-RIGHT
tensor([[2.4255e-07, 8.9886e-05, 5.4678e-03],
        [8.9886e-05, 5.4678e-03, 9.8658e-02],
        [5.4678e-03, 9.8658e-02, 7.8610e-01]])
2023-10-12 14:20:38,748 | INFO | hi-lo.kernel-accessor : Fetching kernel: gumbel
2023-10-12 14:20:38,749 | INFO | hi-lo.gumbel-kernel : MU (LOCATION): -0.7278528213500977 | BETA (SCALE): 1.4644049406051636
2023-10-12 14:20:38,749 | INFO | hi-lo.gumbel-kernel : BOTTOM-RIGHT
tensor([[8.6415e-19, 1.4137e-09, 8.9449e-05],
        [1.4137e-09, 8.9449e-05, 3.3399e-02],
        [8.9449e-05, 3.3399e-02, 9.3293e-01]])
2023-10-12 14:20:47,325 | INFO | hi-lo : END EPOCH:   4 | ACCURACY: 42.35 | LOSS: 1.487231969833374
2023-10-12 14:20:47,326 | INFO | hi-lo : BEGIN EPOCH 5 =========================================================================
2023-10-12 14:20:47,326 | INFO | hi-lo.kernel-accessor : Fetching kernel: gumbel
2023-10-12 14:20:47,326 | INFO | hi-lo.gumbel-kernel : MU (LOCATION): 1 | BETA (SCALE): 1
2023-10-12 14:20:47,327 | INFO | hi-lo.gumbel-kernel : STATIC
tensor([[5.6765e-01, 1.6550e-01, 3.2357e-02],
        [1.6550e-01, 3.2357e-02, 2.1352e-03],
        [3.2357e-02, 2.1352e-03, 7.3562e-06]])
2023-10-12 14:20:47,327 | INFO | hi-lo.kernel-accessor : Fetching kernel: gumbel
2023-10-12 14:20:47,328 | INFO | hi-lo.gumbel-kernel : MU (LOCATION): 1 | BETA (SCALE): 1
2023-10-12 14:20:47,328 | INFO | hi-lo.gumbel-kernel : STATIC
tensor([[5.6765e-01, 1.6550e-01, 3.2357e-02],
        [1.6550e-01, 3.2357e-02, 2.1352e-03],
        [3.2357e-02, 2.1352e-03, 7.3562e-06]])
2023-10-12 14:20:47,328 | INFO | hi-lo.kernel-accessor : Fetching kernel: gumbel
2023-10-12 14:20:47,329 | INFO | hi-lo.gumbel-kernel : MU (LOCATION): -1.220170497894287 | BETA (SCALE): 1.8967396020889282
2023-10-12 14:20:47,329 | INFO | hi-lo.gumbel-kernel : BOTTOM-RIGHT
tensor([[4.5897e-13, 1.5811e-07, 3.6398e-04],
        [1.5811e-07, 3.6398e-04, 4.3587e-02],
        [3.6398e-04, 4.3587e-02, 9.1173e-01]])
2023-10-12 14:20:47,329 | INFO | hi-lo.kernel-accessor : Fetching kernel: gumbel
2023-10-12 14:20:47,330 | INFO | hi-lo.gumbel-kernel : MU (LOCATION): 1 | BETA (SCALE): 1
2023-10-12 14:20:47,330 | INFO | hi-lo.gumbel-kernel : STATIC
tensor([[5.6765e-01, 1.6550e-01, 3.2357e-02],
        [1.6550e-01, 3.2357e-02, 2.1352e-03],
        [3.2357e-02, 2.1352e-03, 7.3562e-06]])
2023-10-12 14:20:55,938 | INFO | hi-lo : END EPOCH:   5 | ACCURACY: 53.12 | LOSS: 1.7961573600769043
2023-10-12 14:20:55,938 | INFO | hi-lo : BEGIN EPOCH 6 =========================================================================
2023-10-12 14:20:55,938 | INFO | hi-lo.kernel-accessor : Fetching kernel: gumbel
2023-10-12 14:20:55,939 | INFO | hi-lo.gumbel-kernel : MU (LOCATION): -0.08753206580877304 | BETA (SCALE): 0.4893939793109894
2023-10-12 14:20:55,940 | INFO | hi-lo.gumbel-kernel : TOP-RIGHT
tensor([[7.3532e-39, 8.7351e-06, 9.9998e-01],
        [0.0000e+00, 7.3532e-39, 8.7351e-06],
        [0.0000e+00, 0.0000e+00, 7.3532e-39]])
2023-10-12 14:20:55,940 | INFO | hi-lo.kernel-accessor : Fetching kernel: gumbel
2023-10-12 14:20:55,940 | INFO | hi-lo.gumbel-kernel : MU (LOCATION): -0.5881212949752808 | BETA (SCALE): 0.7763675451278687
2023-10-12 14:20:55,941 | INFO | hi-lo.gumbel-kernel : BOTTOM-RIGHT
tensor([[0.0000e+00, 0.0000e+00, 7.6265e-26],
        [0.0000e+00, 7.6267e-26, 1.7884e-06],
        [7.6265e-26, 1.7884e-06, 1.0000e+00]])
2023-10-12 14:20:55,941 | INFO | hi-lo.kernel-accessor : Fetching kernel: gumbel
2023-10-12 14:20:55,942 | INFO | hi-lo.gumbel-kernel : MU (LOCATION): -0.8413727283477783 | BETA (SCALE): 1.5550951957702637
2023-10-12 14:20:55,942 | INFO | hi-lo.gumbel-kernel : TOP-RIGHT
tensor([[1.1343e-04, 3.4163e-02, 9.3133e-01],
        [3.9020e-09, 1.1343e-04, 3.4163e-02],
        [2.2523e-17, 3.9020e-09, 1.1343e-04]])
2023-10-12 14:20:55,942 | INFO | hi-lo.kernel-accessor : Fetching kernel: gumbel
2023-10-12 14:20:55,943 | INFO | hi-lo.gumbel-kernel : MU (LOCATION): -0.8749673366546631 | BETA (SCALE): 1.4933876991271973
2023-10-12 14:20:55,943 | INFO | hi-lo.gumbel-kernel : TOP-RIGHT
tensor([[2.8228e-05, 2.2518e-02, 9.5488e-01],
        [1.1461e-10, 2.8228e-05, 2.2518e-02],
        [6.3726e-21, 1.1461e-10, 2.8228e-05]])
2023-10-12 14:21:04,495 | INFO | hi-lo : END EPOCH:   6 | ACCURACY: 53.91 | LOSS: 1.5328713655471802
2023-10-12 14:21:04,495 | INFO | hi-lo : BEGIN EPOCH 7 =========================================================================
2023-10-12 14:21:04,495 | INFO | hi-lo.kernel-accessor : Fetching kernel: gumbel
2023-10-12 14:21:04,496 | INFO | hi-lo.gumbel-kernel : MU (LOCATION): 0.02241675555706024 | BETA (SCALE): 0.5492376685142517
2023-10-12 14:21:04,497 | INFO | hi-lo.gumbel-kernel : TOP-RIGHT
tensor([[3.5461e-17, 1.3687e-03, 9.9726e-01],
        [0.0000e+00, 3.5462e-17, 1.3687e-03],
        [0.0000e+00, 0.0000e+00, 3.5461e-17]])
2023-10-12 14:21:04,497 | INFO | hi-lo.kernel-accessor : Fetching kernel: gumbel
2023-10-12 14:21:04,497 | INFO | hi-lo.gumbel-kernel : MU (LOCATION): -0.5270501971244812 | BETA (SCALE): 1.0312089920043945
2023-10-12 14:21:04,498 | INFO | hi-lo.gumbel-kernel : BOTTOM-RIGHT
tensor([[0.0000e+00, 6.3155e-23, 9.2525e-09],
        [6.3155e-23, 9.2525e-09, 3.9735e-03],
        [9.2525e-09, 3.9735e-03, 9.9205e-01]])
2023-10-12 14:21:04,498 | INFO | hi-lo.kernel-accessor : Fetching kernel: gumbel
2023-10-12 14:21:04,499 | INFO | hi-lo.gumbel-kernel : MU (LOCATION): 1 | BETA (SCALE): 1
2023-10-12 14:21:04,499 | INFO | hi-lo.gumbel-kernel : STATIC
tensor([[5.6765e-01, 1.6550e-01, 3.2357e-02],
        [1.6550e-01, 3.2357e-02, 2.1352e-03],
        [3.2357e-02, 2.1352e-03, 7.3562e-06]])
2023-10-12 14:21:04,499 | INFO | hi-lo.kernel-accessor : Fetching kernel: gumbel
2023-10-12 14:21:04,500 | INFO | hi-lo.gumbel-kernel : MU (LOCATION): -1.1402864456176758 | BETA (SCALE): 1.9051250219345093
2023-10-12 14:21:04,500 | INFO | hi-lo.gumbel-kernel : TOP-RIGHT
tensor([[6.6669e-04, 5.3625e-02, 8.9075e-01],
        [5.7613e-07, 6.6669e-04, 5.3625e-02],
        [5.4935e-12, 5.7613e-07, 6.6669e-04]])
2023-10-12 14:21:13,014 | INFO | hi-lo : END EPOCH:   7 | ACCURACY: 53.12 | LOSS: 1.5334407091140747
2023-10-12 14:21:13,014 | INFO | hi-lo : BEGIN EPOCH 8 =========================================================================
2023-10-12 14:21:13,014 | INFO | hi-lo.kernel-accessor : Fetching kernel: gumbel
2023-10-12 14:21:13,015 | INFO | hi-lo.gumbel-kernel : MU (LOCATION): -0.06127896159887314 | BETA (SCALE): 0.4908798933029175
2023-10-12 14:21:13,015 | INFO | hi-lo.gumbel-kernel : BOTTOM-RIGHT
tensor([[0.0000e+00, 0.0000e+00, 1.0082e-34],
        [0.0000e+00, 1.0082e-34, 2.4984e-05],
        [1.0082e-34, 2.4984e-05, 9.9995e-01]])
2023-10-12 14:21:13,015 | INFO | hi-lo.kernel-accessor : Fetching kernel: gumbel
2023-10-12 14:21:13,016 | INFO | hi-lo.gumbel-kernel : MU (LOCATION): 1 | BETA (SCALE): 1
2023-10-12 14:21:13,016 | INFO | hi-lo.gumbel-kernel : STATIC
tensor([[5.6765e-01, 1.6550e-01, 3.2357e-02],
        [1.6550e-01, 3.2357e-02, 2.1352e-03],
        [3.2357e-02, 2.1352e-03, 7.3562e-06]])
2023-10-12 14:21:13,016 | INFO | hi-lo.kernel-accessor : Fetching kernel: gumbel
2023-10-12 14:21:13,017 | INFO | hi-lo.gumbel-kernel : MU (LOCATION): -1.253218412399292 | BETA (SCALE): 2.360274076461792
2023-10-12 14:21:13,017 | INFO | hi-lo.gumbel-kernel : BOTTOM-RIGHT
tensor([[3.6570e-07, 1.2854e-04, 6.9056e-03],
        [1.2854e-04, 6.9056e-03, 1.0849e-01],
        [6.9056e-03, 1.0849e-01, 7.6205e-01]])
2023-10-12 14:21:13,018 | INFO | hi-lo.kernel-accessor : Fetching kernel: gumbel
2023-10-12 14:21:13,018 | INFO | hi-lo.gumbel-kernel : MU (LOCATION): 1 | BETA (SCALE): 1
2023-10-12 14:21:13,018 | INFO | hi-lo.gumbel-kernel : STATIC
tensor([[5.6765e-01, 1.6550e-01, 3.2357e-02],
        [1.6550e-01, 3.2357e-02, 2.1352e-03],
        [3.2357e-02, 2.1352e-03, 7.3562e-06]])
2023-10-12 14:21:21,759 | INFO | hi-lo : END EPOCH:   8 | ACCURACY: 56.25 | LOSS: 0.8465836048126221
2023-10-12 14:21:21,759 | INFO | hi-lo : BEGIN EPOCH 9 =========================================================================
2023-10-12 14:21:21,759 | INFO | hi-lo.kernel-accessor : Fetching kernel: gumbel
2023-10-12 14:21:21,760 | INFO | hi-lo.gumbel-kernel : MU (LOCATION): 0.002248026430606842 | BETA (SCALE): 0.49695974588394165
2023-10-12 14:21:21,760 | INFO | hi-lo.gumbel-kernel : BOTTOM-RIGHT
tensor([[0.0000e+00, 0.0000e+00, 4.0009e-26],
        [0.0000e+00, 4.0009e-26, 2.1728e-04],
        [4.0009e-26, 2.1728e-04, 9.9957e-01]])
2023-10-12 14:21:21,760 | INFO | hi-lo.kernel-accessor : Fetching kernel: gumbel
2023-10-12 14:21:21,761 | INFO | hi-lo.gumbel-kernel : MU (LOCATION): -0.5976223945617676 | BETA (SCALE): 0.8381404280662537
2023-10-12 14:21:21,761 | INFO | hi-lo.gumbel-kernel : BOTTOM-RIGHT
tensor([[0.0000e+00, 0.0000e+00, 1.3108e-19],
        [0.0000e+00, 1.3108e-19, 2.1330e-05],
        [1.3108e-19, 2.1330e-05, 9.9996e-01]])
2023-10-12 14:21:21,761 | INFO | hi-lo.kernel-accessor : Fetching kernel: gumbel
2023-10-12 14:21:21,762 | INFO | hi-lo.gumbel-kernel : MU (LOCATION): -1.1163809299468994 | BETA (SCALE): 2.326871395111084
2023-10-12 14:21:21,762 | INFO | hi-lo.gumbel-kernel : BOTTOM-RIGHT
tensor([[8.4944e-07, 2.1157e-04, 8.9096e-03],
        [2.1157e-04, 8.9096e-03, 1.1803e-01],
        [8.9096e-03, 1.1803e-01, 7.3678e-01]])
2023-10-12 14:21:21,763 | INFO | hi-lo.kernel-accessor : Fetching kernel: gumbel
2023-10-12 14:21:21,763 | INFO | hi-lo.gumbel-kernel : MU (LOCATION): 1 | BETA (SCALE): 1
2023-10-12 14:21:21,763 | INFO | hi-lo.gumbel-kernel : STATIC
tensor([[5.6765e-01, 1.6550e-01, 3.2357e-02],
        [1.6550e-01, 3.2357e-02, 2.1352e-03],
        [3.2357e-02, 2.1352e-03, 7.3562e-06]])
2023-10-12 14:21:30,333 | INFO | hi-lo : END EPOCH:   9 | ACCURACY: 60.83 | LOSS: 0.9088128805160522
2023-10-12 14:21:30,333 | INFO | hi-lo : BEGIN EPOCH 10 =========================================================================
2023-10-12 14:21:30,334 | INFO | hi-lo.kernel-accessor : Fetching kernel: gumbel
2023-10-12 14:21:30,334 | INFO | hi-lo.gumbel-kernel : MU (LOCATION): -0.02702905982732773 | BETA (SCALE): 0.4819584786891937
2023-10-12 14:21:30,335 | INFO | hi-lo.gumbel-kernel : TOP-RIGHT
tensor([[7.4605e-33, 5.1962e-05, 9.9990e-01],
        [0.0000e+00, 7.4605e-33, 5.1962e-05],
        [0.0000e+00, 0.0000e+00, 7.4605e-33]])
2023-10-12 14:21:30,335 | INFO | hi-lo.kernel-accessor : Fetching kernel: gumbel
2023-10-12 14:21:30,335 | INFO | hi-lo.gumbel-kernel : MU (LOCATION): -0.5807080268859863 | BETA (SCALE): 0.8804701566696167
2023-10-12 14:21:30,336 | INFO | hi-lo.gumbel-kernel : BOTTOM-RIGHT
tensor([[0.0000e+00, 0.0000e+00, 7.7974e-16],
        [0.0000e+00, 7.7974e-16, 1.1850e-04],
        [7.7974e-16, 1.1850e-04, 9.9976e-01]])
2023-10-12 14:21:30,336 | INFO | hi-lo.kernel-accessor : Fetching kernel: gumbel
2023-10-12 14:21:30,337 | INFO | hi-lo.gumbel-kernel : MU (LOCATION): -1.4668943881988525 | BETA (SCALE): 2.793977975845337
2023-10-12 14:21:30,337 | INFO | hi-lo.gumbel-kernel : BOTTOM-RIGHT
tensor([[1.7894e-05, 9.3559e-04, 1.6566e-02],
        [9.3559e-04, 1.6566e-02, 1.3760e-01],
        [1.6566e-02, 1.3760e-01, 6.7322e-01]])
2023-10-12 14:21:30,337 | INFO | hi-lo.kernel-accessor : Fetching kernel: gumbel
2023-10-12 14:21:30,338 | INFO | hi-lo.gumbel-kernel : MU (LOCATION): 1 | BETA (SCALE): 1
2023-10-12 14:21:30,338 | INFO | hi-lo.gumbel-kernel : STATIC
tensor([[5.6765e-01, 1.6550e-01, 3.2357e-02],
        [1.6550e-01, 3.2357e-02, 2.1352e-03],
        [3.2357e-02, 2.1352e-03, 7.3562e-06]])
2023-10-12 14:21:38,870 | INFO | hi-lo : END EPOCH:  10 | ACCURACY: 59.38 | LOSS: 1.3066812753677368
2023-10-12 14:21:38,870 | INFO | hi-lo : BEGIN EPOCH 11 =========================================================================
2023-10-12 14:21:38,870 | INFO | hi-lo.kernel-accessor : Fetching kernel: gumbel
2023-10-12 14:21:38,871 | INFO | hi-lo.gumbel-kernel : MU (LOCATION): 1 | BETA (SCALE): 1
2023-10-12 14:21:38,871 | INFO | hi-lo.gumbel-kernel : STATIC
tensor([[5.6765e-01, 1.6550e-01, 3.2357e-02],
        [1.6550e-01, 3.2357e-02, 2.1352e-03],
        [3.2357e-02, 2.1352e-03, 7.3562e-06]])
2023-10-12 14:21:38,872 | INFO | hi-lo.kernel-accessor : Fetching kernel: gumbel
2023-10-12 14:21:38,872 | INFO | hi-lo.gumbel-kernel : MU (LOCATION): 1 | BETA (SCALE): 1
2023-10-12 14:21:38,873 | INFO | hi-lo.gumbel-kernel : STATIC
tensor([[5.6765e-01, 1.6550e-01, 3.2357e-02],
        [1.6550e-01, 3.2357e-02, 2.1352e-03],
        [3.2357e-02, 2.1352e-03, 7.3562e-06]])
2023-10-12 14:21:38,873 | INFO | hi-lo.kernel-accessor : Fetching kernel: gumbel
2023-10-12 14:21:38,873 | INFO | hi-lo.gumbel-kernel : MU (LOCATION): 1 | BETA (SCALE): 1
2023-10-12 14:21:38,874 | INFO | hi-lo.gumbel-kernel : STATIC
tensor([[5.6765e-01, 1.6550e-01, 3.2357e-02],
        [1.6550e-01, 3.2357e-02, 2.1352e-03],
        [3.2357e-02, 2.1352e-03, 7.3562e-06]])
2023-10-12 14:21:38,874 | INFO | hi-lo.kernel-accessor : Fetching kernel: gumbel
2023-10-12 14:21:38,874 | INFO | hi-lo.gumbel-kernel : MU (LOCATION): -1.5122292041778564 | BETA (SCALE): 2.4602890014648438
2023-10-12 14:21:38,875 | INFO | hi-lo.gumbel-kernel : TOP-RIGHT
tensor([[4.8369e-03, 9.5302e-02, 7.9475e-01],
        [6.7507e-05, 4.8369e-03, 9.5302e-02],
        [1.3561e-07, 6.7507e-05, 4.8369e-03]])
2023-10-12 14:21:47,402 | INFO | hi-lo : END EPOCH:  11 | ACCURACY: 53.75 | LOSS: 1.3294819593429565
2023-10-12 14:21:47,402 | INFO | hi-lo : BEGIN EPOCH 12 =========================================================================
2023-10-12 14:21:47,402 | INFO | hi-lo.kernel-accessor : Fetching kernel: gumbel
2023-10-12 14:21:47,403 | INFO | hi-lo.gumbel-kernel : MU (LOCATION): -0.0506034754216671 | BETA (SCALE): 0.4862288236618042
2023-10-12 14:21:47,404 | INFO | hi-lo.gumbel-kernel : TOP-RIGHT
tensor([[1.1155e-34, 2.8820e-05, 9.9994e-01],
        [0.0000e+00, 1.1154e-34, 2.8820e-05],
        [0.0000e+00, 0.0000e+00, 1.1155e-34]])
2023-10-12 14:21:47,404 | INFO | hi-lo.kernel-accessor : Fetching kernel: gumbel
2023-10-12 14:21:47,404 | INFO | hi-lo.gumbel-kernel : MU (LOCATION): 1 | BETA (SCALE): 1
2023-10-12 14:21:47,405 | INFO | hi-lo.gumbel-kernel : STATIC
tensor([[5.6765e-01, 1.6550e-01, 3.2357e-02],
        [1.6550e-01, 3.2357e-02, 2.1352e-03],
        [3.2357e-02, 2.1352e-03, 7.3562e-06]])
2023-10-12 14:21:47,405 | INFO | hi-lo.kernel-accessor : Fetching kernel: gumbel
2023-10-12 14:21:47,405 | INFO | hi-lo.gumbel-kernel : MU (LOCATION): -1.0368716716766357 | BETA (SCALE): 2.1817233562469482
2023-10-12 14:21:47,406 | INFO | hi-lo.gumbel-kernel : BOTTOM-RIGHT
tensor([[1.5257e-07, 9.2582e-05, 6.3024e-03],
        [9.2582e-05, 6.3024e-03, 1.0758e-01],
        [6.3024e-03, 1.0758e-01, 7.6575e-01]])
2023-10-12 14:21:47,406 | INFO | hi-lo.kernel-accessor : Fetching kernel: gumbel
2023-10-12 14:21:47,406 | INFO | hi-lo.gumbel-kernel : MU (LOCATION): -1.2662687301635742 | BETA (SCALE): 2.0056276321411133
2023-10-12 14:21:47,407 | INFO | hi-lo.gumbel-kernel : BOTTOM-RIGHT
tensor([[2.1727e-11, 9.6038e-07, 7.7450e-04],
        [9.6038e-07, 7.7450e-04, 5.4883e-02],
        [7.7450e-04, 5.4883e-02, 8.8791e-01]])
2023-10-12 14:21:55,977 | INFO | hi-lo : END EPOCH:  12 | ACCURACY: 54.69 | LOSS: 1.5843585729599
2023-10-12 14:21:55,977 | INFO | hi-lo : BEGIN EPOCH 13 =========================================================================
2023-10-12 14:21:55,977 | INFO | hi-lo.kernel-accessor : Fetching kernel: gumbel
2023-10-12 14:21:55,978 | INFO | hi-lo.gumbel-kernel : MU (LOCATION): 1 | BETA (SCALE): 1
2023-10-12 14:21:55,979 | INFO | hi-lo.gumbel-kernel : STATIC
tensor([[5.6765e-01, 1.6550e-01, 3.2357e-02],
        [1.6550e-01, 3.2357e-02, 2.1352e-03],
        [3.2357e-02, 2.1352e-03, 7.3562e-06]])
2023-10-12 14:21:55,979 | INFO | hi-lo.kernel-accessor : Fetching kernel: gumbel
2023-10-12 14:21:55,979 | INFO | hi-lo.gumbel-kernel : MU (LOCATION): -0.683591365814209 | BETA (SCALE): 1.0528732538223267
2023-10-12 14:21:55,980 | INFO | hi-lo.gumbel-kernel : TOP-RIGHT
tensor([[1.3528e-10, 1.1593e-03, 9.9768e-01],
        [7.2825e-28, 1.3528e-10, 1.1593e-03],
        [0.0000e+00, 7.2825e-28, 1.3528e-10]])
2023-10-12 14:21:55,980 | INFO | hi-lo.kernel-accessor : Fetching kernel: gumbel
2023-10-12 14:21:55,980 | INFO | hi-lo.gumbel-kernel : MU (LOCATION): -1.5577571392059326 | BETA (SCALE): 3.083585262298584
2023-10-12 14:21:55,981 | INFO | hi-lo.gumbel-kernel : TOP-RIGHT
tensor([[2.5959e-02, 1.5384e-01, 6.0931e-01],
        [2.5085e-03, 2.5959e-02, 1.5384e-01],
        [1.1214e-04, 2.5085e-03, 2.5959e-02]])
2023-10-12 14:21:55,981 | INFO | hi-lo.kernel-accessor : Fetching kernel: gumbel
2023-10-12 14:21:55,981 | INFO | hi-lo.gumbel-kernel : MU (LOCATION): 1 | BETA (SCALE): 1
2023-10-12 14:21:55,982 | INFO | hi-lo.gumbel-kernel : STATIC
tensor([[5.6765e-01, 1.6550e-01, 3.2357e-02],
        [1.6550e-01, 3.2357e-02, 2.1352e-03],
        [3.2357e-02, 2.1352e-03, 7.3562e-06]])
2023-10-12 14:22:04,570 | INFO | hi-lo : END EPOCH:  13 | ACCURACY: 55.27 | LOSS: 1.5650779008865356
2023-10-12 14:22:04,570 | INFO | hi-lo : BEGIN EPOCH 14 =========================================================================
2023-10-12 14:22:04,571 | INFO | hi-lo.kernel-accessor : Fetching kernel: gumbel
2023-10-12 14:22:04,571 | INFO | hi-lo.gumbel-kernel : MU (LOCATION): 0.016746152192354202 | BETA (SCALE): 0.4924107789993286
2023-10-12 14:22:04,572 | INFO | hi-lo.gumbel-kernel : TOP-RIGHT
tensor([[1.2033e-25, 2.7018e-04, 9.9946e-01],
        [0.0000e+00, 1.2033e-25, 2.7018e-04],
        [0.0000e+00, 0.0000e+00, 1.2033e-25]])
2023-10-12 14:22:04,572 | INFO | hi-lo.kernel-accessor : Fetching kernel: gumbel
2023-10-12 14:22:04,573 | INFO | hi-lo.gumbel-kernel : MU (LOCATION): -0.560275137424469 | BETA (SCALE): 0.8195084929466248
2023-10-12 14:22:04,573 | INFO | hi-lo.gumbel-kernel : BOTTOM-RIGHT
tensor([[0.0000e+00, 0.0000e+00, 1.1983e-19],
        [0.0000e+00, 1.1983e-19, 2.5090e-05],
        [1.1983e-19, 2.5090e-05, 9.9995e-01]])
2023-10-12 14:22:04,573 | INFO | hi-lo.kernel-accessor : Fetching kernel: gumbel
2023-10-12 14:22:04,574 | INFO | hi-lo.gumbel-kernel : MU (LOCATION): -1.137503981590271 | BETA (SCALE): 2.154633045196533
2023-10-12 14:22:04,574 | INFO | hi-lo.gumbel-kernel : TOP-RIGHT
tensor([[3.9057e-03, 9.2471e-02, 8.0327e-01],
        [3.3478e-05, 3.9057e-03, 9.2471e-02],
        [2.2704e-08, 3.3478e-05, 3.9057e-03]])
2023-10-12 14:22:04,574 | INFO | hi-lo.kernel-accessor : Fetching kernel: gumbel
2023-10-12 14:22:04,575 | INFO | hi-lo.gumbel-kernel : MU (LOCATION): -1.1962072849273682 | BETA (SCALE): 2.0351810455322266
2023-10-12 14:22:04,576 | INFO | hi-lo.gumbel-kernel : BOTTOM-RIGHT
tensor([[2.7857e-10, 3.6079e-06, 1.4322e-03],
        [3.6079e-06, 1.4322e-03, 6.7410e-02],
        [1.4322e-03, 6.7410e-02, 8.6088e-01]])
2023-10-12 14:22:13,235 | INFO | hi-lo : END EPOCH:  14 | ACCURACY: 60.94 | LOSS: 1.1530214548110962
2023-10-12 14:22:13,236 | INFO | hi-lo : BEGIN EPOCH 15 =========================================================================
2023-10-12 14:22:13,236 | INFO | hi-lo.kernel-accessor : Fetching kernel: gumbel
2023-10-12 14:22:13,236 | INFO | hi-lo.gumbel-kernel : MU (LOCATION): 0.021939806640148163 | BETA (SCALE): 0.5110039114952087
2023-10-12 14:22:13,237 | INFO | hi-lo.gumbel-kernel : BOTTOM-RIGHT
tensor([[0.0000e+00, 0.0000e+00, 5.4161e-22],
        [0.0000e+00, 5.4161e-22, 5.3380e-04],
        [5.4161e-22, 5.3380e-04, 9.9893e-01]])
2023-10-12 14:22:13,237 | INFO | hi-lo.kernel-accessor : Fetching kernel: gumbel
2023-10-12 14:22:13,238 | INFO | hi-lo.gumbel-kernel : MU (LOCATION): -0.6588910222053528 | BETA (SCALE): 0.8844392895698547
2023-10-12 14:22:13,238 | INFO | hi-lo.gumbel-kernel : BOTTOM-RIGHT
tensor([[0.0000e+00, 0.0000e+00, 2.8474e-18],
        [0.0000e+00, 2.8474e-18, 2.9296e-05],
        [2.8474e-18, 2.9296e-05, 9.9994e-01]])
2023-10-12 14:22:13,238 | INFO | hi-lo.kernel-accessor : Fetching kernel: gumbel
2023-10-12 14:22:13,239 | INFO | hi-lo.gumbel-kernel : MU (LOCATION): -1.3894250392913818 | BETA (SCALE): 2.593052387237549
2023-10-12 14:22:13,239 | INFO | hi-lo.gumbel-kernel : BOTTOM-RIGHT
tensor([[3.3393e-06, 3.8816e-04, 1.1145e-02],
        [3.8816e-04, 1.1145e-02, 1.2364e-01],
        [1.1145e-02, 1.2364e-01, 7.1850e-01]])
2023-10-12 14:22:13,239 | INFO | hi-lo.kernel-accessor : Fetching kernel: gumbel
2023-10-12 14:22:13,239 | INFO | hi-lo.gumbel-kernel : MU (LOCATION): -1.7310049533843994 | BETA (SCALE): 2.760291337966919
2023-10-12 14:22:13,240 | INFO | hi-lo.gumbel-kernel : BOTTOM-RIGHT
tensor([[1.9185e-06, 2.5752e-04, 8.7057e-03],
        [2.5752e-04, 8.7057e-03, 1.1270e-01],
        [8.7057e-03, 1.1270e-01, 7.4796e-01]])
2023-10-12 14:22:21,854 | INFO | hi-lo : END EPOCH:  15 | ACCURACY: 55.73 | LOSS: 1.3285670280456543
2023-10-12 14:22:21,854 | INFO | hi-lo : BEGIN EPOCH 16 =========================================================================
2023-10-12 14:22:21,854 | INFO | hi-lo.kernel-accessor : Fetching kernel: gumbel
2023-10-12 14:22:21,855 | INFO | hi-lo.gumbel-kernel : MU (LOCATION): -0.0839100107550621 | BETA (SCALE): 0.5148088932037354
2023-10-12 14:22:21,856 | INFO | hi-lo.gumbel-kernel : BOTTOM-RIGHT
tensor([[0.0000e+00, 0.0000e+00, 4.3140e-31],
        [0.0000e+00, 4.3140e-31, 3.6376e-05],
        [4.3140e-31, 3.6376e-05, 9.9993e-01]])
2023-10-12 14:22:21,856 | INFO | hi-lo.kernel-accessor : Fetching kernel: gumbel
2023-10-12 14:22:21,856 | INFO | hi-lo.gumbel-kernel : MU (LOCATION): 1 | BETA (SCALE): 1
2023-10-12 14:22:21,857 | INFO | hi-lo.gumbel-kernel : STATIC
tensor([[5.6765e-01, 1.6550e-01, 3.2357e-02],
        [1.6550e-01, 3.2357e-02, 2.1352e-03],
        [3.2357e-02, 2.1352e-03, 7.3562e-06]])
2023-10-12 14:22:21,857 | INFO | hi-lo.kernel-accessor : Fetching kernel: gumbel
2023-10-12 14:22:21,857 | INFO | hi-lo.gumbel-kernel : MU (LOCATION): 1 | BETA (SCALE): 1
2023-10-12 14:22:21,858 | INFO | hi-lo.gumbel-kernel : STATIC
tensor([[5.6765e-01, 1.6550e-01, 3.2357e-02],
        [1.6550e-01, 3.2357e-02, 2.1352e-03],
        [3.2357e-02, 2.1352e-03, 7.3562e-06]])
2023-10-12 14:22:21,858 | INFO | hi-lo.kernel-accessor : Fetching kernel: gumbel
2023-10-12 14:22:21,858 | INFO | hi-lo.gumbel-kernel : MU (LOCATION): -2.3234918117523193 | BETA (SCALE): 3.2076146602630615
2023-10-12 14:22:21,859 | INFO | hi-lo.gumbel-kernel : TOP-RIGHT
tensor([[9.9667e-03, 1.1425e-01, 7.4080e-01],
        [3.9926e-04, 9.9667e-03, 1.1425e-01],
        [5.5250e-06, 3.9926e-04, 9.9667e-03]])
2023-10-12 14:22:30,446 | INFO | hi-lo : END EPOCH:  16 | ACCURACY: 53.91 | LOSS: 1.5356171131134033
2023-10-12 14:22:30,447 | INFO | hi-lo : BEGIN EPOCH 17 =========================================================================
2023-10-12 14:22:30,447 | INFO | hi-lo.kernel-accessor : Fetching kernel: gumbel
2023-10-12 14:22:30,447 | INFO | hi-lo.gumbel-kernel : MU (LOCATION): 1 | BETA (SCALE): 1
2023-10-12 14:22:30,448 | INFO | hi-lo.gumbel-kernel : STATIC
tensor([[5.6765e-01, 1.6550e-01, 3.2357e-02],
        [1.6550e-01, 3.2357e-02, 2.1352e-03],
        [3.2357e-02, 2.1352e-03, 7.3562e-06]])
2023-10-12 14:22:30,448 | INFO | hi-lo.kernel-accessor : Fetching kernel: gumbel
2023-10-12 14:22:30,449 | INFO | hi-lo.gumbel-kernel : MU (LOCATION): 1 | BETA (SCALE): 1
2023-10-12 14:22:30,449 | INFO | hi-lo.gumbel-kernel : STATIC
tensor([[5.6765e-01, 1.6550e-01, 3.2357e-02],
        [1.6550e-01, 3.2357e-02, 2.1352e-03],
        [3.2357e-02, 2.1352e-03, 7.3562e-06]])
2023-10-12 14:22:30,449 | INFO | hi-lo.kernel-accessor : Fetching kernel: gumbel
2023-10-12 14:22:30,450 | INFO | hi-lo.gumbel-kernel : MU (LOCATION): -1.430853247642517 | BETA (SCALE): 2.8583552837371826
2023-10-12 14:22:30,450 | INFO | hi-lo.gumbel-kernel : BOTTOM-RIGHT
tensor([[3.9243e-05, 1.4447e-03, 2.0339e-02],
        [1.4447e-03, 2.0339e-02, 1.4544e-01],
        [2.0339e-02, 1.4544e-01, 6.4517e-01]])
2023-10-12 14:22:30,451 | INFO | hi-lo.kernel-accessor : Fetching kernel: gumbel
2023-10-12 14:22:30,451 | INFO | hi-lo.gumbel-kernel : MU (LOCATION): -1.0024867057800293 | BETA (SCALE): 1.6438243389129639
2023-10-12 14:22:30,452 | INFO | hi-lo.gumbel-kernel : BOTTOM-RIGHT
tensor([[4.2307e-17, 3.3812e-09, 8.9236e-05],
        [3.3812e-09, 8.9236e-05, 3.0016e-02],
        [8.9236e-05, 3.0016e-02, 9.3970e-01]])
2023-10-12 14:22:39,152 | INFO | hi-lo : END EPOCH:  17 | ACCURACY: 54.3 | LOSS: 1.4836457967758179
2023-10-12 14:22:39,152 | INFO | hi-lo : BEGIN EPOCH 18 =========================================================================
2023-10-12 14:22:39,153 | INFO | hi-lo.kernel-accessor : Fetching kernel: gumbel
2023-10-12 14:22:39,153 | INFO | hi-lo.gumbel-kernel : MU (LOCATION): -0.04660835117101669 | BETA (SCALE): 0.4989069402217865
2023-10-12 14:22:39,154 | INFO | hi-lo.gumbel-kernel : BOTTOM-RIGHT
tensor([[0.0000e+00, 0.0000e+00, 8.8708e-31],
        [0.0000e+00, 8.8710e-31, 5.8574e-05],
        [8.8708e-31, 5.8574e-05, 9.9988e-01]])
2023-10-12 14:22:39,154 | INFO | hi-lo.kernel-accessor : Fetching kernel: gumbel
2023-10-12 14:22:39,154 | INFO | hi-lo.gumbel-kernel : MU (LOCATION): 1 | BETA (SCALE): 1
2023-10-12 14:22:39,155 | INFO | hi-lo.gumbel-kernel : STATIC
tensor([[5.6765e-01, 1.6550e-01, 3.2357e-02],
        [1.6550e-01, 3.2357e-02, 2.1352e-03],
        [3.2357e-02, 2.1352e-03, 7.3562e-06]])
2023-10-12 14:22:39,155 | INFO | hi-lo.kernel-accessor : Fetching kernel: gumbel
2023-10-12 14:22:39,156 | INFO | hi-lo.gumbel-kernel : MU (LOCATION): -1.4461801052093506 | BETA (SCALE): 2.997358798980713
2023-10-12 14:22:39,156 | INFO | hi-lo.gumbel-kernel : BOTTOM-RIGHT
tensor([[1.0360e-04, 2.4459e-03, 2.5889e-02],
        [2.4459e-03, 2.5889e-02, 1.5424e-01],
        [2.5889e-02, 1.5424e-01, 6.0886e-01]])
2023-10-12 14:22:39,156 | INFO | hi-lo.kernel-accessor : Fetching kernel: gumbel
2023-10-12 14:22:39,157 | INFO | hi-lo.gumbel-kernel : MU (LOCATION): 1 | BETA (SCALE): 1
2023-10-12 14:22:39,157 | INFO | hi-lo.gumbel-kernel : STATIC
tensor([[5.6765e-01, 1.6550e-01, 3.2357e-02],
        [1.6550e-01, 3.2357e-02, 2.1352e-03],
        [3.2357e-02, 2.1352e-03, 7.3562e-06]])
2023-10-12 14:22:48,067 | INFO | hi-lo : END EPOCH:  18 | ACCURACY: 56.25 | LOSS: 1.2525124549865723
2023-10-12 14:22:48,067 | INFO | hi-lo : BEGIN EPOCH 19 =========================================================================
2023-10-12 14:22:48,067 | INFO | hi-lo.kernel-accessor : Fetching kernel: gumbel
2023-10-12 14:22:48,068 | INFO | hi-lo.gumbel-kernel : MU (LOCATION): 0.003053368767723441 | BETA (SCALE): 0.5126244425773621
2023-10-12 14:22:48,069 | INFO | hi-lo.gumbel-kernel : TOP-RIGHT
tensor([[3.1743e-23, 3.6561e-04, 9.9927e-01],
        [0.0000e+00, 3.1743e-23, 3.6561e-04],
        [0.0000e+00, 0.0000e+00, 3.1743e-23]])
2023-10-12 14:22:48,069 | INFO | hi-lo.kernel-accessor : Fetching kernel: gumbel
2023-10-12 14:22:48,069 | INFO | hi-lo.gumbel-kernel : MU (LOCATION): -0.6371819972991943 | BETA (SCALE): 0.9516787528991699
2023-10-12 14:22:48,070 | INFO | hi-lo.gumbel-kernel : TOP-RIGHT
tensor([[1.5538e-13, 2.8941e-04, 9.9942e-01],
        [3.3792e-39, 1.5538e-13, 2.8941e-04],
        [0.0000e+00, 3.3792e-39, 1.5538e-13]])
2023-10-12 14:22:48,070 | INFO | hi-lo.kernel-accessor : Fetching kernel: gumbel
2023-10-12 14:22:48,070 | INFO | hi-lo.gumbel-kernel : MU (LOCATION): -1.4025757312774658 | BETA (SCALE): 2.6418685913085938
2023-10-12 14:22:48,071 | INFO | hi-lo.gumbel-kernel : TOP-RIGHT
tensor([[1.2543e-02, 1.2778e-01, 7.0580e-01],
        [5.0363e-04, 1.2543e-02, 1.2778e-01],
        [5.4829e-06, 5.0363e-04, 1.2543e-02]])
2023-10-12 14:22:48,071 | INFO | hi-lo.kernel-accessor : Fetching kernel: gumbel
2023-10-12 14:22:48,072 | INFO | hi-lo.gumbel-kernel : MU (LOCATION): -1.449255347251892 | BETA (SCALE): 2.114069700241089
2023-10-12 14:22:48,072 | INFO | hi-lo.gumbel-kernel : TOP-RIGHT
tensor([[7.0050e-04, 5.1470e-02, 8.9496e-01],
        [9.4364e-07, 7.0050e-04, 5.1470e-02],
        [3.1061e-11, 9.4364e-07, 7.0050e-04]])
2023-10-12 14:22:56,752 | INFO | hi-lo : END EPOCH:  19 | ACCURACY: 50.13 | LOSS: 1.5490901470184326
2023-10-12 14:22:56,752 | INFO | hi-lo : BEGIN EPOCH 20 =========================================================================
2023-10-12 14:22:56,752 | INFO | hi-lo.kernel-accessor : Fetching kernel: gumbel
2023-10-12 14:22:56,753 | INFO | hi-lo.gumbel-kernel : MU (LOCATION): -0.10396655648946762 | BETA (SCALE): 0.44677671790122986
2023-10-12 14:22:56,753 | INFO | hi-lo.gumbel-kernel : BOTTOM-RIGHT
tensor([[0.0000e+00, 0.0000e+00, 0.0000e+00],
        [0.0000e+00, 0.0000e+00, 1.7129e-07],
        [0.0000e+00, 1.7129e-07, 1.0000e+00]])
2023-10-12 14:22:56,753 | INFO | hi-lo.kernel-accessor : Fetching kernel: gumbel
2023-10-12 14:22:56,753 | INFO | hi-lo.gumbel-kernel : MU (LOCATION): 1 | BETA (SCALE): 1
2023-10-12 14:22:56,754 | INFO | hi-lo.gumbel-kernel : STATIC
tensor([[5.6765e-01, 1.6550e-01, 3.2357e-02],
        [1.6550e-01, 3.2357e-02, 2.1352e-03],
        [3.2357e-02, 2.1352e-03, 7.3562e-06]])
2023-10-12 14:22:56,754 | INFO | hi-lo.kernel-accessor : Fetching kernel: gumbel
2023-10-12 14:22:56,754 | INFO | hi-lo.gumbel-kernel : MU (LOCATION): -1.476560354232788 | BETA (SCALE): 2.628152370452881
2023-10-12 14:22:56,754 | INFO | hi-lo.gumbel-kernel : BOTTOM-RIGHT
tensor([[2.6144e-06, 3.3077e-04, 1.0202e-02],
        [3.3077e-04, 1.0202e-02, 1.1992e-01],
        [1.0202e-02, 1.1992e-01, 7.2890e-01]])
2023-10-12 14:22:56,754 | INFO | hi-lo.kernel-accessor : Fetching kernel: gumbel
2023-10-12 14:22:56,755 | INFO | hi-lo.gumbel-kernel : MU (LOCATION): -2.052412748336792 | BETA (SCALE): 2.665566921234131
2023-10-12 14:22:56,755 | INFO | hi-lo.gumbel-kernel : TOP-RIGHT
tensor([[2.1934e-03, 7.0137e-02, 8.5311e-01],
        [1.6805e-05, 2.1934e-03, 7.0137e-02],
        [1.6628e-08, 1.6805e-05, 2.1934e-03]])
2023-10-12 14:23:05,426 | INFO | hi-lo : END EPOCH:  20 | ACCURACY: 62.5 | LOSS: 1.1953396797180176
2023-10-12 14:23:05,426 | INFO | hi-lo : BEGIN EPOCH 21 =========================================================================
2023-10-12 14:23:05,426 | INFO | hi-lo.kernel-accessor : Fetching kernel: gumbel
2023-10-12 14:23:05,427 | INFO | hi-lo.gumbel-kernel : MU (LOCATION): 0.024731304496526718 | BETA (SCALE): 0.5363884568214417
2023-10-12 14:23:05,428 | INFO | hi-lo.gumbel-kernel : BOTTOM-RIGHT
tensor([[0.0000e+00, 0.0000e+00, 1.9575e-18],
        [0.0000e+00, 1.9575e-18, 1.0725e-03],
        [1.9575e-18, 1.0725e-03, 9.9786e-01]])
2023-10-12 14:23:05,428 | INFO | hi-lo.kernel-accessor : Fetching kernel: gumbel
2023-10-12 14:23:05,428 | INFO | hi-lo.gumbel-kernel : MU (LOCATION): -0.5504483580589294 | BETA (SCALE): 1.0182393789291382
2023-10-12 14:23:05,429 | INFO | hi-lo.gumbel-kernel : TOP-RIGHT
tensor([[1.9826e-09, 2.7095e-03, 9.9458e-01],
        [4.2380e-25, 1.9826e-09, 2.7095e-03],
        [0.0000e+00, 4.2380e-25, 1.9826e-09]])
2023-10-12 14:23:05,429 | INFO | hi-lo.kernel-accessor : Fetching kernel: gumbel
2023-10-12 14:23:05,429 | INFO | hi-lo.gumbel-kernel : MU (LOCATION): -1.9198498725891113 | BETA (SCALE): 3.422403573989868
2023-10-12 14:23:05,430 | INFO | hi-lo.gumbel-kernel : TOP-RIGHT
tensor([[2.8909e-02, 1.5635e-01, 5.9371e-01],
