2024-03-07 01:07:16,482 | INFO | hilo : 
+==============================================================+
|                                                              |
| ██████╗  █████╗ ██████╗ ██╗         ██╗      █████╗ ██████╗  |
| ██╔══██╗██╔══██╗██╔══██╗██║         ██║     ██╔══██╗██╔══██╗ |
| ██║  ██║███████║██║  ██║██║         ██║     ███████║██████╔╝ |
| ██║  ██║██╔══██║██║  ██║██║         ██║     ██╔══██║██╔══██╗ |
| ██████╔╝██║  ██║██████╔╝███████╗    ███████╗██║  ██║██████╔╝ |
| ╚═════╝ ╚═╝  ╚═╝╚═════╝ ╚══════╝    ╚══════╝╚═╝  ╚═╝╚═════╝  |
+==============================================================+
|             Hi-Lo Resolution Image Classification            |
|             -------------------------------------            |
|                       Gabriel C. Trahan                      |
|                          Sahan Ahmad                         |
|                       MD  Aminual Islam                      |
+==============================================================+
2024-03-07 01:07:18,056 | INFO | hilo.dataset-accessor : Fetching dataset: cifar10
2024-03-07 01:07:18,056 | INFO | hilo.cifar10-dataset : Initializing transform
2024-03-07 01:07:18,056 | INFO | hilo.cifar10-dataset : Verifying/downloading train data
2024-03-07 01:07:18,662 | INFO | hilo.cifar10-dataset : Verifying/downloading test data
2024-03-07 01:07:19,143 | INFO | hilo.cifar10-dataset : Creating train data loader.
2024-03-07 01:07:19,144 | INFO | hilo.cifar10-dataset : Creating test data loader.
2024-03-07 01:07:19,253 | INFO | hilo : Output directory: output/resnet/cifar10/laplace/4/20240307_010718/
2024-03-07 01:07:20,274 | INFO | hilo : Using device: NVIDIA GeForce GTX 1060 6GB
2024-03-07 01:07:20,274 | INFO | hilo : Exeucting job: MODEL resnet | DATASET cifar10 | KERNEL laplace | TYPE 4
2024-03-07 01:07:20,274 | INFO | hilo : Commencing training phase...
2024-03-07 01:07:20,274 | INFO | hilo.kernel-accessor : Fetching kernel: laplace
2024-03-07 01:07:20,275 | INFO | hilo.laplace-kernel : Calculating Laplace distribution (location: 0.0, scale 1.0)
2024-03-07 01:07:20,276 | INFO | hilo.laplace-kernel : BOTTOM-RIGHT:
tensor([[0.0081, 0.0220, 0.0599],
        [0.0220, 0.0599, 0.1628],
        [0.0599, 0.1628, 0.4425]])
2024-03-07 01:07:20,276 | INFO | hilo.kernel-accessor : Fetching kernel: laplace
2024-03-07 01:07:20,276 | INFO | hilo.laplace-kernel : Calculating Laplace distribution (location: 0.0, scale 1.0)
2024-03-07 01:07:20,276 | INFO | hilo.laplace-kernel : TOP-RIGHT:
tensor([[0.0599, 0.1628, 0.4425],
        [0.0220, 0.0599, 0.1628],
        [0.0081, 0.0220, 0.0599]])
2024-03-07 01:07:20,276 | INFO | hilo.kernel-accessor : Fetching kernel: laplace
2024-03-07 01:07:20,277 | INFO | hilo.laplace-kernel : Calculating Laplace distribution (location: 0.0, scale 1.0)
2024-03-07 01:07:20,277 | INFO | hilo.laplace-kernel : TOP-RIGHT:
tensor([[0.0599, 0.1628, 0.4425],
        [0.0220, 0.0599, 0.1628],
        [0.0081, 0.0220, 0.0599]])
2024-03-07 01:07:20,277 | INFO | hilo.kernel-accessor : Fetching kernel: laplace
2024-03-07 01:07:20,277 | INFO | hilo.laplace-kernel : Calculating Laplace distribution (location: 0.0, scale 1.0)
2024-03-07 01:07:20,277 | INFO | hilo.laplace-kernel : TOP-RIGHT:
tensor([[0.0599, 0.1628, 0.4425],
        [0.0220, 0.0599, 0.1628],
        [0.0081, 0.0220, 0.0599]])
2024-03-07 01:07:20,277 | INFO | hilo.kernel-accessor : Fetching kernel: laplace
2024-03-07 01:07:20,278 | INFO | hilo.laplace-kernel : Calculating Laplace distribution (location: 0.0, scale 1.0)
2024-03-07 01:07:20,278 | INFO | hilo.laplace-kernel : TOP-RIGHT:
tensor([[0.0599, 0.1628, 0.4425],
        [0.0220, 0.0599, 0.1628],
        [0.0081, 0.0220, 0.0599]])
2024-03-07 01:07:20,278 | INFO | hilo.kernel-accessor : Fetching kernel: laplace
2024-03-07 01:07:20,278 | INFO | hilo.laplace-kernel : Calculating Laplace distribution (location: 0.0, scale 1.0)
2024-03-07 01:07:20,278 | INFO | hilo.laplace-kernel : BOTTOM-RIGHT:
tensor([[0.0081, 0.0220, 0.0599],
        [0.0220, 0.0599, 0.1628],
        [0.0599, 0.1628, 0.4425]])
2024-03-07 01:07:20,278 | INFO | hilo.kernel-accessor : Fetching kernel: laplace
2024-03-07 01:07:20,279 | INFO | hilo.laplace-kernel : Calculating Laplace distribution (location: 0.0, scale 1.0)
2024-03-07 01:07:20,279 | INFO | hilo.laplace-kernel : BOTTOM-RIGHT:
tensor([[0.0081, 0.0220, 0.0599],
        [0.0220, 0.0599, 0.1628],
        [0.0599, 0.1628, 0.4425]])
2024-03-07 01:07:20,279 | INFO | hilo.kernel-accessor : Fetching kernel: laplace
2024-03-07 01:07:20,279 | INFO | hilo.laplace-kernel : Calculating Laplace distribution (location: 0.0, scale 1.0)
2024-03-07 01:07:20,279 | INFO | hilo.laplace-kernel : BOTTOM-RIGHT:
tensor([[0.0081, 0.0220, 0.0599],
        [0.0220, 0.0599, 0.1628],
        [0.0599, 0.1628, 0.4425]])
2024-03-07 01:07:20,279 | INFO | hilo.kernel-accessor : Fetching kernel: laplace
2024-03-07 01:07:20,280 | INFO | hilo.laplace-kernel : Calculating Laplace distribution (location: 0.0, scale 1.0)
2024-03-07 01:07:20,280 | INFO | hilo.laplace-kernel : TOP-RIGHT:
tensor([[0.0599, 0.1628, 0.4425],
        [0.0220, 0.0599, 0.1628],
        [0.0081, 0.0220, 0.0599]])
2024-03-07 01:07:20,280 | INFO | hilo.kernel-accessor : Fetching kernel: laplace
2024-03-07 01:07:20,280 | INFO | hilo.laplace-kernel : Calculating Laplace distribution (location: 0.0, scale 1.0)
2024-03-07 01:07:20,280 | INFO | hilo.laplace-kernel : TOP-RIGHT:
tensor([[0.0599, 0.1628, 0.4425],
        [0.0220, 0.0599, 0.1628],
        [0.0081, 0.0220, 0.0599]])
2024-03-07 01:07:20,280 | INFO | hilo.kernel-accessor : Fetching kernel: laplace
2024-03-07 01:07:20,281 | INFO | hilo.laplace-kernel : Calculating Laplace distribution (location: 0.0, scale 1.0)
2024-03-07 01:07:20,281 | INFO | hilo.laplace-kernel : BOTTOM-RIGHT:
tensor([[0.0081, 0.0220, 0.0599],
        [0.0220, 0.0599, 0.1628],
        [0.0599, 0.1628, 0.4425]])
2024-03-07 01:07:20,281 | INFO | hilo.kernel-accessor : Fetching kernel: laplace
2024-03-07 01:07:20,281 | INFO | hilo.laplace-kernel : Calculating Laplace distribution (location: 0.0, scale 1.0)
2024-03-07 01:07:20,281 | INFO | hilo.laplace-kernel : BOTTOM-RIGHT:
tensor([[0.0081, 0.0220, 0.0599],
        [0.0220, 0.0599, 0.1628],
        [0.0599, 0.1628, 0.4425]])
2024-03-07 01:07:20,282 | INFO | hilo.kernel-accessor : Fetching kernel: laplace
2024-03-07 01:07:20,282 | INFO | hilo.laplace-kernel : Calculating Laplace distribution (location: 0.0, scale 1.0)
2024-03-07 01:07:20,282 | INFO | hilo.laplace-kernel : BOTTOM-RIGHT:
tensor([[0.0081, 0.0220, 0.0599],
        [0.0220, 0.0599, 0.1628],
        [0.0599, 0.1628, 0.4425]])
2024-03-07 01:07:20,282 | INFO | hilo.kernel-accessor : Fetching kernel: laplace
2024-03-07 01:07:20,282 | INFO | hilo.laplace-kernel : Calculating Laplace distribution (location: 0.0, scale 1.0)
2024-03-07 01:07:20,282 | INFO | hilo.laplace-kernel : TOP-RIGHT:
tensor([[0.0599, 0.1628, 0.4425],
        [0.0220, 0.0599, 0.1628],
        [0.0081, 0.0220, 0.0599]])
2024-03-07 01:07:20,283 | INFO | hilo.kernel-accessor : Fetching kernel: laplace
2024-03-07 01:07:20,283 | INFO | hilo.laplace-kernel : Calculating Laplace distribution (location: 0.0, scale 1.0)
2024-03-07 01:07:20,283 | INFO | hilo.laplace-kernel : TOP-RIGHT:
tensor([[0.0599, 0.1628, 0.4425],
        [0.0220, 0.0599, 0.1628],
        [0.0081, 0.0220, 0.0599]])
2024-03-07 01:07:20,283 | INFO | hilo.kernel-accessor : Fetching kernel: laplace
2024-03-07 01:07:20,283 | INFO | hilo.laplace-kernel : Calculating Laplace distribution (location: 0.0, scale 1.0)
2024-03-07 01:07:20,284 | INFO | hilo.laplace-kernel : BOTTOM-RIGHT:
tensor([[0.0081, 0.0220, 0.0599],
        [0.0220, 0.0599, 0.1628],
        [0.0599, 0.1628, 0.4425]])
2024-03-07 01:07:20,284 | INFO | hilo.kernel-accessor : Fetching kernel: laplace
2024-03-07 01:07:20,284 | INFO | hilo.laplace-kernel : Calculating Laplace distribution (location: 0.0, scale 1.0)
2024-03-07 01:07:20,284 | INFO | hilo.laplace-kernel : BOTTOM-RIGHT:
tensor([[0.0081, 0.0220, 0.0599],
        [0.0220, 0.0599, 0.1628],
        [0.0599, 0.1628, 0.4425]])
2024-03-07 01:08:41,730 | INFO | hilo : Epoch   1/200 | Accuracy:  39.3229 | Loss:   1.5122
2024-03-07 01:08:41,730 | INFO | hilo.kernel-accessor : Fetching kernel: laplace
2024-03-07 01:08:41,731 | INFO | hilo.laplace-kernel : Calculating Laplace distribution (location: -0.023065978661179543, scale 0.7434739470481873)
2024-03-07 01:08:41,731 | INFO | hilo.laplace-kernel : BOTTOM-RIGHT:
tensor([[0.0026, 0.0100, 0.0385],
        [0.0100, 0.0385, 0.1476],
        [0.0385, 0.1476, 0.5667]])
2024-03-07 01:08:41,731 | INFO | hilo.kernel-accessor : Fetching kernel: laplace
2024-03-07 01:08:41,731 | INFO | hilo.laplace-kernel : Calculating Laplace distribution (location: -0.5106127858161926, scale 1.9854998588562012)
2024-03-07 01:08:41,732 | INFO | hilo.laplace-kernel : TOP-RIGHT:
tensor([[0.0941, 0.1558, 0.2578],
        [0.0569, 0.0941, 0.1558],
        [0.0344, 0.0569, 0.0941]])
2024-03-07 01:08:41,732 | INFO | hilo.kernel-accessor : Fetching kernel: laplace
2024-03-07 01:08:41,732 | INFO | hilo.laplace-kernel : Calculating Laplace distribution (location: -0.4796822965145111, scale 1.574320673942566)
2024-03-07 01:08:41,732 | INFO | hilo.laplace-kernel : BOTTOM-RIGHT:
tensor([[0.0240, 0.0454, 0.0856],
        [0.0454, 0.0856, 0.1616],
        [0.0856, 0.1616, 0.3051]])
2024-03-07 01:08:41,732 | INFO | hilo.kernel-accessor : Fetching kernel: laplace
2024-03-07 01:08:41,732 | INFO | hilo.laplace-kernel : Calculating Laplace distribution (location: -0.1890905797481537, scale 1.4811345338821411)
2024-03-07 01:08:41,733 | INFO | hilo.laplace-kernel : BOTTOM-RIGHT:
tensor([[0.0215, 0.0422, 0.0829],
        [0.0422, 0.0829, 0.1628],
        [0.0829, 0.1628, 0.3198]])
2024-03-07 01:08:41,733 | INFO | hilo.kernel-accessor : Fetching kernel: laplace
2024-03-07 01:08:41,733 | INFO | hilo.laplace-kernel : Calculating Laplace distribution (location: -0.26041004061698914, scale 1.4740604162216187)
2024-03-07 01:08:41,733 | INFO | hilo.laplace-kernel : TOP-RIGHT:
tensor([[0.0827, 0.1629, 0.3210],
        [0.0419, 0.0827, 0.1629],
        [0.0213, 0.0419, 0.0827]])
2024-03-07 01:08:41,733 | INFO | hilo.kernel-accessor : Fetching kernel: laplace
2024-03-07 01:08:41,734 | INFO | hilo.laplace-kernel : Calculating Laplace distribution (location: -0.04484902322292328, scale 1.0830384492874146)
2024-03-07 01:08:41,734 | INFO | hilo.laplace-kernel : TOP-RIGHT:
tensor([[0.0652, 0.1643, 0.4136],
        [0.0259, 0.0652, 0.1643],
        [0.0103, 0.0259, 0.0652]])
2024-03-07 01:08:41,734 | INFO | hilo.kernel-accessor : Fetching kernel: laplace
2024-03-07 01:08:41,734 | INFO | hilo.laplace-kernel : Calculating Laplace distribution (location: -0.19924376904964447, scale 1.3712050914764404)
2024-03-07 01:08:41,734 | INFO | hilo.laplace-kernel : BOTTOM-RIGHT:
tensor([[0.0184, 0.0381, 0.0791],
        [0.0381, 0.0791, 0.1640],
        [0.0791, 0.1640, 0.3401]])
2024-03-07 01:08:41,734 | INFO | hilo.kernel-accessor : Fetching kernel: laplace
2024-03-07 01:08:41,735 | INFO | hilo.laplace-kernel : Calculating Laplace distribution (location: -0.140105202794075, scale 1.1844964027404785)
2024-03-07 01:08:41,735 | INFO | hilo.laplace-kernel : BOTTOM-RIGHT:
tensor([[0.0131, 0.0305, 0.0709],
        [0.0305, 0.0709, 0.1649],
        [0.0709, 0.1649, 0.3836]])
2024-03-07 01:08:41,735 | INFO | hilo.kernel-accessor : Fetching kernel: laplace
2024-03-07 01:08:41,735 | INFO | hilo.laplace-kernel : Calculating Laplace distribution (location: -0.21662932634353638, scale 1.2401443719863892)
2024-03-07 01:08:41,735 | INFO | hilo.laplace-kernel : BOTTOM-RIGHT:
tensor([[0.0147, 0.0329, 0.0736],
        [0.0329, 0.0736, 0.1648],
        [0.0736, 0.1648, 0.3692]])
2024-03-07 01:08:41,736 | INFO | hilo.kernel-accessor : Fetching kernel: laplace
2024-03-07 01:08:41,736 | INFO | hilo.laplace-kernel : Calculating Laplace distribution (location: -0.15898868441581726, scale 1.0071465969085693)
2024-03-07 01:08:41,736 | INFO | hilo.laplace-kernel : TOP-RIGHT:
tensor([[0.0604, 0.1630, 0.4399],
        [0.0224, 0.0604, 0.1630],
        [0.0083, 0.0224, 0.0604]])
2024-03-07 01:08:41,736 | INFO | hilo.kernel-accessor : Fetching kernel: laplace
2024-03-07 01:08:41,736 | INFO | hilo.laplace-kernel : Calculating Laplace distribution (location: -0.24003508687019348, scale 1.2410295009613037)
2024-03-07 01:08:41,737 | INFO | hilo.laplace-kernel : BOTTOM-RIGHT:
tensor([[0.0147, 0.0329, 0.0736],
        [0.0329, 0.0736, 0.1648],
        [0.0736, 0.1648, 0.3690]])
2024-03-07 01:08:41,737 | INFO | hilo.kernel-accessor : Fetching kernel: laplace
2024-03-07 01:08:41,737 | INFO | hilo.laplace-kernel : Calculating Laplace distribution (location: -0.10120980441570282, scale 1.255143642425537)
2024-03-07 01:08:41,737 | INFO | hilo.laplace-kernel : BOTTOM-RIGHT:
tensor([[0.0151, 0.0335, 0.0743],
        [0.0335, 0.0743, 0.1648],
        [0.0743, 0.1648, 0.3655]])
2024-03-07 01:08:41,737 | INFO | hilo.kernel-accessor : Fetching kernel: laplace
2024-03-07 01:08:41,737 | INFO | hilo.laplace-kernel : Calculating Laplace distribution (location: -0.04441951960325241, scale 1.348824381828308)
2024-03-07 01:08:41,738 | INFO | hilo.laplace-kernel : BOTTOM-RIGHT:
tensor([[0.0178, 0.0373, 0.0782],
        [0.0373, 0.0782, 0.1642],
        [0.0782, 0.1642, 0.3446]])
2024-03-07 01:08:41,738 | INFO | hilo.kernel-accessor : Fetching kernel: laplace
2024-03-07 01:08:41,738 | INFO | hilo.laplace-kernel : Calculating Laplace distribution (location: -0.07725699990987778, scale 1.04766047000885)
2024-03-07 01:08:41,738 | INFO | hilo.laplace-kernel : TOP-RIGHT:
tensor([[0.0631, 0.1638, 0.4254],
        [0.0243, 0.0631, 0.1638],
        [0.0093, 0.0243, 0.0631]])
2024-03-07 01:08:41,738 | INFO | hilo.kernel-accessor : Fetching kernel: laplace
2024-03-07 01:08:41,738 | INFO | hilo.laplace-kernel : Calculating Laplace distribution (location: -0.08177066594362259, scale 1.1058900356292725)
2024-03-07 01:08:41,739 | INFO | hilo.laplace-kernel : TOP-RIGHT:
tensor([[0.0666, 0.1645, 0.4063],
        [0.0270, 0.0666, 0.1645],
        [0.0109, 0.0270, 0.0666]])
2024-03-07 01:08:41,739 | INFO | hilo.kernel-accessor : Fetching kernel: laplace
2024-03-07 01:08:41,739 | INFO | hilo.laplace-kernel : Calculating Laplace distribution (location: -0.1874772608280182, scale 1.1979506015777588)
2024-03-07 01:08:41,739 | INFO | hilo.laplace-kernel : TOP-RIGHT:
tensor([[0.0716, 0.1649, 0.3800],
        [0.0311, 0.0716, 0.1649],
        [0.0135, 0.0311, 0.0716]])
2024-03-07 01:08:41,739 | INFO | hilo.kernel-accessor : Fetching kernel: laplace
2024-03-07 01:08:41,739 | INFO | hilo.laplace-kernel : Calculating Laplace distribution (location: -0.18978886306285858, scale 1.3035565614700317)
2024-03-07 01:08:41,740 | INFO | hilo.laplace-kernel : BOTTOM-RIGHT:
tensor([[0.0165, 0.0355, 0.0764],
        [0.0355, 0.0764, 0.1645],
        [0.0764, 0.1645, 0.3543]])
2024-03-07 01:10:02,304 | INFO | hilo : Epoch   2/200 | Accuracy:  45.3125 | Loss:   1.5710
2024-03-07 01:10:02,304 | INFO | hilo.kernel-accessor : Fetching kernel: laplace
2024-03-07 01:10:02,305 | INFO | hilo.laplace-kernel : Calculating Laplace distribution (location: -0.02698388509452343, scale 0.6727978587150574)
2024-03-07 01:10:02,305 | INFO | hilo.laplace-kernel : TOP-RIGHT:
tensor([[0.0314, 0.1386, 0.6129],
        [0.0071, 0.0314, 0.1386],
        [0.0016, 0.0071, 0.0314]])
2024-03-07 01:10:02,305 | INFO | hilo.kernel-accessor : Fetching kernel: laplace
2024-03-07 01:10:02,306 | INFO | hilo.laplace-kernel : Calculating Laplace distribution (location: -0.5306601524353027, scale 1.630071759223938)
2024-03-07 01:10:02,306 | INFO | hilo.laplace-kernel : TOP-RIGHT:
tensor([[0.0871, 0.1609, 0.2971],
        [0.0472, 0.0871, 0.1609],
        [0.0255, 0.0472, 0.0871]])
2024-03-07 01:10:02,306 | INFO | hilo.kernel-accessor : Fetching kernel: laplace
2024-03-07 01:10:02,307 | INFO | hilo.laplace-kernel : Calculating Laplace distribution (location: -0.3796813488006592, scale 1.125893473625183)
2024-03-07 01:10:02,307 | INFO | hilo.laplace-kernel : TOP-RIGHT:
tensor([[0.0677, 0.1647, 0.4002],
        [0.0279, 0.0677, 0.1647],
        [0.0115, 0.0279, 0.0677]])
2024-03-07 01:10:02,307 | INFO | hilo.kernel-accessor : Fetching kernel: laplace
2024-03-07 01:10:02,307 | INFO | hilo.laplace-kernel : Calculating Laplace distribution (location: -0.2506031394004822, scale 1.0335408449172974)
2024-03-07 01:10:02,308 | INFO | hilo.laplace-kernel : TOP-RIGHT:
tensor([[0.0621, 0.1635, 0.4303],
        [0.0236, 0.0621, 0.1635],
        [0.0090, 0.0236, 0.0621]])
2024-03-07 01:10:02,308 | INFO | hilo.kernel-accessor : Fetching kernel: laplace
2024-03-07 01:10:02,308 | INFO | hilo.laplace-kernel : Calculating Laplace distribution (location: -0.22617612779140472, scale 1.0457782745361328)
2024-03-07 01:10:02,309 | INFO | hilo.laplace-kernel : BOTTOM-RIGHT:
tensor([[0.0093, 0.0242, 0.0629],
        [0.0242, 0.0629, 0.1637],
        [0.0629, 0.1637, 0.4260]])
2024-03-07 01:10:02,309 | INFO | hilo.kernel-accessor : Fetching kernel: laplace
2024-03-07 01:10:02,309 | INFO | hilo.laplace-kernel : Calculating Laplace distribution (location: -0.09625809639692307, scale 0.8134349584579468)
2024-03-07 01:10:02,309 | INFO | hilo.laplace-kernel : BOTTOM-RIGHT:
tensor([[0.0039, 0.0132, 0.0450],
        [0.0132, 0.0450, 0.1540],
        [0.0450, 0.1540, 0.5266]])
2024-03-07 01:10:02,310 | INFO | hilo.kernel-accessor : Fetching kernel: laplace
2024-03-07 01:10:02,310 | INFO | hilo.laplace-kernel : Calculating Laplace distribution (location: -0.19353222846984863, scale 1.0520368814468384)
2024-03-07 01:10:02,310 | INFO | hilo.laplace-kernel : BOTTOM-RIGHT:
tensor([[0.0095, 0.0245, 0.0633],
        [0.0245, 0.0633, 0.1638],
        [0.0633, 0.1638, 0.4239]])
2024-03-07 01:10:02,310 | INFO | hilo.kernel-accessor : Fetching kernel: laplace
2024-03-07 01:10:02,311 | INFO | hilo.laplace-kernel : Calculating Laplace distribution (location: -0.1768644005060196, scale 0.916267991065979)
2024-03-07 01:10:02,311 | INFO | hilo.laplace-kernel : TOP-RIGHT:
tensor([[0.0537, 0.1600, 0.4766],
        [0.0180, 0.0537, 0.1600],
        [0.0061, 0.0180, 0.0537]])
2024-03-07 01:10:02,311 | INFO | hilo.kernel-accessor : Fetching kernel: laplace
2024-03-07 01:10:02,311 | INFO | hilo.laplace-kernel : Calculating Laplace distribution (location: -0.1582697629928589, scale 0.9090852737426758)
2024-03-07 01:10:02,312 | INFO | hilo.laplace-kernel : BOTTOM-RIGHT:
tensor([[0.0059, 0.0177, 0.0532],
        [0.0177, 0.0532, 0.1597],
        [0.0532, 0.1597, 0.4798]])
2024-03-07 01:10:02,312 | INFO | hilo.kernel-accessor : Fetching kernel: laplace
2024-03-07 01:10:02,312 | INFO | hilo.laplace-kernel : Calculating Laplace distribution (location: -0.18134650588035583, scale 0.7703378796577454)
2024-03-07 01:10:02,313 | INFO | hilo.laplace-kernel : TOP-RIGHT:
tensor([[0.0411, 0.1504, 0.5507],
        [0.0112, 0.0411, 0.1504],
        [0.0031, 0.0112, 0.0411]])
2024-03-07 01:10:02,313 | INFO | hilo.kernel-accessor : Fetching kernel: laplace
2024-03-07 01:10:02,313 | INFO | hilo.laplace-kernel : Calculating Laplace distribution (location: -0.2923806309700012, scale 0.9504009485244751)
2024-03-07 01:10:02,313 | INFO | hilo.laplace-kernel : TOP-RIGHT:
tensor([[0.0563, 0.1613, 0.4621],
        [0.0197, 0.0563, 0.1613],
        [0.0069, 0.0197, 0.0563]])
2024-03-07 01:10:02,314 | INFO | hilo.kernel-accessor : Fetching kernel: laplace
2024-03-07 01:10:02,314 | INFO | hilo.laplace-kernel : Calculating Laplace distribution (location: -0.07564948499202728, scale 0.8863274455070496)
2024-03-07 01:10:02,314 | INFO | hilo.laplace-kernel : TOP-RIGHT:
tensor([[0.0513, 0.1586, 0.4902],
        [0.0166, 0.0513, 0.1586],
        [0.0054, 0.0166, 0.0513]])
2024-03-07 01:10:02,314 | INFO | hilo.kernel-accessor : Fetching kernel: laplace
2024-03-07 01:10:02,315 | INFO | hilo.laplace-kernel : Calculating Laplace distribution (location: -0.022614967077970505, scale 1.04176926612854)
2024-03-07 01:10:02,315 | INFO | hilo.laplace-kernel : TOP-RIGHT:
tensor([[0.0627, 0.1637, 0.4274],
        [0.0240, 0.0627, 0.1637],
        [0.0092, 0.0240, 0.0627]])
2024-03-07 01:10:02,315 | INFO | hilo.kernel-accessor : Fetching kernel: laplace
2024-03-07 01:10:02,315 | INFO | hilo.laplace-kernel : Calculating Laplace distribution (location: -0.043025560677051544, scale 0.8609125018119812)
2024-03-07 01:10:02,316 | INFO | hilo.laplace-kernel : BOTTOM-RIGHT:
tensor([[0.0048, 0.0154, 0.0492],
        [0.0154, 0.0492, 0.1572],
        [0.0492, 0.1572, 0.5023]])
2024-03-07 01:10:02,316 | INFO | hilo.kernel-accessor : Fetching kernel: laplace
2024-03-07 01:10:02,316 | INFO | hilo.laplace-kernel : Calculating Laplace distribution (location: -0.04055725410580635, scale 0.8950801491737366)
2024-03-07 01:10:02,317 | INFO | hilo.laplace-kernel : TOP-RIGHT:
tensor([[0.0520, 0.1591, 0.4861],
        [0.0170, 0.0520, 0.1591],
        [0.0056, 0.0170, 0.0520]])
2024-03-07 01:10:02,317 | INFO | hilo.kernel-accessor : Fetching kernel: laplace
2024-03-07 01:10:02,317 | INFO | hilo.laplace-kernel : Calculating Laplace distribution (location: -0.12666690349578857, scale 0.9279147386550903)
2024-03-07 01:10:02,318 | INFO | hilo.laplace-kernel : BOTTOM-RIGHT:
tensor([[0.0063, 0.0186, 0.0546],
        [0.0186, 0.0546, 0.1605],
        [0.0546, 0.1605, 0.4716]])
2024-03-07 01:10:02,318 | INFO | hilo.kernel-accessor : Fetching kernel: laplace
2024-03-07 01:10:02,318 | INFO | hilo.laplace-kernel : Calculating Laplace distribution (location: -0.0941183790564537, scale 0.9325639605522156)
2024-03-07 01:10:02,318 | INFO | hilo.laplace-kernel : TOP-RIGHT:
tensor([[0.0550, 0.1607, 0.4696],
        [0.0188, 0.0550, 0.1607],
        [0.0064, 0.0188, 0.0550]])
2024-03-07 01:11:22,958 | INFO | hilo : Epoch   3/200 | Accuracy:  43.7500 | Loss:   1.5107
2024-03-07 01:11:22,959 | INFO | hilo.kernel-accessor : Fetching kernel: laplace
2024-03-07 01:11:22,959 | INFO | hilo.laplace-kernel : Calculating Laplace distribution (location: -0.05257537215948105, scale 0.7494404911994934)
2024-03-07 01:11:22,960 | INFO | hilo.laplace-kernel : TOP-RIGHT:
tensor([[0.0390, 0.1483, 0.5631],
        [0.0103, 0.0390, 0.1483],
        [0.0027, 0.0103, 0.0390]])
2024-03-07 01:11:22,960 | INFO | hilo.kernel-accessor : Fetching kernel: laplace
2024-03-07 01:11:22,960 | INFO | hilo.laplace-kernel : Calculating Laplace distribution (location: -0.680422306060791, scale 1.6359142065048218)
2024-03-07 01:11:22,961 | INFO | hilo.laplace-kernel : TOP-RIGHT:
tensor([[0.0873, 0.1608, 0.2963],
        [0.0473, 0.0873, 0.1608],
        [0.0257, 0.0473, 0.0873]])
2024-03-07 01:11:22,961 | INFO | hilo.kernel-accessor : Fetching kernel: laplace
2024-03-07 01:11:22,961 | INFO | hilo.laplace-kernel : Calculating Laplace distribution (location: -0.4641766846179962, scale 1.0655817985534668)
2024-03-07 01:11:22,962 | INFO | hilo.laplace-kernel : BOTTOM-RIGHT:
tensor([[0.0098, 0.0251, 0.0642],
        [0.0251, 0.0642, 0.1640],
        [0.0642, 0.1640, 0.4193]])
2024-03-07 01:11:22,962 | INFO | hilo.kernel-accessor : Fetching kernel: laplace
2024-03-07 01:11:22,962 | INFO | hilo.laplace-kernel : Calculating Laplace distribution (location: -0.22567370533943176, scale 0.9318624138832092)
2024-03-07 01:11:22,963 | INFO | hilo.laplace-kernel : TOP-RIGHT:
tensor([[0.0549, 0.1607, 0.4699],
        [0.0188, 0.0549, 0.1607],
        [0.0064, 0.0188, 0.0549]])
2024-03-07 01:11:22,963 | INFO | hilo.kernel-accessor : Fetching kernel: laplace
2024-03-07 01:11:22,963 | INFO | hilo.laplace-kernel : Calculating Laplace distribution (location: -0.19616129994392395, scale 0.941243052482605)
2024-03-07 01:11:22,964 | INFO | hilo.laplace-kernel : BOTTOM-RIGHT:
tensor([[0.0066, 0.0192, 0.0557],
        [0.0192, 0.0557, 0.1610],
        [0.0557, 0.1610, 0.4659]])
2024-03-07 01:11:22,964 | INFO | hilo.kernel-accessor : Fetching kernel: laplace
2024-03-07 01:11:22,964 | INFO | hilo.laplace-kernel : Calculating Laplace distribution (location: -0.03901553153991699, scale 0.7658600211143494)
2024-03-07 01:11:22,965 | INFO | hilo.laplace-kernel : BOTTOM-RIGHT:
tensor([[0.0030, 0.0110, 0.0406],
        [0.0110, 0.0406, 0.1499],
        [0.0406, 0.1499, 0.5533]])
2024-03-07 01:11:22,965 | INFO | hilo.kernel-accessor : Fetching kernel: laplace
2024-03-07 01:11:22,965 | INFO | hilo.laplace-kernel : Calculating Laplace distribution (location: -0.11551006138324738, scale 0.9639543890953064)
2024-03-07 01:11:22,966 | INFO | hilo.laplace-kernel : BOTTOM-RIGHT:
tensor([[0.0072, 0.0203, 0.0573],
        [0.0203, 0.0573, 0.1618],
        [0.0573, 0.1618, 0.4566]])
2024-03-07 01:11:22,966 | INFO | hilo.kernel-accessor : Fetching kernel: laplace
2024-03-07 01:11:22,966 | INFO | hilo.laplace-kernel : Calculating Laplace distribution (location: -0.14929044246673584, scale 0.8385204672813416)
2024-03-07 01:11:22,967 | INFO | hilo.laplace-kernel : TOP-RIGHT:
tensor([[0.0473, 0.1558, 0.5135],
        [0.0143, 0.0473, 0.1558],
        [0.0044, 0.0143, 0.0473]])
2024-03-07 01:11:22,967 | INFO | hilo.kernel-accessor : Fetching kernel: laplace
2024-03-07 01:11:22,967 | INFO | hilo.laplace-kernel : Calculating Laplace distribution (location: -0.12128896266222, scale 0.8164238333702087)
2024-03-07 01:11:22,968 | INFO | hilo.laplace-kernel : TOP-RIGHT:
tensor([[0.0453, 0.1542, 0.5250],
        [0.0133, 0.0453, 0.1542],
        [0.0039, 0.0133, 0.0453]])
2024-03-07 01:11:22,968 | INFO | hilo.kernel-accessor : Fetching kernel: laplace
2024-03-07 01:11:22,968 | INFO | hilo.laplace-kernel : Calculating Laplace distribution (location: -0.11715863645076752, scale 0.6863245368003845)
2024-03-07 01:11:22,969 | INFO | hilo.laplace-kernel : TOP-RIGHT:
tensor([[0.0327, 0.1406, 0.6036],
        [0.0076, 0.0327, 0.1406],
        [0.0018, 0.0076, 0.0327]])
2024-03-07 01:11:22,969 | INFO | hilo.kernel-accessor : Fetching kernel: laplace
2024-03-07 01:11:22,969 | INFO | hilo.laplace-kernel : Calculating Laplace distribution (location: -0.258550226688385, scale 0.7829855680465698)
2024-03-07 01:11:22,970 | INFO | hilo.laplace-kernel : BOTTOM-RIGHT:
tensor([[0.0033, 0.0118, 0.0422],
        [0.0118, 0.0422, 0.1515],
        [0.0422, 0.1515, 0.5434]])
2024-03-07 01:11:22,970 | INFO | hilo.kernel-accessor : Fetching kernel: laplace
2024-03-07 01:11:22,970 | INFO | hilo.laplace-kernel : Calculating Laplace distribution (location: -0.11452032625675201, scale 0.6177961826324463)
2024-03-07 01:11:22,971 | INFO | hilo.laplace-kernel : TOP-RIGHT:
tensor([[0.0256, 0.1294, 0.6531],
        [0.0051, 0.0256, 0.1294],
        [0.0010, 0.0051, 0.0256]])
2024-03-07 01:11:22,971 | INFO | hilo.kernel-accessor : Fetching kernel: laplace
2024-03-07 01:11:22,971 | INFO | hilo.laplace-kernel : Calculating Laplace distribution (location: 0.00983843207359314, scale 0.6547759175300598)
2024-03-07 01:11:22,972 | INFO | hilo.laplace-kernel : BOTTOM-RIGHT:
tensor([[0.0014, 0.0065, 0.0301],
        [0.0065, 0.0301, 0.1384],
        [0.0301, 0.1384, 0.6186]])
2024-03-07 01:11:22,972 | INFO | hilo.kernel-accessor : Fetching kernel: laplace
2024-03-07 01:11:22,973 | INFO | hilo.laplace-kernel : Calculating Laplace distribution (location: -0.013337193056941032, scale 0.600025475025177)
2024-03-07 01:11:22,973 | INFO | hilo.laplace-kernel : BOTTOM-RIGHT:
tensor([[0.0008, 0.0045, 0.0238],
        [0.0045, 0.0238, 0.1260],
        [0.0238, 0.1260, 0.6669]])
2024-03-07 01:11:22,973 | INFO | hilo.kernel-accessor : Fetching kernel: laplace
2024-03-07 01:11:22,974 | INFO | hilo.laplace-kernel : Calculating Laplace distribution (location: 0.05104611814022064, scale 0.6606743931770325)
2024-03-07 01:11:22,974 | INFO | hilo.laplace-kernel : BOTTOM-RIGHT:
tensor([[0.0016, 0.0073, 0.0330],
        [0.0073, 0.0330, 0.1501],
        [0.0330, 0.1501, 0.5844]])
2024-03-07 01:11:22,974 | INFO | hilo.kernel-accessor : Fetching kernel: laplace
2024-03-07 01:11:22,975 | INFO | hilo.laplace-kernel : Calculating Laplace distribution (location: -0.008074583485722542, scale 0.7140967845916748)
2024-03-07 01:11:22,975 | INFO | hilo.laplace-kernel : TOP-RIGHT:
tensor([[0.0356, 0.1442, 0.5852],
        [0.0088, 0.0356, 0.1442],
        [0.0022, 0.0088, 0.0356]])
2024-03-07 01:11:22,975 | INFO | hilo.kernel-accessor : Fetching kernel: laplace
2024-03-07 01:11:22,976 | INFO | hilo.laplace-kernel : Calculating Laplace distribution (location: -0.11154569685459137, scale 0.8283966779708862)
2024-03-07 01:11:22,976 | INFO | hilo.laplace-kernel : TOP-RIGHT:
tensor([[0.0464, 0.1551, 0.5187],
        [0.0139, 0.0464, 0.1551],
        [0.0041, 0.0139, 0.0464]])
2024-03-07 01:12:43,618 | INFO | hilo : Epoch   4/200 | Accuracy:  50.0000 | Loss:   1.5386
2024-03-07 01:12:43,618 | INFO | hilo.kernel-accessor : Fetching kernel: laplace
2024-03-07 01:12:43,619 | INFO | hilo.laplace-kernel : Calculating Laplace distribution (location: -0.026714690029621124, scale 0.7483289837837219)
2024-03-07 01:12:43,619 | INFO | hilo.laplace-kernel : TOP-RIGHT:
tensor([[0.0389, 0.1482, 0.5637],
        [0.0102, 0.0389, 0.1482],
        [0.0027, 0.0102, 0.0389]])
2024-03-07 01:12:43,619 | INFO | hilo.kernel-accessor : Fetching kernel: laplace
2024-03-07 01:12:43,619 | INFO | hilo.laplace-kernel : Calculating Laplace distribution (location: -0.7923408150672913, scale 1.801187515258789)
2024-03-07 01:12:43,620 | INFO | hilo.laplace-kernel : BOTTOM-RIGHT:
tensor([[0.0300, 0.0522, 0.0909],
        [0.0522, 0.0909, 0.1584],
        [0.0909, 0.1584, 0.2760]])
2024-03-07 01:12:43,620 | INFO | hilo.kernel-accessor : Fetching kernel: laplace
2024-03-07 01:12:43,620 | INFO | hilo.laplace-kernel : Calculating Laplace distribution (location: -0.4720667004585266, scale 1.193649172782898)
2024-03-07 01:12:43,620 | INFO | hilo.laplace-kernel : TOP-RIGHT:
tensor([[0.0713, 0.1649, 0.3811],
        [0.0309, 0.0713, 0.1649],
        [0.0134, 0.0309, 0.0713]])
2024-03-07 01:12:43,620 | INFO | hilo.kernel-accessor : Fetching kernel: laplace
2024-03-07 01:12:43,621 | INFO | hilo.laplace-kernel : Calculating Laplace distribution (location: -0.2802804708480835, scale 0.9337037205696106)
2024-03-07 01:12:43,621 | INFO | hilo.laplace-kernel : BOTTOM-RIGHT:
tensor([[0.0065, 0.0189, 0.0551],
        [0.0189, 0.0551, 0.1607],
        [0.0551, 0.1607, 0.4691]])
2024-03-07 01:12:43,621 | INFO | hilo.kernel-accessor : Fetching kernel: laplace
2024-03-07 01:12:43,621 | INFO | hilo.laplace-kernel : Calculating Laplace distribution (location: -0.21890661120414734, scale 0.7901449203491211)
2024-03-07 01:12:43,621 | INFO | hilo.laplace-kernel : TOP-RIGHT:
tensor([[0.0429, 0.1521, 0.5394],
        [0.0121, 0.0429, 0.1521],
        [0.0034, 0.0121, 0.0429]])
2024-03-07 01:12:43,621 | INFO | hilo.kernel-accessor : Fetching kernel: laplace
2024-03-07 01:12:43,622 | INFO | hilo.laplace-kernel : Calculating Laplace distribution (location: -0.008040985092520714, scale 0.6063346862792969)
2024-03-07 01:12:43,622 | INFO | hilo.laplace-kernel : BOTTOM-RIGHT:
tensor([[0.0009, 0.0047, 0.0245],
        [0.0047, 0.0245, 0.1272],
        [0.0245, 0.1272, 0.6619]])
2024-03-07 01:12:43,622 | INFO | hilo.kernel-accessor : Fetching kernel: laplace
2024-03-07 01:12:43,622 | INFO | hilo.laplace-kernel : Calculating Laplace distribution (location: -0.12022629380226135, scale 0.7347873449325562)
2024-03-07 01:12:43,622 | INFO | hilo.laplace-kernel : TOP-RIGHT:
tensor([[0.0376, 0.1467, 0.5720],
        [0.0096, 0.0376, 0.1467],
        [0.0025, 0.0096, 0.0376]])
2024-03-07 01:12:43,622 | INFO | hilo.kernel-accessor : Fetching kernel: laplace
2024-03-07 01:12:43,623 | INFO | hilo.laplace-kernel : Calculating Laplace distribution (location: -0.13340018689632416, scale 0.6137841939926147)
2024-03-07 01:12:43,623 | INFO | hilo.laplace-kernel : TOP-RIGHT:
tensor([[0.0252, 0.1287, 0.6561],
        [0.0049, 0.0252, 0.1287],
        [0.0010, 0.0049, 0.0252]])
2024-03-07 01:12:43,623 | INFO | hilo.kernel-accessor : Fetching kernel: laplace
2024-03-07 01:12:43,623 | INFO | hilo.laplace-kernel : Calculating Laplace distribution (location: -0.07368271052837372, scale 0.5680741667747498)
2024-03-07 01:12:43,623 | INFO | hilo.laplace-kernel : BOTTOM-RIGHT:
tensor([[6.0603e-04, 3.5237e-03, 2.0488e-02],
        [3.5237e-03, 2.0488e-02, 1.1912e-01],
        [2.0488e-02, 1.1912e-01, 6.9263e-01]])
2024-03-07 01:12:43,623 | INFO | hilo.kernel-accessor : Fetching kernel: laplace
2024-03-07 01:12:43,624 | INFO | hilo.laplace-kernel : Calculating Laplace distribution (location: -0.06107165291905403, scale 0.49893879890441895)
2024-03-07 01:12:43,624 | INFO | hilo.laplace-kernel : TOP-RIGHT:
tensor([[1.3662e-02, 1.0138e-01, 7.5232e-01],
        [1.8412e-03, 1.3662e-02, 1.0138e-01],
        [2.4812e-04, 1.8412e-03, 1.3662e-02]])
2024-03-07 01:12:43,624 | INFO | hilo.kernel-accessor : Fetching kernel: laplace
2024-03-07 01:12:43,624 | INFO | hilo.laplace-kernel : Calculating Laplace distribution (location: -0.17282627522945404, scale 0.5101310014724731)
2024-03-07 01:12:43,624 | INFO | hilo.laplace-kernel : BOTTOM-RIGHT:
tensor([[2.9191e-04, 2.0729e-03, 1.4720e-02],
        [2.0729e-03, 1.4720e-02, 1.0453e-01],
        [1.4720e-02, 1.0453e-01, 7.4233e-01]])
2024-03-07 01:12:43,625 | INFO | hilo.kernel-accessor : Fetching kernel: laplace
2024-03-07 01:12:43,625 | INFO | hilo.laplace-kernel : Calculating Laplace distribution (location: -0.1068311482667923, scale 0.4546014964580536)
2024-03-07 01:12:43,625 | INFO | hilo.laplace-kernel : BOTTOM-RIGHT:
tensor([[1.1963e-04, 1.0793e-03, 9.7384e-03],
        [1.0793e-03, 9.7384e-03, 8.7866e-02],
        [9.7384e-03, 8.7866e-02, 7.9277e-01]])
2024-03-07 01:12:43,625 | INFO | hilo.kernel-accessor : Fetching kernel: laplace
2024-03-07 01:12:43,625 | INFO | hilo.laplace-kernel : Calculating Laplace distribution (location: 0.03920891880989075, scale 0.45315781235694885)
2024-03-07 01:12:43,625 | INFO | hilo.laplace-kernel : BOTTOM-RIGHT:
tensor([[1.3334e-04, 1.2115e-03, 1.1008e-02],
        [1.2115e-03, 1.1008e-02, 1.0002e-01],
        [1.1008e-02, 1.0002e-01, 7.6438e-01]])
2024-03-07 01:12:43,626 | INFO | hilo.kernel-accessor : Fetching kernel: laplace
2024-03-07 01:12:43,626 | INFO | hilo.laplace-kernel : Calculating Laplace distribution (location: 0.03360062837600708, scale 0.4154902696609497)
2024-03-07 01:12:43,626 | INFO | hilo.laplace-kernel : TOP-RIGHT:
tensor([[7.6826e-03, 8.5264e-02, 8.0498e-01],
        [6.9223e-04, 7.6826e-03, 8.5264e-02],
        [6.2373e-05, 6.9223e-04, 7.6826e-03]])
2024-03-07 01:12:43,626 | INFO | hilo.kernel-accessor : Fetching kernel: laplace
2024-03-07 01:12:43,626 | INFO | hilo.laplace-kernel : Calculating Laplace distribution (location: 0.08842740207910538, scale 0.43364277482032776)
2024-03-07 01:12:43,627 | INFO | hilo.laplace-kernel : BOTTOM-RIGHT:
tensor([[1.1004e-04, 1.1042e-03, 1.1080e-02],
        [1.1042e-03, 1.1080e-02, 1.1119e-01],
        [1.1080e-02, 1.1119e-01, 7.4206e-01]])
2024-03-07 01:12:43,627 | INFO | hilo.kernel-accessor : Fetching kernel: laplace
2024-03-07 01:12:43,627 | INFO | hilo.laplace-kernel : Calculating Laplace distribution (location: -0.02731616050004959, scale 0.44141045212745667)
2024-03-07 01:12:43,627 | INFO | hilo.laplace-kernel : TOP-RIGHT:
tensor([[8.6704e-03, 8.3545e-02, 8.0501e-01],
        [8.9983e-04, 8.6704e-03, 8.3545e-02],
        [9.3386e-05, 8.9983e-04, 8.6704e-03]])
2024-03-07 01:12:43,627 | INFO | hilo.kernel-accessor : Fetching kernel: laplace
2024-03-07 01:12:43,627 | INFO | hilo.laplace-kernel : Calculating Laplace distribution (location: 0.06319170445203781, scale 0.4776095449924469)
2024-03-07 01:12:43,628 | INFO | hilo.laplace-kernel : BOTTOM-RIGHT:
tensor([[2.1679e-04, 1.7593e-03, 1.4278e-02],
        [1.7593e-03, 1.4278e-02, 1.1587e-01],
        [1.4278e-02, 1.1587e-01, 7.2169e-01]])
2024-03-07 01:14:04,203 | INFO | hilo : Epoch   5/200 | Accuracy:  50.2232 | Loss:   1.4356
2024-03-07 01:14:04,204 | INFO | hilo.kernel-accessor : Fetching kernel: laplace
2024-03-07 01:14:04,204 | INFO | hilo.laplace-kernel : Calculating Laplace distribution (location: 0.001545090228319168, scale 0.7212947010993958)
2024-03-07 01:14:04,205 | INFO | hilo.laplace-kernel : BOTTOM-RIGHT:
tensor([[0.0023, 0.0091, 0.0364],
        [0.0091, 0.0364, 0.1455],
        [0.0364, 0.1455, 0.5795]])
2024-03-07 01:14:04,205 | INFO | hilo.kernel-accessor : Fetching kernel: laplace
2024-03-07 01:14:04,205 | INFO | hilo.laplace-kernel : Calculating Laplace distribution (location: -0.8420984745025635, scale 1.971182942390442)
2024-03-07 01:14:04,206 | INFO | hilo.laplace-kernel : BOTTOM-RIGHT:
tensor([[0.0341, 0.0566, 0.0939],
        [0.0566, 0.0939, 0.1560],
        [0.0939, 0.1560, 0.2591]])
2024-03-07 01:14:04,206 | INFO | hilo.kernel-accessor : Fetching kernel: laplace
2024-03-07 01:14:04,206 | INFO | hilo.laplace-kernel : Calculating Laplace distribution (location: -0.6289056539535522, scale 1.3140112161636353)
2024-03-07 01:14:04,206 | INFO | hilo.laplace-kernel : TOP-RIGHT:
tensor([[0.0768, 0.1645, 0.3520],
        [0.0359, 0.0768, 0.1645],
        [0.0168, 0.0359, 0.0768]])
2024-03-07 01:14:04,207 | INFO | hilo.kernel-accessor : Fetching kernel: laplace
2024-03-07 01:14:04,207 | INFO | hilo.laplace-kernel : Calculating Laplace distribution (location: -0.2540436089038849, scale 0.934152364730835)
2024-03-07 01:14:04,207 | INFO | hilo.laplace-kernel : TOP-RIGHT:
tensor([[0.0551, 0.1608, 0.4689],
        [0.0189, 0.0551, 0.1608],
        [0.0065, 0.0189, 0.0551]])
2024-03-07 01:14:04,207 | INFO | hilo.kernel-accessor : Fetching kernel: laplace
2024-03-07 01:14:04,208 | INFO | hilo.laplace-kernel : Calculating Laplace distribution (location: -0.15814456343650818, scale 0.8522905707359314)
2024-03-07 01:14:04,208 | INFO | hilo.laplace-kernel : TOP-RIGHT:
tensor([[0.0485, 0.1567, 0.5066],
        [0.0150, 0.0485, 0.1567],
        [0.0046, 0.0150, 0.0485]])
2024-03-07 01:14:04,208 | INFO | hilo.kernel-accessor : Fetching kernel: laplace
2024-03-07 01:14:04,208 | INFO | hilo.laplace-kernel : Calculating Laplace distribution (location: 0.014367283321917057, scale 0.6379671096801758)
2024-03-07 01:14:04,209 | INFO | hilo.laplace-kernel : TOP-RIGHT:
tensor([[0.0286, 0.1369, 0.6274],
        [0.0060, 0.0286, 0.1369],
        [0.0012, 0.0060, 0.0286]])
2024-03-07 01:14:04,209 | INFO | hilo.kernel-accessor : Fetching kernel: laplace
2024-03-07 01:14:04,209 | INFO | hilo.laplace-kernel : Calculating Laplace distribution (location: -0.1493150144815445, scale 0.8084142208099365)
2024-03-07 01:14:04,210 | INFO | hilo.laplace-kernel : TOP-RIGHT:
tensor([[0.0446, 0.1536, 0.5293],
        [0.0129, 0.0446, 0.1536],
        [0.0038, 0.0129, 0.0446]])
2024-03-07 01:14:04,210 | INFO | hilo.kernel-accessor : Fetching kernel: laplace
2024-03-07 01:14:04,210 | INFO | hilo.laplace-kernel : Calculating Laplace distribution (location: -0.1455070674419403, scale 0.651939332485199)
2024-03-07 01:14:04,210 | INFO | hilo.laplace-kernel : BOTTOM-RIGHT:
tensor([[0.0014, 0.0063, 0.0292],
        [0.0063, 0.0292, 0.1354],
        [0.0292, 0.1354, 0.6277]])
2024-03-07 01:14:04,210 | INFO | hilo.kernel-accessor : Fetching kernel: laplace
2024-03-07 01:14:04,211 | INFO | hilo.laplace-kernel : Calculating Laplace distribution (location: -0.0638633668422699, scale 0.5945959687232971)
2024-03-07 01:14:04,211 | INFO | hilo.laplace-kernel : TOP-RIGHT:
tensor([[0.0232, 0.1249, 0.6712],
        [0.0043, 0.0232, 0.1249],
        [0.0008, 0.0043, 0.0232]])
2024-03-07 01:14:04,211 | INFO | hilo.kernel-accessor : Fetching kernel: laplace
2024-03-07 01:14:04,211 | INFO | hilo.laplace-kernel : Calculating Laplace distribution (location: -0.035828955471515656, scale 0.5313161611557007)
2024-03-07 01:14:04,212 | INFO | hilo.laplace-kernel : TOP-RIGHT:
tensor([[1.6780e-02, 1.1020e-01, 7.2375e-01],
        [2.5551e-03, 1.6780e-02, 1.1020e-01],
        [3.8906e-04, 2.5551e-03, 1.6780e-02]])
