2024-03-07 10:05:29,176 | INFO | hilo : 
+==============================================================+
|                                                              |
| ██████╗  █████╗ ██████╗ ██╗         ██╗      █████╗ ██████╗  |
| ██╔══██╗██╔══██╗██╔══██╗██║         ██║     ██╔══██╗██╔══██╗ |
| ██║  ██║███████║██║  ██║██║         ██║     ███████║██████╔╝ |
| ██║  ██║██╔══██║██║  ██║██║         ██║     ██╔══██║██╔══██╗ |
| ██████╔╝██║  ██║██████╔╝███████╗    ███████╗██║  ██║██████╔╝ |
| ╚═════╝ ╚═╝  ╚═╝╚═════╝ ╚══════╝    ╚══════╝╚═╝  ╚═╝╚═════╝  |
+==============================================================+
|             Hi-Lo Resolution Image Classification            |
|             -------------------------------------            |
|                       Gabriel C. Trahan                      |
|                          Sahan Ahmad                         |
|                       MD  Aminual Islam                      |
+==============================================================+
2024-03-07 10:05:30,755 | INFO | hilo.dataset-accessor : Fetching dataset: cifar10
2024-03-07 10:05:30,755 | INFO | hilo.cifar10-dataset : Initializing transform
2024-03-07 10:05:30,755 | INFO | hilo.cifar10-dataset : Verifying/downloading train data
2024-03-07 10:05:31,363 | INFO | hilo.cifar10-dataset : Verifying/downloading test data
2024-03-07 10:05:31,849 | INFO | hilo.cifar10-dataset : Creating train data loader.
2024-03-07 10:05:31,849 | INFO | hilo.cifar10-dataset : Creating test data loader.
2024-03-07 10:05:31,959 | INFO | hilo : Output directory: output/resnet/cifar10/laplace/6/20240307_100530/
2024-03-07 10:05:32,962 | INFO | hilo : Using device: NVIDIA GeForce GTX 1060 6GB
2024-03-07 10:05:32,963 | INFO | hilo : Exeucting job: MODEL resnet | DATASET cifar10 | KERNEL laplace | TYPE 6
2024-03-07 10:05:32,963 | INFO | hilo : Commencing training phase...
2024-03-07 10:05:32,963 | INFO | hilo.kernel-accessor : Fetching kernel: laplace
2024-03-07 10:05:32,963 | INFO | hilo.laplace-kernel : Calculating Laplace distribution (location: 0.0, scale 1.0)
2024-03-07 10:05:32,964 | INFO | hilo.laplace-kernel : BOTTOM-LEFT:
tensor([[0.0599, 0.0220, 0.0081],
        [0.1628, 0.0599, 0.0220],
        [0.4425, 0.1628, 0.0599]])
2024-03-07 10:05:32,964 | INFO | hilo.kernel-accessor : Fetching kernel: laplace
2024-03-07 10:05:32,964 | INFO | hilo.laplace-kernel : Calculating Laplace distribution (location: 0.0, scale 1.0)
2024-03-07 10:05:32,965 | INFO | hilo.laplace-kernel : BOTTOM-RIGHT:
tensor([[0.0081, 0.0220, 0.0599],
        [0.0220, 0.0599, 0.1628],
        [0.0599, 0.1628, 0.4425]])
2024-03-07 10:05:32,965 | INFO | hilo.kernel-accessor : Fetching kernel: laplace
2024-03-07 10:05:32,965 | INFO | hilo.laplace-kernel : Calculating Laplace distribution (location: 0.0, scale 1.0)
2024-03-07 10:05:32,965 | INFO | hilo.laplace-kernel : BOTTOM-LEFT:
tensor([[0.0599, 0.0220, 0.0081],
        [0.1628, 0.0599, 0.0220],
        [0.4425, 0.1628, 0.0599]])
2024-03-07 10:05:32,965 | INFO | hilo.kernel-accessor : Fetching kernel: laplace
2024-03-07 10:05:32,965 | INFO | hilo.laplace-kernel : Calculating Laplace distribution (location: 0.0, scale 1.0)
2024-03-07 10:05:32,966 | INFO | hilo.laplace-kernel : BOTTOM-RIGHT:
tensor([[0.0081, 0.0220, 0.0599],
        [0.0220, 0.0599, 0.1628],
        [0.0599, 0.1628, 0.4425]])
2024-03-07 10:05:32,966 | INFO | hilo.kernel-accessor : Fetching kernel: laplace
2024-03-07 10:05:32,966 | INFO | hilo.laplace-kernel : Calculating Laplace distribution (location: 0.0, scale 1.0)
2024-03-07 10:05:32,966 | INFO | hilo.laplace-kernel : BOTTOM-LEFT:
tensor([[0.0599, 0.0220, 0.0081],
        [0.1628, 0.0599, 0.0220],
        [0.4425, 0.1628, 0.0599]])
2024-03-07 10:05:32,966 | INFO | hilo.kernel-accessor : Fetching kernel: laplace
2024-03-07 10:05:32,966 | INFO | hilo.laplace-kernel : Calculating Laplace distribution (location: 0.0, scale 1.0)
2024-03-07 10:05:32,967 | INFO | hilo.laplace-kernel : BOTTOM-RIGHT:
tensor([[0.0081, 0.0220, 0.0599],
        [0.0220, 0.0599, 0.1628],
        [0.0599, 0.1628, 0.4425]])
2024-03-07 10:05:32,967 | INFO | hilo.kernel-accessor : Fetching kernel: laplace
2024-03-07 10:05:32,967 | INFO | hilo.laplace-kernel : Calculating Laplace distribution (location: 0.0, scale 1.0)
2024-03-07 10:05:32,967 | INFO | hilo.laplace-kernel : BOTTOM-RIGHT:
tensor([[0.0081, 0.0220, 0.0599],
        [0.0220, 0.0599, 0.1628],
        [0.0599, 0.1628, 0.4425]])
2024-03-07 10:05:32,967 | INFO | hilo.kernel-accessor : Fetching kernel: laplace
2024-03-07 10:05:32,967 | INFO | hilo.laplace-kernel : Calculating Laplace distribution (location: 0.0, scale 1.0)
2024-03-07 10:05:32,968 | INFO | hilo.laplace-kernel : BOTTOM-LEFT:
tensor([[0.0599, 0.0220, 0.0081],
        [0.1628, 0.0599, 0.0220],
        [0.4425, 0.1628, 0.0599]])
2024-03-07 10:05:32,968 | INFO | hilo.kernel-accessor : Fetching kernel: laplace
2024-03-07 10:05:32,968 | INFO | hilo.laplace-kernel : Calculating Laplace distribution (location: 0.0, scale 1.0)
2024-03-07 10:05:32,968 | INFO | hilo.laplace-kernel : BOTTOM-RIGHT:
tensor([[0.0081, 0.0220, 0.0599],
        [0.0220, 0.0599, 0.1628],
        [0.0599, 0.1628, 0.4425]])
2024-03-07 10:05:32,968 | INFO | hilo.kernel-accessor : Fetching kernel: laplace
2024-03-07 10:05:32,968 | INFO | hilo.laplace-kernel : Calculating Laplace distribution (location: 0.0, scale 1.0)
2024-03-07 10:05:32,969 | INFO | hilo.laplace-kernel : BOTTOM-RIGHT:
tensor([[0.0081, 0.0220, 0.0599],
        [0.0220, 0.0599, 0.1628],
        [0.0599, 0.1628, 0.4425]])
2024-03-07 10:05:32,969 | INFO | hilo.kernel-accessor : Fetching kernel: laplace
2024-03-07 10:05:32,969 | INFO | hilo.laplace-kernel : Calculating Laplace distribution (location: 0.0, scale 1.0)
2024-03-07 10:05:32,969 | INFO | hilo.laplace-kernel : BOTTOM-RIGHT:
tensor([[0.0081, 0.0220, 0.0599],
        [0.0220, 0.0599, 0.1628],
        [0.0599, 0.1628, 0.4425]])
2024-03-07 10:05:32,969 | INFO | hilo.kernel-accessor : Fetching kernel: laplace
2024-03-07 10:05:32,969 | INFO | hilo.laplace-kernel : Calculating Laplace distribution (location: 0.0, scale 1.0)
2024-03-07 10:05:32,970 | INFO | hilo.laplace-kernel : BOTTOM-RIGHT:
tensor([[0.0081, 0.0220, 0.0599],
        [0.0220, 0.0599, 0.1628],
        [0.0599, 0.1628, 0.4425]])
2024-03-07 10:05:32,970 | INFO | hilo.kernel-accessor : Fetching kernel: laplace
2024-03-07 10:05:32,970 | INFO | hilo.laplace-kernel : Calculating Laplace distribution (location: 0.0, scale 1.0)
2024-03-07 10:05:32,970 | INFO | hilo.laplace-kernel : BOTTOM-RIGHT:
tensor([[0.0081, 0.0220, 0.0599],
        [0.0220, 0.0599, 0.1628],
        [0.0599, 0.1628, 0.4425]])
2024-03-07 10:05:32,970 | INFO | hilo.kernel-accessor : Fetching kernel: laplace
2024-03-07 10:05:32,970 | INFO | hilo.laplace-kernel : Calculating Laplace distribution (location: 0.0, scale 1.0)
2024-03-07 10:05:32,971 | INFO | hilo.laplace-kernel : BOTTOM-LEFT:
tensor([[0.0599, 0.0220, 0.0081],
        [0.1628, 0.0599, 0.0220],
        [0.4425, 0.1628, 0.0599]])
2024-03-07 10:05:32,971 | INFO | hilo.kernel-accessor : Fetching kernel: laplace
2024-03-07 10:05:32,971 | INFO | hilo.laplace-kernel : Calculating Laplace distribution (location: 0.0, scale 1.0)
2024-03-07 10:05:32,971 | INFO | hilo.laplace-kernel : BOTTOM-LEFT:
tensor([[0.0599, 0.0220, 0.0081],
        [0.1628, 0.0599, 0.0220],
        [0.4425, 0.1628, 0.0599]])
2024-03-07 10:05:32,971 | INFO | hilo.kernel-accessor : Fetching kernel: laplace
2024-03-07 10:05:32,971 | INFO | hilo.laplace-kernel : Calculating Laplace distribution (location: 0.0, scale 1.0)
2024-03-07 10:05:32,972 | INFO | hilo.laplace-kernel : BOTTOM-LEFT:
tensor([[0.0599, 0.0220, 0.0081],
        [0.1628, 0.0599, 0.0220],
        [0.4425, 0.1628, 0.0599]])
2024-03-07 10:05:32,972 | INFO | hilo.kernel-accessor : Fetching kernel: laplace
2024-03-07 10:05:32,972 | INFO | hilo.laplace-kernel : Calculating Laplace distribution (location: 0.0, scale 1.0)
2024-03-07 10:05:32,972 | INFO | hilo.laplace-kernel : BOTTOM-LEFT:
tensor([[0.0599, 0.0220, 0.0081],
        [0.1628, 0.0599, 0.0220],
        [0.4425, 0.1628, 0.0599]])
2024-03-07 10:06:54,522 | INFO | hilo : Epoch   1/200 | Accuracy:  38.2401 | Loss:   1.7753
2024-03-07 10:06:54,523 | INFO | hilo.kernel-accessor : Fetching kernel: laplace
2024-03-07 10:06:54,523 | INFO | hilo.laplace-kernel : Calculating Laplace distribution (location: -0.02639206312596798, scale 0.6067779064178467)
2024-03-07 10:06:54,524 | INFO | hilo.laplace-kernel : BOTTOM-LEFT:
tensor([[0.0245, 0.0047, 0.0009],
        [0.1273, 0.0245, 0.0047],
        [0.6616, 0.1273, 0.0245]])
2024-03-07 10:06:54,524 | INFO | hilo.kernel-accessor : Fetching kernel: laplace
2024-03-07 10:06:54,524 | INFO | hilo.laplace-kernel : Calculating Laplace distribution (location: -0.4361492097377777, scale 1.810455322265625)
2024-03-07 10:06:54,525 | INFO | hilo.laplace-kernel : BOTTOM-RIGHT:
tensor([[0.0302, 0.0524, 0.0911],
        [0.0524, 0.0911, 0.1583],
        [0.0911, 0.1583, 0.2750]])
2024-03-07 10:06:54,525 | INFO | hilo.kernel-accessor : Fetching kernel: laplace
2024-03-07 10:06:54,525 | INFO | hilo.laplace-kernel : Calculating Laplace distribution (location: -0.30065929889678955, scale 1.5293145179748535)
2024-03-07 10:06:54,526 | INFO | hilo.laplace-kernel : BOTTOM-LEFT:
tensor([[0.0844, 0.0439, 0.0228],
        [0.1622, 0.0844, 0.0439],
        [0.3119, 0.1622, 0.0844]])
2024-03-07 10:06:54,526 | INFO | hilo.kernel-accessor : Fetching kernel: laplace
2024-03-07 10:06:54,526 | INFO | hilo.laplace-kernel : Calculating Laplace distribution (location: -0.2611393928527832, scale 1.5701431035995483)
2024-03-07 10:06:54,526 | INFO | hilo.laplace-kernel : BOTTOM-RIGHT:
tensor([[0.0239, 0.0452, 0.0855],
        [0.0452, 0.0855, 0.1617],
        [0.0855, 0.1617, 0.3057]])
2024-03-07 10:06:54,527 | INFO | hilo.kernel-accessor : Fetching kernel: laplace
2024-03-07 10:06:54,527 | INFO | hilo.laplace-kernel : Calculating Laplace distribution (location: -0.24827057123184204, scale 1.6668826341629028)
2024-03-07 10:06:54,527 | INFO | hilo.laplace-kernel : BOTTOM-RIGHT:
tensor([[0.0265, 0.0483, 0.0880],
        [0.0483, 0.0880, 0.1603],
        [0.0880, 0.1603, 0.2922]])
2024-03-07 10:06:54,528 | INFO | hilo.kernel-accessor : Fetching kernel: laplace
2024-03-07 10:06:54,528 | INFO | hilo.laplace-kernel : Calculating Laplace distribution (location: -0.1275504231452942, scale 1.3210099935531616)
2024-03-07 10:06:54,528 | INFO | hilo.laplace-kernel : BOTTOM-RIGHT:
tensor([[0.0170, 0.0362, 0.0771],
        [0.0362, 0.0771, 0.1644],
        [0.0771, 0.1644, 0.3505]])
2024-03-07 10:06:54,528 | INFO | hilo.kernel-accessor : Fetching kernel: laplace
2024-03-07 10:06:54,529 | INFO | hilo.laplace-kernel : Calculating Laplace distribution (location: -0.01598992943763733, scale 1.5930676460266113)
2024-03-07 10:06:54,529 | INFO | hilo.laplace-kernel : BOTTOM-LEFT:
tensor([[0.0861, 0.0460, 0.0245],
        [0.1614, 0.0861, 0.0460],
        [0.3023, 0.1614, 0.0861]])
2024-03-07 10:06:54,529 | INFO | hilo.kernel-accessor : Fetching kernel: laplace
2024-03-07 10:06:54,529 | INFO | hilo.laplace-kernel : Calculating Laplace distribution (location: -0.10973702371120453, scale 1.6961665153503418)
2024-03-07 10:06:54,530 | INFO | hilo.laplace-kernel : BOTTOM-RIGHT:
tensor([[0.0273, 0.0492, 0.0887],
        [0.0492, 0.0887, 0.1599],
        [0.0887, 0.1599, 0.2884]])
2024-03-07 10:06:54,530 | INFO | hilo.kernel-accessor : Fetching kernel: laplace
2024-03-07 10:06:54,530 | INFO | hilo.laplace-kernel : Calculating Laplace distribution (location: -0.1889803111553192, scale 1.6668226718902588)
2024-03-07 10:06:54,531 | INFO | hilo.laplace-kernel : BOTTOM-LEFT:
tensor([[0.0880, 0.0483, 0.0265],
        [0.1604, 0.0880, 0.0483],
        [0.2922, 0.1604, 0.0880]])
2024-03-07 10:06:54,531 | INFO | hilo.kernel-accessor : Fetching kernel: laplace
2024-03-07 10:06:54,531 | INFO | hilo.laplace-kernel : Calculating Laplace distribution (location: -0.11988063156604767, scale 1.354727864265442)
2024-03-07 10:06:54,532 | INFO | hilo.laplace-kernel : BOTTOM-LEFT:
tensor([[0.0785, 0.0375, 0.0179],
        [0.1641, 0.0785, 0.0375],
        [0.3434, 0.1641, 0.0785]])
2024-03-07 10:06:54,532 | INFO | hilo.kernel-accessor : Fetching kernel: laplace
2024-03-07 10:06:54,532 | INFO | hilo.laplace-kernel : Calculating Laplace distribution (location: -0.14175114035606384, scale 1.5948612689971924)
2024-03-07 10:06:54,533 | INFO | hilo.laplace-kernel : BOTTOM-RIGHT:
tensor([[0.0246, 0.0460, 0.0862],
        [0.0460, 0.0862, 0.1614],
        [0.0862, 0.1614, 0.3020]])
2024-03-07 10:06:54,533 | INFO | hilo.kernel-accessor : Fetching kernel: laplace
2024-03-07 10:06:54,533 | INFO | hilo.laplace-kernel : Calculating Laplace distribution (location: -0.1241956502199173, scale 1.4883610010147095)
2024-03-07 10:06:54,534 | INFO | hilo.laplace-kernel : BOTTOM-LEFT:
tensor([[0.0831, 0.0425, 0.0217],
        [0.1627, 0.0831, 0.0425],
        [0.3186, 0.1627, 0.0831]])
2024-03-07 10:06:54,534 | INFO | hilo.kernel-accessor : Fetching kernel: laplace
2024-03-07 10:06:54,534 | INFO | hilo.laplace-kernel : Calculating Laplace distribution (location: -0.0991470217704773, scale 1.5426740646362305)
2024-03-07 10:06:54,534 | INFO | hilo.laplace-kernel : BOTTOM-LEFT:
tensor([[0.0847, 0.0443, 0.0232],
        [0.1620, 0.0847, 0.0443],
        [0.3099, 0.1620, 0.0847]])
2024-03-07 10:06:54,535 | INFO | hilo.kernel-accessor : Fetching kernel: laplace
2024-03-07 10:06:54,535 | INFO | hilo.laplace-kernel : Calculating Laplace distribution (location: -0.0829128846526146, scale 1.165920376777649)
2024-03-07 10:06:54,535 | INFO | hilo.laplace-kernel : BOTTOM-LEFT:
tensor([[0.0699, 0.0297, 0.0126],
        [0.1648, 0.0699, 0.0297],
        [0.3887, 0.1648, 0.0699]])
2024-03-07 10:06:54,535 | INFO | hilo.kernel-accessor : Fetching kernel: laplace
2024-03-07 10:06:54,536 | INFO | hilo.laplace-kernel : Calculating Laplace distribution (location: -0.07468406856060028, scale 1.3200021982192993)
2024-03-07 10:06:54,536 | INFO | hilo.laplace-kernel : BOTTOM-RIGHT:
tensor([[0.0169, 0.0361, 0.0771],
        [0.0361, 0.0771, 0.1644],
        [0.0771, 0.1644, 0.3507]])
2024-03-07 10:06:54,536 | INFO | hilo.kernel-accessor : Fetching kernel: laplace
2024-03-07 10:06:54,537 | INFO | hilo.laplace-kernel : Calculating Laplace distribution (location: -0.1763090342283249, scale 1.4078549146652222)
2024-03-07 10:06:54,537 | INFO | hilo.laplace-kernel : BOTTOM-LEFT:
tensor([[0.0804, 0.0395, 0.0194],
        [0.1636, 0.0804, 0.0395],
        [0.3329, 0.1636, 0.0804]])
2024-03-07 10:06:54,537 | INFO | hilo.kernel-accessor : Fetching kernel: laplace
2024-03-07 10:06:54,537 | INFO | hilo.laplace-kernel : Calculating Laplace distribution (location: -0.11752926558256149, scale 1.5979721546173096)
2024-03-07 10:06:54,538 | INFO | hilo.laplace-kernel : BOTTOM-LEFT:
tensor([[0.0863, 0.0461, 0.0247],
        [0.1613, 0.0863, 0.0461],
        [0.3016, 0.1613, 0.0863]])
2024-03-07 10:08:15,358 | INFO | hilo : Epoch   2/200 | Accuracy:  48.4375 | Loss:   1.4268
2024-03-07 10:08:15,358 | INFO | hilo.kernel-accessor : Fetching kernel: laplace
2024-03-07 10:08:15,359 | INFO | hilo.laplace-kernel : Calculating Laplace distribution (location: -0.015179775655269623, scale 0.698053777217865)
2024-03-07 10:08:15,360 | INFO | hilo.laplace-kernel : BOTTOM-LEFT:
tensor([[0.0339, 0.0081, 0.0019],
        [0.1422, 0.0339, 0.0081],
        [0.5957, 0.1422, 0.0339]])
2024-03-07 10:08:15,360 | INFO | hilo.kernel-accessor : Fetching kernel: laplace
2024-03-07 10:08:15,360 | INFO | hilo.laplace-kernel : Calculating Laplace distribution (location: -0.8138895630836487, scale 2.1034278869628906)
2024-03-07 10:08:15,361 | INFO | hilo.laplace-kernel : BOTTOM-LEFT:
tensor([[0.0958, 0.0596, 0.0370],
        [0.1542, 0.0958, 0.0596],
        [0.2480, 0.1542, 0.0958]])
2024-03-07 10:08:15,361 | INFO | hilo.kernel-accessor : Fetching kernel: laplace
2024-03-07 10:08:15,361 | INFO | hilo.laplace-kernel : Calculating Laplace distribution (location: -0.33781808614730835, scale 1.367165207862854)
2024-03-07 10:08:15,362 | INFO | hilo.laplace-kernel : BOTTOM-LEFT:
tensor([[0.0789, 0.0380, 0.0183],
        [0.1640, 0.0789, 0.0380],
        [0.3409, 0.1640, 0.0789]])
2024-03-07 10:08:15,362 | INFO | hilo.kernel-accessor : Fetching kernel: laplace
2024-03-07 10:08:15,362 | INFO | hilo.laplace-kernel : Calculating Laplace distribution (location: -0.31019848585128784, scale 1.2802919149398804)
2024-03-07 10:08:15,363 | INFO | hilo.laplace-kernel : BOTTOM-LEFT:
tensor([[0.0754, 0.0345, 0.0158],
        [0.1647, 0.0754, 0.0345],
        [0.3596, 0.1647, 0.0754]])
2024-03-07 10:08:15,363 | INFO | hilo.kernel-accessor : Fetching kernel: laplace
2024-03-07 10:08:15,363 | INFO | hilo.laplace-kernel : Calculating Laplace distribution (location: -0.2726328670978546, scale 1.1956621408462524)
2024-03-07 10:08:15,364 | INFO | hilo.laplace-kernel : BOTTOM-LEFT:
tensor([[0.0714, 0.0310, 0.0134],
        [0.1649, 0.0714, 0.0310],
        [0.3806, 0.1649, 0.0714]])
2024-03-07 10:08:15,364 | INFO | hilo.kernel-accessor : Fetching kernel: laplace
2024-03-07 10:08:15,364 | INFO | hilo.laplace-kernel : Calculating Laplace distribution (location: -0.0410148948431015, scale 0.9350790977478027)
2024-03-07 10:08:15,365 | INFO | hilo.laplace-kernel : BOTTOM-LEFT:
tensor([[0.0552, 0.0189, 0.0065],
        [0.1608, 0.0552, 0.0189],
        [0.4685, 0.1608, 0.0552]])
2024-03-07 10:08:15,365 | INFO | hilo.kernel-accessor : Fetching kernel: laplace
2024-03-07 10:08:15,365 | INFO | hilo.laplace-kernel : Calculating Laplace distribution (location: -0.19015613198280334, scale 1.2087458372116089)
2024-03-07 10:08:15,366 | INFO | hilo.laplace-kernel : BOTTOM-LEFT:
tensor([[0.0721, 0.0315, 0.0138],
        [0.1649, 0.0721, 0.0315],
        [0.3771, 0.1649, 0.0721]])
2024-03-07 10:08:15,366 | INFO | hilo.kernel-accessor : Fetching kernel: laplace
2024-03-07 10:08:15,366 | INFO | hilo.laplace-kernel : Calculating Laplace distribution (location: -0.14248788356781006, scale 1.095823884010315)
2024-03-07 10:08:15,367 | INFO | hilo.laplace-kernel : BOTTOM-RIGHT:
tensor([[0.0106, 0.0265, 0.0660],
        [0.0265, 0.0660, 0.1644],
        [0.0660, 0.1644, 0.4095]])
2024-03-07 10:08:15,367 | INFO | hilo.kernel-accessor : Fetching kernel: laplace
2024-03-07 10:08:15,367 | INFO | hilo.laplace-kernel : Calculating Laplace distribution (location: -0.11571639031171799, scale 1.1541167497634888)
2024-03-07 10:08:15,368 | INFO | hilo.laplace-kernel : BOTTOM-LEFT:
tensor([[0.0693, 0.0291, 0.0122],
        [0.1648, 0.0693, 0.0291],
        [0.3920, 0.1648, 0.0693]])
2024-03-07 10:08:15,368 | INFO | hilo.kernel-accessor : Fetching kernel: laplace
2024-03-07 10:08:15,368 | INFO | hilo.laplace-kernel : Calculating Laplace distribution (location: -0.08547084033489227, scale 0.9380698800086975)
2024-03-07 10:08:15,369 | INFO | hilo.laplace-kernel : BOTTOM-LEFT:
tensor([[0.0554, 0.0191, 0.0066],
        [0.1609, 0.0554, 0.0191],
        [0.4672, 0.1609, 0.0554]])
2024-03-07 10:08:15,369 | INFO | hilo.kernel-accessor : Fetching kernel: laplace
2024-03-07 10:08:15,369 | INFO | hilo.laplace-kernel : Calculating Laplace distribution (location: -0.15895426273345947, scale 1.109470248222351)
2024-03-07 10:08:15,370 | INFO | hilo.laplace-kernel : BOTTOM-LEFT:
tensor([[0.0668, 0.0271, 0.0110],
        [0.1645, 0.0668, 0.0271],
        [0.4052, 0.1645, 0.0668]])
2024-03-07 10:08:15,370 | INFO | hilo.kernel-accessor : Fetching kernel: laplace
2024-03-07 10:08:15,370 | INFO | hilo.laplace-kernel : Calculating Laplace distribution (location: -0.048958055675029755, scale 1.03395414352417)
2024-03-07 10:08:15,371 | INFO | hilo.laplace-kernel : BOTTOM-RIGHT:
tensor([[0.0090, 0.0236, 0.0622],
        [0.0236, 0.0622, 0.1635],
        [0.0622, 0.1635, 0.4302]])
2024-03-07 10:08:15,371 | INFO | hilo.kernel-accessor : Fetching kernel: laplace
2024-03-07 10:08:15,371 | INFO | hilo.laplace-kernel : Calculating Laplace distribution (location: -0.013264736160635948, scale 1.0378566980361938)
2024-03-07 10:08:15,372 | INFO | hilo.laplace-kernel : BOTTOM-RIGHT:
tensor([[0.0091, 0.0238, 0.0624],
        [0.0238, 0.0624, 0.1636],
        [0.0624, 0.1636, 0.4288]])
2024-03-07 10:08:15,372 | INFO | hilo.kernel-accessor : Fetching kernel: laplace
2024-03-07 10:08:15,372 | INFO | hilo.laplace-kernel : Calculating Laplace distribution (location: 0.02677665464580059, scale 0.770957887172699)
2024-03-07 10:08:15,373 | INFO | hilo.laplace-kernel : BOTTOM-RIGHT:
tensor([[0.0032, 0.0117, 0.0427],
        [0.0117, 0.0427, 0.1562],
        [0.0427, 0.1562, 0.5331]])
2024-03-07 10:08:15,373 | INFO | hilo.kernel-accessor : Fetching kernel: laplace
2024-03-07 10:08:15,373 | INFO | hilo.laplace-kernel : Calculating Laplace distribution (location: -0.009723169729113579, scale 0.8368747234344482)
2024-03-07 10:08:15,374 | INFO | hilo.laplace-kernel : BOTTOM-RIGHT:
tensor([[0.0043, 0.0143, 0.0471],
        [0.0143, 0.0471, 0.1557],
        [0.0471, 0.1557, 0.5143]])
2024-03-07 10:08:15,374 | INFO | hilo.kernel-accessor : Fetching kernel: laplace
2024-03-07 10:08:15,374 | INFO | hilo.laplace-kernel : Calculating Laplace distribution (location: -0.08942187577486038, scale 0.9438235759735107)
2024-03-07 10:08:15,375 | INFO | hilo.laplace-kernel : BOTTOM-LEFT:
tensor([[0.0558, 0.0194, 0.0067],
        [0.1611, 0.0558, 0.0194],
        [0.4648, 0.1611, 0.0558]])
2024-03-07 10:08:15,375 | INFO | hilo.kernel-accessor : Fetching kernel: laplace
2024-03-07 10:08:15,375 | INFO | hilo.laplace-kernel : Calculating Laplace distribution (location: -0.21294280886650085, scale 1.0946269035339355)
2024-03-07 10:08:15,376 | INFO | hilo.laplace-kernel : BOTTOM-RIGHT:
tensor([[0.0106, 0.0264, 0.0659],
        [0.0264, 0.0659, 0.1644],
        [0.0659, 0.1644, 0.4099]])
2024-03-07 10:09:36,155 | INFO | hilo : Epoch   3/200 | Accuracy:  43.7500 | Loss:   1.3325
2024-03-07 10:09:36,155 | INFO | hilo.kernel-accessor : Fetching kernel: laplace
2024-03-07 10:09:36,156 | INFO | hilo.laplace-kernel : Calculating Laplace distribution (location: -0.009562427178025246, scale 0.6956449151039124)
2024-03-07 10:09:36,156 | INFO | hilo.laplace-kernel : BOTTOM-RIGHT:
tensor([[0.0019, 0.0080, 0.0337],
        [0.0080, 0.0337, 0.1419],
        [0.0337, 0.1419, 0.5973]])
2024-03-07 10:09:36,157 | INFO | hilo.kernel-accessor : Fetching kernel: laplace
2024-03-07 10:09:36,157 | INFO | hilo.laplace-kernel : Calculating Laplace distribution (location: -0.7547637224197388, scale 1.9320310354232788)
2024-03-07 10:09:36,157 | INFO | hilo.laplace-kernel : BOTTOM-LEFT:
tensor([[0.0933, 0.0556, 0.0331],
        [0.1565, 0.0933, 0.0556],
        [0.2627, 0.1565, 0.0933]])
2024-03-07 10:09:36,157 | INFO | hilo.kernel-accessor : Fetching kernel: laplace
2024-03-07 10:09:36,157 | INFO | hilo.laplace-kernel : Calculating Laplace distribution (location: -0.4543575942516327, scale 1.201215147972107)
2024-03-07 10:09:36,158 | INFO | hilo.laplace-kernel : BOTTOM-LEFT:
tensor([[0.0717, 0.0312, 0.0136],
        [0.1649, 0.0717, 0.0312],
        [0.3791, 0.1649, 0.0717]])
2024-03-07 10:09:36,158 | INFO | hilo.kernel-accessor : Fetching kernel: laplace
2024-03-07 10:09:36,158 | INFO | hilo.laplace-kernel : Calculating Laplace distribution (location: -0.22503234446048737, scale 0.9786295890808105)
2024-03-07 10:09:36,158 | INFO | hilo.laplace-kernel : BOTTOM-RIGHT:
tensor([[0.0076, 0.0210, 0.0584],
        [0.0210, 0.0584, 0.1622],
        [0.0584, 0.1622, 0.4507]])
2024-03-07 10:09:36,158 | INFO | hilo.kernel-accessor : Fetching kernel: laplace
2024-03-07 10:09:36,158 | INFO | hilo.laplace-kernel : Calculating Laplace distribution (location: -0.198999285697937, scale 0.912695586681366)
2024-03-07 10:09:36,159 | INFO | hilo.laplace-kernel : BOTTOM-RIGHT:
tensor([[0.0060, 0.0179, 0.0534],
        [0.0179, 0.0534, 0.1599],
        [0.0534, 0.1599, 0.4782]])
2024-03-07 10:09:36,159 | INFO | hilo.kernel-accessor : Fetching kernel: laplace
2024-03-07 10:09:36,159 | INFO | hilo.laplace-kernel : Calculating Laplace distribution (location: 0.0255349762737751, scale 0.6487789154052734)
2024-03-07 10:09:36,159 | INFO | hilo.laplace-kernel : BOTTOM-LEFT:
tensor([[0.0303, 0.0065, 0.0014],
        [0.1416, 0.0303, 0.0065],
        [0.6114, 0.1416, 0.0303]])
2024-03-07 10:09:36,159 | INFO | hilo.kernel-accessor : Fetching kernel: laplace
2024-03-07 10:09:36,159 | INFO | hilo.laplace-kernel : Calculating Laplace distribution (location: -0.14823859930038452, scale 0.8576703667640686)
2024-03-07 10:09:36,160 | INFO | hilo.laplace-kernel : BOTTOM-RIGHT:
tensor([[0.0048, 0.0152, 0.0489],
        [0.0152, 0.0489, 0.1570],
        [0.0489, 0.1570, 0.5039]])
2024-03-07 10:09:36,160 | INFO | hilo.kernel-accessor : Fetching kernel: laplace
2024-03-07 10:09:36,160 | INFO | hilo.laplace-kernel : Calculating Laplace distribution (location: -0.15391089022159576, scale 0.7359959483146667)
2024-03-07 10:09:36,160 | INFO | hilo.laplace-kernel : BOTTOM-LEFT:
tensor([[0.0377, 0.0097, 0.0025],
        [0.1468, 0.0377, 0.0097],
        [0.5713, 0.1468, 0.0377]])
2024-03-07 10:09:36,160 | INFO | hilo.kernel-accessor : Fetching kernel: laplace
2024-03-07 10:09:36,160 | INFO | hilo.laplace-kernel : Calculating Laplace distribution (location: -0.09139635413885117, scale 0.8203505873680115)
2024-03-07 10:09:36,161 | INFO | hilo.laplace-kernel : BOTTOM-LEFT:
tensor([[0.0457, 0.0135, 0.0040],
        [0.1545, 0.0457, 0.0135],
        [0.5229, 0.1545, 0.0457]])
2024-03-07 10:09:36,161 | INFO | hilo.kernel-accessor : Fetching kernel: laplace
2024-03-07 10:09:36,161 | INFO | hilo.laplace-kernel : Calculating Laplace distribution (location: -0.03150979056954384, scale 0.6674294471740723)
2024-03-07 10:09:36,161 | INFO | hilo.laplace-kernel : BOTTOM-LEFT:
tensor([[0.0308, 0.0069, 0.0015],
        [0.1378, 0.0308, 0.0069],
        [0.6166, 0.1378, 0.0308]])
2024-03-07 10:09:36,161 | INFO | hilo.kernel-accessor : Fetching kernel: laplace
2024-03-07 10:09:36,161 | INFO | hilo.laplace-kernel : Calculating Laplace distribution (location: -0.0875331237912178, scale 0.8086543679237366)
2024-03-07 10:09:36,162 | INFO | hilo.laplace-kernel : BOTTOM-RIGHT:
tensor([[0.0038, 0.0130, 0.0446],
        [0.0130, 0.0446, 0.1537],
        [0.0446, 0.1537, 0.5292]])
2024-03-07 10:09:36,162 | INFO | hilo.kernel-accessor : Fetching kernel: laplace
2024-03-07 10:09:36,162 | INFO | hilo.laplace-kernel : Calculating Laplace distribution (location: -0.05023101344704628, scale 0.7914808988571167)
2024-03-07 10:09:36,162 | INFO | hilo.laplace-kernel : BOTTOM-RIGHT:
tensor([[0.0034, 0.0122, 0.0430],
        [0.0122, 0.0430, 0.1523],
        [0.0430, 0.1523, 0.5386]])
2024-03-07 10:09:36,162 | INFO | hilo.kernel-accessor : Fetching kernel: laplace
2024-03-07 10:09:36,163 | INFO | hilo.laplace-kernel : Calculating Laplace distribution (location: -0.015735819935798645, scale 0.8145922422409058)
2024-03-07 10:09:36,163 | INFO | hilo.laplace-kernel : BOTTOM-LEFT:
tensor([[0.0452, 0.0132, 0.0039],
        [0.1541, 0.0452, 0.0132],
        [0.5260, 0.1541, 0.0452]])
2024-03-07 10:09:36,163 | INFO | hilo.kernel-accessor : Fetching kernel: laplace
2024-03-07 10:09:36,163 | INFO | hilo.laplace-kernel : Calculating Laplace distribution (location: 0.013073934242129326, scale 0.6439946889877319)
2024-03-07 10:09:36,163 | INFO | hilo.laplace-kernel : BOTTOM-RIGHT:
tensor([[0.0013, 0.0062, 0.0291],
        [0.0062, 0.0291, 0.1375],
        [0.0291, 0.1375, 0.6240]])
2024-03-07 10:09:36,163 | INFO | hilo.kernel-accessor : Fetching kernel: laplace
2024-03-07 10:09:36,164 | INFO | hilo.laplace-kernel : Calculating Laplace distribution (location: 0.040794529020786285, scale 0.6967716217041016)
2024-03-07 10:09:36,164 | INFO | hilo.laplace-kernel : BOTTOM-RIGHT:
tensor([[0.0021, 0.0086, 0.0362],
        [0.0086, 0.0362, 0.1520],
        [0.0362, 0.1520, 0.5681]])
2024-03-07 10:09:36,164 | INFO | hilo.kernel-accessor : Fetching kernel: laplace
2024-03-07 10:09:36,164 | INFO | hilo.laplace-kernel : Calculating Laplace distribution (location: -0.018623076379299164, scale 0.7104312777519226)
2024-03-07 10:09:36,164 | INFO | hilo.laplace-kernel : BOTTOM-RIGHT:
tensor([[0.0021, 0.0086, 0.0352],
        [0.0086, 0.0352, 0.1438],
        [0.0352, 0.1438, 0.5875]])
2024-03-07 10:09:36,164 | INFO | hilo.kernel-accessor : Fetching kernel: laplace
2024-03-07 10:09:36,165 | INFO | hilo.laplace-kernel : Calculating Laplace distribution (location: -0.07007011771202087, scale 0.9390654563903809)
2024-03-07 10:09:36,165 | INFO | hilo.laplace-kernel : BOTTOM-LEFT:
tensor([[0.0555, 0.0191, 0.0066],
        [0.1609, 0.0555, 0.0191],
        [0.4668, 0.1609, 0.0555]])
2024-03-07 10:10:56,919 | INFO | hilo : Epoch   4/200 | Accuracy:  41.6667 | Loss:   1.4988
2024-03-07 10:10:56,919 | INFO | hilo.kernel-accessor : Fetching kernel: laplace
2024-03-07 10:10:56,919 | INFO | hilo.laplace-kernel : Calculating Laplace distribution (location: -0.038900889456272125, scale 0.6658449769020081)
2024-03-07 10:10:56,920 | INFO | hilo.laplace-kernel : BOTTOM-LEFT:
tensor([[0.0306, 0.0068, 0.0015],
        [0.1376, 0.0306, 0.0068],
        [0.6177, 0.1376, 0.0306]])
2024-03-07 10:10:56,920 | INFO | hilo.kernel-accessor : Fetching kernel: laplace
2024-03-07 10:10:56,920 | INFO | hilo.laplace-kernel : Calculating Laplace distribution (location: -0.7524365782737732, scale 1.9168426990509033)
2024-03-07 10:10:56,920 | INFO | hilo.laplace-kernel : BOTTOM-RIGHT:
tensor([[0.0328, 0.0552, 0.0930],
        [0.0552, 0.0930, 0.1568],
        [0.0930, 0.1568, 0.2641]])
2024-03-07 10:10:56,920 | INFO | hilo.kernel-accessor : Fetching kernel: laplace
2024-03-07 10:10:56,920 | INFO | hilo.laplace-kernel : Calculating Laplace distribution (location: -0.5084095597267151, scale 1.213936448097229)
2024-03-07 10:10:56,921 | INFO | hilo.laplace-kernel : BOTTOM-RIGHT:
tensor([[0.0139, 0.0317, 0.0723],
        [0.0317, 0.0723, 0.1649],
        [0.0723, 0.1649, 0.3758]])
2024-03-07 10:10:56,921 | INFO | hilo.kernel-accessor : Fetching kernel: laplace
2024-03-07 10:10:56,921 | INFO | hilo.laplace-kernel : Calculating Laplace distribution (location: -0.1478690207004547, scale 0.9408323168754578)
2024-03-07 10:10:56,921 | INFO | hilo.laplace-kernel : BOTTOM-RIGHT:
tensor([[0.0066, 0.0192, 0.0556],
        [0.0192, 0.0556, 0.1610],
        [0.0556, 0.1610, 0.4661]])
2024-03-07 10:10:56,921 | INFO | hilo.kernel-accessor : Fetching kernel: laplace
2024-03-07 10:10:56,922 | INFO | hilo.laplace-kernel : Calculating Laplace distribution (location: -0.1770036816596985, scale 0.8405114412307739)
2024-03-07 10:10:56,922 | INFO | hilo.laplace-kernel : BOTTOM-RIGHT:
tensor([[0.0044, 0.0144, 0.0475],
        [0.0144, 0.0475, 0.1559],
        [0.0475, 0.1559, 0.5125]])
2024-03-07 10:10:56,922 | INFO | hilo.kernel-accessor : Fetching kernel: laplace
2024-03-07 10:10:56,922 | INFO | hilo.laplace-kernel : Calculating Laplace distribution (location: 0.026561010628938675, scale 0.6191786527633667)
2024-03-07 10:10:56,922 | INFO | hilo.laplace-kernel : BOTTOM-LEFT:
tensor([[0.0273, 0.0054, 0.0011],
        [0.1370, 0.0273, 0.0054],
        [0.6323, 0.1370, 0.0273]])
2024-03-07 10:10:56,922 | INFO | hilo.kernel-accessor : Fetching kernel: laplace
2024-03-07 10:10:56,923 | INFO | hilo.laplace-kernel : Calculating Laplace distribution (location: -0.13845670223236084, scale 0.7196606397628784)
2024-03-07 10:10:56,923 | INFO | hilo.laplace-kernel : BOTTOM-RIGHT:
tensor([[0.0022, 0.0090, 0.0361],
        [0.0090, 0.0361, 0.1449],
        [0.0361, 0.1449, 0.5816]])
2024-03-07 10:10:56,923 | INFO | hilo.kernel-accessor : Fetching kernel: laplace
2024-03-07 10:10:56,923 | INFO | hilo.laplace-kernel : Calculating Laplace distribution (location: -0.11587128043174744, scale 0.556796133518219)
2024-03-07 10:10:56,923 | INFO | hilo.laplace-kernel : BOTTOM-RIGHT:
tensor([[5.3259e-04, 3.2091e-03, 1.9336e-02],
        [3.2091e-03, 1.9336e-02, 1.1651e-01],
        [1.9336e-02, 1.1651e-01, 7.0202e-01]])
2024-03-07 10:10:56,923 | INFO | hilo.kernel-accessor : Fetching kernel: laplace
2024-03-07 10:10:56,924 | INFO | hilo.laplace-kernel : Calculating Laplace distribution (location: -0.06958373636007309, scale 0.5430297255516052)
2024-03-07 10:10:56,924 | INFO | hilo.laplace-kernel : BOTTOM-RIGHT:
tensor([[4.5129e-04, 2.8459e-03, 1.7946e-02],
        [2.8459e-03, 1.7946e-02, 1.1317e-01],
        [1.7946e-02, 1.1317e-01, 7.1367e-01]])
2024-03-07 10:10:56,924 | INFO | hilo.kernel-accessor : Fetching kernel: laplace
2024-03-07 10:10:56,924 | INFO | hilo.laplace-kernel : Calculating Laplace distribution (location: 0.005655655637383461, scale 0.4540832042694092)
2024-03-07 10:10:56,924 | INFO | hilo.laplace-kernel : BOTTOM-RIGHT:
tensor([[1.2086e-04, 1.0932e-03, 9.8885e-03],
        [1.0932e-03, 9.8885e-03, 8.9444e-02],
        [9.8885e-03, 8.9444e-02, 7.8914e-01]])
2024-03-07 10:10:56,925 | INFO | hilo.kernel-accessor : Fetching kernel: laplace
2024-03-07 10:10:56,925 | INFO | hilo.laplace-kernel : Calculating Laplace distribution (location: -0.07662491500377655, scale 0.5315642952919006)
2024-03-07 10:10:56,925 | INFO | hilo.laplace-kernel : BOTTOM-RIGHT:
tensor([[3.9031e-04, 2.5611e-03, 1.6805e-02],
        [2.5611e-03, 1.6805e-02, 1.1027e-01],
        [1.6805e-02, 1.1027e-01, 7.2354e-01]])
2024-03-07 10:10:56,925 | INFO | hilo.kernel-accessor : Fetching kernel: laplace
2024-03-07 10:10:56,925 | INFO | hilo.laplace-kernel : Calculating Laplace distribution (location: 0.011750325560569763, scale 0.41730085015296936)
2024-03-07 10:10:56,926 | INFO | hilo.laplace-kernel : BOTTOM-LEFT:
tensor([[7.1850e-03, 6.5419e-04, 5.9564e-05],
        [7.8914e-02, 7.1850e-03, 6.5419e-04],
        [8.1925e-01, 7.8914e-02, 7.1850e-03]])
2024-03-07 10:10:56,926 | INFO | hilo.kernel-accessor : Fetching kernel: laplace
2024-03-07 10:10:56,926 | INFO | hilo.laplace-kernel : Calculating Laplace distribution (location: 0.042015478014945984, scale 0.4321970045566559)
2024-03-07 10:10:56,926 | INFO | hilo.laplace-kernel : BOTTOM-RIGHT:
tensor([[9.0863e-05, 9.1884e-04, 9.2916e-03],
        [9.1884e-04, 9.2916e-03, 9.3961e-02],
        [9.2916e-03, 9.3961e-02, 7.8228e-01]])
2024-03-07 10:10:56,926 | INFO | hilo.kernel-accessor : Fetching kernel: laplace
2024-03-07 10:10:56,926 | INFO | hilo.laplace-kernel : Calculating Laplace distribution (location: 0.030921898782253265, scale 0.3512156009674072)
2024-03-07 10:10:56,927 | INFO | hilo.laplace-kernel : BOTTOM-LEFT:
tensor([[3.4862e-03, 2.0221e-04, 1.1729e-05],
        [6.0104e-02, 3.4862e-03, 2.0221e-04],
        [8.6892e-01, 6.0104e-02, 3.4862e-03]])
2024-03-07 10:10:56,927 | INFO | hilo.kernel-accessor : Fetching kernel: laplace
2024-03-07 10:10:56,927 | INFO | hilo.laplace-kernel : Calculating Laplace distribution (location: 0.0800105482339859, scale 0.3378885090351105)
2024-03-07 10:10:56,927 | INFO | hilo.laplace-kernel : BOTTOM-LEFT:
tensor([[3.6576e-03, 1.8962e-04, 9.8301e-06],
        [7.0553e-02, 3.6576e-03, 1.8962e-04],
        [8.4753e-01, 7.0553e-02, 3.6576e-03]])
2024-03-07 10:10:56,927 | INFO | hilo.kernel-accessor : Fetching kernel: laplace
2024-03-07 10:10:56,927 | INFO | hilo.laplace-kernel : Calculating Laplace distribution (location: 0.005485562141984701, scale 0.38546091318130493)
2024-03-07 10:10:56,928 | INFO | hilo.laplace-kernel : BOTTOM-LEFT:
tensor([[4.8992e-03, 3.6596e-04, 2.7337e-05],
        [6.5586e-02, 4.8992e-03, 3.6596e-04],
        [8.5337e-01, 6.5586e-02, 4.8992e-03]])
2024-03-07 10:10:56,928 | INFO | hilo.kernel-accessor : Fetching kernel: laplace
2024-03-07 10:10:56,928 | INFO | hilo.laplace-kernel : Calculating Laplace distribution (location: 0.07761119306087494, scale 0.4095141589641571)
2024-03-07 10:10:56,928 | INFO | hilo.laplace-kernel : BOTTOM-RIGHT:
tensor([[6.4893e-05, 7.4595e-04, 8.5747e-03],
        [7.4595e-04, 8.5747e-03, 9.8567e-02],
        [8.5747e-03, 9.8567e-02, 7.7558e-01]])
2024-03-07 10:12:17,691 | INFO | hilo : Epoch   5/200 | Accuracy:  56.2500 | Loss:   1.2883
2024-03-07 10:12:17,691 | INFO | hilo.kernel-accessor : Fetching kernel: laplace
2024-03-07 10:12:17,691 | INFO | hilo.laplace-kernel : Calculating Laplace distribution (location: -0.031274858862161636, scale 0.7372011542320251)
2024-03-07 10:12:17,692 | INFO | hilo.laplace-kernel : BOTTOM-LEFT:
tensor([[0.0378, 0.0097, 0.0025],
        [0.1470, 0.0378, 0.0097],
        [0.5705, 0.1470, 0.0378]])
2024-03-07 10:12:17,692 | INFO | hilo.kernel-accessor : Fetching kernel: laplace
2024-03-07 10:12:17,692 | INFO | hilo.laplace-kernel : Calculating Laplace distribution (location: -0.9332558512687683, scale 2.2354021072387695)
2024-03-07 10:12:17,693 | INFO | hilo.laplace-kernel : BOTTOM-RIGHT:
tensor([[0.0398, 0.0623, 0.0974],
        [0.0623, 0.0974, 0.1524],
        [0.0974, 0.1524, 0.2384]])
2024-03-07 10:12:17,693 | INFO | hilo.kernel-accessor : Fetching kernel: laplace
2024-03-07 10:12:17,693 | INFO | hilo.laplace-kernel : Calculating Laplace distribution (location: -0.4998939633369446, scale 1.317154049873352)
2024-03-07 10:12:17,693 | INFO | hilo.laplace-kernel : BOTTOM-RIGHT:
tensor([[0.0169, 0.0360, 0.0770],
        [0.0360, 0.0770, 0.1644],
        [0.0770, 0.1644, 0.3513]])
2024-03-07 10:12:17,694 | INFO | hilo.kernel-accessor : Fetching kernel: laplace
2024-03-07 10:12:17,694 | INFO | hilo.laplace-kernel : Calculating Laplace distribution (location: -0.248234361410141, scale 1.0545849800109863)
2024-03-07 10:12:17,694 | INFO | hilo.laplace-kernel : BOTTOM-LEFT:
tensor([[0.0635, 0.0246, 0.0095],
        [0.1639, 0.0635, 0.0246],
        [0.4230, 0.1639, 0.0635]])
2024-03-07 10:12:17,694 | INFO | hilo.kernel-accessor : Fetching kernel: laplace
2024-03-07 10:12:17,695 | INFO | hilo.laplace-kernel : Calculating Laplace distribution (location: -0.17407628893852234, scale 0.7465144991874695)
2024-03-07 10:12:17,695 | INFO | hilo.laplace-kernel : BOTTOM-RIGHT:
tensor([[0.0027, 0.0102, 0.0388],
        [0.0102, 0.0388, 0.1480],
        [0.0388, 0.1480, 0.5648]])
2024-03-07 10:12:17,695 | INFO | hilo.kernel-accessor : Fetching kernel: laplace
2024-03-07 10:12:17,695 | INFO | hilo.laplace-kernel : Calculating Laplace distribution (location: 0.005777704529464245, scale 0.551009476184845)
2024-03-07 10:12:17,696 | INFO | hilo.laplace-kernel : BOTTOM-LEFT:
tensor([[1.9029e-02, 3.0991e-03, 5.0472e-04],
        [1.1684e-01, 1.9029e-02, 3.0991e-03],
        [7.0253e-01, 1.1684e-01, 1.9029e-02]])
2024-03-07 10:12:17,696 | INFO | hilo.kernel-accessor : Fetching kernel: laplace
2024-03-07 10:12:17,696 | INFO | hilo.laplace-kernel : Calculating Laplace distribution (location: -0.15830504894256592, scale 0.6583492755889893)
2024-03-07 10:12:17,697 | INFO | hilo.laplace-kernel : BOTTOM-LEFT:
tensor([[0.0299, 0.0065, 0.0014],
        [0.1364, 0.0299, 0.0065],
        [0.6231, 0.1364, 0.0299]])
2024-03-07 10:12:17,697 | INFO | hilo.kernel-accessor : Fetching kernel: laplace
2024-03-07 10:12:17,697 | INFO | hilo.laplace-kernel : Calculating Laplace distribution (location: -0.08741976320743561, scale 0.5075313448905945)
2024-03-07 10:12:17,697 | INFO | hilo.laplace-kernel : BOTTOM-LEFT:
tensor([[1.4473e-02, 2.0177e-03, 2.8129e-04],
        [1.0381e-01, 1.4473e-02, 2.0177e-03],
        [7.4464e-01, 1.0381e-01, 1.4473e-02]])
2024-03-07 10:12:17,698 | INFO | hilo.kernel-accessor : Fetching kernel: laplace
2024-03-07 10:12:17,698 | INFO | hilo.laplace-kernel : Calculating Laplace distribution (location: -0.05302642658352852, scale 0.5131843090057373)
2024-03-07 10:12:17,698 | INFO | hilo.laplace-kernel : BOTTOM-RIGHT:
tensor([[3.0473e-04, 2.1389e-03, 1.5013e-02],
        [2.1389e-03, 1.5013e-02, 1.0538e-01],
        [1.5013e-02, 1.0538e-01, 7.3963e-01]])
2024-03-07 10:12:17,698 | INFO | hilo.kernel-accessor : Fetching kernel: laplace
