2024-03-03 06:01:21,712 | INFO | hilo : 
+==============================================================+
|                                                              |
| ██████╗  █████╗ ██████╗ ██╗         ██╗      █████╗ ██████╗  |
| ██╔══██╗██╔══██╗██╔══██╗██║         ██║     ██╔══██╗██╔══██╗ |
| ██║  ██║███████║██║  ██║██║         ██║     ███████║██████╔╝ |
| ██║  ██║██╔══██║██║  ██║██║         ██║     ██╔══██║██╔══██╗ |
| ██████╔╝██║  ██║██████╔╝███████╗    ███████╗██║  ██║██████╔╝ |
| ╚═════╝ ╚═╝  ╚═╝╚═════╝ ╚══════╝    ╚══════╝╚═╝  ╚═╝╚═════╝  |
+==============================================================+
|             Hi-Lo Resolution Image Classification            |
|             -------------------------------------            |
|                       Gabriel C. Trahan                      |
|                          Sahan Ahmad                         |
|                       MD  Aminual Islam                      |
+==============================================================+
2024-03-03 06:01:23,293 | INFO | hilo.dataset-accessor : Fetching dataset: cifar10
2024-03-03 06:01:23,293 | INFO | hilo.cifar10-dataset : Initializing transform
2024-03-03 06:01:23,293 | INFO | hilo.cifar10-dataset : Verifying/downloading train data
2024-03-03 06:01:23,890 | INFO | hilo.cifar10-dataset : Verifying/downloading test data
2024-03-03 06:01:24,371 | INFO | hilo.cifar10-dataset : Creating train data loader.
2024-03-03 06:01:24,371 | INFO | hilo.cifar10-dataset : Creating test data loader.
2024-03-03 06:01:24,480 | INFO | hilo : Output directory: output/resnet/cifar10/gaussian/11/20240303_060123/
2024-03-03 06:01:25,459 | INFO | hilo : Using device: NVIDIA GeForce GTX 1060 6GB
2024-03-03 06:01:25,460 | INFO | hilo : Exeucting job: MODEL resnet | DATASET cifar10 | KERNEL gaussian | TYPE 11
2024-03-03 06:01:25,460 | INFO | hilo : Commencing training phase...
2024-03-03 06:01:25,460 | INFO | hilo.kernel-accessor : Fetching kernel: gaussian
2024-03-03 06:01:25,460 | INFO | hilo.gaussian-kernel : Calculating Gaussian distribution (location: 0, scale 1.0)
2024-03-03 06:01:25,461 | INFO | hilo.gaussian-kernel : STATIC:
tensor([[0.3296, 0.1999, 0.0446],
        [0.1999, 0.1212, 0.0271],
        [0.0446, 0.0271, 0.0060]])
2024-03-03 06:01:25,461 | INFO | hilo.kernel-accessor : Fetching kernel: gaussian
2024-03-03 06:01:25,462 | INFO | hilo.gaussian-kernel : Calculating Gaussian distribution (location: 0, scale 1.0)
2024-03-03 06:01:25,462 | INFO | hilo.gaussian-kernel : TOP-RIGHT:
tensor([[0.0446, 0.1999, 0.3296],
        [0.0271, 0.1212, 0.1999],
        [0.0060, 0.0271, 0.0446]])
2024-03-03 06:01:25,462 | INFO | hilo.kernel-accessor : Fetching kernel: gaussian
2024-03-03 06:01:25,462 | INFO | hilo.gaussian-kernel : Calculating Gaussian distribution (location: 0, scale 1.0)
2024-03-03 06:01:25,462 | INFO | hilo.gaussian-kernel : TOP-LEFT:
tensor([[0.3296, 0.1999, 0.0446],
        [0.1999, 0.1212, 0.0271],
        [0.0446, 0.0271, 0.0060]])
2024-03-03 06:01:25,462 | INFO | hilo.kernel-accessor : Fetching kernel: gaussian
2024-03-03 06:01:25,463 | INFO | hilo.gaussian-kernel : Calculating Gaussian distribution (location: 0, scale 1.0)
2024-03-03 06:01:25,463 | INFO | hilo.gaussian-kernel : TOP-LEFT:
tensor([[0.3296, 0.1999, 0.0446],
        [0.1999, 0.1212, 0.0271],
        [0.0446, 0.0271, 0.0060]])
2024-03-03 06:01:25,463 | INFO | hilo.kernel-accessor : Fetching kernel: gaussian
2024-03-03 06:01:25,463 | INFO | hilo.gaussian-kernel : Calculating Gaussian distribution (location: 0, scale 1.0)
2024-03-03 06:01:25,463 | INFO | hilo.gaussian-kernel : STATIC:
tensor([[0.3296, 0.1999, 0.0446],
        [0.1999, 0.1212, 0.0271],
        [0.0446, 0.0271, 0.0060]])
2024-03-03 06:01:25,463 | INFO | hilo.kernel-accessor : Fetching kernel: gaussian
2024-03-03 06:01:25,464 | INFO | hilo.gaussian-kernel : Calculating Gaussian distribution (location: 0, scale 1.0)
2024-03-03 06:01:25,464 | INFO | hilo.gaussian-kernel : STATIC:
tensor([[0.3296, 0.1999, 0.0446],
        [0.1999, 0.1212, 0.0271],
        [0.0446, 0.0271, 0.0060]])
2024-03-03 06:01:25,464 | INFO | hilo.kernel-accessor : Fetching kernel: gaussian
2024-03-03 06:01:25,464 | INFO | hilo.gaussian-kernel : Calculating Gaussian distribution (location: 0, scale 1.0)
2024-03-03 06:01:25,464 | INFO | hilo.gaussian-kernel : STATIC:
tensor([[0.3296, 0.1999, 0.0446],
        [0.1999, 0.1212, 0.0271],
        [0.0446, 0.0271, 0.0060]])
2024-03-03 06:01:25,464 | INFO | hilo.kernel-accessor : Fetching kernel: gaussian
2024-03-03 06:01:25,465 | INFO | hilo.gaussian-kernel : Calculating Gaussian distribution (location: 0, scale 1.0)
2024-03-03 06:01:25,465 | INFO | hilo.gaussian-kernel : STATIC:
tensor([[0.3296, 0.1999, 0.0446],
        [0.1999, 0.1212, 0.0271],
        [0.0446, 0.0271, 0.0060]])
2024-03-03 06:01:25,465 | INFO | hilo.kernel-accessor : Fetching kernel: gaussian
2024-03-03 06:01:25,465 | INFO | hilo.gaussian-kernel : Calculating Gaussian distribution (location: 0, scale 1.0)
2024-03-03 06:01:25,465 | INFO | hilo.gaussian-kernel : STATIC:
tensor([[0.3296, 0.1999, 0.0446],
        [0.1999, 0.1212, 0.0271],
        [0.0446, 0.0271, 0.0060]])
2024-03-03 06:01:25,465 | INFO | hilo.kernel-accessor : Fetching kernel: gaussian
2024-03-03 06:01:25,466 | INFO | hilo.gaussian-kernel : Calculating Gaussian distribution (location: 0, scale 1.0)
2024-03-03 06:01:25,466 | INFO | hilo.gaussian-kernel : TOP-LEFT:
tensor([[0.3296, 0.1999, 0.0446],
        [0.1999, 0.1212, 0.0271],
        [0.0446, 0.0271, 0.0060]])
2024-03-03 06:01:25,466 | INFO | hilo.kernel-accessor : Fetching kernel: gaussian
2024-03-03 06:01:25,466 | INFO | hilo.gaussian-kernel : Calculating Gaussian distribution (location: 0, scale 1.0)
2024-03-03 06:01:25,466 | INFO | hilo.gaussian-kernel : TOP-RIGHT:
tensor([[0.0446, 0.1999, 0.3296],
        [0.0271, 0.1212, 0.1999],
        [0.0060, 0.0271, 0.0446]])
2024-03-03 06:01:25,466 | INFO | hilo.kernel-accessor : Fetching kernel: gaussian
2024-03-03 06:01:25,467 | INFO | hilo.gaussian-kernel : Calculating Gaussian distribution (location: 0, scale 1.0)
2024-03-03 06:01:25,467 | INFO | hilo.gaussian-kernel : STATIC:
tensor([[0.3296, 0.1999, 0.0446],
        [0.1999, 0.1212, 0.0271],
        [0.0446, 0.0271, 0.0060]])
2024-03-03 06:01:25,467 | INFO | hilo.kernel-accessor : Fetching kernel: gaussian
2024-03-03 06:01:25,467 | INFO | hilo.gaussian-kernel : Calculating Gaussian distribution (location: 0, scale 1.0)
2024-03-03 06:01:25,467 | INFO | hilo.gaussian-kernel : STATIC:
tensor([[0.3296, 0.1999, 0.0446],
        [0.1999, 0.1212, 0.0271],
        [0.0446, 0.0271, 0.0060]])
2024-03-03 06:01:25,467 | INFO | hilo.kernel-accessor : Fetching kernel: gaussian
2024-03-03 06:01:25,468 | INFO | hilo.gaussian-kernel : Calculating Gaussian distribution (location: 0, scale 1.0)
2024-03-03 06:01:25,468 | INFO | hilo.gaussian-kernel : TOP-LEFT:
tensor([[0.3296, 0.1999, 0.0446],
        [0.1999, 0.1212, 0.0271],
        [0.0446, 0.0271, 0.0060]])
2024-03-03 06:01:25,468 | INFO | hilo.kernel-accessor : Fetching kernel: gaussian
2024-03-03 06:01:25,468 | INFO | hilo.gaussian-kernel : Calculating Gaussian distribution (location: 0, scale 1.0)
2024-03-03 06:01:25,468 | INFO | hilo.gaussian-kernel : STATIC:
tensor([[0.3296, 0.1999, 0.0446],
        [0.1999, 0.1212, 0.0271],
        [0.0446, 0.0271, 0.0060]])
2024-03-03 06:01:25,468 | INFO | hilo.kernel-accessor : Fetching kernel: gaussian
2024-03-03 06:01:25,469 | INFO | hilo.gaussian-kernel : Calculating Gaussian distribution (location: 0, scale 1.0)
2024-03-03 06:01:25,469 | INFO | hilo.gaussian-kernel : TOP-LEFT:
tensor([[0.3296, 0.1999, 0.0446],
        [0.1999, 0.1212, 0.0271],
        [0.0446, 0.0271, 0.0060]])
2024-03-03 06:01:25,469 | INFO | hilo.kernel-accessor : Fetching kernel: gaussian
2024-03-03 06:01:25,469 | INFO | hilo.gaussian-kernel : Calculating Gaussian distribution (location: 0, scale 1.0)
2024-03-03 06:01:25,469 | INFO | hilo.gaussian-kernel : TOP-RIGHT:
tensor([[0.0446, 0.1999, 0.3296],
        [0.0271, 0.1212, 0.1999],
        [0.0060, 0.0271, 0.0446]])
2024-03-03 06:02:47,037 | INFO | hilo : Epoch   1/200 | Accuracy:  35.1562 | Loss:   1.9178
2024-03-03 06:02:47,037 | INFO | hilo.kernel-accessor : Fetching kernel: gaussian
2024-03-03 06:02:47,037 | INFO | hilo.gaussian-kernel : Calculating Gaussian distribution (location: -0.005694170482456684, scale 0.6575689315795898)
2024-03-03 06:02:47,038 | INFO | hilo.gaussian-kernel : TOP-RIGHT:
tensor([[5.4777e-03, 1.7820e-01, 5.7387e-01],
        [1.7009e-03, 5.5333e-02, 1.7820e-01],
        [5.2285e-05, 1.7009e-03, 5.4777e-03]])
2024-03-03 06:02:47,038 | INFO | hilo.kernel-accessor : Fetching kernel: gaussian
2024-03-03 06:02:47,038 | INFO | hilo.gaussian-kernel : Calculating Gaussian distribution (location: -0.28804317116737366, scale 1.887658953666687)
2024-03-03 06:02:47,038 | INFO | hilo.gaussian-kernel : TOP-LEFT:
tensor([[0.1912, 0.1533, 0.0928],
        [0.1533, 0.1229, 0.0744],
        [0.0928, 0.0744, 0.0450]])
2024-03-03 06:02:47,039 | INFO | hilo.kernel-accessor : Fetching kernel: gaussian
2024-03-03 06:02:47,039 | INFO | hilo.gaussian-kernel : Calculating Gaussian distribution (location: -0.4031529426574707, scale 1.8012158870697021)
2024-03-03 06:02:47,039 | INFO | hilo.gaussian-kernel : STATIC:
tensor([[0.2108, 0.1596, 0.0888],
        [0.1596, 0.1208, 0.0672],
        [0.0888, 0.0672, 0.0374]])
2024-03-03 06:02:47,039 | INFO | hilo.kernel-accessor : Fetching kernel: gaussian
2024-03-03 06:02:47,039 | INFO | hilo.gaussian-kernel : Calculating Gaussian distribution (location: -0.059520430862903595, scale 1.5878310203552246)
2024-03-03 06:02:47,040 | INFO | hilo.gaussian-kernel : STATIC:
tensor([[0.2006, 0.1607, 0.0866],
        [0.1607, 0.1287, 0.0693],
        [0.0866, 0.0693, 0.0374]])
2024-03-03 06:02:47,040 | INFO | hilo.kernel-accessor : Fetching kernel: gaussian
2024-03-03 06:02:47,040 | INFO | hilo.gaussian-kernel : Calculating Gaussian distribution (location: -0.2406076192855835, scale 1.586719036102295)
2024-03-03 06:02:47,040 | INFO | hilo.gaussian-kernel : TOP-RIGHT:
tensor([[0.0832, 0.1660, 0.2228],
        [0.0620, 0.1237, 0.1660],
        [0.0310, 0.0620, 0.0832]])
2024-03-03 06:02:47,040 | INFO | hilo.kernel-accessor : Fetching kernel: gaussian
2024-03-03 06:02:47,040 | INFO | hilo.gaussian-kernel : Calculating Gaussian distribution (location: -0.07064679265022278, scale 1.0635355710983276)
2024-03-03 06:02:47,041 | INFO | hilo.gaussian-kernel : TOP-RIGHT:
tensor([[0.0489, 0.1962, 0.3249],
        [0.0295, 0.1184, 0.1962],
        [0.0074, 0.0295, 0.0489]])
2024-03-03 06:02:47,041 | INFO | hilo.kernel-accessor : Fetching kernel: gaussian
2024-03-03 06:02:47,041 | INFO | hilo.gaussian-kernel : Calculating Gaussian distribution (location: -0.15833443403244019, scale 1.205986738204956)
2024-03-03 06:02:47,041 | INFO | hilo.gaussian-kernel : STATIC:
tensor([[0.2956, 0.1880, 0.0601],
        [0.1880, 0.1195, 0.0382],
        [0.0601, 0.0382, 0.0122]])
2024-03-03 06:02:47,041 | INFO | hilo.kernel-accessor : Fetching kernel: gaussian
2024-03-03 06:02:47,041 | INFO | hilo.gaussian-kernel : Calculating Gaussian distribution (location: -0.10605334490537643, scale 1.184043049812317)
2024-03-03 06:02:47,042 | INFO | hilo.gaussian-kernel : TOP-LEFT:
tensor([[0.2905, 0.1885, 0.0600],
        [0.1885, 0.1224, 0.0389],
        [0.0600, 0.0389, 0.0124]])
2024-03-03 06:02:47,042 | INFO | hilo.kernel-accessor : Fetching kernel: gaussian
2024-03-03 06:02:47,042 | INFO | hilo.gaussian-kernel : Calculating Gaussian distribution (location: -0.012628735974431038, scale 1.1864006519317627)
2024-03-03 06:02:47,042 | INFO | hilo.gaussian-kernel : TOP-LEFT:
tensor([[0.2679, 0.1861, 0.0636],
        [0.1861, 0.1293, 0.0442],
        [0.0636, 0.0442, 0.0151]])
2024-03-03 06:02:47,042 | INFO | hilo.kernel-accessor : Fetching kernel: gaussian
2024-03-03 06:02:47,042 | INFO | hilo.gaussian-kernel : Calculating Gaussian distribution (location: 0.02144738659262657, scale 0.9227819442749023)
2024-03-03 06:02:47,043 | INFO | hilo.gaussian-kernel : TOP-RIGHT:
tensor([[0.0360, 0.2043, 0.3584],
        [0.0205, 0.1165, 0.2043],
        [0.0036, 0.0205, 0.0360]])
2024-03-03 06:02:47,043 | INFO | hilo.kernel-accessor : Fetching kernel: gaussian
2024-03-03 06:02:47,043 | INFO | hilo.gaussian-kernel : Calculating Gaussian distribution (location: -0.07692084461450577, scale 1.0419719219207764)
2024-03-03 06:02:47,043 | INFO | hilo.gaussian-kernel : TOP-LEFT:
tensor([[0.3359, 0.1975, 0.0462],
        [0.1975, 0.1161, 0.0272],
        [0.0462, 0.0272, 0.0064]])
2024-03-03 06:02:47,043 | INFO | hilo.kernel-accessor : Fetching kernel: gaussian
2024-03-03 06:02:47,044 | INFO | hilo.gaussian-kernel : Calculating Gaussian distribution (location: -0.03264305740594864, scale 1.0097631216049194)
2024-03-03 06:02:47,044 | INFO | hilo.gaussian-kernel : TOP-RIGHT:
tensor([[0.0443, 0.1993, 0.3361],
        [0.0263, 0.1182, 0.1993],
        [0.0058, 0.0263, 0.0443]])
2024-03-03 06:02:47,044 | INFO | hilo.kernel-accessor : Fetching kernel: gaussian
2024-03-03 06:02:47,044 | INFO | hilo.gaussian-kernel : Calculating Gaussian distribution (location: -0.027719339355826378, scale 0.988182783126831)
2024-03-03 06:02:47,044 | INFO | hilo.gaussian-kernel : STATIC:
tensor([[0.3443, 0.2005, 0.0419],
        [0.2005, 0.1168, 0.0244],
        [0.0419, 0.0244, 0.0051]])
2024-03-03 06:02:47,044 | INFO | hilo.kernel-accessor : Fetching kernel: gaussian
2024-03-03 06:02:47,045 | INFO | hilo.gaussian-kernel : Calculating Gaussian distribution (location: 0.015620088204741478, scale 0.7240648865699768)
2024-03-03 06:02:47,045 | INFO | hilo.gaussian-kernel : TOP-RIGHT:
tensor([[1.1596e-02, 1.9677e-01, 4.9568e-01],
        [4.6033e-03, 7.8110e-02, 1.9677e-01],
        [2.7130e-04, 4.6033e-03, 1.1596e-02]])
2024-03-03 06:02:47,045 | INFO | hilo.kernel-accessor : Fetching kernel: gaussian
2024-03-03 06:02:47,045 | INFO | hilo.gaussian-kernel : Calculating Gaussian distribution (location: 0.013997532427310944, scale 0.7311511039733887)
2024-03-03 06:02:47,045 | INFO | hilo.gaussian-kernel : STATIC:
tensor([[4.9048e-01, 1.9760e-01, 1.2262e-02],
        [1.9760e-01, 7.9609e-02, 4.9401e-03],
        [1.2262e-02, 4.9401e-03, 3.0655e-04]])
2024-03-03 06:02:47,046 | INFO | hilo.kernel-accessor : Fetching kernel: gaussian
2024-03-03 06:02:47,046 | INFO | hilo.gaussian-kernel : Calculating Gaussian distribution (location: -0.06668238341808319, scale 0.6770840883255005)
2024-03-03 06:02:47,046 | INFO | hilo.gaussian-kernel : STATIC:
tensor([[5.9168e-01, 1.7189e-01, 5.6376e-03],
        [1.7189e-01, 4.9937e-02, 1.6378e-03],
        [5.6376e-03, 1.6378e-03, 5.3716e-05]])
2024-03-03 06:02:47,046 | INFO | hilo.kernel-accessor : Fetching kernel: gaussian
2024-03-03 06:02:47,046 | INFO | hilo.gaussian-kernel : Calculating Gaussian distribution (location: -0.030145250260829926, scale 0.5122842788696289)
2024-03-03 06:02:47,047 | INFO | hilo.gaussian-kernel : TOP-RIGHT:
tensor([[3.0340e-04, 1.0332e-01, 7.7896e-01],
        [4.0244e-05, 1.3705e-02, 1.0332e-01],
        [1.1817e-07, 4.0244e-05, 3.0340e-04]])
2024-03-03 06:04:07,680 | INFO | hilo : Epoch   2/200 | Accuracy:  43.7500 | Loss:   1.5935
2024-03-03 06:04:07,680 | INFO | hilo.kernel-accessor : Fetching kernel: gaussian
2024-03-03 06:04:07,681 | INFO | hilo.gaussian-kernel : Calculating Gaussian distribution (location: -0.0005675796419382095, scale 0.6538603901863098)
2024-03-03 06:04:07,681 | INFO | hilo.gaussian-kernel : STATIC:
tensor([[5.7446e-01, 1.7815e-01, 5.3269e-03],
        [1.7815e-01, 5.5245e-02, 1.6519e-03],
        [5.3269e-03, 1.6519e-03, 4.9396e-05]])
2024-03-03 06:04:07,682 | INFO | hilo.kernel-accessor : Fetching kernel: gaussian
2024-03-03 06:04:07,682 | INFO | hilo.gaussian-kernel : Calculating Gaussian distribution (location: -0.4101996421813965, scale 1.3989797830581665)
2024-03-03 06:04:07,682 | INFO | hilo.gaussian-kernel : STATIC:
tensor([[0.2876, 0.1806, 0.0681],
        [0.1806, 0.1134, 0.0427],
        [0.0681, 0.0427, 0.0161]])
2024-03-03 06:04:07,682 | INFO | hilo.kernel-accessor : Fetching kernel: gaussian
2024-03-03 06:04:07,683 | INFO | hilo.gaussian-kernel : Calculating Gaussian distribution (location: -0.3014925420284271, scale 1.0979559421539307)
2024-03-03 06:04:07,683 | INFO | hilo.gaussian-kernel : STATIC:
tensor([[0.3765, 0.1936, 0.0435],
        [0.1936, 0.0996, 0.0223],
        [0.0435, 0.0223, 0.0050]])
2024-03-03 06:04:07,683 | INFO | hilo.kernel-accessor : Fetching kernel: gaussian
2024-03-03 06:04:07,683 | INFO | hilo.gaussian-kernel : Calculating Gaussian distribution (location: -0.054394520819187164, scale 1.055972695350647)
2024-03-03 06:04:07,684 | INFO | hilo.gaussian-kernel : TOP-LEFT:
tensor([[0.3231, 0.1966, 0.0488],
        [0.1966, 0.1196, 0.0297],
        [0.0488, 0.0297, 0.0074]])
2024-03-03 06:04:07,684 | INFO | hilo.kernel-accessor : Fetching kernel: gaussian
2024-03-03 06:04:07,684 | INFO | hilo.gaussian-kernel : Calculating Gaussian distribution (location: -0.15108437836170197, scale 1.1391725540161133)
2024-03-03 06:04:07,685 | INFO | hilo.gaussian-kernel : TOP-LEFT:
tensor([[0.3173, 0.1922, 0.0538],
        [0.1922, 0.1163, 0.0326],
        [0.0538, 0.0326, 0.0091]])
2024-03-03 06:04:07,685 | INFO | hilo.kernel-accessor : Fetching kernel: gaussian
2024-03-03 06:04:07,685 | INFO | hilo.gaussian-kernel : Calculating Gaussian distribution (location: -0.00993012823164463, scale 0.8265444040298462)
2024-03-03 06:04:07,685 | INFO | hilo.gaussian-kernel : STATIC:
tensor([[0.4294, 0.2036, 0.0223],
        [0.2036, 0.0965, 0.0106],
        [0.0223, 0.0106, 0.0012]])
2024-03-03 06:04:07,686 | INFO | hilo.kernel-accessor : Fetching kernel: gaussian
2024-03-03 06:04:07,686 | INFO | hilo.gaussian-kernel : Calculating Gaussian distribution (location: -0.17266042530536652, scale 0.982594907283783)
2024-03-03 06:04:07,686 | INFO | hilo.gaussian-kernel : TOP-LEFT:
tensor([[0.3974, 0.1980, 0.0350],
        [0.1980, 0.0986, 0.0174],
        [0.0350, 0.0174, 0.0031]])
2024-03-03 06:04:07,686 | INFO | hilo.kernel-accessor : Fetching kernel: gaussian
2024-03-03 06:04:07,687 | INFO | hilo.gaussian-kernel : Calculating Gaussian distribution (location: -0.1548978090286255, scale 0.9903358221054077)
2024-03-03 06:04:07,687 | INFO | hilo.gaussian-kernel : TOP-LEFT:
tensor([[0.3869, 0.1984, 0.0367],
        [0.1984, 0.1018, 0.0188],
        [0.0367, 0.0188, 0.0035]])
2024-03-03 06:04:07,687 | INFO | hilo.kernel-accessor : Fetching kernel: gaussian
2024-03-03 06:04:07,687 | INFO | hilo.gaussian-kernel : Calculating Gaussian distribution (location: -0.0847574919462204, scale 0.9989560842514038)
2024-03-03 06:04:07,688 | INFO | hilo.gaussian-kernel : TOP-LEFT:
tensor([[0.3584, 0.1995, 0.0408],
        [0.1995, 0.1110, 0.0227],
        [0.0408, 0.0227, 0.0046]])
2024-03-03 06:04:07,688 | INFO | hilo.kernel-accessor : Fetching kernel: gaussian
2024-03-03 06:04:07,688 | INFO | hilo.gaussian-kernel : Calculating Gaussian distribution (location: 0.017633605748414993, scale 0.8183373212814331)
2024-03-03 06:04:07,689 | INFO | hilo.gaussian-kernel : TOP-LEFT:
tensor([[0.4218, 0.2052, 0.0224],
        [0.2052, 0.0999, 0.0109],
        [0.0224, 0.0109, 0.0012]])
2024-03-03 06:04:07,689 | INFO | hilo.kernel-accessor : Fetching kernel: gaussian
2024-03-03 06:04:07,689 | INFO | hilo.gaussian-kernel : Calculating Gaussian distribution (location: -0.11323428153991699, scale 1.1042526960372925)
2024-03-03 06:04:07,689 | INFO | hilo.gaussian-kernel : TOP-RIGHT:
tensor([[0.0517, 0.1939, 0.3207],
        [0.0312, 0.1173, 0.1939],
        [0.0083, 0.0312, 0.0517]])
2024-03-03 06:04:07,690 | INFO | hilo.kernel-accessor : Fetching kernel: gaussian
2024-03-03 06:04:07,690 | INFO | hilo.gaussian-kernel : Calculating Gaussian distribution (location: -0.04092993214726448, scale 1.0799247026443481)
2024-03-03 06:04:07,690 | INFO | hilo.gaussian-kernel : STATIC:
tensor([[0.3098, 0.1948, 0.0520],
        [0.1948, 0.1225, 0.0327],
        [0.0520, 0.0327, 0.0087]])
2024-03-03 06:04:07,690 | INFO | hilo.kernel-accessor : Fetching kernel: gaussian
2024-03-03 06:04:07,691 | INFO | hilo.gaussian-kernel : Calculating Gaussian distribution (location: 0.057357899844646454, scale 1.1147377490997314)
2024-03-03 06:04:07,691 | INFO | hilo.gaussian-kernel : STATIC:
tensor([[0.2714, 0.1900, 0.0595],
        [0.1900, 0.1331, 0.0417],
        [0.0595, 0.0417, 0.0131]])
2024-03-03 06:04:07,691 | INFO | hilo.kernel-accessor : Fetching kernel: gaussian
2024-03-03 06:04:07,691 | INFO | hilo.gaussian-kernel : Calculating Gaussian distribution (location: 0.05583285540342331, scale 0.8866676092147827)
2024-03-03 06:04:07,692 | INFO | hilo.gaussian-kernel : TOP-LEFT:
tensor([[0.3634, 0.2065, 0.0329],
        [0.2065, 0.1174, 0.0187],
        [0.0329, 0.0187, 0.0030]])
2024-03-03 06:04:07,692 | INFO | hilo.kernel-accessor : Fetching kernel: gaussian
2024-03-03 06:04:07,692 | INFO | hilo.gaussian-kernel : Calculating Gaussian distribution (location: 0.05500856786966324, scale 0.9614124298095703)
2024-03-03 06:04:07,693 | INFO | hilo.gaussian-kernel : TOP-RIGHT:
tensor([[0.0424, 0.2024, 0.3275],
        [0.0262, 0.1251, 0.2024],
        [0.0055, 0.0262, 0.0424]])
2024-03-03 06:04:07,693 | INFO | hilo.kernel-accessor : Fetching kernel: gaussian
2024-03-03 06:04:07,693 | INFO | hilo.gaussian-kernel : Calculating Gaussian distribution (location: 0.04630834236741066, scale 1.0417488813400269)
2024-03-03 06:04:07,693 | INFO | hilo.gaussian-kernel : STATIC:
tensor([[0.2983, 0.1964, 0.0515],
        [0.1964, 0.1293, 0.0339],
        [0.0515, 0.0339, 0.0089]])
2024-03-03 06:04:07,694 | INFO | hilo.kernel-accessor : Fetching kernel: gaussian
2024-03-03 06:04:07,694 | INFO | hilo.gaussian-kernel : Calculating Gaussian distribution (location: -0.39289557933807373, scale 1.5217671394348145)
2024-03-03 06:04:07,694 | INFO | hilo.gaussian-kernel : TOP-RIGHT:
tensor([[0.0766, 0.1734, 0.2550],
        [0.0521, 0.1179, 0.1734],
        [0.0230, 0.0521, 0.0766]])
2024-03-03 06:05:28,378 | INFO | hilo : Epoch   3/200 | Accuracy:  38.3681 | Loss:   1.4892
2024-03-03 06:05:28,378 | INFO | hilo.kernel-accessor : Fetching kernel: gaussian
2024-03-03 06:05:28,379 | INFO | hilo.gaussian-kernel : Calculating Gaussian distribution (location: 0.002116866409778595, scale 0.6137908697128296)
2024-03-03 06:05:28,380 | INFO | hilo.gaussian-kernel : TOP-LEFT:
tensor([[6.1832e-01, 1.6492e-01, 3.0942e-03],
        [1.6492e-01, 4.3987e-02, 8.2529e-04],
        [3.0942e-03, 8.2529e-04, 1.5484e-05]])
2024-03-03 06:05:28,380 | INFO | hilo.kernel-accessor : Fetching kernel: gaussian
2024-03-03 06:05:28,380 | INFO | hilo.gaussian-kernel : Calculating Gaussian distribution (location: -0.5718179941177368, scale 1.5668853521347046)
2024-03-03 06:05:28,381 | INFO | hilo.gaussian-kernel : STATIC:
tensor([[0.2701, 0.1745, 0.0751],
        [0.1745, 0.1128, 0.0485],
        [0.0751, 0.0485, 0.0209]])
2024-03-03 06:05:28,381 | INFO | hilo.kernel-accessor : Fetching kernel: gaussian
2024-03-03 06:05:28,381 | INFO | hilo.gaussian-kernel : Calculating Gaussian distribution (location: -0.3543170392513275, scale 1.0125612020492554)
2024-03-03 06:05:28,382 | INFO | hilo.gaussian-kernel : TOP-RIGHT:
tensor([[0.0314, 0.1917, 0.4410],
        [0.0137, 0.0833, 0.1917],
        [0.0022, 0.0137, 0.0314]])
2024-03-03 06:05:28,382 | INFO | hilo.kernel-accessor : Fetching kernel: gaussian
2024-03-03 06:05:28,382 | INFO | hilo.gaussian-kernel : Calculating Gaussian distribution (location: -0.06620995700359344, scale 0.9029467105865479)
2024-03-03 06:05:28,383 | INFO | hilo.gaussian-kernel : TOP-RIGHT:
tensor([[0.0296, 0.2019, 0.4044],
        [0.0148, 0.1008, 0.2019],
        [0.0022, 0.0148, 0.0296]])
2024-03-03 06:05:28,383 | INFO | hilo.kernel-accessor : Fetching kernel: gaussian
2024-03-03 06:05:28,383 | INFO | hilo.gaussian-kernel : Calculating Gaussian distribution (location: -0.026731174439191818, scale 0.8657037019729614)
2024-03-03 06:05:28,384 | INFO | hilo.gaussian-kernel : TOP-RIGHT:
tensor([[0.0265, 0.2035, 0.4110],
        [0.0131, 0.1008, 0.2035],
        [0.0017, 0.0131, 0.0265]])
2024-03-03 06:05:28,384 | INFO | hilo.kernel-accessor : Fetching kernel: gaussian
2024-03-03 06:05:28,384 | INFO | hilo.gaussian-kernel : Calculating Gaussian distribution (location: 0.055828697979450226, scale 0.6574233770370483)
2024-03-03 06:05:28,385 | INFO | hilo.gaussian-kernel : STATIC:
tensor([[5.3241e-01, 1.9051e-01, 6.7418e-03],
        [1.9051e-01, 6.8172e-02, 2.4124e-03],
        [6.7418e-03, 2.4124e-03, 8.5370e-05]])
2024-03-03 06:05:28,385 | INFO | hilo.kernel-accessor : Fetching kernel: gaussian
2024-03-03 06:05:28,385 | INFO | hilo.gaussian-kernel : Calculating Gaussian distribution (location: -0.07053156197071075, scale 0.7251673340797424)
2024-03-03 06:05:28,386 | INFO | hilo.gaussian-kernel : STATIC:
tensor([[5.4467e-01, 1.8406e-01, 9.2878e-03],
        [1.8406e-01, 6.2198e-02, 3.1386e-03],
        [9.2878e-03, 3.1386e-03, 1.5838e-04]])
2024-03-03 06:05:28,386 | INFO | hilo.kernel-accessor : Fetching kernel: gaussian
2024-03-03 06:05:28,386 | INFO | hilo.gaussian-kernel : Calculating Gaussian distribution (location: -0.1303737461566925, scale 0.678074300289154)
2024-03-03 06:05:28,387 | INFO | hilo.gaussian-kernel : TOP-RIGHT:
tensor([[4.6030e-03, 1.5960e-01, 6.2871e-01],
        [1.1685e-03, 4.0514e-02, 1.5960e-01],
        [3.3700e-05, 1.1685e-03, 4.6030e-03]])
2024-03-03 06:05:28,387 | INFO | hilo.kernel-accessor : Fetching kernel: gaussian
2024-03-03 06:05:28,387 | INFO | hilo.gaussian-kernel : Calculating Gaussian distribution (location: -0.11638933420181274, scale 0.6678681969642639)
2024-03-03 06:05:28,388 | INFO | hilo.gaussian-kernel : STATIC:
tensor([[6.3208e-01, 1.5872e-01, 4.2348e-03],
        [1.5872e-01, 3.9855e-02, 1.0634e-03],
        [4.2348e-03, 1.0634e-03, 2.8372e-05]])
2024-03-03 06:05:28,388 | INFO | hilo.kernel-accessor : Fetching kernel: gaussian
2024-03-03 06:05:28,388 | INFO | hilo.gaussian-kernel : Calculating Gaussian distribution (location: -0.025739070028066635, scale 0.5262128114700317)
2024-03-03 06:05:28,389 | INFO | hilo.gaussian-kernel : TOP-RIGHT:
tensor([[4.5788e-04, 1.1317e-01, 7.5565e-01],
        [6.8576e-05, 1.6950e-02, 1.1317e-01],
        [2.7745e-07, 6.8576e-05, 4.5788e-04]])
2024-03-03 06:05:28,389 | INFO | hilo.kernel-accessor : Fetching kernel: gaussian
2024-03-03 06:05:28,389 | INFO | hilo.gaussian-kernel : Calculating Gaussian distribution (location: -0.19907936453819275, scale 0.646647572517395)
2024-03-03 06:05:28,389 | INFO | hilo.gaussian-kernel : TOP-RIGHT:
tensor([[2.2769e-03, 1.3244e-01, 7.0482e-01],
        [4.2784e-04, 2.4886e-02, 1.3244e-01],
        [7.3556e-06, 4.2784e-04, 2.2769e-03]])
2024-03-03 06:05:28,390 | INFO | hilo.kernel-accessor : Fetching kernel: gaussian
2024-03-03 06:05:28,390 | INFO | hilo.gaussian-kernel : Calculating Gaussian distribution (location: -0.04929862171411514, scale 0.6062328815460205)
2024-03-03 06:05:28,390 | INFO | hilo.gaussian-kernel : TOP-RIGHT:
tensor([[2.1976e-03, 1.4885e-01, 6.6352e-01],
        [4.9300e-04, 3.3392e-02, 1.4885e-01],
        [7.2786e-06, 4.9300e-04, 2.1976e-03]])
2024-03-03 06:05:28,391 | INFO | hilo.kernel-accessor : Fetching kernel: gaussian
2024-03-03 06:05:28,391 | INFO | hilo.gaussian-kernel : Calculating Gaussian distribution (location: 0.02808898501098156, scale 0.6101803183555603)
2024-03-03 06:05:28,391 | INFO | hilo.gaussian-kernel : TOP-RIGHT:
tensor([[3.2621e-03, 1.6999e-01, 6.0379e-01],
        [9.1842e-04, 4.7858e-02, 1.6999e-01],
        [1.7625e-05, 9.1842e-04, 3.2621e-03]])
2024-03-03 06:05:28,392 | INFO | hilo.kernel-accessor : Fetching kernel: gaussian
2024-03-03 06:05:28,392 | INFO | hilo.gaussian-kernel : Calculating Gaussian distribution (location: 0.0676974430680275, scale 0.47587060928344727)
2024-03-03 06:05:28,392 | INFO | hilo.gaussian-kernel : TOP-LEFT:
tensor([[7.5813e-01, 1.1237e-01, 2.0127e-04],
        [1.1237e-01, 1.6657e-02, 2.9833e-05],
        [2.0127e-04, 2.9833e-05, 5.3433e-08]])
2024-03-03 06:05:28,393 | INFO | hilo.kernel-accessor : Fetching kernel: gaussian
2024-03-03 06:05:28,393 | INFO | hilo.gaussian-kernel : Calculating Gaussian distribution (location: 0.025256827473640442, scale 0.546027660369873)
2024-03-03 06:05:28,394 | INFO | hilo.gaussian-kernel : TOP-RIGHT:
tensor([[9.9628e-04, 1.4014e-01, 6.8881e-01],
        [2.0270e-04, 2.8512e-02, 1.4014e-01],
        [1.4410e-06, 2.0270e-04, 9.9628e-04]])
2024-03-03 06:05:28,394 | INFO | hilo.kernel-accessor : Fetching kernel: gaussian
2024-03-03 06:05:28,394 | INFO | hilo.gaussian-kernel : Calculating Gaussian distribution (location: 0.013985643163323402, scale 0.6201868653297424)
2024-03-03 06:05:28,395 | INFO | hilo.gaussian-kernel : STATIC:
tensor([[6.0226e-01, 1.7022e-01, 3.5738e-03],
        [1.7022e-01, 4.8111e-02, 1.0101e-03],
        [3.5738e-03, 1.0101e-03, 2.1207e-05]])
2024-03-03 06:05:28,395 | INFO | hilo.kernel-accessor : Fetching kernel: gaussian
2024-03-03 06:05:28,395 | INFO | hilo.gaussian-kernel : Calculating Gaussian distribution (location: -0.17996364831924438, scale 0.866251528263092)
2024-03-03 06:05:28,396 | INFO | hilo.gaussian-kernel : TOP-LEFT:
tensor([[0.4775, 0.1929, 0.0206],
        [0.1929, 0.0780, 0.0083],
        [0.0206, 0.0083, 0.0009]])
2024-03-03 06:06:49,111 | INFO | hilo : Epoch   4/200 | Accuracy:  42.1875 | Loss:   1.4923
2024-03-03 06:06:49,111 | INFO | hilo.kernel-accessor : Fetching kernel: gaussian
2024-03-03 06:06:49,112 | INFO | hilo.gaussian-kernel : Calculating Gaussian distribution (location: -0.00851337518543005, scale 0.664797842502594)
2024-03-03 06:06:49,112 | INFO | hilo.gaussian-kernel : TOP-RIGHT:
tensor([[5.9195e-03, 1.7974e-01, 5.6799e-01],
        [1.8732e-03, 5.6878e-02, 1.7974e-01],
        [6.1691e-05, 1.8732e-03, 5.9195e-03]])
2024-03-03 06:06:49,113 | INFO | hilo.kernel-accessor : Fetching kernel: gaussian
2024-03-03 06:06:49,113 | INFO | hilo.gaussian-kernel : Calculating Gaussian distribution (location: -0.7623720169067383, scale 1.7554435729980469)
2024-03-03 06:06:49,113 | INFO | hilo.gaussian-kernel : TOP-LEFT:
tensor([[0.2544, 0.1689, 0.0811],
        [0.1689, 0.1121, 0.0538],
        [0.0811, 0.0538, 0.0258]])
2024-03-03 06:06:49,113 | INFO | hilo.kernel-accessor : Fetching kernel: gaussian
2024-03-03 06:06:49,113 | INFO | hilo.gaussian-kernel : Calculating Gaussian distribution (location: -0.3508160710334778, scale 0.9142463803291321)
2024-03-03 06:06:49,113 | INFO | hilo.gaussian-kernel : TOP-LEFT:
tensor([[0.5096, 0.1841, 0.0201],
        [0.1841, 0.0665, 0.0073],
        [0.0201, 0.0073, 0.0008]])
2024-03-03 06:06:49,114 | INFO | hilo.kernel-accessor : Fetching kernel: gaussian
2024-03-03 06:06:49,114 | INFO | hilo.gaussian-kernel : Calculating Gaussian distribution (location: -0.07186959683895111, scale 0.8879507780075073)
2024-03-03 06:06:49,114 | INFO | hilo.gaussian-kernel : TOP-RIGHT:
tensor([[0.0274, 0.2015, 0.4162],
        [0.0133, 0.0976, 0.2015],
        [0.0018, 0.0133, 0.0274]])
2024-03-03 06:06:49,114 | INFO | hilo.kernel-accessor : Fetching kernel: gaussian
2024-03-03 06:06:49,114 | INFO | hilo.gaussian-kernel : Calculating Gaussian distribution (location: -0.05812733620405197, scale 0.7524613738059998)
2024-03-03 06:06:49,115 | INFO | hilo.gaussian-kernel : TOP-LEFT:
tensor([[5.1242e-01, 1.9121e-01, 1.2201e-02],
        [1.9121e-01, 7.1354e-02, 4.5528e-03],
        [1.2201e-02, 4.5528e-03, 2.9049e-04]])
2024-03-03 06:06:49,115 | INFO | hilo.kernel-accessor : Fetching kernel: gaussian
2024-03-03 06:06:49,115 | INFO | hilo.gaussian-kernel : Calculating Gaussian distribution (location: 0.0639958456158638, scale 0.573718249797821)
2024-03-03 06:06:49,115 | INFO | hilo.gaussian-kernel : STATIC:
tensor([[6.2069e-01, 1.6504e-01, 2.1032e-03],
        [1.6504e-01, 4.3886e-02, 5.5926e-04],
        [2.1032e-03, 5.5926e-04, 7.1269e-06]])
2024-03-03 06:06:49,115 | INFO | hilo.kernel-accessor : Fetching kernel: gaussian
2024-03-03 06:06:49,115 | INFO | hilo.gaussian-kernel : Calculating Gaussian distribution (location: -0.08457529544830322, scale 0.7072436809539795)
2024-03-03 06:06:49,116 | INFO | hilo.gaussian-kernel : TOP-LEFT:
tensor([[5.7059e-01, 1.7732e-01, 7.4636e-03],
        [1.7732e-01, 5.5107e-02, 2.3195e-03],
        [7.4636e-03, 2.3195e-03, 9.7629e-05]])
2024-03-03 06:06:49,116 | INFO | hilo.kernel-accessor : Fetching kernel: gaussian
2024-03-03 06:06:49,116 | INFO | hilo.gaussian-kernel : Calculating Gaussian distribution (location: -0.1531526744365692, scale 0.5983062982559204)
2024-03-03 06:06:49,116 | INFO | hilo.gaussian-kernel : STATIC:
tensor([[7.3949e-01, 1.1927e-01, 1.1773e-03],
        [1.1927e-01, 1.9236e-02, 1.8988e-04],
        [1.1773e-03, 1.8988e-04, 1.8744e-06]])
2024-03-03 06:06:49,116 | INFO | hilo.kernel-accessor : Fetching kernel: gaussian
2024-03-03 06:06:49,116 | INFO | hilo.gaussian-kernel : Calculating Gaussian distribution (location: -0.11787080764770508, scale 0.5554438233375549)
2024-03-03 06:06:49,117 | INFO | hilo.gaussian-kernel : TOP-RIGHT:
tensor([[5.5243e-04, 1.0465e-01, 7.7533e-01],
        [7.4561e-05, 1.4124e-02, 1.0465e-01],
        [3.9361e-07, 7.4561e-05, 5.5243e-04]])
2024-03-03 06:06:49,117 | INFO | hilo.kernel-accessor : Fetching kernel: gaussian
2024-03-03 06:06:49,117 | INFO | hilo.gaussian-kernel : Calculating Gaussian distribution (location: 0.023807398974895477, scale 0.4840063452720642)
2024-03-03 06:06:49,117 | INFO | hilo.gaussian-kernel : TOP-LEFT:
tensor([[7.8146e-01, 1.0235e-01, 1.8768e-04],
        [1.0235e-01, 1.3406e-02, 2.4582e-05],
        [1.8768e-04, 2.4582e-05, 4.5074e-08]])
2024-03-03 06:06:49,117 | INFO | hilo.kernel-accessor : Fetching kernel: gaussian
2024-03-03 06:06:49,117 | INFO | hilo.gaussian-kernel : Calculating Gaussian distribution (location: -0.21549418568611145, scale 0.5946964621543884)
2024-03-03 06:06:49,118 | INFO | hilo.gaussian-kernel : TOP-RIGHT:
tensor([[8.0557e-04, 1.0297e-01, 7.7862e-01],
        [1.0653e-04, 1.3617e-02, 1.0297e-01],
        [8.3346e-07, 1.0653e-04, 8.0557e-04]])
2024-03-03 06:06:49,118 | INFO | hilo.kernel-accessor : Fetching kernel: gaussian
2024-03-03 06:06:49,118 | INFO | hilo.gaussian-kernel : Calculating Gaussian distribution (location: 0.005371457431465387, scale 0.4890293478965759)
2024-03-03 06:06:49,118 | INFO | hilo.gaussian-kernel : TOP-RIGHT:
tensor([[1.9228e-04, 9.9582e-02, 7.8781e-01],
        [2.4305e-05, 1.2587e-02, 9.9582e-02],
        [4.6932e-08, 2.4305e-05, 1.9228e-04]])
2024-03-03 06:06:49,118 | INFO | hilo.kernel-accessor : Fetching kernel: gaussian
2024-03-03 06:06:49,118 | INFO | hilo.gaussian-kernel : Calculating Gaussian distribution (location: 0.061228685081005096, scale 0.468374103307724)
2024-03-03 06:06:49,119 | INFO | hilo.gaussian-kernel : STATIC:
tensor([[7.7556e-01, 1.0495e-01, 1.4882e-04],
        [1.0495e-01, 1.4202e-02, 2.0138e-05],
        [1.4882e-04, 2.0138e-05, 2.8555e-08]])
2024-03-03 06:06:49,119 | INFO | hilo.kernel-accessor : Fetching kernel: gaussian
2024-03-03 06:06:49,119 | INFO | hilo.gaussian-kernel : Calculating Gaussian distribution (location: 0.016331583261489868, scale 0.42454972863197327)
2024-03-03 06:06:49,119 | INFO | hilo.gaussian-kernel : TOP-RIGHT:
tensor([[1.5932e-05, 5.9865e-02, 8.7614e-01],
        [1.0886e-06, 4.0905e-03, 5.9865e-02],
        [2.8972e-10, 1.0886e-06, 1.5932e-05]])
2024-03-03 06:06:49,119 | INFO | hilo.kernel-accessor : Fetching kernel: gaussian
2024-03-03 06:06:49,120 | INFO | hilo.gaussian-kernel : Calculating Gaussian distribution (location: 0.05370352789759636, scale 0.4130880534648895)
2024-03-03 06:06:49,120 | INFO | hilo.gaussian-kernel : TOP-RIGHT:
tensor([[1.3240e-05, 6.3507e-02, 8.6831e-01],
        [9.6838e-07, 4.6448e-03, 6.3507e-02],
        [2.0190e-10, 9.6838e-07, 1.3240e-05]])
2024-03-03 06:06:49,120 | INFO | hilo.kernel-accessor : Fetching kernel: gaussian
2024-03-03 06:06:49,120 | INFO | hilo.gaussian-kernel : Calculating Gaussian distribution (location: 0.0056641921401023865, scale 0.42032554745674133)
2024-03-03 06:06:49,120 | INFO | hilo.gaussian-kernel : TOP-LEFT:
tensor([[8.8841e-01, 5.4132e-02, 1.1485e-05],
        [5.4132e-02, 3.2983e-03, 6.9976e-07],
        [1.1485e-05, 6.9976e-07, 1.4846e-10]])
2024-03-03 06:06:49,120 | INFO | hilo.kernel-accessor : Fetching kernel: gaussian
2024-03-03 06:06:49,121 | INFO | hilo.gaussian-kernel : Calculating Gaussian distribution (location: 0.11628574132919312, scale 0.5254624485969543)
2024-03-03 06:06:49,121 | INFO | hilo.gaussian-kernel : TOP-LEFT:
tensor([[6.3917e-01, 1.5925e-01, 1.0608e-03],
        [1.5925e-01, 3.9676e-02, 2.6429e-04],
        [1.0608e-03, 2.6429e-04, 1.7605e-06]])
2024-03-03 06:08:09,833 | INFO | hilo : Epoch   5/200 | Accuracy:  45.3125 | Loss:   1.5310
2024-03-03 06:08:09,833 | INFO | hilo.kernel-accessor : Fetching kernel: gaussian
2024-03-03 06:08:09,834 | INFO | hilo.gaussian-kernel : Calculating Gaussian distribution (location: -0.0056230854243040085, scale 0.5691018104553223)
2024-03-03 06:08:09,834 | INFO | hilo.gaussian-kernel : TOP-RIGHT:
tensor([[1.3682e-03, 1.4291e-01, 6.8087e-01],
        [2.8717e-04, 2.9996e-02, 1.4291e-01],
        [2.7492e-06, 2.8717e-04, 1.3682e-03]])
2024-03-03 06:08:09,834 | INFO | hilo.kernel-accessor : Fetching kernel: gaussian
2024-03-03 06:08:09,835 | INFO | hilo.gaussian-kernel : Calculating Gaussian distribution (location: -0.7638234496116638, scale 1.808157205581665)
2024-03-03 06:08:09,835 | INFO | hilo.gaussian-kernel : STATIC:
tensor([[0.2452, 0.1666, 0.0834],
        [0.1666, 0.1132, 0.0566],
        [0.0834, 0.0566, 0.0283]])
2024-03-03 06:08:09,835 | INFO | hilo.kernel-accessor : Fetching kernel: gaussian
2024-03-03 06:08:09,835 | INFO | hilo.gaussian-kernel : Calculating Gaussian distribution (location: -0.4099270701408386, scale 1.0131016969680786)
2024-03-03 06:08:09,836 | INFO | hilo.gaussian-kernel : TOP-RIGHT:
tensor([[0.0294, 0.1891, 0.4589],
        [0.0121, 0.0779, 0.1891],
        [0.0019, 0.0121, 0.0294]])
2024-03-03 06:08:09,836 | INFO | hilo.kernel-accessor : Fetching kernel: gaussian
2024-03-03 06:08:09,836 | INFO | hilo.gaussian-kernel : Calculating Gaussian distribution (location: -0.07611358165740967, scale 0.9656153917312622)
2024-03-03 06:08:09,836 | INFO | hilo.gaussian-kernel : TOP-LEFT:
tensor([[0.3725, 0.2008, 0.0370],
        [0.2008, 0.1082, 0.0200],
        [0.0370, 0.0200, 0.0037]])
2024-03-03 06:08:09,836 | INFO | hilo.kernel-accessor : Fetching kernel: gaussian
2024-03-03 06:08:09,836 | INFO | hilo.gaussian-kernel : Calculating Gaussian distribution (location: -0.07026012986898422, scale 0.7620565891265869)
2024-03-03 06:08:09,837 | INFO | hilo.gaussian-kernel : STATIC:
tensor([[5.1046e-01, 1.9120e-01, 1.2799e-02],
        [1.9120e-01, 7.1620e-02, 4.7943e-03],
        [1.2799e-02, 4.7943e-03, 3.2094e-04]])
2024-03-03 06:08:09,837 | INFO | hilo.kernel-accessor : Fetching kernel: gaussian
2024-03-03 06:08:09,837 | INFO | hilo.gaussian-kernel : Calculating Gaussian distribution (location: 0.005684716161340475, scale 0.5900160074234009)
2024-03-03 06:08:09,837 | INFO | hilo.gaussian-kernel : TOP-RIGHT:
tensor([[2.1317e-03, 1.5594e-01, 6.4512e-01],
        [5.1529e-04, 3.7695e-02, 1.5594e-01],
        [7.0441e-06, 5.1529e-04, 2.1317e-03]])
2024-03-03 06:08:09,837 | INFO | hilo.kernel-accessor : Fetching kernel: gaussian
2024-03-03 06:08:09,837 | INFO | hilo.gaussian-kernel : Calculating Gaussian distribution (location: -0.1115255355834961, scale 0.5674178600311279)
2024-03-03 06:08:09,838 | INFO | hilo.gaussian-kernel : STATIC:
tensor([[7.5527e-01, 1.1304e-01, 7.5760e-04],
        [1.1304e-01, 1.6917e-02, 1.1338e-04],
        [7.5760e-04, 1.1338e-04, 7.5993e-07]])
2024-03-03 06:08:09,838 | INFO | hilo.kernel-accessor : Fetching kernel: gaussian
