2024-03-10 08:50:57,963 | INFO | hilo : 
+==============================================================+
|                                                              |
| ██████╗  █████╗ ██████╗ ██╗         ██╗      █████╗ ██████╗  |
| ██╔══██╗██╔══██╗██╔══██╗██║         ██║     ██╔══██╗██╔══██╗ |
| ██║  ██║███████║██║  ██║██║         ██║     ███████║██████╔╝ |
| ██║  ██║██╔══██║██║  ██║██║         ██║     ██╔══██║██╔══██╗ |
| ██████╔╝██║  ██║██████╔╝███████╗    ███████╗██║  ██║██████╔╝ |
| ╚═════╝ ╚═╝  ╚═╝╚═════╝ ╚══════╝    ╚══════╝╚═╝  ╚═╝╚═════╝  |
+==============================================================+
|             Hi-Lo Resolution Image Classification            |
|             -------------------------------------            |
|                       Gabriel C. Trahan                      |
|                          Sahan Ahmad                         |
|                       MD  Aminual Islam                      |
+==============================================================+
2024-03-10 08:50:59,539 | INFO | hilo.dataset-accessor : Fetching dataset: cifar10
2024-03-10 08:50:59,539 | INFO | hilo.cifar10-dataset : Initializing transform
2024-03-10 08:50:59,540 | INFO | hilo.cifar10-dataset : Verifying/downloading train data
2024-03-10 08:51:00,120 | INFO | hilo.cifar10-dataset : Verifying/downloading test data
2024-03-10 08:51:00,592 | INFO | hilo.cifar10-dataset : Creating train data loader.
2024-03-10 08:51:00,592 | INFO | hilo.cifar10-dataset : Creating test data loader.
2024-03-10 08:51:00,699 | INFO | hilo : Output directory: output/resnet/cifar10/laplace/14/20240310_085059/
2024-03-10 08:51:01,652 | INFO | hilo : Using device: NVIDIA GeForce GTX 1060 6GB
2024-03-10 08:51:01,653 | INFO | hilo : Exeucting job: MODEL resnet | DATASET cifar10 | KERNEL laplace | TYPE 14
2024-03-10 08:51:01,653 | INFO | hilo : Commencing training phase...
2024-03-10 08:51:01,653 | INFO | hilo.kernel-accessor : Fetching kernel: laplace
2024-03-10 08:51:01,653 | INFO | hilo.laplace-kernel : Calculating Laplace distribution (location: 0.0, scale 1.0)
2024-03-10 08:51:01,654 | INFO | hilo.laplace-kernel : TOP-LEFT:
tensor([[0.4425, 0.1628, 0.0599],
        [0.1628, 0.0599, 0.0220],
        [0.0599, 0.0220, 0.0081]])
2024-03-10 08:51:01,654 | INFO | hilo.kernel-accessor : Fetching kernel: laplace
2024-03-10 08:51:01,654 | INFO | hilo.laplace-kernel : Calculating Laplace distribution (location: 0.0, scale 1.0)
2024-03-10 08:51:01,654 | INFO | hilo.laplace-kernel : BOTTOM-LEFT:
tensor([[0.0599, 0.0220, 0.0081],
        [0.1628, 0.0599, 0.0220],
        [0.4425, 0.1628, 0.0599]])
2024-03-10 08:51:01,655 | INFO | hilo.kernel-accessor : Fetching kernel: laplace
2024-03-10 08:51:01,655 | INFO | hilo.laplace-kernel : Calculating Laplace distribution (location: 0.0, scale 1.0)
2024-03-10 08:51:01,655 | INFO | hilo.laplace-kernel : BOTTOM-RIGHT:
tensor([[0.0081, 0.0220, 0.0599],
        [0.0220, 0.0599, 0.1628],
        [0.0599, 0.1628, 0.4425]])
2024-03-10 08:51:01,655 | INFO | hilo.kernel-accessor : Fetching kernel: laplace
2024-03-10 08:51:01,655 | INFO | hilo.laplace-kernel : Calculating Laplace distribution (location: 0.0, scale 1.0)
2024-03-10 08:51:01,655 | INFO | hilo.laplace-kernel : BOTTOM-LEFT:
tensor([[0.0599, 0.0220, 0.0081],
        [0.1628, 0.0599, 0.0220],
        [0.4425, 0.1628, 0.0599]])
2024-03-10 08:51:01,656 | INFO | hilo.kernel-accessor : Fetching kernel: laplace
2024-03-10 08:51:01,656 | INFO | hilo.laplace-kernel : Calculating Laplace distribution (location: 0.0, scale 1.0)
2024-03-10 08:51:01,656 | INFO | hilo.laplace-kernel : TOP-LEFT:
tensor([[0.4425, 0.1628, 0.0599],
        [0.1628, 0.0599, 0.0220],
        [0.0599, 0.0220, 0.0081]])
2024-03-10 08:51:01,656 | INFO | hilo.kernel-accessor : Fetching kernel: laplace
2024-03-10 08:51:01,656 | INFO | hilo.laplace-kernel : Calculating Laplace distribution (location: 0.0, scale 1.0)
2024-03-10 08:51:01,656 | INFO | hilo.laplace-kernel : BOTTOM-RIGHT:
tensor([[0.0081, 0.0220, 0.0599],
        [0.0220, 0.0599, 0.1628],
        [0.0599, 0.1628, 0.4425]])
2024-03-10 08:51:01,657 | INFO | hilo.kernel-accessor : Fetching kernel: laplace
2024-03-10 08:51:01,657 | INFO | hilo.laplace-kernel : Calculating Laplace distribution (location: 0.0, scale 1.0)
2024-03-10 08:51:01,657 | INFO | hilo.laplace-kernel : STATIC:
tensor([[0.4425, 0.1628, 0.0599],
        [0.1628, 0.0599, 0.0220],
        [0.0599, 0.0220, 0.0081]])
2024-03-10 08:51:01,657 | INFO | hilo.kernel-accessor : Fetching kernel: laplace
2024-03-10 08:51:01,657 | INFO | hilo.laplace-kernel : Calculating Laplace distribution (location: 0.0, scale 1.0)
2024-03-10 08:51:01,657 | INFO | hilo.laplace-kernel : TOP-LEFT:
tensor([[0.4425, 0.1628, 0.0599],
        [0.1628, 0.0599, 0.0220],
        [0.0599, 0.0220, 0.0081]])
2024-03-10 08:51:01,657 | INFO | hilo.kernel-accessor : Fetching kernel: laplace
2024-03-10 08:51:01,658 | INFO | hilo.laplace-kernel : Calculating Laplace distribution (location: 0.0, scale 1.0)
2024-03-10 08:51:01,658 | INFO | hilo.laplace-kernel : TOP-LEFT:
tensor([[0.4425, 0.1628, 0.0599],
        [0.1628, 0.0599, 0.0220],
        [0.0599, 0.0220, 0.0081]])
2024-03-10 08:51:01,658 | INFO | hilo.kernel-accessor : Fetching kernel: laplace
2024-03-10 08:51:01,658 | INFO | hilo.laplace-kernel : Calculating Laplace distribution (location: 0.0, scale 1.0)
2024-03-10 08:51:01,658 | INFO | hilo.laplace-kernel : TOP-LEFT:
tensor([[0.4425, 0.1628, 0.0599],
        [0.1628, 0.0599, 0.0220],
        [0.0599, 0.0220, 0.0081]])
2024-03-10 08:51:01,658 | INFO | hilo.kernel-accessor : Fetching kernel: laplace
2024-03-10 08:51:01,659 | INFO | hilo.laplace-kernel : Calculating Laplace distribution (location: 0.0, scale 1.0)
2024-03-10 08:51:01,659 | INFO | hilo.laplace-kernel : BOTTOM-RIGHT:
tensor([[0.0081, 0.0220, 0.0599],
        [0.0220, 0.0599, 0.1628],
        [0.0599, 0.1628, 0.4425]])
2024-03-10 08:51:01,659 | INFO | hilo.kernel-accessor : Fetching kernel: laplace
2024-03-10 08:51:01,659 | INFO | hilo.laplace-kernel : Calculating Laplace distribution (location: 0.0, scale 1.0)
2024-03-10 08:51:01,659 | INFO | hilo.laplace-kernel : BOTTOM-RIGHT:
tensor([[0.0081, 0.0220, 0.0599],
        [0.0220, 0.0599, 0.1628],
        [0.0599, 0.1628, 0.4425]])
2024-03-10 08:51:01,659 | INFO | hilo.kernel-accessor : Fetching kernel: laplace
2024-03-10 08:51:01,660 | INFO | hilo.laplace-kernel : Calculating Laplace distribution (location: 0.0, scale 1.0)
2024-03-10 08:51:01,660 | INFO | hilo.laplace-kernel : BOTTOM-RIGHT:
tensor([[0.0081, 0.0220, 0.0599],
        [0.0220, 0.0599, 0.1628],
        [0.0599, 0.1628, 0.4425]])
2024-03-10 08:51:01,660 | INFO | hilo.kernel-accessor : Fetching kernel: laplace
2024-03-10 08:51:01,660 | INFO | hilo.laplace-kernel : Calculating Laplace distribution (location: 0.0, scale 1.0)
2024-03-10 08:51:01,660 | INFO | hilo.laplace-kernel : BOTTOM-LEFT:
tensor([[0.0599, 0.0220, 0.0081],
        [0.1628, 0.0599, 0.0220],
        [0.4425, 0.1628, 0.0599]])
2024-03-10 08:51:01,660 | INFO | hilo.kernel-accessor : Fetching kernel: laplace
2024-03-10 08:51:01,661 | INFO | hilo.laplace-kernel : Calculating Laplace distribution (location: 0.0, scale 1.0)
2024-03-10 08:51:01,661 | INFO | hilo.laplace-kernel : BOTTOM-LEFT:
tensor([[0.0599, 0.0220, 0.0081],
        [0.1628, 0.0599, 0.0220],
        [0.4425, 0.1628, 0.0599]])
2024-03-10 08:51:01,661 | INFO | hilo.kernel-accessor : Fetching kernel: laplace
2024-03-10 08:51:01,661 | INFO | hilo.laplace-kernel : Calculating Laplace distribution (location: 0.0, scale 1.0)
2024-03-10 08:51:01,661 | INFO | hilo.laplace-kernel : BOTTOM-RIGHT:
tensor([[0.0081, 0.0220, 0.0599],
        [0.0220, 0.0599, 0.1628],
        [0.0599, 0.1628, 0.4425]])
2024-03-10 08:51:01,662 | INFO | hilo.kernel-accessor : Fetching kernel: laplace
2024-03-10 08:51:01,662 | INFO | hilo.laplace-kernel : Calculating Laplace distribution (location: 0.0, scale 1.0)
2024-03-10 08:51:01,662 | INFO | hilo.laplace-kernel : BOTTOM-RIGHT:
tensor([[0.0081, 0.0220, 0.0599],
        [0.0220, 0.0599, 0.1628],
        [0.0599, 0.1628, 0.4425]])
2024-03-10 08:52:22,543 | INFO | hilo : Epoch   1/200 | Accuracy:  39.0625 | Loss:   1.7943
2024-03-10 08:52:22,543 | INFO | hilo.kernel-accessor : Fetching kernel: laplace
2024-03-10 08:52:22,543 | INFO | hilo.laplace-kernel : Calculating Laplace distribution (location: 0.020370107144117355, scale 0.6869614124298096)
2024-03-10 08:52:22,544 | INFO | hilo.laplace-kernel : BOTTOM-LEFT:
tensor([[0.0340, 0.0079, 0.0018],
        [0.1457, 0.0340, 0.0079],
        [0.5889, 0.1457, 0.0340]])
2024-03-10 08:52:22,544 | INFO | hilo.kernel-accessor : Fetching kernel: laplace
2024-03-10 08:52:22,544 | INFO | hilo.laplace-kernel : Calculating Laplace distribution (location: -0.38507962226867676, scale 1.94881010055542)
2024-03-10 08:52:22,545 | INFO | hilo.laplace-kernel : TOP-LEFT:
tensor([[0.2611, 0.1563, 0.0936],
        [0.1563, 0.0936, 0.0560],
        [0.0936, 0.0560, 0.0335]])
2024-03-10 08:52:22,545 | INFO | hilo.kernel-accessor : Fetching kernel: laplace
2024-03-10 08:52:22,545 | INFO | hilo.laplace-kernel : Calculating Laplace distribution (location: -0.33663228154182434, scale 1.7787553071975708)
2024-03-10 08:52:22,545 | INFO | hilo.laplace-kernel : TOP-RIGHT:
tensor([[0.0905, 0.1587, 0.2785],
        [0.0516, 0.0905, 0.1587],
        [0.0294, 0.0516, 0.0905]])
2024-03-10 08:52:22,545 | INFO | hilo.kernel-accessor : Fetching kernel: laplace
2024-03-10 08:52:22,545 | INFO | hilo.laplace-kernel : Calculating Laplace distribution (location: -0.21356935799121857, scale 1.7516264915466309)
2024-03-10 08:52:22,546 | INFO | hilo.laplace-kernel : TOP-LEFT:
tensor([[0.2817, 0.1591, 0.0899],
        [0.1591, 0.0899, 0.0508],
        [0.0899, 0.0508, 0.0287]])
2024-03-10 08:52:22,546 | INFO | hilo.kernel-accessor : Fetching kernel: laplace
2024-03-10 08:52:22,546 | INFO | hilo.laplace-kernel : Calculating Laplace distribution (location: -0.2712786793708801, scale 1.6871464252471924)
2024-03-10 08:52:22,546 | INFO | hilo.laplace-kernel : TOP-LEFT:
tensor([[0.2895, 0.1601, 0.0885],
        [0.1601, 0.0885, 0.0489],
        [0.0885, 0.0489, 0.0270]])
2024-03-10 08:52:22,546 | INFO | hilo.kernel-accessor : Fetching kernel: laplace
2024-03-10 08:52:22,546 | INFO | hilo.laplace-kernel : Calculating Laplace distribution (location: -0.10728463530540466, scale 1.1707744598388672)
2024-03-10 08:52:22,547 | INFO | hilo.laplace-kernel : TOP-LEFT:
tensor([[0.3873, 0.1649, 0.0702],
        [0.1649, 0.0702, 0.0299],
        [0.0702, 0.0299, 0.0127]])
2024-03-10 08:52:22,547 | INFO | hilo.kernel-accessor : Fetching kernel: laplace
2024-03-10 08:52:22,547 | INFO | hilo.laplace-kernel : Calculating Laplace distribution (location: -0.27247583866119385, scale 1.4161014556884766)
2024-03-10 08:52:22,547 | INFO | hilo.laplace-kernel : BOTTOM-LEFT:
tensor([[0.0807, 0.0398, 0.0197],
        [0.1636, 0.0807, 0.0398],
        [0.3314, 0.1636, 0.0807]])
2024-03-10 08:52:22,547 | INFO | hilo.kernel-accessor : Fetching kernel: laplace
2024-03-10 08:52:22,547 | INFO | hilo.laplace-kernel : Calculating Laplace distribution (location: -0.2936078906059265, scale 1.1752303838729858)
2024-03-10 08:52:22,548 | INFO | hilo.laplace-kernel : BOTTOM-LEFT:
tensor([[0.0704, 0.0301, 0.0128],
        [0.1649, 0.0704, 0.0301],
        [0.3861, 0.1649, 0.0704]])
2024-03-10 08:52:22,548 | INFO | hilo.kernel-accessor : Fetching kernel: laplace
2024-03-10 08:52:22,548 | INFO | hilo.laplace-kernel : Calculating Laplace distribution (location: -0.23750850558280945, scale 1.218836784362793)
2024-03-10 08:52:22,548 | INFO | hilo.laplace-kernel : STATIC:
tensor([[0.3745, 0.1649, 0.0726],
        [0.1649, 0.0726, 0.0320],
        [0.0726, 0.0320, 0.0141]])
2024-03-10 08:52:22,548 | INFO | hilo.kernel-accessor : Fetching kernel: laplace
2024-03-10 08:52:22,548 | INFO | hilo.laplace-kernel : Calculating Laplace distribution (location: -0.14740237593650818, scale 0.9729949235916138)
2024-03-10 08:52:22,549 | INFO | hilo.laplace-kernel : STATIC:
tensor([[0.4530, 0.1621, 0.0580],
        [0.1621, 0.0580, 0.0207],
        [0.0580, 0.0207, 0.0074]])
2024-03-10 08:52:22,549 | INFO | hilo.kernel-accessor : Fetching kernel: laplace
2024-03-10 08:52:22,549 | INFO | hilo.laplace-kernel : Calculating Laplace distribution (location: -0.17332851886749268, scale 1.3200820684432983)
2024-03-10 08:52:22,549 | INFO | hilo.laplace-kernel : TOP-RIGHT:
tensor([[0.0771, 0.1644, 0.3507],
        [0.0361, 0.0771, 0.1644],
        [0.0169, 0.0361, 0.0771]])
2024-03-10 08:52:22,549 | INFO | hilo.kernel-accessor : Fetching kernel: laplace
2024-03-10 08:52:22,550 | INFO | hilo.laplace-kernel : Calculating Laplace distribution (location: -0.132007896900177, scale 1.3110239505767822)
2024-03-10 08:52:22,550 | INFO | hilo.laplace-kernel : BOTTOM-LEFT:
tensor([[0.0767, 0.0358, 0.0167],
        [0.1645, 0.0767, 0.0358],
        [0.3527, 0.1645, 0.0767]])
2024-03-10 08:52:22,550 | INFO | hilo.kernel-accessor : Fetching kernel: laplace
2024-03-10 08:52:22,550 | INFO | hilo.laplace-kernel : Calculating Laplace distribution (location: -0.05981992185115814, scale 1.4643399715423584)
2024-03-10 08:52:22,550 | INFO | hilo.laplace-kernel : BOTTOM-LEFT:
tensor([[0.0823, 0.0416, 0.0210],
        [0.1630, 0.0823, 0.0416],
        [0.3227, 0.1630, 0.0823]])
2024-03-10 08:52:22,550 | INFO | hilo.kernel-accessor : Fetching kernel: laplace
2024-03-10 08:52:22,551 | INFO | hilo.laplace-kernel : Calculating Laplace distribution (location: -0.009697824716567993, scale 1.1472961902618408)
2024-03-10 08:52:22,551 | INFO | hilo.laplace-kernel : BOTTOM-RIGHT:
tensor([[0.0121, 0.0288, 0.0689],
        [0.0288, 0.0689, 0.1648],
        [0.0689, 0.1648, 0.3940]])
2024-03-10 08:52:22,551 | INFO | hilo.kernel-accessor : Fetching kernel: laplace
2024-03-10 08:52:22,551 | INFO | hilo.laplace-kernel : Calculating Laplace distribution (location: -0.018594644963741302, scale 1.393470287322998)
2024-03-10 08:52:22,551 | INFO | hilo.laplace-kernel : TOP-RIGHT:
tensor([[0.0799, 0.1638, 0.3357],
        [0.0390, 0.0799, 0.1638],
        [0.0190, 0.0390, 0.0799]])
2024-03-10 08:52:22,552 | INFO | hilo.kernel-accessor : Fetching kernel: laplace
2024-03-10 08:52:22,552 | INFO | hilo.laplace-kernel : Calculating Laplace distribution (location: -0.15191280841827393, scale 1.5587972402572632)
2024-03-10 08:52:22,552 | INFO | hilo.laplace-kernel : BOTTOM-RIGHT:
tensor([[0.0236, 0.0449, 0.0852],
        [0.0449, 0.0852, 0.1618],
        [0.0852, 0.1618, 0.3074]])
2024-03-10 08:52:22,552 | INFO | hilo.kernel-accessor : Fetching kernel: laplace
2024-03-10 08:52:22,552 | INFO | hilo.laplace-kernel : Calculating Laplace distribution (location: -0.32227379083633423, scale 1.7475310564041138)
2024-03-10 08:52:22,552 | INFO | hilo.laplace-kernel : STATIC:
tensor([[0.2821, 0.1592, 0.0898],
        [0.1592, 0.0898, 0.0507],
        [0.0898, 0.0507, 0.0286]])
2024-03-10 08:53:43,101 | INFO | hilo : Epoch   2/200 | Accuracy:  36.7188 | Loss:   1.4056
2024-03-10 08:53:43,101 | INFO | hilo.kernel-accessor : Fetching kernel: laplace
2024-03-10 08:53:43,102 | INFO | hilo.laplace-kernel : Calculating Laplace distribution (location: -0.0037451377138495445, scale 0.6486198306083679)
2024-03-10 08:53:43,102 | INFO | hilo.laplace-kernel : TOP-RIGHT:
tensor([[0.0289, 0.1348, 0.6301],
        [0.0062, 0.0289, 0.1348],
        [0.0013, 0.0062, 0.0289]])
2024-03-10 08:53:43,102 | INFO | hilo.kernel-accessor : Fetching kernel: laplace
2024-03-10 08:53:43,102 | INFO | hilo.laplace-kernel : Calculating Laplace distribution (location: -0.577263355255127, scale 1.6669028997421265)
2024-03-10 08:53:43,103 | INFO | hilo.laplace-kernel : BOTTOM-LEFT:
tensor([[0.0880, 0.0483, 0.0265],
        [0.1603, 0.0880, 0.0483],
        [0.2922, 0.1603, 0.0880]])
2024-03-10 08:53:43,103 | INFO | hilo.kernel-accessor : Fetching kernel: laplace
2024-03-10 08:53:43,103 | INFO | hilo.laplace-kernel : Calculating Laplace distribution (location: -0.33407631516456604, scale 1.0716726779937744)
2024-03-10 08:53:43,103 | INFO | hilo.laplace-kernel : TOP-RIGHT:
tensor([[0.0646, 0.1641, 0.4173],
        [0.0254, 0.0646, 0.1641],
        [0.0100, 0.0254, 0.0646]])
2024-03-10 08:53:43,103 | INFO | hilo.kernel-accessor : Fetching kernel: laplace
2024-03-10 08:53:43,104 | INFO | hilo.laplace-kernel : Calculating Laplace distribution (location: -0.17102161049842834, scale 0.9590422511100769)
2024-03-10 08:53:43,104 | INFO | hilo.laplace-kernel : BOTTOM-LEFT:
tensor([[0.0570, 0.0201, 0.0071],
        [0.1616, 0.0570, 0.0201],
        [0.4585, 0.1616, 0.0570]])
2024-03-10 08:53:43,104 | INFO | hilo.kernel-accessor : Fetching kernel: laplace
2024-03-10 08:53:43,104 | INFO | hilo.laplace-kernel : Calculating Laplace distribution (location: -0.19414997100830078, scale 0.9515129327774048)
2024-03-10 08:53:43,104 | INFO | hilo.laplace-kernel : TOP-RIGHT:
tensor([[0.0564, 0.1614, 0.4616],
        [0.0197, 0.0564, 0.1614],
        [0.0069, 0.0197, 0.0564]])
2024-03-10 08:53:43,104 | INFO | hilo.kernel-accessor : Fetching kernel: laplace
2024-03-10 08:53:43,105 | INFO | hilo.laplace-kernel : Calculating Laplace distribution (location: -0.02568419650197029, scale 0.7608518600463867)
2024-03-10 08:53:43,105 | INFO | hilo.laplace-kernel : TOP-RIGHT:
tensor([[0.0401, 0.1494, 0.5562],
        [0.0108, 0.0401, 0.1494],
        [0.0029, 0.0108, 0.0401]])
2024-03-10 08:53:43,105 | INFO | hilo.kernel-accessor : Fetching kernel: laplace
2024-03-10 08:53:43,105 | INFO | hilo.laplace-kernel : Calculating Laplace distribution (location: -0.27866607904434204, scale 1.0459723472595215)
2024-03-10 08:53:43,105 | INFO | hilo.laplace-kernel : BOTTOM-RIGHT:
tensor([[0.0093, 0.0242, 0.0629],
        [0.0242, 0.0629, 0.1637],
        [0.0629, 0.1637, 0.4260]])
2024-03-10 08:53:43,105 | INFO | hilo.kernel-accessor : Fetching kernel: laplace
2024-03-10 08:53:43,106 | INFO | hilo.laplace-kernel : Calculating Laplace distribution (location: -0.19446516036987305, scale 0.8838755488395691)
2024-03-10 08:53:43,106 | INFO | hilo.laplace-kernel : BOTTOM-RIGHT:
tensor([[0.0053, 0.0165, 0.0511],
        [0.0165, 0.0511, 0.1585],
        [0.0511, 0.1585, 0.4913]])
2024-03-10 08:53:43,106 | INFO | hilo.kernel-accessor : Fetching kernel: laplace
2024-03-10 08:53:43,106 | INFO | hilo.laplace-kernel : Calculating Laplace distribution (location: -0.17687413096427917, scale 0.9697372317314148)
2024-03-10 08:53:43,106 | INFO | hilo.laplace-kernel : BOTTOM-LEFT:
tensor([[0.0578, 0.0206, 0.0073],
        [0.1620, 0.0578, 0.0206],
        [0.4542, 0.1620, 0.0578]])
2024-03-10 08:53:43,106 | INFO | hilo.kernel-accessor : Fetching kernel: laplace
2024-03-10 08:53:43,107 | INFO | hilo.laplace-kernel : Calculating Laplace distribution (location: -0.0911283791065216, scale 0.8424645066261292)
2024-03-10 08:53:43,107 | INFO | hilo.laplace-kernel : BOTTOM-RIGHT:
tensor([[0.0044, 0.0145, 0.0476],
        [0.0145, 0.0476, 0.1561],
        [0.0476, 0.1561, 0.5115]])
2024-03-10 08:53:43,107 | INFO | hilo.kernel-accessor : Fetching kernel: laplace
2024-03-10 08:53:43,107 | INFO | hilo.laplace-kernel : Calculating Laplace distribution (location: -0.2734585404396057, scale 1.1290870904922485)
2024-03-10 08:53:43,107 | INFO | hilo.laplace-kernel : BOTTOM-LEFT:
tensor([[0.0679, 0.0280, 0.0116],
        [0.1647, 0.0679, 0.0280],
        [0.3993, 0.1647, 0.0679]])
2024-03-10 08:53:43,107 | INFO | hilo.kernel-accessor : Fetching kernel: laplace
2024-03-10 08:53:43,108 | INFO | hilo.laplace-kernel : Calculating Laplace distribution (location: -0.23347973823547363, scale 1.0601814985275269)
2024-03-10 08:53:43,108 | INFO | hilo.laplace-kernel : TOP-LEFT:
tensor([[0.4211, 0.1640, 0.0638],
        [0.1640, 0.0638, 0.0249],
        [0.0638, 0.0249, 0.0097]])
2024-03-10 08:53:43,108 | INFO | hilo.kernel-accessor : Fetching kernel: laplace
2024-03-10 08:53:43,108 | INFO | hilo.laplace-kernel : Calculating Laplace distribution (location: -0.12419003248214722, scale 1.0930969715118408)
2024-03-10 08:53:43,108 | INFO | hilo.laplace-kernel : TOP-LEFT:
tensor([[0.4104, 0.1644, 0.0658],
        [0.1644, 0.0658, 0.0264],
        [0.0658, 0.0264, 0.0106]])
2024-03-10 08:53:43,108 | INFO | hilo.kernel-accessor : Fetching kernel: laplace
2024-03-10 08:53:43,109 | INFO | hilo.laplace-kernel : Calculating Laplace distribution (location: -0.04305889829993248, scale 0.8388132452964783)
2024-03-10 08:53:43,109 | INFO | hilo.laplace-kernel : BOTTOM-LEFT:
tensor([[0.0473, 0.0144, 0.0044],
        [0.1558, 0.0473, 0.0144],
        [0.5133, 0.1558, 0.0473]])
2024-03-10 08:53:43,109 | INFO | hilo.kernel-accessor : Fetching kernel: laplace
2024-03-10 08:53:43,109 | INFO | hilo.laplace-kernel : Calculating Laplace distribution (location: -0.07319851964712143, scale 0.9657050371170044)
2024-03-10 08:53:43,109 | INFO | hilo.laplace-kernel : TOP-RIGHT:
tensor([[0.0575, 0.1619, 0.4559],
        [0.0204, 0.0575, 0.1619],
        [0.0072, 0.0204, 0.0575]])
2024-03-10 08:53:43,109 | INFO | hilo.kernel-accessor : Fetching kernel: laplace
2024-03-10 08:53:43,110 | INFO | hilo.laplace-kernel : Calculating Laplace distribution (location: -0.1243896633386612, scale 0.9127960205078125)
2024-03-10 08:53:43,110 | INFO | hilo.laplace-kernel : BOTTOM-RIGHT:
tensor([[0.0060, 0.0179, 0.0535],
        [0.0179, 0.0535, 0.1599],
        [0.0535, 0.1599, 0.4782]])
2024-03-10 08:53:43,110 | INFO | hilo.kernel-accessor : Fetching kernel: laplace
2024-03-10 08:53:43,110 | INFO | hilo.laplace-kernel : Calculating Laplace distribution (location: 0.031157609075307846, scale 0.7963588237762451)
2024-03-10 08:53:43,110 | INFO | hilo.laplace-kernel : BOTTOM-RIGHT:
tensor([[0.0037, 0.0129, 0.0453],
        [0.0129, 0.0453, 0.1591],
        [0.0453, 0.1591, 0.5164]])
2024-03-10 08:55:03,692 | INFO | hilo : Epoch   3/200 | Accuracy:  50.5208 | Loss:   1.4210
2024-03-10 08:55:03,692 | INFO | hilo.kernel-accessor : Fetching kernel: laplace
2024-03-10 08:55:03,693 | INFO | hilo.laplace-kernel : Calculating Laplace distribution (location: -0.00840788520872593, scale 0.6953204870223999)
2024-03-10 08:55:03,693 | INFO | hilo.laplace-kernel : STATIC:
tensor([[0.5975, 0.1418, 0.0337],
        [0.1418, 0.0337, 0.0080],
        [0.0337, 0.0080, 0.0019]])
2024-03-10 08:55:03,693 | INFO | hilo.kernel-accessor : Fetching kernel: laplace
2024-03-10 08:55:03,694 | INFO | hilo.laplace-kernel : Calculating Laplace distribution (location: -0.7739943265914917, scale 2.0138421058654785)
2024-03-10 08:55:03,694 | INFO | hilo.laplace-kernel : TOP-RIGHT:
tensor([[0.0946, 0.1554, 0.2553],
        [0.0576, 0.0946, 0.1554],
        [0.0350, 0.0576, 0.0946]])
2024-03-10 08:55:03,694 | INFO | hilo.kernel-accessor : Fetching kernel: laplace
2024-03-10 08:55:03,694 | INFO | hilo.laplace-kernel : Calculating Laplace distribution (location: -0.30006957054138184, scale 1.037817120552063)
2024-03-10 08:55:03,694 | INFO | hilo.laplace-kernel : STATIC:
tensor([[0.4288, 0.1636, 0.0624],
        [0.1636, 0.0624, 0.0238],
        [0.0624, 0.0238, 0.0091]])
2024-03-10 08:55:03,695 | INFO | hilo.kernel-accessor : Fetching kernel: laplace
2024-03-10 08:55:03,695 | INFO | hilo.laplace-kernel : Calculating Laplace distribution (location: -0.16019687056541443, scale 0.9520034790039062)
2024-03-10 08:55:03,695 | INFO | hilo.laplace-kernel : BOTTOM-RIGHT:
tensor([[0.0069, 0.0197, 0.0565],
        [0.0197, 0.0565, 0.1614],
        [0.0565, 0.1614, 0.4614]])
2024-03-10 08:55:03,695 | INFO | hilo.kernel-accessor : Fetching kernel: laplace
2024-03-10 08:55:03,695 | INFO | hilo.laplace-kernel : Calculating Laplace distribution (location: -0.17419105768203735, scale 0.9004875421524048)
2024-03-10 08:55:03,696 | INFO | hilo.laplace-kernel : BOTTOM-RIGHT:
tensor([[0.0057, 0.0173, 0.0525],
        [0.0173, 0.0525, 0.1593],
        [0.0525, 0.1593, 0.4837]])
2024-03-10 08:55:03,696 | INFO | hilo.kernel-accessor : Fetching kernel: laplace
2024-03-10 08:55:03,696 | INFO | hilo.laplace-kernel : Calculating Laplace distribution (location: -0.02624290995299816, scale 0.6960363388061523)
2024-03-10 08:55:03,696 | INFO | hilo.laplace-kernel : TOP-LEFT:
tensor([[0.5970, 0.1419, 0.0337],
        [0.1419, 0.0337, 0.0080],
        [0.0337, 0.0080, 0.0019]])
2024-03-10 08:55:03,696 | INFO | hilo.kernel-accessor : Fetching kernel: laplace
2024-03-10 08:55:03,696 | INFO | hilo.laplace-kernel : Calculating Laplace distribution (location: -0.2901526093482971, scale 0.8260667324066162)
2024-03-10 08:55:03,697 | INFO | hilo.laplace-kernel : TOP-LEFT:
tensor([[0.5199, 0.1550, 0.0462],
        [0.1550, 0.0462, 0.0138],
        [0.0462, 0.0138, 0.0041]])
2024-03-10 08:55:03,697 | INFO | hilo.kernel-accessor : Fetching kernel: laplace
2024-03-10 08:55:03,697 | INFO | hilo.laplace-kernel : Calculating Laplace distribution (location: -0.19197143614292145, scale 0.6280028820037842)
2024-03-10 08:55:03,697 | INFO | hilo.laplace-kernel : STATIC:
tensor([[0.6453, 0.1313, 0.0267],
        [0.1313, 0.0267, 0.0054],
        [0.0267, 0.0054, 0.0011]])
2024-03-10 08:55:03,697 | INFO | hilo.kernel-accessor : Fetching kernel: laplace
2024-03-10 08:55:03,697 | INFO | hilo.laplace-kernel : Calculating Laplace distribution (location: -0.10046879202127457, scale 0.6816489100456238)
2024-03-10 08:55:03,698 | INFO | hilo.laplace-kernel : TOP-RIGHT:
tensor([[0.0323, 0.1399, 0.6068],
        [0.0074, 0.0323, 0.1399],
        [0.0017, 0.0074, 0.0323]])
2024-03-10 08:55:03,698 | INFO | hilo.kernel-accessor : Fetching kernel: laplace
2024-03-10 08:55:03,698 | INFO | hilo.laplace-kernel : Calculating Laplace distribution (location: -0.12291017174720764, scale 0.6218377947807312)
2024-03-10 08:55:03,698 | INFO | hilo.laplace-kernel : BOTTOM-LEFT:
tensor([[0.0261, 0.0052, 0.0010],
        [0.1302, 0.0261, 0.0052],
        [0.6500, 0.1302, 0.0261]])
2024-03-10 08:55:03,698 | INFO | hilo.kernel-accessor : Fetching kernel: laplace
2024-03-10 08:55:03,698 | INFO | hilo.laplace-kernel : Calculating Laplace distribution (location: -0.1555759608745575, scale 0.6958938837051392)
2024-03-10 08:55:03,699 | INFO | hilo.laplace-kernel : TOP-RIGHT:
tensor([[0.0337, 0.1419, 0.5971],
        [0.0080, 0.0337, 0.1419],
        [0.0019, 0.0080, 0.0337]])
2024-03-10 08:55:03,699 | INFO | hilo.kernel-accessor : Fetching kernel: laplace
2024-03-10 08:55:03,699 | INFO | hilo.laplace-kernel : Calculating Laplace distribution (location: -0.09957367181777954, scale 0.6974090933799744)
2024-03-10 08:55:03,699 | INFO | hilo.laplace-kernel : TOP-RIGHT:
tensor([[0.0339, 0.1421, 0.5961],
        [0.0081, 0.0339, 0.1421],
        [0.0019, 0.0081, 0.0339]])
2024-03-10 08:55:03,699 | INFO | hilo.kernel-accessor : Fetching kernel: laplace
2024-03-10 08:55:03,700 | INFO | hilo.laplace-kernel : Calculating Laplace distribution (location: -0.03764798119664192, scale 0.7370283007621765)
2024-03-10 08:55:03,700 | INFO | hilo.laplace-kernel : TOP-RIGHT:
tensor([[0.0378, 0.1469, 0.5706],
        [0.0097, 0.0378, 0.1469],
        [0.0025, 0.0097, 0.0378]])
2024-03-10 08:55:03,700 | INFO | hilo.kernel-accessor : Fetching kernel: laplace
2024-03-10 08:55:03,700 | INFO | hilo.laplace-kernel : Calculating Laplace distribution (location: 0.0188248623162508, scale 0.5817835330963135)
2024-03-10 08:55:03,700 | INFO | hilo.laplace-kernel : TOP-LEFT:
tensor([[0.6672, 0.1276, 0.0229],
        [0.1276, 0.0229, 0.0041],
        [0.0229, 0.0041, 0.0007]])
2024-03-10 08:55:03,700 | INFO | hilo.kernel-accessor : Fetching kernel: laplace
2024-03-10 08:55:03,701 | INFO | hilo.laplace-kernel : Calculating Laplace distribution (location: 0.004959357902407646, scale 0.6465891003608704)
2024-03-10 08:55:03,701 | INFO | hilo.laplace-kernel : STATIC:
tensor([[0.6280, 0.1358, 0.0289],
        [0.1358, 0.0289, 0.0062],
        [0.0289, 0.0062, 0.0013]])
2024-03-10 08:55:03,701 | INFO | hilo.kernel-accessor : Fetching kernel: laplace
2024-03-10 08:55:03,701 | INFO | hilo.laplace-kernel : Calculating Laplace distribution (location: -0.016658607870340347, scale 0.7197834253311157)
2024-03-10 08:55:03,701 | INFO | hilo.laplace-kernel : TOP-LEFT:
tensor([[0.5815, 0.1449, 0.0361],
        [0.1449, 0.0361, 0.0090],
        [0.0361, 0.0090, 0.0022]])
2024-03-10 08:55:03,702 | INFO | hilo.kernel-accessor : Fetching kernel: laplace
2024-03-10 08:55:03,702 | INFO | hilo.laplace-kernel : Calculating Laplace distribution (location: -0.02975979447364807, scale 0.8637806177139282)
2024-03-10 08:55:03,702 | INFO | hilo.laplace-kernel : TOP-LEFT:
tensor([[0.5009, 0.1574, 0.0495],
        [0.1574, 0.0495, 0.0155],
        [0.0495, 0.0155, 0.0049]])
2024-03-10 08:56:24,561 | INFO | hilo : Epoch   4/200 | Accuracy:  41.1058 | Loss:   1.3427
2024-03-10 08:56:24,561 | INFO | hilo.kernel-accessor : Fetching kernel: laplace
2024-03-10 08:56:24,562 | INFO | hilo.laplace-kernel : Calculating Laplace distribution (location: -0.015250574797391891, scale 0.6649935841560364)
2024-03-10 08:56:24,562 | INFO | hilo.laplace-kernel : TOP-RIGHT:
tensor([[0.0306, 0.1375, 0.6183],
        [0.0068, 0.0306, 0.1375],
        [0.0015, 0.0068, 0.0306]])
2024-03-10 08:56:24,562 | INFO | hilo.kernel-accessor : Fetching kernel: laplace
2024-03-10 08:56:24,562 | INFO | hilo.laplace-kernel : Calculating Laplace distribution (location: -0.7080433368682861, scale 1.9911493062973022)
2024-03-10 08:56:24,563 | INFO | hilo.laplace-kernel : STATIC:
tensor([[0.2573, 0.1557, 0.0942],
        [0.1557, 0.0942, 0.0570],
        [0.0942, 0.0570, 0.0345]])
2024-03-10 08:56:24,563 | INFO | hilo.kernel-accessor : Fetching kernel: laplace
2024-03-10 08:56:24,563 | INFO | hilo.laplace-kernel : Calculating Laplace distribution (location: -0.2995290756225586, scale 1.008357286453247)
2024-03-10 08:56:24,563 | INFO | hilo.laplace-kernel : TOP-RIGHT:
tensor([[0.0605, 0.1630, 0.4394],
        [0.0224, 0.0605, 0.1630],
        [0.0083, 0.0224, 0.0605]])
2024-03-10 08:56:24,563 | INFO | hilo.kernel-accessor : Fetching kernel: laplace
2024-03-10 08:56:24,564 | INFO | hilo.laplace-kernel : Calculating Laplace distribution (location: -0.1699989289045334, scale 0.8283876776695251)
2024-03-10 08:56:24,564 | INFO | hilo.laplace-kernel : TOP-LEFT:
tensor([[0.5187, 0.1551, 0.0464],
        [0.1551, 0.0464, 0.0139],
        [0.0464, 0.0139, 0.0041]])
2024-03-10 08:56:24,564 | INFO | hilo.kernel-accessor : Fetching kernel: laplace
2024-03-10 08:56:24,564 | INFO | hilo.laplace-kernel : Calculating Laplace distribution (location: -0.06633530557155609, scale 0.751624584197998)
2024-03-10 08:56:24,564 | INFO | hilo.laplace-kernel : BOTTOM-LEFT:
tensor([[0.0393, 0.0104, 0.0027],
        [0.1485, 0.0393, 0.0104],
        [0.5617, 0.1485, 0.0393]])
2024-03-10 08:56:24,564 | INFO | hilo.kernel-accessor : Fetching kernel: laplace
2024-03-10 08:56:24,565 | INFO | hilo.laplace-kernel : Calculating Laplace distribution (location: 0.14088335633277893, scale 0.6661351919174194)
2024-03-10 08:56:24,565 | INFO | hilo.laplace-kernel : BOTTOM-RIGHT:
tensor([[0.0019, 0.0087, 0.0390],
        [0.0087, 0.0390, 0.1749],
        [0.0390, 0.1749, 0.5140]])
2024-03-10 08:56:24,565 | INFO | hilo.kernel-accessor : Fetching kernel: laplace
2024-03-10 08:56:24,565 | INFO | hilo.laplace-kernel : Calculating Laplace distribution (location: -0.2574610710144043, scale 0.8822119832038879)
2024-03-10 08:56:24,565 | INFO | hilo.laplace-kernel : BOTTOM-RIGHT:
tensor([[0.0053, 0.0164, 0.0510],
        [0.0164, 0.0510, 0.1584],
        [0.0510, 0.1584, 0.4921]])
2024-03-10 08:56:24,566 | INFO | hilo.kernel-accessor : Fetching kernel: laplace
2024-03-10 08:56:24,566 | INFO | hilo.laplace-kernel : Calculating Laplace distribution (location: -0.15932098031044006, scale 0.6148549914360046)
2024-03-10 08:56:24,566 | INFO | hilo.laplace-kernel : TOP-RIGHT:
tensor([[0.0253, 0.1289, 0.6553],
        [0.0050, 0.0253, 0.1289],
        [0.0010, 0.0050, 0.0253]])
2024-03-10 08:56:24,566 | INFO | hilo.kernel-accessor : Fetching kernel: laplace
2024-03-10 08:56:24,566 | INFO | hilo.laplace-kernel : Calculating Laplace distribution (location: -0.09694097936153412, scale 0.6362208127975464)
2024-03-10 08:56:24,566 | INFO | hilo.laplace-kernel : TOP-LEFT:
tensor([[0.6392, 0.1327, 0.0276],
        [0.1327, 0.0276, 0.0057],
        [0.0276, 0.0057, 0.0012]])
2024-03-10 08:56:24,567 | INFO | hilo.kernel-accessor : Fetching kernel: laplace
2024-03-10 08:56:24,567 | INFO | hilo.laplace-kernel : Calculating Laplace distribution (location: -0.08088485896587372, scale 0.4590854048728943)
2024-03-10 08:56:24,567 | INFO | hilo.laplace-kernel : TOP-RIGHT:
tensor([[1.0113e-02, 8.9305e-02, 7.8863e-01],
        [1.1452e-03, 1.0113e-02, 8.9305e-02],
        [1.2968e-04, 1.1452e-03, 1.0113e-02]])
2024-03-10 08:56:24,567 | INFO | hilo.kernel-accessor : Fetching kernel: laplace
2024-03-10 08:56:24,567 | INFO | hilo.laplace-kernel : Calculating Laplace distribution (location: -0.028132181614637375, scale 0.5389202833175659)
2024-03-10 08:56:24,568 | INFO | hilo.laplace-kernel : TOP-LEFT:
tensor([[7.1719e-01, 1.1214e-01, 1.7535e-02],
        [1.1214e-01, 1.7535e-02, 2.7419e-03],
        [1.7535e-02, 2.7419e-03, 4.2874e-04]])
2024-03-10 08:56:24,568 | INFO | hilo.kernel-accessor : Fetching kernel: laplace
2024-03-10 08:56:24,568 | INFO | hilo.laplace-kernel : Calculating Laplace distribution (location: -0.011445324867963791, scale 0.5156868100166321)
2024-03-10 08:56:24,568 | INFO | hilo.laplace-kernel : BOTTOM-LEFT:
tensor([[1.5254e-02, 2.1939e-03, 3.1553e-04],
        [1.0606e-01, 1.5254e-02, 2.1939e-03],
        [7.3742e-01, 1.0606e-01, 1.5254e-02]])
2024-03-10 08:56:24,568 | INFO | hilo.kernel-accessor : Fetching kernel: laplace
2024-03-10 08:56:24,568 | INFO | hilo.laplace-kernel : Calculating Laplace distribution (location: 0.09501081705093384, scale 0.5035820007324219)
2024-03-10 08:56:24,569 | INFO | hilo.laplace-kernel : TOP-RIGHT:
tensor([[1.8433e-02, 1.3428e-01, 6.7073e-01],
        [2.5304e-03, 1.8433e-02, 1.3428e-01],
        [3.4736e-04, 2.5304e-03, 1.8433e-02]])
2024-03-10 08:56:24,569 | INFO | hilo.kernel-accessor : Fetching kernel: laplace
2024-03-10 08:56:24,569 | INFO | hilo.laplace-kernel : Calculating Laplace distribution (location: 0.0878249853849411, scale 0.3678293228149414)
2024-03-10 08:56:24,569 | INFO | hilo.laplace-kernel : BOTTOM-LEFT:
tensor([[5.6813e-03, 3.7476e-04, 2.4720e-05],
        [8.6127e-02, 5.6813e-03, 3.7476e-04],
        [8.0993e-01, 8.6127e-02, 5.6813e-03]])
2024-03-10 08:56:24,569 | INFO | hilo.kernel-accessor : Fetching kernel: laplace
2024-03-10 08:56:24,569 | INFO | hilo.laplace-kernel : Calculating Laplace distribution (location: 0.08205456286668777, scale 0.394954115152359)
2024-03-10 08:56:24,570 | INFO | hilo.laplace-kernel : TOP-RIGHT:
tensor([[7.5338e-03, 9.4759e-02, 7.8663e-01],
        [5.9897e-04, 7.5338e-03, 9.4759e-02],
        [4.7621e-05, 5.9897e-04, 7.5338e-03]])
2024-03-10 08:56:24,570 | INFO | hilo.kernel-accessor : Fetching kernel: laplace
2024-03-10 08:56:24,570 | INFO | hilo.laplace-kernel : Calculating Laplace distribution (location: 0.033775657415390015, scale 0.466156542301178)
2024-03-10 08:56:24,570 | INFO | hilo.laplace-kernel : TOP-LEFT:
tensor([[7.5642e-01, 1.0234e-01, 1.1978e-02],
        [1.0234e-01, 1.1978e-02, 1.4020e-03],
        [1.1978e-02, 1.4020e-03, 1.6410e-04]])
2024-03-10 08:56:24,570 | INFO | hilo.kernel-accessor : Fetching kernel: laplace
2024-03-10 08:56:24,570 | INFO | hilo.laplace-kernel : Calculating Laplace distribution (location: 0.034510813653469086, scale 0.5597386360168457)
2024-03-10 08:56:24,571 | INFO | hilo.laplace-kernel : BOTTOM-LEFT:
tensor([[2.1370e-02, 3.5803e-03, 5.9983e-04],
        [1.2755e-01, 2.1370e-02, 3.5803e-03],
        [6.7302e-01, 1.2755e-01, 2.1370e-02]])
2024-03-10 08:57:45,228 | INFO | hilo : Epoch   5/200 | Accuracy:  52.2569 | Loss:   1.4222
2024-03-10 08:57:45,228 | INFO | hilo.kernel-accessor : Fetching kernel: laplace
2024-03-10 08:57:45,229 | INFO | hilo.laplace-kernel : Calculating Laplace distribution (location: -0.013339871540665627, scale 0.6715300679206848)
2024-03-10 08:57:45,229 | INFO | hilo.laplace-kernel : BOTTOM-LEFT:
tensor([[0.0312, 0.0070, 0.0016],
        [0.1384, 0.0312, 0.0070],
        [0.6138, 0.1384, 0.0312]])
2024-03-10 08:57:45,230 | INFO | hilo.kernel-accessor : Fetching kernel: laplace
2024-03-10 08:57:45,230 | INFO | hilo.laplace-kernel : Calculating Laplace distribution (location: -0.8031182289123535, scale 2.0764336585998535)
2024-03-10 08:57:45,231 | INFO | hilo.laplace-kernel : STATIC:
tensor([[0.2501, 0.1545, 0.0955],
        [0.1545, 0.0955, 0.0590],
        [0.0955, 0.0590, 0.0364]])
2024-03-10 08:57:45,231 | INFO | hilo.kernel-accessor : Fetching kernel: laplace
2024-03-10 08:57:45,231 | INFO | hilo.laplace-kernel : Calculating Laplace distribution (location: -0.303394615650177, scale 1.027300477027893)
2024-03-10 08:57:45,232 | INFO | hilo.laplace-kernel : TOP-LEFT:
tensor([[0.4325, 0.1634, 0.0617],
        [0.1634, 0.0617, 0.0233],
        [0.0617, 0.0233, 0.0088]])
2024-03-10 08:57:45,232 | INFO | hilo.kernel-accessor : Fetching kernel: laplace
2024-03-10 08:57:45,232 | INFO | hilo.laplace-kernel : Calculating Laplace distribution (location: -0.25310245156288147, scale 0.8531414866447449)
2024-03-10 08:57:45,232 | INFO | hilo.laplace-kernel : STATIC:
tensor([[0.5061, 0.1568, 0.0485],
        [0.1568, 0.0485, 0.0150],
        [0.0485, 0.0150, 0.0047]])
2024-03-10 08:57:45,233 | INFO | hilo.kernel-accessor : Fetching kernel: laplace
2024-03-10 08:57:45,233 | INFO | hilo.laplace-kernel : Calculating Laplace distribution (location: -0.06050778925418854, scale 0.7776643633842468)
2024-03-10 08:57:45,233 | INFO | hilo.laplace-kernel : STATIC:
tensor([[0.5464, 0.1510, 0.0417],
        [0.1510, 0.0417, 0.0115],
        [0.0417, 0.0115, 0.0032]])
2024-03-10 08:57:45,234 | INFO | hilo.kernel-accessor : Fetching kernel: laplace
2024-03-10 08:57:45,234 | INFO | hilo.laplace-kernel : Calculating Laplace distribution (location: 0.060260970145463943, scale 0.6873934864997864)
2024-03-10 08:57:45,234 | INFO | hilo.laplace-kernel : TOP-RIGHT:
tensor([[0.0364, 0.1558, 0.5602],
        [0.0085, 0.0364, 0.1558],
        [0.0020, 0.0085, 0.0364]])
2024-03-10 08:57:45,235 | INFO | hilo.kernel-accessor : Fetching kernel: laplace
2024-03-10 08:57:45,235 | INFO | hilo.laplace-kernel : Calculating Laplace distribution (location: -0.26337194442749023, scale 0.8500866889953613)
2024-03-10 08:57:45,235 | INFO | hilo.laplace-kernel : BOTTOM-RIGHT:
tensor([[0.0046, 0.0149, 0.0483],
        [0.0149, 0.0483, 0.1566],
        [0.0483, 0.1566, 0.5077]])
2024-03-10 08:57:45,236 | INFO | hilo.kernel-accessor : Fetching kernel: laplace
2024-03-10 08:57:45,236 | INFO | hilo.laplace-kernel : Calculating Laplace distribution (location: -0.22724169492721558, scale 0.620379626750946)
2024-03-10 08:57:45,236 | INFO | hilo.laplace-kernel : TOP-LEFT:
tensor([[0.6511, 0.1299, 0.0259],
        [0.1299, 0.0259, 0.0052],
        [0.0259, 0.0052, 0.0010]])
2024-03-10 08:57:45,237 | INFO | hilo.kernel-accessor : Fetching kernel: laplace
2024-03-10 08:57:45,237 | INFO | hilo.laplace-kernel : Calculating Laplace distribution (location: -0.05548270046710968, scale 0.5209368467330933)
2024-03-10 08:57:45,237 | INFO | hilo.laplace-kernel : TOP-LEFT:
tensor([[7.3280e-01, 1.0747e-01, 1.5763e-02],
        [1.0747e-01, 1.5763e-02, 2.3118e-03],
        [1.5763e-02, 2.3118e-03, 3.3905e-04]])
2024-03-10 08:57:45,238 | INFO | hilo.kernel-accessor : Fetching kernel: laplace
2024-03-10 08:57:45,238 | INFO | hilo.laplace-kernel : Calculating Laplace distribution (location: -0.0008978410623967648, scale 0.4282834231853485)
2024-03-10 08:57:45,238 | INFO | hilo.laplace-kernel : STATIC:
tensor([[8.1722e-01, 7.9123e-02, 7.6607e-03],
        [7.9123e-02, 7.6607e-03, 7.4171e-04],
        [7.6607e-03, 7.4171e-04, 7.1812e-05]])
2024-03-10 08:57:45,239 | INFO | hilo.kernel-accessor : Fetching kernel: laplace
