2023-12-06 18:17:15,059 | INFO | hi-lo : 
+==============================================================+
|                                                              |
| ██████╗  █████╗ ██████╗ ██╗         ██╗      █████╗ ██████╗  |
| ██╔══██╗██╔══██╗██╔══██╗██║         ██║     ██╔══██╗██╔══██╗ |
| ██║  ██║███████║██║  ██║██║         ██║     ███████║██████╔╝ |
| ██║  ██║██╔══██║██║  ██║██║         ██║     ██╔══██║██╔══██╗ |
| ██████╔╝██║  ██║██████╔╝███████╗    ███████╗██║  ██║██████╔╝ |
| ╚═════╝ ╚═╝  ╚═╝╚═════╝ ╚══════╝    ╚══════╝╚═╝  ╚═╝╚═════╝  |
|                                                              |
+==============================================================+
|             Hi-Lo Resolution Image Classification            |
|             -------------------------------------            |
|                       Gabriel C. Trahan                      |
|                          Sahan Ahmad                         |
|                       MD  Aminual Islam                      |
+==============================================================+
| MODEL:                 normal | LR:                      0.1 |
| DISTRO:                gumbel | KERNEL TYPE:              10 |
| DATASET:             imagenet | BATCH SIZE:               64 |
+=========================================================================+
2023-12-06 18:17:15,060 | INFO | hi-lo : Output directory: output/normal/gumbel/10/imagenet/20231206_181715
2023-12-06 18:17:15,060 | INFO | hi-lo.dataset-accessor : Fetching dataset: imagenet
2023-12-06 18:17:15,060 | INFO | hi-lo.imagenet-dataset : Initializing transform.
2023-12-06 18:17:15,060 | INFO | hi-lo.imagenet-dataset : Verifying/downloading train data.
2023-12-06 18:17:17,913 | INFO | hi-lo.imagenet-dataset : Verifying/downloading test data.
2023-12-06 18:17:18,031 | INFO | hi-lo.imagenet-dataset : Creating train data loader.
2023-12-06 18:17:18,031 | INFO | hi-lo.imagenet-dataset : Creating test data loader.
2023-12-06 18:17:19,040 | INFO | hi-lo : Using device: NVIDIA GeForce GTX 1060 6GB
2023-12-06 18:17:19,040 | INFO | hi-lo : Commencing training phase...
2023-12-06 18:17:19,041 | INFO | hi-lo : BEGIN EPOCH 1 =========================================================================
2023-12-06 18:17:19,041 | INFO | hi-lo.kernel-accessor : Fetching kernel: gumbel
2023-12-06 18:17:19,042 | INFO | hi-lo.gumbel-kernel : MU (LOCATION): 1 | BETA (SCALE): 1
2023-12-06 18:17:19,042 | INFO | hi-lo.gumbel-kernel : STATIC
tensor([[5.6765e-01, 1.6550e-01, 3.2357e-02],
        [1.6550e-01, 3.2357e-02, 2.1352e-03],
        [3.2357e-02, 2.1352e-03, 7.3562e-06]])
2023-12-06 18:17:19,042 | INFO | hi-lo.kernel-accessor : Fetching kernel: gumbel
2023-12-06 18:17:19,043 | INFO | hi-lo.gumbel-kernel : MU (LOCATION): 0.0 | BETA (SCALE): 1.0
2023-12-06 18:17:19,043 | INFO | hi-lo.gumbel-kernel : TOP-RIGHT
tensor([[2.0072e-04, 5.8259e-02, 8.8288e-01],
        [2.2609e-10, 2.0072e-04, 5.8259e-02],
        [8.5377e-26, 2.2609e-10, 2.0072e-04]])
2023-12-06 18:17:19,043 | INFO | hi-lo.kernel-accessor : Fetching kernel: gumbel
2023-12-06 18:17:19,043 | INFO | hi-lo.gumbel-kernel : MU (LOCATION): 0.0 | BETA (SCALE): 1.0
2023-12-06 18:17:19,043 | INFO | hi-lo.gumbel-kernel : BOTTOM-RIGHT
tensor([[8.5377e-26, 2.2609e-10, 2.0072e-04],
        [2.2609e-10, 2.0072e-04, 5.8259e-02],
        [2.0072e-04, 5.8259e-02, 8.8288e-01]])
2023-12-06 18:17:19,044 | INFO | hi-lo.kernel-accessor : Fetching kernel: gumbel
2023-12-06 18:17:19,044 | INFO | hi-lo.gumbel-kernel : MU (LOCATION): 0.0 | BETA (SCALE): 1.0
2023-12-06 18:17:19,044 | INFO | hi-lo.gumbel-kernel : BOTTOM-RIGHT
tensor([[8.5377e-26, 2.2609e-10, 2.0072e-04],
        [2.2609e-10, 2.0072e-04, 5.8259e-02],
        [2.0072e-04, 5.8259e-02, 8.8288e-01]])
2023-12-06 18:17:43,778 | INFO | hi-lo : END EPOCH:   1 | ACCURACY: 9.38 | LOSS: 4.6266584396362305
2023-12-06 18:17:43,778 | INFO | hi-lo : BEGIN EPOCH 2 =========================================================================
2023-12-06 18:17:43,778 | INFO | hi-lo.kernel-accessor : Fetching kernel: gumbel
2023-12-06 18:17:43,779 | INFO | hi-lo.gumbel-kernel : MU (LOCATION): -0.11397057771682739 | BETA (SCALE): 0.544684886932373
2023-12-06 18:17:43,780 | INFO | hi-lo.gumbel-kernel : BOTTOM-RIGHT
tensor([[0.0000e+00, 0.0000e+00, 1.2942e-27],
        [0.0000e+00, 1.2942e-27, 5.2958e-05],
        [1.2942e-27, 5.2958e-05, 9.9989e-01]])
2023-12-06 18:17:43,780 | INFO | hi-lo.kernel-accessor : Fetching kernel: gumbel
2023-12-06 18:17:43,780 | INFO | hi-lo.gumbel-kernel : MU (LOCATION): -0.3629685640335083 | BETA (SCALE): 0.7466521263122559
2023-12-06 18:17:43,780 | INFO | hi-lo.gumbel-kernel : TOP-RIGHT
tensor([[1.8229e-17, 1.5287e-04, 9.9969e-01],
        [0.0000e+00, 1.8228e-17, 1.5287e-04],
        [0.0000e+00, 0.0000e+00, 1.8229e-17]])
2023-12-06 18:17:43,781 | INFO | hi-lo.kernel-accessor : Fetching kernel: gumbel
2023-12-06 18:17:43,781 | INFO | hi-lo.gumbel-kernel : MU (LOCATION): -0.5275306701660156 | BETA (SCALE): 0.781154215335846
2023-12-06 18:17:43,781 | INFO | hi-lo.gumbel-kernel : BOTTOM-RIGHT
tensor([[0.0000e+00, 0.0000e+00, 7.4608e-22],
        [0.0000e+00, 7.4608e-22, 1.2309e-05],
        [7.4608e-22, 1.2309e-05, 9.9998e-01]])
2023-12-06 18:17:43,782 | INFO | hi-lo.kernel-accessor : Fetching kernel: gumbel
2023-12-06 18:17:43,782 | INFO | hi-lo.gumbel-kernel : MU (LOCATION): 1 | BETA (SCALE): 1
2023-12-06 18:17:43,782 | INFO | hi-lo.gumbel-kernel : STATIC
tensor([[5.6765e-01, 1.6550e-01, 3.2357e-02],
        [1.6550e-01, 3.2357e-02, 2.1352e-03],
        [3.2357e-02, 2.1352e-03, 7.3562e-06]])
2023-12-06 18:18:07,885 | INFO | hi-lo : END EPOCH:   2 | ACCURACY: 1.56 | LOSS: 4.626242160797119
2023-12-06 18:18:07,885 | INFO | hi-lo : BEGIN EPOCH 3 =========================================================================
2023-12-06 18:18:07,886 | INFO | hi-lo.kernel-accessor : Fetching kernel: gumbel
2023-12-06 18:18:07,886 | INFO | hi-lo.gumbel-kernel : MU (LOCATION): -0.18882250785827637 | BETA (SCALE): 0.4969760477542877
2023-12-06 18:18:07,887 | INFO | hi-lo.gumbel-kernel : BOTTOM-RIGHT
tensor([[0.0000e+00, 0.0000e+00, 0.0000e+00],
        [0.0000e+00, 0.0000e+00, 1.2872e-07],
        [0.0000e+00, 1.2872e-07, 1.0000e+00]])
2023-12-06 18:18:07,887 | INFO | hi-lo.kernel-accessor : Fetching kernel: gumbel
2023-12-06 18:18:07,888 | INFO | hi-lo.gumbel-kernel : MU (LOCATION): 1 | BETA (SCALE): 1
2023-12-06 18:18:07,888 | INFO | hi-lo.gumbel-kernel : STATIC
tensor([[5.6765e-01, 1.6550e-01, 3.2357e-02],
        [1.6550e-01, 3.2357e-02, 2.1352e-03],
        [3.2357e-02, 2.1352e-03, 7.3562e-06]])
2023-12-06 18:18:07,888 | INFO | hi-lo.kernel-accessor : Fetching kernel: gumbel
2023-12-06 18:18:07,889 | INFO | hi-lo.gumbel-kernel : MU (LOCATION): -1.3920989036560059 | BETA (SCALE): 2.265472412109375
2023-12-06 18:18:07,889 | INFO | hi-lo.gumbel-kernel : TOP-RIGHT
tensor([[2.7045e-03, 8.0251e-02, 8.3135e-01],
        [1.7746e-05, 2.7045e-03, 8.0251e-02],
        [9.1444e-09, 1.7746e-05, 2.7045e-03]])
2023-12-06 18:18:07,889 | INFO | hi-lo.kernel-accessor : Fetching kernel: gumbel
2023-12-06 18:18:07,890 | INFO | hi-lo.gumbel-kernel : MU (LOCATION): -0.9091441631317139 | BETA (SCALE): 1.1446455717086792
2023-12-06 18:18:07,890 | INFO | hi-lo.gumbel-kernel : TOP-RIGHT
tensor([[1.4570e-11, 4.4920e-04, 9.9910e-01],
        [5.6548e-29, 1.4570e-11, 4.4920e-04],
        [0.0000e+00, 5.6548e-29, 1.4570e-11]])
2023-12-06 18:18:31,939 | INFO | hi-lo : END EPOCH:   3 | ACCURACY: 0.78 | LOSS: 4.36785888671875
2023-12-06 18:18:31,939 | INFO | hi-lo : BEGIN EPOCH 4 =========================================================================
2023-12-06 18:18:31,940 | INFO | hi-lo.kernel-accessor : Fetching kernel: gumbel
2023-12-06 18:18:31,940 | INFO | hi-lo.gumbel-kernel : MU (LOCATION): -0.09143336862325668 | BETA (SCALE): 0.5028017163276672
2023-12-06 18:18:31,941 | INFO | hi-lo.gumbel-kernel : BOTTOM-RIGHT
tensor([[0.0000e+00, 0.0000e+00, 3.4414e-35],
        [0.0000e+00, 3.4413e-35, 1.5688e-05],
        [3.4414e-35, 1.5688e-05, 9.9997e-01]])
2023-12-06 18:18:31,941 | INFO | hi-lo.kernel-accessor : Fetching kernel: gumbel
2023-12-06 18:18:31,942 | INFO | hi-lo.gumbel-kernel : MU (LOCATION): -0.641237735748291 | BETA (SCALE): 0.8710314631462097
2023-12-06 18:18:31,942 | INFO | hi-lo.gumbel-kernel : BOTTOM-RIGHT
tensor([[0.0000e+00, 0.0000e+00, 1.2155e-18],
        [0.0000e+00, 1.2155e-18, 2.6717e-05],
        [1.2155e-18, 2.6717e-05, 9.9995e-01]])
2023-12-06 18:18:31,942 | INFO | hi-lo.kernel-accessor : Fetching kernel: gumbel
2023-12-06 18:18:31,943 | INFO | hi-lo.gumbel-kernel : MU (LOCATION): -1.0357701778411865 | BETA (SCALE): 1.5012117624282837
2023-12-06 18:18:31,943 | INFO | hi-lo.gumbel-kernel : TOP-RIGHT
tensor([[3.9444e-06, 1.1651e-02, 9.7669e-01],
        [1.3005e-12, 3.9444e-06, 1.1651e-02],
        [5.8864e-25, 1.3005e-12, 3.9444e-06]])
2023-12-06 18:18:31,944 | INFO | hi-lo.kernel-accessor : Fetching kernel: gumbel
2023-12-06 18:18:31,944 | INFO | hi-lo.gumbel-kernel : MU (LOCATION): -0.7368044257164001 | BETA (SCALE): 0.9307425022125244
2023-12-06 18:18:31,945 | INFO | hi-lo.gumbel-kernel : TOP-RIGHT
tensor([[1.1050e-17, 2.8469e-05, 9.9994e-01],
        [0.0000e+00, 1.1050e-17, 2.8469e-05],
        [0.0000e+00, 0.0000e+00, 1.1050e-17]])
2023-12-06 18:18:55,970 | INFO | hi-lo : END EPOCH:   4 | ACCURACY: 0.14 | LOSS: 4.483423709869385
2023-12-06 18:18:55,970 | INFO | hi-lo : BEGIN EPOCH 5 =========================================================================
2023-12-06 18:18:55,970 | INFO | hi-lo.kernel-accessor : Fetching kernel: gumbel
2023-12-06 18:18:55,971 | INFO | hi-lo.gumbel-kernel : MU (LOCATION): -0.12230663001537323 | BETA (SCALE): 0.47470590472221375
2023-12-06 18:18:55,972 | INFO | hi-lo.gumbel-kernel : BOTTOM-RIGHT
tensor([[0.0000e+00, 0.0000e+00, 0.0000e+00],
        [0.0000e+00, 0.0000e+00, 6.8506e-07],
        [0.0000e+00, 6.8506e-07, 1.0000e+00]])
2023-12-06 18:18:55,972 | INFO | hi-lo.kernel-accessor : Fetching kernel: gumbel
2023-12-06 18:18:55,972 | INFO | hi-lo.gumbel-kernel : MU (LOCATION): 1 | BETA (SCALE): 1
2023-12-06 18:18:55,973 | INFO | hi-lo.gumbel-kernel : STATIC
tensor([[5.6765e-01, 1.6550e-01, 3.2357e-02],
        [1.6550e-01, 3.2357e-02, 2.1352e-03],
        [3.2357e-02, 2.1352e-03, 7.3562e-06]])
2023-12-06 18:18:55,973 | INFO | hi-lo.kernel-accessor : Fetching kernel: gumbel
2023-12-06 18:18:55,973 | INFO | hi-lo.gumbel-kernel : MU (LOCATION): -0.9745031595230103 | BETA (SCALE): 1.5207128524780273
2023-12-06 18:18:55,974 | INFO | hi-lo.gumbel-kernel : TOP-RIGHT
tensor([[1.4101e-05, 1.7525e-02, 9.6491e-01],
        [2.7689e-11, 1.4101e-05, 1.7525e-02],
        [4.9295e-22, 2.7689e-11, 1.4101e-05]])
2023-12-06 18:18:55,974 | INFO | hi-lo.kernel-accessor : Fetching kernel: gumbel
2023-12-06 18:18:55,974 | INFO | hi-lo.gumbel-kernel : MU (LOCATION): 1 | BETA (SCALE): 1
2023-12-06 18:18:55,975 | INFO | hi-lo.gumbel-kernel : STATIC
tensor([[5.6765e-01, 1.6550e-01, 3.2357e-02],
        [1.6550e-01, 3.2357e-02, 2.1352e-03],
        [3.2357e-02, 2.1352e-03, 7.3562e-06]])
2023-12-06 18:19:20,139 | INFO | hi-lo : END EPOCH:   5 | ACCURACY: 0.06 | LOSS: 4.4168548583984375
2023-12-06 18:19:20,139 | INFO | hi-lo : BEGIN EPOCH 6 =========================================================================
2023-12-06 18:19:20,139 | INFO | hi-lo.kernel-accessor : Fetching kernel: gumbel
2023-12-06 18:19:20,140 | INFO | hi-lo.gumbel-kernel : MU (LOCATION): 1 | BETA (SCALE): 1
2023-12-06 18:19:20,141 | INFO | hi-lo.gumbel-kernel : STATIC
tensor([[5.6765e-01, 1.6550e-01, 3.2357e-02],
        [1.6550e-01, 3.2357e-02, 2.1352e-03],
        [3.2357e-02, 2.1352e-03, 7.3562e-06]])
2023-12-06 18:19:20,141 | INFO | hi-lo.kernel-accessor : Fetching kernel: gumbel
2023-12-06 18:19:20,142 | INFO | hi-lo.gumbel-kernel : MU (LOCATION): -0.6684460639953613 | BETA (SCALE): 0.9092225432395935
2023-12-06 18:19:20,142 | INFO | hi-lo.gumbel-kernel : TOP-RIGHT
tensor([[7.6993e-17, 5.4480e-05, 9.9989e-01],
        [0.0000e+00, 7.6993e-17, 5.4480e-05],
        [0.0000e+00, 0.0000e+00, 7.6993e-17]])
2023-12-06 18:19:20,142 | INFO | hi-lo.kernel-accessor : Fetching kernel: gumbel
2023-12-06 18:19:20,143 | INFO | hi-lo.gumbel-kernel : MU (LOCATION): 1 | BETA (SCALE): 1
2023-12-06 18:19:20,143 | INFO | hi-lo.gumbel-kernel : STATIC
tensor([[5.6765e-01, 1.6550e-01, 3.2357e-02],
        [1.6550e-01, 3.2357e-02, 2.1352e-03],
        [3.2357e-02, 2.1352e-03, 7.3562e-06]])
2023-12-06 18:19:20,143 | INFO | hi-lo.kernel-accessor : Fetching kernel: gumbel
2023-12-06 18:19:20,144 | INFO | hi-lo.gumbel-kernel : MU (LOCATION): -1.123433232307434 | BETA (SCALE): 1.2696081399917603
2023-12-06 18:19:20,144 | INFO | hi-lo.gumbel-kernel : TOP-RIGHT
tensor([[3.5270e-11, 4.0118e-04, 9.9920e-01],
        [2.7979e-26, 3.5270e-11, 4.0118e-04],
        [0.0000e+00, 2.7979e-26, 3.5270e-11]])
2023-12-06 18:19:44,354 | INFO | hi-lo : END EPOCH:   6 | ACCURACY: 0.78 | LOSS: 4.243809700012207
2023-12-06 18:19:44,354 | INFO | hi-lo : BEGIN EPOCH 7 =========================================================================
2023-12-06 18:19:44,354 | INFO | hi-lo.kernel-accessor : Fetching kernel: gumbel
2023-12-06 18:19:44,355 | INFO | hi-lo.gumbel-kernel : MU (LOCATION): -0.1904735565185547 | BETA (SCALE): 0.5269255638122559
2023-12-06 18:19:44,355 | INFO | hi-lo.gumbel-kernel : BOTTOM-RIGHT
tensor([[0.0000e+00, 0.0000e+00, 2.6288e-41],
        [0.0000e+00, 2.6288e-41, 1.2612e-06],
        [2.6288e-41, 1.2612e-06, 1.0000e+00]])
2023-12-06 18:19:44,355 | INFO | hi-lo.kernel-accessor : Fetching kernel: gumbel
2023-12-06 18:19:44,356 | INFO | hi-lo.gumbel-kernel : MU (LOCATION): -0.6082984209060669 | BETA (SCALE): 0.905866801738739
2023-12-06 18:19:44,356 | INFO | hi-lo.gumbel-kernel : TOP-RIGHT
tensor([[3.7372e-15, 1.4679e-04, 9.9971e-01],
        [0.0000e+00, 3.7372e-15, 1.4679e-04],
        [0.0000e+00, 0.0000e+00, 3.7372e-15]])
2023-12-06 18:19:44,357 | INFO | hi-lo.kernel-accessor : Fetching kernel: gumbel
2023-12-06 18:19:44,357 | INFO | hi-lo.gumbel-kernel : MU (LOCATION): 1 | BETA (SCALE): 1
2023-12-06 18:19:44,357 | INFO | hi-lo.gumbel-kernel : STATIC
tensor([[5.6765e-01, 1.6550e-01, 3.2357e-02],
        [1.6550e-01, 3.2357e-02, 2.1352e-03],
        [3.2357e-02, 2.1352e-03, 7.3562e-06]])
2023-12-06 18:19:44,358 | INFO | hi-lo.kernel-accessor : Fetching kernel: gumbel
2023-12-06 18:19:44,358 | INFO | hi-lo.gumbel-kernel : MU (LOCATION): -0.987490177154541 | BETA (SCALE): 1.2833961248397827
2023-12-06 18:19:44,359 | INFO | hi-lo.gumbel-kernel : BOTTOM-RIGHT
tensor([[0.0000e+00, 1.1260e-20, 5.3860e-09],
        [1.1260e-20, 5.3860e-09, 1.8743e-03],
        [5.3860e-09, 1.8743e-03, 9.9625e-01]])
2023-12-06 18:20:08,612 | INFO | hi-lo : END EPOCH:   7 | ACCURACY: 1.78 | LOSS: 4.109958648681641
2023-12-06 18:20:08,612 | INFO | hi-lo : BEGIN EPOCH 8 =========================================================================
2023-12-06 18:20:08,613 | INFO | hi-lo.kernel-accessor : Fetching kernel: gumbel
2023-12-06 18:20:08,613 | INFO | hi-lo.gumbel-kernel : MU (LOCATION): -0.11184033006429672 | BETA (SCALE): 0.5207023024559021
2023-12-06 18:20:08,614 | INFO | hi-lo.gumbel-kernel : BOTTOM-RIGHT
tensor([[0.0000e+00, 0.0000e+00, 8.3361e-33],
        [0.0000e+00, 8.3358e-33, 1.9018e-05],
        [8.3361e-33, 1.9018e-05, 9.9996e-01]])
2023-12-06 18:20:08,614 | INFO | hi-lo.kernel-accessor : Fetching kernel: gumbel
2023-12-06 18:20:08,615 | INFO | hi-lo.gumbel-kernel : MU (LOCATION): 1 | BETA (SCALE): 1
2023-12-06 18:20:08,615 | INFO | hi-lo.gumbel-kernel : STATIC
tensor([[5.6765e-01, 1.6550e-01, 3.2357e-02],
        [1.6550e-01, 3.2357e-02, 2.1352e-03],
        [3.2357e-02, 2.1352e-03, 7.3562e-06]])
2023-12-06 18:20:08,615 | INFO | hi-lo.kernel-accessor : Fetching kernel: gumbel
2023-12-06 18:20:08,616 | INFO | hi-lo.gumbel-kernel : MU (LOCATION): 1 | BETA (SCALE): 1
2023-12-06 18:20:08,616 | INFO | hi-lo.gumbel-kernel : STATIC
tensor([[5.6765e-01, 1.6550e-01, 3.2357e-02],
        [1.6550e-01, 3.2357e-02, 2.1352e-03],
        [3.2357e-02, 2.1352e-03, 7.3562e-06]])
2023-12-06 18:20:08,616 | INFO | hi-lo.kernel-accessor : Fetching kernel: gumbel
2023-12-06 18:20:08,617 | INFO | hi-lo.gumbel-kernel : MU (LOCATION): -0.9685429334640503 | BETA (SCALE): 1.2481104135513306
2023-12-06 18:20:08,617 | INFO | hi-lo.gumbel-kernel : BOTTOM-RIGHT
tensor([[0.0000e+00, 2.1000e-22, 1.4907e-09],
        [2.1000e-22, 1.4907e-09, 1.3571e-03],
        [1.4907e-09, 1.3571e-03, 9.9729e-01]])
2023-12-06 18:20:32,808 | INFO | hi-lo : END EPOCH:   8 | ACCURACY: 1.56 | LOSS: 4.511871814727783
2023-12-06 18:20:32,809 | INFO | hi-lo : BEGIN EPOCH 9 =========================================================================
2023-12-06 18:20:32,809 | INFO | hi-lo.kernel-accessor : Fetching kernel: gumbel
2023-12-06 18:20:32,809 | INFO | hi-lo.gumbel-kernel : MU (LOCATION): -0.059423498809337616 | BETA (SCALE): 0.5409272313117981
2023-12-06 18:20:32,810 | INFO | hi-lo.gumbel-kernel : BOTTOM-RIGHT
tensor([[0.0000e+00, 0.0000e+00, 1.2901e-23],
        [0.0000e+00, 1.2901e-23, 2.0036e-04],
        [1.2901e-23, 2.0036e-04, 9.9960e-01]])
2023-12-06 18:20:32,810 | INFO | hi-lo.kernel-accessor : Fetching kernel: gumbel
2023-12-06 18:20:32,811 | INFO | hi-lo.gumbel-kernel : MU (LOCATION): 1 | BETA (SCALE): 1
2023-12-06 18:20:32,811 | INFO | hi-lo.gumbel-kernel : STATIC
tensor([[5.6765e-01, 1.6550e-01, 3.2357e-02],
        [1.6550e-01, 3.2357e-02, 2.1352e-03],
        [3.2357e-02, 2.1352e-03, 7.3562e-06]])
2023-12-06 18:20:32,811 | INFO | hi-lo.kernel-accessor : Fetching kernel: gumbel
2023-12-06 18:20:32,812 | INFO | hi-lo.gumbel-kernel : MU (LOCATION): 1 | BETA (SCALE): 1
2023-12-06 18:20:32,812 | INFO | hi-lo.gumbel-kernel : STATIC
tensor([[5.6765e-01, 1.6550e-01, 3.2357e-02],
        [1.6550e-01, 3.2357e-02, 2.1352e-03],
        [3.2357e-02, 2.1352e-03, 7.3562e-06]])
2023-12-06 18:20:32,812 | INFO | hi-lo.kernel-accessor : Fetching kernel: gumbel
2023-12-06 18:20:32,813 | INFO | hi-lo.gumbel-kernel : MU (LOCATION): -0.8095055818557739 | BETA (SCALE): 1.172502040863037
2023-12-06 18:20:32,813 | INFO | hi-lo.gumbel-kernel : TOP-RIGHT
tensor([[2.9737e-09, 2.0032e-03, 9.9599e-01],
        [1.9781e-22, 2.9737e-09, 2.0032e-03],
        [0.0000e+00, 1.9781e-22, 2.9737e-09]])
2023-12-06 18:20:57,103 | INFO | hi-lo : END EPOCH:   9 | ACCURACY: 0.74 | LOSS: 4.416216850280762
2023-12-06 18:20:57,103 | INFO | hi-lo : BEGIN EPOCH 10 =========================================================================
2023-12-06 18:20:57,103 | INFO | hi-lo.kernel-accessor : Fetching kernel: gumbel
2023-12-06 18:20:57,104 | INFO | hi-lo.gumbel-kernel : MU (LOCATION): -0.11108364909887314 | BETA (SCALE): 0.4904995858669281
2023-12-06 18:20:57,104 | INFO | hi-lo.gumbel-kernel : TOP-RIGHT
tensor([[4.0806e-42, 3.5543e-06, 9.9999e-01],
        [0.0000e+00, 4.0806e-42, 3.5543e-06],
        [0.0000e+00, 0.0000e+00, 4.0806e-42]])
2023-12-06 18:20:57,104 | INFO | hi-lo.kernel-accessor : Fetching kernel: gumbel
2023-12-06 18:20:57,105 | INFO | hi-lo.gumbel-kernel : MU (LOCATION): -0.6947704553604126 | BETA (SCALE): 0.9397152066230774
2023-12-06 18:20:57,105 | INFO | hi-lo.gumbel-kernel : TOP-RIGHT
tensor([[9.4423e-16, 8.3320e-05, 9.9983e-01],
        [0.0000e+00, 9.4423e-16, 8.3320e-05],
        [0.0000e+00, 0.0000e+00, 9.4423e-16]])
2023-12-06 18:20:57,105 | INFO | hi-lo.kernel-accessor : Fetching kernel: gumbel
2023-12-06 18:20:57,106 | INFO | hi-lo.gumbel-kernel : MU (LOCATION): -0.7112170457839966 | BETA (SCALE): 1.5773065090179443
2023-12-06 18:20:57,106 | INFO | hi-lo.gumbel-kernel : TOP-RIGHT
tensor([[4.6430e-04, 5.3421e-02, 8.9176e-01],
        [1.0603e-07, 4.6430e-04, 5.3421e-02],
        [2.5394e-14, 1.0603e-07, 4.6430e-04]])
2023-12-06 18:20:57,106 | INFO | hi-lo.kernel-accessor : Fetching kernel: gumbel
2023-12-06 18:20:57,107 | INFO | hi-lo.gumbel-kernel : MU (LOCATION): -1.3810986280441284 | BETA (SCALE): 1.6282782554626465
2023-12-06 18:20:57,107 | INFO | hi-lo.gumbel-kernel : BOTTOM-RIGHT
tensor([[4.6365e-27, 4.0995e-14, 5.5023e-07],
        [4.0995e-14, 5.5023e-07, 5.2459e-03],
        [5.5023e-07, 5.2459e-03, 9.8951e-01]])
2023-12-06 18:21:21,368 | INFO | hi-lo : END EPOCH:  10 | ACCURACY: 1.56 | LOSS: 4.416821479797363
2023-12-06 18:21:21,368 | INFO | hi-lo : BEGIN EPOCH 11 =========================================================================
2023-12-06 18:21:21,368 | INFO | hi-lo.kernel-accessor : Fetching kernel: gumbel
2023-12-06 18:21:21,368 | INFO | hi-lo.gumbel-kernel : MU (LOCATION): -0.025702565908432007 | BETA (SCALE): 0.5462554693222046
2023-12-06 18:21:21,369 | INFO | hi-lo.gumbel-kernel : BOTTOM-RIGHT
tensor([[0.0000e+00, 0.0000e+00, 2.0896e-20],
        [0.0000e+00, 2.0896e-20, 5.0729e-04],
        [2.0896e-20, 5.0729e-04, 9.9899e-01]])
2023-12-06 18:21:21,369 | INFO | hi-lo.kernel-accessor : Fetching kernel: gumbel
2023-12-06 18:21:21,369 | INFO | hi-lo.gumbel-kernel : MU (LOCATION): -0.7241072654724121 | BETA (SCALE): 1.105019450187683
2023-12-06 18:21:21,369 | INFO | hi-lo.gumbel-kernel : TOP-RIGHT
tensor([[9.6126e-10, 1.7183e-03, 9.9656e-01],
        [1.2787e-24, 9.6126e-10, 1.7183e-03],
        [0.0000e+00, 1.2787e-24, 9.6126e-10]])
2023-12-06 18:21:21,369 | INFO | hi-lo.kernel-accessor : Fetching kernel: gumbel
2023-12-06 18:21:21,370 | INFO | hi-lo.gumbel-kernel : MU (LOCATION): 1 | BETA (SCALE): 1
2023-12-06 18:21:21,370 | INFO | hi-lo.gumbel-kernel : STATIC
tensor([[5.6765e-01, 1.6550e-01, 3.2357e-02],
        [1.6550e-01, 3.2357e-02, 2.1352e-03],
        [3.2357e-02, 2.1352e-03, 7.3562e-06]])
2023-12-06 18:21:21,370 | INFO | hi-lo.kernel-accessor : Fetching kernel: gumbel
2023-12-06 18:21:21,370 | INFO | hi-lo.gumbel-kernel : MU (LOCATION): 1 | BETA (SCALE): 1
2023-12-06 18:21:21,370 | INFO | hi-lo.gumbel-kernel : STATIC
tensor([[5.6765e-01, 1.6550e-01, 3.2357e-02],
        [1.6550e-01, 3.2357e-02, 2.1352e-03],
        [3.2357e-02, 2.1352e-03, 7.3562e-06]])
2023-12-06 18:21:45,650 | INFO | hi-lo : END EPOCH:  11 | ACCURACY: 1.56 | LOSS: 4.133432865142822
2023-12-06 18:21:45,650 | INFO | hi-lo : BEGIN EPOCH 12 =========================================================================
2023-12-06 18:21:45,650 | INFO | hi-lo.kernel-accessor : Fetching kernel: gumbel
2023-12-06 18:21:45,651 | INFO | hi-lo.gumbel-kernel : MU (LOCATION): -0.17301702499389648 | BETA (SCALE): 0.4845650792121887
2023-12-06 18:21:45,651 | INFO | hi-lo.gumbel-kernel : BOTTOM-RIGHT
tensor([[0.0000e+00, 0.0000e+00, 0.0000e+00],
        [0.0000e+00, 0.0000e+00, 1.0129e-07],
        [0.0000e+00, 1.0129e-07, 1.0000e+00]])
2023-12-06 18:21:45,651 | INFO | hi-lo.kernel-accessor : Fetching kernel: gumbel
2023-12-06 18:21:45,652 | INFO | hi-lo.gumbel-kernel : MU (LOCATION): -0.5643321871757507 | BETA (SCALE): 0.9747466444969177
2023-12-06 18:21:45,652 | INFO | hi-lo.gumbel-kernel : BOTTOM-RIGHT
tensor([[0.0000e+00, 1.0785e-30, 5.3941e-11],
        [1.0785e-30, 5.3941e-11, 1.2003e-03],
        [5.3941e-11, 1.2003e-03, 9.9760e-01]])
2023-12-06 18:21:45,652 | INFO | hi-lo.kernel-accessor : Fetching kernel: gumbel
2023-12-06 18:21:45,653 | INFO | hi-lo.gumbel-kernel : MU (LOCATION): 1 | BETA (SCALE): 1
2023-12-06 18:21:45,653 | INFO | hi-lo.gumbel-kernel : STATIC
tensor([[5.6765e-01, 1.6550e-01, 3.2357e-02],
        [1.6550e-01, 3.2357e-02, 2.1352e-03],
        [3.2357e-02, 2.1352e-03, 7.3562e-06]])
2023-12-06 18:21:45,653 | INFO | hi-lo.kernel-accessor : Fetching kernel: gumbel
2023-12-06 18:21:45,653 | INFO | hi-lo.gumbel-kernel : MU (LOCATION): 1 | BETA (SCALE): 1
2023-12-06 18:21:45,654 | INFO | hi-lo.gumbel-kernel : STATIC
tensor([[5.6765e-01, 1.6550e-01, 3.2357e-02],
        [1.6550e-01, 3.2357e-02, 2.1352e-03],
        [3.2357e-02, 2.1352e-03, 7.3562e-06]])
2023-12-06 18:22:09,906 | INFO | hi-lo : END EPOCH:  12 | ACCURACY: 0.9 | LOSS: 4.334415435791016
2023-12-06 18:22:09,907 | INFO | hi-lo : BEGIN EPOCH 13 =========================================================================
2023-12-06 18:22:09,907 | INFO | hi-lo.kernel-accessor : Fetching kernel: gumbel
2023-12-06 18:22:09,907 | INFO | hi-lo.gumbel-kernel : MU (LOCATION): 1 | BETA (SCALE): 1
2023-12-06 18:22:09,908 | INFO | hi-lo.gumbel-kernel : STATIC
tensor([[5.6765e-01, 1.6550e-01, 3.2357e-02],
        [1.6550e-01, 3.2357e-02, 2.1352e-03],
        [3.2357e-02, 2.1352e-03, 7.3562e-06]])
2023-12-06 18:22:09,908 | INFO | hi-lo.kernel-accessor : Fetching kernel: gumbel
2023-12-06 18:22:09,908 | INFO | hi-lo.gumbel-kernel : MU (LOCATION): -0.4823673963546753 | BETA (SCALE): 0.8973475098609924
2023-12-06 18:22:09,908 | INFO | hi-lo.gumbel-kernel : TOP-RIGHT
tensor([[3.0424e-12, 8.1167e-04, 9.9838e-01],
        [6.2176e-37, 3.0424e-12, 8.1167e-04],
        [0.0000e+00, 6.2176e-37, 3.0424e-12]])
2023-12-06 18:22:09,908 | INFO | hi-lo.kernel-accessor : Fetching kernel: gumbel
2023-12-06 18:22:09,909 | INFO | hi-lo.gumbel-kernel : MU (LOCATION): -0.9929895997047424 | BETA (SCALE): 1.7893521785736084
2023-12-06 18:22:09,909 | INFO | hi-lo.gumbel-kernel : BOTTOM-RIGHT
tensor([[9.4775e-13, 3.1225e-07, 5.6731e-04],
        [3.1225e-07, 5.6731e-04, 5.2676e-02],
        [5.6731e-04, 5.2676e-02, 8.9295e-01]])
2023-12-06 18:22:09,909 | INFO | hi-lo.kernel-accessor : Fetching kernel: gumbel
2023-12-06 18:22:09,909 | INFO | hi-lo.gumbel-kernel : MU (LOCATION): -1.2033040523529053 | BETA (SCALE): 1.5447137355804443
2023-12-06 18:22:09,909 | INFO | hi-lo.gumbel-kernel : BOTTOM-RIGHT
tensor([[2.8401e-27, 6.7642e-14, 9.2458e-07],
        [6.7642e-14, 9.2458e-07, 6.8379e-03],
        [9.2458e-07, 6.8379e-03, 9.8632e-01]])
2023-12-06 18:22:34,199 | INFO | hi-lo : END EPOCH:  13 | ACCURACY: 1.56 | LOSS: 4.5851616859436035
2023-12-06 18:22:34,200 | INFO | hi-lo : BEGIN EPOCH 14 =========================================================================
2023-12-06 18:22:34,200 | INFO | hi-lo.kernel-accessor : Fetching kernel: gumbel
2023-12-06 18:22:34,200 | INFO | hi-lo.gumbel-kernel : MU (LOCATION): 1 | BETA (SCALE): 1
2023-12-06 18:22:34,201 | INFO | hi-lo.gumbel-kernel : STATIC
tensor([[5.6765e-01, 1.6550e-01, 3.2357e-02],
        [1.6550e-01, 3.2357e-02, 2.1352e-03],
        [3.2357e-02, 2.1352e-03, 7.3562e-06]])
2023-12-06 18:22:34,201 | INFO | hi-lo.kernel-accessor : Fetching kernel: gumbel
2023-12-06 18:22:34,202 | INFO | hi-lo.gumbel-kernel : MU (LOCATION): -0.58733731508255 | BETA (SCALE): 0.9805341362953186
2023-12-06 18:22:34,202 | INFO | hi-lo.gumbel-kernel : TOP-RIGHT
tensor([[3.0806e-11, 1.0119e-03, 9.9798e-01],
        [2.7053e-31, 3.0806e-11, 1.0119e-03],
        [0.0000e+00, 2.7053e-31, 3.0806e-11]])
2023-12-06 18:22:34,202 | INFO | hi-lo.kernel-accessor : Fetching kernel: gumbel
2023-12-06 18:22:34,203 | INFO | hi-lo.gumbel-kernel : MU (LOCATION): -0.9334005117416382 | BETA (SCALE): 1.7185219526290894
2023-12-06 18:22:34,203 | INFO | hi-lo.gumbel-kernel : TOP-RIGHT
tensor([[4.1280e-04, 4.8571e-02, 9.0162e-01],
        [1.2882e-07, 4.1280e-04, 4.8571e-02],
        [1.0868e-13, 1.2882e-07, 4.1280e-04]])
2023-12-06 18:22:34,203 | INFO | hi-lo.kernel-accessor : Fetching kernel: gumbel
2023-12-06 18:22:34,204 | INFO | hi-lo.gumbel-kernel : MU (LOCATION): 1 | BETA (SCALE): 1
2023-12-06 18:22:34,204 | INFO | hi-lo.gumbel-kernel : STATIC
tensor([[5.6765e-01, 1.6550e-01, 3.2357e-02],
        [1.6550e-01, 3.2357e-02, 2.1352e-03],
        [3.2357e-02, 2.1352e-03, 7.3562e-06]])
2023-12-06 18:22:58,406 | INFO | hi-lo : END EPOCH:  14 | ACCURACY: 1.56 | LOSS: 3.920975923538208
2023-12-06 18:22:58,406 | INFO | hi-lo : BEGIN EPOCH 15 =========================================================================
2023-12-06 18:22:58,406 | INFO | hi-lo.kernel-accessor : Fetching kernel: gumbel
2023-12-06 18:22:58,407 | INFO | hi-lo.gumbel-kernel : MU (LOCATION): 1 | BETA (SCALE): 1
2023-12-06 18:22:58,407 | INFO | hi-lo.gumbel-kernel : STATIC
tensor([[5.6765e-01, 1.6550e-01, 3.2357e-02],
        [1.6550e-01, 3.2357e-02, 2.1352e-03],
        [3.2357e-02, 2.1352e-03, 7.3562e-06]])
2023-12-06 18:22:58,407 | INFO | hi-lo.kernel-accessor : Fetching kernel: gumbel
2023-12-06 18:22:58,408 | INFO | hi-lo.gumbel-kernel : MU (LOCATION): -0.5228430032730103 | BETA (SCALE): 0.8669160008430481
2023-12-06 18:22:58,408 | INFO | hi-lo.gumbel-kernel : TOP-RIGHT
tensor([[7.5024e-15, 2.2459e-04, 9.9955e-01],
        [0.0000e+00, 7.5024e-15, 2.2459e-04],
        [0.0000e+00, 0.0000e+00, 7.5024e-15]])
2023-12-06 18:22:58,408 | INFO | hi-lo.kernel-accessor : Fetching kernel: gumbel
2023-12-06 18:22:58,408 | INFO | hi-lo.gumbel-kernel : MU (LOCATION): 1 | BETA (SCALE): 1
2023-12-06 18:22:58,408 | INFO | hi-lo.gumbel-kernel : STATIC
tensor([[5.6765e-01, 1.6550e-01, 3.2357e-02],
        [1.6550e-01, 3.2357e-02, 2.1352e-03],
        [3.2357e-02, 2.1352e-03, 7.3562e-06]])
2023-12-06 18:22:58,409 | INFO | hi-lo.kernel-accessor : Fetching kernel: gumbel
2023-12-06 18:22:58,409 | INFO | hi-lo.gumbel-kernel : MU (LOCATION): -1.3626078367233276 | BETA (SCALE): 1.4235731363296509
2023-12-06 18:22:58,409 | INFO | hi-lo.gumbel-kernel : BOTTOM-RIGHT
tensor([[0.0000e+00, 6.2745e-23, 2.1435e-10],
        [6.2745e-23, 2.1435e-10, 4.9406e-04],
        [2.1435e-10, 4.9406e-04, 9.9901e-01]])
2023-12-06 18:23:22,592 | INFO | hi-lo : END EPOCH:  15 | ACCURACY: 3.12 | LOSS: 4.310968399047852
2023-12-06 18:23:22,592 | INFO | hi-lo : BEGIN EPOCH 16 =========================================================================
2023-12-06 18:23:22,592 | INFO | hi-lo.kernel-accessor : Fetching kernel: gumbel
2023-12-06 18:23:22,593 | INFO | hi-lo.gumbel-kernel : MU (LOCATION): -0.10769104957580566 | BETA (SCALE): 0.4440697729587555
2023-12-06 18:23:22,593 | INFO | hi-lo.gumbel-kernel : TOP-RIGHT
tensor([[0.0000e+00, 1.0524e-07, 1.0000e+00],
        [0.0000e+00, 0.0000e+00, 1.0524e-07],
        [0.0000e+00, 0.0000e+00, 0.0000e+00]])
2023-12-06 18:23:22,593 | INFO | hi-lo.kernel-accessor : Fetching kernel: gumbel
2023-12-06 18:23:22,593 | INFO | hi-lo.gumbel-kernel : MU (LOCATION): -0.5508018732070923 | BETA (SCALE): 0.9093182682991028
2023-12-06 18:23:22,594 | INFO | hi-lo.gumbel-kernel : TOP-RIGHT
tensor([[2.2231e-13, 3.9822e-04, 9.9920e-01],
        [3.2618e-40, 2.2231e-13, 3.9822e-04],
        [0.0000e+00, 3.2618e-40, 2.2231e-13]])
2023-12-06 18:23:22,594 | INFO | hi-lo.kernel-accessor : Fetching kernel: gumbel
2023-12-06 18:23:22,594 | INFO | hi-lo.gumbel-kernel : MU (LOCATION): 1 | BETA (SCALE): 1
2023-12-06 18:23:22,594 | INFO | hi-lo.gumbel-kernel : STATIC
tensor([[5.6765e-01, 1.6550e-01, 3.2357e-02],
        [1.6550e-01, 3.2357e-02, 2.1352e-03],
        [3.2357e-02, 2.1352e-03, 7.3562e-06]])
2023-12-06 18:23:22,594 | INFO | hi-lo.kernel-accessor : Fetching kernel: gumbel
2023-12-06 18:23:22,594 | INFO | hi-lo.gumbel-kernel : MU (LOCATION): 1 | BETA (SCALE): 1
2023-12-06 18:23:22,595 | INFO | hi-lo.gumbel-kernel : STATIC
tensor([[5.6765e-01, 1.6550e-01, 3.2357e-02],
        [1.6550e-01, 3.2357e-02, 2.1352e-03],
        [3.2357e-02, 2.1352e-03, 7.3562e-06]])
2023-12-06 18:23:46,807 | INFO | hi-lo : END EPOCH:  16 | ACCURACY: 0.07 | LOSS: 4.302806377410889
2023-12-06 18:23:46,807 | INFO | hi-lo : BEGIN EPOCH 17 =========================================================================
2023-12-06 18:23:46,807 | INFO | hi-lo.kernel-accessor : Fetching kernel: gumbel
2023-12-06 18:23:46,808 | INFO | hi-lo.gumbel-kernel : MU (LOCATION): 1 | BETA (SCALE): 1
2023-12-06 18:23:46,808 | INFO | hi-lo.gumbel-kernel : STATIC
tensor([[5.6765e-01, 1.6550e-01, 3.2357e-02],
        [1.6550e-01, 3.2357e-02, 2.1352e-03],
        [3.2357e-02, 2.1352e-03, 7.3562e-06]])
2023-12-06 18:23:46,809 | INFO | hi-lo.kernel-accessor : Fetching kernel: gumbel
2023-12-06 18:23:46,809 | INFO | hi-lo.gumbel-kernel : MU (LOCATION): -0.5737906098365784 | BETA (SCALE): 0.9348529577255249
2023-12-06 18:23:46,809 | INFO | hi-lo.gumbel-kernel : BOTTOM-RIGHT
tensor([[0.0000e+00, 2.4846e-37, 9.1780e-13],
        [2.4846e-37, 9.1780e-13, 4.9820e-04],
        [9.1780e-13, 4.9820e-04, 9.9900e-01]])
2023-12-06 18:23:46,810 | INFO | hi-lo.kernel-accessor : Fetching kernel: gumbel
2023-12-06 18:23:46,810 | INFO | hi-lo.gumbel-kernel : MU (LOCATION): 1 | BETA (SCALE): 1
2023-12-06 18:23:46,811 | INFO | hi-lo.gumbel-kernel : STATIC
tensor([[5.6765e-01, 1.6550e-01, 3.2357e-02],
        [1.6550e-01, 3.2357e-02, 2.1352e-03],
        [3.2357e-02, 2.1352e-03, 7.3562e-06]])
2023-12-06 18:23:46,811 | INFO | hi-lo.kernel-accessor : Fetching kernel: gumbel
2023-12-06 18:23:46,811 | INFO | hi-lo.gumbel-kernel : MU (LOCATION): -1.4403760433197021 | BETA (SCALE): 1.7403138875961304
2023-12-06 18:23:46,812 | INFO | hi-lo.gumbel-kernel : TOP-RIGHT
tensor([[3.9063e-06, 9.4838e-03, 9.8102e-01],
        [5.9144e-12, 3.9063e-06, 9.4838e-03],
        [4.2371e-22, 5.9144e-12, 3.9063e-06]])
2023-12-06 18:24:11,168 | INFO | hi-lo : END EPOCH:  17 | ACCURACY: 4.17 | LOSS: 4.2380194664001465
2023-12-06 18:24:11,168 | INFO | hi-lo : BEGIN EPOCH 18 =========================================================================
2023-12-06 18:24:11,168 | INFO | hi-lo.kernel-accessor : Fetching kernel: gumbel
2023-12-06 18:24:11,169 | INFO | hi-lo.gumbel-kernel : MU (LOCATION): 1 | BETA (SCALE): 1
2023-12-06 18:24:11,169 | INFO | hi-lo.gumbel-kernel : STATIC
tensor([[5.6765e-01, 1.6550e-01, 3.2357e-02],
        [1.6550e-01, 3.2357e-02, 2.1352e-03],
        [3.2357e-02, 2.1352e-03, 7.3562e-06]])
2023-12-06 18:24:11,170 | INFO | hi-lo.kernel-accessor : Fetching kernel: gumbel
2023-12-06 18:24:11,170 | INFO | hi-lo.gumbel-kernel : MU (LOCATION): -0.5435781478881836 | BETA (SCALE): 0.9322306513786316
2023-12-06 18:24:11,171 | INFO | hi-lo.gumbel-kernel : TOP-RIGHT
tensor([[3.5449e-12, 7.1214e-04, 9.9858e-01],
        [1.4926e-35, 3.5449e-12, 7.1214e-04],
        [0.0000e+00, 1.4926e-35, 3.5449e-12]])
2023-12-06 18:24:11,171 | INFO | hi-lo.kernel-accessor : Fetching kernel: gumbel
2023-12-06 18:24:11,171 | INFO | hi-lo.gumbel-kernel : MU (LOCATION): 1 | BETA (SCALE): 1
2023-12-06 18:24:11,172 | INFO | hi-lo.gumbel-kernel : STATIC
tensor([[5.6765e-01, 1.6550e-01, 3.2357e-02],
        [1.6550e-01, 3.2357e-02, 2.1352e-03],
        [3.2357e-02, 2.1352e-03, 7.3562e-06]])
2023-12-06 18:24:11,172 | INFO | hi-lo.kernel-accessor : Fetching kernel: gumbel
2023-12-06 18:24:11,172 | INFO | hi-lo.gumbel-kernel : MU (LOCATION): -1.0828206539154053 | BETA (SCALE): 1.5433140993118286
2023-12-06 18:24:11,173 | INFO | hi-lo.gumbel-kernel : BOTTOM-RIGHT
tensor([[1.0846e-23, 3.7051e-12, 5.4493e-06],
        [3.7051e-12, 5.4493e-06, 1.2499e-02],
        [5.4493e-06, 1.2499e-02, 9.7499e-01]])
2023-12-06 18:24:35,490 | INFO | hi-lo : END EPOCH:  18 | ACCURACY: 0.03 | LOSS: 4.186700344085693
2023-12-06 18:24:35,490 | INFO | hi-lo : BEGIN EPOCH 19 =========================================================================
2023-12-06 18:24:35,490 | INFO | hi-lo.kernel-accessor : Fetching kernel: gumbel
2023-12-06 18:24:35,491 | INFO | hi-lo.gumbel-kernel : MU (LOCATION): 1 | BETA (SCALE): 1
2023-12-06 18:24:35,492 | INFO | hi-lo.gumbel-kernel : STATIC
tensor([[5.6765e-01, 1.6550e-01, 3.2357e-02],
        [1.6550e-01, 3.2357e-02, 2.1352e-03],
        [3.2357e-02, 2.1352e-03, 7.3562e-06]])
2023-12-06 18:24:35,492 | INFO | hi-lo.kernel-accessor : Fetching kernel: gumbel
2023-12-06 18:24:35,492 | INFO | hi-lo.gumbel-kernel : MU (LOCATION): 1 | BETA (SCALE): 1
2023-12-06 18:24:35,493 | INFO | hi-lo.gumbel-kernel : STATIC
tensor([[5.6765e-01, 1.6550e-01, 3.2357e-02],
        [1.6550e-01, 3.2357e-02, 2.1352e-03],
        [3.2357e-02, 2.1352e-03, 7.3562e-06]])
2023-12-06 18:24:35,493 | INFO | hi-lo.kernel-accessor : Fetching kernel: gumbel
2023-12-06 18:24:35,493 | INFO | hi-lo.gumbel-kernel : MU (LOCATION): 1 | BETA (SCALE): 1
2023-12-06 18:24:35,494 | INFO | hi-lo.gumbel-kernel : STATIC
tensor([[5.6765e-01, 1.6550e-01, 3.2357e-02],
        [1.6550e-01, 3.2357e-02, 2.1352e-03],
        [3.2357e-02, 2.1352e-03, 7.3562e-06]])
2023-12-06 18:24:35,494 | INFO | hi-lo.kernel-accessor : Fetching kernel: gumbel
2023-12-06 18:24:35,494 | INFO | hi-lo.gumbel-kernel : MU (LOCATION): -1.3479764461517334 | BETA (SCALE): 1.7299965620040894
2023-12-06 18:24:35,495 | INFO | hi-lo.gumbel-kernel : TOP-RIGHT
tensor([[9.8507e-06, 1.3263e-02, 9.7344e-01],
        [4.0931e-11, 9.8507e-06, 1.3263e-02],
        [1.6442e-20, 4.0931e-11, 9.8507e-06]])
2023-12-06 18:24:59,785 | INFO | hi-lo : END EPOCH:  19 | ACCURACY: 2.23 | LOSS: 4.403371810913086
2023-12-06 18:24:59,785 | INFO | hi-lo : BEGIN EPOCH 20 =========================================================================
2023-12-06 18:24:59,785 | INFO | hi-lo.kernel-accessor : Fetching kernel: gumbel
2023-12-06 18:24:59,786 | INFO | hi-lo.gumbel-kernel : MU (LOCATION): -0.1421099305152893 | BETA (SCALE): 0.4746001064777374
2023-12-06 18:24:59,786 | INFO | hi-lo.gumbel-kernel : TOP-RIGHT
tensor([[0.0000e+00, 2.3711e-07, 1.0000e+00],
        [0.0000e+00, 0.0000e+00, 2.3711e-07],
        [0.0000e+00, 0.0000e+00, 0.0000e+00]])
2023-12-06 18:24:59,786 | INFO | hi-lo.kernel-accessor : Fetching kernel: gumbel
2023-12-06 18:24:59,786 | INFO | hi-lo.gumbel-kernel : MU (LOCATION): 1 | BETA (SCALE): 1
2023-12-06 18:24:59,787 | INFO | hi-lo.gumbel-kernel : STATIC
tensor([[5.6765e-01, 1.6550e-01, 3.2357e-02],
        [1.6550e-01, 3.2357e-02, 2.1352e-03],
        [3.2357e-02, 2.1352e-03, 7.3562e-06]])
2023-12-06 18:24:59,787 | INFO | hi-lo.kernel-accessor : Fetching kernel: gumbel
2023-12-06 18:24:59,787 | INFO | hi-lo.gumbel-kernel : MU (LOCATION): -0.6975947618484497 | BETA (SCALE): 1.4136335849761963
2023-12-06 18:24:59,787 | INFO | hi-lo.gumbel-kernel : TOP-RIGHT
tensor([[5.3551e-05, 2.9359e-02, 9.4112e-01],
        [3.0777e-10, 5.3551e-05, 2.9359e-02],
        [1.4885e-20, 3.0777e-10, 5.3551e-05]])
2023-12-06 18:24:59,787 | INFO | hi-lo.kernel-accessor : Fetching kernel: gumbel
2023-12-06 18:24:59,788 | INFO | hi-lo.gumbel-kernel : MU (LOCATION): -1.132476806640625 | BETA (SCALE): 1.4341480731964111
2023-12-06 18:24:59,788 | INFO | hi-lo.gumbel-kernel : BOTTOM-RIGHT
tensor([[4.1556e-34, 1.3460e-16, 1.0004e-07],
        [1.3460e-16, 1.0004e-07, 3.7110e-03],
        [1.0004e-07, 3.7110e-03, 9.9258e-01]])
2023-12-06 18:25:24,037 | INFO | hi-lo : END EPOCH:  20 | ACCURACY: 0.78 | LOSS: 4.6166157722473145
2023-12-06 18:25:24,037 | INFO | hi-lo : BEGIN EPOCH 21 =========================================================================
2023-12-06 18:25:24,037 | INFO | hi-lo.kernel-accessor : Fetching kernel: gumbel
2023-12-06 18:25:24,038 | INFO | hi-lo.gumbel-kernel : MU (LOCATION): -0.11775939166545868 | BETA (SCALE): 0.5585041642189026
2023-12-06 18:25:24,039 | INFO | hi-lo.gumbel-kernel : BOTTOM-RIGHT
tensor([[0.0000e+00, 0.0000e+00, 2.1443e-25],
        [0.0000e+00, 2.1443e-25, 8.2572e-05],
        [2.1443e-25, 8.2572e-05, 9.9983e-01]])
2023-12-06 18:25:24,039 | INFO | hi-lo.kernel-accessor : Fetching kernel: gumbel
2023-12-06 18:25:24,040 | INFO | hi-lo.gumbel-kernel : MU (LOCATION): 1 | BETA (SCALE): 1
2023-12-06 18:25:24,040 | INFO | hi-lo.gumbel-kernel : STATIC
tensor([[5.6765e-01, 1.6550e-01, 3.2357e-02],
        [1.6550e-01, 3.2357e-02, 2.1352e-03],
        [3.2357e-02, 2.1352e-03, 7.3562e-06]])
2023-12-06 18:25:24,040 | INFO | hi-lo.kernel-accessor : Fetching kernel: gumbel
2023-12-06 18:25:24,041 | INFO | hi-lo.gumbel-kernel : MU (LOCATION): -1.0361506938934326 | BETA (SCALE): 1.8602449893951416
2023-12-06 18:25:24,041 | INFO | hi-lo.gumbel-kernel : BOTTOM-RIGHT
tensor([[9.3833e-12, 8.5153e-07, 8.3850e-04],
        [8.5153e-07, 8.3850e-04, 5.8773e-02],
        [8.3850e-04, 5.8773e-02, 8.7994e-01]])
2023-12-06 18:25:24,042 | INFO | hi-lo.kernel-accessor : Fetching kernel: gumbel
2023-12-06 18:25:24,042 | INFO | hi-lo.gumbel-kernel : MU (LOCATION): -1.14619779586792 | BETA (SCALE): 1.3968796730041504
2023-12-06 18:25:24,043 | INFO | hi-lo.gumbel-kernel : TOP-RIGHT
tensor([[1.7194e-08, 2.2020e-03, 9.9560e-01],
        [1.2906e-18, 1.7194e-08, 2.2020e-03],
