2023-12-03 21:17:44,359 | INFO | hi-lo : 
+==============================================================+
|                                                              |
| ██████╗  █████╗ ██████╗ ██╗         ██╗      █████╗ ██████╗  |
| ██╔══██╗██╔══██╗██╔══██╗██║         ██║     ██╔══██╗██╔══██╗ |
| ██║  ██║███████║██║  ██║██║         ██║     ███████║██████╔╝ |
| ██║  ██║██╔══██║██║  ██║██║         ██║     ██╔══██║██╔══██╗ |
| ██████╔╝██║  ██║██████╔╝███████╗    ███████╗██║  ██║██████╔╝ |
| ╚═════╝ ╚═╝  ╚═╝╚═════╝ ╚══════╝    ╚══════╝╚═╝  ╚═╝╚═════╝  |
|                                                              |
+==============================================================+
|             Hi-Lo Resolution Image Classification            |
|             -------------------------------------            |
|                       Gabriel C. Trahan                      |
|                          Sahan Ahmad                         |
|                       MD  Aminual Islam                      |
+==============================================================+
| MODEL:                 normal | LR:                      0.1 |
| DISTRO:                gumbel | KERNEL TYPE:              12 |
| DATASET:             cifar100 | BATCH SIZE:               64 |
+=========================================================================+
2023-12-03 21:17:44,359 | INFO | hi-lo : Output directory: output/normal/gumbel/12/cifar100/20231203_211744
2023-12-03 21:17:44,359 | INFO | hi-lo.dataset-accessor : Fetching dataset: cifar100
2023-12-03 21:17:44,359 | INFO | hi-lo.cifar100-dataset : Initializing transform.
2023-12-03 21:17:44,359 | INFO | hi-lo.cifar100-dataset : Verifying/downloading train data.
2023-12-03 21:17:44,969 | INFO | hi-lo.cifar100-dataset : Verifying/downloading test data.
2023-12-03 21:17:45,458 | INFO | hi-lo.cifar100-dataset : Creating train data loader.
2023-12-03 21:17:45,458 | INFO | hi-lo.cifar100-dataset : Creating test data loader.
2023-12-03 21:17:46,476 | INFO | hi-lo : Using device: NVIDIA GeForce GTX 1060 6GB
2023-12-03 21:17:46,476 | INFO | hi-lo : Commencing training phase...
2023-12-03 21:17:46,477 | INFO | hi-lo : BEGIN EPOCH 1 =========================================================================
2023-12-03 21:17:46,477 | INFO | hi-lo.kernel-accessor : Fetching kernel: gumbel
2023-12-03 21:17:46,478 | INFO | hi-lo.gumbel-kernel : MU (LOCATION): 1 | BETA (SCALE): 1
2023-12-03 21:17:46,479 | INFO | hi-lo.gumbel-kernel : STATIC
tensor([[5.6765e-01, 1.6550e-01, 3.2357e-02],
        [1.6550e-01, 3.2357e-02, 2.1352e-03],
        [3.2357e-02, 2.1352e-03, 7.3562e-06]])
2023-12-03 21:17:46,479 | INFO | hi-lo.kernel-accessor : Fetching kernel: gumbel
2023-12-03 21:17:46,479 | INFO | hi-lo.gumbel-kernel : MU (LOCATION): 0.0 | BETA (SCALE): 1.0
2023-12-03 21:17:46,479 | INFO | hi-lo.gumbel-kernel : BOTTOM-RIGHT
tensor([[8.5377e-26, 2.2609e-10, 2.0072e-04],
        [2.2609e-10, 2.0072e-04, 5.8259e-02],
        [2.0072e-04, 5.8259e-02, 8.8288e-01]])
2023-12-03 21:17:46,479 | INFO | hi-lo.kernel-accessor : Fetching kernel: gumbel
2023-12-03 21:17:46,480 | INFO | hi-lo.gumbel-kernel : MU (LOCATION): 1 | BETA (SCALE): 1
2023-12-03 21:17:46,480 | INFO | hi-lo.gumbel-kernel : STATIC
tensor([[5.6765e-01, 1.6550e-01, 3.2357e-02],
        [1.6550e-01, 3.2357e-02, 2.1352e-03],
        [3.2357e-02, 2.1352e-03, 7.3562e-06]])
2023-12-03 21:17:46,480 | INFO | hi-lo.kernel-accessor : Fetching kernel: gumbel
2023-12-03 21:17:46,480 | INFO | hi-lo.gumbel-kernel : MU (LOCATION): 1 | BETA (SCALE): 1
2023-12-03 21:17:46,480 | INFO | hi-lo.gumbel-kernel : STATIC
tensor([[5.6765e-01, 1.6550e-01, 3.2357e-02],
        [1.6550e-01, 3.2357e-02, 2.1352e-03],
        [3.2357e-02, 2.1352e-03, 7.3562e-06]])
2023-12-03 21:17:55,851 | INFO | hi-lo : END EPOCH:   1 | ACCURACY: 39.06 | LOSS: 1.8150615692138672
2023-12-03 21:17:55,851 | INFO | hi-lo : BEGIN EPOCH 2 =========================================================================
2023-12-03 21:17:55,851 | INFO | hi-lo.kernel-accessor : Fetching kernel: gumbel
2023-12-03 21:17:55,852 | INFO | hi-lo.gumbel-kernel : MU (LOCATION): -0.07054018974304199 | BETA (SCALE): 0.5287678241729736
2023-12-03 21:17:55,852 | INFO | hi-lo.gumbel-kernel : BOTTOM-RIGHT
tensor([[0.0000e+00, 0.0000e+00, 1.0404e-26],
        [0.0000e+00, 1.0404e-26, 9.7136e-05],
        [1.0404e-26, 9.7136e-05, 9.9981e-01]])
2023-12-03 21:17:55,852 | INFO | hi-lo.kernel-accessor : Fetching kernel: gumbel
2023-12-03 21:17:55,852 | INFO | hi-lo.gumbel-kernel : MU (LOCATION): -0.4599568247795105 | BETA (SCALE): 0.8814769983291626
2023-12-03 21:17:55,853 | INFO | hi-lo.gumbel-kernel : BOTTOM-RIGHT
tensor([[0.0000e+00, 4.7761e-38, 2.1077e-12],
        [4.7761e-38, 2.1077e-12, 8.0406e-04],
        [2.1077e-12, 8.0406e-04, 9.9839e-01]])
2023-12-03 21:17:55,853 | INFO | hi-lo.kernel-accessor : Fetching kernel: gumbel
2023-12-03 21:17:55,853 | INFO | hi-lo.gumbel-kernel : MU (LOCATION): -1.6243504285812378 | BETA (SCALE): 4.597023963928223
2023-12-03 21:17:55,853 | INFO | hi-lo.gumbel-kernel : BOTTOM-RIGHT
tensor([[0.0089, 0.0286, 0.0762],
        [0.0286, 0.0762, 0.1748],
        [0.0762, 0.1748, 0.3556]])
2023-12-03 21:17:55,853 | INFO | hi-lo.kernel-accessor : Fetching kernel: gumbel
2023-12-03 21:17:55,854 | INFO | hi-lo.gumbel-kernel : MU (LOCATION): 1 | BETA (SCALE): 1
2023-12-03 21:17:55,854 | INFO | hi-lo.gumbel-kernel : STATIC
tensor([[5.6765e-01, 1.6550e-01, 3.2357e-02],
        [1.6550e-01, 3.2357e-02, 2.1352e-03],
        [3.2357e-02, 2.1352e-03, 7.3562e-06]])
2023-12-03 21:18:04,488 | INFO | hi-lo : END EPOCH:   2 | ACCURACY: 43.9 | LOSS: 1.7272546291351318
2023-12-03 21:18:04,488 | INFO | hi-lo : BEGIN EPOCH 3 =========================================================================
2023-12-03 21:18:04,488 | INFO | hi-lo.kernel-accessor : Fetching kernel: gumbel
2023-12-03 21:18:04,489 | INFO | hi-lo.gumbel-kernel : MU (LOCATION): -0.11973564326763153 | BETA (SCALE): 0.527930498123169
2023-12-03 21:18:04,490 | INFO | hi-lo.gumbel-kernel : BOTTOM-RIGHT
tensor([[0.0000e+00, 0.0000e+00, 6.8398e-32],
        [0.0000e+00, 6.8400e-32, 2.0755e-05],
        [6.8398e-32, 2.0755e-05, 9.9996e-01]])
2023-12-03 21:18:04,490 | INFO | hi-lo.kernel-accessor : Fetching kernel: gumbel
2023-12-03 21:18:04,490 | INFO | hi-lo.gumbel-kernel : MU (LOCATION): -0.500141441822052 | BETA (SCALE): 0.7846526503562927
2023-12-03 21:18:04,491 | INFO | hi-lo.gumbel-kernel : BOTTOM-RIGHT
tensor([[0.0000e+00, 0.0000e+00, 3.6956e-20],
        [0.0000e+00, 3.6956e-20, 2.7699e-05],
        [3.6956e-20, 2.7699e-05, 9.9994e-01]])
2023-12-03 21:18:04,491 | INFO | hi-lo.kernel-accessor : Fetching kernel: gumbel
2023-12-03 21:18:04,491 | INFO | hi-lo.gumbel-kernel : MU (LOCATION): 1 | BETA (SCALE): 1
2023-12-03 21:18:04,492 | INFO | hi-lo.gumbel-kernel : STATIC
tensor([[5.6765e-01, 1.6550e-01, 3.2357e-02],
        [1.6550e-01, 3.2357e-02, 2.1352e-03],
        [3.2357e-02, 2.1352e-03, 7.3562e-06]])
2023-12-03 21:18:04,492 | INFO | hi-lo.kernel-accessor : Fetching kernel: gumbel
2023-12-03 21:18:04,492 | INFO | hi-lo.gumbel-kernel : MU (LOCATION): -0.47202736139297485 | BETA (SCALE): 1.0240635871887207
2023-12-03 21:18:04,493 | INFO | hi-lo.gumbel-kernel : BOTTOM-RIGHT
tensor([[0.0000e+00, 2.3852e-21, 3.4791e-08],
        [2.3852e-21, 3.4791e-08, 5.8040e-03],
        [3.4791e-08, 5.8040e-03, 9.8839e-01]])
2023-12-03 21:18:13,145 | INFO | hi-lo : END EPOCH:   3 | ACCURACY: 45.83 | LOSS: 1.4161412715911865
2023-12-03 21:18:13,145 | INFO | hi-lo : BEGIN EPOCH 4 =========================================================================
2023-12-03 21:18:13,145 | INFO | hi-lo.kernel-accessor : Fetching kernel: gumbel
2023-12-03 21:18:13,146 | INFO | hi-lo.gumbel-kernel : MU (LOCATION): 1 | BETA (SCALE): 1
2023-12-03 21:18:13,146 | INFO | hi-lo.gumbel-kernel : STATIC
tensor([[5.6765e-01, 1.6550e-01, 3.2357e-02],
        [1.6550e-01, 3.2357e-02, 2.1352e-03],
        [3.2357e-02, 2.1352e-03, 7.3562e-06]])
2023-12-03 21:18:13,147 | INFO | hi-lo.kernel-accessor : Fetching kernel: gumbel
2023-12-03 21:18:13,147 | INFO | hi-lo.gumbel-kernel : MU (LOCATION): -0.5848631858825684 | BETA (SCALE): 0.9914929866790771
2023-12-03 21:18:13,148 | INFO | hi-lo.gumbel-kernel : BOTTOM-LEFT
tensor([[8.2088e-11, 9.4745e-30, 0.0000e+00],
        [1.2584e-03, 8.2088e-11, 9.4745e-30],
        [9.9748e-01, 1.2584e-03, 8.2088e-11]])
2023-12-03 21:18:13,148 | INFO | hi-lo.kernel-accessor : Fetching kernel: gumbel
2023-12-03 21:18:13,148 | INFO | hi-lo.gumbel-kernel : MU (LOCATION): -1.475123643875122 | BETA (SCALE): 2.570604085922241
2023-12-03 21:18:13,149 | INFO | hi-lo.gumbel-kernel : BOTTOM-LEFT
tensor([[8.4143e-03, 2.1845e-04, 1.2023e-06],
        [1.1327e-01, 8.4143e-03, 2.1845e-04],
        [7.4778e-01, 1.1327e-01, 8.4143e-03]])
2023-12-03 21:18:13,149 | INFO | hi-lo.kernel-accessor : Fetching kernel: gumbel
2023-12-03 21:18:13,149 | INFO | hi-lo.gumbel-kernel : MU (LOCATION): 1 | BETA (SCALE): 1
2023-12-03 21:18:13,150 | INFO | hi-lo.gumbel-kernel : STATIC
tensor([[5.6765e-01, 1.6550e-01, 3.2357e-02],
        [1.6550e-01, 3.2357e-02, 2.1352e-03],
        [3.2357e-02, 2.1352e-03, 7.3562e-06]])
2023-12-03 21:18:21,654 | INFO | hi-lo : END EPOCH:   4 | ACCURACY: 47.14 | LOSS: 1.354373812675476
2023-12-03 21:18:21,654 | INFO | hi-lo : BEGIN EPOCH 5 =========================================================================
2023-12-03 21:18:21,654 | INFO | hi-lo.kernel-accessor : Fetching kernel: gumbel
2023-12-03 21:18:21,655 | INFO | hi-lo.gumbel-kernel : MU (LOCATION): -0.12032302469015121 | BETA (SCALE): 0.5593161582946777
2023-12-03 21:18:21,655 | INFO | hi-lo.gumbel-kernel : BOTTOM-LEFT
tensor([[1.8168e-25, 0.0000e+00, 0.0000e+00],
        [7.9424e-05, 1.8168e-25, 0.0000e+00],
        [9.9984e-01, 7.9424e-05, 1.8168e-25]])
2023-12-03 21:18:21,656 | INFO | hi-lo.kernel-accessor : Fetching kernel: gumbel
2023-12-03 21:18:21,656 | INFO | hi-lo.gumbel-kernel : MU (LOCATION): 1 | BETA (SCALE): 1
2023-12-03 21:18:21,656 | INFO | hi-lo.gumbel-kernel : STATIC
tensor([[5.6765e-01, 1.6550e-01, 3.2357e-02],
        [1.6550e-01, 3.2357e-02, 2.1352e-03],
        [3.2357e-02, 2.1352e-03, 7.3562e-06]])
2023-12-03 21:18:21,657 | INFO | hi-lo.kernel-accessor : Fetching kernel: gumbel
2023-12-03 21:18:21,657 | INFO | hi-lo.gumbel-kernel : MU (LOCATION): 1 | BETA (SCALE): 1
2023-12-03 21:18:21,657 | INFO | hi-lo.gumbel-kernel : STATIC
tensor([[5.6765e-01, 1.6550e-01, 3.2357e-02],
        [1.6550e-01, 3.2357e-02, 2.1352e-03],
        [3.2357e-02, 2.1352e-03, 7.3562e-06]])
2023-12-03 21:18:21,658 | INFO | hi-lo.kernel-accessor : Fetching kernel: gumbel
2023-12-03 21:18:21,658 | INFO | hi-lo.gumbel-kernel : MU (LOCATION): -0.5945927500724792 | BETA (SCALE): 1.4090110063552856
2023-12-03 21:18:21,659 | INFO | hi-lo.gumbel-kernel : BOTTOM-LEFT
tensor([[1.5143e-04, 3.5998e-09, 2.9678e-18],
        [4.0815e-02, 1.5143e-04, 3.5998e-09],
        [9.1792e-01, 4.0815e-02, 1.5143e-04]])
2023-12-03 21:18:30,380 | INFO | hi-lo : END EPOCH:   5 | ACCURACY: 48.16 | LOSS: 1.2059636116027832
2023-12-03 21:18:30,380 | INFO | hi-lo : BEGIN EPOCH 6 =========================================================================
2023-12-03 21:18:30,381 | INFO | hi-lo.kernel-accessor : Fetching kernel: gumbel
2023-12-03 21:18:30,381 | INFO | hi-lo.gumbel-kernel : MU (LOCATION): 0.04581420123577118 | BETA (SCALE): 0.5397195816040039
2023-12-03 21:18:30,382 | INFO | hi-lo.gumbel-kernel : BOTTOM-RIGHT
tensor([[0.0000e+00, 0.0000e+00, 7.0596e-17],
        [0.0000e+00, 7.0596e-17, 1.6712e-03],
        [7.0596e-17, 1.6712e-03, 9.9666e-01]])
2023-12-03 21:18:30,382 | INFO | hi-lo.kernel-accessor : Fetching kernel: gumbel
2023-12-03 21:18:30,383 | INFO | hi-lo.gumbel-kernel : MU (LOCATION): -0.5602246522903442 | BETA (SCALE): 1.003442645072937
2023-12-03 21:18:30,383 | INFO | hi-lo.gumbel-kernel : BOTTOM-LEFT
tensor([[5.3011e-10, 4.5186e-27, 0.0000e+00],
        [1.9881e-03, 5.3010e-10, 4.5186e-27],
        [9.9602e-01, 1.9881e-03, 5.3011e-10]])
2023-12-03 21:18:30,383 | INFO | hi-lo.kernel-accessor : Fetching kernel: gumbel
2023-12-03 21:18:30,384 | INFO | hi-lo.gumbel-kernel : MU (LOCATION): 1 | BETA (SCALE): 1
2023-12-03 21:18:30,384 | INFO | hi-lo.gumbel-kernel : STATIC
tensor([[5.6765e-01, 1.6550e-01, 3.2357e-02],
        [1.6550e-01, 3.2357e-02, 2.1352e-03],
        [3.2357e-02, 2.1352e-03, 7.3562e-06]])
2023-12-03 21:18:30,384 | INFO | hi-lo.kernel-accessor : Fetching kernel: gumbel
2023-12-03 21:18:30,385 | INFO | hi-lo.gumbel-kernel : MU (LOCATION): -1.0063080787658691 | BETA (SCALE): 2.195406913757324
2023-12-03 21:18:30,385 | INFO | hi-lo.gumbel-kernel : BOTTOM-RIGHT
tensor([[2.8445e-07, 1.2867e-04, 7.3415e-03],
        [1.2867e-04, 7.3415e-03, 1.1269e-01],
        [7.3415e-03, 1.1269e-01, 7.5234e-01]])
2023-12-03 21:18:39,102 | INFO | hi-lo : END EPOCH:   6 | ACCURACY: 50.89 | LOSS: 1.476178765296936
2023-12-03 21:18:39,102 | INFO | hi-lo : BEGIN EPOCH 7 =========================================================================
2023-12-03 21:18:39,102 | INFO | hi-lo.kernel-accessor : Fetching kernel: gumbel
2023-12-03 21:18:39,103 | INFO | hi-lo.gumbel-kernel : MU (LOCATION): 1 | BETA (SCALE): 1
2023-12-03 21:18:39,103 | INFO | hi-lo.gumbel-kernel : STATIC
tensor([[5.6765e-01, 1.6550e-01, 3.2357e-02],
        [1.6550e-01, 3.2357e-02, 2.1352e-03],
        [3.2357e-02, 2.1352e-03, 7.3562e-06]])
2023-12-03 21:18:39,104 | INFO | hi-lo.kernel-accessor : Fetching kernel: gumbel
2023-12-03 21:18:39,104 | INFO | hi-lo.gumbel-kernel : MU (LOCATION): -0.5314856767654419 | BETA (SCALE): 0.9906955361366272
2023-12-03 21:18:39,105 | INFO | hi-lo.gumbel-kernel : BOTTOM-RIGHT
tensor([[0.0000e+00, 5.2209e-27, 6.7621e-10],
        [5.2209e-27, 6.7620e-10, 2.2137e-03],
        [6.7621e-10, 2.2137e-03, 9.9557e-01]])
2023-12-03 21:18:39,105 | INFO | hi-lo.kernel-accessor : Fetching kernel: gumbel
2023-12-03 21:18:39,105 | INFO | hi-lo.gumbel-kernel : MU (LOCATION): -1.655418872833252 | BETA (SCALE): 3.1991193294525146
2023-12-03 21:18:39,106 | INFO | hi-lo.gumbel-kernel : BOTTOM-LEFT
tensor([[2.7792e-02, 2.9507e-03, 1.5429e-04],
        [1.5591e-01, 2.7792e-02, 2.9507e-03],
        [5.9874e-01, 1.5591e-01, 2.7792e-02]])
2023-12-03 21:18:39,106 | INFO | hi-lo.kernel-accessor : Fetching kernel: gumbel
2023-12-03 21:18:39,106 | INFO | hi-lo.gumbel-kernel : MU (LOCATION): -0.7595024108886719 | BETA (SCALE): 1.604015588760376
2023-12-03 21:18:39,107 | INFO | hi-lo.gumbel-kernel : BOTTOM-LEFT
tensor([[4.3113e-04, 9.8382e-08, 2.7182e-14],
        [5.1584e-02, 4.3113e-04, 9.8382e-08],
        [8.9554e-01, 5.1584e-02, 4.3113e-04]])
2023-12-03 21:18:47,767 | INFO | hi-lo : END EPOCH:   7 | ACCURACY: 50.15 | LOSS: 1.454929232597351
2023-12-03 21:18:47,767 | INFO | hi-lo : BEGIN EPOCH 8 =========================================================================
2023-12-03 21:18:47,767 | INFO | hi-lo.kernel-accessor : Fetching kernel: gumbel
2023-12-03 21:18:47,768 | INFO | hi-lo.gumbel-kernel : MU (LOCATION): -0.0755600780248642 | BETA (SCALE): 0.46300092339515686
2023-12-03 21:18:47,768 | INFO | hi-lo.gumbel-kernel : BOTTOM-LEFT
tensor([[0.0000e+00, 0.0000e+00, 0.0000e+00],
        [2.7897e-06, 0.0000e+00, 0.0000e+00],
        [9.9999e-01, 2.7897e-06, 0.0000e+00]])
2023-12-03 21:18:47,769 | INFO | hi-lo.kernel-accessor : Fetching kernel: gumbel
2023-12-03 21:18:47,769 | INFO | hi-lo.gumbel-kernel : MU (LOCATION): -0.5421081781387329 | BETA (SCALE): 0.9291614890098572
2023-12-03 21:18:47,769 | INFO | hi-lo.gumbel-kernel : BOTTOM-LEFT
tensor([[2.8480e-12, 5.9427e-36, 0.0000e+00],
        [6.8349e-04, 2.8480e-12, 5.9427e-36],
        [9.9863e-01, 6.8349e-04, 2.8480e-12]])
2023-12-03 21:18:47,770 | INFO | hi-lo.kernel-accessor : Fetching kernel: gumbel
2023-12-03 21:18:47,770 | INFO | hi-lo.gumbel-kernel : MU (LOCATION): -1.3190996646881104 | BETA (SCALE): 2.305572748184204
2023-12-03 21:18:47,771 | INFO | hi-lo.gumbel-kernel : BOTTOM-RIGHT
tensor([[6.0558e-08, 4.9090e-05, 4.3898e-03],
        [4.9090e-05, 4.3898e-03, 9.4067e-02],
        [4.3898e-03, 9.4067e-02, 7.9860e-01]])
2023-12-03 21:18:47,771 | INFO | hi-lo.kernel-accessor : Fetching kernel: gumbel
2023-12-03 21:18:47,771 | INFO | hi-lo.gumbel-kernel : MU (LOCATION): 1 | BETA (SCALE): 1
2023-12-03 21:18:47,772 | INFO | hi-lo.gumbel-kernel : STATIC
tensor([[5.6765e-01, 1.6550e-01, 3.2357e-02],
        [1.6550e-01, 3.2357e-02, 2.1352e-03],
        [3.2357e-02, 2.1352e-03, 7.3562e-06]])
2023-12-03 21:18:56,427 | INFO | hi-lo : END EPOCH:   8 | ACCURACY: 60.94 | LOSS: 2.00978422164917
2023-12-03 21:18:56,427 | INFO | hi-lo : BEGIN EPOCH 9 =========================================================================
2023-12-03 21:18:56,428 | INFO | hi-lo.kernel-accessor : Fetching kernel: gumbel
2023-12-03 21:18:56,428 | INFO | hi-lo.gumbel-kernel : MU (LOCATION): -0.03430876135826111 | BETA (SCALE): 0.5115061402320862
2023-12-03 21:18:56,429 | INFO | hi-lo.gumbel-kernel : BOTTOM-LEFT
tensor([[1.0374e-26, 0.0000e+00, 0.0000e+00],
        [1.3778e-04, 1.0374e-26, 0.0000e+00],
        [9.9972e-01, 1.3778e-04, 1.0374e-26]])
2023-12-03 21:18:56,429 | INFO | hi-lo.kernel-accessor : Fetching kernel: gumbel
2023-12-03 21:18:56,430 | INFO | hi-lo.gumbel-kernel : MU (LOCATION): -0.58415687084198 | BETA (SCALE): 0.8603274822235107
2023-12-03 21:18:56,430 | INFO | hi-lo.gumbel-kernel : BOTTOM-LEFT
tensor([[2.5975e-17, 0.0000e+00, 0.0000e+00],
        [6.0864e-05, 2.5975e-17, 0.0000e+00],
        [9.9988e-01, 6.0864e-05, 2.5975e-17]])
2023-12-03 21:18:56,430 | INFO | hi-lo.kernel-accessor : Fetching kernel: gumbel
2023-12-03 21:18:56,431 | INFO | hi-lo.gumbel-kernel : MU (LOCATION): -1.0638707876205444 | BETA (SCALE): 2.0879924297332764
2023-12-03 21:18:56,431 | INFO | hi-lo.gumbel-kernel : BOTTOM-RIGHT
tensor([[1.2764e-08, 2.6539e-05, 3.6166e-03],
        [2.6539e-05, 3.6166e-03, 9.1119e-02],
        [3.6166e-03, 9.1119e-02, 8.0686e-01]])
2023-12-03 21:18:56,431 | INFO | hi-lo.kernel-accessor : Fetching kernel: gumbel
2023-12-03 21:18:56,432 | INFO | hi-lo.gumbel-kernel : MU (LOCATION): -1.2261841297149658 | BETA (SCALE): 2.125035285949707
2023-12-03 21:18:56,432 | INFO | hi-lo.gumbel-kernel : BOTTOM-LEFT
tensor([[2.3005e-03, 1.0876e-05, 2.7327e-09],
        [7.7811e-02, 2.3005e-03, 1.0876e-05],
        [8.3745e-01, 7.7811e-02, 2.3005e-03]])
2023-12-03 21:19:05,123 | INFO | hi-lo : END EPOCH:   9 | ACCURACY: 53.12 | LOSS: 1.6363487243652344
2023-12-03 21:19:05,124 | INFO | hi-lo : BEGIN EPOCH 10 =========================================================================
2023-12-03 21:19:05,124 | INFO | hi-lo.kernel-accessor : Fetching kernel: gumbel
2023-12-03 21:19:05,124 | INFO | hi-lo.gumbel-kernel : MU (LOCATION): 1 | BETA (SCALE): 1
2023-12-03 21:19:05,125 | INFO | hi-lo.gumbel-kernel : STATIC
tensor([[5.6765e-01, 1.6550e-01, 3.2357e-02],
        [1.6550e-01, 3.2357e-02, 2.1352e-03],
        [3.2357e-02, 2.1352e-03, 7.3562e-06]])
2023-12-03 21:19:05,125 | INFO | hi-lo.kernel-accessor : Fetching kernel: gumbel
2023-12-03 21:19:05,125 | INFO | hi-lo.gumbel-kernel : MU (LOCATION): -0.5964655876159668 | BETA (SCALE): 0.9411507844924927
2023-12-03 21:19:05,126 | INFO | hi-lo.gumbel-kernel : BOTTOM-LEFT
tensor([[5.0385e-13, 6.0265e-38, 0.0000e+00],
        [4.1394e-04, 5.0385e-13, 6.0265e-38],
        [9.9917e-01, 4.1394e-04, 5.0385e-13]])
2023-12-03 21:19:05,126 | INFO | hi-lo.kernel-accessor : Fetching kernel: gumbel
2023-12-03 21:19:05,126 | INFO | hi-lo.gumbel-kernel : MU (LOCATION): -1.5264469385147095 | BETA (SCALE): 2.801466941833496
2023-12-03 21:19:05,127 | INFO | hi-lo.gumbel-kernel : BOTTOM-LEFT
tensor([[1.5142e-02, 7.8338e-04, 1.3259e-05],
        [1.3391e-01, 1.5142e-02, 7.8338e-04],
        [6.8518e-01, 1.3391e-01, 1.5142e-02]])
2023-12-03 21:19:05,127 | INFO | hi-lo.kernel-accessor : Fetching kernel: gumbel
2023-12-03 21:19:05,127 | INFO | hi-lo.gumbel-kernel : MU (LOCATION): -1.0182278156280518 | BETA (SCALE): 1.9768532514572144
2023-12-03 21:19:05,128 | INFO | hi-lo.gumbel-kernel : BOTTOM-RIGHT
tensor([[1.1379e-09, 8.5017e-06, 2.2508e-03],
        [8.5017e-06, 2.2508e-03, 7.9526e-02],
        [2.2508e-03, 7.9526e-02, 8.3418e-01]])
2023-12-03 21:19:13,764 | INFO | hi-lo : END EPOCH:  10 | ACCURACY: 56.25 | LOSS: 1.510793685913086
2023-12-03 21:19:13,764 | INFO | hi-lo : BEGIN EPOCH 11 =========================================================================
2023-12-03 21:19:13,764 | INFO | hi-lo.kernel-accessor : Fetching kernel: gumbel
2023-12-03 21:19:13,765 | INFO | hi-lo.gumbel-kernel : MU (LOCATION): -0.07278086245059967 | BETA (SCALE): 0.5550844073295593
2023-12-03 21:19:13,765 | INFO | hi-lo.gumbel-kernel : BOTTOM-LEFT
tensor([[1.8892e-22, 0.0000e+00, 0.0000e+00],
        [2.2994e-04, 1.8892e-22, 0.0000e+00],
        [9.9954e-01, 2.2994e-04, 1.8892e-22]])
2023-12-03 21:19:13,765 | INFO | hi-lo.kernel-accessor : Fetching kernel: gumbel
2023-12-03 21:19:13,766 | INFO | hi-lo.gumbel-kernel : MU (LOCATION): -0.6387343406677246 | BETA (SCALE): 1.0201964378356934
2023-12-03 21:19:13,766 | INFO | hi-lo.gumbel-kernel : BOTTOM-LEFT
tensor([[7.5423e-11, 3.0738e-29, 0.0000e+00],
        [1.1065e-03, 7.5423e-11, 3.0738e-29],
        [9.9779e-01, 1.1065e-03, 7.5423e-11]])
2023-12-03 21:19:13,767 | INFO | hi-lo.kernel-accessor : Fetching kernel: gumbel
2023-12-03 21:19:13,767 | INFO | hi-lo.gumbel-kernel : MU (LOCATION): 1 | BETA (SCALE): 1
2023-12-03 21:19:13,767 | INFO | hi-lo.gumbel-kernel : STATIC
tensor([[5.6765e-01, 1.6550e-01, 3.2357e-02],
        [1.6550e-01, 3.2357e-02, 2.1352e-03],
        [3.2357e-02, 2.1352e-03, 7.3562e-06]])
2023-12-03 21:19:13,768 | INFO | hi-lo.kernel-accessor : Fetching kernel: gumbel
2023-12-03 21:19:13,768 | INFO | hi-lo.gumbel-kernel : MU (LOCATION): 1 | BETA (SCALE): 1
2023-12-03 21:19:13,769 | INFO | hi-lo.gumbel-kernel : STATIC
tensor([[5.6765e-01, 1.6550e-01, 3.2357e-02],
        [1.6550e-01, 3.2357e-02, 2.1352e-03],
        [3.2357e-02, 2.1352e-03, 7.3562e-06]])
2023-12-03 21:19:22,408 | INFO | hi-lo : END EPOCH:  11 | ACCURACY: 67.19 | LOSS: 1.145276427268982
2023-12-03 21:19:22,408 | INFO | hi-lo : BEGIN EPOCH 12 =========================================================================
2023-12-03 21:19:22,408 | INFO | hi-lo.kernel-accessor : Fetching kernel: gumbel
2023-12-03 21:19:22,409 | INFO | hi-lo.gumbel-kernel : MU (LOCATION): -0.015172283165156841 | BETA (SCALE): 0.4994533061981201
2023-12-03 21:19:22,410 | INFO | hi-lo.gumbel-kernel : BOTTOM-LEFT
tensor([[2.5989e-27, 0.0000e+00, 0.0000e+00],
        [1.4939e-04, 2.5989e-27, 0.0000e+00],
        [9.9970e-01, 1.4939e-04, 2.5989e-27]])
2023-12-03 21:19:22,410 | INFO | hi-lo.kernel-accessor : Fetching kernel: gumbel
2023-12-03 21:19:22,410 | INFO | hi-lo.gumbel-kernel : MU (LOCATION): -0.5718913674354553 | BETA (SCALE): 0.8996703028678894
2023-12-03 21:19:22,411 | INFO | hi-lo.gumbel-kernel : BOTTOM-LEFT
tensor([[1.9131e-14, 0.0000e+00, 0.0000e+00],
        [2.2892e-04, 1.9131e-14, 0.0000e+00],
        [9.9954e-01, 2.2892e-04, 1.9131e-14]])
2023-12-03 21:19:22,411 | INFO | hi-lo.kernel-accessor : Fetching kernel: gumbel
2023-12-03 21:19:22,411 | INFO | hi-lo.gumbel-kernel : MU (LOCATION): -1.4066091775894165 | BETA (SCALE): 2.608358144760132
2023-12-03 21:19:22,412 | INFO | hi-lo.gumbel-kernel : BOTTOM-RIGHT
tensor([[3.5380e-06, 3.9802e-04, 1.1243e-02],
        [3.9802e-04, 1.1243e-02, 1.2383e-01],
        [1.1243e-02, 1.2383e-01, 7.1780e-01]])
2023-12-03 21:19:22,412 | INFO | hi-lo.kernel-accessor : Fetching kernel: gumbel
2023-12-03 21:19:22,413 | INFO | hi-lo.gumbel-kernel : MU (LOCATION): -1.583720088005066 | BETA (SCALE): 2.8555126190185547
2023-12-03 21:19:22,413 | INFO | hi-lo.gumbel-kernel : BOTTOM-RIGHT
tensor([[1.5778e-05, 8.4934e-04, 1.5618e-02],
        [8.4934e-04, 1.5618e-02, 1.3473e-01],
        [1.5618e-02, 1.3473e-01, 6.8197e-01]])
2023-12-03 21:19:30,971 | INFO | hi-lo : END EPOCH:  12 | ACCURACY: 58.59 | LOSS: 1.0521247386932373
2023-12-03 21:19:30,971 | INFO | hi-lo : BEGIN EPOCH 13 =========================================================================
2023-12-03 21:19:30,971 | INFO | hi-lo.kernel-accessor : Fetching kernel: gumbel
2023-12-03 21:19:30,972 | INFO | hi-lo.gumbel-kernel : MU (LOCATION): -0.06374095380306244 | BETA (SCALE): 0.39915090799331665
2023-12-03 21:19:30,972 | INFO | hi-lo.gumbel-kernel : BOTTOM-RIGHT
tensor([[0.0000e+00, 0.0000e+00, 0.0000e+00],
        [0.0000e+00, 0.0000e+00, 1.5461e-08],
        [0.0000e+00, 1.5461e-08, 1.0000e+00]])
2023-12-03 21:19:30,972 | INFO | hi-lo.kernel-accessor : Fetching kernel: gumbel
2023-12-03 21:19:30,973 | INFO | hi-lo.gumbel-kernel : MU (LOCATION): -0.6924058794975281 | BETA (SCALE): 0.7763649821281433
2023-12-03 21:19:30,973 | INFO | hi-lo.gumbel-kernel : BOTTOM-RIGHT
tensor([[0.0000e+00, 0.0000e+00, 3.0588e-33],
        [0.0000e+00, 3.0588e-33, 4.5021e-08],
        [3.0588e-33, 4.5021e-08, 1.0000e+00]])
2023-12-03 21:19:30,974 | INFO | hi-lo.kernel-accessor : Fetching kernel: gumbel
2023-12-03 21:19:30,974 | INFO | hi-lo.gumbel-kernel : MU (LOCATION): 1 | BETA (SCALE): 1
2023-12-03 21:19:30,975 | INFO | hi-lo.gumbel-kernel : STATIC
tensor([[5.6765e-01, 1.6550e-01, 3.2357e-02],
        [1.6550e-01, 3.2357e-02, 2.1352e-03],
        [3.2357e-02, 2.1352e-03, 7.3562e-06]])
2023-12-03 21:19:30,975 | INFO | hi-lo.kernel-accessor : Fetching kernel: gumbel
2023-12-03 21:19:30,975 | INFO | hi-lo.gumbel-kernel : MU (LOCATION): -1.342481017112732 | BETA (SCALE): 2.2474122047424316
2023-12-03 21:19:30,976 | INFO | hi-lo.gumbel-kernel : BOTTOM-LEFT
tensor([[2.9640e-03, 2.0963e-05, 1.1863e-08],
        [8.3059e-02, 2.9640e-03, 2.0963e-05],
        [8.2495e-01, 8.3059e-02, 2.9640e-03]])
2023-12-03 21:19:39,628 | INFO | hi-lo : END EPOCH:  13 | ACCURACY: 55.47 | LOSS: 1.4705126285552979
2023-12-03 21:19:39,629 | INFO | hi-lo : BEGIN EPOCH 14 =========================================================================
2023-12-03 21:19:39,629 | INFO | hi-lo.kernel-accessor : Fetching kernel: gumbel
2023-12-03 21:19:39,630 | INFO | hi-lo.gumbel-kernel : MU (LOCATION): -0.04753720015287399 | BETA (SCALE): 0.43598034977912903
2023-12-03 21:19:39,630 | INFO | hi-lo.gumbel-kernel : BOTTOM-LEFT
tensor([[0.0000e+00, 0.0000e+00, 0.0000e+00],
        [1.5512e-06, 0.0000e+00, 0.0000e+00],
        [1.0000e+00, 1.5512e-06, 0.0000e+00]])
2023-12-03 21:19:39,630 | INFO | hi-lo.kernel-accessor : Fetching kernel: gumbel
2023-12-03 21:19:39,631 | INFO | hi-lo.gumbel-kernel : MU (LOCATION): 1 | BETA (SCALE): 1
2023-12-03 21:19:39,631 | INFO | hi-lo.gumbel-kernel : STATIC
tensor([[5.6765e-01, 1.6550e-01, 3.2357e-02],
        [1.6550e-01, 3.2357e-02, 2.1352e-03],
        [3.2357e-02, 2.1352e-03, 7.3562e-06]])
2023-12-03 21:19:39,631 | INFO | hi-lo.kernel-accessor : Fetching kernel: gumbel
2023-12-03 21:19:39,632 | INFO | hi-lo.gumbel-kernel : MU (LOCATION): 1 | BETA (SCALE): 1
2023-12-03 21:19:39,632 | INFO | hi-lo.gumbel-kernel : STATIC
tensor([[5.6765e-01, 1.6550e-01, 3.2357e-02],
        [1.6550e-01, 3.2357e-02, 2.1352e-03],
        [3.2357e-02, 2.1352e-03, 7.3562e-06]])
2023-12-03 21:19:39,633 | INFO | hi-lo.kernel-accessor : Fetching kernel: gumbel
2023-12-03 21:19:39,633 | INFO | hi-lo.gumbel-kernel : MU (LOCATION): -1.2293403148651123 | BETA (SCALE): 2.338195562362671
2023-12-03 21:19:39,633 | INFO | hi-lo.gumbel-kernel : BOTTOM-LEFT
tensor([[6.7684e-03, 1.2144e-04, 3.2025e-07],
        [1.0805e-01, 6.7684e-03, 1.2144e-04],
        [7.6335e-01, 1.0805e-01, 6.7684e-03]])
2023-12-03 21:19:48,291 | INFO | hi-lo : END EPOCH:  14 | ACCURACY: 60.55 | LOSS: 1.3100595474243164
2023-12-03 21:19:48,291 | INFO | hi-lo : BEGIN EPOCH 15 =========================================================================
2023-12-03 21:19:48,291 | INFO | hi-lo.kernel-accessor : Fetching kernel: gumbel
2023-12-03 21:19:48,292 | INFO | hi-lo.gumbel-kernel : MU (LOCATION): -0.08955411612987518 | BETA (SCALE): 0.46222519874572754
2023-12-03 21:19:48,293 | INFO | hi-lo.gumbel-kernel : BOTTOM-LEFT
tensor([[0.0000e+00, 0.0000e+00, 0.0000e+00],
        [1.3583e-06, 0.0000e+00, 0.0000e+00],
        [1.0000e+00, 1.3583e-06, 0.0000e+00]])
2023-12-03 21:19:48,293 | INFO | hi-lo.kernel-accessor : Fetching kernel: gumbel
2023-12-03 21:19:48,294 | INFO | hi-lo.gumbel-kernel : MU (LOCATION): -0.712195873260498 | BETA (SCALE): 0.9153844118118286
2023-12-03 21:19:48,294 | INFO | hi-lo.gumbel-kernel : BOTTOM-LEFT
tensor([[6.4522e-18, 0.0000e+00, 0.0000e+00],
        [2.7948e-05, 6.4522e-18, 0.0000e+00],
        [9.9994e-01, 2.7948e-05, 6.4522e-18]])
2023-12-03 21:19:48,294 | INFO | hi-lo.kernel-accessor : Fetching kernel: gumbel
2023-12-03 21:19:48,295 | INFO | hi-lo.gumbel-kernel : MU (LOCATION): 1 | BETA (SCALE): 1
2023-12-03 21:19:48,295 | INFO | hi-lo.gumbel-kernel : STATIC
tensor([[5.6765e-01, 1.6550e-01, 3.2357e-02],
        [1.6550e-01, 3.2357e-02, 2.1352e-03],
        [3.2357e-02, 2.1352e-03, 7.3562e-06]])
2023-12-03 21:19:48,295 | INFO | hi-lo.kernel-accessor : Fetching kernel: gumbel
2023-12-03 21:19:48,296 | INFO | hi-lo.gumbel-kernel : MU (LOCATION): 1 | BETA (SCALE): 1
2023-12-03 21:19:48,296 | INFO | hi-lo.gumbel-kernel : STATIC
tensor([[5.6765e-01, 1.6550e-01, 3.2357e-02],
        [1.6550e-01, 3.2357e-02, 2.1352e-03],
        [3.2357e-02, 2.1352e-03, 7.3562e-06]])
2023-12-03 21:19:56,934 | INFO | hi-lo : END EPOCH:  15 | ACCURACY: 60.94 | LOSS: 1.107046127319336
2023-12-03 21:19:56,934 | INFO | hi-lo : BEGIN EPOCH 16 =========================================================================
2023-12-03 21:19:56,934 | INFO | hi-lo.kernel-accessor : Fetching kernel: gumbel
2023-12-03 21:19:56,935 | INFO | hi-lo.gumbel-kernel : MU (LOCATION): -0.10896234959363937 | BETA (SCALE): 0.5500349998474121
2023-12-03 21:19:56,935 | INFO | hi-lo.gumbel-kernel : BOTTOM-LEFT
tensor([[3.7613e-26, 0.0000e+00, 0.0000e+00],
        [7.5850e-05, 3.7613e-26, 0.0000e+00],
        [9.9985e-01, 7.5850e-05, 3.7613e-26]])
2023-12-03 21:19:56,936 | INFO | hi-lo.kernel-accessor : Fetching kernel: gumbel
2023-12-03 21:19:56,936 | INFO | hi-lo.gumbel-kernel : MU (LOCATION): -0.6725281476974487 | BETA (SCALE): 1.039676308631897
2023-12-03 21:19:56,936 | INFO | hi-lo.gumbel-kernel : BOTTOM-RIGHT
tensor([[0.0000e+00, 9.1846e-29, 8.0512e-11],
        [9.1846e-29, 8.0513e-11, 1.0507e-03],
        [8.0512e-11, 1.0507e-03, 9.9790e-01]])
2023-12-03 21:19:56,937 | INFO | hi-lo.kernel-accessor : Fetching kernel: gumbel
2023-12-03 21:19:56,937 | INFO | hi-lo.gumbel-kernel : MU (LOCATION): -1.7580668926239014 | BETA (SCALE): 3.0327906608581543
2023-12-03 21:19:56,938 | INFO | hi-lo.gumbel-kernel : BOTTOM-LEFT
tensor([[1.7609e-02, 1.1398e-03, 2.8803e-05],
        [1.3833e-01, 1.7609e-02, 1.1398e-03],
        [6.6820e-01, 1.3833e-01, 1.7609e-02]])
2023-12-03 21:19:56,938 | INFO | hi-lo.kernel-accessor : Fetching kernel: gumbel
2023-12-03 21:19:56,938 | INFO | hi-lo.gumbel-kernel : MU (LOCATION): -1.388704538345337 | BETA (SCALE): 2.3314757347106934
2023-12-03 21:19:56,939 | INFO | hi-lo.gumbel-kernel : BOTTOM-RIGHT
tensor([[4.4033e-08, 4.0003e-05, 3.9225e-03],
        [4.0003e-05, 3.9225e-03, 9.0242e-02],
        [3.9225e-03, 9.0242e-02, 8.0767e-01]])
2023-12-03 21:20:05,600 | INFO | hi-lo : END EPOCH:  16 | ACCURACY: 56.99 | LOSS: 1.3822455406188965
2023-12-03 21:20:05,600 | INFO | hi-lo : BEGIN EPOCH 17 =========================================================================
2023-12-03 21:20:05,600 | INFO | hi-lo.kernel-accessor : Fetching kernel: gumbel
2023-12-03 21:20:05,601 | INFO | hi-lo.gumbel-kernel : MU (LOCATION): 0.07833629101514816 | BETA (SCALE): 0.4820748269557953
2023-12-03 21:20:05,601 | INFO | hi-lo.gumbel-kernel : BOTTOM-LEFT
tensor([[4.2804e-22, 0.0000e+00, 0.0000e+00],
        [8.2143e-04, 4.2805e-22, 0.0000e+00],
        [9.9836e-01, 8.2143e-04, 4.2804e-22]])
2023-12-03 21:20:05,601 | INFO | hi-lo.kernel-accessor : Fetching kernel: gumbel
2023-12-03 21:20:05,602 | INFO | hi-lo.gumbel-kernel : MU (LOCATION): -0.6323011517524719 | BETA (SCALE): 0.9390544295310974
2023-12-03 21:20:05,602 | INFO | hi-lo.gumbel-kernel : BOTTOM-RIGHT
tensor([[0.0000e+00, 3.4508e-41, 4.9776e-14],
        [3.4508e-41, 4.9776e-14, 2.3119e-04],
        [4.9776e-14, 2.3119e-04, 9.9954e-01]])
2023-12-03 21:20:05,602 | INFO | hi-lo.kernel-accessor : Fetching kernel: gumbel
2023-12-03 21:20:05,603 | INFO | hi-lo.gumbel-kernel : MU (LOCATION): 1 | BETA (SCALE): 1
2023-12-03 21:20:05,603 | INFO | hi-lo.gumbel-kernel : STATIC
tensor([[5.6765e-01, 1.6550e-01, 3.2357e-02],
        [1.6550e-01, 3.2357e-02, 2.1352e-03],
        [3.2357e-02, 2.1352e-03, 7.3562e-06]])
2023-12-03 21:20:05,603 | INFO | hi-lo.kernel-accessor : Fetching kernel: gumbel
2023-12-03 21:20:05,604 | INFO | hi-lo.gumbel-kernel : MU (LOCATION): -1.0658493041992188 | BETA (SCALE): 1.8900671005249023
2023-12-03 21:20:05,604 | INFO | hi-lo.gumbel-kernel : BOTTOM-LEFT
tensor([[9.1222e-04, 1.0838e-06, 1.6986e-11],
        [5.9958e-02, 9.1222e-04, 1.0838e-06],
        [8.7735e-01, 5.9958e-02, 9.1222e-04]])
2023-12-03 21:20:14,329 | INFO | hi-lo : END EPOCH:  17 | ACCURACY: 52.04 | LOSS: 1.31252920627594
2023-12-03 21:20:14,329 | INFO | hi-lo : BEGIN EPOCH 18 =========================================================================
2023-12-03 21:20:14,329 | INFO | hi-lo.kernel-accessor : Fetching kernel: gumbel
2023-12-03 21:20:14,330 | INFO | hi-lo.gumbel-kernel : MU (LOCATION): -0.060646429657936096 | BETA (SCALE): 0.4753897190093994
2023-12-03 21:20:14,330 | INFO | hi-lo.gumbel-kernel : BOTTOM-RIGHT
tensor([[0.0000e+00, 0.0000e+00, 1.2272e-39],
        [0.0000e+00, 1.2272e-39, 1.1309e-05],
        [1.2272e-39, 1.1309e-05, 9.9998e-01]])
2023-12-03 21:20:14,331 | INFO | hi-lo.kernel-accessor : Fetching kernel: gumbel
2023-12-03 21:20:14,331 | INFO | hi-lo.gumbel-kernel : MU (LOCATION): -0.63731849193573 | BETA (SCALE): 0.900944709777832
2023-12-03 21:20:14,331 | INFO | hi-lo.gumbel-kernel : BOTTOM-RIGHT
tensor([[0.0000e+00, 0.0000e+00, 2.3339e-16],
        [0.0000e+00, 2.3339e-16, 7.6213e-05],
        [2.3339e-16, 7.6213e-05, 9.9985e-01]])
2023-12-03 21:20:14,332 | INFO | hi-lo.kernel-accessor : Fetching kernel: gumbel
2023-12-03 21:20:14,332 | INFO | hi-lo.gumbel-kernel : MU (LOCATION): 1 | BETA (SCALE): 1
2023-12-03 21:20:14,332 | INFO | hi-lo.gumbel-kernel : STATIC
tensor([[5.6765e-01, 1.6550e-01, 3.2357e-02],
        [1.6550e-01, 3.2357e-02, 2.1352e-03],
        [3.2357e-02, 2.1352e-03, 7.3562e-06]])
2023-12-03 21:20:14,333 | INFO | hi-lo.kernel-accessor : Fetching kernel: gumbel
2023-12-03 21:20:14,333 | INFO | hi-lo.gumbel-kernel : MU (LOCATION): 1 | BETA (SCALE): 1
2023-12-03 21:20:14,334 | INFO | hi-lo.gumbel-kernel : STATIC
tensor([[5.6765e-01, 1.6550e-01, 3.2357e-02],
        [1.6550e-01, 3.2357e-02, 2.1352e-03],
        [3.2357e-02, 2.1352e-03, 7.3562e-06]])
2023-12-03 21:20:22,991 | INFO | hi-lo : END EPOCH:  18 | ACCURACY: 57.92 | LOSS: 0.8642222881317139
2023-12-03 21:20:22,991 | INFO | hi-lo : BEGIN EPOCH 19 =========================================================================
2023-12-03 21:20:22,991 | INFO | hi-lo.kernel-accessor : Fetching kernel: gumbel
2023-12-03 21:20:22,992 | INFO | hi-lo.gumbel-kernel : MU (LOCATION): 1 | BETA (SCALE): 1
2023-12-03 21:20:22,993 | INFO | hi-lo.gumbel-kernel : STATIC
tensor([[5.6765e-01, 1.6550e-01, 3.2357e-02],
        [1.6550e-01, 3.2357e-02, 2.1352e-03],
        [3.2357e-02, 2.1352e-03, 7.3562e-06]])
2023-12-03 21:20:22,993 | INFO | hi-lo.kernel-accessor : Fetching kernel: gumbel
2023-12-03 21:20:22,993 | INFO | hi-lo.gumbel-kernel : MU (LOCATION): -0.6483208537101746 | BETA (SCALE): 1.0368274450302124
2023-12-03 21:20:22,994 | INFO | hi-lo.gumbel-kernel : BOTTOM-RIGHT
tensor([[0.0000e+00, 7.4814e-28, 1.7346e-10],
        [7.4814e-28, 1.7346e-10, 1.3113e-03],
        [1.7346e-10, 1.3113e-03, 9.9738e-01]])
2023-12-03 21:20:22,994 | INFO | hi-lo.kernel-accessor : Fetching kernel: gumbel
2023-12-03 21:20:22,995 | INFO | hi-lo.gumbel-kernel : MU (LOCATION): -1.9809743165969849 | BETA (SCALE): 3.3414318561553955
2023-12-03 21:20:22,995 | INFO | hi-lo.gumbel-kernel : BOTTOM-RIGHT
tensor([[9.8541e-05, 2.1912e-03, 2.3601e-02],
        [2.1912e-03, 2.3601e-02, 1.4854e-01],
        [2.3601e-02, 1.4854e-01, 6.2764e-01]])
2023-12-03 21:20:22,995 | INFO | hi-lo.kernel-accessor : Fetching kernel: gumbel
2023-12-03 21:20:22,996 | INFO | hi-lo.gumbel-kernel : MU (LOCATION): 1 | BETA (SCALE): 1
2023-12-03 21:20:22,996 | INFO | hi-lo.gumbel-kernel : STATIC
tensor([[5.6765e-01, 1.6550e-01, 3.2357e-02],
        [1.6550e-01, 3.2357e-02, 2.1352e-03],
        [3.2357e-02, 2.1352e-03, 7.3562e-06]])
2023-12-03 21:20:31,728 | INFO | hi-lo : END EPOCH:  19 | ACCURACY: 62.5 | LOSS: 1.2767304182052612
2023-12-03 21:20:31,729 | INFO | hi-lo : BEGIN EPOCH 20 =========================================================================
2023-12-03 21:20:31,729 | INFO | hi-lo.kernel-accessor : Fetching kernel: gumbel
2023-12-03 21:20:31,730 | INFO | hi-lo.gumbel-kernel : MU (LOCATION): -0.13418158888816833 | BETA (SCALE): 0.49898192286491394
2023-12-03 21:20:31,730 | INFO | hi-lo.gumbel-kernel : BOTTOM-LEFT
tensor([[1.1673e-42, 0.0000e+00, 0.0000e+00],
        [2.2702e-06, 1.1673e-42, 0.0000e+00],
        [1.0000e+00, 2.2702e-06, 1.1673e-42]])
2023-12-03 21:20:31,730 | INFO | hi-lo.kernel-accessor : Fetching kernel: gumbel
2023-12-03 21:20:31,731 | INFO | hi-lo.gumbel-kernel : MU (LOCATION): 1 | BETA (SCALE): 1
2023-12-03 21:20:31,731 | INFO | hi-lo.gumbel-kernel : STATIC
tensor([[5.6765e-01, 1.6550e-01, 3.2357e-02],
        [1.6550e-01, 3.2357e-02, 2.1352e-03],
        [3.2357e-02, 2.1352e-03, 7.3562e-06]])
2023-12-03 21:20:31,732 | INFO | hi-lo.kernel-accessor : Fetching kernel: gumbel
2023-12-03 21:20:31,732 | INFO | hi-lo.gumbel-kernel : MU (LOCATION): 1 | BETA (SCALE): 1
2023-12-03 21:20:31,733 | INFO | hi-lo.gumbel-kernel : STATIC
tensor([[5.6765e-01, 1.6550e-01, 3.2357e-02],
        [1.6550e-01, 3.2357e-02, 2.1352e-03],
        [3.2357e-02, 2.1352e-03, 7.3562e-06]])
2023-12-03 21:20:31,733 | INFO | hi-lo.kernel-accessor : Fetching kernel: gumbel
2023-12-03 21:20:31,733 | INFO | hi-lo.gumbel-kernel : MU (LOCATION): 1 | BETA (SCALE): 1
2023-12-03 21:20:31,734 | INFO | hi-lo.gumbel-kernel : STATIC
tensor([[5.6765e-01, 1.6550e-01, 3.2357e-02],
        [1.6550e-01, 3.2357e-02, 2.1352e-03],
        [3.2357e-02, 2.1352e-03, 7.3562e-06]])
2023-12-03 21:20:40,567 | INFO | hi-lo : END EPOCH:  20 | ACCURACY: 59.38 | LOSS: 1.0484956502914429
2023-12-03 21:20:40,567 | INFO | hi-lo : BEGIN EPOCH 21 =========================================================================
2023-12-03 21:20:40,567 | INFO | hi-lo.kernel-accessor : Fetching kernel: gumbel
2023-12-03 21:20:40,568 | INFO | hi-lo.gumbel-kernel : MU (LOCATION): -0.1178305447101593 | BETA (SCALE): 0.436468243598938
2023-12-03 21:20:40,569 | INFO | hi-lo.gumbel-kernel : BOTTOM-LEFT
tensor([[0.0000e+00, 0.0000e+00, 0.0000e+00],
        [2.4164e-08, 0.0000e+00, 0.0000e+00],
        [1.0000e+00, 2.4164e-08, 0.0000e+00]])
2023-12-03 21:20:40,569 | INFO | hi-lo.kernel-accessor : Fetching kernel: gumbel
2023-12-03 21:20:40,570 | INFO | hi-lo.gumbel-kernel : MU (LOCATION): -0.6646813750267029 | BETA (SCALE): 0.9070274829864502
2023-12-03 21:20:40,570 | INFO | hi-lo.gumbel-kernel : BOTTOM-LEFT
tensor([[7.3332e-17, 0.0000e+00, 0.0000e+00],
        [5.4694e-05, 7.3332e-17, 0.0000e+00],
        [9.9989e-01, 5.4694e-05, 7.3332e-17]])
2023-12-03 21:20:40,570 | INFO | hi-lo.kernel-accessor : Fetching kernel: gumbel
2023-12-03 21:20:40,571 | INFO | hi-lo.gumbel-kernel : MU (LOCATION): -1.271975040435791 | BETA (SCALE): 2.59706711769104
2023-12-03 21:20:40,571 | INFO | hi-lo.gumbel-kernel : BOTTOM-LEFT
tensor([[1.4491e-02, 6.6138e-04, 8.4851e-06],
        [1.3389e-01, 1.4491e-02, 6.6138e-04],
        [6.8742e-01, 1.3389e-01, 1.4491e-02]])
2023-12-03 21:20:40,572 | INFO | hi-lo.kernel-accessor : Fetching kernel: gumbel
