2023-10-11 03:37:42,363 | INFO | hi-lo : 
+=========================================================================+
|  ______     ______   ______    ___         ___        ______   _______  |
| /| ___ \  // ____ \ /| ___ \  /| |        /| |      // ____ \ /| ___  \ |
| /| |//\ \ /| |//| | /| |//\ \ /| |        /| |      /| |//| | /| |//| | |
| /| | /| | /| ____ | /| | /| | /| |        /| |      /| ____ | /| ___  / |
| /| |_// / /| |//| | /| |_// / /| |____    /| |____  /| |//| | /| |//\ \ |
| /|_____/  /|_| /|_| /|_____/  /|______|   /|______| /|_| /|_| /|______/ |
| ///////   ///  ///  //////    ////////    ////////  ///  ///  ////////  |
+=========================================================================+
|                  Hi-Lo Resolution Image Classification                  |
|                  -------------------------------------                  |
|                            Gabriel C. Trahan                            |
|                               Sahan Ahmad                               |
|                            MD  Aminual Islam                            |
+=========================================================================+
| MODEL:                      normal | LR:                            0.1 |
| DISTRO:                     gumbel | KERNEL TYPE:                    14 |
| DATASET:                   cifar10 | BATCH SIZE:                     64 |
+=========================================================================+
2023-10-11 03:37:42,364 | INFO | hi-lo : Output directory: output/gumbel//14/normal/cifar10/20231011_033742
2023-10-11 03:37:42,364 | INFO | hi-lo.dataset-accessor : Fetching dataset: cifar10
2023-10-11 03:37:42,364 | INFO | hi-lo.cifar10-dataset : Initializing transform.
2023-10-11 03:37:42,364 | INFO | hi-lo.cifar10-dataset : Verifying/downloading train data.
2023-10-11 03:37:42,971 | INFO | hi-lo.cifar10-dataset : Verifying/downloading test data.
2023-10-11 03:37:43,457 | INFO | hi-lo.cifar10-dataset : Creating train data loader.
2023-10-11 03:37:43,457 | INFO | hi-lo.cifar10-dataset : Creating test data loader.
2023-10-11 03:37:44,443 | INFO | hi-lo : Using device: NVIDIA GeForce GTX 1060 6GB
2023-10-11 03:37:44,443 | INFO | hi-lo : Commencing training phase...
2023-10-11 03:37:44,444 | INFO | hi-lo : BEGIN EPOCH 1 =========================================================================
2023-10-11 03:37:44,444 | INFO | hi-lo.kernel-accessor : Fetching kernel: gumbel
2023-10-11 03:37:44,445 | INFO | hi-lo.gumbel-kernel : MU (LOCATION): 0.0 | BETA (SCALE): 1.0
2023-10-11 03:37:44,445 | INFO | hi-lo.gumbel-kernel : TOP-RIGHT
tensor([[2.0072e-04, 5.8259e-02, 8.8288e-01],
        [2.2609e-10, 2.0072e-04, 5.8259e-02],
        [8.5377e-26, 2.2609e-10, 2.0072e-04]])
2023-10-11 03:37:44,446 | INFO | hi-lo.kernel-accessor : Fetching kernel: gumbel
2023-10-11 03:37:44,446 | INFO | hi-lo.gumbel-kernel : MU (LOCATION): 0.0 | BETA (SCALE): 1.0
2023-10-11 03:37:44,446 | INFO | hi-lo.gumbel-kernel : BOTTOM-LEFT
tensor([[2.0072e-04, 2.2609e-10, 8.5377e-26],
        [5.8259e-02, 2.0072e-04, 2.2609e-10],
        [8.8288e-01, 5.8259e-02, 2.0072e-04]])
2023-10-11 03:37:44,446 | INFO | hi-lo.kernel-accessor : Fetching kernel: gumbel
2023-10-11 03:37:44,446 | INFO | hi-lo.gumbel-kernel : MU (LOCATION): 1 | BETA (SCALE): 1
2023-10-11 03:37:44,447 | INFO | hi-lo.gumbel-kernel : STATIC
tensor([[5.6765e-01, 1.6550e-01, 3.2357e-02],
        [1.6550e-01, 3.2357e-02, 2.1352e-03],
        [3.2357e-02, 2.1352e-03, 7.3562e-06]])
2023-10-11 03:37:44,447 | INFO | hi-lo.kernel-accessor : Fetching kernel: gumbel
2023-10-11 03:37:44,447 | INFO | hi-lo.gumbel-kernel : MU (LOCATION): 0.0 | BETA (SCALE): 1.0
2023-10-11 03:37:44,447 | INFO | hi-lo.gumbel-kernel : BOTTOM-LEFT
tensor([[2.0072e-04, 2.2609e-10, 8.5377e-26],
        [5.8259e-02, 2.0072e-04, 2.2609e-10],
        [8.8288e-01, 5.8259e-02, 2.0072e-04]])
2023-10-11 03:37:53,700 | INFO | hi-lo : END EPOCH:   1 | ACCURACY: 44.92 | LOSS: 1.5246695280075073
2023-10-11 03:37:53,700 | INFO | hi-lo : BEGIN EPOCH 2 =========================================================================
2023-10-11 03:37:53,700 | INFO | hi-lo.kernel-accessor : Fetching kernel: gumbel
2023-10-11 03:37:53,701 | INFO | hi-lo.gumbel-kernel : MU (LOCATION): 1 | BETA (SCALE): 1
2023-10-11 03:37:53,701 | INFO | hi-lo.gumbel-kernel : STATIC
tensor([[5.6765e-01, 1.6550e-01, 3.2357e-02],
        [1.6550e-01, 3.2357e-02, 2.1352e-03],
        [3.2357e-02, 2.1352e-03, 7.3562e-06]])
2023-10-11 03:37:53,701 | INFO | hi-lo.kernel-accessor : Fetching kernel: gumbel
2023-10-11 03:37:53,702 | INFO | hi-lo.gumbel-kernel : MU (LOCATION): -0.3893981873989105 | BETA (SCALE): 0.7076086401939392
2023-10-11 03:37:53,702 | INFO | hi-lo.gumbel-kernel : TOP-LEFT
tensor([[9.9996e-01, 2.1248e-05, 1.0840e-22],
        [2.1248e-05, 1.0840e-22, 0.0000e+00],
        [1.0840e-22, 0.0000e+00, 0.0000e+00]])
2023-10-11 03:37:53,702 | INFO | hi-lo.kernel-accessor : Fetching kernel: gumbel
2023-10-11 03:37:53,703 | INFO | hi-lo.gumbel-kernel : MU (LOCATION): -1.1316306591033936 | BETA (SCALE): 1.518031120300293
2023-10-11 03:37:53,703 | INFO | hi-lo.gumbel-kernel : TOP-RIGHT
tensor([[1.4039e-06, 8.0998e-03, 9.8380e-01],
        [1.4000e-13, 1.4039e-06, 8.0998e-03],
        [7.6556e-27, 1.4000e-13, 1.4039e-06]])
2023-10-11 03:37:53,704 | INFO | hi-lo.kernel-accessor : Fetching kernel: gumbel
2023-10-11 03:37:53,704 | INFO | hi-lo.gumbel-kernel : MU (LOCATION): -0.8792667388916016 | BETA (SCALE): 1.3574708700180054
2023-10-11 03:37:53,704 | INFO | hi-lo.gumbel-kernel : TOP-RIGHT
tensor([[1.0386e-06, 8.8089e-03, 9.8238e-01],
        [1.4404e-14, 1.0386e-06, 8.8089e-03],
        [1.2357e-30, 1.4404e-14, 1.0386e-06]])
2023-10-11 03:38:02,206 | INFO | hi-lo : END EPOCH:   2 | ACCURACY: 45.78 | LOSS: 1.5667681694030762
2023-10-11 03:38:02,206 | INFO | hi-lo : BEGIN EPOCH 3 =========================================================================
2023-10-11 03:38:02,207 | INFO | hi-lo.kernel-accessor : Fetching kernel: gumbel
2023-10-11 03:38:02,207 | INFO | hi-lo.gumbel-kernel : MU (LOCATION): 0.049429237842559814 | BETA (SCALE): 0.5287536382675171
2023-10-11 03:38:02,208 | INFO | hi-lo.gumbel-kernel : BOTTOM-LEFT
tensor([[7.8165e-18, 0.0000e+00, 0.0000e+00],
        [1.4131e-03, 7.8165e-18, 0.0000e+00],
        [9.9717e-01, 1.4131e-03, 7.8165e-18]])
2023-10-11 03:38:02,208 | INFO | hi-lo.kernel-accessor : Fetching kernel: gumbel
2023-10-11 03:38:02,208 | INFO | hi-lo.gumbel-kernel : MU (LOCATION): -0.5265272259712219 | BETA (SCALE): 0.8965919613838196
2023-10-11 03:38:02,209 | INFO | hi-lo.gumbel-kernel : TOP-LEFT
tensor([[9.9914e-01, 4.2944e-04, 2.2682e-13],
        [4.2944e-04, 2.2682e-13, 1.1176e-40],
        [2.2682e-13, 1.1176e-40, 0.0000e+00]])
2023-10-11 03:38:02,209 | INFO | hi-lo.kernel-accessor : Fetching kernel: gumbel
2023-10-11 03:38:02,210 | INFO | hi-lo.gumbel-kernel : MU (LOCATION): -1.576204538345337 | BETA (SCALE): 1.7160530090332031
2023-10-11 03:38:02,210 | INFO | hi-lo.gumbel-kernel : BOTTOM-RIGHT
tensor([[4.6020e-27, 2.0079e-14, 2.9662e-07],
        [2.0079e-14, 2.9662e-07, 3.8653e-03],
        [2.9662e-07, 3.8653e-03, 9.9227e-01]])
2023-10-11 03:38:02,210 | INFO | hi-lo.kernel-accessor : Fetching kernel: gumbel
2023-10-11 03:38:02,211 | INFO | hi-lo.gumbel-kernel : MU (LOCATION): 1 | BETA (SCALE): 1
2023-10-11 03:38:02,211 | INFO | hi-lo.gumbel-kernel : STATIC
tensor([[5.6765e-01, 1.6550e-01, 3.2357e-02],
        [1.6550e-01, 3.2357e-02, 2.1352e-03],
        [3.2357e-02, 2.1352e-03, 7.3562e-06]])
2023-10-11 03:38:10,652 | INFO | hi-lo : END EPOCH:   3 | ACCURACY: 47.77 | LOSS: 1.279917597770691
2023-10-11 03:38:10,652 | INFO | hi-lo : BEGIN EPOCH 4 =========================================================================
2023-10-11 03:38:10,652 | INFO | hi-lo.kernel-accessor : Fetching kernel: gumbel
2023-10-11 03:38:10,653 | INFO | hi-lo.gumbel-kernel : MU (LOCATION): 1 | BETA (SCALE): 1
2023-10-11 03:38:10,653 | INFO | hi-lo.gumbel-kernel : STATIC
tensor([[5.6765e-01, 1.6550e-01, 3.2357e-02],
        [1.6550e-01, 3.2357e-02, 2.1352e-03],
        [3.2357e-02, 2.1352e-03, 7.3562e-06]])
2023-10-11 03:38:10,653 | INFO | hi-lo.kernel-accessor : Fetching kernel: gumbel
2023-10-11 03:38:10,654 | INFO | hi-lo.gumbel-kernel : MU (LOCATION): -0.6402689814567566 | BETA (SCALE): 0.8029131293296814
2023-10-11 03:38:10,655 | INFO | hi-lo.gumbel-kernel : TOP-RIGHT
tensor([[1.6689e-25, 1.4569e-06, 1.0000e+00],
        [0.0000e+00, 1.6689e-25, 1.4569e-06],
        [0.0000e+00, 0.0000e+00, 1.6689e-25]])
2023-10-11 03:38:10,655 | INFO | hi-lo.kernel-accessor : Fetching kernel: gumbel
2023-10-11 03:38:10,655 | INFO | hi-lo.gumbel-kernel : MU (LOCATION): -1.560037612915039 | BETA (SCALE): 2.006268262863159
2023-10-11 03:38:10,656 | INFO | hi-lo.gumbel-kernel : TOP-LEFT
tensor([[9.4581e-01, 2.6938e-02, 1.0622e-04],
        [2.6938e-02, 1.0622e-04, 1.6162e-08],
        [1.0622e-04, 1.6162e-08, 1.1584e-14]])
2023-10-11 03:38:10,656 | INFO | hi-lo.kernel-accessor : Fetching kernel: gumbel
2023-10-11 03:38:10,656 | INFO | hi-lo.gumbel-kernel : MU (LOCATION): -1.173015832901001 | BETA (SCALE): 1.4640439748764038
2023-10-11 03:38:10,657 | INFO | hi-lo.gumbel-kernel : BOTTOM-LEFT
tensor([[1.2794e-07, 3.3709e-16, 6.7988e-33],
        [3.8641e-03, 1.2794e-07, 3.3709e-16],
        [9.9227e-01, 3.8641e-03, 1.2794e-07]])
2023-10-11 03:38:19,118 | INFO | hi-lo : END EPOCH:   4 | ACCURACY: 55.86 | LOSS: 1.1748192310333252
2023-10-11 03:38:19,118 | INFO | hi-lo : BEGIN EPOCH 5 =========================================================================
2023-10-11 03:38:19,119 | INFO | hi-lo.kernel-accessor : Fetching kernel: gumbel
2023-10-11 03:38:19,119 | INFO | hi-lo.gumbel-kernel : MU (LOCATION): 1 | BETA (SCALE): 1
2023-10-11 03:38:19,120 | INFO | hi-lo.gumbel-kernel : STATIC
tensor([[5.6765e-01, 1.6550e-01, 3.2357e-02],
        [1.6550e-01, 3.2357e-02, 2.1352e-03],
        [3.2357e-02, 2.1352e-03, 7.3562e-06]])
2023-10-11 03:38:19,120 | INFO | hi-lo.kernel-accessor : Fetching kernel: gumbel
2023-10-11 03:38:19,120 | INFO | hi-lo.gumbel-kernel : MU (LOCATION): -0.6706507205963135 | BETA (SCALE): 0.9620838165283203
2023-10-11 03:38:19,121 | INFO | hi-lo.gumbel-kernel : TOP-RIGHT
tensor([[7.0692e-14, 2.2312e-04, 9.9955e-01],
        [6.5301e-40, 7.0692e-14, 2.2312e-04],
        [0.0000e+00, 6.5301e-40, 7.0692e-14]])
2023-10-11 03:38:19,121 | INFO | hi-lo.kernel-accessor : Fetching kernel: gumbel
2023-10-11 03:38:19,121 | INFO | hi-lo.gumbel-kernel : MU (LOCATION): 1 | BETA (SCALE): 1
2023-10-11 03:38:19,121 | INFO | hi-lo.gumbel-kernel : STATIC
tensor([[5.6765e-01, 1.6550e-01, 3.2357e-02],
        [1.6550e-01, 3.2357e-02, 2.1352e-03],
        [3.2357e-02, 2.1352e-03, 7.3562e-06]])
2023-10-11 03:38:19,121 | INFO | hi-lo.kernel-accessor : Fetching kernel: gumbel
2023-10-11 03:38:19,122 | INFO | hi-lo.gumbel-kernel : MU (LOCATION): -1.5413646697998047 | BETA (SCALE): 1.8126320838928223
2023-10-11 03:38:19,122 | INFO | hi-lo.gumbel-kernel : TOP-LEFT
tensor([[9.7997e-01, 1.0007e-02, 5.2493e-06],
        [1.0007e-02, 5.2493e-06, 1.5904e-11],
        [5.2493e-06, 1.5904e-11, 6.2606e-21]])
2023-10-11 03:38:27,637 | INFO | hi-lo : END EPOCH:   5 | ACCURACY: 59.38 | LOSS: 1.1373941898345947
2023-10-11 03:38:27,637 | INFO | hi-lo : BEGIN EPOCH 6 =========================================================================
2023-10-11 03:38:27,638 | INFO | hi-lo.kernel-accessor : Fetching kernel: gumbel
2023-10-11 03:38:27,638 | INFO | hi-lo.gumbel-kernel : MU (LOCATION): -0.039236895740032196 | BETA (SCALE): 0.5280995965003967
2023-10-11 03:38:27,639 | INFO | hi-lo.gumbel-kernel : TOP-RIGHT
tensor([[4.1937e-24, 2.1579e-04, 9.9957e-01],
        [0.0000e+00, 4.1936e-24, 2.1579e-04],
        [0.0000e+00, 0.0000e+00, 4.1937e-24]])
2023-10-11 03:38:27,639 | INFO | hi-lo.kernel-accessor : Fetching kernel: gumbel
2023-10-11 03:38:27,640 | INFO | hi-lo.gumbel-kernel : MU (LOCATION): -0.6384226083755493 | BETA (SCALE): 0.919447124004364
2023-10-11 03:38:27,640 | INFO | hi-lo.gumbel-kernel : BOTTOM-RIGHT
tensor([[0.0000e+00, 0.0000e+00, 2.9192e-15],
        [0.0000e+00, 2.9192e-15, 1.2646e-04],
        [2.9192e-15, 1.2646e-04, 9.9975e-01]])
2023-10-11 03:38:27,640 | INFO | hi-lo.kernel-accessor : Fetching kernel: gumbel
2023-10-11 03:38:27,641 | INFO | hi-lo.gumbel-kernel : MU (LOCATION): -1.8123908042907715 | BETA (SCALE): 2.1472361087799072
2023-10-11 03:38:27,641 | INFO | hi-lo.gumbel-kernel : TOP-RIGHT
tensor([[9.1297e-05, 2.4137e-02, 9.5145e-01],
        [1.6651e-08, 9.1297e-05, 2.4137e-02],
        [2.4244e-14, 1.6651e-08, 9.1297e-05]])
2023-10-11 03:38:27,641 | INFO | hi-lo.kernel-accessor : Fetching kernel: gumbel
2023-10-11 03:38:27,642 | INFO | hi-lo.gumbel-kernel : MU (LOCATION): -1.1675517559051514 | BETA (SCALE): 1.6214500665664673
2023-10-11 03:38:27,642 | INFO | hi-lo.gumbel-kernel : TOP-RIGHT
tensor([[9.7983e-06, 1.4322e-02, 9.7133e-01],
        [2.2676e-11, 9.7983e-06, 1.4322e-02],
        [1.3869e-21, 2.2676e-11, 9.7983e-06]])
2023-10-11 03:38:36,177 | INFO | hi-lo : END EPOCH:   6 | ACCURACY: 53.12 | LOSS: 1.3440276384353638
2023-10-11 03:38:36,177 | INFO | hi-lo : BEGIN EPOCH 7 =========================================================================
2023-10-11 03:38:36,178 | INFO | hi-lo.kernel-accessor : Fetching kernel: gumbel
2023-10-11 03:38:36,178 | INFO | hi-lo.gumbel-kernel : MU (LOCATION): 0.03126533329486847 | BETA (SCALE): 0.5790156126022339
2023-10-11 03:38:36,179 | INFO | hi-lo.gumbel-kernel : TOP-RIGHT
tensor([[3.6005e-14, 2.7852e-03, 9.9443e-01],
        [0.0000e+00, 3.6005e-14, 2.7852e-03],
        [0.0000e+00, 0.0000e+00, 3.6005e-14]])
2023-10-11 03:38:36,179 | INFO | hi-lo.kernel-accessor : Fetching kernel: gumbel
2023-10-11 03:38:36,179 | INFO | hi-lo.gumbel-kernel : MU (LOCATION): -0.7431817054748535 | BETA (SCALE): 0.9170035123825073
2023-10-11 03:38:36,180 | INFO | hi-lo.gumbel-kernel : BOTTOM-LEFT
tensor([[6.2908e-19, 0.0000e+00, 0.0000e+00],
        [1.5367e-05, 6.2908e-19, 0.0000e+00],
        [9.9997e-01, 1.5367e-05, 6.2908e-19]])
2023-10-11 03:38:36,180 | INFO | hi-lo.kernel-accessor : Fetching kernel: gumbel
2023-10-11 03:38:36,180 | INFO | hi-lo.gumbel-kernel : MU (LOCATION): 1 | BETA (SCALE): 1
2023-10-11 03:38:36,181 | INFO | hi-lo.gumbel-kernel : STATIC
tensor([[5.6765e-01, 1.6550e-01, 3.2357e-02],
        [1.6550e-01, 3.2357e-02, 2.1352e-03],
        [3.2357e-02, 2.1352e-03, 7.3562e-06]])
2023-10-11 03:38:36,181 | INFO | hi-lo.kernel-accessor : Fetching kernel: gumbel
2023-10-11 03:38:36,181 | INFO | hi-lo.gumbel-kernel : MU (LOCATION): -1.791680097579956 | BETA (SCALE): 2.0714945793151855
2023-10-11 03:38:36,181 | INFO | hi-lo.gumbel-kernel : BOTTOM-RIGHT
tensor([[5.0549e-16, 2.4052e-09, 3.8194e-05],
        [2.4052e-09, 3.8194e-05, 1.7971e-02],
        [3.8194e-05, 1.7971e-02, 9.6394e-01]])
2023-10-11 03:38:44,704 | INFO | hi-lo : END EPOCH:   7 | ACCURACY: 67.19 | LOSS: 1.2476123571395874
2023-10-11 03:38:44,704 | INFO | hi-lo : BEGIN EPOCH 8 =========================================================================
2023-10-11 03:38:44,705 | INFO | hi-lo.kernel-accessor : Fetching kernel: gumbel
2023-10-11 03:38:44,705 | INFO | hi-lo.gumbel-kernel : MU (LOCATION): 0.09199380874633789 | BETA (SCALE): 0.5046200752258301
2023-10-11 03:38:44,706 | INFO | hi-lo.gumbel-kernel : BOTTOM-RIGHT
tensor([[0.0000e+00, 0.0000e+00, 5.0569e-18],
        [0.0000e+00, 5.0569e-18, 1.7835e-03],
        [5.0569e-18, 1.7835e-03, 9.9643e-01]])
2023-10-11 03:38:44,706 | INFO | hi-lo.kernel-accessor : Fetching kernel: gumbel
2023-10-11 03:38:44,706 | INFO | hi-lo.gumbel-kernel : MU (LOCATION): -0.6623204946517944 | BETA (SCALE): 0.9307966828346252
2023-10-11 03:38:44,707 | INFO | hi-lo.gumbel-kernel : BOTTOM-RIGHT
tensor([[0.0000e+00, 0.0000e+00, 2.6078e-15],
        [0.0000e+00, 2.6079e-15, 1.1435e-04],
        [2.6078e-15, 1.1435e-04, 9.9977e-01]])
2023-10-11 03:38:44,707 | INFO | hi-lo.kernel-accessor : Fetching kernel: gumbel
2023-10-11 03:38:44,707 | INFO | hi-lo.gumbel-kernel : MU (LOCATION): 1 | BETA (SCALE): 1
2023-10-11 03:38:44,708 | INFO | hi-lo.gumbel-kernel : STATIC
tensor([[5.6765e-01, 1.6550e-01, 3.2357e-02],
        [1.6550e-01, 3.2357e-02, 2.1352e-03],
        [3.2357e-02, 2.1352e-03, 7.3562e-06]])
2023-10-11 03:38:44,708 | INFO | hi-lo.kernel-accessor : Fetching kernel: gumbel
2023-10-11 03:38:44,708 | INFO | hi-lo.gumbel-kernel : MU (LOCATION): -1.7098294496536255 | BETA (SCALE): 2.2070810794830322
2023-10-11 03:38:44,708 | INFO | hi-lo.gumbel-kernel : BOTTOM-LEFT
tensor([[3.5841e-04, 2.8635e-07, 4.9754e-12],
        [3.9358e-02, 3.5841e-04, 2.8635e-07],
        [9.2021e-01, 3.9358e-02, 3.5841e-04]])
2023-10-11 03:38:53,336 | INFO | hi-lo : END EPOCH:   8 | ACCURACY: 60.42 | LOSS: 1.2030588388442993
2023-10-11 03:38:53,336 | INFO | hi-lo : BEGIN EPOCH 9 =========================================================================
2023-10-11 03:38:53,336 | INFO | hi-lo.kernel-accessor : Fetching kernel: gumbel
2023-10-11 03:38:53,337 | INFO | hi-lo.gumbel-kernel : MU (LOCATION): -0.0012660017237067223 | BETA (SCALE): 0.47643226385116577
2023-10-11 03:38:53,337 | INFO | hi-lo.gumbel-kernel : TOP-RIGHT
tensor([[3.6272e-31, 9.1907e-05, 9.9982e-01],
        [0.0000e+00, 3.6272e-31, 9.1907e-05],
        [0.0000e+00, 0.0000e+00, 3.6272e-31]])
2023-10-11 03:38:53,338 | INFO | hi-lo.kernel-accessor : Fetching kernel: gumbel
2023-10-11 03:38:53,338 | INFO | hi-lo.gumbel-kernel : MU (LOCATION): -0.6451695561408997 | BETA (SCALE): 0.9139992594718933
2023-10-11 03:38:53,339 | INFO | hi-lo.gumbel-kernel : TOP-LEFT
tensor([[9.9981e-01, 9.6589e-05, 8.6730e-16],
        [9.6589e-05, 8.6730e-16, 0.0000e+00],
        [8.6730e-16, 0.0000e+00, 0.0000e+00]])
2023-10-11 03:38:53,339 | INFO | hi-lo.kernel-accessor : Fetching kernel: gumbel
2023-10-11 03:38:53,339 | INFO | hi-lo.gumbel-kernel : MU (LOCATION): -1.9126408100128174 | BETA (SCALE): 2.313847064971924
2023-10-11 03:38:53,340 | INFO | hi-lo.gumbel-kernel : BOTTOM-LEFT
tensor([[2.9924e-04, 2.3842e-07, 5.0694e-12],
        [3.5745e-02, 2.9924e-04, 2.3842e-07],
        [9.2761e-01, 3.5745e-02, 2.9924e-04]])
2023-10-11 03:38:53,340 | INFO | hi-lo.kernel-accessor : Fetching kernel: gumbel
2023-10-11 03:38:53,340 | INFO | hi-lo.gumbel-kernel : MU (LOCATION): -1.06284499168396 | BETA (SCALE): 1.421479344367981
2023-10-11 03:38:53,341 | INFO | hi-lo.gumbel-kernel : BOTTOM-LEFT
tensor([[2.5708e-07, 1.0670e-15, 2.5230e-32],
        [5.1550e-03, 2.5708e-07, 1.0670e-15],
        [9.8969e-01, 5.1550e-03, 2.5708e-07]])
2023-10-11 03:39:01,860 | INFO | hi-lo : END EPOCH:   9 | ACCURACY: 57.47 | LOSS: 1.1810009479522705
2023-10-11 03:39:01,860 | INFO | hi-lo : BEGIN EPOCH 10 =========================================================================
2023-10-11 03:39:01,860 | INFO | hi-lo.kernel-accessor : Fetching kernel: gumbel
2023-10-11 03:39:01,861 | INFO | hi-lo.gumbel-kernel : MU (LOCATION): -0.18268677592277527 | BETA (SCALE): 0.48915788531303406
2023-10-11 03:39:01,862 | INFO | hi-lo.gumbel-kernel : TOP-RIGHT
tensor([[0.0000e+00, 8.8917e-08, 1.0000e+00],
        [0.0000e+00, 0.0000e+00, 8.8917e-08],
        [0.0000e+00, 0.0000e+00, 0.0000e+00]])
2023-10-11 03:39:01,862 | INFO | hi-lo.kernel-accessor : Fetching kernel: gumbel
2023-10-11 03:39:01,863 | INFO | hi-lo.gumbel-kernel : MU (LOCATION): -0.6859179735183716 | BETA (SCALE): 0.9733378291130066
2023-10-11 03:39:01,863 | INFO | hi-lo.gumbel-kernel : BOTTOM-RIGHT
tensor([[0.0000e+00, 4.7039e-39, 1.0213e-13],
        [4.7039e-39, 1.0213e-13, 2.3154e-04],
        [1.0213e-13, 2.3154e-04, 9.9954e-01]])
2023-10-11 03:39:01,863 | INFO | hi-lo.kernel-accessor : Fetching kernel: gumbel
2023-10-11 03:39:01,864 | INFO | hi-lo.gumbel-kernel : MU (LOCATION): -2.26212215423584 | BETA (SCALE): 2.830115556716919
2023-10-11 03:39:01,864 | INFO | hi-lo.gumbel-kernel : BOTTOM-RIGHT
tensor([[4.3006e-08, 2.5990e-05, 2.5934e-03],
        [2.5990e-05, 2.5934e-03, 7.3040e-02],
        [2.5934e-03, 7.3040e-02, 8.4609e-01]])
2023-10-11 03:39:01,865 | INFO | hi-lo.kernel-accessor : Fetching kernel: gumbel
2023-10-11 03:39:01,865 | INFO | hi-lo.gumbel-kernel : MU (LOCATION): 1 | BETA (SCALE): 1
2023-10-11 03:39:01,866 | INFO | hi-lo.gumbel-kernel : STATIC
tensor([[5.6765e-01, 1.6550e-01, 3.2357e-02],
        [1.6550e-01, 3.2357e-02, 2.1352e-03],
        [3.2357e-02, 2.1352e-03, 7.3562e-06]])
2023-10-11 03:39:10,360 | INFO | hi-lo : END EPOCH:  10 | ACCURACY: 58.75 | LOSS: 1.2927658557891846
2023-10-11 03:39:10,360 | INFO | hi-lo : BEGIN EPOCH 11 =========================================================================
2023-10-11 03:39:10,360 | INFO | hi-lo.kernel-accessor : Fetching kernel: gumbel
2023-10-11 03:39:10,361 | INFO | hi-lo.gumbel-kernel : MU (LOCATION): 1 | BETA (SCALE): 1
2023-10-11 03:39:10,361 | INFO | hi-lo.gumbel-kernel : STATIC
tensor([[5.6765e-01, 1.6550e-01, 3.2357e-02],
        [1.6550e-01, 3.2357e-02, 2.1352e-03],
        [3.2357e-02, 2.1352e-03, 7.3562e-06]])
2023-10-11 03:39:10,361 | INFO | hi-lo.kernel-accessor : Fetching kernel: gumbel
2023-10-11 03:39:10,362 | INFO | hi-lo.gumbel-kernel : MU (LOCATION): -0.6481926441192627 | BETA (SCALE): 1.008547067642212
2023-10-11 03:39:10,362 | INFO | hi-lo.gumbel-kernel : TOP-RIGHT
tensor([[1.9923e-11, 8.0579e-04, 9.9839e-01],
        [3.3597e-31, 1.9923e-11, 8.0579e-04],
        [0.0000e+00, 3.3597e-31, 1.9923e-11]])
2023-10-11 03:39:10,362 | INFO | hi-lo.kernel-accessor : Fetching kernel: gumbel
2023-10-11 03:39:10,363 | INFO | hi-lo.gumbel-kernel : MU (LOCATION): 1 | BETA (SCALE): 1
2023-10-11 03:39:10,363 | INFO | hi-lo.gumbel-kernel : STATIC
tensor([[5.6765e-01, 1.6550e-01, 3.2357e-02],
        [1.6550e-01, 3.2357e-02, 2.1352e-03],
        [3.2357e-02, 2.1352e-03, 7.3562e-06]])
2023-10-11 03:39:10,363 | INFO | hi-lo.kernel-accessor : Fetching kernel: gumbel
2023-10-11 03:39:10,364 | INFO | hi-lo.gumbel-kernel : MU (LOCATION): -2.195819854736328 | BETA (SCALE): 2.295772075653076
2023-10-11 03:39:10,364 | INFO | hi-lo.gumbel-kernel : BOTTOM-LEFT
tensor([[3.3130e-05, 3.1197e-09, 2.3635e-15],
        [1.5540e-02, 3.3130e-05, 3.1197e-09],
        [9.6882e-01, 1.5540e-02, 3.3130e-05]])
2023-10-11 03:39:18,970 | INFO | hi-lo : END EPOCH:  11 | ACCURACY: 65.62 | LOSS: 1.1094229221343994
2023-10-11 03:39:18,970 | INFO | hi-lo : BEGIN EPOCH 12 =========================================================================
2023-10-11 03:39:18,970 | INFO | hi-lo.kernel-accessor : Fetching kernel: gumbel
2023-10-11 03:39:18,971 | INFO | hi-lo.gumbel-kernel : MU (LOCATION): -0.11586706340312958 | BETA (SCALE): 0.5020542740821838
2023-10-11 03:39:18,971 | INFO | hi-lo.gumbel-kernel : TOP-RIGHT
tensor([[8.9029e-39, 5.9451e-06, 9.9999e-01],
        [0.0000e+00, 8.9032e-39, 5.9451e-06],
        [0.0000e+00, 0.0000e+00, 8.9029e-39]])
2023-10-11 03:39:18,971 | INFO | hi-lo.kernel-accessor : Fetching kernel: gumbel
2023-10-11 03:39:18,972 | INFO | hi-lo.gumbel-kernel : MU (LOCATION): 1 | BETA (SCALE): 1
2023-10-11 03:39:18,972 | INFO | hi-lo.gumbel-kernel : STATIC
tensor([[5.6765e-01, 1.6550e-01, 3.2357e-02],
        [1.6550e-01, 3.2357e-02, 2.1352e-03],
        [3.2357e-02, 2.1352e-03, 7.3562e-06]])
2023-10-11 03:39:18,972 | INFO | hi-lo.kernel-accessor : Fetching kernel: gumbel
2023-10-11 03:39:18,973 | INFO | hi-lo.gumbel-kernel : MU (LOCATION): -1.5070061683654785 | BETA (SCALE): 1.7720801830291748
2023-10-11 03:39:18,973 | INFO | hi-lo.gumbel-kernel : TOP-LEFT
tensor([[9.8244e-01, 8.7737e-03, 3.3587e-06],
        [8.7737e-03, 3.3587e-06, 5.0593e-12],
        [3.3587e-06, 5.0593e-12, 4.5014e-22]])
2023-10-11 03:39:18,973 | INFO | hi-lo.kernel-accessor : Fetching kernel: gumbel
2023-10-11 03:39:18,974 | INFO | hi-lo.gumbel-kernel : MU (LOCATION): -1.3681479692459106 | BETA (SCALE): 1.7967664003372192
2023-10-11 03:39:18,974 | INFO | hi-lo.gumbel-kernel : TOP-LEFT
tensor([[9.6359e-01, 1.8165e-02, 2.6934e-05],
        [1.8165e-02, 2.6934e-05, 4.7292e-10],
        [2.6934e-05, 4.7292e-10, 3.6146e-18]])
2023-10-11 03:39:27,488 | INFO | hi-lo : END EPOCH:  12 | ACCURACY: 56.71 | LOSS: 1.569218397140503
2023-10-11 03:39:27,488 | INFO | hi-lo : BEGIN EPOCH 13 =========================================================================
2023-10-11 03:39:27,488 | INFO | hi-lo.kernel-accessor : Fetching kernel: gumbel
2023-10-11 03:39:27,488 | INFO | hi-lo.gumbel-kernel : MU (LOCATION): -0.017993465065956116 | BETA (SCALE): 0.48919054865837097
2023-10-11 03:39:27,489 | INFO | hi-lo.gumbel-kernel : TOP-LEFT
tensor([[9.9981e-01, 9.3223e-05, 6.4798e-30],
        [9.3223e-05, 6.4798e-30, 0.0000e+00],
        [6.4798e-30, 0.0000e+00, 0.0000e+00]])
2023-10-11 03:39:27,489 | INFO | hi-lo.kernel-accessor : Fetching kernel: gumbel
2023-10-11 03:39:27,489 | INFO | hi-lo.gumbel-kernel : MU (LOCATION): -0.8069027662277222 | BETA (SCALE): 1.1324976682662964
2023-10-11 03:39:27,489 | INFO | hi-lo.gumbel-kernel : TOP-RIGHT
tensor([[3.0119e-10, 1.1343e-03, 9.9773e-01],
        [1.3218e-25, 3.0119e-10, 1.1343e-03],
        [0.0000e+00, 1.3218e-25, 3.0119e-10]])
2023-10-11 03:39:27,489 | INFO | hi-lo.kernel-accessor : Fetching kernel: gumbel
2023-10-11 03:39:27,489 | INFO | hi-lo.gumbel-kernel : MU (LOCATION): -2.312948703765869 | BETA (SCALE): 3.011295795440674
2023-10-11 03:39:27,490 | INFO | hi-lo.gumbel-kernel : BOTTOM-LEFT
tensor([[5.1518e-03, 1.0554e-04, 5.3290e-07],
        [9.2069e-02, 5.1518e-03, 1.0554e-04],
        [8.0019e-01, 9.2069e-02, 5.1518e-03]])
2023-10-11 03:39:27,490 | INFO | hi-lo.kernel-accessor : Fetching kernel: gumbel
2023-10-11 03:39:27,490 | INFO | hi-lo.gumbel-kernel : MU (LOCATION): -2.3975024223327637 | BETA (SCALE): 2.3891003131866455
2023-10-11 03:39:27,490 | INFO | hi-lo.gumbel-kernel : TOP-RIGHT
tensor([[2.4658e-05, 1.3385e-02, 9.7316e-01],
        [2.1396e-09, 2.4658e-05, 1.3385e-02],
        [1.7867e-15, 2.1396e-09, 2.4658e-05]])
2023-10-11 03:39:36,024 | INFO | hi-lo : END EPOCH:  13 | ACCURACY: 64.45 | LOSS: 1.1692992448806763
2023-10-11 03:39:36,024 | INFO | hi-lo : BEGIN EPOCH 14 =========================================================================
2023-10-11 03:39:36,024 | INFO | hi-lo.kernel-accessor : Fetching kernel: gumbel
2023-10-11 03:39:36,025 | INFO | hi-lo.gumbel-kernel : MU (LOCATION): -0.08045469969511032 | BETA (SCALE): 0.5308204293251038
2023-10-11 03:39:36,025 | INFO | hi-lo.gumbel-kernel : BOTTOM-LEFT
tensor([[3.1492e-27, 0.0000e+00, 0.0000e+00],
        [7.9602e-05, 3.1491e-27, 0.0000e+00],
        [9.9984e-01, 7.9602e-05, 3.1492e-27]])
2023-10-11 03:39:36,025 | INFO | hi-lo.kernel-accessor : Fetching kernel: gumbel
2023-10-11 03:39:36,026 | INFO | hi-lo.gumbel-kernel : MU (LOCATION): -0.7566908001899719 | BETA (SCALE): 0.9982914924621582
2023-10-11 03:39:36,026 | INFO | hi-lo.gumbel-kernel : TOP-RIGHT
tensor([[2.7797e-14, 1.4367e-04, 9.9971e-01],
        [5.5599e-40, 2.7797e-14, 1.4367e-04],
        [0.0000e+00, 5.5599e-40, 2.7797e-14]])
2023-10-11 03:39:36,026 | INFO | hi-lo.kernel-accessor : Fetching kernel: gumbel
2023-10-11 03:39:36,027 | INFO | hi-lo.gumbel-kernel : MU (LOCATION): -2.0080132484436035 | BETA (SCALE): 2.580087661743164
2023-10-11 03:39:36,027 | INFO | hi-lo.gumbel-kernel : BOTTOM-RIGHT
tensor([[4.1583e-09, 8.0567e-06, 1.5534e-03],
        [8.0567e-06, 1.5534e-03, 6.2553e-02],
        [1.5534e-03, 6.2553e-02, 8.7022e-01]])
2023-10-11 03:39:36,027 | INFO | hi-lo.kernel-accessor : Fetching kernel: gumbel
2023-10-11 03:39:36,028 | INFO | hi-lo.gumbel-kernel : MU (LOCATION): -2.9280998706817627 | BETA (SCALE): 3.00913667678833
2023-10-11 03:39:36,028 | INFO | hi-lo.gumbel-kernel : TOP-RIGHT
tensor([[6.3522e-04, 4.1537e-02, 9.1502e-01],
        [2.1312e-06, 6.3522e-04, 4.1537e-02],
        [8.6271e-10, 2.1312e-06, 6.3522e-04]])
2023-10-11 03:39:44,577 | INFO | hi-lo : END EPOCH:  14 | ACCURACY: 55.31 | LOSS: 1.181195855140686
2023-10-11 03:39:44,577 | INFO | hi-lo : BEGIN EPOCH 15 =========================================================================
2023-10-11 03:39:44,577 | INFO | hi-lo.kernel-accessor : Fetching kernel: gumbel
2023-10-11 03:39:44,578 | INFO | hi-lo.gumbel-kernel : MU (LOCATION): -0.05886595696210861 | BETA (SCALE): 0.518261730670929
2023-10-11 03:39:44,578 | INFO | hi-lo.gumbel-kernel : TOP-LEFT
tensor([[9.9982e-01, 8.9867e-05, 1.0524e-27],
        [8.9867e-05, 1.0524e-27, 0.0000e+00],
        [1.0524e-27, 0.0000e+00, 0.0000e+00]])
2023-10-11 03:39:44,578 | INFO | hi-lo.kernel-accessor : Fetching kernel: gumbel
2023-10-11 03:39:44,578 | INFO | hi-lo.gumbel-kernel : MU (LOCATION): -0.6836457252502441 | BETA (SCALE): 0.9860064387321472
2023-10-11 03:39:44,579 | INFO | hi-lo.gumbel-kernel : BOTTOM-RIGHT
tensor([[0.0000e+00, 9.8124e-37, 4.4229e-13],
        [9.8124e-37, 4.4229e-13, 3.2032e-04],
        [4.4229e-13, 3.2032e-04, 9.9936e-01]])
2023-10-11 03:39:44,579 | INFO | hi-lo.kernel-accessor : Fetching kernel: gumbel
2023-10-11 03:39:44,579 | INFO | hi-lo.gumbel-kernel : MU (LOCATION): -2.324605941772461 | BETA (SCALE): 3.072138786315918
2023-10-11 03:39:44,579 | INFO | hi-lo.gumbel-kernel : BOTTOM-LEFT
tensor([[6.3323e-03, 1.6034e-04, 1.1186e-06],
        [9.8581e-02, 6.3323e-03, 1.6034e-04],
        [7.8352e-01, 9.8581e-02, 6.3323e-03]])
2023-10-11 03:39:44,579 | INFO | hi-lo.kernel-accessor : Fetching kernel: gumbel
2023-10-11 03:39:44,580 | INFO | hi-lo.gumbel-kernel : MU (LOCATION): -2.44290828704834 | BETA (SCALE): 2.5604937076568604
2023-10-11 03:39:44,580 | INFO | hi-lo.gumbel-kernel : BOTTOM-RIGHT
tensor([[1.8373e-12, 8.8682e-08, 1.4860e-04],
        [8.8682e-08, 1.4860e-04, 2.5623e-02],
        [1.4860e-04, 2.5623e-02, 9.4831e-01]])
2023-10-11 03:39:53,117 | INFO | hi-lo : END EPOCH:  15 | ACCURACY: 63.28 | LOSS: 1.202608585357666
2023-10-11 03:39:53,118 | INFO | hi-lo : BEGIN EPOCH 16 =========================================================================
2023-10-11 03:39:53,118 | INFO | hi-lo.kernel-accessor : Fetching kernel: gumbel
2023-10-11 03:39:53,118 | INFO | hi-lo.gumbel-kernel : MU (LOCATION): 0.1108674705028534 | BETA (SCALE): 0.5260748863220215
2023-10-11 03:39:53,119 | INFO | hi-lo.gumbel-kernel : TOP-RIGHT
tensor([[7.4473e-15, 3.5453e-03, 9.9291e-01],
        [0.0000e+00, 7.4473e-15, 3.5453e-03],
        [0.0000e+00, 0.0000e+00, 7.4473e-15]])
2023-10-11 03:39:53,119 | INFO | hi-lo.kernel-accessor : Fetching kernel: gumbel
2023-10-11 03:39:53,119 | INFO | hi-lo.gumbel-kernel : MU (LOCATION): -0.7153778076171875 | BETA (SCALE): 1.0250576734542847
2023-10-11 03:39:53,120 | INFO | hi-lo.gumbel-kernel : TOP-LEFT
tensor([[9.9905e-01, 4.7601e-04, 3.6798e-12],
        [4.7601e-04, 3.6798e-12, 5.6018e-33],
        [3.6798e-12, 5.6018e-33, 0.0000e+00]])
2023-10-11 03:39:53,120 | INFO | hi-lo.kernel-accessor : Fetching kernel: gumbel
2023-10-11 03:39:53,120 | INFO | hi-lo.gumbel-kernel : MU (LOCATION): 1 | BETA (SCALE): 1
2023-10-11 03:39:53,121 | INFO | hi-lo.gumbel-kernel : STATIC
tensor([[5.6765e-01, 1.6550e-01, 3.2357e-02],
        [1.6550e-01, 3.2357e-02, 2.1352e-03],
        [3.2357e-02, 2.1352e-03, 7.3562e-06]])
2023-10-11 03:39:53,121 | INFO | hi-lo.kernel-accessor : Fetching kernel: gumbel
2023-10-11 03:39:53,121 | INFO | hi-lo.gumbel-kernel : MU (LOCATION): -3.080087661743164 | BETA (SCALE): 3.168994665145874
2023-10-11 03:39:53,122 | INFO | hi-lo.gumbel-kernel : BOTTOM-LEFT
tensor([[1.0247e-03, 5.7232e-06, 5.2438e-09],
        [4.9084e-02, 1.0247e-03, 5.7232e-06],
        [8.9875e-01, 4.9084e-02, 1.0247e-03]])
2023-10-11 03:40:01,802 | INFO | hi-lo : END EPOCH:  16 | ACCURACY: 71.88 | LOSS: 1.2033863067626953
2023-10-11 03:40:01,802 | INFO | hi-lo : BEGIN EPOCH 17 =========================================================================
2023-10-11 03:40:01,803 | INFO | hi-lo.kernel-accessor : Fetching kernel: gumbel
2023-10-11 03:40:01,803 | INFO | hi-lo.gumbel-kernel : MU (LOCATION): -0.06848637759685516 | BETA (SCALE): 0.5237081050872803
2023-10-11 03:40:01,804 | INFO | hi-lo.gumbel-kernel : BOTTOM-LEFT
tensor([[1.6106e-27, 0.0000e+00, 0.0000e+00],
        [8.4583e-05, 1.6107e-27, 0.0000e+00],
        [9.9983e-01, 8.4583e-05, 1.6106e-27]])
2023-10-11 03:40:01,804 | INFO | hi-lo.kernel-accessor : Fetching kernel: gumbel
2023-10-11 03:40:01,804 | INFO | hi-lo.gumbel-kernel : MU (LOCATION): -0.6634956002235413 | BETA (SCALE): 1.0093342065811157
2023-10-11 03:40:01,804 | INFO | hi-lo.gumbel-kernel : TOP-LEFT
tensor([[9.9865e-01, 6.7736e-04, 1.0606e-11],
        [6.7736e-04, 1.0606e-11, 5.4017e-32],
        [1.0606e-11, 5.4017e-32, 0.0000e+00]])
2023-10-11 03:40:01,804 | INFO | hi-lo.kernel-accessor : Fetching kernel: gumbel
2023-10-11 03:40:01,805 | INFO | hi-lo.gumbel-kernel : MU (LOCATION): -2.784355878829956 | BETA (SCALE): 3.4005987644195557
2023-10-11 03:40:01,805 | INFO | hi-lo.gumbel-kernel : TOP-LEFT
tensor([[7.7844e-01, 9.9993e-02, 7.0417e-03],
        [9.9993e-02, 7.0417e-03, 2.2137e-04],
        [7.0417e-03, 2.2137e-04, 2.3579e-06]])
2023-10-11 03:40:01,805 | INFO | hi-lo.kernel-accessor : Fetching kernel: gumbel
2023-10-11 03:40:01,805 | INFO | hi-lo.gumbel-kernel : MU (LOCATION): -1.7714009284973145 | BETA (SCALE): 2.028231382369995
2023-10-11 03:40:01,805 | INFO | hi-lo.gumbel-kernel : BOTTOM-LEFT
tensor([[2.3521e-05, 7.9734e-10, 5.2449e-17],
        [1.5304e-02, 2.3521e-05, 7.9734e-10],
        [9.6932e-01, 1.5304e-02, 2.3521e-05]])
2023-10-11 03:40:10,612 | INFO | hi-lo : END EPOCH:  17 | ACCURACY: 61.22 | LOSS: 1.2772834300994873
2023-10-11 03:40:10,612 | INFO | hi-lo : BEGIN EPOCH 18 =========================================================================
2023-10-11 03:40:10,612 | INFO | hi-lo.kernel-accessor : Fetching kernel: gumbel
2023-10-11 03:40:10,613 | INFO | hi-lo.gumbel-kernel : MU (LOCATION): -0.0243925042450428 | BETA (SCALE): 0.4929337799549103
2023-10-11 03:40:10,614 | INFO | hi-lo.gumbel-kernel : BOTTOM-LEFT
tensor([[9.8610e-30, 0.0000e+00, 0.0000e+00],
        [8.9628e-05, 9.8613e-30, 0.0000e+00],
        [9.9982e-01, 8.9628e-05, 9.8610e-30]])
2023-10-11 03:40:10,614 | INFO | hi-lo.kernel-accessor : Fetching kernel: gumbel
2023-10-11 03:40:10,614 | INFO | hi-lo.gumbel-kernel : MU (LOCATION): -0.7088029980659485 | BETA (SCALE): 0.9588852524757385
2023-10-11 03:40:10,615 | INFO | hi-lo.gumbel-kernel : TOP-RIGHT
tensor([[4.6155e-15, 1.1149e-04, 9.9978e-01],
        [0.0000e+00, 4.6155e-15, 1.1149e-04],
        [0.0000e+00, 0.0000e+00, 4.6155e-15]])
2023-10-11 03:40:10,615 | INFO | hi-lo.kernel-accessor : Fetching kernel: gumbel
2023-10-11 03:40:10,615 | INFO | hi-lo.gumbel-kernel : MU (LOCATION): -2.063124179840088 | BETA (SCALE): 2.855677604675293
2023-10-11 03:40:10,616 | INFO | hi-lo.gumbel-kernel : TOP-RIGHT
tensor([[5.3368e-03, 9.4554e-02, 7.9467e-01],
        [1.0451e-04, 5.3368e-03, 9.4554e-02],
        [4.5559e-07, 1.0451e-04, 5.3368e-03]])
2023-10-11 03:40:10,616 | INFO | hi-lo.kernel-accessor : Fetching kernel: gumbel
2023-10-11 03:40:10,616 | INFO | hi-lo.gumbel-kernel : MU (LOCATION): 1 | BETA (SCALE): 1
2023-10-11 03:40:10,617 | INFO | hi-lo.gumbel-kernel : STATIC
tensor([[5.6765e-01, 1.6550e-01, 3.2357e-02],
        [1.6550e-01, 3.2357e-02, 2.1352e-03],
        [3.2357e-02, 2.1352e-03, 7.3562e-06]])
2023-10-11 03:40:19,278 | INFO | hi-lo : END EPOCH:  18 | ACCURACY: 67.97 | LOSS: 1.1450320482254028
2023-10-11 03:40:19,278 | INFO | hi-lo : BEGIN EPOCH 19 =========================================================================
2023-10-11 03:40:19,278 | INFO | hi-lo.kernel-accessor : Fetching kernel: gumbel
2023-10-11 03:40:19,279 | INFO | hi-lo.gumbel-kernel : MU (LOCATION): -0.15288324654102325 | BETA (SCALE): 0.4833366870880127
2023-10-11 03:40:19,279 | INFO | hi-lo.gumbel-kernel : TOP-LEFT
tensor([[1.0000e+00, 2.7972e-07, 0.0000e+00],
        [2.7972e-07, 0.0000e+00, 0.0000e+00],
        [0.0000e+00, 0.0000e+00, 0.0000e+00]])
2023-10-11 03:40:19,280 | INFO | hi-lo.kernel-accessor : Fetching kernel: gumbel
2023-10-11 03:40:19,280 | INFO | hi-lo.gumbel-kernel : MU (LOCATION): -0.674089789390564 | BETA (SCALE): 1.0041124820709229
2023-10-11 03:40:19,281 | INFO | hi-lo.gumbel-kernel : BOTTOM-LEFT
tensor([[4.0712e-12, 2.3472e-33, 0.0000e+00],
        [5.3455e-04, 4.0712e-12, 2.3472e-33],
        [9.9893e-01, 5.3455e-04, 4.0712e-12]])
2023-10-11 03:40:19,281 | INFO | hi-lo.kernel-accessor : Fetching kernel: gumbel
2023-10-11 03:40:19,281 | INFO | hi-lo.gumbel-kernel : MU (LOCATION): -2.5897364616394043 | BETA (SCALE): 3.1766350269317627
2023-10-11 03:40:19,282 | INFO | hi-lo.gumbel-kernel : BOTTOM-RIGHT
tensor([[5.8313e-07, 1.0285e-04, 4.8852e-03],
        [1.0285e-04, 4.8852e-03, 8.9057e-02],
        [4.8852e-03, 8.9057e-02, 8.0702e-01]])
2023-10-11 03:40:19,282 | INFO | hi-lo.kernel-accessor : Fetching kernel: gumbel
2023-10-11 03:40:19,283 | INFO | hi-lo.gumbel-kernel : MU (LOCATION): -2.298959970474243 | BETA (SCALE): 2.2985947132110596
2023-10-11 03:40:19,283 | INFO | hi-lo.gumbel-kernel : TOP-RIGHT
tensor([[1.4435e-05, 1.1260e-02, 9.7744e-01],
        [6.2222e-10, 1.4435e-05, 1.1260e-02],
        [1.4194e-16, 6.2222e-10, 1.4435e-05]])
2023-10-11 03:40:27,869 | INFO | hi-lo : END EPOCH:  19 | ACCURACY: 63.28 | LOSS: 1.292402744293213
2023-10-11 03:40:27,869 | INFO | hi-lo : BEGIN EPOCH 20 =========================================================================
2023-10-11 03:40:27,869 | INFO | hi-lo.kernel-accessor : Fetching kernel: gumbel
2023-10-11 03:40:27,870 | INFO | hi-lo.gumbel-kernel : MU (LOCATION): 1 | BETA (SCALE): 1
2023-10-11 03:40:27,870 | INFO | hi-lo.gumbel-kernel : STATIC
tensor([[5.6765e-01, 1.6550e-01, 3.2357e-02],
        [1.6550e-01, 3.2357e-02, 2.1352e-03],
        [3.2357e-02, 2.1352e-03, 7.3562e-06]])
2023-10-11 03:40:27,870 | INFO | hi-lo.kernel-accessor : Fetching kernel: gumbel
2023-10-11 03:40:27,870 | INFO | hi-lo.gumbel-kernel : MU (LOCATION): -0.7173898220062256 | BETA (SCALE): 0.9914539456367493
2023-10-11 03:40:27,871 | INFO | hi-lo.gumbel-kernel : TOP-RIGHT
tensor([[1.2337e-13, 2.2186e-04, 9.9956e-01],
        [3.0137e-38, 1.2337e-13, 2.2186e-04],
        [0.0000e+00, 3.0137e-38, 1.2337e-13]])
2023-10-11 03:40:27,871 | INFO | hi-lo.kernel-accessor : Fetching kernel: gumbel
2023-10-11 03:40:27,871 | INFO | hi-lo.gumbel-kernel : MU (LOCATION): -2.727402687072754 | BETA (SCALE): 3.160588264465332
2023-10-11 03:40:27,871 | INFO | hi-lo.gumbel-kernel : BOTTOM-RIGHT
tensor([[1.4621e-07, 4.4488e-05, 3.1278e-03],
        [4.4488e-05, 3.1278e-03, 7.5604e-02],
        [3.1278e-03, 7.5604e-02, 8.3932e-01]])
2023-10-11 03:40:27,871 | INFO | hi-lo.kernel-accessor : Fetching kernel: gumbel
2023-10-11 03:40:27,871 | INFO | hi-lo.gumbel-kernel : MU (LOCATION): -1.7311255931854248 | BETA (SCALE): 1.9516397714614868
2023-10-11 03:40:27,872 | INFO | hi-lo.gumbel-kernel : TOP-RIGHT
tensor([[9.3685e-06, 1.1329e-02, 9.7731e-01],
        [9.4412e-11, 9.3685e-06, 1.1329e-02],
        [6.0699e-19, 9.4412e-11, 9.3685e-06]])
2023-10-11 03:40:36,483 | INFO | hi-lo : END EPOCH:  20 | ACCURACY: 70.31 | LOSS: 1.3144408464431763
2023-10-11 03:40:36,483 | INFO | hi-lo : BEGIN EPOCH 21 =========================================================================
2023-10-11 03:40:36,483 | INFO | hi-lo.kernel-accessor : Fetching kernel: gumbel
2023-10-11 03:40:36,484 | INFO | hi-lo.gumbel-kernel : MU (LOCATION): -0.05025705322623253 | BETA (SCALE): 0.5121320486068726
2023-10-11 03:40:36,484 | INFO | hi-lo.gumbel-kernel : TOP-RIGHT
tensor([[3.8668e-28, 9.0400e-05, 9.9982e-01],
        [0.0000e+00, 3.8667e-28, 9.0400e-05],
        [0.0000e+00, 0.0000e+00, 3.8668e-28]])
2023-10-11 03:40:36,485 | INFO | hi-lo.kernel-accessor : Fetching kernel: gumbel
2023-10-11 03:40:36,485 | INFO | hi-lo.gumbel-kernel : MU (LOCATION): 1 | BETA (SCALE): 1
2023-10-11 03:40:36,485 | INFO | hi-lo.gumbel-kernel : STATIC
tensor([[5.6765e-01, 1.6550e-01, 3.2357e-02],
        [1.6550e-01, 3.2357e-02, 2.1352e-03],
        [3.2357e-02, 2.1352e-03, 7.3562e-06]])
