2023-10-10 20:24:23,901 | INFO | hi-lo : 
+=========================================================================+
|  ______     ______   ______    ___         ___        ______   _______  |
| /| ___ \  // ____ \ /| ___ \  /| |        /| |      // ____ \ /| ___  \ |
| /| |//\ \ /| |//| | /| |//\ \ /| |        /| |      /| |//| | /| |//| | |
| /| | /| | /| ____ | /| | /| | /| |        /| |      /| ____ | /| ___  / |
| /| |_// / /| |//| | /| |_// / /| |____    /| |____  /| |//| | /| |//\ \ |
| /|_____/  /|_| /|_| /|_____/  /|______|   /|______| /|_| /|_| /|______/ |
| ///////   ///  ///  //////    ////////    ////////  ///  ///  ////////  |
+=========================================================================+
|                  Hi-Lo Resolution Image Classification                  |
|                  -------------------------------------                  |
|                            Gabriel C. Trahan                            |
|                               Sahan Ahmad                               |
|                            MD  Aminual Islam                            |
+=========================================================================+
| MODEL:                      normal | LR:                            0.1 |
| DISTRO:                     gumbel | KERNEL TYPE:                     1 |
| DATASET:                   cifar10 | BATCH SIZE:                     64 |
+=========================================================================+
2023-10-10 20:24:23,902 | INFO | hi-lo : Output directory: output/gumbel//1/normal/cifar10/20231010_202423
2023-10-10 20:24:23,902 | INFO | hi-lo.dataset-accessor : Fetching dataset: cifar10
2023-10-10 20:24:23,902 | INFO | hi-lo.cifar10-dataset : Initializing transform.
2023-10-10 20:24:23,902 | INFO | hi-lo.cifar10-dataset : Verifying/downloading train data.
2023-10-10 20:24:24,508 | INFO | hi-lo.cifar10-dataset : Verifying/downloading test data.
2023-10-10 20:24:24,995 | INFO | hi-lo.cifar10-dataset : Creating train data loader.
2023-10-10 20:24:24,995 | INFO | hi-lo.cifar10-dataset : Creating test data loader.
2023-10-10 20:24:26,006 | INFO | hi-lo : Using device: NVIDIA GeForce GTX 1060 6GB
2023-10-10 20:24:26,006 | INFO | hi-lo : Commencing training phase...
2023-10-10 20:24:26,006 | INFO | hi-lo : BEGIN EPOCH 1 =========================================================================
2023-10-10 20:24:26,006 | INFO | hi-lo.kernel-accessor : Fetching kernel: gumbel
2023-10-10 20:24:26,007 | INFO | hi-lo.gumbel-kernel : MU (LOCATION): 0.0 | BETA (SCALE): 1.0
2023-10-10 20:24:26,008 | INFO | hi-lo.gumbel-kernel : TOP-LEFT
tensor([[8.8288e-01, 5.8259e-02, 2.0072e-04],
        [5.8259e-02, 2.0072e-04, 2.2609e-10],
        [2.0072e-04, 2.2609e-10, 8.5377e-26]])
2023-10-10 20:24:26,008 | INFO | hi-lo.kernel-accessor : Fetching kernel: gumbel
2023-10-10 20:24:26,008 | INFO | hi-lo.gumbel-kernel : MU (LOCATION): 0.0 | BETA (SCALE): 1.0
2023-10-10 20:24:26,009 | INFO | hi-lo.gumbel-kernel : BOTTOM-RIGHT
tensor([[8.5377e-26, 2.2609e-10, 2.0072e-04],
        [2.2609e-10, 2.0072e-04, 5.8259e-02],
        [2.0072e-04, 5.8259e-02, 8.8288e-01]])
2023-10-10 20:24:26,009 | INFO | hi-lo.kernel-accessor : Fetching kernel: gumbel
2023-10-10 20:24:26,009 | INFO | hi-lo.gumbel-kernel : MU (LOCATION): 0.0 | BETA (SCALE): 1.0
2023-10-10 20:24:26,009 | INFO | hi-lo.gumbel-kernel : TOP-LEFT
tensor([[8.8288e-01, 5.8259e-02, 2.0072e-04],
        [5.8259e-02, 2.0072e-04, 2.2609e-10],
        [2.0072e-04, 2.2609e-10, 8.5377e-26]])
2023-10-10 20:24:26,009 | INFO | hi-lo.kernel-accessor : Fetching kernel: gumbel
2023-10-10 20:24:26,009 | INFO | hi-lo.gumbel-kernel : MU (LOCATION): 0.0 | BETA (SCALE): 1.0
2023-10-10 20:24:26,010 | INFO | hi-lo.gumbel-kernel : TOP-LEFT
tensor([[8.8288e-01, 5.8259e-02, 2.0072e-04],
        [5.8259e-02, 2.0072e-04, 2.2609e-10],
        [2.0072e-04, 2.2609e-10, 8.5377e-26]])
2023-10-10 20:24:35,318 | INFO | hi-lo : END EPOCH:   1 | ACCURACY: 50.35 | LOSS: 1.262732982635498
2023-10-10 20:24:35,318 | INFO | hi-lo : BEGIN EPOCH 2 =========================================================================
2023-10-10 20:24:35,318 | INFO | hi-lo.kernel-accessor : Fetching kernel: gumbel
2023-10-10 20:24:35,319 | INFO | hi-lo.gumbel-kernel : MU (LOCATION): 0.09730267524719238 | BETA (SCALE): 0.5168873071670532
2023-10-10 20:24:35,320 | INFO | hi-lo.gumbel-kernel : TOP-LEFT
tensor([[9.9506e-01, 2.4703e-03, 2.1702e-16],
        [2.4703e-03, 2.1702e-16, 0.0000e+00],
        [2.1702e-16, 0.0000e+00, 0.0000e+00]])
2023-10-10 20:24:35,320 | INFO | hi-lo.kernel-accessor : Fetching kernel: gumbel
2023-10-10 20:24:35,320 | INFO | hi-lo.gumbel-kernel : MU (LOCATION): -0.4438159763813019 | BETA (SCALE): 0.7085033655166626
2023-10-10 20:24:35,321 | INFO | hi-lo.gumbel-kernel : BOTTOM-RIGHT
tensor([[0.0000e+00, 0.0000e+00, 5.2287e-26],
        [0.0000e+00, 5.2287e-26, 4.6978e-06],
        [5.2287e-26, 4.6978e-06, 9.9999e-01]])
2023-10-10 20:24:35,321 | INFO | hi-lo.kernel-accessor : Fetching kernel: gumbel
2023-10-10 20:24:35,321 | INFO | hi-lo.gumbel-kernel : MU (LOCATION): -0.8598788380622864 | BETA (SCALE): 1.2553588151931763
2023-10-10 20:24:35,322 | INFO | hi-lo.gumbel-kernel : BOTTOM-RIGHT
tensor([[9.1407e-42, 1.0506e-18, 4.0439e-08],
        [1.0506e-18, 4.0439e-08, 3.7098e-03],
        [4.0439e-08, 3.7098e-03, 9.9258e-01]])
2023-10-10 20:24:35,322 | INFO | hi-lo.kernel-accessor : Fetching kernel: gumbel
2023-10-10 20:24:35,322 | INFO | hi-lo.gumbel-kernel : MU (LOCATION): -0.7627570629119873 | BETA (SCALE): 0.9506939053535461
2023-10-10 20:24:35,323 | INFO | hi-lo.gumbel-kernel : TOP-LEFT
tensor([[9.9993e-01, 3.2895e-05, 3.4191e-17],
        [3.2895e-05, 3.4191e-17, 0.0000e+00],
        [3.4191e-17, 0.0000e+00, 0.0000e+00]])
2023-10-10 20:24:43,946 | INFO | hi-lo : END EPOCH:   2 | ACCURACY: 54.69 | LOSS: 1.1789079904556274
2023-10-10 20:24:43,947 | INFO | hi-lo : BEGIN EPOCH 3 =========================================================================
2023-10-10 20:24:43,947 | INFO | hi-lo.kernel-accessor : Fetching kernel: gumbel
2023-10-10 20:24:43,948 | INFO | hi-lo.gumbel-kernel : MU (LOCATION): -0.1415954828262329 | BETA (SCALE): 0.5247207880020142
2023-10-10 20:24:43,948 | INFO | hi-lo.gumbel-kernel : BOTTOM-RIGHT
tensor([[0.0000e+00, 0.0000e+00, 2.5071e-35],
        [0.0000e+00, 2.5070e-35, 8.0784e-06],
        [2.5071e-35, 8.0784e-06, 9.9998e-01]])
2023-10-10 20:24:43,948 | INFO | hi-lo.kernel-accessor : Fetching kernel: gumbel
2023-10-10 20:24:43,949 | INFO | hi-lo.gumbel-kernel : MU (LOCATION): -0.5478344559669495 | BETA (SCALE): 0.8372441530227661
2023-10-10 20:24:43,949 | INFO | hi-lo.gumbel-kernel : TOP-LEFT
tensor([[9.9988e-01, 6.0487e-05, 1.1184e-17],
        [6.0487e-05, 1.1184e-17, 0.0000e+00],
        [1.1184e-17, 0.0000e+00, 0.0000e+00]])
2023-10-10 20:24:43,949 | INFO | hi-lo.kernel-accessor : Fetching kernel: gumbel
2023-10-10 20:24:43,950 | INFO | hi-lo.gumbel-kernel : MU (LOCATION): -1.560410976409912 | BETA (SCALE): 1.9625757932662964
2023-10-10 20:24:43,950 | INFO | hi-lo.gumbel-kernel : BOTTOM-RIGHT
tensor([[7.4900e-16, 4.2013e-09, 5.8384e-05],
        [4.2013e-09, 5.8384e-05, 2.2060e-02],
        [5.8384e-05, 2.2060e-02, 9.5571e-01]])
2023-10-10 20:24:43,950 | INFO | hi-lo.kernel-accessor : Fetching kernel: gumbel
2023-10-10 20:24:43,951 | INFO | hi-lo.gumbel-kernel : MU (LOCATION): -1.2141127586364746 | BETA (SCALE): 1.4855412244796753
2023-10-10 20:24:43,951 | INFO | hi-lo.gumbel-kernel : BOTTOM-RIGHT
tensor([[1.4601e-32, 3.7114e-16, 1.2050e-07],
        [3.7114e-16, 1.2050e-07, 3.6800e-03],
        [1.2050e-07, 3.6800e-03, 9.9264e-01]])
2023-10-10 20:24:52,551 | INFO | hi-lo : END EPOCH:   3 | ACCURACY: 53.91 | LOSS: 1.1082475185394287
2023-10-10 20:24:52,551 | INFO | hi-lo : BEGIN EPOCH 4 =========================================================================
2023-10-10 20:24:52,552 | INFO | hi-lo.kernel-accessor : Fetching kernel: gumbel
2023-10-10 20:24:52,552 | INFO | hi-lo.gumbel-kernel : MU (LOCATION): -0.12371881306171417 | BETA (SCALE): 0.518169105052948
2023-10-10 20:24:52,553 | INFO | hi-lo.gumbel-kernel : BOTTOM-RIGHT
tensor([[0.0000e+00, 0.0000e+00, 6.3259e-35],
        [0.0000e+00, 6.3257e-35, 1.0943e-05],
        [6.3259e-35, 1.0943e-05, 9.9998e-01]])
2023-10-10 20:24:52,553 | INFO | hi-lo.kernel-accessor : Fetching kernel: gumbel
2023-10-10 20:24:52,554 | INFO | hi-lo.gumbel-kernel : MU (LOCATION): -0.6712245941162109 | BETA (SCALE): 0.8766385912895203
2023-10-10 20:24:52,554 | INFO | hi-lo.gumbel-kernel : TOP-LEFT
tensor([[9.9997e-01, 1.6931e-05, 2.2591e-19],
        [1.6931e-05, 2.2591e-19, 0.0000e+00],
        [2.2591e-19, 0.0000e+00, 0.0000e+00]])
2023-10-10 20:24:52,554 | INFO | hi-lo.kernel-accessor : Fetching kernel: gumbel
2023-10-10 20:24:52,555 | INFO | hi-lo.gumbel-kernel : MU (LOCATION): -1.6578880548477173 | BETA (SCALE): 2.3016164302825928
2023-10-10 20:24:52,555 | INFO | hi-lo.gumbel-kernel : BOTTOM-RIGHT
tensor([[3.9517e-10, 2.8861e-06, 1.0687e-03],
        [2.8861e-06, 1.0687e-03, 5.7374e-02],
        [1.0687e-03, 5.7374e-02, 8.8204e-01]])
2023-10-10 20:24:52,555 | INFO | hi-lo.kernel-accessor : Fetching kernel: gumbel
2023-10-10 20:24:52,556 | INFO | hi-lo.gumbel-kernel : MU (LOCATION): -1.3061108589172363 | BETA (SCALE): 1.8490827083587646
2023-10-10 20:24:52,556 | INFO | hi-lo.gumbel-kernel : TOP-LEFT
tensor([[9.4205e-01, 2.8814e-02, 1.0645e-04],
        [2.8814e-02, 1.0645e-04, 1.0427e-08],
        [1.0645e-04, 1.0427e-08, 2.0027e-15]])
2023-10-10 20:25:01,048 | INFO | hi-lo : END EPOCH:   4 | ACCURACY: 48.44 | LOSS: 1.6220221519470215
2023-10-10 20:25:01,048 | INFO | hi-lo : BEGIN EPOCH 5 =========================================================================
2023-10-10 20:25:01,049 | INFO | hi-lo.kernel-accessor : Fetching kernel: gumbel
2023-10-10 20:25:01,049 | INFO | hi-lo.gumbel-kernel : MU (LOCATION): -0.1421402543783188 | BETA (SCALE): 0.4932364523410797
2023-10-10 20:25:01,050 | INFO | hi-lo.gumbel-kernel : BOTTOM-RIGHT
tensor([[0.0000e+00, 0.0000e+00, 0.0000e+00],
        [0.0000e+00, 0.0000e+00, 1.0543e-06],
        [0.0000e+00, 1.0543e-06, 1.0000e+00]])
2023-10-10 20:25:01,050 | INFO | hi-lo.kernel-accessor : Fetching kernel: gumbel
2023-10-10 20:25:01,050 | INFO | hi-lo.gumbel-kernel : MU (LOCATION): -0.6809546947479248 | BETA (SCALE): 0.9156432747840881
2023-10-10 20:25:01,050 | INFO | hi-lo.gumbel-kernel : BOTTOM-RIGHT
tensor([[0.0000e+00, 0.0000e+00, 7.9159e-17],
        [0.0000e+00, 7.9159e-17, 5.2358e-05],
        [7.9159e-17, 5.2358e-05, 9.9990e-01]])
2023-10-10 20:25:01,051 | INFO | hi-lo.kernel-accessor : Fetching kernel: gumbel
2023-10-10 20:25:01,051 | INFO | hi-lo.gumbel-kernel : MU (LOCATION): -2.093254566192627 | BETA (SCALE): 2.600144147872925
2023-10-10 20:25:01,051 | INFO | hi-lo.gumbel-kernel : BOTTOM-RIGHT
tensor([[2.1411e-09, 5.3519e-06, 1.2441e-03],
        [5.3519e-06, 1.2441e-03, 5.7414e-02],
        [1.2441e-03, 5.7414e-02, 8.8143e-01]])
2023-10-10 20:25:01,051 | INFO | hi-lo.kernel-accessor : Fetching kernel: gumbel
2023-10-10 20:25:01,052 | INFO | hi-lo.gumbel-kernel : MU (LOCATION): -1.5668978691101074 | BETA (SCALE): 1.9831712245941162
2023-10-10 20:25:01,052 | INFO | hi-lo.gumbel-kernel : BOTTOM-RIGHT
tensor([[2.3025e-15, 7.2138e-09, 7.3825e-05],
        [7.2138e-09, 7.3825e-05, 2.3815e-02],
        [7.3825e-05, 2.3815e-02, 9.5215e-01]])
2023-10-10 20:25:09,505 | INFO | hi-lo : END EPOCH:   5 | ACCURACY: 58.91 | LOSS: 1.4132602214813232
2023-10-10 20:25:09,505 | INFO | hi-lo : BEGIN EPOCH 6 =========================================================================
2023-10-10 20:25:09,505 | INFO | hi-lo.kernel-accessor : Fetching kernel: gumbel
2023-10-10 20:25:09,506 | INFO | hi-lo.gumbel-kernel : MU (LOCATION): 0.06965047121047974 | BETA (SCALE): 0.5044550895690918
2023-10-10 20:25:09,507 | INFO | hi-lo.gumbel-kernel : BOTTOM-RIGHT
tensor([[0.0000e+00, 0.0000e+00, 1.7413e-19],
        [0.0000e+00, 1.7413e-19, 1.1898e-03],
        [1.7413e-19, 1.1898e-03, 9.9762e-01]])
2023-10-10 20:25:09,507 | INFO | hi-lo.kernel-accessor : Fetching kernel: gumbel
2023-10-10 20:25:09,507 | INFO | hi-lo.gumbel-kernel : MU (LOCATION): -0.7236144542694092 | BETA (SCALE): 0.8730592727661133
2023-10-10 20:25:09,508 | INFO | hi-lo.gumbel-kernel : BOTTOM-RIGHT
tensor([[0.0000e+00, 0.0000e+00, 5.8022e-22],
        [0.0000e+00, 5.8022e-22, 4.1462e-06],
        [5.8022e-22, 4.1462e-06, 9.9999e-01]])
2023-10-10 20:25:09,508 | INFO | hi-lo.kernel-accessor : Fetching kernel: gumbel
2023-10-10 20:25:09,508 | INFO | hi-lo.gumbel-kernel : MU (LOCATION): -1.420424222946167 | BETA (SCALE): 2.103290557861328
2023-10-10 20:25:09,509 | INFO | hi-lo.gumbel-kernel : TOP-LEFT
tensor([[8.9196e-01, 5.2893e-02, 7.5035e-04],
        [5.2893e-02, 7.5035e-04, 1.0661e-06],
        [7.5035e-04, 1.0661e-06, 3.7386e-11]])
2023-10-10 20:25:09,509 | INFO | hi-lo.kernel-accessor : Fetching kernel: gumbel
2023-10-10 20:25:09,510 | INFO | hi-lo.gumbel-kernel : MU (LOCATION): -2.4581916332244873 | BETA (SCALE): 2.5698206424713135
2023-10-10 20:25:09,510 | INFO | hi-lo.gumbel-kernel : BOTTOM-RIGHT
tensor([[1.9544e-12, 9.0677e-08, 1.4935e-04],
        [9.0677e-08, 1.4935e-04, 2.5612e-02],
        [1.4935e-04, 2.5612e-02, 9.4833e-01]])
2023-10-10 20:25:18,011 | INFO | hi-lo : END EPOCH:   6 | ACCURACY: 55.0 | LOSS: 1.2850092649459839
2023-10-10 20:25:18,012 | INFO | hi-lo : BEGIN EPOCH 7 =========================================================================
2023-10-10 20:25:18,012 | INFO | hi-lo.kernel-accessor : Fetching kernel: gumbel
2023-10-10 20:25:18,013 | INFO | hi-lo.gumbel-kernel : MU (LOCATION): -0.04820163547992706 | BETA (SCALE): 0.42833927273750305
2023-10-10 20:25:18,013 | INFO | hi-lo.gumbel-kernel : BOTTOM-RIGHT
tensor([[0.0000e+00, 0.0000e+00, 0.0000e+00],
        [0.0000e+00, 0.0000e+00, 8.2027e-07],
        [0.0000e+00, 8.2027e-07, 1.0000e+00]])
2023-10-10 20:25:18,013 | INFO | hi-lo.kernel-accessor : Fetching kernel: gumbel
2023-10-10 20:25:18,014 | INFO | hi-lo.gumbel-kernel : MU (LOCATION): -0.7241742014884949 | BETA (SCALE): 0.7766451835632324
2023-10-10 20:25:18,014 | INFO | hi-lo.gumbel-kernel : BOTTOM-RIGHT
tensor([[0.0000e+00, 0.0000e+00, 7.3398e-36],
        [0.0000e+00, 7.3398e-36, 1.2147e-08],
        [7.3398e-36, 1.2147e-08, 1.0000e+00]])
2023-10-10 20:25:18,014 | INFO | hi-lo.kernel-accessor : Fetching kernel: gumbel
2023-10-10 20:25:18,015 | INFO | hi-lo.gumbel-kernel : MU (LOCATION): -1.3507744073867798 | BETA (SCALE): 2.1630473136901855
2023-10-10 20:25:18,015 | INFO | hi-lo.gumbel-kernel : TOP-LEFT
tensor([[8.5601e-01, 6.9456e-02, 1.6899e-03],
        [6.9456e-02, 1.6899e-03, 6.0746e-06],
        [1.6899e-03, 6.0746e-06, 1.0484e-09]])
2023-10-10 20:25:18,015 | INFO | hi-lo.kernel-accessor : Fetching kernel: gumbel
2023-10-10 20:25:18,016 | INFO | hi-lo.gumbel-kernel : MU (LOCATION): -1.9579025506973267 | BETA (SCALE): 2.457423210144043
2023-10-10 20:25:18,016 | INFO | hi-lo.gumbel-kernel : BOTTOM-RIGHT
tensor([[3.1649e-10, 2.0662e-06, 8.1989e-04],
        [2.0662e-06, 8.1989e-04, 5.0429e-02],
        [8.1989e-04, 5.0429e-02, 8.9668e-01]])
2023-10-10 20:25:26,444 | INFO | hi-lo : END EPOCH:   7 | ACCURACY: 59.38 | LOSS: 1.173385739326477
2023-10-10 20:25:26,444 | INFO | hi-lo : BEGIN EPOCH 8 =========================================================================
2023-10-10 20:25:26,444 | INFO | hi-lo.kernel-accessor : Fetching kernel: gumbel
2023-10-10 20:25:26,445 | INFO | hi-lo.gumbel-kernel : MU (LOCATION): -0.04468681663274765 | BETA (SCALE): 0.5334711074829102
2023-10-10 20:25:26,445 | INFO | hi-lo.gumbel-kernel : TOP-LEFT
tensor([[9.9955e-01, 2.2510e-04, 1.1792e-23],
        [2.2510e-04, 1.1792e-23, 0.0000e+00],
        [1.1792e-23, 0.0000e+00, 0.0000e+00]])
2023-10-10 20:25:26,445 | INFO | hi-lo.kernel-accessor : Fetching kernel: gumbel
2023-10-10 20:25:26,446 | INFO | hi-lo.gumbel-kernel : MU (LOCATION): -0.7438581585884094 | BETA (SCALE): 0.8857333660125732
2023-10-10 20:25:26,446 | INFO | hi-lo.gumbel-kernel : TOP-LEFT
tensor([[9.9999e-01, 4.3172e-06, 1.1753e-21],
        [4.3172e-06, 1.1753e-21, 0.0000e+00],
        [1.1753e-21, 0.0000e+00, 0.0000e+00]])
2023-10-10 20:25:26,446 | INFO | hi-lo.kernel-accessor : Fetching kernel: gumbel
2023-10-10 20:25:26,447 | INFO | hi-lo.gumbel-kernel : MU (LOCATION): -1.7347068786621094 | BETA (SCALE): 2.5287744998931885
2023-10-10 20:25:26,447 | INFO | hi-lo.gumbel-kernel : BOTTOM-RIGHT
tensor([[4.1071e-08, 3.2040e-05, 3.2307e-03],
        [3.2040e-05, 3.2307e-03, 8.2144e-02],
        [3.2307e-03, 8.2144e-02, 8.2596e-01]])
2023-10-10 20:25:26,447 | INFO | hi-lo.kernel-accessor : Fetching kernel: gumbel
2023-10-10 20:25:26,448 | INFO | hi-lo.gumbel-kernel : MU (LOCATION): -2.277134418487549 | BETA (SCALE): 2.625365972518921
2023-10-10 20:25:26,448 | INFO | hi-lo.gumbel-kernel : BOTTOM-RIGHT
tensor([[2.9089e-10, 1.6091e-06, 6.5509e-04],
        [1.6091e-06, 6.5509e-04, 4.4850e-02],
        [6.5509e-04, 4.4850e-02, 9.0833e-01]])
2023-10-10 20:25:34,956 | INFO | hi-lo : END EPOCH:   8 | ACCURACY: 58.44 | LOSS: 1.583258867263794
2023-10-10 20:25:34,957 | INFO | hi-lo : BEGIN EPOCH 9 =========================================================================
2023-10-10 20:25:34,957 | INFO | hi-lo.kernel-accessor : Fetching kernel: gumbel
2023-10-10 20:25:34,957 | INFO | hi-lo.gumbel-kernel : MU (LOCATION): 0.010346317663788795 | BETA (SCALE): 0.4679737687110901
2023-10-10 20:25:34,958 | INFO | hi-lo.gumbel-kernel : TOP-LEFT
tensor([[9.9981e-01, 9.2647e-05, 5.3700e-32],
        [9.2647e-05, 5.3700e-32, 0.0000e+00],
        [5.3700e-32, 0.0000e+00, 0.0000e+00]])
2023-10-10 20:25:34,958 | INFO | hi-lo.kernel-accessor : Fetching kernel: gumbel
2023-10-10 20:25:34,959 | INFO | hi-lo.gumbel-kernel : MU (LOCATION): -0.677571177482605 | BETA (SCALE): 0.8936044573783875
2023-10-10 20:25:34,959 | INFO | hi-lo.gumbel-kernel : TOP-LEFT
tensor([[9.9995e-01, 2.7155e-05, 2.8482e-18],
        [2.7155e-05, 2.8483e-18, 0.0000e+00],
        [2.8482e-18, 0.0000e+00, 0.0000e+00]])
2023-10-10 20:25:34,959 | INFO | hi-lo.kernel-accessor : Fetching kernel: gumbel
2023-10-10 20:25:34,960 | INFO | hi-lo.gumbel-kernel : MU (LOCATION): -1.9171996116638184 | BETA (SCALE): 2.733883857727051
2023-10-10 20:25:34,960 | INFO | hi-lo.gumbel-kernel : BOTTOM-RIGHT
tensor([[2.5543e-07, 7.9886e-05, 4.8078e-03],
        [7.9886e-05, 4.8078e-03, 9.2248e-02],
        [4.8078e-03, 9.2248e-02, 8.0092e-01]])
2023-10-10 20:25:34,960 | INFO | hi-lo.kernel-accessor : Fetching kernel: gumbel
2023-10-10 20:25:34,961 | INFO | hi-lo.gumbel-kernel : MU (LOCATION): -1.9602537155151367 | BETA (SCALE): 2.2032177448272705
2023-10-10 20:25:34,961 | INFO | hi-lo.gumbel-kernel : BOTTOM-RIGHT
tensor([[8.9674e-15, 8.3110e-09, 6.0471e-05],
        [8.3110e-09, 6.0471e-05, 2.0248e-02],
        [6.0471e-05, 2.0248e-02, 9.5932e-01]])
2023-10-10 20:25:43,477 | INFO | hi-lo : END EPOCH:   9 | ACCURACY: 57.03 | LOSS: 1.392245888710022
2023-10-10 20:25:43,477 | INFO | hi-lo : BEGIN EPOCH 10 =========================================================================
2023-10-10 20:25:43,477 | INFO | hi-lo.kernel-accessor : Fetching kernel: gumbel
2023-10-10 20:25:43,478 | INFO | hi-lo.gumbel-kernel : MU (LOCATION): -0.021802058443427086 | BETA (SCALE): 0.47315287590026855
2023-10-10 20:25:43,478 | INFO | hi-lo.gumbel-kernel : TOP-LEFT
tensor([[9.9992e-01, 4.1365e-05, 1.0355e-34],
        [4.1365e-05, 1.0355e-34, 0.0000e+00],
        [1.0355e-34, 0.0000e+00, 0.0000e+00]])
2023-10-10 20:25:43,479 | INFO | hi-lo.kernel-accessor : Fetching kernel: gumbel
2023-10-10 20:25:43,479 | INFO | hi-lo.gumbel-kernel : MU (LOCATION): -0.7512673139572144 | BETA (SCALE): 0.8018931746482849
2023-10-10 20:25:43,480 | INFO | hi-lo.gumbel-kernel : BOTTOM-RIGHT
tensor([[0.0000e+00, 0.0000e+00, 3.0997e-33],
        [0.0000e+00, 3.0997e-33, 2.7790e-08],
        [3.0997e-33, 2.7790e-08, 1.0000e+00]])
2023-10-10 20:25:43,480 | INFO | hi-lo.kernel-accessor : Fetching kernel: gumbel
2023-10-10 20:25:43,480 | INFO | hi-lo.gumbel-kernel : MU (LOCATION): -1.6474223136901855 | BETA (SCALE): 2.4823107719421387
2023-10-10 20:25:43,481 | INFO | hi-lo.gumbel-kernel : TOP-LEFT
tensor([[8.2065e-01, 8.4482e-02, 3.4382e-03],
        [8.4482e-02, 3.4382e-03, 3.4908e-05],
        [3.4382e-03, 3.4908e-05, 4.4403e-08]])
2023-10-10 20:25:43,481 | INFO | hi-lo.kernel-accessor : Fetching kernel: gumbel
2023-10-10 20:25:43,481 | INFO | hi-lo.gumbel-kernel : MU (LOCATION): -1.6273138523101807 | BETA (SCALE): 1.9359697103500366
2023-10-10 20:25:43,482 | INFO | hi-lo.gumbel-kernel : TOP-LEFT
tensor([[9.6934e-01, 1.5298e-02, 2.0703e-05],
        [1.5298e-02, 2.0703e-05, 4.5641e-10],
        [2.0703e-05, 4.5641e-10, 1.0127e-17]])
2023-10-10 20:25:51,981 | INFO | hi-lo : END EPOCH:  10 | ACCURACY: 67.97 | LOSS: 1.2105258703231812
2023-10-10 20:25:51,981 | INFO | hi-lo : BEGIN EPOCH 11 =========================================================================
2023-10-10 20:25:51,981 | INFO | hi-lo.kernel-accessor : Fetching kernel: gumbel
2023-10-10 20:25:51,982 | INFO | hi-lo.gumbel-kernel : MU (LOCATION): 0.006353260483592749 | BETA (SCALE): 0.4983632266521454
2023-10-10 20:25:51,983 | INFO | hi-lo.gumbel-kernel : TOP-LEFT
tensor([[9.9949e-01, 2.5284e-04, 1.8190e-25],
        [2.5284e-04, 1.8190e-25, 0.0000e+00],
        [1.8190e-25, 0.0000e+00, 0.0000e+00]])
2023-10-10 20:25:51,983 | INFO | hi-lo.kernel-accessor : Fetching kernel: gumbel
2023-10-10 20:25:51,983 | INFO | hi-lo.gumbel-kernel : MU (LOCATION): -0.774139404296875 | BETA (SCALE): 0.902273952960968
2023-10-10 20:25:51,984 | INFO | hi-lo.gumbel-kernel : BOTTOM-RIGHT
tensor([[0.0000e+00, 0.0000e+00, 1.9357e-21],
        [0.0000e+00, 1.9357e-21, 4.1387e-06],
        [1.9357e-21, 4.1387e-06, 9.9999e-01]])
2023-10-10 20:25:51,984 | INFO | hi-lo.kernel-accessor : Fetching kernel: gumbel
2023-10-10 20:25:51,984 | INFO | hi-lo.gumbel-kernel : MU (LOCATION): -1.7591568231582642 | BETA (SCALE): 2.7538492679595947
2023-10-10 20:25:51,985 | INFO | hi-lo.gumbel-kernel : TOP-LEFT
tensor([[7.5688e-01, 1.0942e-01, 7.9516e-03],
        [1.0942e-01, 7.9516e-03, 2.1495e-04],
        [7.9516e-03, 2.1495e-04, 1.4020e-06]])
2023-10-10 20:25:51,985 | INFO | hi-lo.kernel-accessor : Fetching kernel: gumbel
2023-10-10 20:25:51,985 | INFO | hi-lo.gumbel-kernel : MU (LOCATION): -2.468444347381592 | BETA (SCALE): 2.709904909133911
2023-10-10 20:25:51,986 | INFO | hi-lo.gumbel-kernel : TOP-LEFT
tensor([[9.1807e-01, 4.0195e-02, 5.1355e-04],
        [4.0195e-02, 5.1355e-04, 1.1051e-06],
        [5.1355e-04, 1.1051e-06, 1.8086e-10]])
2023-10-10 20:26:00,485 | INFO | hi-lo : END EPOCH:  11 | ACCURACY: 62.5 | LOSS: 1.4995042085647583
2023-10-10 20:26:00,485 | INFO | hi-lo : BEGIN EPOCH 12 =========================================================================
2023-10-10 20:26:00,485 | INFO | hi-lo.kernel-accessor : Fetching kernel: gumbel
2023-10-10 20:26:00,486 | INFO | hi-lo.gumbel-kernel : MU (LOCATION): 0.05557120963931084 | BETA (SCALE): 0.5246754288673401
2023-10-10 20:26:00,487 | INFO | hi-lo.gumbel-kernel : TOP-LEFT
tensor([[9.9712e-01, 1.4423e-03, 6.3016e-18],
        [1.4423e-03, 6.3016e-18, 0.0000e+00],
        [6.3016e-18, 0.0000e+00, 0.0000e+00]])
2023-10-10 20:26:00,487 | INFO | hi-lo.kernel-accessor : Fetching kernel: gumbel
2023-10-10 20:26:00,487 | INFO | hi-lo.gumbel-kernel : MU (LOCATION): -0.757421612739563 | BETA (SCALE): 0.9324765801429749
2023-10-10 20:26:00,488 | INFO | hi-lo.gumbel-kernel : BOTTOM-RIGHT
tensor([[0.0000e+00, 0.0000e+00, 2.7879e-18],
        [0.0000e+00, 2.7879e-18, 1.9781e-05],
        [2.7879e-18, 1.9781e-05, 9.9996e-01]])
2023-10-10 20:26:00,488 | INFO | hi-lo.kernel-accessor : Fetching kernel: gumbel
2023-10-10 20:26:00,488 | INFO | hi-lo.gumbel-kernel : MU (LOCATION): -2.105558395385742 | BETA (SCALE): 2.6963908672332764
2023-10-10 20:26:00,489 | INFO | hi-lo.gumbel-kernel : TOP-LEFT
tensor([[8.5476e-01, 6.9375e-02, 2.1537e-03],
        [6.9375e-02, 2.1537e-03, 1.6612e-05],
        [2.1537e-03, 1.6612e-05, 1.7036e-08]])
2023-10-10 20:26:00,489 | INFO | hi-lo.kernel-accessor : Fetching kernel: gumbel
2023-10-10 20:26:00,489 | INFO | hi-lo.gumbel-kernel : MU (LOCATION): -1.8505966663360596 | BETA (SCALE): 2.243678092956543
2023-10-10 20:26:00,490 | INFO | hi-lo.gumbel-kernel : TOP-LEFT
tensor([[9.3496e-01, 3.2196e-02, 2.1474e-04],
        [3.2196e-02, 2.1474e-04, 1.1036e-07],
        [2.1474e-04, 1.1036e-07, 1.0358e-12]])
2023-10-10 20:26:08,978 | INFO | hi-lo : END EPOCH:  12 | ACCURACY: 56.49 | LOSS: 1.4715765714645386
2023-10-10 20:26:08,978 | INFO | hi-lo : BEGIN EPOCH 13 =========================================================================
2023-10-10 20:26:08,978 | INFO | hi-lo.kernel-accessor : Fetching kernel: gumbel
2023-10-10 20:26:08,979 | INFO | hi-lo.gumbel-kernel : MU (LOCATION): -0.0406217947602272 | BETA (SCALE): 0.48049184679985046
2023-10-10 20:26:08,979 | INFO | hi-lo.gumbel-kernel : TOP-LEFT
tensor([[9.9994e-01, 3.0816e-05, 4.7352e-35],
        [3.0816e-05, 4.7352e-35, 0.0000e+00],
        [4.7352e-35, 0.0000e+00, 0.0000e+00]])
2023-10-10 20:26:08,980 | INFO | hi-lo.kernel-accessor : Fetching kernel: gumbel
2023-10-10 20:26:08,980 | INFO | hi-lo.gumbel-kernel : MU (LOCATION): -0.731168270111084 | BETA (SCALE): 0.9804682731628418
2023-10-10 20:26:08,981 | INFO | hi-lo.gumbel-kernel : TOP-LEFT
tensor([[9.9973e-01, 1.3658e-04, 1.6016e-14],
        [1.3658e-04, 1.6016e-14, 2.8043e-41],
        [1.6016e-14, 2.8043e-41, 0.0000e+00]])
2023-10-10 20:26:08,981 | INFO | hi-lo.kernel-accessor : Fetching kernel: gumbel
2023-10-10 20:26:08,981 | INFO | hi-lo.gumbel-kernel : MU (LOCATION): -2.0721347332000732 | BETA (SCALE): 3.319509267807007
2023-10-10 20:26:08,982 | INFO | hi-lo.gumbel-kernel : BOTTOM-RIGHT
tensor([[5.6863e-05, 1.5822e-03, 2.0044e-02],
        [1.5822e-03, 2.0044e-02, 1.4188e-01],
        [2.0044e-02, 1.4188e-01, 6.5288e-01]])
2023-10-10 20:26:08,982 | INFO | hi-lo.kernel-accessor : Fetching kernel: gumbel
2023-10-10 20:26:08,982 | INFO | hi-lo.gumbel-kernel : MU (LOCATION): -1.8996548652648926 | BETA (SCALE): 2.269139051437378
2023-10-10 20:26:08,983 | INFO | hi-lo.gumbel-kernel : TOP-LEFT
tensor([[9.3658e-01, 3.1404e-02, 2.0503e-04],
        [3.1404e-02, 2.0503e-04, 1.0532e-07],
        [2.0503e-04, 1.0532e-07, 1.0415e-12]])
2023-10-10 20:26:17,487 | INFO | hi-lo : END EPOCH:  13 | ACCURACY: 64.84 | LOSS: 1.165074348449707
2023-10-10 20:26:17,487 | INFO | hi-lo : BEGIN EPOCH 14 =========================================================================
2023-10-10 20:26:17,488 | INFO | hi-lo.kernel-accessor : Fetching kernel: gumbel
2023-10-10 20:26:17,488 | INFO | hi-lo.gumbel-kernel : MU (LOCATION): -0.0076178088784217834 | BETA (SCALE): 0.500128448009491
2023-10-10 20:26:17,489 | INFO | hi-lo.gumbel-kernel : BOTTOM-RIGHT
tensor([[0.0000e+00, 0.0000e+00, 1.9535e-26],
        [0.0000e+00, 1.9535e-26, 1.8733e-04],
        [1.9535e-26, 1.8733e-04, 9.9963e-01]])
2023-10-10 20:26:17,489 | INFO | hi-lo.kernel-accessor : Fetching kernel: gumbel
2023-10-10 20:26:17,490 | INFO | hi-lo.gumbel-kernel : MU (LOCATION): -0.6913753151893616 | BETA (SCALE): 0.8793538808822632
2023-10-10 20:26:17,490 | INFO | hi-lo.gumbel-kernel : BOTTOM-RIGHT
tensor([[0.0000e+00, 0.0000e+00, 5.7551e-20],
        [0.0000e+00, 5.7551e-20, 1.1853e-05],
        [5.7551e-20, 1.1853e-05, 9.9998e-01]])
2023-10-10 20:26:17,490 | INFO | hi-lo.kernel-accessor : Fetching kernel: gumbel
2023-10-10 20:26:17,491 | INFO | hi-lo.gumbel-kernel : MU (LOCATION): -1.6842732429504395 | BETA (SCALE): 2.657728672027588
2023-10-10 20:26:17,491 | INFO | hi-lo.gumbel-kernel : BOTTOM-RIGHT
tensor([[6.7246e-07, 1.4785e-04, 6.7420e-03],
        [1.4785e-04, 6.7420e-03, 1.0442e-01],
        [6.7420e-03, 1.0442e-01, 7.7064e-01]])
2023-10-10 20:26:17,491 | INFO | hi-lo.kernel-accessor : Fetching kernel: gumbel
2023-10-10 20:26:17,492 | INFO | hi-lo.gumbel-kernel : MU (LOCATION): -2.2172412872314453 | BETA (SCALE): 2.5613794326782227
2023-10-10 20:26:17,492 | INFO | hi-lo.gumbel-kernel : BOTTOM-RIGHT
tensor([[1.1065e-10, 9.8327e-07, 5.2466e-04],
        [9.8327e-07, 5.2466e-04, 4.1724e-02],
        [5.2466e-04, 4.1724e-02, 9.1498e-01]])
2023-10-10 20:26:26,047 | INFO | hi-lo : END EPOCH:  14 | ACCURACY: 67.19 | LOSS: 1.162125587463379
2023-10-10 20:26:26,047 | INFO | hi-lo : BEGIN EPOCH 15 =========================================================================
2023-10-10 20:26:26,047 | INFO | hi-lo.kernel-accessor : Fetching kernel: gumbel
2023-10-10 20:26:26,048 | INFO | hi-lo.gumbel-kernel : MU (LOCATION): 0.01157818641513586 | BETA (SCALE): 0.5566968321800232
2023-10-10 20:26:26,049 | INFO | hi-lo.gumbel-kernel : TOP-LEFT
tensor([[9.9734e-01, 1.3314e-03, 5.2537e-17],
        [1.3314e-03, 5.2537e-17, 0.0000e+00],
        [5.2537e-17, 0.0000e+00, 0.0000e+00]])
2023-10-10 20:26:26,049 | INFO | hi-lo.kernel-accessor : Fetching kernel: gumbel
2023-10-10 20:26:26,049 | INFO | hi-lo.gumbel-kernel : MU (LOCATION): -0.6449860334396362 | BETA (SCALE): 1.0406289100646973
2023-10-10 20:26:26,050 | INFO | hi-lo.gumbel-kernel : BOTTOM-RIGHT
tensor([[0.0000e+00, 2.7904e-27, 2.5825e-10],
        [2.7904e-27, 2.5826e-10, 1.4449e-03],
        [2.5825e-10, 1.4449e-03, 9.9711e-01]])
2023-10-10 20:26:26,050 | INFO | hi-lo.kernel-accessor : Fetching kernel: gumbel
2023-10-10 20:26:26,050 | INFO | hi-lo.gumbel-kernel : MU (LOCATION): -2.464810371398926 | BETA (SCALE): 3.3099801540374756
2023-10-10 20:26:26,051 | INFO | hi-lo.gumbel-kernel : BOTTOM-RIGHT
tensor([[6.6373e-06, 4.3100e-04, 1.0199e-02],
        [4.3100e-04, 1.0199e-02, 1.1444e-01],
        [1.0199e-02, 1.1444e-01, 7.3965e-01]])
2023-10-10 20:26:26,051 | INFO | hi-lo.kernel-accessor : Fetching kernel: gumbel
2023-10-10 20:26:26,051 | INFO | hi-lo.gumbel-kernel : MU (LOCATION): -1.9575254917144775 | BETA (SCALE): 2.226738929748535
2023-10-10 20:26:26,052 | INFO | hi-lo.gumbel-kernel : TOP-LEFT
tensor([[9.5433e-01, 2.2712e-02, 8.3766e-05],
        [2.2712e-02, 8.3766e-05, 1.6639e-08],
        [8.3766e-05, 1.6639e-08, 3.3976e-14]])
2023-10-10 20:26:34,564 | INFO | hi-lo : END EPOCH:  15 | ACCURACY: 68.75 | LOSS: 1.645229458808899
2023-10-10 20:26:34,564 | INFO | hi-lo : BEGIN EPOCH 16 =========================================================================
2023-10-10 20:26:34,565 | INFO | hi-lo.kernel-accessor : Fetching kernel: gumbel
2023-10-10 20:26:34,565 | INFO | hi-lo.gumbel-kernel : MU (LOCATION): -0.10480956733226776 | BETA (SCALE): 0.5102723836898804
2023-10-10 20:26:34,566 | INFO | hi-lo.gumbel-kernel : TOP-LEFT
tensor([[9.9997e-01, 1.4305e-05, 9.1515e-35],
        [1.4305e-05, 9.1515e-35, 0.0000e+00],
        [9.1515e-35, 0.0000e+00, 0.0000e+00]])
2023-10-10 20:26:34,566 | INFO | hi-lo.kernel-accessor : Fetching kernel: gumbel
2023-10-10 20:26:34,567 | INFO | hi-lo.gumbel-kernel : MU (LOCATION): -0.6555926203727722 | BETA (SCALE): 1.0042972564697266
2023-10-10 20:26:34,567 | INFO | hi-lo.gumbel-kernel : BOTTOM-RIGHT
tensor([[0.0000e+00, 3.3786e-32, 9.9357e-12],
        [3.3786e-32, 9.9357e-12, 6.7934e-04],
        [9.9357e-12, 6.7934e-04, 9.9864e-01]])
2023-10-10 20:26:34,567 | INFO | hi-lo.kernel-accessor : Fetching kernel: gumbel
2023-10-10 20:26:34,568 | INFO | hi-lo.gumbel-kernel : MU (LOCATION): -2.9287259578704834 | BETA (SCALE): 3.535423755645752
2023-10-10 20:26:34,568 | INFO | hi-lo.gumbel-kernel : BOTTOM-RIGHT
tensor([[4.0939e-06, 2.9775e-04, 8.0752e-03],
        [2.9775e-04, 8.0752e-03, 1.0414e-01],
        [8.0752e-03, 1.0414e-01, 7.6690e-01]])
2023-10-10 20:26:34,568 | INFO | hi-lo.kernel-accessor : Fetching kernel: gumbel
2023-10-10 20:26:34,569 | INFO | hi-lo.gumbel-kernel : MU (LOCATION): -1.844626784324646 | BETA (SCALE): 2.2836809158325195
2023-10-10 20:26:34,569 | INFO | hi-lo.gumbel-kernel : TOP-LEFT
tensor([[9.2381e-01, 3.7592e-02, 3.3505e-04],
        [3.7592e-02, 3.3505e-04, 2.8397e-07],
        [3.3505e-04, 2.8397e-07, 6.2830e-12]])
2023-10-10 20:26:43,142 | INFO | hi-lo : END EPOCH:  16 | ACCURACY: 60.94 | LOSS: 1.1708768606185913
2023-10-10 20:26:43,143 | INFO | hi-lo : BEGIN EPOCH 17 =========================================================================
2023-10-10 20:26:43,143 | INFO | hi-lo.kernel-accessor : Fetching kernel: gumbel
2023-10-10 20:26:43,143 | INFO | hi-lo.gumbel-kernel : MU (LOCATION): -0.014399969950318336 | BETA (SCALE): 0.48193496465682983
2023-10-10 20:26:43,144 | INFO | hi-lo.gumbel-kernel : TOP-LEFT
tensor([[9.9985e-01, 7.7264e-05, 2.6000e-31],
        [7.7264e-05, 2.6000e-31, 0.0000e+00],
        [2.6000e-31, 0.0000e+00, 0.0000e+00]])
2023-10-10 20:26:43,144 | INFO | hi-lo.kernel-accessor : Fetching kernel: gumbel
2023-10-10 20:26:43,145 | INFO | hi-lo.gumbel-kernel : MU (LOCATION): -0.6868190765380859 | BETA (SCALE): 0.9405590295791626
2023-10-10 20:26:43,145 | INFO | hi-lo.gumbel-kernel : TOP-LEFT
tensor([[9.9980e-01, 9.8103e-05, 1.8225e-15],
        [9.8103e-05, 1.8225e-15, 0.0000e+00],
        [1.8225e-15, 0.0000e+00, 0.0000e+00]])
2023-10-10 20:26:43,145 | INFO | hi-lo.kernel-accessor : Fetching kernel: gumbel
2023-10-10 20:26:43,146 | INFO | hi-lo.gumbel-kernel : MU (LOCATION): -2.3448801040649414 | BETA (SCALE): 3.085761308670044
2023-10-10 20:26:43,146 | INFO | hi-lo.gumbel-kernel : TOP-LEFT
tensor([[7.8363e-01, 9.8515e-02, 6.3397e-03],
        [9.8515e-02, 6.3397e-03, 1.6162e-04],
        [6.3397e-03, 1.6162e-04, 1.1451e-06]])
2023-10-10 20:26:43,146 | INFO | hi-lo.kernel-accessor : Fetching kernel: gumbel
2023-10-10 20:26:43,147 | INFO | hi-lo.gumbel-kernel : MU (LOCATION): -2.208461284637451 | BETA (SCALE): 2.5618276596069336
2023-10-10 20:26:43,147 | INFO | hi-lo.gumbel-kernel : TOP-LEFT
tensor([[9.1337e-01, 4.2487e-02, 5.5030e-04],
        [4.2487e-02, 5.5030e-04, 1.0778e-06],
        [5.5030e-04, 1.0778e-06, 1.2953e-10]])
2023-10-10 20:26:51,660 | INFO | hi-lo : END EPOCH:  17 | ACCURACY: 61.61 | LOSS: 1.0100793838500977
2023-10-10 20:26:51,660 | INFO | hi-lo : BEGIN EPOCH 18 =========================================================================
2023-10-10 20:26:51,660 | INFO | hi-lo.kernel-accessor : Fetching kernel: gumbel
2023-10-10 20:26:51,661 | INFO | hi-lo.gumbel-kernel : MU (LOCATION): -0.059836775064468384 | BETA (SCALE): 0.4869435727596283
2023-10-10 20:26:51,662 | INFO | hi-lo.gumbel-kernel : TOP-LEFT
tensor([[9.9996e-01, 2.1592e-05, 1.0504e-35],
        [2.1592e-05, 1.0505e-35, 0.0000e+00],
        [1.0504e-35, 0.0000e+00, 0.0000e+00]])
2023-10-10 20:26:51,662 | INFO | hi-lo.kernel-accessor : Fetching kernel: gumbel
2023-10-10 20:26:51,662 | INFO | hi-lo.gumbel-kernel : MU (LOCATION): -0.704397439956665 | BETA (SCALE): 0.8909136056900024
2023-10-10 20:26:51,663 | INFO | hi-lo.gumbel-kernel : TOP-LEFT
tensor([[9.9997e-01, 1.3720e-05, 1.6138e-19],
        [1.3720e-05, 1.6138e-19, 0.0000e+00],
        [1.6138e-19, 0.0000e+00, 0.0000e+00]])
2023-10-10 20:26:51,663 | INFO | hi-lo.kernel-accessor : Fetching kernel: gumbel
2023-10-10 20:26:51,664 | INFO | hi-lo.gumbel-kernel : MU (LOCATION): -1.8201507329940796 | BETA (SCALE): 2.506196975708008
2023-10-10 20:26:51,664 | INFO | hi-lo.gumbel-kernel : TOP-LEFT
tensor([[8.5296e-01, 7.0387e-02, 2.0786e-03],
        [7.0387e-02, 2.0786e-03, 1.3271e-05],
        [2.0786e-03, 1.3271e-05, 8.6453e-09]])
2023-10-10 20:26:51,664 | INFO | hi-lo.kernel-accessor : Fetching kernel: gumbel
2023-10-10 20:26:51,665 | INFO | hi-lo.gumbel-kernel : MU (LOCATION): -2.183927059173584 | BETA (SCALE): 2.2123053073883057
2023-10-10 20:26:51,665 | INFO | hi-lo.gumbel-kernel : BOTTOM-RIGHT
tensor([[1.8135e-17, 2.4638e-10, 1.0048e-05],
        [2.4638e-10, 1.0048e-05, 1.0170e-02],
        [1.0048e-05, 1.0170e-02, 9.7963e-01]])
2023-10-10 20:27:00,244 | INFO | hi-lo : END EPOCH:  18 | ACCURACY: 67.19 | LOSS: 1.0184725522994995
2023-10-10 20:27:00,244 | INFO | hi-lo : BEGIN EPOCH 19 =========================================================================
2023-10-10 20:27:00,245 | INFO | hi-lo.kernel-accessor : Fetching kernel: gumbel
2023-10-10 20:27:00,245 | INFO | hi-lo.gumbel-kernel : MU (LOCATION): -0.08712564408779144 | BETA (SCALE): 0.541283130645752
2023-10-10 20:27:00,246 | INFO | hi-lo.gumbel-kernel : BOTTOM-RIGHT
tensor([[0.0000e+00, 0.0000e+00, 7.5849e-26],
        [0.0000e+00, 7.5847e-26, 9.8962e-05],
        [7.5849e-26, 9.8962e-05, 9.9980e-01]])
2023-10-10 20:27:00,246 | INFO | hi-lo.kernel-accessor : Fetching kernel: gumbel
2023-10-10 20:27:00,247 | INFO | hi-lo.gumbel-kernel : MU (LOCATION): -0.6388939619064331 | BETA (SCALE): 0.9260777235031128
2023-10-10 20:27:00,247 | INFO | hi-lo.gumbel-kernel : TOP-LEFT
tensor([[9.9970e-01, 1.4979e-04, 6.7232e-15],
        [1.4979e-04, 6.7233e-15, 0.0000e+00],
        [6.7232e-15, 0.0000e+00, 0.0000e+00]])
2023-10-10 20:27:00,247 | INFO | hi-lo.kernel-accessor : Fetching kernel: gumbel
2023-10-10 20:27:00,248 | INFO | hi-lo.gumbel-kernel : MU (LOCATION): -2.225219249725342 | BETA (SCALE): 2.909808397293091
2023-10-10 20:27:00,248 | INFO | hi-lo.gumbel-kernel : BOTTOM-RIGHT
tensor([[2.4676e-07, 7.0233e-05, 4.2700e-03],
        [7.0233e-05, 4.2700e-03, 8.6878e-02],
        [4.2700e-03, 8.6878e-02, 8.1329e-01]])
2023-10-10 20:27:00,248 | INFO | hi-lo.kernel-accessor : Fetching kernel: gumbel
2023-10-10 20:27:00,249 | INFO | hi-lo.gumbel-kernel : MU (LOCATION): -1.88987398147583 | BETA (SCALE): 1.9277305603027344
2023-10-10 20:27:00,250 | INFO | hi-lo.gumbel-kernel : BOTTOM-RIGHT
tensor([[4.0422e-23, 5.9928e-13, 8.3807e-07],
        [5.9928e-13, 8.3807e-07, 4.7072e-03],
        [8.3807e-07, 4.7072e-03, 9.9058e-01]])
2023-10-10 20:27:09,035 | INFO | hi-lo : END EPOCH:  19 | ACCURACY: 60.94 | LOSS: 1.1929266452789307
2023-10-10 20:27:09,035 | INFO | hi-lo : BEGIN EPOCH 20 =========================================================================
2023-10-10 20:27:09,035 | INFO | hi-lo.kernel-accessor : Fetching kernel: gumbel
2023-10-10 20:27:09,036 | INFO | hi-lo.gumbel-kernel : MU (LOCATION): -0.0673813670873642 | BETA (SCALE): 0.462859570980072
2023-10-10 20:27:09,037 | INFO | hi-lo.gumbel-kernel : BOTTOM-RIGHT
tensor([[0.0000e+00, 0.0000e+00, 0.0000e+00],
        [0.0000e+00, 0.0000e+00, 3.9975e-06],
        [0.0000e+00, 3.9975e-06, 9.9999e-01]])
2023-10-10 20:27:09,037 | INFO | hi-lo.kernel-accessor : Fetching kernel: gumbel
2023-10-10 20:27:09,037 | INFO | hi-lo.gumbel-kernel : MU (LOCATION): -0.686829686164856 | BETA (SCALE): 0.8967267274856567
2023-10-10 20:27:09,038 | INFO | hi-lo.gumbel-kernel : TOP-LEFT
tensor([[9.9995e-01, 2.4905e-05, 2.2260e-18],
        [2.4905e-05, 2.2260e-18, 0.0000e+00],
        [2.2260e-18, 0.0000e+00, 0.0000e+00]])
2023-10-10 20:27:09,038 | INFO | hi-lo.kernel-accessor : Fetching kernel: gumbel
2023-10-10 20:27:09,038 | INFO | hi-lo.gumbel-kernel : MU (LOCATION): -1.598712682723999 | BETA (SCALE): 2.381866931915283
2023-10-10 20:27:09,039 | INFO | hi-lo.gumbel-kernel : BOTTOM-RIGHT
tensor([[8.7892e-09, 1.5231e-05, 2.3639e-03],
        [1.5231e-05, 2.3639e-03, 7.5143e-02],
        [2.3639e-03, 7.5143e-02, 8.4259e-01]])
2023-10-10 20:27:09,039 | INFO | hi-lo.kernel-accessor : Fetching kernel: gumbel
2023-10-10 20:27:09,039 | INFO | hi-lo.gumbel-kernel : MU (LOCATION): -2.3780770301818848 | BETA (SCALE): 2.259427547454834
2023-10-10 20:27:09,040 | INFO | hi-lo.gumbel-kernel : BOTTOM-RIGHT
tensor([[7.1817e-19, 3.4269e-11, 3.4371e-06],
        [3.4269e-11, 3.4371e-06, 6.5708e-03],
        [3.4371e-06, 6.5708e-03, 9.8685e-01]])
2023-10-10 20:27:17,684 | INFO | hi-lo : END EPOCH:  20 | ACCURACY: 59.56 | LOSS: 1.1290854215621948
2023-10-10 20:27:17,684 | INFO | hi-lo : BEGIN EPOCH 21 =========================================================================
2023-10-10 20:27:17,685 | INFO | hi-lo.kernel-accessor : Fetching kernel: gumbel
2023-10-10 20:27:17,685 | INFO | hi-lo.gumbel-kernel : MU (LOCATION): -0.03477374464273453 | BETA (SCALE): 0.49801769852638245
