2023-12-29 06:57:25,688 | INFO | hilo : 
+==============================================================+
|                                                              |
| ██████╗  █████╗ ██████╗ ██╗         ██╗      █████╗ ██████╗  |
| ██╔══██╗██╔══██╗██╔══██╗██║         ██║     ██╔══██╗██╔══██╗ |
| ██║  ██║███████║██║  ██║██║         ██║     ███████║██████╔╝ |
| ██║  ██║██╔══██║██║  ██║██║         ██║     ██╔══██║██╔══██╗ |
| ██████╔╝██║  ██║██████╔╝███████╗    ███████╗██║  ██║██████╔╝ |
| ╚═════╝ ╚═╝  ╚═╝╚═════╝ ╚══════╝    ╚══════╝╚═╝  ╚═╝╚═════╝  |
+==============================================================+
|             Hi-Lo Resolution Image Classification            |
|             -------------------------------------            |
|                       Gabriel C. Trahan                      |
|                          Sahan Ahmad                         |
|                       MD  Aminual Islam                      |
+==============================================================+
2023-12-29 06:57:27,287 | INFO | hilo.dataset-accessor : Fetching dataset: cifar10
2023-12-29 06:57:27,287 | INFO | hilo.cifar10-dataset : Initializing transform
2023-12-29 06:57:27,287 | INFO | hilo.cifar10-dataset : Verifying/downloading train data
2023-12-29 06:57:27,893 | INFO | hilo.cifar10-dataset : Verifying/downloading test data
2023-12-29 06:57:28,376 | INFO | hilo.cifar10-dataset : Creating train data loader.
2023-12-29 06:57:28,376 | INFO | hilo.cifar10-dataset : Creating test data loader.
2023-12-29 06:57:28,403 | INFO | hilo : Output directory: output/normal/cifar10/gumbel/13/20231229_065727/
2023-12-29 06:57:28,443 | INFO | hilo : Using device: NVIDIA GeForce GTX 1060 6GB
2023-12-29 06:57:29,407 | INFO | hilo : Exeucting job: MODEL normal | DATASET cifar10 | KERNEL gumbel | TYPE 13
2023-12-29 06:57:29,407 | INFO | hilo : Commencing training phase...
2023-12-29 06:57:29,407 | INFO | hilo.kernel-accessor : Fetching kernel: gumbel
2023-12-29 06:57:29,407 | INFO | hilo.gumbel-kernel : Calculating Gumbel distribution (location: 0.0, scale 1.0)
2023-12-29 06:57:29,408 | INFO | hilo.gumbel-kernel : TOP-RIGHT:
tensor([[2.0072e-04, 5.8259e-02, 8.8288e-01],
        [2.2609e-10, 2.0072e-04, 5.8259e-02],
        [8.5377e-26, 2.2609e-10, 2.0072e-04]])
2023-12-29 06:57:29,408 | INFO | hilo.kernel-accessor : Fetching kernel: gumbel
2023-12-29 06:57:29,408 | INFO | hilo.gumbel-kernel : Calculating Gumbel distribution (location: 0.0, scale 1.0)
2023-12-29 06:57:29,409 | INFO | hilo.gumbel-kernel : BOTTOM-LEFT:
tensor([[2.0072e-04, 2.2609e-10, 8.5377e-26],
        [5.8259e-02, 2.0072e-04, 2.2609e-10],
        [8.8288e-01, 5.8259e-02, 2.0072e-04]])
2023-12-29 06:57:29,409 | INFO | hilo.kernel-accessor : Fetching kernel: gumbel
2023-12-29 06:57:29,409 | INFO | hilo.gumbel-kernel : Calculating Gumbel distribution (location: 0.0, scale 1.0)
2023-12-29 06:57:29,409 | INFO | hilo.gumbel-kernel : BOTTOM-RIGHT:
tensor([[8.5377e-26, 2.2609e-10, 2.0072e-04],
        [2.2609e-10, 2.0072e-04, 5.8259e-02],
        [2.0072e-04, 5.8259e-02, 8.8288e-01]])
2023-12-29 06:57:29,409 | INFO | hilo.kernel-accessor : Fetching kernel: gumbel
2023-12-29 06:57:29,409 | INFO | hilo.gumbel-kernel : Calculating Gumbel distribution (location: 0.0, scale 1.0)
2023-12-29 06:57:29,410 | INFO | hilo.gumbel-kernel : TOP-LEFT:
tensor([[8.8288e-01, 5.8259e-02, 2.0072e-04],
        [5.8259e-02, 2.0072e-04, 2.2609e-10],
        [2.0072e-04, 2.2609e-10, 8.5377e-26]])
2023-12-29 06:57:38,575 | INFO | hilo : Epoch   1/200 | Accuracy:  41.8199 | Loss:   1.6478
2023-12-29 06:57:38,575 | INFO | hilo.kernel-accessor : Fetching kernel: gumbel
2023-12-29 06:57:38,575 | INFO | hilo.gumbel-kernel : Calculating Gumbel distribution (location: -0.009753319434821606, scale 0.49965137243270874)
2023-12-29 06:57:38,576 | INFO | hilo.gumbel-kernel : BOTTOM-RIGHT:
tensor([[0.0000e+00, 0.0000e+00, 9.7375e-27],
        [0.0000e+00, 9.7372e-27, 1.7410e-04],
        [9.7375e-27, 1.7410e-04, 9.9965e-01]])
2023-12-29 06:57:38,577 | INFO | hilo.kernel-accessor : Fetching kernel: gumbel
2023-12-29 06:57:38,577 | INFO | hilo.gumbel-kernel : Calculating Gumbel distribution (location: -0.4019213914871216, scale 0.833301842212677)
2023-12-29 06:57:38,577 | INFO | hilo.gumbel-kernel : BOTTOM-LEFT:
tensor([[3.4215e-13, 7.1746e-43, 0.0000e+00],
        [6.8269e-04, 3.4215e-13, 7.1746e-43],
        [9.9863e-01, 6.8269e-04, 3.4215e-13]])
2023-12-29 06:57:38,578 | INFO | hilo.kernel-accessor : Fetching kernel: gumbel
2023-12-29 06:57:38,578 | INFO | hilo.gumbel-kernel : Calculating Gumbel distribution (location: -1.509061574935913, scale 1.7431813478469849)
2023-12-29 06:57:38,578 | INFO | hilo.gumbel-kernel : BOTTOM-LEFT:
tensor([[1.6673e-06, 9.6949e-13, 1.2976e-23],
        [6.9853e-03, 1.6673e-06, 9.6949e-13],
        [9.8602e-01, 6.9853e-03, 1.6673e-06]])
2023-12-29 06:57:38,579 | INFO | hilo.kernel-accessor : Fetching kernel: gumbel
2023-12-29 06:57:38,579 | INFO | hilo.gumbel-kernel : Calculating Gumbel distribution (location: -0.7170443534851074, scale 1.095130205154419)
2023-12-29 06:57:38,580 | INFO | hilo.gumbel-kernel : BOTTOM-LEFT:
tensor([[6.6470e-10, 3.2911e-25, 0.0000e+00],
        [1.5905e-03, 6.6470e-10, 3.2911e-25],
        [9.9682e-01, 1.5905e-03, 6.6470e-10]])
2023-12-29 06:57:46,939 | INFO | hilo : Epoch   2/200 | Accuracy:  46.4844 | Loss:   1.5961
2023-12-29 06:57:46,939 | INFO | hilo.kernel-accessor : Fetching kernel: gumbel
2023-12-29 06:57:46,940 | INFO | hilo.gumbel-kernel : Calculating Gumbel distribution (location: -0.019421126693487167, scale 0.459991455078125)
2023-12-29 06:57:46,940 | INFO | hilo.gumbel-kernel : TOP-LEFT:
tensor([[9.9995e-01, 2.3616e-05, 1.1159e-38],
        [2.3616e-05, 1.1159e-38, 0.0000e+00],
        [1.1159e-38, 0.0000e+00, 0.0000e+00]])
2023-12-29 06:57:46,941 | INFO | hilo.kernel-accessor : Fetching kernel: gumbel
2023-12-29 06:57:46,941 | INFO | hilo.gumbel-kernel : Calculating Gumbel distribution (location: -0.6592942476272583, scale 0.8133305907249451)
2023-12-29 06:57:46,942 | INFO | hilo.gumbel-kernel : BOTTOM-RIGHT:
tensor([[0.0000e+00, 0.0000e+00, 2.7316e-25],
        [0.0000e+00, 2.7316e-25, 1.4117e-06],
        [2.7316e-25, 1.4117e-06, 1.0000e+00]])
2023-12-29 06:57:46,942 | INFO | hilo.kernel-accessor : Fetching kernel: gumbel
2023-12-29 06:57:46,942 | INFO | hilo.gumbel-kernel : Calculating Gumbel distribution (location: -1.4008938074111938, scale 1.8234323263168335)
2023-12-29 06:57:46,943 | INFO | hilo.gumbel-kernel : BOTTOM-RIGHT:
tensor([[8.8055e-18, 6.6930e-10, 3.0216e-05],
        [6.6930e-10, 3.0216e-05, 1.8643e-02],
        [3.0216e-05, 1.8643e-02, 9.6262e-01]])
2023-12-29 06:57:46,943 | INFO | hilo.kernel-accessor : Fetching kernel: gumbel
2023-12-29 06:57:46,943 | INFO | hilo.gumbel-kernel : Calculating Gumbel distribution (location: -1.1947170495986938, scale 1.3995851278305054)
2023-12-29 06:57:46,944 | INFO | hilo.gumbel-kernel : BOTTOM-RIGHT:
tensor([[2.6744e-41, 1.0926e-19, 5.9761e-09],
        [1.0926e-19, 5.9761e-09, 1.5503e-03],
        [5.9761e-09, 1.5503e-03, 9.9690e-01]])
2023-12-29 06:57:55,069 | INFO | hilo : Epoch   3/200 | Accuracy:  65.6250 | Loss:   1.1362
2023-12-29 06:57:55,069 | INFO | hilo.kernel-accessor : Fetching kernel: gumbel
2023-12-29 06:57:55,070 | INFO | hilo.gumbel-kernel : Calculating Gumbel distribution (location: 0.07066453248262405, scale 0.5019159317016602)
2023-12-29 06:57:55,071 | INFO | hilo.gumbel-kernel : BOTTOM-RIGHT:
tensor([[0.0000e+00, 0.0000e+00, 9.4336e-20],
        [0.0000e+00, 9.4336e-20, 1.1438e-03],
        [9.4336e-20, 1.1438e-03, 9.9771e-01]])
2023-12-29 06:57:55,071 | INFO | hilo.kernel-accessor : Fetching kernel: gumbel
2023-12-29 06:57:55,071 | INFO | hilo.gumbel-kernel : Calculating Gumbel distribution (location: -0.696632444858551, scale 0.8362306356430054)
2023-12-29 06:57:55,072 | INFO | hilo.gumbel-kernel : BOTTOM-RIGHT:
tensor([[0.0000e+00, 0.0000e+00, 1.3696e-24],
        [0.0000e+00, 1.3696e-24, 1.5149e-06],
        [1.3696e-24, 1.5149e-06, 1.0000e+00]])
2023-12-29 06:57:55,072 | INFO | hilo.kernel-accessor : Fetching kernel: gumbel
2023-12-29 06:57:55,072 | INFO | hilo.gumbel-kernel : Calculating Gumbel distribution (location: -1.705163598060608, scale 1.9394410848617554)
2023-12-29 06:57:55,073 | INFO | hilo.gumbel-kernel : BOTTOM-LEFT:
tensor([[9.8639e-06, 1.0034e-10, 6.1903e-19],
        [1.1628e-02, 9.8639e-06, 1.0034e-10],
        [9.7672e-01, 1.1628e-02, 9.8639e-06]])
2023-12-29 06:57:55,073 | INFO | hilo.kernel-accessor : Fetching kernel: gumbel
2023-12-29 06:57:55,073 | INFO | hilo.gumbel-kernel : Calculating Gumbel distribution (location: -1.2362043857574463, scale 1.5093092918395996)
2023-12-29 06:57:55,074 | INFO | hilo.gumbel-kernel : TOP-RIGHT:
tensor([[1.7685e-07, 4.0620e-03, 9.9188e-01],
        [1.1442e-15, 1.7685e-07, 4.0620e-03],
        [2.7811e-31, 1.1442e-15, 1.7685e-07]])
2023-12-29 06:58:03,247 | INFO | hilo : Epoch   4/200 | Accuracy:  60.9375 | Loss:   1.6193
2023-12-29 06:58:03,247 | INFO | hilo.kernel-accessor : Fetching kernel: gumbel
2023-12-29 06:58:03,248 | INFO | hilo.gumbel-kernel : Calculating Gumbel distribution (location: -0.012557106092572212, scale 0.4624815583229065)
2023-12-29 06:58:03,249 | INFO | hilo.gumbel-kernel : TOP-LEFT:
tensor([[9.9993e-01, 3.4239e-05, 8.8875e-37],
        [3.4239e-05, 8.8872e-37, 0.0000e+00],
        [8.8875e-37, 0.0000e+00, 0.0000e+00]])
2023-12-29 06:58:03,249 | INFO | hilo.kernel-accessor : Fetching kernel: gumbel
2023-12-29 06:58:03,249 | INFO | hilo.gumbel-kernel : Calculating Gumbel distribution (location: -0.7172096967697144, scale 0.91655033826828)
2023-12-29 06:58:03,250 | INFO | hilo.gumbel-kernel : BOTTOM-LEFT:
tensor([[5.1995e-18, 0.0000e+00, 0.0000e+00],
        [2.6233e-05, 5.1995e-18, 0.0000e+00],
        [9.9995e-01, 2.6233e-05, 5.1995e-18]])
2023-12-29 06:58:03,250 | INFO | hilo.kernel-accessor : Fetching kernel: gumbel
2023-12-29 06:58:03,250 | INFO | hilo.gumbel-kernel : Calculating Gumbel distribution (location: -1.9342737197875977, scale 2.372166395187378)
2023-12-29 06:58:03,251 | INFO | hilo.gumbel-kernel : BOTTOM-RIGHT:
tensor([[2.9572e-11, 5.9399e-07, 4.5663e-04],
        [5.9399e-07, 4.5663e-04, 4.1275e-02],
        [4.5663e-04, 4.1275e-02, 9.1608e-01]])
2023-12-29 06:58:03,251 | INFO | hilo.kernel-accessor : Fetching kernel: gumbel
2023-12-29 06:58:03,252 | INFO | hilo.gumbel-kernel : Calculating Gumbel distribution (location: -1.4933013916015625, scale 1.8352924585342407)
2023-12-29 06:58:03,252 | INFO | hilo.gumbel-kernel : TOP-LEFT:
tensor([[9.7174e-01, 1.4111e-02, 1.4175e-05],
        [1.4111e-02, 1.4175e-05, 1.4230e-10],
        [1.4175e-05, 1.4230e-10, 5.0768e-19]])
2023-12-29 06:58:11,423 | INFO | hilo : Epoch   5/200 | Accuracy:  59.3750 | Loss:   1.3041
2023-12-29 06:58:11,423 | INFO | hilo.kernel-accessor : Fetching kernel: gumbel
2023-12-29 06:58:11,424 | INFO | hilo.gumbel-kernel : Calculating Gumbel distribution (location: 0.03034031391143799, scale 0.5117303729057312)
2023-12-29 06:58:11,424 | INFO | hilo.gumbel-kernel : TOP-RIGHT:
tensor([[2.9697e-21, 6.5164e-04, 9.9870e-01],
        [0.0000e+00, 2.9697e-21, 6.5164e-04],
        [0.0000e+00, 0.0000e+00, 2.9697e-21]])
2023-12-29 06:58:11,425 | INFO | hilo.kernel-accessor : Fetching kernel: gumbel
2023-12-29 06:58:11,425 | INFO | hilo.gumbel-kernel : Calculating Gumbel distribution (location: -0.7540088891983032, scale 0.9751980900764465)
2023-12-29 06:58:11,425 | INFO | hilo.gumbel-kernel : BOTTOM-LEFT:
tensor([[1.9836e-15, 0.0000e+00, 0.0000e+00],
        [8.1037e-05, 1.9836e-15, 0.0000e+00],
        [9.9984e-01, 8.1037e-05, 1.9836e-15]])
2023-12-29 06:58:11,426 | INFO | hilo.kernel-accessor : Fetching kernel: gumbel
2023-12-29 06:58:11,426 | INFO | hilo.gumbel-kernel : Calculating Gumbel distribution (location: -2.187591075897217, scale 2.5612566471099854)
2023-12-29 06:58:11,427 | INFO | hilo.gumbel-kernel : BOTTOM-LEFT:
tensor([[6.0737e-04, 1.3012e-06, 1.7839e-10],
        [4.4119e-02, 6.0737e-04, 1.3012e-06],
        [9.0994e-01, 4.4119e-02, 6.0737e-04]])
2023-12-29 06:58:11,427 | INFO | hilo.kernel-accessor : Fetching kernel: gumbel
2023-12-29 06:58:11,427 | INFO | hilo.gumbel-kernel : Calculating Gumbel distribution (location: -1.9355688095092773, scale 2.3184642791748047)
2023-12-29 06:58:11,428 | INFO | hilo.gumbel-kernel : TOP-RIGHT:
tensor([[2.7266e-04, 3.4473e-02, 9.3023e-01],
        [2.0011e-07, 2.7266e-04, 3.4473e-02],
        [3.7809e-12, 2.0011e-07, 2.7266e-04]])
2023-12-29 06:58:19,721 | INFO | hilo : Epoch   6/200 | Accuracy:  62.5000 | Loss:   1.4768
2023-12-29 06:58:19,721 | INFO | hilo.kernel-accessor : Fetching kernel: gumbel
2023-12-29 06:58:19,722 | INFO | hilo.gumbel-kernel : Calculating Gumbel distribution (location: -0.13871750235557556, scale 0.4482729732990265)
2023-12-29 06:58:19,723 | INFO | hilo.gumbel-kernel : TOP-RIGHT:
tensor([[0.0000e+00, 2.1479e-08, 1.0000e+00],
        [0.0000e+00, 0.0000e+00, 2.1479e-08],
        [0.0000e+00, 0.0000e+00, 0.0000e+00]])
2023-12-29 06:58:19,723 | INFO | hilo.kernel-accessor : Fetching kernel: gumbel
2023-12-29 06:58:19,723 | INFO | hilo.gumbel-kernel : Calculating Gumbel distribution (location: -0.742784857749939, scale 0.8922131061553955)
2023-12-29 06:58:19,724 | INFO | hilo.gumbel-kernel : BOTTOM-RIGHT:
tensor([[0.0000e+00, 0.0000e+00, 5.2918e-21],
        [0.0000e+00, 5.2919e-21, 5.8533e-06],
        [5.2918e-21, 5.8533e-06, 9.9999e-01]])
2023-12-29 06:58:19,724 | INFO | hilo.kernel-accessor : Fetching kernel: gumbel
2023-12-29 06:58:19,724 | INFO | hilo.gumbel-kernel : Calculating Gumbel distribution (location: -1.9131451845169067, scale 2.2521495819091797)
2023-12-29 06:58:19,725 | INFO | hilo.gumbel-kernel : TOP-RIGHT:
tensor([[1.5554e-04, 2.8450e-02, 9.4263e-01],
        [5.9273e-08, 1.5554e-04, 2.8450e-02],
        [3.5531e-13, 5.9273e-08, 1.5554e-04]])
2023-12-29 06:58:19,725 | INFO | hilo.kernel-accessor : Fetching kernel: gumbel
2023-12-29 06:58:19,725 | INFO | hilo.gumbel-kernel : Calculating Gumbel distribution (location: -2.2399260997772217, scale 2.528940439224243)
2023-12-29 06:58:19,726 | INFO | hilo.gumbel-kernel : BOTTOM-RIGHT:
tensor([[2.6068e-11, 4.3994e-07, 3.5165e-04],
        [4.3994e-07, 3.5165e-04, 3.6048e-02],
        [3.5165e-04, 3.6048e-02, 9.2685e-01]])
2023-12-29 06:58:28,102 | INFO | hilo : Epoch   7/200 | Accuracy:  59.3750 | Loss:   1.4772
2023-12-29 06:58:28,102 | INFO | hilo.kernel-accessor : Fetching kernel: gumbel
2023-12-29 06:58:28,103 | INFO | hilo.gumbel-kernel : Calculating Gumbel distribution (location: -0.017087433487176895, scale 0.47638121247291565)
2023-12-29 06:58:28,104 | INFO | hilo.gumbel-kernel : BOTTOM-LEFT:
tensor([[3.8020e-33, 0.0000e+00, 0.0000e+00],
        [5.5950e-05, 3.8020e-33, 0.0000e+00],
        [9.9989e-01, 5.5950e-05, 3.8020e-33]])
2023-12-29 06:58:28,104 | INFO | hilo.kernel-accessor : Fetching kernel: gumbel
2023-12-29 06:58:28,104 | INFO | hilo.gumbel-kernel : Calculating Gumbel distribution (location: -0.7704383134841919, scale 0.9116536974906921)
2023-12-29 06:58:28,105 | INFO | hilo.gumbel-kernel : BOTTOM-LEFT:
tensor([[1.9337e-20, 0.0000e+00, 0.0000e+00],
        [6.7205e-06, 1.9336e-20, 0.0000e+00],
        [9.9999e-01, 6.7205e-06, 1.9337e-20]])
2023-12-29 06:58:28,105 | INFO | hilo.kernel-accessor : Fetching kernel: gumbel
2023-12-29 06:58:28,105 | INFO | hilo.gumbel-kernel : Calculating Gumbel distribution (location: -1.7883343696594238, scale 2.291689395904541)
2023-12-29 06:58:28,106 | INFO | hilo.gumbel-kernel : BOTTOM-LEFT:
tensor([[4.9987e-04, 6.3292e-07, 2.6448e-11],
        [4.3529e-02, 4.9987e-04, 6.3292e-07],
        [9.1144e-01, 4.3529e-02, 4.9987e-04]])
2023-12-29 06:58:28,106 | INFO | hilo.kernel-accessor : Fetching kernel: gumbel
2023-12-29 06:58:28,107 | INFO | hilo.gumbel-kernel : Calculating Gumbel distribution (location: -1.5943163633346558, scale 1.8713734149932861)
2023-12-29 06:58:28,107 | INFO | hilo.gumbel-kernel : TOP-LEFT:
tensor([[9.7638e-01, 1.1796e-02, 9.1842e-06],
        [1.1796e-02, 9.1842e-06, 6.6436e-11],
        [9.1842e-06, 6.6436e-11, 1.6388e-19]])
2023-12-29 06:58:36,372 | INFO | hilo : Epoch   8/200 | Accuracy:  50.2604 | Loss:   1.2521
2023-12-29 06:58:36,372 | INFO | hilo.kernel-accessor : Fetching kernel: gumbel
2023-12-29 06:58:36,373 | INFO | hilo.gumbel-kernel : Calculating Gumbel distribution (location: -0.08915486931800842, scale 0.4631652534008026)
2023-12-29 06:58:36,374 | INFO | hilo.gumbel-kernel : TOP-LEFT:
tensor([[1.0000e+00, 1.4845e-06, 0.0000e+00],
        [1.4845e-06, 0.0000e+00, 0.0000e+00],
        [0.0000e+00, 0.0000e+00, 0.0000e+00]])
2023-12-29 06:58:36,374 | INFO | hilo.kernel-accessor : Fetching kernel: gumbel
2023-12-29 06:58:36,374 | INFO | hilo.gumbel-kernel : Calculating Gumbel distribution (location: -0.7916759252548218, scale 0.8642010688781738)
2023-12-29 06:58:36,375 | INFO | hilo.gumbel-kernel : BOTTOM-RIGHT:
tensor([[0.0000e+00, 0.0000e+00, 1.8078e-26],
        [0.0000e+00, 1.8079e-26, 3.8062e-07],
        [1.8078e-26, 3.8062e-07, 1.0000e+00]])
2023-12-29 06:58:36,375 | INFO | hilo.kernel-accessor : Fetching kernel: gumbel
2023-12-29 06:58:36,375 | INFO | hilo.gumbel-kernel : Calculating Gumbel distribution (location: -1.7703473567962646, scale 2.2722649574279785)
2023-12-29 06:58:36,376 | INFO | hilo.gumbel-kernel : BOTTOM-LEFT:
tensor([[4.6428e-04, 5.3137e-07, 1.8346e-11],
        [4.2562e-02, 4.6428e-04, 5.3137e-07],
        [9.1348e-01, 4.2562e-02, 4.6428e-04]])
2023-12-29 06:58:36,376 | INFO | hilo.kernel-accessor : Fetching kernel: gumbel
2023-12-29 06:58:36,376 | INFO | hilo.gumbel-kernel : Calculating Gumbel distribution (location: -1.6490263938903809, scale 1.7988333702087402)
2023-12-29 06:58:36,377 | INFO | hilo.gumbel-kernel : TOP-LEFT:
tensor([[9.8916e-01, 5.4186e-03, 9.3456e-07],
        [5.4186e-03, 9.3456e-07, 3.8788e-13],
        [9.3456e-07, 3.8788e-13, 4.3765e-24]])
2023-12-29 06:58:44,615 | INFO | hilo : Epoch   9/200 | Accuracy:  61.7188 | Loss:   1.1500
2023-12-29 06:58:44,615 | INFO | hilo.kernel-accessor : Fetching kernel: gumbel
2023-12-29 06:58:44,616 | INFO | hilo.gumbel-kernel : Calculating Gumbel distribution (location: -0.03577934950590134, scale 0.5012269020080566)
2023-12-29 06:58:44,617 | INFO | hilo.gumbel-kernel : BOTTOM-RIGHT:
tensor([[0.0000e+00, 0.0000e+00, 4.8299e-29],
        [0.0000e+00, 4.8298e-29, 8.9329e-05],
        [4.8299e-29, 8.9329e-05, 9.9982e-01]])
2023-12-29 06:58:44,617 | INFO | hilo.kernel-accessor : Fetching kernel: gumbel
2023-12-29 06:58:44,617 | INFO | hilo.gumbel-kernel : Calculating Gumbel distribution (location: -0.8193820118904114, scale 0.9048768281936646)
2023-12-29 06:58:44,618 | INFO | hilo.gumbel-kernel : TOP-RIGHT:
tensor([[2.9847e-23, 1.4290e-06, 1.0000e+00],
        [0.0000e+00, 2.9847e-23, 1.4290e-06],
        [0.0000e+00, 0.0000e+00, 2.9847e-23]])
2023-12-29 06:58:44,618 | INFO | hilo.kernel-accessor : Fetching kernel: gumbel
2023-12-29 06:58:44,618 | INFO | hilo.gumbel-kernel : Calculating Gumbel distribution (location: -2.1208255290985107, scale 2.616874933242798)
2023-12-29 06:58:44,619 | INFO | hilo.gumbel-kernel : TOP-LEFT:
tensor([[8.8192e-01, 5.7176e-02, 1.2394e-03],
        [5.7176e-02, 1.2394e-03, 5.3955e-06],
        [1.2394e-03, 5.3955e-06, 2.2344e-09]])
2023-12-29 06:58:44,619 | INFO | hilo.kernel-accessor : Fetching kernel: gumbel
2023-12-29 06:58:44,619 | INFO | hilo.gumbel-kernel : Calculating Gumbel distribution (location: -1.5588152408599854, scale 1.686545729637146)
2023-12-29 06:58:44,620 | INFO | hilo.gumbel-kernel : TOP-RIGHT:
tensor([[1.6291e-07, 3.2190e-03, 9.9356e-01],
        [4.4476e-15, 1.6291e-07, 3.2190e-03],
        [1.4840e-28, 4.4476e-15, 1.6291e-07]])
2023-12-29 06:58:52,956 | INFO | hilo : Epoch  10/200 | Accuracy:  57.8125 | Loss:   1.4267
2023-12-29 06:58:52,956 | INFO | hilo.kernel-accessor : Fetching kernel: gumbel
2023-12-29 06:58:52,957 | INFO | hilo.gumbel-kernel : Calculating Gumbel distribution (location: -0.15482041239738464, scale 0.5226820707321167)
2023-12-29 06:58:52,958 | INFO | hilo.gumbel-kernel : BOTTOM-LEFT:
tensor([[1.1958e-37, 0.0000e+00, 0.0000e+00],
        [4.3039e-06, 1.1958e-37, 0.0000e+00],
        [9.9999e-01, 4.3039e-06, 1.1958e-37]])
2023-12-29 06:58:52,958 | INFO | hilo.kernel-accessor : Fetching kernel: gumbel
2023-12-29 06:58:52,958 | INFO | hilo.gumbel-kernel : Calculating Gumbel distribution (location: -0.883362889289856, scale 1.0685077905654907)
2023-12-29 06:58:52,959 | INFO | hilo.gumbel-kernel : TOP-LEFT:
tensor([[9.9976e-01, 1.1952e-04, 5.0932e-14],
        [1.1952e-04, 5.0932e-14, 2.8000e-37],
        [5.0932e-14, 2.8000e-37, 0.0000e+00]])
2023-12-29 06:58:52,959 | INFO | hilo.kernel-accessor : Fetching kernel: gumbel
2023-12-29 06:58:52,959 | INFO | hilo.gumbel-kernel : Calculating Gumbel distribution (location: -2.496626377105713, scale 3.262979030609131)
2023-12-29 06:58:52,960 | INFO | hilo.gumbel-kernel : TOP-RIGHT:
tensor([[8.2830e-03, 1.0685e-01, 7.6088e-01],
        [2.8647e-04, 8.2830e-03, 1.0685e-01],
        [3.3092e-06, 2.8647e-04, 8.2830e-03]])
2023-12-29 06:58:52,960 | INFO | hilo.kernel-accessor : Fetching kernel: gumbel
2023-12-29 06:58:52,960 | INFO | hilo.gumbel-kernel : Calculating Gumbel distribution (location: -1.929370403289795, scale 2.105471611022949)
2023-12-29 06:58:52,961 | INFO | hilo.gumbel-kernel : BOTTOM-RIGHT:
tensor([[5.3802e-17, 6.2827e-10, 1.8682e-05],
        [6.2827e-10, 1.8682e-05, 1.3533e-02],
        [1.8682e-05, 1.3533e-02, 9.7288e-01]])
2023-12-29 06:59:01,390 | INFO | hilo : Epoch  11/200 | Accuracy:  57.8125 | Loss:   1.4018
2023-12-29 06:59:01,390 | INFO | hilo.kernel-accessor : Fetching kernel: gumbel
2023-12-29 06:59:01,390 | INFO | hilo.gumbel-kernel : Calculating Gumbel distribution (location: 0.043458327651023865, scale 0.46487611532211304)
2023-12-29 06:59:01,391 | INFO | hilo.gumbel-kernel : TOP-LEFT:
tensor([[9.9957e-01, 2.1371e-04, 7.6447e-29],
        [2.1371e-04, 7.6447e-29, 0.0000e+00],
        [7.6447e-29, 0.0000e+00, 0.0000e+00]])
2023-12-29 06:59:01,391 | INFO | hilo.kernel-accessor : Fetching kernel: gumbel
2023-12-29 06:59:01,392 | INFO | hilo.gumbel-kernel : Calculating Gumbel distribution (location: -0.7007372975349426, scale 0.9099225401878357)
2023-12-29 06:59:01,392 | INFO | hilo.gumbel-kernel : TOP-RIGHT:
tensor([[6.6306e-18, 2.9369e-05, 9.9994e-01],
        [0.0000e+00, 6.6306e-18, 2.9369e-05],
        [0.0000e+00, 0.0000e+00, 6.6306e-18]])
2023-12-29 06:59:01,392 | INFO | hilo.kernel-accessor : Fetching kernel: gumbel
2023-12-29 06:59:01,393 | INFO | hilo.gumbel-kernel : Calculating Gumbel distribution (location: -2.2470476627349854, scale 2.7790892124176025)
2023-12-29 06:59:01,393 | INFO | hilo.gumbel-kernel : TOP-RIGHT:
tensor([[2.0676e-03, 6.7583e-02, 8.5860e-01],
        [1.6327e-05, 2.0676e-03, 6.7583e-02],
        [1.8512e-08, 1.6327e-05, 2.0676e-03]])
2023-12-29 06:59:01,393 | INFO | hilo.kernel-accessor : Fetching kernel: gumbel
2023-12-29 06:59:01,394 | INFO | hilo.gumbel-kernel : Calculating Gumbel distribution (location: -1.5796327590942383, scale 1.9484279155731201)
2023-12-29 06:59:01,394 | INFO | hilo.gumbel-kernel : BOTTOM-LEFT:
tensor([[3.9861e-05, 1.8345e-09, 1.4697e-16],
        [1.9318e-02, 3.9861e-05, 1.8345e-09],
        [9.6124e-01, 1.9318e-02, 3.9861e-05]])
2023-12-29 06:59:09,786 | INFO | hilo : Epoch  12/200 | Accuracy:  60.2214 | Loss:   0.9531
2023-12-29 06:59:09,786 | INFO | hilo.kernel-accessor : Fetching kernel: gumbel
2023-12-29 06:59:09,787 | INFO | hilo.gumbel-kernel : Calculating Gumbel distribution (location: -0.11149119585752487, scale 0.537712812423706)
2023-12-29 06:59:09,787 | INFO | hilo.gumbel-kernel : TOP-RIGHT:
tensor([[8.4416e-29, 4.2409e-05, 9.9992e-01],
        [0.0000e+00, 8.4416e-29, 4.2409e-05],
        [0.0000e+00, 0.0000e+00, 8.4416e-29]])
2023-12-29 06:59:09,788 | INFO | hilo.kernel-accessor : Fetching kernel: gumbel
2023-12-29 06:59:09,788 | INFO | hilo.gumbel-kernel : Calculating Gumbel distribution (location: -0.8482422828674316, scale 0.963039219379425)
2023-12-29 06:59:09,789 | INFO | hilo.gumbel-kernel : BOTTOM-LEFT:
tensor([[2.8438e-19, 0.0000e+00, 0.0000e+00],
        [8.6245e-06, 2.8438e-19, 0.0000e+00],
        [9.9998e-01, 8.6245e-06, 2.8438e-19]])
2023-12-29 06:59:09,789 | INFO | hilo.kernel-accessor : Fetching kernel: gumbel
2023-12-29 06:59:09,789 | INFO | hilo.gumbel-kernel : Calculating Gumbel distribution (location: -2.1071643829345703, scale 2.9562060832977295)
2023-12-29 06:59:09,790 | INFO | hilo.gumbel-kernel : TOP-LEFT:
tensor([[7.7221e-01, 1.0317e-01, 7.0247e-03],
        [1.0317e-01, 7.0247e-03, 1.8583e-04],
        [7.0247e-03, 1.8583e-04, 1.3055e-06]])
2023-12-29 06:59:09,790 | INFO | hilo.kernel-accessor : Fetching kernel: gumbel
2023-12-29 06:59:09,790 | INFO | hilo.gumbel-kernel : Calculating Gumbel distribution (location: -2.80015230178833, scale 2.8460824489593506)
2023-12-29 06:59:09,791 | INFO | hilo.gumbel-kernel : TOP-RIGHT:
tensor([[3.1510e-04, 3.2347e-02, 9.3436e-01],
        [5.0642e-07, 3.1510e-04, 3.2347e-02],
        [6.2889e-11, 5.0642e-07, 3.1510e-04]])
2023-12-29 06:59:18,239 | INFO | hilo : Epoch  13/200 | Accuracy:  71.8750 | Loss:   1.2404
2023-12-29 06:59:18,239 | INFO | hilo.kernel-accessor : Fetching kernel: gumbel
2023-12-29 06:59:18,239 | INFO | hilo.gumbel-kernel : Calculating Gumbel distribution (location: -0.0631084218621254, scale 0.48957034945487976)
2023-12-29 06:59:18,240 | INFO | hilo.gumbel-kernel : TOP-LEFT:
tensor([[9.9996e-01, 2.1946e-05, 2.3615e-35],
        [2.1946e-05, 2.3615e-35, 0.0000e+00],
        [2.3615e-35, 0.0000e+00, 0.0000e+00]])
2023-12-29 06:59:18,240 | INFO | hilo.kernel-accessor : Fetching kernel: gumbel
2023-12-29 06:59:18,241 | INFO | hilo.gumbel-kernel : Calculating Gumbel distribution (location: -0.8729423880577087, scale 0.9668717384338379)
2023-12-29 06:59:18,241 | INFO | hilo.gumbel-kernel : TOP-RIGHT:
tensor([[6.8329e-20, 5.7562e-06, 9.9999e-01],
        [0.0000e+00, 6.8329e-20, 5.7562e-06],
        [0.0000e+00, 0.0000e+00, 6.8329e-20]])
2023-12-29 06:59:18,242 | INFO | hilo.kernel-accessor : Fetching kernel: gumbel
2023-12-29 06:59:18,242 | INFO | hilo.gumbel-kernel : Calculating Gumbel distribution (location: -2.1300408840179443, scale 2.5888617038726807)
2023-12-29 06:59:18,243 | INFO | hilo.gumbel-kernel : BOTTOM-RIGHT:
tensor([[9.4550e-10, 3.3523e-06, 9.8043e-04],
        [3.3523e-06, 9.8043e-04, 5.2611e-02],
        [9.8043e-04, 5.2611e-02, 8.9183e-01]])
2023-12-29 06:59:18,243 | INFO | hilo.kernel-accessor : Fetching kernel: gumbel
2023-12-29 06:59:18,243 | INFO | hilo.gumbel-kernel : Calculating Gumbel distribution (location: -1.843422293663025, scale 2.0742268562316895)
2023-12-29 06:59:18,244 | INFO | hilo.gumbel-kernel : TOP-LEFT:
tensor([[9.6925e-01, 1.5338e-02, 2.5078e-05],
        [1.5338e-02, 2.5078e-05, 1.0384e-09],
        [2.5078e-05, 1.0384e-09, 1.1168e-16]])
2023-12-29 06:59:26,649 | INFO | hilo : Epoch  14/200 | Accuracy:  57.8125 | Loss:   1.5650
2023-12-29 06:59:26,649 | INFO | hilo.kernel-accessor : Fetching kernel: gumbel
2023-12-29 06:59:26,650 | INFO | hilo.gumbel-kernel : Calculating Gumbel distribution (location: -0.08509671688079834, scale 0.4480358362197876)
2023-12-29 06:59:26,651 | INFO | hilo.gumbel-kernel : BOTTOM-RIGHT:
tensor([[0.0000e+00, 0.0000e+00, 0.0000e+00],
        [0.0000e+00, 0.0000e+00, 5.6084e-07],
        [0.0000e+00, 5.6084e-07, 1.0000e+00]])
2023-12-29 06:59:26,651 | INFO | hilo.kernel-accessor : Fetching kernel: gumbel
2023-12-29 06:59:26,651 | INFO | hilo.gumbel-kernel : Calculating Gumbel distribution (location: -0.898762583732605, scale 0.8871561288833618)
2023-12-29 06:59:26,652 | INFO | hilo.gumbel-kernel : TOP-LEFT:
tensor([[1.0000e+00, 4.3222e-08, 8.3910e-30],
        [4.3222e-08, 8.3913e-30, 0.0000e+00],
        [8.3910e-30, 0.0000e+00, 0.0000e+00]])
2023-12-29 06:59:26,652 | INFO | hilo.kernel-accessor : Fetching kernel: gumbel
2023-12-29 06:59:26,652 | INFO | hilo.gumbel-kernel : Calculating Gumbel distribution (location: -1.649498462677002, scale 2.174487829208374)
2023-12-29 06:59:26,653 | INFO | hilo.gumbel-kernel : TOP-RIGHT:
tensor([[3.7685e-04, 4.0458e-02, 9.1795e-01],
        [2.9934e-07, 3.7685e-04, 4.0458e-02],
        [4.8168e-12, 2.9934e-07, 3.7685e-04]])
2023-12-29 06:59:26,653 | INFO | hilo.kernel-accessor : Fetching kernel: gumbel
2023-12-29 06:59:26,653 | INFO | hilo.gumbel-kernel : Calculating Gumbel distribution (location: -1.8277490139007568, scale 1.900733470916748)
2023-12-29 06:59:26,654 | INFO | hilo.gumbel-kernel : TOP-LEFT:
tensor([[9.8975e-01, 5.1231e-03, 9.9780e-07],
        [5.1231e-03, 9.9780e-07, 7.5478e-13],
        [9.9780e-07, 7.5478e-13, 4.7514e-23]])
2023-12-29 06:59:35,058 | INFO | hilo : Epoch  15/200 | Accuracy:  68.7500 | Loss:   1.7791
2023-12-29 06:59:35,059 | INFO | hilo.kernel-accessor : Fetching kernel: gumbel
2023-12-29 06:59:35,059 | INFO | hilo.gumbel-kernel : Calculating Gumbel distribution (location: -0.09450362622737885, scale 0.49096426367759705)
2023-12-29 06:59:35,060 | INFO | hilo.gumbel-kernel : TOP-LEFT:
tensor([[9.9999e-01, 7.2599e-06, 2.2963e-39],
        [7.2599e-06, 2.2963e-39, 0.0000e+00],
        [2.2963e-39, 0.0000e+00, 0.0000e+00]])
2023-12-29 06:59:35,060 | INFO | hilo.kernel-accessor : Fetching kernel: gumbel
2023-12-29 06:59:35,061 | INFO | hilo.gumbel-kernel : Calculating Gumbel distribution (location: -0.7909296751022339, scale 0.8853272795677185)
2023-12-29 06:59:35,061 | INFO | hilo.gumbel-kernel : BOTTOM-LEFT:
tensor([[6.1470e-24, 0.0000e+00, 0.0000e+00],
        [1.2016e-06, 6.1470e-24, 0.0000e+00],
        [1.0000e+00, 1.2016e-06, 6.1470e-24]])
2023-12-29 06:59:35,061 | INFO | hilo.kernel-accessor : Fetching kernel: gumbel
2023-12-29 06:59:35,062 | INFO | hilo.gumbel-kernel : Calculating Gumbel distribution (location: -2.072481155395508, scale 2.9669508934020996)
2023-12-29 06:59:35,063 | INFO | hilo.gumbel-kernel : BOTTOM-RIGHT:
tensor([[1.9525e-06, 2.3523e-04, 7.9231e-03],
        [2.3523e-04, 7.9231e-03, 1.0744e-01],
        [7.9231e-03, 1.0744e-01, 7.6089e-01]])
2023-12-29 06:59:35,063 | INFO | hilo.kernel-accessor : Fetching kernel: gumbel
2023-12-29 06:59:35,063 | INFO | hilo.gumbel-kernel : Calculating Gumbel distribution (location: -2.3364744186401367, scale 2.3985891342163086)
2023-12-29 06:59:35,064 | INFO | hilo.gumbel-kernel : BOTTOM-LEFT:
tensor([[4.5217e-05, 7.0112e-09, 1.4434e-14],
        [1.6897e-02, 4.5217e-05, 7.0112e-09],
        [9.6607e-01, 1.6897e-02, 4.5217e-05]])
2023-12-29 06:59:43,545 | INFO | hilo : Epoch  16/200 | Accuracy:  70.3125 | Loss:   1.7169
2023-12-29 06:59:43,545 | INFO | hilo.kernel-accessor : Fetching kernel: gumbel
2023-12-29 06:59:43,546 | INFO | hilo.gumbel-kernel : Calculating Gumbel distribution (location: -0.14273273944854736, scale 0.5142573118209839)
2023-12-29 06:59:43,547 | INFO | hilo.gumbel-kernel : TOP-LEFT:
tensor([[9.9999e-01, 4.1988e-06, 1.2448e-38],
        [4.1988e-06, 1.2448e-38, 0.0000e+00],
        [1.2448e-38, 0.0000e+00, 0.0000e+00]])
2023-12-29 06:59:43,547 | INFO | hilo.kernel-accessor : Fetching kernel: gumbel
2023-12-29 06:59:43,547 | INFO | hilo.gumbel-kernel : Calculating Gumbel distribution (location: -0.8128855228424072, scale 1.0094033479690552)
2023-12-29 06:59:43,548 | INFO | hilo.gumbel-kernel : TOP-LEFT:
tensor([[9.9985e-01, 7.7419e-05, 3.5141e-15],
        [7.7419e-05, 3.5141e-15, 3.1711e-42],
        [3.5141e-15, 3.1711e-42, 0.0000e+00]])
2023-12-29 06:59:43,548 | INFO | hilo.kernel-accessor : Fetching kernel: gumbel
2023-12-29 06:59:43,548 | INFO | hilo.gumbel-kernel : Calculating Gumbel distribution (location: -2.636819362640381, scale 3.272738456726074)
2023-12-29 06:59:43,549 | INFO | hilo.gumbel-kernel : TOP-LEFT:
tensor([[7.8724e-01, 9.6796e-02, 6.2767e-03],
        [9.6796e-02, 6.2767e-03, 1.7077e-04],
        [6.2767e-03, 1.7077e-04, 1.4293e-06]])
2023-12-29 06:59:43,549 | INFO | hilo.kernel-accessor : Fetching kernel: gumbel
2023-12-29 06:59:43,549 | INFO | hilo.gumbel-kernel : Calculating Gumbel distribution (location: -2.4728994369506836, scale 2.4990899562835693)
2023-12-29 06:59:43,550 | INFO | hilo.gumbel-kernel : TOP-RIGHT:
tensor([[6.0654e-05, 1.8352e-02, 9.6311e-01],
        [1.4685e-08, 6.0654e-05, 1.8352e-02],
        [7.1981e-14, 1.4685e-08, 6.0654e-05]])
2023-12-29 06:59:52,016 | INFO | hilo : Epoch  17/200 | Accuracy:  59.8958 | Loss:   1.2679
2023-12-29 06:59:52,016 | INFO | hilo.kernel-accessor : Fetching kernel: gumbel
2023-12-29 06:59:52,017 | INFO | hilo.gumbel-kernel : Calculating Gumbel distribution (location: -0.06927146017551422, scale 0.5372290015220642)
2023-12-29 06:59:52,018 | INFO | hilo.gumbel-kernel : TOP-LEFT:
tensor([[9.9973e-01, 1.3739e-04, 4.8630e-25],
        [1.3739e-04, 4.8631e-25, 0.0000e+00],
        [4.8630e-25, 0.0000e+00, 0.0000e+00]])
2023-12-29 06:59:52,018 | INFO | hilo.kernel-accessor : Fetching kernel: gumbel
2023-12-29 06:59:52,018 | INFO | hilo.gumbel-kernel : Calculating Gumbel distribution (location: -0.8034867644309998, scale 0.9311280250549316)
2023-12-29 06:59:52,019 | INFO | hilo.gumbel-kernel : TOP-LEFT:
tensor([[9.9999e-01, 6.8030e-06, 4.0455e-20],
        [6.8030e-06, 4.0455e-20, 0.0000e+00],
        [4.0455e-20, 0.0000e+00, 0.0000e+00]])
2023-12-29 06:59:52,019 | INFO | hilo.kernel-accessor : Fetching kernel: gumbel
2023-12-29 06:59:52,019 | INFO | hilo.gumbel-kernel : Calculating Gumbel distribution (location: -2.255681276321411, scale 2.9190680980682373)
2023-12-29 06:59:52,020 | INFO | hilo.gumbel-kernel : TOP-RIGHT:
tensor([[4.0752e-03, 8.5347e-02, 8.1695e-01],
        [6.4590e-05, 4.0752e-03, 8.5347e-02],
        [2.1654e-07, 6.4590e-05, 4.0752e-03]])
2023-12-29 06:59:52,020 | INFO | hilo.kernel-accessor : Fetching kernel: gumbel
2023-12-29 06:59:52,020 | INFO | hilo.gumbel-kernel : Calculating Gumbel distribution (location: -2.1770143508911133, scale 2.3553600311279297)
2023-12-29 06:59:52,021 | INFO | hilo.gumbel-kernel : TOP-LEFT:
tensor([[9.5626e-01, 2.1746e-02, 8.3676e-05],
        [2.1746e-02, 8.3676e-05, 2.1287e-08],
        [8.3676e-05, 2.1287e-08, 8.5099e-14]])
2023-12-29 07:00:00,488 | INFO | hilo : Epoch  18/200 | Accuracy:  56.1899 | Loss:   1.1895
2023-12-29 07:00:00,488 | INFO | hilo.kernel-accessor : Fetching kernel: gumbel
2023-12-29 07:00:00,489 | INFO | hilo.gumbel-kernel : Calculating Gumbel distribution (location: 0.009005776606500149, scale 0.4826934039592743)
2023-12-29 07:00:00,489 | INFO | hilo.gumbel-kernel : BOTTOM-RIGHT:
tensor([[0.0000e+00, 0.0000e+00, 1.7904e-28],
        [0.0000e+00, 1.7904e-28, 1.5747e-04],
        [1.7904e-28, 1.5747e-04, 9.9968e-01]])
2023-12-29 07:00:00,490 | INFO | hilo.kernel-accessor : Fetching kernel: gumbel
2023-12-29 07:00:00,490 | INFO | hilo.gumbel-kernel : Calculating Gumbel distribution (location: -0.7843893766403198, scale 0.9991436004638672)
2023-12-29 07:00:00,490 | INFO | hilo.gumbel-kernel : TOP-LEFT:
tensor([[9.9981e-01, 9.3978e-05, 5.8252e-15],
        [9.3978e-05, 5.8252e-15, 5.7649e-42],
        [5.8252e-15, 5.7649e-42, 0.0000e+00]])
2023-12-29 07:00:00,490 | INFO | hilo.kernel-accessor : Fetching kernel: gumbel
2023-12-29 07:00:00,490 | INFO | hilo.gumbel-kernel : Calculating Gumbel distribution (location: -2.4564247131347656, scale 2.9584813117980957)
2023-12-29 07:00:00,491 | INFO | hilo.gumbel-kernel : TOP-RIGHT:
tensor([[2.6679e-03, 7.2729e-02, 8.4648e-01],
        [2.9673e-05, 2.6679e-03, 7.2729e-02],
        [6.1924e-08, 2.9673e-05, 2.6679e-03]])
2023-12-29 07:00:00,491 | INFO | hilo.kernel-accessor : Fetching kernel: gumbel
2023-12-29 07:00:00,491 | INFO | hilo.gumbel-kernel : Calculating Gumbel distribution (location: -2.774672508239746, scale 2.680237054824829)
2023-12-29 07:00:00,491 | INFO | hilo.gumbel-kernel : TOP-RIGHT:
tensor([[6.9344e-05, 1.8383e-02, 9.6303e-01],
        [2.4827e-08, 6.9344e-05, 1.8383e-02],
        [2.9086e-13, 2.4827e-08, 6.9344e-05]])
2023-12-29 07:00:09,181 | INFO | hilo : Epoch  19/200 | Accuracy:  67.1875 | Loss:   1.3807
2023-12-29 07:00:09,181 | INFO | hilo.kernel-accessor : Fetching kernel: gumbel
2023-12-29 07:00:09,182 | INFO | hilo.gumbel-kernel : Calculating Gumbel distribution (location: -0.07481919229030609, scale 0.498864084482193)
2023-12-29 07:00:09,183 | INFO | hilo.gumbel-kernel : BOTTOM-RIGHT:
tensor([[0.0000e+00, 0.0000e+00, 3.5168e-34],
        [0.0000e+00, 3.5167e-34, 2.3137e-05],
        [3.5168e-34, 2.3137e-05, 9.9995e-01]])
2023-12-29 07:00:09,183 | INFO | hilo.kernel-accessor : Fetching kernel: gumbel
2023-12-29 07:00:09,183 | INFO | hilo.gumbel-kernel : Calculating Gumbel distribution (location: -0.7795064449310303, scale 0.9613423943519592)
2023-12-29 07:00:09,184 | INFO | hilo.gumbel-kernel : BOTTOM-RIGHT:
tensor([[0.0000e+00, 0.0000e+00, 4.9120e-17],
        [0.0000e+00, 4.9120e-17, 3.3556e-05],
        [4.9120e-17, 3.3556e-05, 9.9993e-01]])
2023-12-29 07:00:09,184 | INFO | hilo.kernel-accessor : Fetching kernel: gumbel
2023-12-29 07:00:09,184 | INFO | hilo.gumbel-kernel : Calculating Gumbel distribution (location: -2.1214468479156494, scale 2.774832010269165)
2023-12-29 07:00:09,185 | INFO | hilo.gumbel-kernel : BOTTOM-RIGHT:
tensor([[6.7362e-08, 3.5313e-05, 3.1040e-03],
        [3.5313e-05, 3.1040e-03, 7.8530e-02],
        [3.1040e-03, 7.8530e-02, 8.3356e-01]])
2023-12-29 07:00:09,185 | INFO | hilo.kernel-accessor : Fetching kernel: gumbel
2023-12-29 07:00:09,186 | INFO | hilo.gumbel-kernel : Calculating Gumbel distribution (location: -2.8628430366516113, scale 2.585913896560669)
2023-12-29 07:00:09,186 | INFO | hilo.gumbel-kernel : TOP-LEFT:
tensor([[9.8225e-01, 8.8578e-03, 1.0381e-05],
        [8.8578e-03, 1.0381e-05, 6.0345e-10],
        [1.0381e-05, 6.0345e-10, 4.2126e-16]])
2023-12-29 07:00:17,666 | INFO | hilo : Epoch  20/200 | Accuracy:  57.8125 | Loss:   1.7254
2023-12-29 07:00:17,666 | INFO | hilo.kernel-accessor : Fetching kernel: gumbel
2023-12-29 07:00:17,666 | INFO | hilo.gumbel-kernel : Calculating Gumbel distribution (location: -0.005562077276408672, scale 0.4483757019042969)
2023-12-29 07:00:17,667 | INFO | hilo.gumbel-kernel : BOTTOM-LEFT:
tensor([[9.6031e-41, 0.0000e+00, 0.0000e+00],
        [2.1633e-05, 9.6031e-41, 0.0000e+00],
        [9.9996e-01, 2.1633e-05, 9.6031e-41]])
2023-12-29 07:00:17,667 | INFO | hilo.kernel-accessor : Fetching kernel: gumbel
2023-12-29 07:00:17,668 | INFO | hilo.gumbel-kernel : Calculating Gumbel distribution (location: -0.7538259625434875, scale 0.9628193378448486)
2023-12-29 07:00:17,668 | INFO | hilo.gumbel-kernel : TOP-LEFT:
tensor([[9.9989e-01, 5.6788e-05, 3.8212e-16],
        [5.6788e-05, 3.8212e-16, 0.0000e+00],
        [3.8212e-16, 0.0000e+00, 0.0000e+00]])
2023-12-29 07:00:17,668 | INFO | hilo.kernel-accessor : Fetching kernel: gumbel
2023-12-29 07:00:17,669 | INFO | hilo.gumbel-kernel : Calculating Gumbel distribution (location: -2.566988468170166, scale 3.1731772422790527)
2023-12-29 07:00:17,669 | INFO | hilo.gumbel-kernel : TOP-LEFT:
tensor([[8.0340e-01, 9.0527e-02, 5.1060e-03],
        [9.0527e-02, 5.1060e-03, 1.1156e-04],
        [5.1060e-03, 1.1156e-04, 6.6444e-07]])
2023-12-29 07:00:17,670 | INFO | hilo.kernel-accessor : Fetching kernel: gumbel
2023-12-29 07:00:17,670 | INFO | hilo.gumbel-kernel : Calculating Gumbel distribution (location: -2.695937156677246, scale 2.5362868309020996)
2023-12-29 07:00:17,670 | INFO | hilo.gumbel-kernel : TOP-RIGHT:
tensor([[1.9019e-05, 1.1472e-02, 9.7700e-01],
        [1.7286e-09, 1.9019e-05, 1.1472e-02],
        [2.1167e-15, 1.7286e-09, 1.9019e-05]])
2023-12-29 07:00:26,147 | INFO | hilo : Epoch  21/200 | Accuracy:  68.7500 | Loss:   1.0391
2023-12-29 07:00:26,147 | INFO | hilo.kernel-accessor : Fetching kernel: gumbel
2023-12-29 07:00:26,148 | INFO | hilo.gumbel-kernel : Calculating Gumbel distribution (location: -0.06137693673372269, scale 0.46386176347732544)
2023-12-29 07:00:26,149 | INFO | hilo.gumbel-kernel : TOP-RIGHT:
