2023-12-03 07:16:35,025 | INFO | hi-lo : 
+==============================================================+
|                                                              |
| ██████╗  █████╗ ██████╗ ██╗         ██╗      █████╗ ██████╗  |
| ██╔══██╗██╔══██╗██╔══██╗██║         ██║     ██╔══██╗██╔══██╗ |
| ██║  ██║███████║██║  ██║██║         ██║     ███████║██████╔╝ |
| ██║  ██║██╔══██║██║  ██║██║         ██║     ██╔══██║██╔══██╗ |
| ██████╔╝██║  ██║██████╔╝███████╗    ███████╗██║  ██║██████╔╝ |
| ╚═════╝ ╚═╝  ╚═╝╚═════╝ ╚══════╝    ╚══════╝╚═╝  ╚═╝╚═════╝  |
|                                                              |
+==============================================================+
|             Hi-Lo Resolution Image Classification            |
|             -------------------------------------            |
|                       Gabriel C. Trahan                      |
|                          Sahan Ahmad                         |
|                       MD  Aminual Islam                      |
+==============================================================+
| MODEL:                 normal | LR:                      0.1 |
| DISTRO:              gaussian | KERNEL TYPE:               1 |
| DATASET:             cifar100 | BATCH SIZE:               64 |
+=========================================================================+
2023-12-03 07:16:35,025 | INFO | hi-lo : Output directory: output/normal/gaussian/1/cifar100/20231203_071635
2023-12-03 07:16:35,025 | INFO | hi-lo.dataset-accessor : Fetching dataset: cifar100
2023-12-03 07:16:35,026 | INFO | hi-lo.cifar100-dataset : Initializing transform.
2023-12-03 07:16:35,026 | INFO | hi-lo.cifar100-dataset : Verifying/downloading train data.
2023-12-03 07:16:35,633 | INFO | hi-lo.cifar100-dataset : Verifying/downloading test data.
2023-12-03 07:16:36,120 | INFO | hi-lo.cifar100-dataset : Creating train data loader.
2023-12-03 07:16:36,121 | INFO | hi-lo.cifar100-dataset : Creating test data loader.
2023-12-03 07:16:37,110 | INFO | hi-lo : Using device: NVIDIA GeForce GTX 1060 6GB
2023-12-03 07:16:37,111 | INFO | hi-lo : Commencing training phase...
2023-12-03 07:16:37,111 | INFO | hi-lo : BEGIN EPOCH 1 =========================================================================
2023-12-03 07:16:37,111 | INFO | hi-lo.kernel-accessor : Fetching kernel: gaussian
2023-12-03 07:16:37,112 | INFO | hi-lo.gaussian-kernel : MU (LOCATION): 0.0 | SIGMA (SCALE): 1.0 | VARIANCE: 1.0
2023-12-03 07:16:37,113 | INFO | hi-lo.gaussian-kernel : TOP-LEFT
tensor([[0.3296, 0.1999, 0.0446],
        [0.1999, 0.1212, 0.0271],
        [0.0446, 0.0271, 0.0060]])
2023-12-03 07:16:37,113 | INFO | hi-lo.kernel-accessor : Fetching kernel: gaussian
2023-12-03 07:16:37,113 | INFO | hi-lo.gaussian-kernel : MU (LOCATION): 0.0 | SIGMA (SCALE): 1.0 | VARIANCE: 1.0
2023-12-03 07:16:37,113 | INFO | hi-lo.gaussian-kernel : TOP-LEFT
tensor([[0.3296, 0.1999, 0.0446],
        [0.1999, 0.1212, 0.0271],
        [0.0446, 0.0271, 0.0060]])
2023-12-03 07:16:37,114 | INFO | hi-lo.kernel-accessor : Fetching kernel: gaussian
2023-12-03 07:16:37,114 | INFO | hi-lo.gaussian-kernel : MU (LOCATION): 0.0 | SIGMA (SCALE): 1.0 | VARIANCE: 1.0
2023-12-03 07:16:37,114 | INFO | hi-lo.gaussian-kernel : BOTTOM-RIGHT
tensor([[0.0060, 0.0271, 0.0446],
        [0.0271, 0.1212, 0.1999],
        [0.0446, 0.1999, 0.3296]])
2023-12-03 07:16:37,114 | INFO | hi-lo.kernel-accessor : Fetching kernel: gaussian
2023-12-03 07:16:37,114 | INFO | hi-lo.gaussian-kernel : MU (LOCATION): 0.0 | SIGMA (SCALE): 1.0 | VARIANCE: 1.0
2023-12-03 07:16:37,115 | INFO | hi-lo.gaussian-kernel : BOTTOM-RIGHT
tensor([[0.0060, 0.0271, 0.0446],
        [0.0271, 0.1212, 0.1999],
        [0.0446, 0.1999, 0.3296]])
2023-12-03 07:16:46,295 | INFO | hi-lo : END EPOCH:   1 | ACCURACY: 34.06 | LOSS: 1.8096970319747925
2023-12-03 07:16:46,295 | INFO | hi-lo : BEGIN EPOCH 2 =========================================================================
2023-12-03 07:16:46,295 | INFO | hi-lo.kernel-accessor : Fetching kernel: gaussian
2023-12-03 07:16:46,296 | INFO | hi-lo.gaussian-kernel : MU (LOCATION): -0.035966526716947556 | SIGMA (SCALE): 0.5419782400131226 | VARIANCE: 0.2937404126477219
2023-12-03 07:16:46,296 | INFO | hi-lo.gaussian-kernel : BOTTOM-RIGHT
tensor([[5.5308e-07, 1.0321e-04, 6.3993e-04],
        [1.0321e-04, 1.9259e-02, 1.1941e-01],
        [6.3993e-04, 1.1941e-01, 7.4043e-01]])
2023-12-03 07:16:46,296 | INFO | hi-lo.kernel-accessor : Fetching kernel: gaussian
2023-12-03 07:16:46,297 | INFO | hi-lo.gaussian-kernel : MU (LOCATION): -0.6802624464035034 | SIGMA (SCALE): 1.5461081266403198 | VARIANCE: 2.3904503392632392
2023-12-03 07:16:46,297 | INFO | hi-lo.gaussian-kernel : BOTTOM-RIGHT
tensor([[0.0175, 0.0435, 0.0712],
        [0.0435, 0.1082, 0.1773],
        [0.0712, 0.1773, 0.2905]])
2023-12-03 07:16:46,298 | INFO | hi-lo.kernel-accessor : Fetching kernel: gaussian
2023-12-03 07:16:46,298 | INFO | hi-lo.gaussian-kernel : MU (LOCATION): -4.44077205657959 | SIGMA (SCALE): 10.060005187988281 | VARIANCE: 101.20370438235113
2023-12-03 07:16:46,298 | INFO | hi-lo.gaussian-kernel : TOP-LEFT
tensor([[0.1231, 0.1172, 0.1105],
        [0.1172, 0.1116, 0.1053],
        [0.1105, 0.1053, 0.0993]])
2023-12-03 07:16:46,299 | INFO | hi-lo.kernel-accessor : Fetching kernel: gaussian
2023-12-03 07:16:46,299 | INFO | hi-lo.gaussian-kernel : MU (LOCATION): -0.5364722013473511 | SIGMA (SCALE): 1.0613629817962646 | VARIANCE: 1.126491379127458
2023-12-03 07:16:46,299 | INFO | hi-lo.gaussian-kernel : BOTTOM-RIGHT
tensor([[0.0020, 0.0122, 0.0305],
        [0.0122, 0.0741, 0.1860],
        [0.0305, 0.1860, 0.4667]])
2023-12-03 07:16:54,637 | INFO | hi-lo : END EPOCH:   2 | ACCURACY: 35.54 | LOSS: 1.7922875881195068
2023-12-03 07:16:54,637 | INFO | hi-lo : BEGIN EPOCH 3 =========================================================================
2023-12-03 07:16:54,637 | INFO | hi-lo.kernel-accessor : Fetching kernel: gaussian
2023-12-03 07:16:54,638 | INFO | hi-lo.gaussian-kernel : MU (LOCATION): 0.053097259253263474 | SIGMA (SCALE): 0.48328226804733276 | VARIANCE: 0.233561750608974
2023-12-03 07:16:54,638 | INFO | hi-lo.gaussian-kernel : BOTTOM-RIGHT
tensor([[6.8765e-08, 3.3713e-05, 2.2845e-04],
        [3.3713e-05, 1.6528e-02, 1.1200e-01],
        [2.2845e-04, 1.1200e-01, 7.5895e-01]])
2023-12-03 07:16:54,639 | INFO | hi-lo.kernel-accessor : Fetching kernel: gaussian
2023-12-03 07:16:54,639 | INFO | hi-lo.gaussian-kernel : MU (LOCATION): -0.41376036405563354 | SIGMA (SCALE): 0.8010173439979553 | VARIANCE: 0.6416287853855387
2023-12-03 07:16:54,640 | INFO | hi-lo.gaussian-kernel : BOTTOM-RIGHT
tensor([[9.4727e-05, 1.8699e-03, 7.7681e-03],
        [1.8699e-03, 3.6913e-02, 1.5334e-01],
        [7.7681e-03, 1.5334e-01, 6.3703e-01]])
2023-12-03 07:16:54,640 | INFO | hi-lo.kernel-accessor : Fetching kernel: gaussian
2023-12-03 07:16:54,640 | INFO | hi-lo.gaussian-kernel : MU (LOCATION): -1.2365599870681763 | SIGMA (SCALE): 2.1193761825561523 | VARIANCE: 4.491755403186289
2023-12-03 07:16:54,641 | INFO | hi-lo.gaussian-kernel : TOP-LEFT
tensor([[0.2382, 0.1619, 0.0880],
        [0.1619, 0.1100, 0.0598],
        [0.0880, 0.0598, 0.0325]])
2023-12-03 07:16:54,641 | INFO | hi-lo.kernel-accessor : Fetching kernel: gaussian
2023-12-03 07:16:54,641 | INFO | hi-lo.gaussian-kernel : MU (LOCATION): -0.33333325386047363 | SIGMA (SCALE): 0.7819353342056274 | VARIANCE: 0.6114228668792663
2023-12-03 07:16:54,642 | INFO | hi-lo.gaussian-kernel : TOP-LEFT
tensor([[6.2130e-01, 1.5900e-01, 7.9281e-03],
        [1.5900e-01, 4.0688e-02, 2.0288e-03],
        [7.9281e-03, 2.0288e-03, 1.0117e-04]])
2023-12-03 07:17:03,018 | INFO | hi-lo : END EPOCH:   3 | ACCURACY: 39.29 | LOSS: 1.6646744012832642
2023-12-03 07:17:03,019 | INFO | hi-lo : BEGIN EPOCH 4 =========================================================================
2023-12-03 07:17:03,019 | INFO | hi-lo.kernel-accessor : Fetching kernel: gaussian
2023-12-03 07:17:03,020 | INFO | hi-lo.gaussian-kernel : MU (LOCATION): -0.06523819267749786 | SIGMA (SCALE): 0.4898682236671448 | VARIANCE: 0.23997087655880378
2023-12-03 07:17:03,020 | INFO | hi-lo.gaussian-kernel : TOP-LEFT
tensor([[8.3403e-01, 7.9108e-02, 1.1627e-04],
        [7.9108e-02, 7.5035e-03, 1.1029e-05],
        [1.1627e-04, 1.1029e-05, 1.6210e-08]])
2023-12-03 07:17:03,020 | INFO | hi-lo.kernel-accessor : Fetching kernel: gaussian
2023-12-03 07:17:03,021 | INFO | hi-lo.gaussian-kernel : MU (LOCATION): -0.49128881096839905 | SIGMA (SCALE): 0.8314708471298218 | VARIANCE: 0.6913437696267835
2023-12-03 07:17:03,021 | INFO | hi-lo.gaussian-kernel : TOP-LEFT
tensor([[6.3820e-01, 1.5214e-01, 8.5375e-03],
        [1.5214e-01, 3.6268e-02, 2.0352e-03],
        [8.5375e-03, 2.0352e-03, 1.1421e-04]])
2023-12-03 07:17:03,021 | INFO | hi-lo.kernel-accessor : Fetching kernel: gaussian
2023-12-03 07:17:03,022 | INFO | hi-lo.gaussian-kernel : MU (LOCATION): -1.0146381855010986 | SIGMA (SCALE): 1.919492483139038 | VARIANCE: 3.6844513928272704
2023-12-03 07:17:03,022 | INFO | hi-lo.gaussian-kernel : BOTTOM-RIGHT
tensor([[0.0281, 0.0556, 0.0839],
        [0.0556, 0.1101, 0.1661],
        [0.0839, 0.1661, 0.2505]])
2023-12-03 07:17:03,023 | INFO | hi-lo.kernel-accessor : Fetching kernel: gaussian
2023-12-03 07:17:03,023 | INFO | hi-lo.gaussian-kernel : MU (LOCATION): -0.7312968969345093 | SIGMA (SCALE): 1.58232843875885 | VARIANCE: 2.50376328810502
2023-12-03 07:17:03,024 | INFO | hi-lo.gaussian-kernel : BOTTOM-RIGHT
tensor([[0.0181, 0.0442, 0.0723],
        [0.0442, 0.1078, 0.1763],
        [0.0723, 0.1763, 0.2883]])
2023-12-03 07:17:11,509 | INFO | hi-lo : END EPOCH:   4 | ACCURACY: 50.0 | LOSS: 1.4084240198135376
2023-12-03 07:17:11,509 | INFO | hi-lo : BEGIN EPOCH 5 =========================================================================
2023-12-03 07:17:11,509 | INFO | hi-lo.kernel-accessor : Fetching kernel: gaussian
2023-12-03 07:17:11,510 | INFO | hi-lo.gaussian-kernel : MU (LOCATION): 0.01190626434981823 | SIGMA (SCALE): 0.4557860195636749 | VARIANCE: 0.20774089562969866
2023-12-03 07:17:11,511 | INFO | hi-lo.gaussian-kernel : BOTTOM-RIGHT
tensor([[4.5511e-09, 5.8757e-06, 6.1581e-05],
        [5.8757e-06, 7.5859e-03, 7.9505e-02],
        [6.1581e-05, 7.9505e-02, 8.3327e-01]])
2023-12-03 07:17:11,511 | INFO | hi-lo.kernel-accessor : Fetching kernel: gaussian
2023-12-03 07:17:11,511 | INFO | hi-lo.gaussian-kernel : MU (LOCATION): -0.39746296405792236 | SIGMA (SCALE): 0.7823156118392944 | VARIANCE: 0.6120177165274896
2023-12-03 07:17:11,512 | INFO | hi-lo.gaussian-kernel : BOTTOM-RIGHT
tensor([[7.0103e-05, 1.5567e-03, 6.7460e-03],
        [1.5567e-03, 3.4566e-02, 1.4980e-01],
        [6.7460e-03, 1.4980e-01, 6.4916e-01]])
2023-12-03 07:17:11,512 | INFO | hi-lo.kernel-accessor : Fetching kernel: gaussian
2023-12-03 07:17:11,512 | INFO | hi-lo.gaussian-kernel : MU (LOCATION): -0.8468227982521057 | SIGMA (SCALE): 1.618920087814331 | VARIANCE: 2.6209022507287614
2023-12-03 07:17:11,513 | INFO | hi-lo.gaussian-kernel : BOTTOM-RIGHT
tensor([[0.0176, 0.0430, 0.0720],
        [0.0430, 0.1054, 0.1762],
        [0.0720, 0.1762, 0.2946]])
2023-12-03 07:17:11,513 | INFO | hi-lo.kernel-accessor : Fetching kernel: gaussian
2023-12-03 07:17:11,513 | INFO | hi-lo.gaussian-kernel : MU (LOCATION): -0.7342928647994995 | SIGMA (SCALE): 1.8685559034347534 | VARIANCE: 3.4915011642608675
2023-12-03 07:17:11,514 | INFO | hi-lo.gaussian-kernel : TOP-LEFT
tensor([[0.2328, 0.1635, 0.0862],
        [0.1635, 0.1148, 0.0605],
        [0.0862, 0.0605, 0.0319]])
2023-12-03 07:17:19,965 | INFO | hi-lo : END EPOCH:   5 | ACCURACY: 49.06 | LOSS: 1.3253562450408936
2023-12-03 07:17:19,965 | INFO | hi-lo : BEGIN EPOCH 6 =========================================================================
2023-12-03 07:17:19,965 | INFO | hi-lo.kernel-accessor : Fetching kernel: gaussian
2023-12-03 07:17:19,966 | INFO | hi-lo.gaussian-kernel : MU (LOCATION): -0.09149862825870514 | SIGMA (SCALE): 0.44907790422439575 | VARIANCE: 0.20167096406257556
2023-12-03 07:17:19,967 | INFO | hi-lo.gaussian-kernel : BOTTOM-RIGHT
tensor([[3.5715e-10, 9.5523e-07, 1.7943e-05],
        [9.5523e-07, 2.5549e-03, 4.7990e-02],
        [1.7943e-05, 4.7990e-02, 9.0143e-01]])
2023-12-03 07:17:19,967 | INFO | hi-lo.kernel-accessor : Fetching kernel: gaussian
2023-12-03 07:17:19,967 | INFO | hi-lo.gaussian-kernel : MU (LOCATION): -0.49844419956207275 | SIGMA (SCALE): 0.8659319281578064 | VARIANCE: 0.7498381042030964
2023-12-03 07:17:19,968 | INFO | hi-lo.gaussian-kernel : BOTTOM-RIGHT
tensor([[2.0532e-04, 2.9505e-03, 1.1173e-02],
        [2.9505e-03, 4.2399e-02, 1.6056e-01],
        [1.1173e-02, 1.6056e-01, 6.0803e-01]])
2023-12-03 07:17:19,968 | INFO | hi-lo.kernel-accessor : Fetching kernel: gaussian
2023-12-03 07:17:19,968 | INFO | hi-lo.gaussian-kernel : MU (LOCATION): -0.773131787776947 | SIGMA (SCALE): 1.945766568183899 | VARIANCE: 3.7860075378621474
2023-12-03 07:17:19,969 | INFO | hi-lo.gaussian-kernel : TOP-LEFT
tensor([[0.2254, 0.1610, 0.0883],
        [0.1610, 0.1150, 0.0631],
        [0.0883, 0.0631, 0.0346]])
2023-12-03 07:17:19,969 | INFO | hi-lo.kernel-accessor : Fetching kernel: gaussian
2023-12-03 07:17:19,969 | INFO | hi-lo.gaussian-kernel : MU (LOCATION): -0.7986626625061035 | SIGMA (SCALE): 1.98817777633667 | VARIANCE: 3.9528508703190255
2023-12-03 07:17:19,970 | INFO | hi-lo.gaussian-kernel : TOP-LEFT
tensor([[0.2220, 0.1598, 0.0893],
        [0.1598, 0.1151, 0.0643],
        [0.0893, 0.0643, 0.0360]])
2023-12-03 07:17:28,416 | INFO | hi-lo : END EPOCH:   6 | ACCURACY: 50.88 | LOSS: 1.5857740640640259
2023-12-03 07:17:28,416 | INFO | hi-lo : BEGIN EPOCH 7 =========================================================================
2023-12-03 07:17:28,416 | INFO | hi-lo.kernel-accessor : Fetching kernel: gaussian
2023-12-03 07:17:28,417 | INFO | hi-lo.gaussian-kernel : MU (LOCATION): -0.057407982647418976 | SIGMA (SCALE): 0.5238121747970581 | VARIANCE: 0.27437919446562375
2023-12-03 07:17:28,418 | INFO | hi-lo.gaussian-kernel : BOTTOM-RIGHT
tensor([[1.5771e-07, 4.6021e-05, 3.5095e-04],
        [4.6021e-05, 1.3430e-02, 1.0241e-01],
        [3.5095e-04, 1.0241e-01, 7.8095e-01]])
2023-12-03 07:17:28,418 | INFO | hi-lo.kernel-accessor : Fetching kernel: gaussian
2023-12-03 07:17:28,418 | INFO | hi-lo.gaussian-kernel : MU (LOCATION): -0.45775365829467773 | SIGMA (SCALE): 0.9159194231033325 | VARIANCE: 0.8389083896179415
2023-12-03 07:17:28,419 | INFO | hi-lo.gaussian-kernel : TOP-LEFT
tensor([[5.4850e-01, 1.7513e-01, 1.6977e-02],
        [1.7513e-01, 5.5917e-02, 5.4204e-03],
        [1.6977e-02, 5.4204e-03, 5.2544e-04]])
2023-12-03 07:17:28,419 | INFO | hi-lo.kernel-accessor : Fetching kernel: gaussian
2023-12-03 07:17:28,419 | INFO | hi-lo.gaussian-kernel : MU (LOCATION): -0.9226510524749756 | SIGMA (SCALE): 2.049624443054199 | VARIANCE: 4.200960357565236
2023-12-03 07:17:28,420 | INFO | hi-lo.gaussian-kernel : BOTTOM-RIGHT
tensor([[0.0359, 0.0639, 0.0897],
        [0.0639, 0.1138, 0.1596],
        [0.0897, 0.1596, 0.2240]])
2023-12-03 07:17:28,420 | INFO | hi-lo.kernel-accessor : Fetching kernel: gaussian
2023-12-03 07:17:28,420 | INFO | hi-lo.gaussian-kernel : MU (LOCATION): -0.9179842472076416 | SIGMA (SCALE): 2.502209186553955 | VARIANCE: 6.261050813275006
2023-12-03 07:17:28,421 | INFO | hi-lo.gaussian-kernel : BOTTOM-RIGHT
tensor([[0.0537, 0.0790, 0.0990],
        [0.0790, 0.1162, 0.1457],
        [0.0990, 0.1457, 0.1827]])
2023-12-03 07:17:36,992 | INFO | hi-lo : END EPOCH:   7 | ACCURACY: 52.34 | LOSS: 1.4703313112258911
2023-12-03 07:17:36,992 | INFO | hi-lo : BEGIN EPOCH 8 =========================================================================
2023-12-03 07:17:36,992 | INFO | hi-lo.kernel-accessor : Fetching kernel: gaussian
2023-12-03 07:17:36,993 | INFO | hi-lo.gaussian-kernel : MU (LOCATION): -0.012072496116161346 | SIGMA (SCALE): 0.48892781138420105 | VARIANCE: 0.23905040474494488
2023-12-03 07:17:36,994 | INFO | hi-lo.gaussian-kernel : BOTTOM-RIGHT
tensor([[3.5374e-08, 1.9758e-05, 1.6829e-04],
        [1.9758e-05, 1.1036e-02, 9.3996e-02],
        [1.6829e-04, 9.3996e-02, 8.0060e-01]])
2023-12-03 07:17:36,994 | INFO | hi-lo.kernel-accessor : Fetching kernel: gaussian
2023-12-03 07:17:36,995 | INFO | hi-lo.gaussian-kernel : MU (LOCATION): -0.48256170749664307 | SIGMA (SCALE): 0.9510455131530762 | VARIANCE: 0.904487568088598
2023-12-03 07:17:36,995 | INFO | hi-lo.gaussian-kernel : TOP-LEFT
tensor([[0.5288, 0.1785, 0.0199],
        [0.1785, 0.0602, 0.0067],
        [0.0199, 0.0067, 0.0008]])
2023-12-03 07:17:36,995 | INFO | hi-lo.kernel-accessor : Fetching kernel: gaussian
2023-12-03 07:17:36,996 | INFO | hi-lo.gaussian-kernel : MU (LOCATION): -0.8578122854232788 | SIGMA (SCALE): 2.244203567504883 | VARIANCE: 5.036449652401643
2023-12-03 07:17:36,996 | INFO | hi-lo.gaussian-kernel : BOTTOM-RIGHT
tensor([[0.0455, 0.0727, 0.0951],
        [0.0727, 0.1160, 0.1519],
        [0.0951, 0.1519, 0.1990]])
2023-12-03 07:17:36,996 | INFO | hi-lo.kernel-accessor : Fetching kernel: gaussian
2023-12-03 07:17:36,997 | INFO | hi-lo.gaussian-kernel : MU (LOCATION): -0.7310745120048523 | SIGMA (SCALE): 2.365708827972412 | VARIANCE: 5.596578258746604
2023-12-03 07:17:36,997 | INFO | hi-lo.gaussian-kernel : TOP-LEFT
tensor([[0.1824, 0.1464, 0.0983],
        [0.1464, 0.1175, 0.0789],
        [0.0983, 0.0789, 0.0529]])
2023-12-03 07:17:45,387 | INFO | hi-lo : END EPOCH:   8 | ACCURACY: 54.69 | LOSS: 1.219358205795288
2023-12-03 07:17:45,387 | INFO | hi-lo : BEGIN EPOCH 9 =========================================================================
2023-12-03 07:17:45,387 | INFO | hi-lo.kernel-accessor : Fetching kernel: gaussian
2023-12-03 07:17:45,388 | INFO | hi-lo.gaussian-kernel : MU (LOCATION): -0.06834211945533752 | SIGMA (SCALE): 0.474806547164917 | VARIANCE: 0.22544125723067054
2023-12-03 07:17:45,388 | INFO | hi-lo.gaussian-kernel : BOTTOM-RIGHT
tensor([[5.0175e-09, 5.2695e-06, 6.5560e-05],
        [5.2695e-06, 5.5342e-03, 6.8853e-02],
        [6.5560e-05, 6.8853e-02, 8.5662e-01]])
2023-12-03 07:17:45,389 | INFO | hi-lo.kernel-accessor : Fetching kernel: gaussian
2023-12-03 07:17:45,389 | INFO | hi-lo.gaussian-kernel : MU (LOCATION): -0.6009977459907532 | SIGMA (SCALE): 0.8914622068405151 | VARIANCE: 0.7947048662249614
2023-12-03 07:17:45,390 | INFO | hi-lo.gaussian-kernel : BOTTOM-RIGHT
tensor([[1.9682e-04, 2.7684e-03, 1.1064e-02],
        [2.7684e-03, 3.8940e-02, 1.5562e-01],
        [1.1064e-02, 1.5562e-01, 6.2195e-01]])
2023-12-03 07:17:45,390 | INFO | hi-lo.kernel-accessor : Fetching kernel: gaussian
2023-12-03 07:17:45,390 | INFO | hi-lo.gaussian-kernel : MU (LOCATION): -0.6467353105545044 | SIGMA (SCALE): 1.7219104766845703 | VARIANCE: 2.964975689716084
2023-12-03 07:17:45,391 | INFO | hi-lo.gaussian-kernel : TOP-LEFT
tensor([[0.2479, 0.1684, 0.0816],
        [0.1684, 0.1144, 0.0554],
        [0.0816, 0.0554, 0.0269]])
2023-12-03 07:17:45,391 | INFO | hi-lo.kernel-accessor : Fetching kernel: gaussian
2023-12-03 07:17:45,391 | INFO | hi-lo.gaussian-kernel : MU (LOCATION): -0.546063244342804 | SIGMA (SCALE): 1.7228702306747437 | VARIANCE: 2.9682818317452444
2023-12-03 07:17:45,392 | INFO | hi-lo.gaussian-kernel : TOP-LEFT
tensor([[0.2366, 0.1663, 0.0835],
        [0.1663, 0.1169, 0.0587],
        [0.0835, 0.0587, 0.0295]])
2023-12-03 07:17:53,810 | INFO | hi-lo : END EPOCH:   9 | ACCURACY: 53.81 | LOSS: 1.551516056060791
2023-12-03 07:17:53,810 | INFO | hi-lo : BEGIN EPOCH 10 =========================================================================
2023-12-03 07:17:53,811 | INFO | hi-lo.kernel-accessor : Fetching kernel: gaussian
2023-12-03 07:17:53,811 | INFO | hi-lo.gaussian-kernel : MU (LOCATION): 0.043675027787685394 | SIGMA (SCALE): 0.47266295552253723 | VARIANCE: 0.2234102695233
2023-12-03 07:17:53,812 | INFO | hi-lo.gaussian-kernel : TOP-LEFT
tensor([[7.8330e-01, 1.0159e-01, 1.4992e-04],
        [1.0159e-01, 1.3176e-02, 1.9445e-05],
        [1.4992e-04, 1.9445e-05, 2.8695e-08]])
2023-12-03 07:17:53,812 | INFO | hi-lo.kernel-accessor : Fetching kernel: gaussian
2023-12-03 07:17:53,813 | INFO | hi-lo.gaussian-kernel : MU (LOCATION): -0.4568901062011719 | SIGMA (SCALE): 0.9350464344024658 | VARIANCE: 0.8743118344887648
2023-12-03 07:17:53,813 | INFO | hi-lo.gaussian-kernel : TOP-LEFT
tensor([[0.5325, 0.1782, 0.0190],
        [0.1782, 0.0597, 0.0064],
        [0.0190, 0.0064, 0.0007]])
2023-12-03 07:17:53,813 | INFO | hi-lo.kernel-accessor : Fetching kernel: gaussian
2023-12-03 07:17:53,814 | INFO | hi-lo.gaussian-kernel : MU (LOCATION): -0.8611782789230347 | SIGMA (SCALE): 2.222879648208618 | VARIANCE: 4.94119393042007
2023-12-03 07:17:53,814 | INFO | hi-lo.gaussian-kernel : TOP-LEFT
tensor([[0.2011, 0.1527, 0.0947],
        [0.1527, 0.1159, 0.0719],
        [0.0947, 0.0719, 0.0446]])
2023-12-03 07:17:53,815 | INFO | hi-lo.kernel-accessor : Fetching kernel: gaussian
2023-12-03 07:17:53,815 | INFO | hi-lo.gaussian-kernel : MU (LOCATION): -0.8766323328018188 | SIGMA (SCALE): 2.343221664428711 | VARIANCE: 5.490687768648058
2023-12-03 07:17:53,816 | INFO | hi-lo.gaussian-kernel : BOTTOM-RIGHT
tensor([[0.0489, 0.0754, 0.0968],
        [0.0754, 0.1162, 0.1493],
        [0.0968, 0.1493, 0.1919]])
2023-12-03 07:18:02,222 | INFO | hi-lo : END EPOCH:  10 | ACCURACY: 68.75 | LOSS: 1.0587176084518433
2023-12-03 07:18:02,222 | INFO | hi-lo : BEGIN EPOCH 11 =========================================================================
2023-12-03 07:18:02,222 | INFO | hi-lo.kernel-accessor : Fetching kernel: gaussian
2023-12-03 07:18:02,223 | INFO | hi-lo.gaussian-kernel : MU (LOCATION): -0.03380899131298065 | SIGMA (SCALE): 0.5081510543823242 | VARIANCE: 0.2582174940698678
2023-12-03 07:18:02,223 | INFO | hi-lo.gaussian-kernel : BOTTOM-RIGHT
tensor([[8.7343e-08, 3.3184e-05, 2.6227e-04],
        [3.3184e-05, 1.2608e-02, 9.9643e-02],
        [2.6227e-04, 9.9643e-02, 7.8751e-01]])
2023-12-03 07:18:02,224 | INFO | hi-lo.kernel-accessor : Fetching kernel: gaussian
2023-12-03 07:18:02,224 | INFO | hi-lo.gaussian-kernel : MU (LOCATION): -0.609652042388916 | SIGMA (SCALE): 0.991703987121582 | VARIANCE: 0.9834767980728429
2023-12-03 07:18:02,225 | INFO | hi-lo.gaussian-kernel : TOP-LEFT
tensor([[0.5395, 0.1746, 0.0204],
        [0.1746, 0.0565, 0.0066],
        [0.0204, 0.0066, 0.0008]])
2023-12-03 07:18:02,225 | INFO | hi-lo.kernel-accessor : Fetching kernel: gaussian
2023-12-03 07:18:02,225 | INFO | hi-lo.gaussian-kernel : MU (LOCATION): -0.8180254697799683 | SIGMA (SCALE): 2.4593043327331543 | VARIANCE: 6.048177801000065
2023-12-03 07:18:02,226 | INFO | hi-lo.gaussian-kernel : BOTTOM-RIGHT
tensor([[0.0543, 0.0797, 0.0991],
        [0.0797, 0.1169, 0.1453],
        [0.0991, 0.1453, 0.1807]])
2023-12-03 07:18:02,226 | INFO | hi-lo.kernel-accessor : Fetching kernel: gaussian
2023-12-03 07:18:02,226 | INFO | hi-lo.gaussian-kernel : MU (LOCATION): -1.1708056926727295 | SIGMA (SCALE): 2.9617066383361816 | VARIANCE: 8.771706211564606
2023-12-03 07:18:02,227 | INFO | hi-lo.gaussian-kernel : TOP-LEFT
tensor([[0.1685, 0.1393, 0.1027],
        [0.1393, 0.1151, 0.0849],
        [0.1027, 0.0849, 0.0626]])
2023-12-03 07:18:10,690 | INFO | hi-lo : END EPOCH:  11 | ACCURACY: 53.65 | LOSS: 1.485595941543579
2023-12-03 07:18:10,690 | INFO | hi-lo : BEGIN EPOCH 12 =========================================================================
2023-12-03 07:18:10,690 | INFO | hi-lo.kernel-accessor : Fetching kernel: gaussian
2023-12-03 07:18:10,691 | INFO | hi-lo.gaussian-kernel : MU (LOCATION): -0.0990186333656311 | SIGMA (SCALE): 0.4967842698097229 | VARIANCE: 0.24679461073037956
2023-12-03 07:18:10,692 | INFO | hi-lo.gaussian-kernel : TOP-LEFT
tensor([[8.4413e-01, 7.4523e-02, 1.1440e-04],
        [7.4523e-02, 6.5792e-03, 1.0100e-05],
        [1.1440e-04, 1.0100e-05, 1.5504e-08]])
2023-12-03 07:18:10,692 | INFO | hi-lo.kernel-accessor : Fetching kernel: gaussian
2023-12-03 07:18:10,693 | INFO | hi-lo.gaussian-kernel : MU (LOCATION): -0.6368997693061829 | SIGMA (SCALE): 0.93223637342453 | VARIANCE: 0.8690646559357198
2023-12-03 07:18:10,693 | INFO | hi-lo.gaussian-kernel : TOP-LEFT
tensor([[5.9774e-01, 1.6158e-01, 1.3820e-02],
        [1.6158e-01, 4.3675e-02, 3.7357e-03],
        [1.3820e-02, 3.7357e-03, 3.1953e-04]])
2023-12-03 07:18:10,693 | INFO | hi-lo.kernel-accessor : Fetching kernel: gaussian
2023-12-03 07:18:10,694 | INFO | hi-lo.gaussian-kernel : MU (LOCATION): -0.6328677535057068 | SIGMA (SCALE): 2.0047197341918945 | VARIANCE: 4.01890121265842
2023-12-03 07:18:10,694 | INFO | hi-lo.gaussian-kernel : BOTTOM-RIGHT
tensor([[0.0407, 0.0693, 0.0918],
        [0.0693, 0.1178, 0.1561],
        [0.0918, 0.1561, 0.2070]])
2023-12-03 07:18:10,695 | INFO | hi-lo.kernel-accessor : Fetching kernel: gaussian
2023-12-03 07:18:10,695 | INFO | hi-lo.gaussian-kernel : MU (LOCATION): -0.7763146162033081 | SIGMA (SCALE): 2.284496545791626 | VARIANCE: 5.218924467733871
2023-12-03 07:18:10,696 | INFO | hi-lo.gaussian-kernel : BOTTOM-RIGHT
tensor([[0.0489, 0.0756, 0.0966],
        [0.0756, 0.1170, 0.1494],
        [0.0966, 0.1494, 0.1908]])
2023-12-03 07:18:19,120 | INFO | hi-lo : END EPOCH:  12 | ACCURACY: 68.23 | LOSS: 1.210111379623413
2023-12-03 07:18:19,120 | INFO | hi-lo : BEGIN EPOCH 13 =========================================================================
2023-12-03 07:18:19,121 | INFO | hi-lo.kernel-accessor : Fetching kernel: gaussian
2023-12-03 07:18:19,121 | INFO | hi-lo.gaussian-kernel : MU (LOCATION): -0.15758590400218964 | SIGMA (SCALE): 0.47772130370140076 | VARIANCE: 0.22821764401016598
2023-12-03 07:18:19,122 | INFO | hi-lo.gaussian-kernel : BOTTOM-RIGHT
tensor([[1.3840e-09, 1.9746e-06, 3.5226e-05],
        [1.9746e-06, 2.8174e-03, 5.0260e-02],
        [3.5226e-05, 5.0260e-02, 8.9659e-01]])
2023-12-03 07:18:19,122 | INFO | hi-lo.kernel-accessor : Fetching kernel: gaussian
2023-12-03 07:18:19,122 | INFO | hi-lo.gaussian-kernel : MU (LOCATION): -0.6801105737686157 | SIGMA (SCALE): 0.9877170324325562 | VARIANCE: 0.9755849361573752
2023-12-03 07:18:19,123 | INFO | hi-lo.gaussian-kernel : BOTTOM-RIGHT
tensor([[0.0006, 0.0054, 0.0180],
        [0.0054, 0.0503, 0.1686],
        [0.0180, 0.1686, 0.5651]])
2023-12-03 07:18:19,123 | INFO | hi-lo.kernel-accessor : Fetching kernel: gaussian
2023-12-03 07:18:19,124 | INFO | hi-lo.gaussian-kernel : MU (LOCATION): -0.7415726184844971 | SIGMA (SCALE): 2.459402322769165 | VARIANCE: 6.048659785242364
2023-12-03 07:18:19,124 | INFO | hi-lo.gaussian-kernel : BOTTOM-RIGHT
tensor([[0.0560, 0.0811, 0.0995],
        [0.0811, 0.1174, 0.1442],
        [0.0995, 0.1442, 0.1770]])
2023-12-03 07:18:19,124 | INFO | hi-lo.kernel-accessor : Fetching kernel: gaussian
2023-12-03 07:18:19,125 | INFO | hi-lo.gaussian-kernel : MU (LOCATION): -1.16158127784729 | SIGMA (SCALE): 3.0381128787994385 | VARIANCE: 9.230129864327012
2023-12-03 07:18:19,125 | INFO | hi-lo.gaussian-kernel : TOP-LEFT
tensor([[0.1651, 0.1379, 0.1033],
        [0.1379, 0.1152, 0.0863],
        [0.1033, 0.0863, 0.0647]])
2023-12-03 07:18:27,569 | INFO | hi-lo : END EPOCH:  13 | ACCURACY: 60.38 | LOSS: 1.2460689544677734
2023-12-03 07:18:27,569 | INFO | hi-lo : BEGIN EPOCH 14 =========================================================================
2023-12-03 07:18:27,569 | INFO | hi-lo.kernel-accessor : Fetching kernel: gaussian
2023-12-03 07:18:27,570 | INFO | hi-lo.gaussian-kernel : MU (LOCATION): 0.012512784451246262 | SIGMA (SCALE): 0.5029505491256714 | VARIANCE: 0.2529592548658144
2023-12-03 07:18:27,571 | INFO | hi-lo.gaussian-kernel : BOTTOM-RIGHT
tensor([[1.2594e-07, 4.5078e-05, 3.0968e-04],
        [4.5078e-05, 1.6135e-02, 1.1084e-01],
        [3.0968e-04, 1.1084e-01, 7.6147e-01]])
2023-12-03 07:18:27,571 | INFO | hi-lo.kernel-accessor : Fetching kernel: gaussian
2023-12-03 07:18:27,571 | INFO | hi-lo.gaussian-kernel : MU (LOCATION): -0.5385839343070984 | SIGMA (SCALE): 1.0382381677627563 | VARIANCE: 1.0779384929993654
2023-12-03 07:18:27,572 | INFO | hi-lo.gaussian-kernel : BOTTOM-RIGHT
tensor([[0.0016, 0.0106, 0.0278],
        [0.0106, 0.0703, 0.1842],
        [0.0278, 0.1842, 0.4828]])
2023-12-03 07:18:27,572 | INFO | hi-lo.kernel-accessor : Fetching kernel: gaussian
2023-12-03 07:18:27,572 | INFO | hi-lo.gaussian-kernel : MU (LOCATION): -1.0060830116271973 | SIGMA (SCALE): 2.8562819957733154 | VARIANCE: 8.158346839378794
2023-12-03 07:18:27,573 | INFO | hi-lo.gaussian-kernel : TOP-LEFT
tensor([[0.1676, 0.1393, 0.1025],
        [0.1393, 0.1158, 0.0852],
        [0.1025, 0.0852, 0.0627]])
2023-12-03 07:18:27,573 | INFO | hi-lo.kernel-accessor : Fetching kernel: gaussian
2023-12-03 07:18:27,573 | INFO | hi-lo.gaussian-kernel : MU (LOCATION): -1.4358890056610107 | SIGMA (SCALE): 3.5790932178497314 | VARIANCE: 12.809908262057945
2023-12-03 07:18:27,574 | INFO | hi-lo.gaussian-kernel : BOTTOM-RIGHT
tensor([[0.0723, 0.0909, 0.1057],
        [0.0909, 0.1143, 0.1329],
        [0.1057, 0.1329, 0.1546]])
2023-12-03 07:18:36,036 | INFO | hi-lo : END EPOCH:  14 | ACCURACY: 56.83 | LOSS: 1.3384274244308472
2023-12-03 07:18:36,036 | INFO | hi-lo : BEGIN EPOCH 15 =========================================================================
2023-12-03 07:18:36,036 | INFO | hi-lo.kernel-accessor : Fetching kernel: gaussian
2023-12-03 07:18:36,037 | INFO | hi-lo.gaussian-kernel : MU (LOCATION): -0.06895774602890015 | SIGMA (SCALE): 0.5286110639572144 | VARIANCE: 0.27942965693797817
2023-12-03 07:18:36,038 | INFO | hi-lo.gaussian-kernel : BOTTOM-RIGHT
tensor([[1.7681e-07, 4.8529e-05, 3.7178e-04],
        [4.8529e-05, 1.3320e-02, 1.0204e-01],
        [3.7178e-04, 1.0204e-01, 7.8175e-01]])
2023-12-03 07:18:36,038 | INFO | hi-lo.kernel-accessor : Fetching kernel: gaussian
2023-12-03 07:18:36,038 | INFO | hi-lo.gaussian-kernel : MU (LOCATION): -0.5833582878112793 | SIGMA (SCALE): 1.1106349229812622 | VARIANCE: 1.2335099321455942
2023-12-03 07:18:36,039 | INFO | hi-lo.gaussian-kernel : BOTTOM-RIGHT
tensor([[0.0026, 0.0143, 0.0345],
        [0.0143, 0.0775, 0.1866],
        [0.0345, 0.1866, 0.4491]])
2023-12-03 07:18:36,039 | INFO | hi-lo.kernel-accessor : Fetching kernel: gaussian
2023-12-03 07:18:36,039 | INFO | hi-lo.gaussian-kernel : MU (LOCATION): -0.906616747379303 | SIGMA (SCALE): 2.83654522895813 | VARIANCE: 8.04598883592513
2023-12-03 07:18:36,040 | INFO | hi-lo.gaussian-kernel : BOTTOM-RIGHT
tensor([[0.0639, 0.0862, 0.1027],
        [0.0862, 0.1163, 0.1385],
        [0.1027, 0.1385, 0.1650]])
2023-12-03 07:18:36,040 | INFO | hi-lo.kernel-accessor : Fetching kernel: gaussian
2023-12-03 07:18:36,040 | INFO | hi-lo.gaussian-kernel : MU (LOCATION): -1.25281822681427 | SIGMA (SCALE): 3.30435848236084 | VARIANCE: 10.918784979950033
2023-12-03 07:18:36,041 | INFO | hi-lo.gaussian-kernel : TOP-LEFT
tensor([[0.1583, 0.1348, 0.1048],
        [0.1348, 0.1148, 0.0892],
        [0.1048, 0.0892, 0.0693]])
2023-12-03 07:18:44,513 | INFO | hi-lo : END EPOCH:  15 | ACCURACY: 62.3 | LOSS: 1.049005150794983
2023-12-03 07:18:44,513 | INFO | hi-lo : BEGIN EPOCH 16 =========================================================================
2023-12-03 07:18:44,513 | INFO | hi-lo.kernel-accessor : Fetching kernel: gaussian
2023-12-03 07:18:44,514 | INFO | hi-lo.gaussian-kernel : MU (LOCATION): -0.041803084313869476 | SIGMA (SCALE): 0.5395180583000183 | VARIANCE: 0.29107973523182196
2023-12-03 07:18:44,514 | INFO | hi-lo.gaussian-kernel : BOTTOM-RIGHT
tensor([[4.5329e-07, 9.0524e-05, 5.8229e-04],
        [9.0524e-05, 1.8078e-02, 1.1629e-01],
        [5.8229e-04, 1.1629e-01, 7.4800e-01]])
2023-12-03 07:18:44,514 | INFO | hi-lo.kernel-accessor : Fetching kernel: gaussian
2023-12-03 07:18:44,514 | INFO | hi-lo.gaussian-kernel : MU (LOCATION): -0.5278310775756836 | SIGMA (SCALE): 1.0397058725357056 | VARIANCE: 1.0809883013852328
2023-12-03 07:18:44,515 | INFO | hi-lo.gaussian-kernel : TOP-LEFT
tensor([[0.4785, 0.1849, 0.0283],
        [0.1849, 0.0715, 0.0109],
        [0.0283, 0.0109, 0.0017]])
2023-12-03 07:18:44,515 | INFO | hi-lo.kernel-accessor : Fetching kernel: gaussian
2023-12-03 07:18:44,515 | INFO | hi-lo.gaussian-kernel : MU (LOCATION): -0.8048510551452637 | SIGMA (SCALE): 2.486253499984741 | VARIANCE: 6.181456466186376
2023-12-03 07:18:44,515 | INFO | hi-lo.gaussian-kernel : TOP-LEFT
tensor([[0.1784, 0.1445, 0.0995],
        [0.1445, 0.1170, 0.0806],
        [0.0995, 0.0806, 0.0555]])
2023-12-03 07:18:44,515 | INFO | hi-lo.kernel-accessor : Fetching kernel: gaussian
2023-12-03 07:18:44,516 | INFO | hi-lo.gaussian-kernel : MU (LOCATION): -1.1138403415679932 | SIGMA (SCALE): 3.062324285507202 | VARIANCE: 9.377830029607196
2023-12-03 07:18:44,516 | INFO | hi-lo.gaussian-kernel : TOP-LEFT
tensor([[0.1627, 0.1370, 0.1037],
        [0.1370, 0.1153, 0.0873],
        [0.1037, 0.0873, 0.0660]])
2023-12-03 07:18:53,023 | INFO | hi-lo : END EPOCH:  16 | ACCURACY: 58.75 | LOSS: 1.2759665250778198
2023-12-03 07:18:53,023 | INFO | hi-lo : BEGIN EPOCH 17 =========================================================================
2023-12-03 07:18:53,023 | INFO | hi-lo.kernel-accessor : Fetching kernel: gaussian
2023-12-03 07:18:53,024 | INFO | hi-lo.gaussian-kernel : MU (LOCATION): -0.006687521934509277 | SIGMA (SCALE): 0.5132809281349182 | VARIANCE: 0.2634573111870431
2023-12-03 07:18:53,025 | INFO | hi-lo.gaussian-kernel : TOP-LEFT
tensor([[7.6062e-01, 1.1115e-01, 3.6495e-04],
        [1.1115e-01, 1.6243e-02, 5.3332e-05],
        [3.6495e-04, 5.3332e-05, 1.7510e-07]])
2023-12-03 07:18:53,025 | INFO | hi-lo.kernel-accessor : Fetching kernel: gaussian
2023-12-03 07:18:53,025 | INFO | hi-lo.gaussian-kernel : MU (LOCATION): -0.5541599988937378 | SIGMA (SCALE): 1.0120187997817993 | VARIANCE: 1.0241820511117936
2023-12-03 07:18:53,026 | INFO | hi-lo.gaussian-kernel : BOTTOM-RIGHT
tensor([[0.0012, 0.0087, 0.0243],
        [0.0087, 0.0646, 0.1809],
        [0.0243, 0.1809, 0.5063]])
2023-12-03 07:18:53,026 | INFO | hi-lo.kernel-accessor : Fetching kernel: gaussian
2023-12-03 07:18:53,026 | INFO | hi-lo.gaussian-kernel : MU (LOCATION): -0.885868489742279 | SIGMA (SCALE): 2.5766873359680176 | VARIANCE: 6.6393176273379595
2023-12-03 07:18:53,027 | INFO | hi-lo.gaussian-kernel : TOP-LEFT
tensor([[0.1768, 0.1435, 0.1002],
        [0.1435, 0.1165, 0.0813],
        [0.1002, 0.0813, 0.0568]])
2023-12-03 07:18:53,027 | INFO | hi-lo.kernel-accessor : Fetching kernel: gaussian
2023-12-03 07:18:53,027 | INFO | hi-lo.gaussian-kernel : MU (LOCATION): -0.8059477806091309 | SIGMA (SCALE): 2.2818148136138916 | VARIANCE: 5.206678843627799
2023-12-03 07:18:53,028 | INFO | hi-lo.gaussian-kernel : TOP-LEFT
tensor([[0.1927, 0.1500, 0.0963],
        [0.1500, 0.1167, 0.0749],
        [0.0963, 0.0749, 0.0481]])
2023-12-03 07:19:01,518 | INFO | hi-lo : END EPOCH:  17 | ACCURACY: 62.19 | LOSS: 1.072688341140747
2023-12-03 07:19:01,518 | INFO | hi-lo : BEGIN EPOCH 18 =========================================================================
2023-12-03 07:19:01,518 | INFO | hi-lo.kernel-accessor : Fetching kernel: gaussian
2023-12-03 07:19:01,519 | INFO | hi-lo.gaussian-kernel : MU (LOCATION): 0.12119221687316895 | SIGMA (SCALE): 0.5247938632965088 | VARIANCE: 0.27540859895367475
2023-12-03 07:19:01,520 | INFO | hi-lo.gaussian-kernel : BOTTOM-RIGHT
tensor([[1.8193e-06, 2.7175e-04, 1.0753e-03],
        [2.7175e-04, 4.0590e-02, 1.6061e-01],
        [1.0753e-03, 1.6061e-01, 6.3550e-01]])
2023-12-03 07:19:01,520 | INFO | hi-lo.kernel-accessor : Fetching kernel: gaussian
2023-12-03 07:19:01,520 | INFO | hi-lo.gaussian-kernel : MU (LOCATION): -0.5450267195701599 | SIGMA (SCALE): 1.0048513412475586 | VARIANCE: 1.0097262180070175
2023-12-03 07:19:01,521 | INFO | hi-lo.gaussian-kernel : TOP-LEFT
tensor([[0.5087, 0.1807, 0.0238],
        [0.1807, 0.0642, 0.0085],
        [0.0238, 0.0085, 0.0011]])
2023-12-03 07:19:01,521 | INFO | hi-lo.kernel-accessor : Fetching kernel: gaussian
2023-12-03 07:19:01,521 | INFO | hi-lo.gaussian-kernel : MU (LOCATION): -0.7110200524330139 | SIGMA (SCALE): 2.214820623397827 | VARIANCE: 4.90543039382834
2023-12-03 07:19:01,522 | INFO | hi-lo.gaussian-kernel : BOTTOM-RIGHT
tensor([[0.0477, 0.0749, 0.0958],
        [0.0749, 0.1175, 0.1504],
        [0.0958, 0.1504, 0.1925]])
2023-12-03 07:19:01,522 | INFO | hi-lo.kernel-accessor : Fetching kernel: gaussian
2023-12-03 07:19:01,522 | INFO | hi-lo.gaussian-kernel : MU (LOCATION): -1.1485402584075928 | SIGMA (SCALE): 2.780620574951172 | VARIANCE: 7.731850781841786
2023-12-03 07:19:01,523 | INFO | hi-lo.gaussian-kernel : BOTTOM-RIGHT
tensor([[0.0580, 0.0817, 0.1011],
        [0.0817, 0.1151, 0.1424],
        [0.1011, 0.1424, 0.1763]])
2023-12-03 07:19:09,991 | INFO | hi-lo : END EPOCH:  18 | ACCURACY: 61.13 | LOSS: 1.2058219909667969
2023-12-03 07:19:09,991 | INFO | hi-lo : BEGIN EPOCH 19 =========================================================================
2023-12-03 07:19:09,992 | INFO | hi-lo.kernel-accessor : Fetching kernel: gaussian
2023-12-03 07:19:09,992 | INFO | hi-lo.gaussian-kernel : MU (LOCATION): -0.1716187298297882 | SIGMA (SCALE): 0.5361309051513672 | VARIANCE: 0.2874363474584243
2023-12-03 07:19:09,993 | INFO | hi-lo.gaussian-kernel : BOTTOM-RIGHT
tensor([[6.8980e-08, 2.3143e-05, 2.3943e-04],
        [2.3143e-05, 7.7643e-03, 8.0328e-02],
        [2.3943e-04, 8.0328e-02, 8.3106e-01]])
2023-12-03 07:19:09,993 | INFO | hi-lo.kernel-accessor : Fetching kernel: gaussian
2023-12-03 07:19:09,993 | INFO | hi-lo.gaussian-kernel : MU (LOCATION): -0.5976989269256592 | SIGMA (SCALE): 1.062650203704834 | VARIANCE: 1.1292254554339252
2023-12-03 07:19:09,994 | INFO | hi-lo.gaussian-kernel : TOP-LEFT
tensor([[0.4841, 0.1831, 0.0286],
        [0.1831, 0.0693, 0.0108],
        [0.0286, 0.0108, 0.0017]])
2023-12-03 07:19:09,994 | INFO | hi-lo.kernel-accessor : Fetching kernel: gaussian
2023-12-03 07:19:09,995 | INFO | hi-lo.gaussian-kernel : MU (LOCATION): -0.7223731279373169 | SIGMA (SCALE): 2.259934663772583 | VARIANCE: 5.107304684520898
2023-12-03 07:19:09,995 | INFO | hi-lo.gaussian-kernel : BOTTOM-RIGHT
tensor([[0.0492, 0.0760, 0.0966],
        [0.0760, 0.1175, 0.1492],
        [0.0966, 0.1492, 0.1896]])
2023-12-03 07:19:09,995 | INFO | hi-lo.kernel-accessor : Fetching kernel: gaussian
2023-12-03 07:19:09,996 | INFO | hi-lo.gaussian-kernel : MU (LOCATION): -1.2925562858581543 | SIGMA (SCALE): 3.053685426712036 | VARIANCE: 9.32499468531347
2023-12-03 07:19:09,996 | INFO | hi-lo.gaussian-kernel : BOTTOM-RIGHT
tensor([[0.0630, 0.0850, 0.1030],
        [0.0850, 0.1147, 0.1390],
        [0.1030, 0.1390, 0.1684]])
2023-12-03 07:19:18,552 | INFO | hi-lo : END EPOCH:  19 | ACCURACY: 60.27 | LOSS: 1.0071996450424194
2023-12-03 07:19:18,552 | INFO | hi-lo : BEGIN EPOCH 20 =========================================================================
2023-12-03 07:19:18,552 | INFO | hi-lo.kernel-accessor : Fetching kernel: gaussian
2023-12-03 07:19:18,553 | INFO | hi-lo.gaussian-kernel : MU (LOCATION): -0.16577132046222687 | SIGMA (SCALE): 0.5145893096923828 | VARIANCE: 0.26480215764968307
2023-12-03 07:19:18,553 | INFO | hi-lo.gaussian-kernel : TOP-LEFT
tensor([[8.5563e-01, 6.9243e-02, 1.2835e-04],
        [6.9243e-02, 5.6035e-03, 1.0387e-05],
        [1.2835e-04, 1.0387e-05, 1.9253e-08]])
2023-12-03 07:19:18,553 | INFO | hi-lo.kernel-accessor : Fetching kernel: gaussian
2023-12-03 07:19:18,553 | INFO | hi-lo.gaussian-kernel : MU (LOCATION): -0.6093956232070923 | SIGMA (SCALE): 0.9956918358802795 | VARIANCE: 0.9914022320386415
2023-12-03 07:19:18,554 | INFO | hi-lo.gaussian-kernel : BOTTOM-RIGHT
tensor([[0.0008, 0.0068, 0.0209],
        [0.0068, 0.0572, 0.1752],
        [0.0209, 0.1752, 0.5363]])
2023-12-03 07:19:18,554 | INFO | hi-lo.kernel-accessor : Fetching kernel: gaussian
2023-12-03 07:19:18,554 | INFO | hi-lo.gaussian-kernel : MU (LOCATION): -0.6335294842720032 | SIGMA (SCALE): 2.1570241451263428 | VARIANCE: 4.65275316265803
2023-12-03 07:19:18,555 | INFO | hi-lo.gaussian-kernel : TOP-LEFT
tensor([[0.1925, 0.1509, 0.0954],
