2023-10-12 09:18:48,507 | INFO | hi-lo : 
+=========================================================================+
|  ______     ______   ______    ___         ___        ______   _______  |
| /| ___ \  // ____ \ /| ___ \  /| |        /| |      // ____ \ /| ___  \ |
| /| |//\ \ /| |//| | /| |//\ \ /| |        /| |      /| |//| | /| |//| | |
| /| | /| | /| ____ | /| | /| | /| |        /| |      /| ____ | /| ___  / |
| /| |_// / /| |//| | /| |_// / /| |____    /| |____  /| |//| | /| |//\ \ |
| /|_____/  /|_| /|_| /|_____/  /|______|   /|______| /|_| /|_| /|______/ |
| ///////   ///  ///  //////    ////////    ////////  ///  ///  ////////  |
+=========================================================================+
|                  Hi-Lo Resolution Image Classification                  |
|                  -------------------------------------                  |
|                            Gabriel C. Trahan                            |
|                               Sahan Ahmad                               |
|                            MD  Aminual Islam                            |
+=========================================================================+
| MODEL:                      normal | LR:                            0.1 |
| DISTRO:                     gumbel | KERNEL TYPE:                     1 |
| DATASET:                  cifar100 | BATCH SIZE:                     64 |
+=========================================================================+
2023-10-12 09:18:48,507 | INFO | hi-lo : Output directory: output/gumbel//1/normal/cifar100/20231012_091848
2023-10-12 09:18:48,507 | INFO | hi-lo.dataset-accessor : Fetching dataset: cifar100
2023-10-12 09:18:48,507 | INFO | hi-lo.cifar100-dataset : Initializing transform.
2023-10-12 09:18:48,507 | INFO | hi-lo.cifar100-dataset : Verifying/downloading train data.
2023-10-12 09:18:49,111 | INFO | hi-lo.cifar100-dataset : Verifying/downloading test data.
2023-10-12 09:18:49,591 | INFO | hi-lo.cifar100-dataset : Creating train data loader.
2023-10-12 09:18:49,591 | INFO | hi-lo.cifar100-dataset : Creating test data loader.
2023-10-12 09:18:50,580 | INFO | hi-lo : Using device: NVIDIA GeForce GTX 1060 6GB
2023-10-12 09:18:50,580 | INFO | hi-lo : Commencing training phase...
2023-10-12 09:18:50,580 | INFO | hi-lo : BEGIN EPOCH 1 =========================================================================
2023-10-12 09:18:50,581 | INFO | hi-lo.kernel-accessor : Fetching kernel: gumbel
2023-10-12 09:18:50,581 | INFO | hi-lo.gumbel-kernel : MU (LOCATION): 0.0 | BETA (SCALE): 1.0
2023-10-12 09:18:50,582 | INFO | hi-lo.gumbel-kernel : TOP-LEFT
tensor([[8.8288e-01, 5.8259e-02, 2.0072e-04],
        [5.8259e-02, 2.0072e-04, 2.2609e-10],
        [2.0072e-04, 2.2609e-10, 8.5377e-26]])
2023-10-12 09:18:50,582 | INFO | hi-lo.kernel-accessor : Fetching kernel: gumbel
2023-10-12 09:18:50,582 | INFO | hi-lo.gumbel-kernel : MU (LOCATION): 0.0 | BETA (SCALE): 1.0
2023-10-12 09:18:50,583 | INFO | hi-lo.gumbel-kernel : BOTTOM-RIGHT
tensor([[8.5377e-26, 2.2609e-10, 2.0072e-04],
        [2.2609e-10, 2.0072e-04, 5.8259e-02],
        [2.0072e-04, 5.8259e-02, 8.8288e-01]])
2023-10-12 09:18:50,583 | INFO | hi-lo.kernel-accessor : Fetching kernel: gumbel
2023-10-12 09:18:50,583 | INFO | hi-lo.gumbel-kernel : MU (LOCATION): 0.0 | BETA (SCALE): 1.0
2023-10-12 09:18:50,583 | INFO | hi-lo.gumbel-kernel : BOTTOM-RIGHT
tensor([[8.5377e-26, 2.2609e-10, 2.0072e-04],
        [2.2609e-10, 2.0072e-04, 5.8259e-02],
        [2.0072e-04, 5.8259e-02, 8.8288e-01]])
2023-10-12 09:18:50,583 | INFO | hi-lo.kernel-accessor : Fetching kernel: gumbel
2023-10-12 09:18:50,583 | INFO | hi-lo.gumbel-kernel : MU (LOCATION): 0.0 | BETA (SCALE): 1.0
2023-10-12 09:18:50,584 | INFO | hi-lo.gumbel-kernel : TOP-LEFT
tensor([[8.8288e-01, 5.8259e-02, 2.0072e-04],
        [5.8259e-02, 2.0072e-04, 2.2609e-10],
        [2.0072e-04, 2.2609e-10, 8.5377e-26]])
2023-10-12 09:18:59,864 | INFO | hi-lo : END EPOCH:   1 | ACCURACY: 39.06 | LOSS: 1.7588218450546265
2023-10-12 09:18:59,864 | INFO | hi-lo : BEGIN EPOCH 2 =========================================================================
2023-10-12 09:18:59,864 | INFO | hi-lo.kernel-accessor : Fetching kernel: gumbel
2023-10-12 09:18:59,865 | INFO | hi-lo.gumbel-kernel : MU (LOCATION): -0.11710881441831589 | BETA (SCALE): 0.49879932403564453
2023-10-12 09:18:59,865 | INFO | hi-lo.gumbel-kernel : TOP-LEFT
tensor([[9.9999e-01, 4.6444e-06, 4.6168e-40],
        [4.6444e-06, 4.6168e-40, 0.0000e+00],
        [4.6168e-40, 0.0000e+00, 0.0000e+00]])
2023-10-12 09:18:59,865 | INFO | hi-lo.kernel-accessor : Fetching kernel: gumbel
2023-10-12 09:18:59,866 | INFO | hi-lo.gumbel-kernel : MU (LOCATION): -0.6930575370788574 | BETA (SCALE): 0.7657351493835449
2023-10-12 09:18:59,866 | INFO | hi-lo.gumbel-kernel : TOP-LEFT
tensor([[1.0000e+00, 1.9500e-08, 2.2790e-35],
        [1.9500e-08, 2.2790e-35, 0.0000e+00],
        [2.2790e-35, 0.0000e+00, 0.0000e+00]])
2023-10-12 09:18:59,866 | INFO | hi-lo.kernel-accessor : Fetching kernel: gumbel
2023-10-12 09:18:59,867 | INFO | hi-lo.gumbel-kernel : MU (LOCATION): -1.1755142211914062 | BETA (SCALE): 1.5338923931121826
2023-10-12 09:18:59,867 | INFO | hi-lo.gumbel-kernel : BOTTOM-RIGHT
tensor([[3.8424e-27, 8.6600e-14, 1.0727e-06],
        [8.6600e-14, 1.0727e-06, 7.2741e-03],
        [1.0727e-06, 7.2741e-03, 9.8545e-01]])
2023-10-12 09:18:59,867 | INFO | hi-lo.kernel-accessor : Fetching kernel: gumbel
2023-10-12 09:18:59,868 | INFO | hi-lo.gumbel-kernel : MU (LOCATION): -0.6764428615570068 | BETA (SCALE): 2.068350315093994
2023-10-12 09:18:59,868 | INFO | hi-lo.gumbel-kernel : TOP-LEFT
tensor([[7.0248e-01, 1.3102e-01, 1.1620e-02],
        [1.3102e-01, 1.1620e-02, 3.0864e-04],
        [1.1620e-02, 3.0864e-04, 1.1604e-06]])
2023-10-12 09:19:08,431 | INFO | hi-lo : END EPOCH:   2 | ACCURACY: 38.44 | LOSS: 1.6760605573654175
2023-10-12 09:19:08,431 | INFO | hi-lo : BEGIN EPOCH 3 =========================================================================
2023-10-12 09:19:08,431 | INFO | hi-lo.kernel-accessor : Fetching kernel: gumbel
2023-10-12 09:19:08,432 | INFO | hi-lo.gumbel-kernel : MU (LOCATION): -0.06818080693483353 | BETA (SCALE): 0.4888705015182495
2023-10-12 09:19:08,432 | INFO | hi-lo.gumbel-kernel : TOP-LEFT
tensor([[9.9996e-01, 1.7645e-05, 2.9460e-36],
        [1.7645e-05, 2.9460e-36, 0.0000e+00],
        [2.9460e-36, 0.0000e+00, 0.0000e+00]])
2023-10-12 09:19:08,432 | INFO | hi-lo.kernel-accessor : Fetching kernel: gumbel
2023-10-12 09:19:08,433 | INFO | hi-lo.gumbel-kernel : MU (LOCATION): -0.6100360155105591 | BETA (SCALE): 0.7332775592803955
2023-10-12 09:19:08,433 | INFO | hi-lo.gumbel-kernel : BOTTOM-RIGHT
tensor([[0.0000e+00, 0.0000e+00, 1.0957e-34],
        [0.0000e+00, 1.0957e-34, 5.4138e-08],
        [1.0957e-34, 5.4138e-08, 1.0000e+00]])
2023-10-12 09:19:08,434 | INFO | hi-lo.kernel-accessor : Fetching kernel: gumbel
2023-10-12 09:19:08,434 | INFO | hi-lo.gumbel-kernel : MU (LOCATION): -1.1571762561798096 | BETA (SCALE): 1.4414832592010498
2023-10-12 09:19:08,435 | INFO | hi-lo.gumbel-kernel : BOTTOM-RIGHT
tensor([[1.8447e-34, 8.3525e-17, 7.8586e-08],
        [8.3525e-17, 7.8586e-08, 3.3902e-03],
        [7.8586e-08, 3.3902e-03, 9.9322e-01]])
2023-10-12 09:19:08,435 | INFO | hi-lo.kernel-accessor : Fetching kernel: gumbel
2023-10-12 09:19:08,435 | INFO | hi-lo.gumbel-kernel : MU (LOCATION): -0.7300847768783569 | BETA (SCALE): 1.6410936117172241
2023-10-12 09:19:08,436 | INFO | hi-lo.gumbel-kernel : BOTTOM-RIGHT
tensor([[6.9421e-13, 4.2349e-07, 7.8183e-04],
        [4.2349e-07, 7.8183e-04, 6.1624e-02],
        [7.8183e-04, 6.1624e-02, 8.7441e-01]])
2023-10-12 09:19:16,924 | INFO | hi-lo : END EPOCH:   3 | ACCURACY: 42.11 | LOSS: 1.7520663738250732
2023-10-12 09:19:16,924 | INFO | hi-lo : BEGIN EPOCH 4 =========================================================================
2023-10-12 09:19:16,925 | INFO | hi-lo.kernel-accessor : Fetching kernel: gumbel
2023-10-12 09:19:16,926 | INFO | hi-lo.gumbel-kernel : MU (LOCATION): -0.015658173710107803 | BETA (SCALE): 0.5109642744064331
2023-10-12 09:19:16,926 | INFO | hi-lo.gumbel-kernel : BOTTOM-RIGHT
tensor([[0.0000e+00, 0.0000e+00, 4.2156e-25],
        [0.0000e+00, 4.2156e-25, 2.2033e-04],
        [4.2156e-25, 2.2033e-04, 9.9956e-01]])
2023-10-12 09:19:16,926 | INFO | hi-lo.kernel-accessor : Fetching kernel: gumbel
2023-10-12 09:19:16,927 | INFO | hi-lo.gumbel-kernel : MU (LOCATION): -0.6189022064208984 | BETA (SCALE): 0.8452996611595154
2023-10-12 09:19:16,928 | INFO | hi-lo.gumbel-kernel : BOTTOM-RIGHT
tensor([[0.0000e+00, 0.0000e+00, 6.8969e-20],
        [0.0000e+00, 6.8969e-20, 1.7125e-05],
        [6.8969e-20, 1.7125e-05, 9.9997e-01]])
2023-10-12 09:19:16,928 | INFO | hi-lo.kernel-accessor : Fetching kernel: gumbel
2023-10-12 09:19:16,928 | INFO | hi-lo.gumbel-kernel : MU (LOCATION): -0.9281513690948486 | BETA (SCALE): 1.5836098194122314
2023-10-12 09:19:16,929 | INFO | hi-lo.gumbel-kernel : TOP-LEFT
tensor([[9.4144e-01, 2.9170e-02, 7.3992e-05],
        [2.9170e-02, 7.3992e-05, 1.6968e-09],
        [7.3992e-05, 1.6968e-09, 5.5846e-18]])
2023-10-12 09:19:16,929 | INFO | hi-lo.kernel-accessor : Fetching kernel: gumbel
2023-10-12 09:19:16,930 | INFO | hi-lo.gumbel-kernel : MU (LOCATION): -1.6962767839431763 | BETA (SCALE): 3.2714953422546387
2023-10-12 09:19:16,930 | INFO | hi-lo.gumbel-kernel : BOTTOM-RIGHT
tensor([[2.0088e-04, 3.3998e-03, 2.9606e-02],
        [3.3998e-03, 2.9606e-02, 1.5803e-01],
        [2.9606e-02, 1.5803e-01, 5.8813e-01]])
2023-10-12 09:19:25,525 | INFO | hi-lo : END EPOCH:   4 | ACCURACY: 43.86 | LOSS: 1.2932674884796143
2023-10-12 09:19:25,525 | INFO | hi-lo : BEGIN EPOCH 5 =========================================================================
2023-10-12 09:19:25,525 | INFO | hi-lo.kernel-accessor : Fetching kernel: gumbel
2023-10-12 09:19:25,526 | INFO | hi-lo.gumbel-kernel : MU (LOCATION): -0.055851541459560394 | BETA (SCALE): 0.4426513612270355
2023-10-12 09:19:25,527 | INFO | hi-lo.gumbel-kernel : BOTTOM-RIGHT
tensor([[0.0000e+00, 0.0000e+00, 0.0000e+00],
        [0.0000e+00, 0.0000e+00, 1.6828e-06],
        [0.0000e+00, 1.6828e-06, 1.0000e+00]])
2023-10-12 09:19:25,527 | INFO | hi-lo.kernel-accessor : Fetching kernel: gumbel
2023-10-12 09:19:25,527 | INFO | hi-lo.gumbel-kernel : MU (LOCATION): -0.5961850881576538 | BETA (SCALE): 0.8861117362976074
2023-10-12 09:19:25,528 | INFO | hi-lo.gumbel-kernel : BOTTOM-RIGHT
tensor([[0.0000e+00, 0.0000e+00, 5.6321e-16],
        [0.0000e+00, 5.6322e-16, 1.0519e-04],
        [5.6321e-16, 1.0519e-04, 9.9979e-01]])
2023-10-12 09:19:25,528 | INFO | hi-lo.kernel-accessor : Fetching kernel: gumbel
2023-10-12 09:19:25,529 | INFO | hi-lo.gumbel-kernel : MU (LOCATION): -0.8051284551620483 | BETA (SCALE): 1.7339973449707031
2023-10-12 09:19:25,529 | INFO | hi-lo.gumbel-kernel : TOP-LEFT
tensor([[8.6217e-01, 6.7230e-02, 1.1233e-03],
        [6.7230e-02, 1.1233e-03, 1.2090e-06],
        [1.1233e-03, 1.2090e-06, 9.8673e-12]])
2023-10-12 09:19:25,529 | INFO | hi-lo.kernel-accessor : Fetching kernel: gumbel
2023-10-12 09:19:25,530 | INFO | hi-lo.gumbel-kernel : MU (LOCATION): -1.4798071384429932 | BETA (SCALE): 2.395373821258545
2023-10-12 09:19:25,530 | INFO | hi-lo.gumbel-kernel : TOP-LEFT
tensor([[8.0883e-01, 8.9626e-02, 3.9439e-03],
        [8.9626e-02, 3.9439e-03, 4.2709e-05],
        [3.9439e-03, 4.2709e-05, 5.5049e-08]])
2023-10-12 09:19:34,076 | INFO | hi-lo : END EPOCH:   5 | ACCURACY: 46.88 | LOSS: 1.7499045133590698
2023-10-12 09:19:34,076 | INFO | hi-lo : BEGIN EPOCH 6 =========================================================================
2023-10-12 09:19:34,076 | INFO | hi-lo.kernel-accessor : Fetching kernel: gumbel
2023-10-12 09:19:34,077 | INFO | hi-lo.gumbel-kernel : MU (LOCATION): 0.0725860595703125 | BETA (SCALE): 0.499077171087265
2023-10-12 09:19:34,077 | INFO | hi-lo.gumbel-kernel : BOTTOM-RIGHT
tensor([[0.0000e+00, 0.0000e+00, 5.3060e-20],
        [0.0000e+00, 5.3060e-20, 1.1106e-03],
        [5.3060e-20, 1.1106e-03, 9.9778e-01]])
2023-10-12 09:19:34,078 | INFO | hi-lo.kernel-accessor : Fetching kernel: gumbel
2023-10-12 09:19:34,078 | INFO | hi-lo.gumbel-kernel : MU (LOCATION): -0.5795120596885681 | BETA (SCALE): 0.9706511497497559
2023-10-12 09:19:34,079 | INFO | hi-lo.gumbel-kernel : TOP-LEFT
tensor([[9.9814e-01, 9.3154e-04, 1.9326e-11],
        [9.3154e-04, 1.9326e-11, 3.6849e-32],
        [1.9326e-11, 3.6849e-32, 0.0000e+00]])
2023-10-12 09:19:34,079 | INFO | hi-lo.kernel-accessor : Fetching kernel: gumbel
2023-10-12 09:19:34,079 | INFO | hi-lo.gumbel-kernel : MU (LOCATION): -0.994431734085083 | BETA (SCALE): 2.583791971206665
2023-10-12 09:19:34,080 | INFO | hi-lo.gumbel-kernel : BOTTOM-RIGHT
tensor([[4.4654e-05, 1.7107e-03, 2.3030e-02],
        [1.7107e-03, 2.3030e-02, 1.5240e-01],
        [2.3030e-02, 1.5240e-01, 6.2265e-01]])
2023-10-12 09:19:34,080 | INFO | hi-lo.kernel-accessor : Fetching kernel: gumbel
2023-10-12 09:19:34,080 | INFO | hi-lo.gumbel-kernel : MU (LOCATION): -1.3743376731872559 | BETA (SCALE): 2.3483457565307617
2023-10-12 09:19:34,081 | INFO | hi-lo.gumbel-kernel : BOTTOM-RIGHT
tensor([[7.4722e-08, 5.3048e-05, 4.4801e-03],
        [5.3048e-05, 4.4801e-03, 9.4175e-02],
        [4.4801e-03, 9.4175e-02, 7.9810e-01]])
2023-10-12 09:19:42,619 | INFO | hi-lo : END EPOCH:   6 | ACCURACY: 45.31 | LOSS: 1.539434790611267
2023-10-12 09:19:42,619 | INFO | hi-lo : BEGIN EPOCH 7 =========================================================================
2023-10-12 09:19:42,620 | INFO | hi-lo.kernel-accessor : Fetching kernel: gumbel
2023-10-12 09:19:42,620 | INFO | hi-lo.gumbel-kernel : MU (LOCATION): -0.04010383412241936 | BETA (SCALE): 0.48337411880493164
2023-10-12 09:19:42,621 | INFO | hi-lo.gumbel-kernel : TOP-LEFT
tensor([[9.9993e-01, 3.5990e-05, 3.9410e-34],
        [3.5990e-05, 3.9411e-34, 0.0000e+00],
        [3.9410e-34, 0.0000e+00, 0.0000e+00]])
2023-10-12 09:19:42,621 | INFO | hi-lo.kernel-accessor : Fetching kernel: gumbel
2023-10-12 09:19:42,621 | INFO | hi-lo.gumbel-kernel : MU (LOCATION): -0.5655432939529419 | BETA (SCALE): 0.8506998419761658
2023-10-12 09:19:42,622 | INFO | hi-lo.gumbel-kernel : BOTTOM-RIGHT
tensor([[0.0000e+00, 0.0000e+00, 2.4648e-17],
        [0.0000e+00, 2.4648e-17, 6.5016e-05],
        [2.4648e-17, 6.5016e-05, 9.9987e-01]])
2023-10-12 09:19:42,622 | INFO | hi-lo.kernel-accessor : Fetching kernel: gumbel
2023-10-12 09:19:42,622 | INFO | hi-lo.gumbel-kernel : MU (LOCATION): -0.5448200106620789 | BETA (SCALE): 1.6632435321807861
2023-10-12 09:19:42,623 | INFO | hi-lo.gumbel-kernel : TOP-LEFT
tensor([[8.1012e-01, 9.0805e-02, 2.7505e-03],
        [9.0805e-02, 2.7505e-03, 7.6557e-06],
        [2.7505e-03, 7.6557e-06, 2.7366e-10]])
2023-10-12 09:19:42,623 | INFO | hi-lo.kernel-accessor : Fetching kernel: gumbel
2023-10-12 09:19:42,623 | INFO | hi-lo.gumbel-kernel : MU (LOCATION): -1.638648271560669 | BETA (SCALE): 2.5196797847747803
2023-10-12 09:19:42,624 | INFO | hi-lo.gumbel-kernel : TOP-LEFT
tensor([[8.0593e-01, 9.0589e-02, 4.2598e-03],
        [9.0589e-02, 4.2598e-03, 5.4810e-05],
        [4.2598e-03, 5.4810e-05, 1.0263e-07]])
2023-10-12 09:19:51,161 | INFO | hi-lo : END EPOCH:   7 | ACCURACY: 45.7 | LOSS: 1.4531760215759277
2023-10-12 09:19:51,161 | INFO | hi-lo : BEGIN EPOCH 8 =========================================================================
2023-10-12 09:19:51,161 | INFO | hi-lo.kernel-accessor : Fetching kernel: gumbel
2023-10-12 09:19:51,162 | INFO | hi-lo.gumbel-kernel : MU (LOCATION): -0.14149703085422516 | BETA (SCALE): 0.47668227553367615
2023-10-12 09:19:51,162 | INFO | hi-lo.gumbel-kernel : BOTTOM-RIGHT
tensor([[0.0000e+00, 0.0000e+00, 0.0000e+00],
        [0.0000e+00, 0.0000e+00, 2.9358e-07],
        [0.0000e+00, 2.9358e-07, 1.0000e+00]])
2023-10-12 09:19:51,162 | INFO | hi-lo.kernel-accessor : Fetching kernel: gumbel
2023-10-12 09:19:51,163 | INFO | hi-lo.gumbel-kernel : MU (LOCATION): -0.5048189759254456 | BETA (SCALE): 0.8582106828689575
2023-10-12 09:19:51,163 | INFO | hi-lo.gumbel-kernel : TOP-LEFT
tensor([[9.9951e-01, 2.4326e-04, 8.2217e-15],
        [2.4326e-04, 8.2217e-15, 0.0000e+00],
        [8.2217e-15, 0.0000e+00, 0.0000e+00]])
2023-10-12 09:19:51,163 | INFO | hi-lo.kernel-accessor : Fetching kernel: gumbel
2023-10-12 09:19:51,164 | INFO | hi-lo.gumbel-kernel : MU (LOCATION): -0.8665900230407715 | BETA (SCALE): 2.5638606548309326
2023-10-12 09:19:51,164 | INFO | hi-lo.gumbel-kernel : BOTTOM-RIGHT
tensor([[7.7450e-05, 2.3490e-03, 2.6845e-02],
        [2.3490e-03, 2.6845e-02, 1.5844e-01],
        [2.6845e-02, 1.5844e-01, 5.9781e-01]])
2023-10-12 09:19:51,164 | INFO | hi-lo.kernel-accessor : Fetching kernel: gumbel
2023-10-12 09:19:51,165 | INFO | hi-lo.gumbel-kernel : MU (LOCATION): -1.2993707656860352 | BETA (SCALE): 2.5503289699554443
2023-10-12 09:19:51,165 | INFO | hi-lo.gumbel-kernel : BOTTOM-RIGHT
tensor([[3.9717e-06, 4.3871e-04, 1.1964e-02],
        [4.3871e-04, 1.1964e-02, 1.2680e-01],
        [1.1964e-02, 1.2680e-01, 7.0963e-01]])
2023-10-12 09:19:59,834 | INFO | hi-lo : END EPOCH:   8 | ACCURACY: 50.52 | LOSS: 1.6184029579162598
2023-10-12 09:19:59,835 | INFO | hi-lo : BEGIN EPOCH 9 =========================================================================
2023-10-12 09:19:59,835 | INFO | hi-lo.kernel-accessor : Fetching kernel: gumbel
2023-10-12 09:19:59,835 | INFO | hi-lo.gumbel-kernel : MU (LOCATION): -0.13228176534175873 | BETA (SCALE): 0.3805338442325592
2023-10-12 09:19:59,836 | INFO | hi-lo.gumbel-kernel : BOTTOM-RIGHT
tensor([[0.0000e+00, 0.0000e+00, 0.0000e+00],
        [0.0000e+00, 0.0000e+00, 4.7724e-13],
        [0.0000e+00, 4.7724e-13, 1.0000e+00]])
2023-10-12 09:19:59,836 | INFO | hi-lo.kernel-accessor : Fetching kernel: gumbel
2023-10-12 09:19:59,837 | INFO | hi-lo.gumbel-kernel : MU (LOCATION): -0.46128249168395996 | BETA (SCALE): 0.8345682621002197
2023-10-12 09:19:59,837 | INFO | hi-lo.gumbel-kernel : TOP-LEFT
tensor([[9.9944e-01, 2.7768e-04, 7.2738e-15],
        [2.7768e-04, 7.2738e-15, 0.0000e+00],
        [7.2738e-15, 0.0000e+00, 0.0000e+00]])
2023-10-12 09:19:59,837 | INFO | hi-lo.kernel-accessor : Fetching kernel: gumbel
2023-10-12 09:19:59,837 | INFO | hi-lo.gumbel-kernel : MU (LOCATION): -0.7457631826400757 | BETA (SCALE): 2.242814302444458
2023-10-12 09:19:59,838 | INFO | hi-lo.gumbel-kernel : TOP-LEFT
tensor([[6.6377e-01, 1.4253e-01, 1.6565e-02],
        [1.4253e-01, 1.6565e-02, 7.3812e-04],
        [1.6565e-02, 7.3812e-04, 7.3581e-06]])
2023-10-12 09:19:59,838 | INFO | hi-lo.kernel-accessor : Fetching kernel: gumbel
2023-10-12 09:19:59,839 | INFO | hi-lo.gumbel-kernel : MU (LOCATION): -1.160841941833496 | BETA (SCALE): 2.1819183826446533
2023-10-12 09:19:59,839 | INFO | hi-lo.gumbel-kernel : BOTTOM-RIGHT
tensor([[3.1176e-08, 3.8626e-05, 4.1301e-03],
        [3.8626e-05, 4.1301e-03, 9.3807e-02],
        [4.1301e-03, 9.3807e-02, 7.9992e-01]])
2023-10-12 09:20:08,424 | INFO | hi-lo : END EPOCH:   9 | ACCURACY: 56.25 | LOSS: 1.4877729415893555
2023-10-12 09:20:08,424 | INFO | hi-lo : BEGIN EPOCH 10 =========================================================================
2023-10-12 09:20:08,425 | INFO | hi-lo.kernel-accessor : Fetching kernel: gumbel
2023-10-12 09:20:08,425 | INFO | hi-lo.gumbel-kernel : MU (LOCATION): -0.07082726061344147 | BETA (SCALE): 0.5122748613357544
2023-10-12 09:20:08,426 | INFO | hi-lo.gumbel-kernel : TOP-LEFT
tensor([[9.9990e-01, 4.9158e-05, 2.9502e-30],
        [4.9158e-05, 2.9502e-30, 0.0000e+00],
        [2.9502e-30, 0.0000e+00, 0.0000e+00]])
2023-10-12 09:20:08,426 | INFO | hi-lo.kernel-accessor : Fetching kernel: gumbel
2023-10-12 09:20:08,427 | INFO | hi-lo.gumbel-kernel : MU (LOCATION): -0.5263811349868774 | BETA (SCALE): 0.9811131358146667
2023-10-12 09:20:08,427 | INFO | hi-lo.gumbel-kernel : BOTTOM-RIGHT
tensor([[0.0000e+00, 8.2350e-28, 4.2723e-10],
        [8.2350e-28, 4.2723e-10, 2.0245e-03],
        [4.2723e-10, 2.0245e-03, 9.9595e-01]])
2023-10-12 09:20:08,427 | INFO | hi-lo.kernel-accessor : Fetching kernel: gumbel
2023-10-12 09:20:08,428 | INFO | hi-lo.gumbel-kernel : MU (LOCATION): -0.7973905801773071 | BETA (SCALE): 2.5042388439178467
2023-10-12 09:20:08,428 | INFO | hi-lo.gumbel-kernel : TOP-LEFT
tensor([[5.9809e-01, 1.5862e-01, 2.6680e-02],
        [1.5862e-01, 2.6680e-02, 2.2759e-03],
        [2.6680e-02, 2.2759e-03, 7.0554e-05]])
2023-10-12 09:20:08,429 | INFO | hi-lo.kernel-accessor : Fetching kernel: gumbel
2023-10-12 09:20:08,429 | INFO | hi-lo.gumbel-kernel : MU (LOCATION): -1.3736294507980347 | BETA (SCALE): 2.5970258712768555
2023-10-12 09:20:08,430 | INFO | hi-lo.gumbel-kernel : TOP-LEFT
tensor([[7.1318e-01, 1.2545e-01, 1.1689e-02],
        [1.2545e-01, 1.1689e-02, 4.2805e-04],
        [1.1689e-02, 4.2805e-04, 3.9735e-06]])
2023-10-12 09:20:17,004 | INFO | hi-lo : END EPOCH:  10 | ACCURACY: 51.56 | LOSS: 1.234892725944519
2023-10-12 09:20:17,004 | INFO | hi-lo : BEGIN EPOCH 11 =========================================================================
2023-10-12 09:20:17,004 | INFO | hi-lo.kernel-accessor : Fetching kernel: gumbel
2023-10-12 09:20:17,005 | INFO | hi-lo.gumbel-kernel : MU (LOCATION): -0.04218987748026848 | BETA (SCALE): 0.4606141448020935
2023-10-12 09:20:17,005 | INFO | hi-lo.gumbel-kernel : TOP-LEFT
tensor([[9.9998e-01, 1.0133e-05, 3.4962e-42],
        [1.0133e-05, 3.4962e-42, 0.0000e+00],
        [3.4962e-42, 0.0000e+00, 0.0000e+00]])
2023-10-12 09:20:17,005 | INFO | hi-lo.kernel-accessor : Fetching kernel: gumbel
2023-10-12 09:20:17,005 | INFO | hi-lo.gumbel-kernel : MU (LOCATION): -0.49616754055023193 | BETA (SCALE): 0.8589848279953003
2023-10-12 09:20:17,005 | INFO | hi-lo.gumbel-kernel : BOTTOM-RIGHT
tensor([[0.0000e+00, 0.0000e+00, 1.6590e-14],
        [0.0000e+00, 1.6590e-14, 2.8598e-04],
        [1.6590e-14, 2.8598e-04, 9.9943e-01]])
2023-10-12 09:20:17,006 | INFO | hi-lo.kernel-accessor : Fetching kernel: gumbel
2023-10-12 09:20:17,006 | INFO | hi-lo.gumbel-kernel : MU (LOCATION): -0.7757114768028259 | BETA (SCALE): 2.479349374771118
2023-10-12 09:20:17,006 | INFO | hi-lo.gumbel-kernel : BOTTOM-RIGHT
tensor([[6.5122e-05, 2.1961e-03, 2.6337e-02],
        [2.1961e-03, 2.6337e-02, 1.5832e-01],
        [2.6337e-02, 1.5832e-01, 5.9990e-01]])
2023-10-12 09:20:17,006 | INFO | hi-lo.kernel-accessor : Fetching kernel: gumbel
2023-10-12 09:20:17,006 | INFO | hi-lo.gumbel-kernel : MU (LOCATION): -1.2104828357696533 | BETA (SCALE): 2.083601474761963
2023-10-12 09:20:17,007 | INFO | hi-lo.gumbel-kernel : BOTTOM-RIGHT
tensor([[1.0406e-09, 6.8183e-06, 1.8828e-03],
        [6.8183e-06, 1.8828e-03, 7.3262e-02],
        [1.8828e-03, 7.3262e-02, 8.4781e-01]])
2023-10-12 09:20:25,596 | INFO | hi-lo : END EPOCH:  11 | ACCURACY: 56.25 | LOSS: 1.3898659944534302
2023-10-12 09:20:25,596 | INFO | hi-lo : BEGIN EPOCH 12 =========================================================================
2023-10-12 09:20:25,597 | INFO | hi-lo.kernel-accessor : Fetching kernel: gumbel
2023-10-12 09:20:25,597 | INFO | hi-lo.gumbel-kernel : MU (LOCATION): -0.10380953550338745 | BETA (SCALE): 0.46460723876953125
2023-10-12 09:20:25,598 | INFO | hi-lo.gumbel-kernel : TOP-LEFT
tensor([[1.0000e+00, 7.9711e-07, 0.0000e+00],
        [7.9711e-07, 0.0000e+00, 0.0000e+00],
        [0.0000e+00, 0.0000e+00, 0.0000e+00]])
2023-10-12 09:20:25,598 | INFO | hi-lo.kernel-accessor : Fetching kernel: gumbel
2023-10-12 09:20:25,599 | INFO | hi-lo.gumbel-kernel : MU (LOCATION): -0.5007461309432983 | BETA (SCALE): 0.8076066374778748
2023-10-12 09:20:25,599 | INFO | hi-lo.gumbel-kernel : BOTTOM-RIGHT
tensor([[0.0000e+00, 0.0000e+00, 3.6857e-18],
        [0.0000e+00, 3.6858e-18, 6.1071e-05],
        [3.6857e-18, 6.1071e-05, 9.9988e-01]])
2023-10-12 09:20:25,599 | INFO | hi-lo.kernel-accessor : Fetching kernel: gumbel
2023-10-12 09:20:25,600 | INFO | hi-lo.gumbel-kernel : MU (LOCATION): -0.670022189617157 | BETA (SCALE): 2.2153148651123047
2023-10-12 09:20:25,600 | INFO | hi-lo.gumbel-kernel : BOTTOM-RIGHT
tensor([[9.7146e-06, 8.7279e-04, 1.8029e-02],
        [8.7279e-04, 1.8029e-02, 1.4606e-01],
        [1.8029e-02, 1.4606e-01, 6.5203e-01]])
2023-10-12 09:20:25,601 | INFO | hi-lo.kernel-accessor : Fetching kernel: gumbel
2023-10-12 09:20:25,601 | INFO | hi-lo.gumbel-kernel : MU (LOCATION): -1.1056582927703857 | BETA (SCALE): 1.9708096981048584
2023-10-12 09:20:25,602 | INFO | hi-lo.gumbel-kernel : TOP-LEFT
tensor([[8.5980e-01, 6.7990e-02, 1.4054e-03],
        [6.7990e-02, 1.4054e-03, 3.1281e-06],
        [1.4054e-03, 3.1281e-06, 1.7186e-10]])
2023-10-12 09:20:34,243 | INFO | hi-lo : END EPOCH:  12 | ACCURACY: 56.25 | LOSS: 1.4810211658477783
2023-10-12 09:20:34,243 | INFO | hi-lo : BEGIN EPOCH 13 =========================================================================
2023-10-12 09:20:34,243 | INFO | hi-lo.kernel-accessor : Fetching kernel: gumbel
2023-10-12 09:20:34,244 | INFO | hi-lo.gumbel-kernel : MU (LOCATION): -0.04354669898748398 | BETA (SCALE): 0.5253040194511414
2023-10-12 09:20:34,244 | INFO | hi-lo.gumbel-kernel : BOTTOM-RIGHT
tensor([[0.0000e+00, 0.0000e+00, 5.9742e-25],
        [0.0000e+00, 5.9742e-25, 1.7615e-04],
        [5.9742e-25, 1.7615e-04, 9.9965e-01]])
2023-10-12 09:20:34,244 | INFO | hi-lo.kernel-accessor : Fetching kernel: gumbel
2023-10-12 09:20:34,245 | INFO | hi-lo.gumbel-kernel : MU (LOCATION): -0.5118939280509949 | BETA (SCALE): 0.9301959276199341
2023-10-12 09:20:34,245 | INFO | hi-lo.gumbel-kernel : TOP-LEFT
tensor([[9.9794e-01, 1.0291e-03, 1.4534e-11],
        [1.0291e-03, 1.4534e-11, 1.1532e-33],
        [1.4534e-11, 1.1532e-33, 0.0000e+00]])
2023-10-12 09:20:34,245 | INFO | hi-lo.kernel-accessor : Fetching kernel: gumbel
2023-10-12 09:20:34,246 | INFO | hi-lo.gumbel-kernel : MU (LOCATION): -0.7401286363601685 | BETA (SCALE): 2.3028414249420166
2023-10-12 09:20:34,247 | INFO | hi-lo.gumbel-kernel : BOTTOM-RIGHT
tensor([[1.5434e-05, 1.0706e-03, 1.9439e-02],
        [1.0706e-03, 1.9439e-02, 1.4813e-01],
        [1.9439e-02, 1.4813e-01, 6.4326e-01]])
2023-10-12 09:20:34,247 | INFO | hi-lo.kernel-accessor : Fetching kernel: gumbel
2023-10-12 09:20:34,247 | INFO | hi-lo.gumbel-kernel : MU (LOCATION): -1.1795815229415894 | BETA (SCALE): 2.1911699771881104
2023-10-12 09:20:34,248 | INFO | hi-lo.gumbel-kernel : TOP-LEFT
tensor([[8.0172e-01, 9.3037e-02, 4.0454e-03],
        [9.3037e-02, 4.0454e-03, 3.7356e-05],
        [4.0454e-03, 3.7356e-05, 2.9901e-08]])
2023-10-12 09:20:42,775 | INFO | hi-lo : END EPOCH:  13 | ACCURACY: 51.24 | LOSS: 1.1805890798568726
2023-10-12 09:20:42,775 | INFO | hi-lo : BEGIN EPOCH 14 =========================================================================
2023-10-12 09:20:42,776 | INFO | hi-lo.kernel-accessor : Fetching kernel: gumbel
2023-10-12 09:20:42,776 | INFO | hi-lo.gumbel-kernel : MU (LOCATION): -0.050492893904447556 | BETA (SCALE): 0.4866282641887665
2023-10-12 09:20:42,777 | INFO | hi-lo.gumbel-kernel : BOTTOM-RIGHT
tensor([[0.0000e+00, 0.0000e+00, 1.5106e-34],
        [0.0000e+00, 1.5107e-34, 2.9496e-05],
        [1.5106e-34, 2.9496e-05, 9.9994e-01]])
2023-10-12 09:20:42,777 | INFO | hi-lo.kernel-accessor : Fetching kernel: gumbel
2023-10-12 09:20:42,778 | INFO | hi-lo.gumbel-kernel : MU (LOCATION): -0.5217152833938599 | BETA (SCALE): 0.9733278155326843
2023-10-12 09:20:42,778 | INFO | hi-lo.gumbel-kernel : BOTTOM-RIGHT
tensor([[0.0000e+00, 1.8305e-28, 2.9653e-10],
        [1.8305e-28, 2.9653e-10, 1.8896e-03],
        [2.9653e-10, 1.8896e-03, 9.9622e-01]])
2023-10-12 09:20:42,778 | INFO | hi-lo.kernel-accessor : Fetching kernel: gumbel
2023-10-12 09:20:42,779 | INFO | hi-lo.gumbel-kernel : MU (LOCATION): -0.7892530560493469 | BETA (SCALE): 2.49296498298645
2023-10-12 09:20:42,779 | INFO | hi-lo.gumbel-kernel : TOP-LEFT
tensor([[5.9931e-01, 1.5839e-01, 2.6460e-02],
        [1.5839e-01, 2.6460e-02, 2.2278e-03],
        [2.6460e-02, 2.2278e-03, 6.7416e-05]])
2023-10-12 09:20:42,780 | INFO | hi-lo.kernel-accessor : Fetching kernel: gumbel
2023-10-12 09:20:42,780 | INFO | hi-lo.gumbel-kernel : MU (LOCATION): -1.7314752340316772 | BETA (SCALE): 3.1133384704589844
2023-10-12 09:20:42,781 | INFO | hi-lo.gumbel-kernel : BOTTOM-RIGHT
tensor([[6.2332e-05, 1.7602e-03, 2.1684e-02],
        [1.7602e-03, 2.1684e-02, 1.4637e-01],
        [2.1684e-02, 1.4637e-01, 6.3863e-01]])
2023-10-12 09:20:51,317 | INFO | hi-lo : END EPOCH:  14 | ACCURACY: 48.37 | LOSS: 1.292245626449585
2023-10-12 09:20:51,317 | INFO | hi-lo : BEGIN EPOCH 15 =========================================================================
2023-10-12 09:20:51,317 | INFO | hi-lo.kernel-accessor : Fetching kernel: gumbel
2023-10-12 09:20:51,318 | INFO | hi-lo.gumbel-kernel : MU (LOCATION): -0.04439575597643852 | BETA (SCALE): 0.4841598570346832
2023-10-12 09:20:51,318 | INFO | hi-lo.gumbel-kernel : TOP-LEFT
tensor([[9.9994e-01, 3.2288e-05, 1.8221e-34],
        [3.2288e-05, 1.8220e-34, 0.0000e+00],
        [1.8221e-34, 0.0000e+00, 0.0000e+00]])
2023-10-12 09:20:51,318 | INFO | hi-lo.kernel-accessor : Fetching kernel: gumbel
2023-10-12 09:20:51,319 | INFO | hi-lo.gumbel-kernel : MU (LOCATION): -0.4784638285636902 | BETA (SCALE): 1.0005779266357422
2023-10-12 09:20:51,319 | INFO | hi-lo.gumbel-kernel : TOP-LEFT
tensor([[9.9162e-01, 4.1896e-03, 8.2673e-09],
        [4.1896e-03, 8.2673e-09, 1.4594e-23],
        [8.2673e-09, 1.4594e-23, 0.0000e+00]])
2023-10-12 09:20:51,319 | INFO | hi-lo.kernel-accessor : Fetching kernel: gumbel
2023-10-12 09:20:51,320 | INFO | hi-lo.gumbel-kernel : MU (LOCATION): -1.1161987781524658 | BETA (SCALE): 3.367884397506714
2023-10-12 09:20:51,320 | INFO | hi-lo.gumbel-kernel : TOP-LEFT
tensor([[0.4635, 0.1761, 0.0531],
        [0.1761, 0.0531, 0.0117],
        [0.0531, 0.0117, 0.0017]])
2023-10-12 09:20:51,321 | INFO | hi-lo.kernel-accessor : Fetching kernel: gumbel
2023-10-12 09:20:51,321 | INFO | hi-lo.gumbel-kernel : MU (LOCATION): -1.7657747268676758 | BETA (SCALE): 3.272442102432251
2023-10-12 09:20:51,322 | INFO | hi-lo.gumbel-kernel : TOP-LEFT
tensor([[6.0199e-01, 1.5494e-01, 2.7385e-02],
        [1.5494e-01, 2.7385e-02, 2.9059e-03],
        [2.7385e-02, 2.9059e-03, 1.5427e-04]])
2023-10-12 09:20:59,916 | INFO | hi-lo : END EPOCH:  15 | ACCURACY: 46.88 | LOSS: 1.6458179950714111
2023-10-12 09:20:59,916 | INFO | hi-lo : BEGIN EPOCH 16 =========================================================================
2023-10-12 09:20:59,916 | INFO | hi-lo.kernel-accessor : Fetching kernel: gumbel
2023-10-12 09:20:59,917 | INFO | hi-lo.gumbel-kernel : MU (LOCATION): 0.013487751595675945 | BETA (SCALE): 0.5135489702224731
2023-10-12 09:20:59,917 | INFO | hi-lo.gumbel-kernel : BOTTOM-RIGHT
tensor([[0.0000e+00, 0.0000e+00, 2.9875e-22],
        [0.0000e+00, 2.9875e-22, 4.7607e-04],
        [2.9875e-22, 4.7607e-04, 9.9905e-01]])
2023-10-12 09:20:59,918 | INFO | hi-lo.kernel-accessor : Fetching kernel: gumbel
2023-10-12 09:20:59,918 | INFO | hi-lo.gumbel-kernel : MU (LOCATION): -0.48409420251846313 | BETA (SCALE): 0.9176899790763855
2023-10-12 09:20:59,919 | INFO | hi-lo.gumbel-kernel : BOTTOM-RIGHT
tensor([[0.0000e+00, 1.0920e-33, 1.8726e-11],
        [1.0920e-33, 1.8726e-11, 1.1597e-03],
        [1.8726e-11, 1.1597e-03, 9.9768e-01]])
2023-10-12 09:20:59,919 | INFO | hi-lo.kernel-accessor : Fetching kernel: gumbel
2023-10-12 09:20:59,919 | INFO | hi-lo.gumbel-kernel : MU (LOCATION): -0.8222890496253967 | BETA (SCALE): 2.713791608810425
2023-10-12 09:20:59,920 | INFO | hi-lo.gumbel-kernel : TOP-LEFT
tensor([[5.4856e-01, 1.6768e-01, 3.5622e-02],
        [1.6768e-01, 3.5622e-02, 4.4720e-03],
        [3.5622e-02, 4.4720e-03, 2.6245e-04]])
2023-10-12 09:20:59,920 | INFO | hi-lo.kernel-accessor : Fetching kernel: gumbel
2023-10-12 09:20:59,920 | INFO | hi-lo.gumbel-kernel : MU (LOCATION): -1.4002397060394287 | BETA (SCALE): 2.3720927238464355
2023-10-12 09:20:59,921 | INFO | hi-lo.gumbel-kernel : BOTTOM-RIGHT
tensor([[8.8585e-08, 5.7149e-05, 4.6042e-03],
        [5.7149e-05, 4.6042e-03, 9.4755e-02],
        [4.6042e-03, 9.4755e-02, 7.9656e-01]])
2023-10-12 09:21:08,614 | INFO | hi-lo : END EPOCH:  16 | ACCURACY: 56.25 | LOSS: 1.6401551961898804
2023-10-12 09:21:08,614 | INFO | hi-lo : BEGIN EPOCH 17 =========================================================================
2023-10-12 09:21:08,615 | INFO | hi-lo.kernel-accessor : Fetching kernel: gumbel
2023-10-12 09:21:08,615 | INFO | hi-lo.gumbel-kernel : MU (LOCATION): 0.010172544047236443 | BETA (SCALE): 0.48761168122291565
2023-10-12 09:21:08,616 | INFO | hi-lo.gumbel-kernel : BOTTOM-RIGHT
tensor([[0.0000e+00, 0.0000e+00, 2.8816e-27],
        [0.0000e+00, 2.8817e-27, 1.9382e-04],
        [2.8816e-27, 1.9382e-04, 9.9961e-01]])
2023-10-12 09:21:08,616 | INFO | hi-lo.kernel-accessor : Fetching kernel: gumbel
2023-10-12 09:21:08,616 | INFO | hi-lo.gumbel-kernel : MU (LOCATION): -0.5503731369972229 | BETA (SCALE): 0.9759631752967834
2023-10-12 09:21:08,617 | INFO | hi-lo.gumbel-kernel : TOP-LEFT
tensor([[9.9712e-01, 1.4377e-03, 1.0890e-10],
        [1.4377e-03, 1.0890e-10, 9.8470e-30],
        [1.0890e-10, 9.8470e-30, 0.0000e+00]])
2023-10-12 09:21:08,617 | INFO | hi-lo.kernel-accessor : Fetching kernel: gumbel
2023-10-12 09:21:08,617 | INFO | hi-lo.gumbel-kernel : MU (LOCATION): -0.6604070663452148 | BETA (SCALE): 2.375107526779175
2023-10-12 09:21:08,618 | INFO | hi-lo.gumbel-kernel : BOTTOM-RIGHT
tensor([[5.3046e-05, 2.0402e-03, 2.5875e-02],
        [2.0402e-03, 2.5875e-02, 1.5842e-01],
        [2.5875e-02, 1.5842e-01, 6.0140e-01]])
2023-10-12 09:21:08,618 | INFO | hi-lo.kernel-accessor : Fetching kernel: gumbel
2023-10-12 09:21:08,619 | INFO | hi-lo.gumbel-kernel : MU (LOCATION): -1.7386900186538696 | BETA (SCALE): 3.2058372497558594
2023-10-12 09:21:08,619 | INFO | hi-lo.gumbel-kernel : BOTTOM-RIGHT
tensor([[1.1400e-04, 2.4625e-03, 2.5385e-02],
        [2.4625e-03, 2.5385e-02, 1.5225e-01],
        [2.5385e-02, 1.5225e-01, 6.1430e-01]])
2023-10-12 09:21:17,342 | INFO | hi-lo : END EPOCH:  17 | ACCURACY: 57.81 | LOSS: 1.555607557296753
2023-10-12 09:21:17,343 | INFO | hi-lo : BEGIN EPOCH 18 =========================================================================
2023-10-12 09:21:17,343 | INFO | hi-lo.kernel-accessor : Fetching kernel: gumbel
2023-10-12 09:21:17,343 | INFO | hi-lo.gumbel-kernel : MU (LOCATION): -0.12608905136585236 | BETA (SCALE): 0.5265582203865051
2023-10-12 09:21:17,344 | INFO | hi-lo.gumbel-kernel : TOP-LEFT
tensor([[9.9997e-01, 1.5594e-05, 5.8427e-33],
        [1.5594e-05, 5.8427e-33, 0.0000e+00],
        [5.8427e-33, 0.0000e+00, 0.0000e+00]])
2023-10-12 09:21:17,344 | INFO | hi-lo.kernel-accessor : Fetching kernel: gumbel
2023-10-12 09:21:17,345 | INFO | hi-lo.gumbel-kernel : MU (LOCATION): -0.5314576029777527 | BETA (SCALE): 0.9737085103988647
2023-10-12 09:21:17,345 | INFO | hi-lo.gumbel-kernel : BOTTOM-RIGHT
tensor([[0.0000e+00, 5.9560e-29, 2.0411e-10],
        [5.9560e-29, 2.0411e-10, 1.7105e-03],
        [2.0411e-10, 1.7105e-03, 9.9658e-01]])
2023-10-12 09:21:17,345 | INFO | hi-lo.kernel-accessor : Fetching kernel: gumbel
2023-10-12 09:21:17,346 | INFO | hi-lo.gumbel-kernel : MU (LOCATION): -0.8289816379547119 | BETA (SCALE): 2.7864956855773926
2023-10-12 09:21:17,346 | INFO | hi-lo.gumbel-kernel : TOP-LEFT
tensor([[5.3250e-01, 1.7003e-01, 3.8726e-02],
        [1.7003e-01, 3.8726e-02, 5.4369e-03],
        [3.8726e-02, 5.4369e-03, 3.8185e-04]])
2023-10-12 09:21:17,346 | INFO | hi-lo.kernel-accessor : Fetching kernel: gumbel
2023-10-12 09:21:17,347 | INFO | hi-lo.gumbel-kernel : MU (LOCATION): -1.7359619140625 | BETA (SCALE): 2.9067602157592773
2023-10-12 09:21:17,347 | INFO | hi-lo.gumbel-kernel : BOTTOM-RIGHT
tensor([[1.0118e-05, 6.4143e-04, 1.3432e-02],
        [6.4143e-04, 1.3432e-02, 1.2826e-01],
        [1.3432e-02, 1.2826e-01, 7.0190e-01]])
2023-10-12 09:21:26,025 | INFO | hi-lo : END EPOCH:  18 | ACCURACY: 44.5 | LOSS: 1.5678397417068481
2023-10-12 09:21:26,025 | INFO | hi-lo : BEGIN EPOCH 19 =========================================================================
2023-10-12 09:21:26,025 | INFO | hi-lo.kernel-accessor : Fetching kernel: gumbel
2023-10-12 09:21:26,026 | INFO | hi-lo.gumbel-kernel : MU (LOCATION): 0.008582599461078644 | BETA (SCALE): 0.5482499599456787
2023-10-12 09:21:26,026 | INFO | hi-lo.gumbel-kernel : TOP-LEFT
tensor([[9.9791e-01, 1.0464e-03, 4.7233e-18],
        [1.0464e-03, 4.7233e-18, 0.0000e+00],
        [4.7233e-18, 0.0000e+00, 0.0000e+00]])
2023-10-12 09:21:26,026 | INFO | hi-lo.kernel-accessor : Fetching kernel: gumbel
2023-10-12 09:21:26,027 | INFO | hi-lo.gumbel-kernel : MU (LOCATION): -0.4767346680164337 | BETA (SCALE): 1.0212689638137817
2023-10-12 09:21:26,027 | INFO | hi-lo.gumbel-kernel : TOP-LEFT
tensor([[9.8917e-01, 5.4164e-03, 2.6287e-08],
        [5.4164e-03, 2.6287e-08, 9.5386e-22],
        [2.6287e-08, 9.5386e-22, 0.0000e+00]])
2023-10-12 09:21:26,027 | INFO | hi-lo.kernel-accessor : Fetching kernel: gumbel
2023-10-12 09:21:26,028 | INFO | hi-lo.gumbel-kernel : MU (LOCATION): -1.0666053295135498 | BETA (SCALE): 3.2723748683929443
2023-10-12 09:21:26,028 | INFO | hi-lo.gumbel-kernel : BOTTOM-RIGHT
tensor([[0.0014, 0.0106, 0.0510],
        [0.0106, 0.0510, 0.1756],
        [0.0510, 0.1756, 0.4733]])
2023-10-12 09:21:26,029 | INFO | hi-lo.kernel-accessor : Fetching kernel: gumbel
2023-10-12 09:21:26,029 | INFO | hi-lo.gumbel-kernel : MU (LOCATION): -1.3874483108520508 | BETA (SCALE): 2.9112446308135986
2023-10-12 09:21:26,029 | INFO | hi-lo.gumbel-kernel : BOTTOM-RIGHT
tensor([[7.4336e-05, 2.0622e-03, 2.4059e-02],
        [2.0622e-03, 2.4059e-02, 1.5186e-01],
        [2.4059e-02, 1.5186e-01, 6.1991e-01]])
2023-10-12 09:21:34,669 | INFO | hi-lo : END EPOCH:  19 | ACCURACY: 60.07 | LOSS: 1.46277916431427
2023-10-12 09:21:34,669 | INFO | hi-lo : BEGIN EPOCH 20 =========================================================================
2023-10-12 09:21:34,670 | INFO | hi-lo.kernel-accessor : Fetching kernel: gumbel
2023-10-12 09:21:34,670 | INFO | hi-lo.gumbel-kernel : MU (LOCATION): -0.06494330614805222 | BETA (SCALE): 0.4973740577697754
2023-10-12 09:21:34,671 | INFO | hi-lo.gumbel-kernel : BOTTOM-RIGHT
tensor([[0.0000e+00, 0.0000e+00, 2.3594e-33],
        [0.0000e+00, 2.3594e-33, 3.0187e-05],
        [2.3594e-33, 3.0187e-05, 9.9994e-01]])
2023-10-12 09:21:34,671 | INFO | hi-lo.kernel-accessor : Fetching kernel: gumbel
2023-10-12 09:21:34,672 | INFO | hi-lo.gumbel-kernel : MU (LOCATION): -0.46513861417770386 | BETA (SCALE): 0.9721701145172119
2023-10-12 09:21:34,672 | INFO | hi-lo.gumbel-kernel : BOTTOM-RIGHT
tensor([[0.0000e+00, 1.0950e-25, 2.4377e-09],
        [1.0950e-25, 2.4377e-09, 3.2976e-03],
        [2.4377e-09, 3.2976e-03, 9.9340e-01]])
2023-10-12 09:21:34,672 | INFO | hi-lo.kernel-accessor : Fetching kernel: gumbel
2023-10-12 09:21:34,673 | INFO | hi-lo.gumbel-kernel : MU (LOCATION): -0.9444301128387451 | BETA (SCALE): 2.980287551879883
2023-10-12 09:21:34,673 | INFO | hi-lo.gumbel-kernel : BOTTOM-RIGHT
tensor([[0.0006, 0.0071, 0.0431],
        [0.0071, 0.0431, 0.1724],
        [0.0431, 0.1724, 0.5112]])
2023-10-12 09:21:34,673 | INFO | hi-lo.kernel-accessor : Fetching kernel: gumbel
2023-10-12 09:21:34,674 | INFO | hi-lo.gumbel-kernel : MU (LOCATION): -1.319149374961853 | BETA (SCALE): 2.665790319442749
2023-10-12 09:21:34,675 | INFO | hi-lo.gumbel-kernel : BOTTOM-RIGHT
tensor([[1.2837e-05, 8.1311e-04, 1.5821e-02],
        [8.1311e-04, 1.5821e-02, 1.3679e-01],
        [1.5821e-02, 1.3679e-01, 6.7732e-01]])
2023-10-12 09:21:43,363 | INFO | hi-lo : END EPOCH:  20 | ACCURACY: 57.81 | LOSS: 1.2413153648376465
2023-10-12 09:21:43,363 | INFO | hi-lo : BEGIN EPOCH 21 =========================================================================
2023-10-12 09:21:43,363 | INFO | hi-lo.kernel-accessor : Fetching kernel: gumbel
2023-10-12 09:21:43,364 | INFO | hi-lo.gumbel-kernel : MU (LOCATION): -0.061586298048496246 | BETA (SCALE): 0.5153135061264038
2023-10-12 09:21:43,364 | INFO | hi-lo.gumbel-kernel : BOTTOM-RIGHT
tensor([[0.0000e+00, 0.0000e+00, 1.3394e-28],
