2023-10-10 12:35:42,063 | INFO | hi-lo : 
+=========================================================================+
|  ______     ______   ______    ___         ___        ______   _______  |
| /| ___ \  // ____ \ /| ___ \  /| |        /| |      // ____ \ /| ___  \ |
| /| |//\ \ /| |//| | /| |//\ \ /| |        /| |      /| |//| | /| |//| | |
| /| | /| | /| ____ | /| | /| | /| |        /| |      /| ____ | /| ___  / |
| /| |_// / /| |//| | /| |_// / /| |____    /| |____  /| |//| | /| |//\ \ |
| /|_____/  /|_| /|_| /|_____/  /|______|   /|______| /|_| /|_| /|______/ |
| ///////   ///  ///  //////    ////////    ////////  ///  ///  ////////  |
+=========================================================================+
|                  Hi-Lo Resolution Image Classification                  |
|                  -------------------------------------                  |
|                            Gabriel C. Trahan                            |
|                               Sahan Ahmad                               |
|                            MD  Aminual Islam                            |
+=========================================================================+
| MODEL:                      normal | LR:                            0.1 |
| DISTRO:                   gaussian | KERNEL TYPE:                     1 |
| DATASET:                   cifar10 | BATCH SIZE:                     64 |
+=========================================================================+
2023-10-10 12:35:42,064 | INFO | hi-lo : Output directory: output/gaussian//1/normal/cifar10/20231010_123542
2023-10-10 12:35:42,064 | INFO | hi-lo.dataset-accessor : Fetching dataset: cifar10
2023-10-10 12:35:42,064 | INFO | hi-lo.cifar10-dataset : Initializing transform.
2023-10-10 12:35:42,064 | INFO | hi-lo.cifar10-dataset : Verifying/downloading train data.
2023-10-10 12:35:42,668 | INFO | hi-lo.cifar10-dataset : Verifying/downloading test data.
2023-10-10 12:35:43,149 | INFO | hi-lo.cifar10-dataset : Creating train data loader.
2023-10-10 12:35:43,149 | INFO | hi-lo.cifar10-dataset : Creating test data loader.
2023-10-10 12:35:44,155 | INFO | hi-lo : Using device: NVIDIA GeForce GTX 1060 6GB
2023-10-10 12:35:44,155 | INFO | hi-lo : Commencing training phase...
2023-10-10 12:35:44,156 | INFO | hi-lo : BEGIN EPOCH 1 =========================================================================
2023-10-10 12:35:44,156 | INFO | hi-lo.kernel-accessor : Fetching kernel: gaussian
2023-10-10 12:35:44,160 | INFO | hi-lo.gaussian-kernel : MU (LOCATION): 0.0 | SIGMA (SCALE): 1.0 | VARIANCE: 1.0
2023-10-10 12:35:44,161 | INFO | hi-lo.gaussian-kernel : BOTTOM-RIGHT
tensor([[0.0060, 0.0271, 0.0446],
        [0.0271, 0.1212, 0.1999],
        [0.0446, 0.1999, 0.3296]])
2023-10-10 12:35:44,161 | INFO | hi-lo.kernel-accessor : Fetching kernel: gaussian
2023-10-10 12:35:44,161 | INFO | hi-lo.gaussian-kernel : MU (LOCATION): 0.0 | SIGMA (SCALE): 1.0 | VARIANCE: 1.0
2023-10-10 12:35:44,161 | INFO | hi-lo.gaussian-kernel : BOTTOM-RIGHT
tensor([[0.0060, 0.0271, 0.0446],
        [0.0271, 0.1212, 0.1999],
        [0.0446, 0.1999, 0.3296]])
2023-10-10 12:35:44,161 | INFO | hi-lo.kernel-accessor : Fetching kernel: gaussian
2023-10-10 12:35:44,162 | INFO | hi-lo.gaussian-kernel : MU (LOCATION): 0.0 | SIGMA (SCALE): 1.0 | VARIANCE: 1.0
2023-10-10 12:35:44,162 | INFO | hi-lo.gaussian-kernel : TOP-LEFT
tensor([[0.3296, 0.1999, 0.0446],
        [0.1999, 0.1212, 0.0271],
        [0.0446, 0.0271, 0.0060]])
2023-10-10 12:35:44,162 | INFO | hi-lo.kernel-accessor : Fetching kernel: gaussian
2023-10-10 12:35:44,162 | INFO | hi-lo.gaussian-kernel : MU (LOCATION): 0.0 | SIGMA (SCALE): 1.0 | VARIANCE: 1.0
2023-10-10 12:35:44,162 | INFO | hi-lo.gaussian-kernel : TOP-LEFT
tensor([[0.3296, 0.1999, 0.0446],
        [0.1999, 0.1212, 0.0271],
        [0.0446, 0.0271, 0.0060]])
2023-10-10 12:35:53,367 | INFO | hi-lo : END EPOCH:   1 | ACCURACY: 38.33 | LOSS: 1.7838482856750488
2023-10-10 12:35:53,367 | INFO | hi-lo : BEGIN EPOCH 2 =========================================================================
2023-10-10 12:35:53,367 | INFO | hi-lo.kernel-accessor : Fetching kernel: gaussian
2023-10-10 12:35:53,368 | INFO | hi-lo.gaussian-kernel : MU (LOCATION): -0.023460298776626587 | SIGMA (SCALE): 0.46094200015068054 | VARIANCE: 0.21246752750290998
2023-10-10 12:35:53,369 | INFO | hi-lo.gaussian-kernel : BOTTOM-RIGHT
tensor([[3.6389e-09, 4.7315e-06, 5.5588e-05],
        [4.7315e-06, 6.1523e-03, 7.2279e-02],
        [5.5588e-05, 7.2279e-02, 8.4917e-01]])
2023-10-10 12:35:53,369 | INFO | hi-lo.kernel-accessor : Fetching kernel: gaussian
2023-10-10 12:35:53,369 | INFO | hi-lo.gaussian-kernel : MU (LOCATION): -0.44149062037467957 | SIGMA (SCALE): 0.666100263595581 | VARIANCE: 0.44368956116210256
2023-10-10 12:35:53,370 | INFO | hi-lo.gaussian-kernel : BOTTOM-RIGHT
tensor([[1.8059e-06, 1.4357e-04, 1.1984e-03],
        [1.4357e-04, 1.1414e-02, 9.5279e-02],
        [1.1984e-03, 9.5279e-02, 7.9534e-01]])
2023-10-10 12:35:53,370 | INFO | hi-lo.kernel-accessor : Fetching kernel: gaussian
2023-10-10 12:35:53,370 | INFO | hi-lo.gaussian-kernel : MU (LOCATION): -0.36527231335639954 | SIGMA (SCALE): 0.7318606376647949 | VARIANCE: 0.5356199929631202
2023-10-10 12:35:53,371 | INFO | hi-lo.gaussian-kernel : BOTTOM-RIGHT
tensor([[2.5710e-05, 8.3659e-04, 4.2082e-03],
        [8.3659e-04, 2.7222e-02, 1.3693e-01],
        [4.2082e-03, 1.3693e-01, 6.8880e-01]])
2023-10-10 12:35:53,371 | INFO | hi-lo.kernel-accessor : Fetching kernel: gaussian
2023-10-10 12:35:53,371 | INFO | hi-lo.gaussian-kernel : MU (LOCATION): -0.46275174617767334 | SIGMA (SCALE): 0.7576084136962891 | VARIANCE: 0.5739705085034075
2023-10-10 12:35:53,372 | INFO | hi-lo.gaussian-kernel : TOP-LEFT
tensor([[7.0264e-01, 1.3130e-01, 4.2969e-03],
        [1.3130e-01, 2.4536e-02, 8.0294e-04],
        [4.2969e-03, 8.0294e-04, 2.6277e-05]])
2023-10-10 12:36:01,784 | INFO | hi-lo : END EPOCH:   2 | ACCURACY: 45.88 | LOSS: 1.5987749099731445
2023-10-10 12:36:01,785 | INFO | hi-lo : BEGIN EPOCH 3 =========================================================================
2023-10-10 12:36:01,785 | INFO | hi-lo.kernel-accessor : Fetching kernel: gaussian
2023-10-10 12:36:01,785 | INFO | hi-lo.gaussian-kernel : MU (LOCATION): -0.07919314503669739 | SIGMA (SCALE): 0.5105119347572327 | VARIANCE: 0.260622435529573
2023-10-10 12:36:01,786 | INFO | hi-lo.gaussian-kernel : BOTTOM-RIGHT
tensor([[5.2130e-08, 2.2316e-05, 2.0595e-04],
        [2.2316e-05, 9.5530e-03, 8.8164e-02],
        [2.0595e-04, 8.8164e-02, 8.1366e-01]])
2023-10-10 12:36:01,786 | INFO | hi-lo.kernel-accessor : Fetching kernel: gaussian
2023-10-10 12:36:01,787 | INFO | hi-lo.gaussian-kernel : MU (LOCATION): -0.5755197405815125 | SIGMA (SCALE): 0.9226418137550354 | VARIANCE: 0.8512679164891814
2023-10-10 12:36:01,787 | INFO | hi-lo.gaussian-kernel : TOP-LEFT
tensor([[5.8507e-01, 1.6539e-01, 1.4442e-02],
        [1.6539e-01, 4.6752e-02, 4.0825e-03],
        [1.4442e-02, 4.0825e-03, 3.5649e-04]])
2023-10-10 12:36:01,787 | INFO | hi-lo.kernel-accessor : Fetching kernel: gaussian
2023-10-10 12:36:01,788 | INFO | hi-lo.gaussian-kernel : MU (LOCATION): -1.4529445171356201 | SIGMA (SCALE): 2.2204434871673584 | VARIANCE: 4.930369279703939
2023-10-10 12:36:01,788 | INFO | hi-lo.gaussian-kernel : BOTTOM-RIGHT
tensor([[0.0328, 0.0596, 0.0886],
        [0.0596, 0.1085, 0.1613],
        [0.0886, 0.1613, 0.2397]])
2023-10-10 12:36:01,788 | INFO | hi-lo.kernel-accessor : Fetching kernel: gaussian
2023-10-10 12:36:01,789 | INFO | hi-lo.gaussian-kernel : MU (LOCATION): -0.7053490877151489 | SIGMA (SCALE): 1.1952712535858154 | VARIANCE: 1.4286733696486067
2023-10-10 12:36:01,789 | INFO | hi-lo.gaussian-kernel : BOTTOM-RIGHT
tensor([[0.0036, 0.0171, 0.0397],
        [0.0171, 0.0799, 0.1857],
        [0.0397, 0.1857, 0.4317]])
2023-10-10 12:36:10,268 | INFO | hi-lo : END EPOCH:   3 | ACCURACY: 53.12 | LOSS: 1.3498339653015137
2023-10-10 12:36:10,268 | INFO | hi-lo : BEGIN EPOCH 4 =========================================================================
2023-10-10 12:36:10,269 | INFO | hi-lo.kernel-accessor : Fetching kernel: gaussian
2023-10-10 12:36:10,269 | INFO | hi-lo.gaussian-kernel : MU (LOCATION): -0.09207769483327866 | SIGMA (SCALE): 0.4702765643596649 | VARIANCE: 0.22116004698593006
2023-10-10 12:36:10,270 | INFO | hi-lo.gaussian-kernel : TOP-LEFT
tensor([[8.7538e-01, 6.0191e-02, 4.4993e-05],
        [6.0191e-02, 4.1387e-03, 3.0937e-06],
        [4.4993e-05, 3.0937e-06, 2.3126e-09]])
2023-10-10 12:36:10,270 | INFO | hi-lo.kernel-accessor : Fetching kernel: gaussian
2023-10-10 12:36:10,271 | INFO | hi-lo.gaussian-kernel : MU (LOCATION): -0.5161772966384888 | SIGMA (SCALE): 0.9217173457145691 | VARIANCE: 0.8495628653911105
2023-10-10 12:36:10,271 | INFO | hi-lo.gaussian-kernel : BOTTOM-RIGHT
tensor([[4.4841e-04, 4.8122e-03, 1.5915e-02],
        [4.8122e-03, 5.1643e-02, 1.7080e-01],
        [1.5915e-02, 1.7080e-01, 5.6486e-01]])
2023-10-10 12:36:10,272 | INFO | hi-lo.kernel-accessor : Fetching kernel: gaussian
2023-10-10 12:36:10,272 | INFO | hi-lo.gaussian-kernel : MU (LOCATION): -1.5988597869873047 | SIGMA (SCALE): 2.4189164638519287 | VARIANCE: 5.851156859093919
2023-10-10 12:36:10,273 | INFO | hi-lo.gaussian-kernel : TOP-LEFT
tensor([[0.2246, 0.1569, 0.0924],
        [0.1569, 0.1096, 0.0645],
        [0.0924, 0.0645, 0.0380]])
2023-10-10 12:36:10,273 | INFO | hi-lo.kernel-accessor : Fetching kernel: gaussian
2023-10-10 12:36:10,273 | INFO | hi-lo.gaussian-kernel : MU (LOCATION): -0.8097326159477234 | SIGMA (SCALE): 1.4083038568496704 | VARIANCE: 1.983319753217657
2023-10-10 12:36:10,274 | INFO | hi-lo.gaussian-kernel : TOP-LEFT
tensor([[0.3552, 0.1835, 0.0573],
        [0.1835, 0.0948, 0.0296],
        [0.0573, 0.0296, 0.0092]])
2023-10-10 12:36:18,900 | INFO | hi-lo : END EPOCH:   4 | ACCURACY: 51.56 | LOSS: 1.3599814176559448
2023-10-10 12:36:18,900 | INFO | hi-lo : BEGIN EPOCH 5 =========================================================================
2023-10-10 12:36:18,900 | INFO | hi-lo.kernel-accessor : Fetching kernel: gaussian
2023-10-10 12:36:18,901 | INFO | hi-lo.gaussian-kernel : MU (LOCATION): -0.1433456391096115 | SIGMA (SCALE): 0.4750538170337677 | VARIANCE: 0.22567612907835244
2023-10-10 12:36:18,901 | INFO | hi-lo.gaussian-kernel : BOTTOM-RIGHT
tensor([[1.4128e-09, 2.0538e-06, 3.5532e-05],
        [2.0538e-06, 2.9856e-03, 5.1653e-02],
        [3.5532e-05, 5.1653e-02, 8.9363e-01]])
2023-10-10 12:36:18,901 | INFO | hi-lo.kernel-accessor : Fetching kernel: gaussian
2023-10-10 12:36:18,902 | INFO | hi-lo.gaussian-kernel : MU (LOCATION): -0.610337495803833 | SIGMA (SCALE): 0.9600954651832581 | VARIANCE: 0.9217833022654567
2023-10-10 12:36:18,902 | INFO | hi-lo.gaussian-kernel : TOP-LEFT
tensor([[5.6515e-01, 1.6945e-01, 1.7169e-02],
        [1.6945e-01, 5.0804e-02, 5.1478e-03],
        [1.7169e-02, 5.1478e-03, 5.2161e-04]])
2023-10-10 12:36:18,903 | INFO | hi-lo.kernel-accessor : Fetching kernel: gaussian
2023-10-10 12:36:18,903 | INFO | hi-lo.gaussian-kernel : MU (LOCATION): -1.7064018249511719 | SIGMA (SCALE): 2.6598119735717773 | VARIANCE: 7.074599734755793
2023-10-10 12:36:18,904 | INFO | hi-lo.gaussian-kernel : TOP-LEFT
tensor([[0.2071, 0.1516, 0.0964],
        [0.1516, 0.1110, 0.0705],
        [0.0964, 0.0705, 0.0448]])
2023-10-10 12:36:18,904 | INFO | hi-lo.kernel-accessor : Fetching kernel: gaussian
2023-10-10 12:36:18,904 | INFO | hi-lo.gaussian-kernel : MU (LOCATION): -0.7825434803962708 | SIGMA (SCALE): 1.5206778049468994 | VARIANCE: 2.3124609864581203
2023-10-10 12:36:18,905 | INFO | hi-lo.gaussian-kernel : BOTTOM-RIGHT
tensor([[0.0143, 0.0384, 0.0669],
        [0.0384, 0.1031, 0.1796],
        [0.0669, 0.1796, 0.3127]])
2023-10-10 12:36:27,376 | INFO | hi-lo : END EPOCH:   5 | ACCURACY: 64.84 | LOSS: 1.3420417308807373
2023-10-10 12:36:27,377 | INFO | hi-lo : BEGIN EPOCH 6 =========================================================================
2023-10-10 12:36:27,377 | INFO | hi-lo.kernel-accessor : Fetching kernel: gaussian
2023-10-10 12:36:27,378 | INFO | hi-lo.gaussian-kernel : MU (LOCATION): -0.08142997324466705 | SIGMA (SCALE): 0.4877360463142395 | VARIANCE: 0.23788645087424598
2023-10-10 12:36:27,378 | INFO | hi-lo.gaussian-kernel : BOTTOM-RIGHT
tensor([[1.0725e-08, 8.2705e-06, 9.5282e-05],
        [8.2705e-06, 6.3775e-03, 7.3473e-02],
        [9.5282e-05, 7.3473e-02, 8.4647e-01]])
2023-10-10 12:36:27,378 | INFO | hi-lo.kernel-accessor : Fetching kernel: gaussian
2023-10-10 12:36:27,379 | INFO | hi-lo.gaussian-kernel : MU (LOCATION): -0.5435397028923035 | SIGMA (SCALE): 0.9166281223297119 | VARIANCE: 0.8402071146456933
2023-10-10 12:36:27,379 | INFO | hi-lo.gaussian-kernel : BOTTOM-RIGHT
tensor([[3.7268e-04, 4.2425e-03, 1.4690e-02],
        [4.2425e-03, 4.8295e-02, 1.6722e-01],
        [1.4690e-02, 1.6722e-01, 5.7902e-01]])
2023-10-10 12:36:27,380 | INFO | hi-lo.kernel-accessor : Fetching kernel: gaussian
2023-10-10 12:36:27,380 | INFO | hi-lo.gaussian-kernel : MU (LOCATION): -1.3773754835128784 | SIGMA (SCALE): 2.4608938694000244 | VARIANCE: 6.055998636450624
2023-10-10 12:36:27,381 | INFO | hi-lo.gaussian-kernel : TOP-LEFT
tensor([[0.2086, 0.1530, 0.0951],
        [0.1530, 0.1122, 0.0698],
        [0.0951, 0.0698, 0.0434]])
2023-10-10 12:36:27,381 | INFO | hi-lo.kernel-accessor : Fetching kernel: gaussian
2023-10-10 12:36:27,381 | INFO | hi-lo.gaussian-kernel : MU (LOCATION): -0.9808351993560791 | SIGMA (SCALE): 1.8779178857803345 | VARIANCE: 3.5265755857336814
2023-10-10 12:36:27,382 | INFO | hi-lo.gaussian-kernel : BOTTOM-RIGHT
tensor([[0.0269, 0.0544, 0.0828],
        [0.0544, 0.1099, 0.1672],
        [0.0828, 0.1672, 0.2545]])
2023-10-10 12:36:35,870 | INFO | hi-lo : END EPOCH:   6 | ACCURACY: 59.72 | LOSS: 1.1421750783920288
2023-10-10 12:36:35,870 | INFO | hi-lo : BEGIN EPOCH 7 =========================================================================
2023-10-10 12:36:35,870 | INFO | hi-lo.kernel-accessor : Fetching kernel: gaussian
2023-10-10 12:36:35,871 | INFO | hi-lo.gaussian-kernel : MU (LOCATION): -0.006627045571804047 | SIGMA (SCALE): 0.511229932308197 | VARIANCE: 0.2613560436878437
2023-10-10 12:36:35,871 | INFO | hi-lo.gaussian-kernel : BOTTOM-RIGHT
tensor([[1.5561e-07, 4.9612e-05, 3.4470e-04],
        [4.9612e-05, 1.5818e-02, 1.0990e-01],
        [3.4470e-04, 1.0990e-01, 7.6359e-01]])
2023-10-10 12:36:35,872 | INFO | hi-lo.kernel-accessor : Fetching kernel: gaussian
2023-10-10 12:36:35,872 | INFO | hi-lo.gaussian-kernel : MU (LOCATION): -0.5773842334747314 | SIGMA (SCALE): 1.0515209436416626 | VARIANCE: 1.1056962949170526
2023-10-10 12:36:35,873 | INFO | hi-lo.gaussian-kernel : TOP-LEFT
tensor([[0.4856, 0.1833, 0.0280],
        [0.1833, 0.0692, 0.0106],
        [0.0280, 0.0106, 0.0016]])
2023-10-10 12:36:35,873 | INFO | hi-lo.kernel-accessor : Fetching kernel: gaussian
2023-10-10 12:36:35,873 | INFO | hi-lo.gaussian-kernel : MU (LOCATION): -2.006831169128418 | SIGMA (SCALE): 3.243091583251953 | VARIANCE: 10.51764301735966
2023-10-10 12:36:35,874 | INFO | hi-lo.gaussian-kernel : TOP-LEFT
tensor([[0.1807, 0.1424, 0.1020],
        [0.1424, 0.1122, 0.0804],
        [0.1020, 0.0804, 0.0576]])
2023-10-10 12:36:35,874 | INFO | hi-lo.kernel-accessor : Fetching kernel: gaussian
2023-10-10 12:36:35,875 | INFO | hi-lo.gaussian-kernel : MU (LOCATION): -0.8028779625892639 | SIGMA (SCALE): 1.9939849376678467 | VARIANCE: 3.9759759316462464
2023-10-10 12:36:35,875 | INFO | hi-lo.gaussian-kernel : TOP-LEFT
tensor([[0.2216, 0.1597, 0.0895],
        [0.1597, 0.1151, 0.0645],
        [0.0895, 0.0645, 0.0361]])
2023-10-10 12:36:44,316 | INFO | hi-lo : END EPOCH:   7 | ACCURACY: 57.29 | LOSS: 1.383313536643982
2023-10-10 12:36:44,317 | INFO | hi-lo : BEGIN EPOCH 8 =========================================================================
2023-10-10 12:36:44,317 | INFO | hi-lo.kernel-accessor : Fetching kernel: gaussian
2023-10-10 12:36:44,317 | INFO | hi-lo.gaussian-kernel : MU (LOCATION): -0.032021019607782364 | SIGMA (SCALE): 0.4781655967235565 | VARIANCE: 0.22864233788999488
2023-10-10 12:36:44,318 | INFO | hi-lo.gaussian-kernel : BOTTOM-RIGHT
tensor([[1.1966e-08, 9.7258e-06, 9.9649e-05],
        [9.7258e-06, 7.9054e-03, 8.0997e-02],
        [9.9649e-05, 8.0997e-02, 8.2988e-01]])
2023-10-10 12:36:44,318 | INFO | hi-lo.kernel-accessor : Fetching kernel: gaussian
2023-10-10 12:36:44,319 | INFO | hi-lo.gaussian-kernel : MU (LOCATION): -0.6151114106178284 | SIGMA (SCALE): 1.0071619749069214 | VARIANCE: 1.0143752436984101
2023-10-10 12:36:44,319 | INFO | hi-lo.gaussian-kernel : BOTTOM-RIGHT
tensor([[0.0009, 0.0073, 0.0219],
        [0.0073, 0.0587, 0.1763],
        [0.0219, 0.1763, 0.5293]])
2023-10-10 12:36:44,319 | INFO | hi-lo.kernel-accessor : Fetching kernel: gaussian
2023-10-10 12:36:44,320 | INFO | hi-lo.gaussian-kernel : MU (LOCATION): -1.5091590881347656 | SIGMA (SCALE): 2.7782838344573975 | VARIANCE: 7.7188610648072995
2023-10-10 12:36:44,320 | INFO | hi-lo.gaussian-kernel : BOTTOM-RIGHT
tensor([[0.0518, 0.0765, 0.0993],
        [0.0765, 0.1130, 0.1466],
        [0.0993, 0.1466, 0.1902]])
2023-10-10 12:36:44,320 | INFO | hi-lo.kernel-accessor : Fetching kernel: gaussian
2023-10-10 12:36:44,321 | INFO | hi-lo.gaussian-kernel : MU (LOCATION): -1.019837737083435 | SIGMA (SCALE): 2.0863518714904785 | VARIANCE: 4.352864131671822
2023-10-10 12:36:44,321 | INFO | hi-lo.gaussian-kernel : TOP-LEFT
tensor([[0.2266, 0.1598, 0.0896],
        [0.1598, 0.1127, 0.0632],
        [0.0896, 0.0632, 0.0354]])
2023-10-10 12:36:52,815 | INFO | hi-lo : END EPOCH:   8 | ACCURACY: 62.24 | LOSS: 1.2597243785858154
2023-10-10 12:36:52,815 | INFO | hi-lo : BEGIN EPOCH 9 =========================================================================
2023-10-10 12:36:52,815 | INFO | hi-lo.kernel-accessor : Fetching kernel: gaussian
2023-10-10 12:36:52,816 | INFO | hi-lo.gaussian-kernel : MU (LOCATION): -0.11598529666662216 | SIGMA (SCALE): 0.46811574697494507 | VARIANCE: 0.2191323525659108
2023-10-10 12:36:52,816 | INFO | hi-lo.gaussian-kernel : BOTTOM-RIGHT
tensor([[1.2654e-09, 2.0180e-06, 3.3553e-05],
        [2.0180e-06, 3.2182e-03, 5.3509e-02],
        [3.3553e-05, 5.3509e-02, 8.8969e-01]])
2023-10-10 12:36:52,816 | INFO | hi-lo.kernel-accessor : Fetching kernel: gaussian
2023-10-10 12:36:52,817 | INFO | hi-lo.gaussian-kernel : MU (LOCATION): -0.5841982960700989 | SIGMA (SCALE): 0.9354419708251953 | VARIANCE: 0.8750516807813256
2023-10-10 12:36:52,817 | INFO | hi-lo.gaussian-kernel : BOTTOM-RIGHT
tensor([[4.1324e-04, 4.4731e-03, 1.5442e-02],
        [4.4731e-03, 4.8419e-02, 1.6715e-01],
        [1.5442e-02, 1.6715e-01, 5.7704e-01]])
2023-10-10 12:36:52,817 | INFO | hi-lo.kernel-accessor : Fetching kernel: gaussian
2023-10-10 12:36:52,818 | INFO | hi-lo.gaussian-kernel : MU (LOCATION): -1.453955054283142 | SIGMA (SCALE): 2.7005534172058105 | VARIANCE: 7.292988759181981
2023-10-10 12:36:52,818 | INFO | hi-lo.gaussian-kernel : TOP-LEFT
tensor([[0.1932, 0.1478, 0.0986],
        [0.1478, 0.1130, 0.0754],
        [0.0986, 0.0754, 0.0503]])
2023-10-10 12:36:52,818 | INFO | hi-lo.kernel-accessor : Fetching kernel: gaussian
2023-10-10 12:36:52,819 | INFO | hi-lo.gaussian-kernel : MU (LOCATION): -0.8525945544242859 | SIGMA (SCALE): 1.763442873954773 | VARIANCE: 3.1097307697018692
2023-10-10 12:36:52,819 | INFO | hi-lo.gaussian-kernel : TOP-LEFT
tensor([[0.2627, 0.1700, 0.0798],
        [0.1700, 0.1101, 0.0517],
        [0.0798, 0.0517, 0.0242]])
2023-10-10 12:37:01,303 | INFO | hi-lo : END EPOCH:   9 | ACCURACY: 67.19 | LOSS: 1.126466989517212
2023-10-10 12:37:01,304 | INFO | hi-lo : BEGIN EPOCH 10 =========================================================================
2023-10-10 12:37:01,304 | INFO | hi-lo.kernel-accessor : Fetching kernel: gaussian
2023-10-10 12:37:01,304 | INFO | hi-lo.gaussian-kernel : MU (LOCATION): -0.07063034176826477 | SIGMA (SCALE): 0.4288269579410553 | VARIANCE: 0.1838925598569796
2023-10-10 12:37:01,305 | INFO | hi-lo.gaussian-kernel : TOP-LEFT
tensor([[9.1587e-01, 4.1133e-02, 8.0329e-06],
        [4.1133e-02, 1.8473e-03, 3.6077e-07],
        [8.0329e-06, 3.6077e-07, 7.0455e-11]])
2023-10-10 12:37:01,305 | INFO | hi-lo.kernel-accessor : Fetching kernel: gaussian
2023-10-10 12:37:01,306 | INFO | hi-lo.gaussian-kernel : MU (LOCATION): -0.593583881855011 | SIGMA (SCALE): 0.8803097009658813 | VARIANCE: 0.7749451696146394
2023-10-10 12:37:01,306 | INFO | hi-lo.gaussian-kernel : BOTTOM-RIGHT
tensor([[1.6858e-04, 2.5124e-03, 1.0303e-02],
        [2.5124e-03, 3.7444e-02, 1.5355e-01],
        [1.0303e-02, 1.5355e-01, 6.2966e-01]])
2023-10-10 12:37:01,306 | INFO | hi-lo.kernel-accessor : Fetching kernel: gaussian
2023-10-10 12:37:01,307 | INFO | hi-lo.gaussian-kernel : MU (LOCATION): -1.3853756189346313 | SIGMA (SCALE): 2.531134605407715 | VARIANCE: 6.406642390692468
2023-10-10 12:37:01,307 | INFO | hi-lo.gaussian-kernel : BOTTOM-RIGHT
tensor([[0.0458, 0.0718, 0.0964],
        [0.0718, 0.1126, 0.1512],
        [0.0964, 0.1512, 0.2029]])
2023-10-10 12:37:01,307 | INFO | hi-lo.kernel-accessor : Fetching kernel: gaussian
2023-10-10 12:37:01,308 | INFO | hi-lo.gaussian-kernel : MU (LOCATION): -0.849795937538147 | SIGMA (SCALE): 1.8624886274337769 | VARIANCE: 3.468863887320154
2023-10-10 12:37:01,308 | INFO | hi-lo.gaussian-kernel : BOTTOM-RIGHT
tensor([[0.0290, 0.0571, 0.0842],
        [0.0571, 0.1123, 0.1658],
        [0.0842, 0.1658, 0.2446]])
2023-10-10 12:37:09,783 | INFO | hi-lo : END EPOCH:  10 | ACCURACY: 64.06 | LOSS: 0.9955828785896301
2023-10-10 12:37:09,783 | INFO | hi-lo : BEGIN EPOCH 11 =========================================================================
2023-10-10 12:37:09,783 | INFO | hi-lo.kernel-accessor : Fetching kernel: gaussian
2023-10-10 12:37:09,784 | INFO | hi-lo.gaussian-kernel : MU (LOCATION): -0.15363146364688873 | SIGMA (SCALE): 0.47994378209114075 | VARIANCE: 0.2303460339679484
2023-10-10 12:37:09,784 | INFO | hi-lo.gaussian-kernel : TOP-LEFT
tensor([[8.9233e-01, 5.2260e-02, 3.9849e-05],
        [5.2260e-02, 3.0607e-03, 2.3338e-06],
        [3.9849e-05, 2.3338e-06, 1.7795e-09]])
2023-10-10 12:37:09,784 | INFO | hi-lo.kernel-accessor : Fetching kernel: gaussian
2023-10-10 12:37:09,785 | INFO | hi-lo.gaussian-kernel : MU (LOCATION): -0.6067159175872803 | SIGMA (SCALE): 0.9493079781532288 | VARIANCE: 0.901185637385371
2023-10-10 12:37:09,785 | INFO | hi-lo.gaussian-kernel : TOP-LEFT
tensor([[5.7294e-01, 1.6779e-01, 1.6200e-02],
        [1.6779e-01, 4.9138e-02, 4.7442e-03],
        [1.6200e-02, 4.7442e-03, 4.5804e-04]])
2023-10-10 12:37:09,785 | INFO | hi-lo.kernel-accessor : Fetching kernel: gaussian
2023-10-10 12:37:09,785 | INFO | hi-lo.gaussian-kernel : MU (LOCATION): -1.6864778995513916 | SIGMA (SCALE): 2.9413535594940186 | VARIANCE: 8.651560761948133
2023-10-10 12:37:09,785 | INFO | hi-lo.gaussian-kernel : BOTTOM-RIGHT
tensor([[0.0539, 0.0779, 0.1004],
        [0.0779, 0.1127, 0.1450],
        [0.1004, 0.1450, 0.1867]])
2023-10-10 12:37:09,785 | INFO | hi-lo.kernel-accessor : Fetching kernel: gaussian
2023-10-10 12:37:09,786 | INFO | hi-lo.gaussian-kernel : MU (LOCATION): -1.1309927701950073 | SIGMA (SCALE): 2.313387870788574 | VARIANCE: 5.351763440711693
2023-10-10 12:37:09,786 | INFO | hi-lo.gaussian-kernel : BOTTOM-RIGHT
tensor([[0.0425, 0.0694, 0.0942],
        [0.0694, 0.1135, 0.1540],
        [0.0942, 0.1540, 0.2088]])
2023-10-10 12:37:18,250 | INFO | hi-lo : END EPOCH:  11 | ACCURACY: 64.06 | LOSS: 1.2593317031860352
2023-10-10 12:37:18,250 | INFO | hi-lo : BEGIN EPOCH 12 =========================================================================
2023-10-10 12:37:18,250 | INFO | hi-lo.kernel-accessor : Fetching kernel: gaussian
2023-10-10 12:37:18,251 | INFO | hi-lo.gaussian-kernel : MU (LOCATION): -0.08127343654632568 | SIGMA (SCALE): 0.4763853847980499 | VARIANCE: 0.2269430348491861
2023-10-10 12:37:18,252 | INFO | hi-lo.gaussian-kernel : BOTTOM-RIGHT
tensor([[4.5555e-09, 4.8370e-06, 6.2653e-05],
        [4.8370e-06, 5.1359e-03, 6.6524e-02],
        [6.2653e-05, 6.6524e-02, 8.6168e-01]])
2023-10-10 12:37:18,252 | INFO | hi-lo.kernel-accessor : Fetching kernel: gaussian
2023-10-10 12:37:18,253 | INFO | hi-lo.gaussian-kernel : MU (LOCATION): -0.5672149062156677 | SIGMA (SCALE): 0.9872388243675232 | VARIANCE: 0.9746404963385693
2023-10-10 12:37:18,253 | INFO | hi-lo.gaussian-kernel : BOTTOM-RIGHT
tensor([[0.0009, 0.0071, 0.0212],
        [0.0071, 0.0592, 0.1770],
        [0.0212, 0.1770, 0.5292]])
2023-10-10 12:37:18,253 | INFO | hi-lo.kernel-accessor : Fetching kernel: gaussian
2023-10-10 12:37:18,254 | INFO | hi-lo.gaussian-kernel : MU (LOCATION): -1.823182463645935 | SIGMA (SCALE): 3.135873317718506 | VARIANCE: 9.83370146477887
2023-10-10 12:37:18,254 | INFO | hi-lo.gaussian-kernel : TOP-LEFT
tensor([[0.1807, 0.1426, 0.1017],
        [0.1426, 0.1126, 0.0803],
        [0.1017, 0.0803, 0.0573]])
2023-10-10 12:37:18,254 | INFO | hi-lo.kernel-accessor : Fetching kernel: gaussian
2023-10-10 12:37:18,255 | INFO | hi-lo.gaussian-kernel : MU (LOCATION): -1.0138673782348633 | SIGMA (SCALE): 2.108330011367798 | VARIANCE: 4.445055436834139
2023-10-10 12:37:18,255 | INFO | hi-lo.gaussian-kernel : BOTTOM-RIGHT
tensor([[0.0365, 0.0642, 0.0903],
        [0.0642, 0.1131, 0.1590],
        [0.0903, 0.1590, 0.2235]])
2023-10-10 12:37:26,849 | INFO | hi-lo : END EPOCH:  12 | ACCURACY: 67.19 | LOSS: 1.0063973665237427
2023-10-10 12:37:26,849 | INFO | hi-lo : BEGIN EPOCH 13 =========================================================================
2023-10-10 12:37:26,849 | INFO | hi-lo.kernel-accessor : Fetching kernel: gaussian
2023-10-10 12:37:26,850 | INFO | hi-lo.gaussian-kernel : MU (LOCATION): 0.014373516663908958 | SIGMA (SCALE): 0.559628427028656 | VARIANCE: 0.31318397633856776
2023-10-10 12:37:26,850 | INFO | hi-lo.gaussian-kernel : BOTTOM-RIGHT
tensor([[2.3147e-06, 2.6584e-04, 1.2532e-03],
        [2.6584e-04, 3.0531e-02, 1.4393e-01],
        [1.2532e-03, 1.4393e-01, 6.7856e-01]])
2023-10-10 12:37:26,851 | INFO | hi-lo.kernel-accessor : Fetching kernel: gaussian
2023-10-10 12:37:26,851 | INFO | hi-lo.gaussian-kernel : MU (LOCATION): -0.6069512367248535 | SIGMA (SCALE): 1.0088473558425903 | VARIANCE: 1.017772987390586
2023-10-10 12:37:26,851 | INFO | hi-lo.gaussian-kernel : TOP-LEFT
tensor([[0.5255, 0.1771, 0.0223],
        [0.1771, 0.0597, 0.0075],
        [0.0223, 0.0075, 0.0009]])
2023-10-10 12:37:26,852 | INFO | hi-lo.kernel-accessor : Fetching kernel: gaussian
2023-10-10 12:37:26,852 | INFO | hi-lo.gaussian-kernel : MU (LOCATION): -1.549006462097168 | SIGMA (SCALE): 3.0640339851379395 | VARIANCE: 9.388304262080283
2023-10-10 12:37:26,852 | INFO | hi-lo.gaussian-kernel : TOP-LEFT
tensor([[0.1758, 0.1413, 0.1021],
        [0.1413, 0.1136, 0.0821],
        [0.1021, 0.0821, 0.0593]])
2023-10-10 12:37:26,853 | INFO | hi-lo.kernel-accessor : Fetching kernel: gaussian
2023-10-10 12:37:26,853 | INFO | hi-lo.gaussian-kernel : MU (LOCATION): -1.2336724996566772 | SIGMA (SCALE): 2.5848419666290283 | VARIANCE: 6.681407992446623
2023-10-10 12:37:26,853 | INFO | hi-lo.gaussian-kernel : BOTTOM-RIGHT
tensor([[0.0503, 0.0758, 0.0982],
        [0.0758, 0.1141, 0.1479],
        [0.0982, 0.1479, 0.1917]])
2023-10-10 12:37:35,455 | INFO | hi-lo : END EPOCH:  13 | ACCURACY: 64.65 | LOSS: 1.3508321046829224
2023-10-10 12:37:35,455 | INFO | hi-lo : BEGIN EPOCH 14 =========================================================================
2023-10-10 12:37:35,456 | INFO | hi-lo.kernel-accessor : Fetching kernel: gaussian
2023-10-10 12:37:35,456 | INFO | hi-lo.gaussian-kernel : MU (LOCATION): -0.09956054389476776 | SIGMA (SCALE): 0.5304555296897888 | VARIANCE: 0.2813830689784744
2023-10-10 12:37:35,457 | INFO | hi-lo.gaussian-kernel : BOTTOM-RIGHT
tensor([[1.2997e-07, 3.8253e-05, 3.2214e-04],
        [3.8253e-05, 1.1258e-02, 9.4808e-02],
        [3.2214e-04, 9.4808e-02, 7.9840e-01]])
2023-10-10 12:37:35,457 | INFO | hi-lo.kernel-accessor : Fetching kernel: gaussian
2023-10-10 12:37:35,457 | INFO | hi-lo.gaussian-kernel : MU (LOCATION): -0.5854607820510864 | SIGMA (SCALE): 1.039406657218933 | VARIANCE: 1.0803661990710367
2023-10-10 12:37:35,458 | INFO | hi-lo.gaussian-kernel : BOTTOM-RIGHT
tensor([[0.0014, 0.0097, 0.0264],
        [0.0097, 0.0666, 0.1818],
        [0.0264, 0.1818, 0.4964]])
2023-10-10 12:37:35,458 | INFO | hi-lo.kernel-accessor : Fetching kernel: gaussian
2023-10-10 12:37:35,458 | INFO | hi-lo.gaussian-kernel : MU (LOCATION): -1.5651662349700928 | SIGMA (SCALE): 2.69238543510437 | VARIANCE: 7.248939331162148
2023-10-10 12:37:35,459 | INFO | hi-lo.gaussian-kernel : BOTTOM-RIGHT
tensor([[0.0482, 0.0735, 0.0978],
        [0.0735, 0.1122, 0.1492],
        [0.0978, 0.1492, 0.1984]])
2023-10-10 12:37:35,459 | INFO | hi-lo.kernel-accessor : Fetching kernel: gaussian
2023-10-10 12:37:35,460 | INFO | hi-lo.gaussian-kernel : MU (LOCATION): -0.9249517917633057 | SIGMA (SCALE): 2.1483166217803955 | VARIANCE: 4.615264307417931
2023-10-10 12:37:35,460 | INFO | hi-lo.gaussian-kernel : BOTTOM-RIGHT
tensor([[0.0401, 0.0678, 0.0923],
        [0.0678, 0.1147, 0.1562],
        [0.0923, 0.1562, 0.2126]])
2023-10-10 12:37:44,063 | INFO | hi-lo : END EPOCH:  14 | ACCURACY: 65.34 | LOSS: 1.0420818328857422
2023-10-10 12:37:44,063 | INFO | hi-lo : BEGIN EPOCH 15 =========================================================================
2023-10-10 12:37:44,063 | INFO | hi-lo.kernel-accessor : Fetching kernel: gaussian
2023-10-10 12:37:44,064 | INFO | hi-lo.gaussian-kernel : MU (LOCATION): -0.11900705099105835 | SIGMA (SCALE): 0.4731113910675049 | VARIANCE: 0.22383438835782954
2023-10-10 12:37:44,065 | INFO | hi-lo.gaussian-kernel : BOTTOM-RIGHT
tensor([[1.8295e-09, 2.5328e-06, 4.0238e-05],
        [2.5328e-06, 3.5066e-03, 5.5707e-02],
        [4.0238e-05, 5.5707e-02, 8.8499e-01]])
2023-10-10 12:37:44,065 | INFO | hi-lo.kernel-accessor : Fetching kernel: gaussian
2023-10-10 12:37:44,065 | INFO | hi-lo.gaussian-kernel : MU (LOCATION): -0.5951123237609863 | SIGMA (SCALE): 0.9675436615943909 | VARIANCE: 0.9361407370914812
2023-10-10 12:37:44,066 | INFO | hi-lo.gaussian-kernel : BOTTOM-RIGHT
tensor([[0.0006, 0.0057, 0.0183],
        [0.0057, 0.0534, 0.1720],
        [0.0183, 0.1720, 0.5540]])
2023-10-10 12:37:44,066 | INFO | hi-lo.kernel-accessor : Fetching kernel: gaussian
2023-10-10 12:37:44,066 | INFO | hi-lo.gaussian-kernel : MU (LOCATION): -1.5290250778198242 | SIGMA (SCALE): 2.7251698970794678 | VARIANCE: 7.426550967948117
2023-10-10 12:37:44,067 | INFO | hi-lo.gaussian-kernel : BOTTOM-RIGHT
tensor([[0.0498, 0.0749, 0.0985],
        [0.0749, 0.1127, 0.1481],
        [0.0985, 0.1481, 0.1946]])
2023-10-10 12:37:44,067 | INFO | hi-lo.kernel-accessor : Fetching kernel: gaussian
2023-10-10 12:37:44,067 | INFO | hi-lo.gaussian-kernel : MU (LOCATION): -0.9943742156028748 | SIGMA (SCALE): 2.0134925842285156 | VARIANCE: 4.054152386743226
2023-10-10 12:37:44,068 | INFO | hi-lo.gaussian-kernel : BOTTOM-RIGHT
tensor([[0.0328, 0.0606, 0.0876],
        [0.0606, 0.1121, 0.1621],
        [0.0876, 0.1621, 0.2344]])
2023-10-10 12:37:52,657 | INFO | hi-lo : END EPOCH:  15 | ACCURACY: 67.97 | LOSS: 1.074595332145691
2023-10-10 12:37:52,657 | INFO | hi-lo : BEGIN EPOCH 16 =========================================================================
2023-10-10 12:37:52,657 | INFO | hi-lo.kernel-accessor : Fetching kernel: gaussian
2023-10-10 12:37:52,658 | INFO | hi-lo.gaussian-kernel : MU (LOCATION): -0.08654145896434784 | SIGMA (SCALE): 0.4952669143676758 | VARIANCE: 0.2452893164672787
2023-10-10 12:37:52,659 | INFO | hi-lo.gaussian-kernel : BOTTOM-RIGHT
tensor([[1.6934e-08, 1.0909e-05, 1.1921e-04],
        [1.0909e-05, 7.0281e-03, 7.6795e-02],
        [1.1921e-04, 7.6795e-02, 8.3912e-01]])
2023-10-10 12:37:52,659 | INFO | hi-lo.kernel-accessor : Fetching kernel: gaussian
2023-10-10 12:37:52,659 | INFO | hi-lo.gaussian-kernel : MU (LOCATION): -0.6202352046966553 | SIGMA (SCALE): 1.0004997253417969 | VARIANCE: 1.000999700409011
2023-10-10 12:37:52,660 | INFO | hi-lo.gaussian-kernel : TOP-LEFT
tensor([[0.5360, 0.1751, 0.0211],
        [0.1751, 0.0572, 0.0069],
        [0.0211, 0.0069, 0.0008]])
2023-10-10 12:37:52,660 | INFO | hi-lo.kernel-accessor : Fetching kernel: gaussian
2023-10-10 12:37:52,660 | INFO | hi-lo.gaussian-kernel : MU (LOCATION): -1.8443489074707031 | SIGMA (SCALE): 3.096221923828125 | VARIANCE: 9.586590201593935
2023-10-10 12:37:52,661 | INFO | hi-lo.gaussian-kernel : TOP-LEFT
tensor([[0.1833, 0.1436, 0.1013],
        [0.1436, 0.1124, 0.0793],
        [0.1013, 0.0793, 0.0560]])
2023-10-10 12:37:52,661 | INFO | hi-lo.kernel-accessor : Fetching kernel: gaussian
2023-10-10 12:37:52,661 | INFO | hi-lo.gaussian-kernel : MU (LOCATION): -1.2570013999938965 | SIGMA (SCALE): 2.678713798522949 | VARIANCE: 7.175507614397247
2023-10-10 12:37:52,661 | INFO | hi-lo.gaussian-kernel : TOP-LEFT
tensor([[0.1865, 0.1460, 0.0994],
        [0.1460, 0.1143, 0.0778],
        [0.0994, 0.0778, 0.0530]])
2023-10-10 12:38:01,295 | INFO | hi-lo : END EPOCH:  16 | ACCURACY: 64.06 | LOSS: 0.7439885139465332
2023-10-10 12:38:01,295 | INFO | hi-lo : BEGIN EPOCH 17 =========================================================================
2023-10-10 12:38:01,295 | INFO | hi-lo.kernel-accessor : Fetching kernel: gaussian
2023-10-10 12:38:01,296 | INFO | hi-lo.gaussian-kernel : MU (LOCATION): -0.020393867045640945 | SIGMA (SCALE): 0.5629079341888428 | VARIANCE: 0.31686534237275055
2023-10-10 12:38:01,297 | INFO | hi-lo.gaussian-kernel : TOP-LEFT
tensor([[7.0012e-01, 1.3549e-01, 1.1171e-03],
        [1.3549e-01, 2.6222e-02, 2.1619e-04],
        [1.1171e-03, 2.1619e-04, 1.7823e-06]])
2023-10-10 12:38:01,297 | INFO | hi-lo.kernel-accessor : Fetching kernel: gaussian
2023-10-10 12:38:01,297 | INFO | hi-lo.gaussian-kernel : MU (LOCATION): -0.6527491211891174 | SIGMA (SCALE): 1.0983392000198364 | VARIANCE: 1.2063489983002142
2023-10-10 12:38:01,298 | INFO | hi-lo.gaussian-kernel : TOP-LEFT
tensor([[0.4762, 0.1831, 0.0307],
        [0.1831, 0.0704, 0.0118],
        [0.0307, 0.0118, 0.0020]])
2023-10-10 12:38:01,298 | INFO | hi-lo.kernel-accessor : Fetching kernel: gaussian
2023-10-10 12:38:01,298 | INFO | hi-lo.gaussian-kernel : MU (LOCATION): -1.9709867238998413 | SIGMA (SCALE): 3.1865084171295166 | VARIANCE: 10.153835892437257
2023-10-10 12:38:01,299 | INFO | hi-lo.gaussian-kernel : BOTTOM-RIGHT
tensor([[0.0566, 0.0797, 0.1016],
        [0.0797, 0.1122, 0.1431],
        [0.1016, 0.1431, 0.1825]])
2023-10-10 12:38:01,299 | INFO | hi-lo.kernel-accessor : Fetching kernel: gaussian
2023-10-10 12:38:01,299 | INFO | hi-lo.gaussian-kernel : MU (LOCATION): -0.9613195657730103 | SIGMA (SCALE): 2.1661345958709717 | VARIANCE: 4.692139087429098
2023-10-10 12:38:01,300 | INFO | hi-lo.gaussian-kernel : BOTTOM-RIGHT
tensor([[0.0401, 0.0677, 0.0924],
        [0.0677, 0.1144, 0.1561],
        [0.0924, 0.1561, 0.2132]])
2023-10-10 12:38:09,859 | INFO | hi-lo : END EPOCH:  17 | ACCURACY: 65.01 | LOSS: 1.1909359693527222
2023-10-10 12:38:09,860 | INFO | hi-lo : BEGIN EPOCH 18 =========================================================================
2023-10-10 12:38:09,860 | INFO | hi-lo.kernel-accessor : Fetching kernel: gaussian
2023-10-10 12:38:09,861 | INFO | hi-lo.gaussian-kernel : MU (LOCATION): -0.06478677690029144 | SIGMA (SCALE): 0.5057925581932068 | VARIANCE: 0.2558261119236285
2023-10-10 12:38:09,861 | INFO | hi-lo.gaussian-kernel : TOP-LEFT
tensor([[8.1134e-01, 8.9209e-02, 1.9679e-04],
        [8.9209e-02, 9.8089e-03, 2.1638e-05],
        [1.9679e-04, 2.1638e-05, 4.7732e-08]])
2023-10-10 12:38:09,862 | INFO | hi-lo.kernel-accessor : Fetching kernel: gaussian
2023-10-10 12:38:09,862 | INFO | hi-lo.gaussian-kernel : MU (LOCATION): -0.6054158210754395 | SIGMA (SCALE): 1.0080045461654663 | VARIANCE: 1.0160731650902477
2023-10-10 12:38:09,863 | INFO | hi-lo.gaussian-kernel : BOTTOM-RIGHT
tensor([[0.0009, 0.0075, 0.0223],
        [0.0075, 0.0597, 0.1771],
        [0.0223, 0.1771, 0.5256]])
2023-10-10 12:38:09,863 | INFO | hi-lo.kernel-accessor : Fetching kernel: gaussian
2023-10-10 12:38:09,863 | INFO | hi-lo.gaussian-kernel : MU (LOCATION): -1.5241682529449463 | SIGMA (SCALE): 2.677856683731079 | VARIANCE: 7.170916418603213
2023-10-10 12:38:09,864 | INFO | hi-lo.gaussian-kernel : TOP-LEFT
tensor([[0.1978, 0.1491, 0.0978],
        [0.1491, 0.1125, 0.0738],
        [0.0978, 0.0738, 0.0484]])
2023-10-10 12:38:09,864 | INFO | hi-lo.kernel-accessor : Fetching kernel: gaussian
2023-10-10 12:38:09,864 | INFO | hi-lo.gaussian-kernel : MU (LOCATION): -1.0112614631652832 | SIGMA (SCALE): 2.0444507598876953 | VARIANCE: 4.179778909605375
2023-10-10 12:38:09,865 | INFO | hi-lo.gaussian-kernel : TOP-LEFT
tensor([[0.2315, 0.1612, 0.0884],
        [0.1612, 0.1123, 0.0616],
        [0.0884, 0.0616, 0.0338]])
2023-10-10 12:38:18,501 | INFO | hi-lo : END EPOCH:  18 | ACCURACY: 70.31 | LOSS: 1.0202451944351196
2023-10-10 12:38:18,501 | INFO | hi-lo : BEGIN EPOCH 19 =========================================================================
2023-10-10 12:38:18,501 | INFO | hi-lo.kernel-accessor : Fetching kernel: gaussian
2023-10-10 12:38:18,502 | INFO | hi-lo.gaussian-kernel : MU (LOCATION): -0.10707175731658936 | SIGMA (SCALE): 0.5197026133537292 | VARIANCE: 0.2700908063266958
2023-10-10 12:38:18,503 | INFO | hi-lo.gaussian-kernel : TOP-LEFT
tensor([[8.1762e-01, 8.6379e-02, 2.2506e-04],
        [8.6379e-02, 9.1256e-03, 2.3777e-05],
        [2.2506e-04, 2.3777e-05, 6.1952e-08]])
2023-10-10 12:38:18,503 | INFO | hi-lo.kernel-accessor : Fetching kernel: gaussian
2023-10-10 12:38:18,503 | INFO | hi-lo.gaussian-kernel : MU (LOCATION): -0.5767601728439331 | SIGMA (SCALE): 1.0244879722595215 | VARIANCE: 1.049575605304426
2023-10-10 12:38:18,504 | INFO | hi-lo.gaussian-kernel : TOP-LEFT
tensor([[0.5044, 0.1808, 0.0250],
        [0.1808, 0.0648, 0.0090],
        [0.0250, 0.0090, 0.0012]])
2023-10-10 12:38:18,504 | INFO | hi-lo.kernel-accessor : Fetching kernel: gaussian
2023-10-10 12:38:18,504 | INFO | hi-lo.gaussian-kernel : MU (LOCATION): -1.8757853507995605 | SIGMA (SCALE): 3.088212251663208 | VARIANCE: 9.537054911322741
2023-10-10 12:38:18,505 | INFO | hi-lo.gaussian-kernel : TOP-LEFT
tensor([[0.1847, 0.1440, 0.1011],
        [0.1440, 0.1122, 0.0788],
        [0.1011, 0.0788, 0.0553]])
2023-10-10 12:38:18,505 | INFO | hi-lo.kernel-accessor : Fetching kernel: gaussian
2023-10-10 12:38:18,505 | INFO | hi-lo.gaussian-kernel : MU (LOCATION): -1.113896131515503 | SIGMA (SCALE): 2.5381951332092285 | VARIANCE: 6.442434534247013
2023-10-10 12:38:18,506 | INFO | hi-lo.gaussian-kernel : BOTTOM-RIGHT
tensor([[0.0510, 0.0765, 0.0983],
        [0.0765, 0.1148, 0.1475],
        [0.0983, 0.1475, 0.1895]])
2023-10-10 12:38:27,107 | INFO | hi-lo : END EPOCH:  19 | ACCURACY: 67.71 | LOSS: 0.9121690988540649
2023-10-10 12:38:27,107 | INFO | hi-lo : BEGIN EPOCH 20 =========================================================================
2023-10-10 12:38:27,108 | INFO | hi-lo.kernel-accessor : Fetching kernel: gaussian
2023-10-10 12:38:27,108 | INFO | hi-lo.gaussian-kernel : MU (LOCATION): 0.02441982738673687 | SIGMA (SCALE): 0.4881538152694702 | VARIANCE: 0.23829414736214005
2023-10-10 12:38:27,109 | INFO | hi-lo.gaussian-kernel : BOTTOM-RIGHT
tensor([[5.9850e-08, 2.9264e-05, 2.1532e-04],
        [2.9264e-05, 1.4309e-02, 1.0528e-01],
        [2.1532e-04, 1.0528e-01, 7.7464e-01]])
2023-10-10 12:38:27,109 | INFO | hi-lo.kernel-accessor : Fetching kernel: gaussian
2023-10-10 12:38:27,110 | INFO | hi-lo.gaussian-kernel : MU (LOCATION): -0.605856716632843 | SIGMA (SCALE): 0.9195494651794434 | VARIANCE: 0.8455712189118003
2023-10-10 12:38:27,110 | INFO | hi-lo.gaussian-kernel : TOP-LEFT
tensor([[5.9831e-01, 1.6179e-01, 1.3408e-02],
        [1.6179e-01, 4.3749e-02, 3.6256e-03],
        [1.3408e-02, 3.6256e-03, 3.0046e-04]])
2023-10-10 12:38:27,110 | INFO | hi-lo.kernel-accessor : Fetching kernel: gaussian
