2023-10-23 16:18:41,920 | INFO | hi-lo : 
+=========================================================================+
|  ______     ______   ______    ___         ___        ______   _______  |
| /| ___ \  // ____ \ /| ___ \  /| |        /| |      // ____ \ /| ___  \ |
| /| |//\ \ /| |//| | /| |//\ \ /| |        /| |      /| |//| | /| |//| | |
| /| | /| | /| ____ | /| | /| | /| |        /| |      /| ____ | /| ___  / |
| /| |_// / /| |//| | /| |_// / /| |____    /| |____  /| |//| | /| |//\ \ |
| /|_____/  /|_| /|_| /|_____/  /|______|   /|______| /|_| /|_| /|______/ |
| ///////   ///  ///  //////    ////////    ////////  ///  ///  ////////  |
+=========================================================================+
|                  Hi-Lo Resolution Image Classification                  |
|                  -------------------------------------                  |
|                            Gabriel C. Trahan                            |
|                               Sahan Ahmad                               |
|                            MD  Aminual Islam                            |
+=========================================================================+
| MODEL:                      resnet | LR:                            0.1 |
| DISTRO:                   gaussian | KERNEL TYPE:                     1 |
| DATASET:                   cifar10 | BATCH SIZE:                     64 |
+=========================================================================+
2023-10-23 16:18:41,921 | INFO | hi-lo : Output directory: output/gaussian//1/resnet/cifar10/20231023_161841
2023-10-23 16:18:41,921 | INFO | hi-lo.dataset-accessor : Fetching dataset: cifar10
2023-10-23 16:18:41,921 | INFO | hi-lo.cifar10-dataset : Initializing transform.
2023-10-23 16:18:41,921 | INFO | hi-lo.cifar10-dataset : Verifying/downloading train data.
2023-10-23 16:18:42,519 | INFO | hi-lo.cifar10-dataset : Verifying/downloading test data.
2023-10-23 16:18:43,027 | INFO | hi-lo.cifar10-dataset : Creating train data loader.
2023-10-23 16:18:43,027 | INFO | hi-lo.cifar10-dataset : Creating test data loader.
2023-10-23 16:18:44,098 | INFO | hi-lo : Using device: NVIDIA GeForce GTX 1060 6GB
2023-10-23 16:18:44,098 | INFO | hi-lo : Commencing training phase...
2023-10-23 16:18:44,099 | INFO | hi-lo : BEGIN EPOCH 1 =========================================================================
2023-10-23 16:18:44,099 | INFO | hi-lo.kernel-accessor : Fetching kernel: gaussian
2023-10-23 16:18:44,100 | INFO | hi-lo.gaussian-kernel : MU (LOCATION): 1 | SIGMA (SCALE): 1 | VARIANCE: 1
2023-10-23 16:18:44,100 | INFO | hi-lo.gaussian-kernel : BOTTOM-RIGHT
tensor([[0.0751, 0.1238, 0.0751],
        [0.1238, 0.2042, 0.1238],
        [0.0751, 0.1238, 0.0751]])
2023-10-23 16:18:44,100 | INFO | hi-lo.kernel-accessor : Fetching kernel: gaussian
2023-10-23 16:18:44,101 | INFO | hi-lo.gaussian-kernel : MU (LOCATION): 0.0 | SIGMA (SCALE): 1.0 | VARIANCE: 1.0
2023-10-23 16:18:44,101 | INFO | hi-lo.gaussian-kernel : TOP-LEFT
tensor([[0.3296, 0.1999, 0.0446],
        [0.1999, 0.1212, 0.0271],
        [0.0446, 0.0271, 0.0060]])
2023-10-23 16:18:44,101 | INFO | hi-lo.kernel-accessor : Fetching kernel: gaussian
2023-10-23 16:18:44,101 | INFO | hi-lo.gaussian-kernel : MU (LOCATION): 0.0 | SIGMA (SCALE): 1.0 | VARIANCE: 1.0
2023-10-23 16:18:44,101 | INFO | hi-lo.gaussian-kernel : BOTTOM-RIGHT
tensor([[0.0060, 0.0271, 0.0446],
        [0.0271, 0.1212, 0.1999],
        [0.0446, 0.1999, 0.3296]])
2023-10-23 16:18:44,101 | INFO | hi-lo.kernel-accessor : Fetching kernel: gaussian
2023-10-23 16:18:44,102 | INFO | hi-lo.gaussian-kernel : MU (LOCATION): 0.0 | SIGMA (SCALE): 1.0 | VARIANCE: 1.0
2023-10-23 16:18:44,102 | INFO | hi-lo.gaussian-kernel : TOP-LEFT
tensor([[0.3296, 0.1999, 0.0446],
        [0.1999, 0.1212, 0.0271],
        [0.0446, 0.0271, 0.0060]])
2023-10-23 16:18:44,102 | INFO | hi-lo.kernel-accessor : Fetching kernel: gaussian
2023-10-23 16:18:44,102 | INFO | hi-lo.gaussian-kernel : MU (LOCATION): 0.0 | SIGMA (SCALE): 1.0 | VARIANCE: 1.0
2023-10-23 16:18:44,102 | INFO | hi-lo.gaussian-kernel : TOP-LEFT
tensor([[0.3296, 0.1999, 0.0446],
        [0.1999, 0.1212, 0.0271],
        [0.0446, 0.0271, 0.0060]])
2023-10-23 16:18:44,102 | INFO | hi-lo.kernel-accessor : Fetching kernel: gaussian
2023-10-23 16:18:44,103 | INFO | hi-lo.gaussian-kernel : MU (LOCATION): 0.0 | SIGMA (SCALE): 1.0 | VARIANCE: 1.0
2023-10-23 16:18:44,103 | INFO | hi-lo.gaussian-kernel : BOTTOM-RIGHT
tensor([[0.0060, 0.0271, 0.0446],
        [0.0271, 0.1212, 0.1999],
        [0.0446, 0.1999, 0.3296]])
2023-10-23 16:18:44,103 | INFO | hi-lo.kernel-accessor : Fetching kernel: gaussian
2023-10-23 16:18:44,103 | INFO | hi-lo.gaussian-kernel : MU (LOCATION): 0.0 | SIGMA (SCALE): 1.0 | VARIANCE: 1.0
2023-10-23 16:18:44,103 | INFO | hi-lo.gaussian-kernel : BOTTOM-RIGHT
tensor([[0.0060, 0.0271, 0.0446],
        [0.0271, 0.1212, 0.1999],
        [0.0446, 0.1999, 0.3296]])
2023-10-23 16:18:44,103 | INFO | hi-lo.kernel-accessor : Fetching kernel: gaussian
2023-10-23 16:18:44,104 | INFO | hi-lo.gaussian-kernel : MU (LOCATION): 0.0 | SIGMA (SCALE): 1.0 | VARIANCE: 1.0
2023-10-23 16:18:44,104 | INFO | hi-lo.gaussian-kernel : TOP-LEFT
tensor([[0.3296, 0.1999, 0.0446],
        [0.1999, 0.1212, 0.0271],
        [0.0446, 0.0271, 0.0060]])
2023-10-23 16:18:44,104 | INFO | hi-lo.kernel-accessor : Fetching kernel: gaussian
2023-10-23 16:18:44,104 | INFO | hi-lo.gaussian-kernel : MU (LOCATION): 0.0 | SIGMA (SCALE): 1.0 | VARIANCE: 1.0
2023-10-23 16:18:44,104 | INFO | hi-lo.gaussian-kernel : TOP-LEFT
tensor([[0.3296, 0.1999, 0.0446],
        [0.1999, 0.1212, 0.0271],
        [0.0446, 0.0271, 0.0060]])
2023-10-23 16:18:44,104 | INFO | hi-lo.kernel-accessor : Fetching kernel: gaussian
2023-10-23 16:18:44,105 | INFO | hi-lo.gaussian-kernel : MU (LOCATION): 0.0 | SIGMA (SCALE): 1.0 | VARIANCE: 1.0
2023-10-23 16:18:44,105 | INFO | hi-lo.gaussian-kernel : BOTTOM-RIGHT
tensor([[0.0060, 0.0271, 0.0446],
        [0.0271, 0.1212, 0.1999],
        [0.0446, 0.1999, 0.3296]])
2023-10-23 16:18:44,105 | INFO | hi-lo.kernel-accessor : Fetching kernel: gaussian
2023-10-23 16:18:44,105 | INFO | hi-lo.gaussian-kernel : MU (LOCATION): 0.0 | SIGMA (SCALE): 1.0 | VARIANCE: 1.0
2023-10-23 16:18:44,105 | INFO | hi-lo.gaussian-kernel : BOTTOM-RIGHT
tensor([[0.0060, 0.0271, 0.0446],
        [0.0271, 0.1212, 0.1999],
        [0.0446, 0.1999, 0.3296]])
2023-10-23 16:18:44,105 | INFO | hi-lo.kernel-accessor : Fetching kernel: gaussian
2023-10-23 16:18:44,106 | INFO | hi-lo.gaussian-kernel : MU (LOCATION): 0.0 | SIGMA (SCALE): 1.0 | VARIANCE: 1.0
2023-10-23 16:18:44,106 | INFO | hi-lo.gaussian-kernel : BOTTOM-RIGHT
tensor([[0.0060, 0.0271, 0.0446],
        [0.0271, 0.1212, 0.1999],
        [0.0446, 0.1999, 0.3296]])
2023-10-23 16:18:44,106 | INFO | hi-lo.kernel-accessor : Fetching kernel: gaussian
2023-10-23 16:18:44,106 | INFO | hi-lo.gaussian-kernel : MU (LOCATION): 0.0 | SIGMA (SCALE): 1.0 | VARIANCE: 1.0
2023-10-23 16:18:44,106 | INFO | hi-lo.gaussian-kernel : BOTTOM-RIGHT
tensor([[0.0060, 0.0271, 0.0446],
        [0.0271, 0.1212, 0.1999],
        [0.0446, 0.1999, 0.3296]])
2023-10-23 16:18:44,106 | INFO | hi-lo.kernel-accessor : Fetching kernel: gaussian
2023-10-23 16:18:44,107 | INFO | hi-lo.gaussian-kernel : MU (LOCATION): 0.0 | SIGMA (SCALE): 1.0 | VARIANCE: 1.0
2023-10-23 16:18:44,107 | INFO | hi-lo.gaussian-kernel : BOTTOM-RIGHT
tensor([[0.0060, 0.0271, 0.0446],
        [0.0271, 0.1212, 0.1999],
        [0.0446, 0.1999, 0.3296]])
2023-10-23 16:18:44,107 | INFO | hi-lo.kernel-accessor : Fetching kernel: gaussian
2023-10-23 16:18:44,107 | INFO | hi-lo.gaussian-kernel : MU (LOCATION): 0.0 | SIGMA (SCALE): 1.0 | VARIANCE: 1.0
2023-10-23 16:18:44,107 | INFO | hi-lo.gaussian-kernel : BOTTOM-RIGHT
tensor([[0.0060, 0.0271, 0.0446],
        [0.0271, 0.1212, 0.1999],
        [0.0446, 0.1999, 0.3296]])
2023-10-23 16:18:44,107 | INFO | hi-lo.kernel-accessor : Fetching kernel: gaussian
2023-10-23 16:18:44,108 | INFO | hi-lo.gaussian-kernel : MU (LOCATION): 0.0 | SIGMA (SCALE): 1.0 | VARIANCE: 1.0
2023-10-23 16:18:44,108 | INFO | hi-lo.gaussian-kernel : BOTTOM-RIGHT
tensor([[0.0060, 0.0271, 0.0446],
        [0.0271, 0.1212, 0.1999],
        [0.0446, 0.1999, 0.3296]])
2023-10-23 16:18:44,108 | INFO | hi-lo.kernel-accessor : Fetching kernel: gaussian
2023-10-23 16:18:44,108 | INFO | hi-lo.gaussian-kernel : MU (LOCATION): 0.0 | SIGMA (SCALE): 1.0 | VARIANCE: 1.0
2023-10-23 16:18:44,108 | INFO | hi-lo.gaussian-kernel : BOTTOM-RIGHT
tensor([[0.0060, 0.0271, 0.0446],
        [0.0271, 0.1212, 0.1999],
        [0.0446, 0.1999, 0.3296]])
2023-10-23 16:18:45,215 | ERROR | hi-lo : An error occurred: Calculated padded input size per channel: (2 x 2). Kernel size: (3 x 3). Kernel size can't be greater than actual input size
