2023-12-29 01:22:58,529 | INFO | hilo : 
+==============================================================+
|                                                              |
| ██████╗  █████╗ ██████╗ ██╗         ██╗      █████╗ ██████╗  |
| ██╔══██╗██╔══██╗██╔══██╗██║         ██║     ██╔══██╗██╔══██╗ |
| ██║  ██║███████║██║  ██║██║         ██║     ███████║██████╔╝ |
| ██║  ██║██╔══██║██║  ██║██║         ██║     ██╔══██║██╔══██╗ |
| ██████╔╝██║  ██║██████╔╝███████╗    ███████╗██║  ██║██████╔╝ |
| ╚═════╝ ╚═╝  ╚═╝╚═════╝ ╚══════╝    ╚══════╝╚═╝  ╚═╝╚═════╝  |
+==============================================================+
|             Hi-Lo Resolution Image Classification            |
|             -------------------------------------            |
|                       Gabriel C. Trahan                      |
|                          Sahan Ahmad                         |
|                       MD  Aminual Islam                      |
+==============================================================+
2023-12-29 01:23:00,135 | INFO | hilo.dataset-accessor : Fetching dataset: cifar10
2023-12-29 01:23:00,135 | INFO | hilo.cifar10-dataset : Initializing transform
2023-12-29 01:23:00,135 | INFO | hilo.cifar10-dataset : Verifying/downloading train data
2023-12-29 01:23:00,745 | INFO | hilo.cifar10-dataset : Verifying/downloading test data
2023-12-29 01:23:01,229 | INFO | hilo.cifar10-dataset : Creating train data loader.
2023-12-29 01:23:01,229 | INFO | hilo.cifar10-dataset : Creating test data loader.
2023-12-29 01:23:01,255 | INFO | hilo : Output directory: output/normal/cifar10/gumbel/3/20231229_012300/
2023-12-29 01:23:01,295 | INFO | hilo : Using device: NVIDIA GeForce GTX 1060 6GB
2023-12-29 01:23:02,237 | INFO | hilo : Exeucting job: MODEL normal | DATASET cifar10 | KERNEL gumbel | TYPE 3
2023-12-29 01:23:02,238 | INFO | hilo : Commencing training phase...
2023-12-29 01:23:02,238 | INFO | hilo.kernel-accessor : Fetching kernel: gumbel
2023-12-29 01:23:02,238 | INFO | hilo.gumbel-kernel : Calculating Gumbel distribution (location: 0.0, scale 1.0)
2023-12-29 01:23:02,239 | INFO | hilo.gumbel-kernel : TOP-LEFT:
tensor([[8.8288e-01, 5.8259e-02, 2.0072e-04],
        [5.8259e-02, 2.0072e-04, 2.2609e-10],
        [2.0072e-04, 2.2609e-10, 8.5377e-26]])
2023-12-29 01:23:02,239 | INFO | hilo.kernel-accessor : Fetching kernel: gumbel
2023-12-29 01:23:02,239 | INFO | hilo.gumbel-kernel : Calculating Gumbel distribution (location: 0.0, scale 1.0)
2023-12-29 01:23:02,240 | INFO | hilo.gumbel-kernel : BOTTOM-LEFT:
tensor([[2.0072e-04, 2.2609e-10, 8.5377e-26],
        [5.8259e-02, 2.0072e-04, 2.2609e-10],
        [8.8288e-01, 5.8259e-02, 2.0072e-04]])
2023-12-29 01:23:02,240 | INFO | hilo.kernel-accessor : Fetching kernel: gumbel
2023-12-29 01:23:02,240 | INFO | hilo.gumbel-kernel : Calculating Gumbel distribution (location: 0.0, scale 1.0)
2023-12-29 01:23:02,240 | INFO | hilo.gumbel-kernel : BOTTOM-LEFT:
tensor([[2.0072e-04, 2.2609e-10, 8.5377e-26],
        [5.8259e-02, 2.0072e-04, 2.2609e-10],
        [8.8288e-01, 5.8259e-02, 2.0072e-04]])
2023-12-29 01:23:02,240 | INFO | hilo.kernel-accessor : Fetching kernel: gumbel
2023-12-29 01:23:02,240 | INFO | hilo.gumbel-kernel : Calculating Gumbel distribution (location: 0.0, scale 1.0)
2023-12-29 01:23:02,241 | INFO | hilo.gumbel-kernel : BOTTOM-LEFT:
tensor([[2.0072e-04, 2.2609e-10, 8.5377e-26],
        [5.8259e-02, 2.0072e-04, 2.2609e-10],
        [8.8288e-01, 5.8259e-02, 2.0072e-04]])
2023-12-29 01:23:11,504 | INFO | hilo : Epoch   1/200 | Accuracy:  50.0000 | Loss:   1.7469
2023-12-29 01:23:11,504 | INFO | hilo.kernel-accessor : Fetching kernel: gumbel
2023-12-29 01:23:11,505 | INFO | hilo.gumbel-kernel : Calculating Gumbel distribution (location: -0.026020271703600883, scale 0.5299402475357056)
2023-12-29 01:23:11,505 | INFO | hilo.gumbel-kernel : BOTTOM-LEFT:
tensor([[9.3885e-23, 0.0000e+00, 0.0000e+00],
        [3.1435e-04, 9.3885e-23, 0.0000e+00],
        [9.9937e-01, 3.1435e-04, 9.3885e-23]])
2023-12-29 01:23:11,506 | INFO | hilo.kernel-accessor : Fetching kernel: gumbel
2023-12-29 01:23:11,506 | INFO | hilo.gumbel-kernel : Calculating Gumbel distribution (location: -0.40961211919784546, scale 0.7477536797523499)
2023-12-29 01:23:11,507 | INFO | hilo.gumbel-kernel : BOTTOM-LEFT:
tensor([[1.9620e-19, 0.0000e+00, 0.0000e+00],
        [5.8961e-05, 1.9620e-19, 0.0000e+00],
        [9.9988e-01, 5.8961e-05, 1.9620e-19]])
2023-12-29 01:23:11,507 | INFO | hilo.kernel-accessor : Fetching kernel: gumbel
2023-12-29 01:23:11,507 | INFO | hilo.gumbel-kernel : Calculating Gumbel distribution (location: -1.193291425704956, scale 1.5197900533676147)
2023-12-29 01:23:11,508 | INFO | hilo.gumbel-kernel : TOP-LEFT:
tensor([[9.8835e-01, 5.8243e-03, 5.3210e-07],
        [5.8243e-03, 5.3210e-07, 1.5582e-14],
        [5.3210e-07, 1.5582e-14, 8.1748e-29]])
2023-12-29 01:23:11,508 | INFO | hilo.kernel-accessor : Fetching kernel: gumbel
2023-12-29 01:23:11,508 | INFO | hilo.gumbel-kernel : Calculating Gumbel distribution (location: -0.7277066111564636, scale 0.9032971262931824)
2023-12-29 01:23:11,509 | INFO | hilo.gumbel-kernel : TOP-LEFT:
tensor([[9.9997e-01, 1.2977e-05, 2.0053e-19],
        [1.2977e-05, 2.0053e-19, 0.0000e+00],
        [2.0053e-19, 0.0000e+00, 0.0000e+00]])
2023-12-29 01:23:19,591 | INFO | hilo : Epoch   2/200 | Accuracy:  48.9583 | Loss:   1.7159
2023-12-29 01:23:19,591 | INFO | hilo.kernel-accessor : Fetching kernel: gumbel
2023-12-29 01:23:19,592 | INFO | hilo.gumbel-kernel : Calculating Gumbel distribution (location: 0.061957165598869324, scale 0.44921454787254333)
2023-12-29 01:23:19,593 | INFO | hilo.gumbel-kernel : TOP-LEFT:
tensor([[9.9959e-01, 2.0385e-04, 1.2903e-30],
        [2.0385e-04, 1.2904e-30, 0.0000e+00],
        [1.2903e-30, 0.0000e+00, 0.0000e+00]])
2023-12-29 01:23:19,593 | INFO | hilo.kernel-accessor : Fetching kernel: gumbel
2023-12-29 01:23:19,593 | INFO | hilo.gumbel-kernel : Calculating Gumbel distribution (location: -0.5690855979919434, scale 0.7638799548149109)
2023-12-29 01:23:19,594 | INFO | hilo.gumbel-kernel : BOTTOM-LEFT:
tensor([[2.3372e-26, 0.0000e+00, 0.0000e+00],
        [1.6715e-06, 2.3372e-26, 0.0000e+00],
        [1.0000e+00, 1.6715e-06, 2.3372e-26]])
2023-12-29 01:23:19,594 | INFO | hilo.kernel-accessor : Fetching kernel: gumbel
2023-12-29 01:23:19,594 | INFO | hilo.gumbel-kernel : Calculating Gumbel distribution (location: -1.6265054941177368, scale 1.881147027015686)
2023-12-29 01:23:19,595 | INFO | hilo.gumbel-kernel : TOP-LEFT:
tensor([[9.7795e-01, 1.1013e-02, 7.7338e-06],
        [1.1013e-02, 7.7338e-06, 4.8334e-11],
        [7.7338e-06, 4.8334e-11, 9.7875e-20]])
2023-12-29 01:23:19,595 | INFO | hilo.kernel-accessor : Fetching kernel: gumbel
2023-12-29 01:23:19,595 | INFO | hilo.gumbel-kernel : Calculating Gumbel distribution (location: -1.0467891693115234, scale 1.2371517419815063)
2023-12-29 01:23:19,596 | INFO | hilo.gumbel-kernel : TOP-LEFT:
tensor([[9.9897e-01, 5.1724e-04, 5.9788e-11],
        [5.1724e-04, 5.9788e-11, 4.4237e-26],
        [5.9788e-11, 4.4237e-26, 0.0000e+00]])
2023-12-29 01:23:27,797 | INFO | hilo : Epoch   3/200 | Accuracy:  59.3750 | Loss:   1.2965
2023-12-29 01:23:27,797 | INFO | hilo.kernel-accessor : Fetching kernel: gumbel
2023-12-29 01:23:27,797 | INFO | hilo.gumbel-kernel : Calculating Gumbel distribution (location: -0.023466840386390686, scale 0.44440802931785583)
2023-12-29 01:23:27,798 | INFO | hilo.gumbel-kernel : BOTTOM-LEFT:
tensor([[0.0000e+00, 0.0000e+00, 0.0000e+00],
        [8.4166e-06, 0.0000e+00, 0.0000e+00],
        [9.9998e-01, 8.4166e-06, 0.0000e+00]])
2023-12-29 01:23:27,798 | INFO | hilo.kernel-accessor : Fetching kernel: gumbel
2023-12-29 01:23:27,799 | INFO | hilo.gumbel-kernel : Calculating Gumbel distribution (location: -0.6846457719802856, scale 0.8038962483406067)
2023-12-29 01:23:27,799 | INFO | hilo.gumbel-kernel : BOTTOM-LEFT:
tensor([[3.9530e-28, 0.0000e+00, 0.0000e+00],
        [3.7159e-07, 3.9528e-28, 0.0000e+00],
        [1.0000e+00, 3.7159e-07, 3.9530e-28]])
2023-12-29 01:23:27,799 | INFO | hilo.kernel-accessor : Fetching kernel: gumbel
2023-12-29 01:23:27,800 | INFO | hilo.gumbel-kernel : Calculating Gumbel distribution (location: -1.827090859413147, scale 2.363792896270752)
2023-12-29 01:23:27,800 | INFO | hilo.gumbel-kernel : TOP-LEFT:
tensor([[8.9830e-01, 4.9725e-02, 7.4923e-04],
        [4.9725e-02, 7.4923e-04, 1.5486e-06],
        [7.4923e-04, 1.5486e-06, 1.5427e-10]])
2023-12-29 01:23:27,800 | INFO | hilo.kernel-accessor : Fetching kernel: gumbel
2023-12-29 01:23:27,801 | INFO | hilo.gumbel-kernel : Calculating Gumbel distribution (location: -1.640408992767334, scale 1.847322702407837)
2023-12-29 01:23:27,801 | INFO | hilo.gumbel-kernel : BOTTOM-LEFT:
tensor([[3.2696e-06, 6.9152e-12, 1.8112e-21],
        [8.2284e-03, 3.2696e-06, 6.9152e-12],
        [9.8353e-01, 8.2284e-03, 3.2696e-06]])
2023-12-29 01:23:35,916 | INFO | hilo : Epoch   4/200 | Accuracy:  57.8125 | Loss:   1.0665
2023-12-29 01:23:35,917 | INFO | hilo.kernel-accessor : Fetching kernel: gumbel
2023-12-29 01:23:35,917 | INFO | hilo.gumbel-kernel : Calculating Gumbel distribution (location: -0.0015112593537196517, scale 0.4979766607284546)
2023-12-29 01:23:35,918 | INFO | hilo.gumbel-kernel : TOP-LEFT:
tensor([[9.9959e-01, 2.0405e-04, 2.7900e-26],
        [2.0405e-04, 2.7901e-26, 0.0000e+00],
        [2.7900e-26, 0.0000e+00, 0.0000e+00]])
2023-12-29 01:23:35,918 | INFO | hilo.kernel-accessor : Fetching kernel: gumbel
2023-12-29 01:23:35,919 | INFO | hilo.gumbel-kernel : Calculating Gumbel distribution (location: -0.6529238820075989, scale 0.8799513578414917)
2023-12-29 01:23:35,919 | INFO | hilo.gumbel-kernel : TOP-LEFT:
tensor([[9.9994e-01, 2.8446e-05, 2.1613e-18],
        [2.8446e-05, 2.1613e-18, 0.0000e+00],
        [2.1613e-18, 0.0000e+00, 0.0000e+00]])
2023-12-29 01:23:35,919 | INFO | hilo.kernel-accessor : Fetching kernel: gumbel
2023-12-29 01:23:35,920 | INFO | hilo.gumbel-kernel : Calculating Gumbel distribution (location: -1.9986283779144287, scale 2.5956525802612305)
2023-12-29 01:23:35,920 | INFO | hilo.gumbel-kernel : TOP-LEFT:
tensor([[8.6347e-01, 6.5588e-02, 1.7780e-03],
        [6.5588e-02, 1.7780e-03, 1.0598e-05],
        [1.7780e-03, 1.0598e-05, 6.8164e-09]])
2023-12-29 01:23:35,921 | INFO | hilo.kernel-accessor : Fetching kernel: gumbel
2023-12-29 01:23:35,921 | INFO | hilo.gumbel-kernel : Calculating Gumbel distribution (location: -2.127695083618164, scale 2.376723051071167)
2023-12-29 01:23:35,922 | INFO | hilo.gumbel-kernel : TOP-LEFT:
tensor([[9.4551e-01, 2.7018e-02, 1.4982e-04],
        [2.7018e-02, 1.4982e-04, 6.8372e-08],
        [1.4982e-04, 6.8372e-08, 6.9547e-13]])
2023-12-29 01:23:44,227 | INFO | hilo : Epoch   5/200 | Accuracy:  58.5938 | Loss:   1.2556
2023-12-29 01:23:44,227 | INFO | hilo.kernel-accessor : Fetching kernel: gumbel
2023-12-29 01:23:44,228 | INFO | hilo.gumbel-kernel : Calculating Gumbel distribution (location: -0.07632856070995331, scale 0.4889723062515259)
2023-12-29 01:23:44,229 | INFO | hilo.gumbel-kernel : BOTTOM-LEFT:
tensor([[2.2804e-37, 0.0000e+00, 0.0000e+00],
        [1.3123e-05, 2.2804e-37, 0.0000e+00],
        [9.9997e-01, 1.3123e-05, 2.2804e-37]])
2023-12-29 01:23:44,229 | INFO | hilo.kernel-accessor : Fetching kernel: gumbel
2023-12-29 01:23:44,229 | INFO | hilo.gumbel-kernel : Calculating Gumbel distribution (location: -0.7284941077232361, scale 0.8808357119560242)
2023-12-29 01:23:44,230 | INFO | hilo.gumbel-kernel : TOP-LEFT:
tensor([[9.9999e-01, 5.1428e-06, 1.9655e-21],
        [5.1428e-06, 1.9655e-21, 0.0000e+00],
        [1.9655e-21, 0.0000e+00, 0.0000e+00]])
2023-12-29 01:23:44,230 | INFO | hilo.kernel-accessor : Fetching kernel: gumbel
2023-12-29 01:23:44,230 | INFO | hilo.gumbel-kernel : Calculating Gumbel distribution (location: -2.0754430294036865, scale 2.405456781387329)
2023-12-29 01:23:44,231 | INFO | hilo.gumbel-kernel : TOP-LEFT:
tensor([[9.3119e-01, 3.3985e-02, 2.7893e-04],
        [3.3985e-02, 2.7893e-04, 2.3857e-07],
        [2.7893e-04, 2.3857e-07, 6.6284e-12]])
2023-12-29 01:23:44,231 | INFO | hilo.kernel-accessor : Fetching kernel: gumbel
2023-12-29 01:23:44,231 | INFO | hilo.gumbel-kernel : Calculating Gumbel distribution (location: -1.8519775867462158, scale 2.0098376274108887)
2023-12-29 01:23:44,232 | INFO | hilo.gumbel-kernel : TOP-LEFT:
tensor([[9.7966e-01, 1.0160e-02, 7.6361e-06],
        [1.0160e-02, 7.6361e-06, 7.6578e-11],
        [7.6361e-06, 7.6578e-11, 6.3384e-19]])
2023-12-29 01:23:52,418 | INFO | hilo : Epoch   6/200 | Accuracy:  60.1562 | Loss:   1.4387
2023-12-29 01:23:52,418 | INFO | hilo.kernel-accessor : Fetching kernel: gumbel
2023-12-29 01:23:52,419 | INFO | hilo.gumbel-kernel : Calculating Gumbel distribution (location: -0.07235528528690338, scale 0.512083888053894)
2023-12-29 01:23:52,420 | INFO | hilo.gumbel-kernel : BOTTOM-LEFT:
tensor([[1.8117e-30, 0.0000e+00, 0.0000e+00],
        [4.6478e-05, 1.8117e-30, 0.0000e+00],
        [9.9991e-01, 4.6478e-05, 1.8117e-30]])
2023-12-29 01:23:52,420 | INFO | hilo.kernel-accessor : Fetching kernel: gumbel
2023-12-29 01:23:52,420 | INFO | hilo.gumbel-kernel : Calculating Gumbel distribution (location: -0.7095584869384766, scale 0.991623044013977)
2023-12-29 01:23:52,421 | INFO | hilo.gumbel-kernel : TOP-LEFT:
tensor([[9.9950e-01, 2.5013e-04, 1.9388e-13],
        [2.5013e-04, 1.9388e-13, 1.1879e-37],
        [1.9388e-13, 1.1879e-37, 0.0000e+00]])
2023-12-29 01:23:52,421 | INFO | hilo.kernel-accessor : Fetching kernel: gumbel
2023-12-29 01:23:52,421 | INFO | hilo.gumbel-kernel : Calculating Gumbel distribution (location: -2.6202850341796875, scale 2.9766738414764404)
2023-12-29 01:23:52,422 | INFO | hilo.gumbel-kernel : BOTTOM-LEFT:
tensor([[1.6965e-03, 1.2860e-05, 1.5872e-08],
        [6.1162e-02, 1.6965e-03, 1.2860e-05],
        [8.7256e-01, 6.1162e-02, 1.6965e-03]])
2023-12-29 01:23:52,422 | INFO | hilo.kernel-accessor : Fetching kernel: gumbel
2023-12-29 01:23:52,422 | INFO | hilo.gumbel-kernel : Calculating Gumbel distribution (location: -1.8451999425888062, scale 2.0393292903900146)
2023-12-29 01:23:52,423 | INFO | hilo.gumbel-kernel : TOP-LEFT:
tensor([[9.7495e-01, 1.2506e-02, 1.3890e-05],
        [1.2506e-02, 1.3890e-05, 2.8391e-10],
        [1.3890e-05, 2.8391e-10, 8.5203e-18]])
2023-12-29 01:24:00,753 | INFO | hilo : Epoch   7/200 | Accuracy:  73.4375 | Loss:   1.3241
2023-12-29 01:24:00,753 | INFO | hilo.kernel-accessor : Fetching kernel: gumbel
2023-12-29 01:24:00,753 | INFO | hilo.gumbel-kernel : Calculating Gumbel distribution (location: -0.09260492026805878, scale 0.49334388971328735)
2023-12-29 01:24:00,754 | INFO | hilo.gumbel-kernel : TOP-LEFT:
tensor([[9.9998e-01, 8.9749e-06, 2.7735e-38],
        [8.9749e-06, 2.7735e-38, 0.0000e+00],
        [2.7735e-38, 0.0000e+00, 0.0000e+00]])
2023-12-29 01:24:00,754 | INFO | hilo.kernel-accessor : Fetching kernel: gumbel
2023-12-29 01:24:00,755 | INFO | hilo.gumbel-kernel : Calculating Gumbel distribution (location: -0.7238997220993042, scale 0.8611089587211609)
2023-12-29 01:24:00,755 | INFO | hilo.gumbel-kernel : BOTTOM-LEFT:
tensor([[3.3124e-23, 0.0000e+00, 0.0000e+00],
        [2.3781e-06, 3.3124e-23, 0.0000e+00],
        [1.0000e+00, 2.3781e-06, 3.3124e-23]])
2023-12-29 01:24:00,755 | INFO | hilo.kernel-accessor : Fetching kernel: gumbel
2023-12-29 01:24:00,756 | INFO | hilo.gumbel-kernel : Calculating Gumbel distribution (location: -1.9621942043304443, scale 2.486241340637207)
2023-12-29 01:24:00,756 | INFO | hilo.gumbel-kernel : BOTTOM-LEFT:
tensor([[9.9725e-04, 3.1192e-06, 6.8484e-10],
        [5.3943e-02, 9.9725e-04, 3.1192e-06],
        [8.8912e-01, 5.3943e-02, 9.9725e-04]])
2023-12-29 01:24:00,756 | INFO | hilo.kernel-accessor : Fetching kernel: gumbel
2023-12-29 01:24:00,757 | INFO | hilo.gumbel-kernel : Calculating Gumbel distribution (location: -2.132286548614502, scale 2.2555370330810547)
2023-12-29 01:24:00,757 | INFO | hilo.gumbel-kernel : TOP-LEFT:
tensor([[9.6902e-01, 1.5444e-02, 3.1310e-05],
        [1.5444e-02, 3.1310e-05, 2.5557e-09],
        [3.1310e-05, 2.5557e-09, 1.3993e-15]])
2023-12-29 01:24:09,194 | INFO | hilo : Epoch   8/200 | Accuracy:  61.7188 | Loss:   1.3801
2023-12-29 01:24:09,194 | INFO | hilo.kernel-accessor : Fetching kernel: gumbel
2023-12-29 01:24:09,195 | INFO | hilo.gumbel-kernel : Calculating Gumbel distribution (location: -0.09697583317756653, scale 0.5386180281639099)
2023-12-29 01:24:09,196 | INFO | hilo.gumbel-kernel : BOTTOM-LEFT:
tensor([[3.1252e-27, 0.0000e+00, 0.0000e+00],
        [6.7713e-05, 3.1252e-27, 0.0000e+00],
        [9.9986e-01, 6.7713e-05, 3.1252e-27]])
2023-12-29 01:24:09,196 | INFO | hilo.kernel-accessor : Fetching kernel: gumbel
2023-12-29 01:24:09,196 | INFO | hilo.gumbel-kernel : Calculating Gumbel distribution (location: -0.7190627455711365, scale 0.9422032237052917)
2023-12-29 01:24:09,197 | INFO | hilo.gumbel-kernel : TOP-LEFT:
tensor([[9.9988e-01, 5.7767e-05, 2.4172e-16],
        [5.7767e-05, 2.4172e-16, 0.0000e+00],
        [2.4172e-16, 0.0000e+00, 0.0000e+00]])
2023-12-29 01:24:09,197 | INFO | hilo.kernel-accessor : Fetching kernel: gumbel
2023-12-29 01:24:09,197 | INFO | hilo.gumbel-kernel : Calculating Gumbel distribution (location: -2.2051291465759277, scale 2.5178260803222656)
2023-12-29 01:24:09,198 | INFO | hilo.gumbel-kernel : TOP-LEFT:
tensor([[9.2409e-01, 3.7380e-02, 3.8405e-04],
        [3.7380e-02, 3.8405e-04, 5.1378e-07],
        [3.8405e-04, 5.1378e-07, 3.3119e-11]])
2023-12-29 01:24:09,198 | INFO | hilo.kernel-accessor : Fetching kernel: gumbel
2023-12-29 01:24:09,199 | INFO | hilo.gumbel-kernel : Calculating Gumbel distribution (location: -1.762922763824463, scale 2.00203537940979)
2023-12-29 01:24:09,199 | INFO | hilo.gumbel-kernel : BOTTOM-LEFT:
tensor([[1.6548e-05, 3.5948e-10, 1.0281e-17],
        [1.3607e-02, 1.6548e-05, 3.5948e-10],
        [9.7274e-01, 1.3607e-02, 1.6548e-05]])
2023-12-29 01:24:17,536 | INFO | hilo : Epoch   9/200 | Accuracy:  62.5000 | Loss:   1.5673
2023-12-29 01:24:17,536 | INFO | hilo.kernel-accessor : Fetching kernel: gumbel
2023-12-29 01:24:17,537 | INFO | hilo.gumbel-kernel : Calculating Gumbel distribution (location: -0.05898180603981018, scale 0.5112296938896179)
2023-12-29 01:24:17,538 | INFO | hilo.gumbel-kernel : BOTTOM-LEFT:
tensor([[3.1212e-29, 0.0000e+00, 0.0000e+00],
        [6.7496e-05, 3.1213e-29, 0.0000e+00],
        [9.9987e-01, 6.7496e-05, 3.1212e-29]])
2023-12-29 01:24:17,538 | INFO | hilo.kernel-accessor : Fetching kernel: gumbel
2023-12-29 01:24:17,538 | INFO | hilo.gumbel-kernel : Calculating Gumbel distribution (location: -0.7400439381599426, scale 0.9508402347564697)
2023-12-29 01:24:17,539 | INFO | hilo.gumbel-kernel : TOP-LEFT:
tensor([[9.9990e-01, 5.0923e-05, 1.8566e-16],
        [5.0923e-05, 1.8566e-16, 0.0000e+00],
        [1.8566e-16, 0.0000e+00, 0.0000e+00]])
2023-12-29 01:24:17,539 | INFO | hilo.kernel-accessor : Fetching kernel: gumbel
2023-12-29 01:24:17,539 | INFO | hilo.gumbel-kernel : Calculating Gumbel distribution (location: -2.4510293006896973, scale 3.126417875289917)
2023-12-29 01:24:17,540 | INFO | hilo.gumbel-kernel : TOP-LEFT:
tensor([[7.9363e-01, 9.4511e-02, 5.6934e-03],
        [9.4511e-02, 5.6934e-03, 1.3419e-04],
        [5.6934e-03, 1.3419e-04, 8.6886e-07]])
2023-12-29 01:24:17,540 | INFO | hilo.kernel-accessor : Fetching kernel: gumbel
2023-12-29 01:24:17,540 | INFO | hilo.gumbel-kernel : Calculating Gumbel distribution (location: -2.246138572692871, scale 2.280423879623413)
2023-12-29 01:24:17,541 | INFO | hilo.gumbel-kernel : BOTTOM-LEFT:
tensor([[1.7265e-05, 8.4496e-10, 2.2331e-16],
        [1.2159e-02, 1.7265e-05, 8.4496e-10],
        [9.7563e-01, 1.2159e-02, 1.7265e-05]])
2023-12-29 01:24:25,762 | INFO | hilo : Epoch  10/200 | Accuracy:  60.3019 | Loss:   1.2134
2023-12-29 01:24:25,762 | INFO | hilo.kernel-accessor : Fetching kernel: gumbel
2023-12-29 01:24:25,763 | INFO | hilo.gumbel-kernel : Calculating Gumbel distribution (location: -0.06079578399658203, scale 0.45620423555374146)
2023-12-29 01:24:25,763 | INFO | hilo.gumbel-kernel : TOP-LEFT:
tensor([[9.9999e-01, 3.4602e-06, 0.0000e+00],
        [3.4602e-06, 0.0000e+00, 0.0000e+00],
        [0.0000e+00, 0.0000e+00, 0.0000e+00]])
2023-12-29 01:24:25,764 | INFO | hilo.kernel-accessor : Fetching kernel: gumbel
2023-12-29 01:24:25,764 | INFO | hilo.gumbel-kernel : Calculating Gumbel distribution (location: -0.7360708713531494, scale 0.9254920482635498)
2023-12-29 01:24:25,765 | INFO | hilo.gumbel-kernel : BOTTOM-LEFT:
tensor([[4.9543e-18, 0.0000e+00, 0.0000e+00],
        [2.4171e-05, 4.9543e-18, 0.0000e+00],
        [9.9995e-01, 2.4171e-05, 4.9543e-18]])
2023-12-29 01:24:25,765 | INFO | hilo.kernel-accessor : Fetching kernel: gumbel
2023-12-29 01:24:25,765 | INFO | hilo.gumbel-kernel : Calculating Gumbel distribution (location: -2.1237049102783203, scale 2.524799108505249)
2023-12-29 01:24:25,766 | INFO | hilo.gumbel-kernel : BOTTOM-LEFT:
tensor([[6.2044e-04, 1.3015e-06, 1.6527e-10],
        [4.4804e-02, 6.2044e-04, 1.3015e-06],
        [9.0853e-01, 4.4804e-02, 6.2044e-04]])
2023-12-29 01:24:25,766 | INFO | hilo.kernel-accessor : Fetching kernel: gumbel
2023-12-29 01:24:25,766 | INFO | hilo.gumbel-kernel : Calculating Gumbel distribution (location: -1.7898781299591064, scale 1.9057095050811768)
2023-12-29 01:24:25,767 | INFO | hilo.gumbel-kernel : TOP-LEFT:
tensor([[9.8721e-01, 6.3928e-03, 1.8364e-06],
        [6.3928e-03, 1.8364e-06, 2.7267e-12],
        [1.8364e-06, 2.7267e-12, 5.5323e-22]])
2023-12-29 01:24:34,153 | INFO | hilo : Epoch  11/200 | Accuracy:  60.9375 | Loss:   0.8527
2023-12-29 01:24:34,154 | INFO | hilo.kernel-accessor : Fetching kernel: gumbel
2023-12-29 01:24:34,154 | INFO | hilo.gumbel-kernel : Calculating Gumbel distribution (location: -0.014915536157786846, scale 0.4839431345462799)
2023-12-29 01:24:34,155 | INFO | hilo.gumbel-kernel : BOTTOM-LEFT:
tensor([[7.3866e-31, 0.0000e+00, 0.0000e+00],
        [8.2641e-05, 7.3863e-31, 0.0000e+00],
        [9.9983e-01, 8.2641e-05, 7.3866e-31]])
2023-12-29 01:24:34,155 | INFO | hilo.kernel-accessor : Fetching kernel: gumbel
2023-12-29 01:24:34,156 | INFO | hilo.gumbel-kernel : Calculating Gumbel distribution (location: -0.7548384666442871, scale 0.9443113803863525)
2023-12-29 01:24:34,156 | INFO | hilo.gumbel-kernel : TOP-LEFT:
tensor([[9.9994e-01, 3.1186e-05, 2.3305e-17],
        [3.1186e-05, 2.3305e-17, 0.0000e+00],
        [2.3305e-17, 0.0000e+00, 0.0000e+00]])
2023-12-29 01:24:34,157 | INFO | hilo.kernel-accessor : Fetching kernel: gumbel
2023-12-29 01:24:34,157 | INFO | hilo.gumbel-kernel : Calculating Gumbel distribution (location: -2.5561652183532715, scale 3.0819272994995117)
2023-12-29 01:24:34,158 | INFO | hilo.gumbel-kernel : BOTTOM-LEFT:
tensor([[3.5703e-03, 5.4766e-05, 1.9184e-07],
        [8.0030e-02, 3.5703e-03, 5.4766e-05],
        [8.2912e-01, 8.0030e-02, 3.5703e-03]])
2023-12-29 01:24:34,158 | INFO | hilo.kernel-accessor : Fetching kernel: gumbel
2023-12-29 01:24:34,158 | INFO | hilo.gumbel-kernel : Calculating Gumbel distribution (location: -2.140958547592163, scale 2.1894922256469727)
2023-12-29 01:24:34,159 | INFO | hilo.gumbel-kernel : BOTTOM-LEFT:
tensor([[1.0259e-05, 2.4127e-10, 1.5460e-17],
        [1.0361e-02, 1.0259e-05, 2.4127e-10],
        [9.7925e-01, 1.0361e-02, 1.0259e-05]])
2023-12-29 01:24:42,298 | INFO | hilo : Epoch  12/200 | Accuracy:  61.2981 | Loss:   1.2557
2023-12-29 01:24:42,299 | INFO | hilo.kernel-accessor : Fetching kernel: gumbel
2023-12-29 01:24:42,299 | INFO | hilo.gumbel-kernel : Calculating Gumbel distribution (location: -0.0511249415576458, scale 0.4759959280490875)
2023-12-29 01:24:42,300 | INFO | hilo.gumbel-kernel : BOTTOM-LEFT:
tensor([[5.6277e-38, 0.0000e+00, 0.0000e+00],
        [1.6819e-05, 5.6279e-38, 0.0000e+00],
        [9.9997e-01, 1.6819e-05, 5.6277e-38]])
2023-12-29 01:24:42,300 | INFO | hilo.kernel-accessor : Fetching kernel: gumbel
2023-12-29 01:24:42,301 | INFO | hilo.gumbel-kernel : Calculating Gumbel distribution (location: -0.7394623160362244, scale 0.8678485155105591)
2023-12-29 01:24:42,301 | INFO | hilo.gumbel-kernel : BOTTOM-LEFT:
tensor([[2.9373e-23, 0.0000e+00, 0.0000e+00],
        [2.1404e-06, 2.9373e-23, 0.0000e+00],
        [1.0000e+00, 2.1404e-06, 2.9373e-23]])
2023-12-29 01:24:42,301 | INFO | hilo.kernel-accessor : Fetching kernel: gumbel
2023-12-29 01:24:42,302 | INFO | hilo.gumbel-kernel : Calculating Gumbel distribution (location: -2.073361873626709, scale 2.5737645626068115)
2023-12-29 01:24:42,302 | INFO | hilo.gumbel-kernel : BOTTOM-LEFT:
tensor([[1.1312e-03, 4.3482e-06, 1.4335e-09],
        [5.5657e-02, 1.1312e-03, 4.3482e-06],
        [8.8528e-01, 5.5657e-02, 1.1312e-03]])
2023-12-29 01:24:42,302 | INFO | hilo.kernel-accessor : Fetching kernel: gumbel
2023-12-29 01:24:42,303 | INFO | hilo.gumbel-kernel : Calculating Gumbel distribution (location: -2.237302541732788, scale 2.2408952713012695)
2023-12-29 01:24:42,303 | INFO | hilo.gumbel-kernel : BOTTOM-LEFT:
tensor([[9.8517e-06, 2.5566e-10, 2.2467e-17],
        [9.9616e-03, 9.8517e-06, 2.5566e-10],
        [9.8005e-01, 9.9616e-03, 9.8517e-06]])
2023-12-29 01:24:50,651 | INFO | hilo : Epoch  13/200 | Accuracy:  64.0625 | Loss:   1.1170
2023-12-29 01:24:50,651 | INFO | hilo.kernel-accessor : Fetching kernel: gumbel
2023-12-29 01:24:50,652 | INFO | hilo.gumbel-kernel : Calculating Gumbel distribution (location: -0.16710960865020752, scale 0.48304805159568787)
2023-12-29 01:24:50,653 | INFO | hilo.gumbel-kernel : TOP-LEFT:
tensor([[1.0000e+00, 1.2369e-07, 0.0000e+00],
        [1.2369e-07, 0.0000e+00, 0.0000e+00],
        [0.0000e+00, 0.0000e+00, 0.0000e+00]])
2023-12-29 01:24:50,653 | INFO | hilo.kernel-accessor : Fetching kernel: gumbel
2023-12-29 01:24:50,653 | INFO | hilo.gumbel-kernel : Calculating Gumbel distribution (location: -0.7358131408691406, scale 0.9474568963050842)
2023-12-29 01:24:50,654 | INFO | hilo.gumbel-kernel : BOTTOM-LEFT:
tensor([[1.5435e-16, 0.0000e+00, 0.0000e+00],
        [4.9669e-05, 1.5435e-16, 0.0000e+00],
        [9.9990e-01, 4.9669e-05, 1.5435e-16]])
2023-12-29 01:24:50,654 | INFO | hilo.kernel-accessor : Fetching kernel: gumbel
2023-12-29 01:24:50,654 | INFO | hilo.gumbel-kernel : Calculating Gumbel distribution (location: -2.200162172317505, scale 2.556375741958618)
2023-12-29 01:24:50,655 | INFO | hilo.gumbel-kernel : TOP-LEFT:
tensor([[9.1339e-01, 4.2480e-02, 5.4847e-04],
        [4.2480e-02, 5.4847e-04, 1.0645e-06],
        [5.4847e-04, 1.0645e-06, 1.2535e-10]])
2023-12-29 01:24:50,655 | INFO | hilo.kernel-accessor : Fetching kernel: gumbel
2023-12-29 01:24:50,655 | INFO | hilo.gumbel-kernel : Calculating Gumbel distribution (location: -2.3233203887939453, scale 2.222609758377075)
2023-12-29 01:24:50,656 | INFO | hilo.gumbel-kernel : BOTTOM-LEFT:
tensor([[2.9978e-06, 2.3555e-11, 3.0059e-19],
        [6.3498e-03, 2.9978e-06, 2.3555e-11],
        [9.8729e-01, 6.3498e-03, 2.9978e-06]])
2023-12-29 01:24:59,013 | INFO | hilo : Epoch  14/200 | Accuracy:  62.5000 | Loss:   0.9154
2023-12-29 01:24:59,013 | INFO | hilo.kernel-accessor : Fetching kernel: gumbel
2023-12-29 01:24:59,013 | INFO | hilo.gumbel-kernel : Calculating Gumbel distribution (location: -0.034228503704071045, scale 0.5755396485328674)
2023-12-29 01:24:59,014 | INFO | hilo.gumbel-kernel : BOTTOM-LEFT:
tensor([[1.5162e-17, 0.0000e+00, 0.0000e+00],
        [8.9927e-04, 1.5162e-17, 0.0000e+00],
        [9.9820e-01, 8.9927e-04, 1.5162e-17]])
2023-12-29 01:24:59,014 | INFO | hilo.kernel-accessor : Fetching kernel: gumbel
2023-12-29 01:24:59,014 | INFO | hilo.gumbel-kernel : Calculating Gumbel distribution (location: -0.802036464214325, scale 1.105026364326477)
2023-12-29 01:24:59,015 | INFO | hilo.gumbel-kernel : TOP-LEFT:
tensor([[9.9849e-01, 7.5322e-04, 5.4613e-11],
        [7.5322e-04, 5.4613e-11, 4.6543e-28],
        [5.4613e-11, 4.6543e-28, 0.0000e+00]])
2023-12-29 01:24:59,015 | INFO | hilo.kernel-accessor : Fetching kernel: gumbel
2023-12-29 01:24:59,015 | INFO | hilo.gumbel-kernel : Calculating Gumbel distribution (location: -2.926241397857666, scale 3.34554386138916)
2023-12-29 01:24:59,016 | INFO | hilo.gumbel-kernel : BOTTOM-LEFT:
tensor([[4.0966e-03, 7.9554e-05, 4.3429e-07],
        [8.2310e-02, 4.0966e-03, 7.9554e-05],
        [8.2293e-01, 8.2310e-02, 4.0966e-03]])
2023-12-29 01:24:59,016 | INFO | hilo.kernel-accessor : Fetching kernel: gumbel
2023-12-29 01:24:59,017 | INFO | hilo.gumbel-kernel : Calculating Gumbel distribution (location: -2.956838607788086, scale 2.7714686393737793)
2023-12-29 01:24:59,017 | INFO | hilo.gumbel-kernel : TOP-LEFT:
tensor([[9.6552e-01, 1.7146e-02, 6.1799e-05],
        [1.7146e-02, 6.1799e-05, 2.2612e-08],
        [6.1799e-05, 2.2612e-08, 3.1083e-13]])
2023-12-29 01:25:07,413 | INFO | hilo : Epoch  15/200 | Accuracy:  64.0625 | Loss:   1.0604
2023-12-29 01:25:07,413 | INFO | hilo.kernel-accessor : Fetching kernel: gumbel
2023-12-29 01:25:07,414 | INFO | hilo.gumbel-kernel : Calculating Gumbel distribution (location: 0.016385361552238464, scale 0.5406606197357178)
2023-12-29 01:25:07,415 | INFO | hilo.gumbel-kernel : BOTTOM-LEFT:
tensor([[1.9141e-18, 0.0000e+00, 0.0000e+00],
        [1.0141e-03, 1.9141e-18, 0.0000e+00],
        [9.9797e-01, 1.0141e-03, 1.9141e-18]])
2023-12-29 01:25:07,415 | INFO | hilo.kernel-accessor : Fetching kernel: gumbel
2023-12-29 01:25:07,415 | INFO | hilo.gumbel-kernel : Calculating Gumbel distribution (location: -0.6783130168914795, scale 1.0209004878997803)
2023-12-29 01:25:07,416 | INFO | hilo.gumbel-kernel : TOP-LEFT:
tensor([[9.9860e-01, 7.0146e-04, 1.4304e-11],
        [7.0146e-04, 1.4304e-11, 2.4072e-31],
        [1.4304e-11, 2.4072e-31, 0.0000e+00]])
2023-12-29 01:25:07,416 | INFO | hilo.kernel-accessor : Fetching kernel: gumbel
2023-12-29 01:25:07,416 | INFO | hilo.gumbel-kernel : Calculating Gumbel distribution (location: -2.8671679496765137, scale 3.3513126373291016)
2023-12-29 01:25:07,417 | INFO | hilo.gumbel-kernel : TOP-LEFT:
tensor([[8.0978e-01, 8.7703e-02, 4.8649e-03],
        [8.7703e-02, 4.8649e-03, 1.0953e-04],
        [4.8649e-03, 1.0953e-04, 7.3146e-07]])
2023-12-29 01:25:07,417 | INFO | hilo.kernel-accessor : Fetching kernel: gumbel
2023-12-29 01:25:07,417 | INFO | hilo.gumbel-kernel : Calculating Gumbel distribution (location: -2.487246036529541, scale 2.367095708847046)
2023-12-29 01:25:07,418 | INFO | hilo.gumbel-kernel : TOP-LEFT:
tensor([[9.8249e-01, 8.7416e-03, 8.1137e-06],
        [8.7416e-03, 8.1137e-06, 2.3942e-10],
        [8.1137e-06, 2.3942e-10, 3.6648e-17]])
2023-12-29 01:25:15,935 | INFO | hilo : Epoch  16/200 | Accuracy:  59.0093 | Loss:   1.3907
2023-12-29 01:25:15,936 | INFO | hilo.kernel-accessor : Fetching kernel: gumbel
2023-12-29 01:25:15,936 | INFO | hilo.gumbel-kernel : Calculating Gumbel distribution (location: 0.02005705051124096, scale 0.4592043459415436)
2023-12-29 01:25:15,937 | INFO | hilo.gumbel-kernel : TOP-LEFT:
tensor([[9.9983e-01, 8.7049e-05, 3.2128e-33],
        [8.7049e-05, 3.2127e-33, 0.0000e+00],
        [3.2128e-33, 0.0000e+00, 0.0000e+00]])
2023-12-29 01:25:15,937 | INFO | hilo.kernel-accessor : Fetching kernel: gumbel
2023-12-29 01:25:15,938 | INFO | hilo.gumbel-kernel : Calculating Gumbel distribution (location: -0.6480271220207214, scale 0.9390296339988708)
2023-12-29 01:25:15,938 | INFO | hilo.gumbel-kernel : TOP-LEFT:
tensor([[9.9964e-01, 1.8016e-04, 1.8800e-14],
        [1.8016e-04, 1.8800e-14, 1.3929e-42],
        [1.8800e-14, 1.3929e-42, 0.0000e+00]])
2023-12-29 01:25:15,938 | INFO | hilo.kernel-accessor : Fetching kernel: gumbel
2023-12-29 01:25:15,939 | INFO | hilo.gumbel-kernel : Calculating Gumbel distribution (location: -2.696010112762451, scale 3.1200809478759766)
2023-12-29 01:25:15,939 | INFO | hilo.gumbel-kernel : BOTTOM-LEFT:
tensor([[2.8302e-03, 3.6205e-05, 1.0071e-07],
        [7.3101e-02, 2.8302e-03, 3.6205e-05],
        [8.4523e-01, 7.3101e-02, 2.8302e-03]])
2023-12-29 01:25:15,940 | INFO | hilo.kernel-accessor : Fetching kernel: gumbel
2023-12-29 01:25:15,940 | INFO | hilo.gumbel-kernel : Calculating Gumbel distribution (location: -2.5640130043029785, scale 2.606166362762451)
2023-12-29 01:25:15,941 | INFO | hilo.gumbel-kernel : TOP-LEFT:
tensor([[9.5387e-01, 2.2894e-02, 1.1490e-04],
        [2.2894e-02, 1.1490e-04, 5.7992e-08],
        [1.1490e-04, 5.7992e-08, 1.0054e-12]])
2023-12-29 01:25:24,345 | INFO | hilo : Epoch  17/200 | Accuracy:  67.1875 | Loss:   0.9500
2023-12-29 01:25:24,345 | INFO | hilo.kernel-accessor : Fetching kernel: gumbel
2023-12-29 01:25:24,346 | INFO | hilo.gumbel-kernel : Calculating Gumbel distribution (location: -0.04698970913887024, scale 0.43429696559906006)
2023-12-29 01:25:24,347 | INFO | hilo.gumbel-kernel : BOTTOM-LEFT:
tensor([[0.0000e+00, 0.0000e+00, 0.0000e+00],
        [1.4032e-06, 0.0000e+00, 0.0000e+00],
        [1.0000e+00, 1.4032e-06, 0.0000e+00]])
2023-12-29 01:25:24,347 | INFO | hilo.kernel-accessor : Fetching kernel: gumbel
2023-12-29 01:25:24,347 | INFO | hilo.gumbel-kernel : Calculating Gumbel distribution (location: -0.7332953214645386, scale 0.9100657105445862)
2023-12-29 01:25:24,348 | INFO | hilo.gumbel-kernel : TOP-LEFT:
tensor([[9.9997e-01, 1.4771e-05, 4.2593e-19],
        [1.4771e-05, 4.2593e-19, 0.0000e+00],
        [4.2593e-19, 0.0000e+00, 0.0000e+00]])
2023-12-29 01:25:24,348 | INFO | hilo.kernel-accessor : Fetching kernel: gumbel
2023-12-29 01:25:24,348 | INFO | hilo.gumbel-kernel : Calculating Gumbel distribution (location: -2.065716505050659, scale 2.653928279876709)
2023-12-29 01:25:24,349 | INFO | hilo.gumbel-kernel : TOP-LEFT:
tensor([[8.5954e-01, 6.7291e-02, 1.9510e-03],
        [6.7291e-02, 1.9510e-03, 1.3298e-05],
        [1.9510e-03, 1.3298e-05, 1.0985e-08]])
2023-12-29 01:25:24,349 | INFO | hilo.kernel-accessor : Fetching kernel: gumbel
2023-12-29 01:25:24,349 | INFO | hilo.gumbel-kernel : Calculating Gumbel distribution (location: -2.585329055786133, scale 2.458131790161133)
2023-12-29 01:25:24,350 | INFO | hilo.gumbel-kernel : BOTTOM-LEFT:
tensor([[1.4689e-05, 9.1093e-10, 5.3504e-16],
        [1.0649e-02, 1.4689e-05, 9.1093e-10],
        [9.7866e-01, 1.0649e-02, 1.4689e-05]])
2023-12-29 01:25:32,768 | INFO | hilo : Epoch  18/200 | Accuracy:  65.6250 | Loss:   1.0185
2023-12-29 01:25:32,768 | INFO | hilo.kernel-accessor : Fetching kernel: gumbel
2023-12-29 01:25:32,769 | INFO | hilo.gumbel-kernel : Calculating Gumbel distribution (location: -0.09491930902004242, scale 0.4876546561717987)
2023-12-29 01:25:32,770 | INFO | hilo.gumbel-kernel : BOTTOM-LEFT:
tensor([[1.3599e-40, 0.0000e+00, 0.0000e+00],
        [5.8630e-06, 1.3599e-40, 0.0000e+00],
        [9.9999e-01, 5.8630e-06, 1.3599e-40]])
2023-12-29 01:25:32,770 | INFO | hilo.kernel-accessor : Fetching kernel: gumbel
2023-12-29 01:25:32,770 | INFO | hilo.gumbel-kernel : Calculating Gumbel distribution (location: -0.685476541519165, scale 0.9529534578323364)
2023-12-29 01:25:32,771 | INFO | hilo.gumbel-kernel : TOP-LEFT:
tensor([[9.9972e-01, 1.4027e-04, 9.7587e-15],
        [1.4027e-04, 9.7587e-15, 7.6231e-43],
        [9.7587e-15, 7.6231e-43, 0.0000e+00]])
2023-12-29 01:25:32,771 | INFO | hilo.kernel-accessor : Fetching kernel: gumbel
2023-12-29 01:25:32,771 | INFO | hilo.gumbel-kernel : Calculating Gumbel distribution (location: -2.4317595958709717, scale 2.7238526344299316)
2023-12-29 01:25:32,772 | INFO | hilo.gumbel-kernel : TOP-LEFT:
tensor([[9.0857e-01, 4.4692e-02, 6.8007e-04],
        [4.4692e-02, 6.8008e-04, 1.9025e-06],
        [6.8007e-04, 1.9025e-06, 4.6159e-10]])
2023-12-29 01:25:32,772 | INFO | hilo.kernel-accessor : Fetching kernel: gumbel
2023-12-29 01:25:32,772 | INFO | hilo.gumbel-kernel : Calculating Gumbel distribution (location: -2.3950953483581543, scale 2.266963005065918)
2023-12-29 01:25:32,773 | INFO | hilo.gumbel-kernel : TOP-LEFT:
tensor([[9.8706e-01, 6.4654e-03, 3.3289e-06],
        [6.4654e-03, 3.3289e-06, 3.2889e-11],
        [3.3289e-06, 3.2889e-11, 6.9643e-19]])
2023-12-29 01:25:41,262 | INFO | hilo : Epoch  19/200 | Accuracy:  62.0833 | Loss:   1.0527
2023-12-29 01:25:41,263 | INFO | hilo.kernel-accessor : Fetching kernel: gumbel
2023-12-29 01:25:41,263 | INFO | hilo.gumbel-kernel : Calculating Gumbel distribution (location: -0.12362401932477951, scale 0.5104122757911682)
2023-12-29 01:25:41,264 | INFO | hilo.gumbel-kernel : TOP-LEFT:
tensor([[9.9999e-01, 7.1349e-06, 3.3886e-37],
        [7.1349e-06, 3.3887e-37, 0.0000e+00],
        [3.3886e-37, 0.0000e+00, 0.0000e+00]])
2023-12-29 01:25:41,264 | INFO | hilo.kernel-accessor : Fetching kernel: gumbel
2023-12-29 01:25:41,265 | INFO | hilo.gumbel-kernel : Calculating Gumbel distribution (location: -0.6863946914672852, scale 0.9821192026138306)
2023-12-29 01:25:41,265 | INFO | hilo.gumbel-kernel : TOP-LEFT:
tensor([[9.9944e-01, 2.8206e-04, 2.5508e-13],
        [2.8206e-04, 2.5508e-13, 1.4245e-37],
        [2.5508e-13, 1.4245e-37, 0.0000e+00]])
2023-12-29 01:25:41,265 | INFO | hilo.kernel-accessor : Fetching kernel: gumbel
2023-12-29 01:25:41,266 | INFO | hilo.gumbel-kernel : Calculating Gumbel distribution (location: -2.619028329849243, scale 3.039315700531006)
2023-12-29 01:25:41,266 | INFO | hilo.gumbel-kernel : BOTTOM-LEFT:
tensor([[2.3989e-03, 2.5479e-05, 5.2362e-08],
        [6.9263e-02, 2.3989e-03, 2.5479e-05],
        [8.5423e-01, 6.9263e-02, 2.3989e-03]])
2023-12-29 01:25:41,267 | INFO | hilo.kernel-accessor : Fetching kernel: gumbel
2023-12-29 01:25:41,267 | INFO | hilo.gumbel-kernel : Calculating Gumbel distribution (location: -2.949631690979004, scale 2.563819408416748)
2023-12-29 01:25:41,268 | INFO | hilo.gumbel-kernel : BOTTOM-LEFT:
tensor([[3.4090e-06, 7.0897e-11, 1.0373e-17],
        [5.7171e-03, 3.4090e-06, 7.0897e-11],
        [9.8856e-01, 5.7171e-03, 3.4090e-06]])
2023-12-29 01:25:49,779 | INFO | hilo : Epoch  20/200 | Accuracy:  65.6250 | Loss:   1.3632
2023-12-29 01:25:49,779 | INFO | hilo.kernel-accessor : Fetching kernel: gumbel
2023-12-29 01:25:49,780 | INFO | hilo.gumbel-kernel : Calculating Gumbel distribution (location: -0.014476563781499863, scale 0.4969758689403534)
2023-12-29 01:25:49,781 | INFO | hilo.gumbel-kernel : TOP-LEFT:
tensor([[9.9972e-01, 1.3905e-04, 9.1010e-28],
        [1.3905e-04, 9.1010e-28, 0.0000e+00],
        [9.1010e-28, 0.0000e+00, 0.0000e+00]])
2023-12-29 01:25:49,781 | INFO | hilo.kernel-accessor : Fetching kernel: gumbel
2023-12-29 01:25:49,781 | INFO | hilo.gumbel-kernel : Calculating Gumbel distribution (location: -0.6790653467178345, scale 0.9896994233131409)
2023-12-29 01:25:49,782 | INFO | hilo.gumbel-kernel : TOP-LEFT:
tensor([[9.9926e-01, 3.7048e-04, 8.1566e-13],
        [3.7048e-04, 8.1565e-13, 7.9234e-36],
        [8.1566e-13, 7.9234e-36, 0.0000e+00]])
2023-12-29 01:25:49,782 | INFO | hilo.kernel-accessor : Fetching kernel: gumbel
2023-12-29 01:25:49,782 | INFO | hilo.gumbel-kernel : Calculating Gumbel distribution (location: -2.3281149864196777, scale 2.9953010082244873)
2023-12-29 01:25:49,783 | INFO | hilo.gumbel-kernel : BOTTOM-LEFT:
tensor([[4.6293e-03, 8.5535e-05, 3.7087e-07],
        [8.8723e-02, 4.6293e-03, 8.5535e-05],
        [8.0849e-01, 8.8723e-02, 4.6293e-03]])
2023-12-29 01:25:49,783 | INFO | hilo.kernel-accessor : Fetching kernel: gumbel
2023-12-29 01:25:49,783 | INFO | hilo.gumbel-kernel : Calculating Gumbel distribution (location: -2.932905912399292, scale 2.738203287124634)
2023-12-29 01:25:49,784 | INFO | hilo.gumbel-kernel : BOTTOM-LEFT:
tensor([[4.8813e-05, 1.3952e-08, 1.2838e-13],
        [1.5729e-02, 4.8813e-05, 1.3952e-08],
        [9.6839e-01, 1.5729e-02, 4.8813e-05]])
2023-12-29 01:25:58,333 | INFO | hilo : Epoch  21/200 | Accuracy:  68.7500 | Loss:   1.3751
2023-12-29 01:25:58,333 | INFO | hilo.kernel-accessor : Fetching kernel: gumbel
2023-12-29 01:25:58,333 | INFO | hilo.gumbel-kernel : Calculating Gumbel distribution (location: -0.021165061742067337, scale 0.5035393238067627)
2023-12-29 01:25:58,334 | INFO | hilo.gumbel-kernel : BOTTOM-LEFT:
