2023-12-01 16:25:45,798 | INFO | hi-lo : 
+==============================================================+
|                                                              |
| ██████╗  █████╗ ██████╗ ██╗         ██╗      █████╗ ██████╗  |
| ██╔══██╗██╔══██╗██╔══██╗██║         ██║     ██╔══██╗██╔══██╗ |
| ██║  ██║███████║██║  ██║██║         ██║     ███████║██████╔╝ |
| ██║  ██║██╔══██║██║  ██║██║         ██║     ██╔══██║██╔══██╗ |
| ██████╔╝██║  ██║██████╔╝███████╗    ███████╗██║  ██║██████╔╝ |
| ╚═════╝ ╚═╝  ╚═╝╚═════╝ ╚══════╝    ╚══════╝╚═╝  ╚═╝╚═════╝  |
|                                                              |
+==============================================================+
|             Hi-Lo Resolution Image Classification            |
|             -------------------------------------            |
|                       Gabriel C. Trahan                      |
|                          Sahan Ahmad                         |
|                       MD  Aminual Islam                      |
+==============================================================+
| MODEL:                 normal | LR:                      0.1 |
| DISTRO:              gaussian | KERNEL TYPE:               1 |
| DATASET:              cifar10 | BATCH SIZE:               64 |
+=========================================================================+
2023-12-01 16:25:45,799 | INFO | hi-lo : Output directory: output/normal/gaussian/1/cifar10/20231201_162545
2023-12-01 16:25:45,799 | INFO | hi-lo.dataset-accessor : Fetching dataset: cifar10
2023-12-01 16:25:45,799 | INFO | hi-lo.cifar10-dataset : Initializing transform.
2023-12-01 16:25:45,799 | INFO | hi-lo.cifar10-dataset : Verifying/downloading train data.
2023-12-01 16:25:46,524 | INFO | hi-lo.cifar10-dataset : Verifying/downloading test data.
2023-12-01 16:25:47,024 | INFO | hi-lo.cifar10-dataset : Creating train data loader.
2023-12-01 16:25:47,024 | INFO | hi-lo.cifar10-dataset : Creating test data loader.
2023-12-01 16:25:48,028 | INFO | hi-lo : Using device: NVIDIA GeForce GTX 1060 6GB
2023-12-01 16:25:48,028 | INFO | hi-lo : Commencing training phase...
2023-12-01 16:25:48,029 | INFO | hi-lo : BEGIN EPOCH 1 =========================================================================
2023-12-01 16:25:48,029 | INFO | hi-lo.kernel-accessor : Fetching kernel: gaussian
2023-12-01 16:25:48,030 | INFO | hi-lo.gaussian-kernel : MU (LOCATION): 0.0 | SIGMA (SCALE): 1.0 | VARIANCE: 1.0
2023-12-01 16:25:48,031 | INFO | hi-lo.gaussian-kernel : TOP-LEFT
tensor([[0.3296, 0.1999, 0.0446],
        [0.1999, 0.1212, 0.0271],
        [0.0446, 0.0271, 0.0060]])
2023-12-01 16:25:48,031 | INFO | hi-lo.kernel-accessor : Fetching kernel: gaussian
2023-12-01 16:25:48,031 | INFO | hi-lo.gaussian-kernel : MU (LOCATION): 0.0 | SIGMA (SCALE): 1.0 | VARIANCE: 1.0
2023-12-01 16:25:48,031 | INFO | hi-lo.gaussian-kernel : TOP-LEFT
tensor([[0.3296, 0.1999, 0.0446],
        [0.1999, 0.1212, 0.0271],
        [0.0446, 0.0271, 0.0060]])
2023-12-01 16:25:48,031 | INFO | hi-lo.kernel-accessor : Fetching kernel: gaussian
2023-12-01 16:25:48,032 | INFO | hi-lo.gaussian-kernel : MU (LOCATION): 0.0 | SIGMA (SCALE): 1.0 | VARIANCE: 1.0
2023-12-01 16:25:48,032 | INFO | hi-lo.gaussian-kernel : BOTTOM-RIGHT
tensor([[0.0060, 0.0271, 0.0446],
        [0.0271, 0.1212, 0.1999],
        [0.0446, 0.1999, 0.3296]])
2023-12-01 16:25:48,032 | INFO | hi-lo.kernel-accessor : Fetching kernel: gaussian
2023-12-01 16:25:48,032 | INFO | hi-lo.gaussian-kernel : MU (LOCATION): 0.0 | SIGMA (SCALE): 1.0 | VARIANCE: 1.0
2023-12-01 16:25:48,032 | INFO | hi-lo.gaussian-kernel : TOP-LEFT
tensor([[0.3296, 0.1999, 0.0446],
        [0.1999, 0.1212, 0.0271],
        [0.0446, 0.0271, 0.0060]])
2023-12-01 16:25:57,227 | INFO | hi-lo : END EPOCH:   1 | ACCURACY: 45.31 | LOSS: 1.7395306825637817
2023-12-01 16:25:57,228 | INFO | hi-lo : BEGIN EPOCH 2 =========================================================================
2023-12-01 16:25:57,228 | INFO | hi-lo.kernel-accessor : Fetching kernel: gaussian
2023-12-01 16:25:57,228 | INFO | hi-lo.gaussian-kernel : MU (LOCATION): -0.10054123401641846 | SIGMA (SCALE): 0.4777119755744934 | VARIANCE: 0.2282087316072854
2023-12-01 16:25:57,229 | INFO | hi-lo.gaussian-kernel : BOTTOM-RIGHT
tensor([[3.6476e-09, 4.0545e-06, 5.6337e-05],
        [4.0545e-06, 4.5067e-03, 6.2621e-02],
        [5.6337e-05, 6.2621e-02, 8.7013e-01]])
2023-12-01 16:25:57,229 | INFO | hi-lo.kernel-accessor : Fetching kernel: gaussian
2023-12-01 16:25:57,229 | INFO | hi-lo.gaussian-kernel : MU (LOCATION): -0.4409126043319702 | SIGMA (SCALE): 0.717778205871582 | VARIANCE: 0.5152055528242272
2023-12-01 16:25:57,230 | INFO | hi-lo.gaussian-kernel : TOP-LEFT
tensor([[7.3714e-01, 1.1869e-01, 2.7435e-03],
        [1.1869e-01, 1.9110e-02, 4.4173e-04],
        [2.7435e-03, 4.4173e-04, 1.0211e-05]])
2023-12-01 16:25:57,230 | INFO | hi-lo.kernel-accessor : Fetching kernel: gaussian
2023-12-01 16:25:57,230 | INFO | hi-lo.gaussian-kernel : MU (LOCATION): -0.6621482372283936 | SIGMA (SCALE): 1.0916529893875122 | VARIANCE: 1.1917062492386918
2023-12-01 16:25:57,230 | INFO | hi-lo.gaussian-kernel : BOTTOM-RIGHT
tensor([[0.0018, 0.0112, 0.0297],
        [0.0112, 0.0687, 0.1822],
        [0.0297, 0.1822, 0.4832]])
2023-12-01 16:25:57,231 | INFO | hi-lo.kernel-accessor : Fetching kernel: gaussian
2023-12-01 16:25:57,231 | INFO | hi-lo.gaussian-kernel : MU (LOCATION): -0.31907469034194946 | SIGMA (SCALE): 0.5802556276321411 | VARIANCE: 0.33669659339877
2023-12-01 16:25:57,231 | INFO | hi-lo.gaussian-kernel : TOP-LEFT
tensor([[8.4447e-01, 7.4146e-02, 3.3398e-04],
        [7.4146e-02, 6.5101e-03, 2.9324e-05],
        [3.3398e-04, 2.9324e-05, 1.3208e-07]])
2023-12-01 16:26:05,743 | INFO | hi-lo : END EPOCH:   2 | ACCURACY: 50.78 | LOSS: 1.5963517427444458
2023-12-01 16:26:05,743 | INFO | hi-lo : BEGIN EPOCH 3 =========================================================================
2023-12-01 16:26:05,743 | INFO | hi-lo.kernel-accessor : Fetching kernel: gaussian
2023-12-01 16:26:05,744 | INFO | hi-lo.gaussian-kernel : MU (LOCATION): 0.001517681172117591 | SIGMA (SCALE): 0.4513036906719208 | VARIANCE: 0.20367502121409675
2023-12-01 16:26:05,744 | INFO | hi-lo.gaussian-kernel : BOTTOM-RIGHT
tensor([[2.5803e-09, 4.0445e-06, 4.6749e-05],
        [4.0445e-06, 6.3396e-03, 7.3278e-02],
        [4.6749e-05, 7.3278e-02, 8.4700e-01]])
2023-12-01 16:26:05,744 | INFO | hi-lo.kernel-accessor : Fetching kernel: gaussian
2023-12-01 16:26:05,745 | INFO | hi-lo.gaussian-kernel : MU (LOCATION): -0.6059547066688538 | SIGMA (SCALE): 0.7957350015640259 | VARIANCE: 0.6331941927141003
2023-12-01 16:26:05,745 | INFO | hi-lo.gaussian-kernel : TOP-LEFT
tensor([[7.1742e-01, 1.2509e-01, 4.4957e-03],
        [1.2509e-01, 2.1811e-02, 7.8387e-04],
        [4.4957e-03, 7.8387e-04, 2.8172e-05]])
2023-12-01 16:26:05,745 | INFO | hi-lo.kernel-accessor : Fetching kernel: gaussian
2023-12-01 16:26:05,745 | INFO | hi-lo.gaussian-kernel : MU (LOCATION): -1.528794765472412 | SIGMA (SCALE): 1.9797133207321167 | VARIANCE: 3.9192648322841848
2023-12-01 16:26:05,746 | INFO | hi-lo.gaussian-kernel : BOTTOM-RIGHT
tensor([[0.0216, 0.0468, 0.0786],
        [0.0468, 0.1014, 0.1702],
        [0.0786, 0.1702, 0.2856]])
2023-12-01 16:26:05,746 | INFO | hi-lo.kernel-accessor : Fetching kernel: gaussian
2023-12-01 16:26:05,746 | INFO | hi-lo.gaussian-kernel : MU (LOCATION): -0.7603901028633118 | SIGMA (SCALE): 1.3365164995193481 | VARIANCE: 1.7862763534874517
2023-12-01 16:26:05,746 | INFO | hi-lo.gaussian-kernel : BOTTOM-RIGHT
tensor([[0.0073, 0.0258, 0.0522],
        [0.0258, 0.0914, 0.1851],
        [0.0522, 0.1851, 0.3749]])
2023-12-01 16:26:14,176 | INFO | hi-lo : END EPOCH:   3 | ACCURACY: 54.94 | LOSS: 1.3433568477630615
2023-12-01 16:26:14,177 | INFO | hi-lo : BEGIN EPOCH 4 =========================================================================
2023-12-01 16:26:14,177 | INFO | hi-lo.kernel-accessor : Fetching kernel: gaussian
2023-12-01 16:26:14,177 | INFO | hi-lo.gaussian-kernel : MU (LOCATION): 0.028166187927126884 | SIGMA (SCALE): 0.5274028182029724 | VARIANCE: 0.27815373264843757
2023-12-01 16:26:14,178 | INFO | hi-lo.gaussian-kernel : TOP-LEFT
tensor([[7.1300e-01, 1.3074e-01, 6.5819e-04],
        [1.3074e-01, 2.3972e-02, 1.2069e-04],
        [6.5819e-04, 1.2069e-04, 6.0759e-07]])
2023-12-01 16:26:14,178 | INFO | hi-lo.kernel-accessor : Fetching kernel: gaussian
2023-12-01 16:26:14,179 | INFO | hi-lo.gaussian-kernel : MU (LOCATION): -0.6101356148719788 | SIGMA (SCALE): 0.9382727742195129 | VARIANCE: 0.8803557988415811
2023-12-01 16:26:14,179 | INFO | hi-lo.gaussian-kernel : BOTTOM-RIGHT
tensor([[3.8796e-04, 4.2634e-03, 1.5045e-02],
        [4.2634e-03, 4.6851e-02, 1.6534e-01],
        [1.5045e-02, 1.6534e-01, 5.8347e-01]])
2023-12-01 16:26:14,179 | INFO | hi-lo.kernel-accessor : Fetching kernel: gaussian
2023-12-01 16:26:14,180 | INFO | hi-lo.gaussian-kernel : MU (LOCATION): -1.8357881307601929 | SIGMA (SCALE): 2.7063119411468506 | VARIANCE: 7.3241243227940345
2023-12-01 16:26:14,180 | INFO | hi-lo.gaussian-kernel : TOP-LEFT
tensor([[0.2089, 0.1519, 0.0963],
        [0.1519, 0.1104, 0.0700],
        [0.0963, 0.0700, 0.0444]])
2023-12-01 16:26:14,180 | INFO | hi-lo.kernel-accessor : Fetching kernel: gaussian
2023-12-01 16:26:14,181 | INFO | hi-lo.gaussian-kernel : MU (LOCATION): -1.3142104148864746 | SIGMA (SCALE): 2.0199623107910156 | VARIANCE: 4.08024773701618
2023-12-01 16:26:14,181 | INFO | hi-lo.gaussian-kernel : BOTTOM-RIGHT
tensor([[0.0269, 0.0535, 0.0835],
        [0.0535, 0.1067, 0.1664],
        [0.0835, 0.1664, 0.2596]])
2023-12-01 16:26:22,684 | INFO | hi-lo : END EPOCH:   4 | ACCURACY: 60.94 | LOSS: 1.5936402082443237
2023-12-01 16:26:22,684 | INFO | hi-lo : BEGIN EPOCH 5 =========================================================================
2023-12-01 16:26:22,684 | INFO | hi-lo.kernel-accessor : Fetching kernel: gaussian
2023-12-01 16:26:22,685 | INFO | hi-lo.gaussian-kernel : MU (LOCATION): 0.08311697840690613 | SIGMA (SCALE): 0.5390349626541138 | VARIANCE: 0.2905586909635218
2023-12-01 16:26:22,686 | INFO | hi-lo.gaussian-kernel : BOTTOM-RIGHT
tensor([[2.1446e-06, 2.8129e-04, 1.1810e-03],
        [2.8129e-04, 3.6893e-02, 1.5490e-01],
        [1.1810e-03, 1.5490e-01, 6.5038e-01]])
2023-12-01 16:26:22,686 | INFO | hi-lo.kernel-accessor : Fetching kernel: gaussian
2023-12-01 16:26:22,686 | INFO | hi-lo.gaussian-kernel : MU (LOCATION): -0.5575636029243469 | SIGMA (SCALE): 1.004912257194519 | VARIANCE: 1.0098486446597832
2023-12-01 16:26:22,687 | INFO | hi-lo.gaussian-kernel : TOP-LEFT
tensor([[0.5127, 0.1799, 0.0234],
        [0.1799, 0.0631, 0.0082],
        [0.0234, 0.0082, 0.0011]])
2023-12-01 16:26:22,687 | INFO | hi-lo.kernel-accessor : Fetching kernel: gaussian
2023-12-01 16:26:22,687 | INFO | hi-lo.gaussian-kernel : MU (LOCATION): -2.1385040283203125 | SIGMA (SCALE): 2.962430238723755 | VARIANCE: 8.775992919304883
2023-12-01 16:26:22,688 | INFO | hi-lo.gaussian-kernel : TOP-LEFT
tensor([[0.2012, 0.1490, 0.0984],
        [0.1490, 0.1103, 0.0728],
        [0.0984, 0.0728, 0.0481]])
2023-12-01 16:26:22,688 | INFO | hi-lo.kernel-accessor : Fetching kernel: gaussian
2023-12-01 16:26:22,688 | INFO | hi-lo.gaussian-kernel : MU (LOCATION): -1.0574452877044678 | SIGMA (SCALE): 1.8050297498703003 | VARIANCE: 3.258132397916839
2023-12-01 16:26:22,689 | INFO | hi-lo.gaussian-kernel : BOTTOM-RIGHT
tensor([[0.0221, 0.0484, 0.0781],
        [0.0484, 0.1062, 0.1712],
        [0.0781, 0.1712, 0.2762]])
2023-12-01 16:26:31,163 | INFO | hi-lo : END EPOCH:   5 | ACCURACY: 59.13 | LOSS: 1.2640615701675415
2023-12-01 16:26:31,163 | INFO | hi-lo : BEGIN EPOCH 6 =========================================================================
2023-12-01 16:26:31,163 | INFO | hi-lo.kernel-accessor : Fetching kernel: gaussian
2023-12-01 16:26:31,164 | INFO | hi-lo.gaussian-kernel : MU (LOCATION): -0.09285655617713928 | SIGMA (SCALE): 0.5200180411338806 | VARIANCE: 0.27041876310471835
2023-12-01 16:26:31,165 | INFO | hi-lo.gaussian-kernel : BOTTOM-RIGHT
tensor([[7.7140e-08, 2.7888e-05, 2.4978e-04],
        [2.7888e-05, 1.0082e-02, 9.0300e-02],
        [2.4978e-04, 9.0300e-02, 8.0876e-01]])
2023-12-01 16:26:31,165 | INFO | hi-lo.kernel-accessor : Fetching kernel: gaussian
2023-12-01 16:26:31,165 | INFO | hi-lo.gaussian-kernel : MU (LOCATION): -0.6277686953544617 | SIGMA (SCALE): 1.0146819353103638 | VARIANCE: 1.0295794298451852
2023-12-01 16:26:31,166 | INFO | hi-lo.gaussian-kernel : BOTTOM-RIGHT
tensor([[0.0009, 0.0075, 0.0223],
        [0.0075, 0.0590, 0.1764],
        [0.0223, 0.1764, 0.5276]])
2023-12-01 16:26:31,166 | INFO | hi-lo.kernel-accessor : Fetching kernel: gaussian
2023-12-01 16:26:31,166 | INFO | hi-lo.gaussian-kernel : MU (LOCATION): -1.7884585857391357 | SIGMA (SCALE): 2.6167333126068115 | VARIANCE: 6.847293229306217
2023-12-01 16:26:31,167 | INFO | hi-lo.gaussian-kernel : TOP-LEFT
tensor([[0.2146, 0.1536, 0.0950],
        [0.1536, 0.1100, 0.0680],
        [0.0950, 0.0680, 0.0421]])
2023-12-01 16:26:31,167 | INFO | hi-lo.kernel-accessor : Fetching kernel: gaussian
2023-12-01 16:26:31,168 | INFO | hi-lo.gaussian-kernel : MU (LOCATION): -1.0759501457214355 | SIGMA (SCALE): 2.0399892330169678 | VARIANCE: 4.161556070825156
2023-12-01 16:26:31,168 | INFO | hi-lo.gaussian-kernel : TOP-LEFT
tensor([[0.2371, 0.1624, 0.0874],
        [0.1624, 0.1112, 0.0599],
        [0.0874, 0.0599, 0.0322]])
2023-12-01 16:26:39,751 | INFO | hi-lo : END EPOCH:   6 | ACCURACY: 62.28 | LOSS: 1.3550983667373657
2023-12-01 16:26:39,751 | INFO | hi-lo : BEGIN EPOCH 7 =========================================================================
2023-12-01 16:26:39,752 | INFO | hi-lo.kernel-accessor : Fetching kernel: gaussian
2023-12-01 16:26:39,752 | INFO | hi-lo.gaussian-kernel : MU (LOCATION): -0.11377494782209396 | SIGMA (SCALE): 0.5290870666503906 | VARIANCE: 0.2799331240967149
2023-12-01 16:26:39,753 | INFO | hi-lo.gaussian-kernel : TOP-LEFT
tensor([[8.0874e-01, 9.0278e-02, 2.8310e-04],
        [9.0278e-02, 1.0078e-02, 3.1602e-05],
        [2.8310e-04, 3.1602e-05, 9.9098e-08]])
2023-12-01 16:26:39,753 | INFO | hi-lo.kernel-accessor : Fetching kernel: gaussian
2023-12-01 16:26:39,754 | INFO | hi-lo.gaussian-kernel : MU (LOCATION): -0.5783084630966187 | SIGMA (SCALE): 1.0963739156723022 | VARIANCE: 1.2020357629666165
2023-12-01 16:26:39,754 | INFO | hi-lo.gaussian-kernel : TOP-LEFT
tensor([[0.4565, 0.1861, 0.0330],
        [0.1861, 0.0759, 0.0135],
        [0.0330, 0.0135, 0.0024]])
2023-12-01 16:26:39,754 | INFO | hi-lo.kernel-accessor : Fetching kernel: gaussian
2023-12-01 16:26:39,755 | INFO | hi-lo.gaussian-kernel : MU (LOCATION): -2.4493865966796875 | SIGMA (SCALE): 3.251267910003662 | VARIANCE: 10.570743022619581
2023-12-01 16:26:39,756 | INFO | hi-lo.gaussian-kernel : BOTTOM-RIGHT
tensor([[0.0523, 0.0760, 0.1004],
        [0.0760, 0.1104, 0.1459],
        [0.1004, 0.1459, 0.1928]])
2023-12-01 16:26:39,756 | INFO | hi-lo.kernel-accessor : Fetching kernel: gaussian
2023-12-01 16:26:39,756 | INFO | hi-lo.gaussian-kernel : MU (LOCATION): -1.2750619649887085 | SIGMA (SCALE): 2.4638237953186035 | VARIANCE: 6.070427694378168
2023-12-01 16:26:39,757 | INFO | hi-lo.gaussian-kernel : TOP-LEFT
tensor([[0.2031, 0.1516, 0.0960],
        [0.1516, 0.1132, 0.0716],
        [0.0960, 0.0716, 0.0454]])
2023-12-01 16:26:48,214 | INFO | hi-lo : END EPOCH:   7 | ACCURACY: 63.28 | LOSS: 1.0813910961151123
2023-12-01 16:26:48,214 | INFO | hi-lo : BEGIN EPOCH 8 =========================================================================
2023-12-01 16:26:48,214 | INFO | hi-lo.kernel-accessor : Fetching kernel: gaussian
2023-12-01 16:26:48,215 | INFO | hi-lo.gaussian-kernel : MU (LOCATION): -0.04742996022105217 | SIGMA (SCALE): 0.43309295177459717 | VARIANCE: 0.18756950487683355
2023-12-01 16:26:48,216 | INFO | hi-lo.gaussian-kernel : BOTTOM-RIGHT
tensor([[1.7927e-10, 6.8611e-07, 1.2703e-05],
        [6.8611e-07, 2.6259e-03, 4.8617e-02],
        [1.2703e-05, 4.8617e-02, 9.0011e-01]])
2023-12-01 16:26:48,216 | INFO | hi-lo.kernel-accessor : Fetching kernel: gaussian
2023-12-01 16:26:48,216 | INFO | hi-lo.gaussian-kernel : MU (LOCATION): -0.6170079112052917 | SIGMA (SCALE): 0.9155202507972717 | VARIANCE: 0.8381773296198993
2023-12-01 16:26:48,217 | INFO | hi-lo.gaussian-kernel : TOP-LEFT
tensor([[6.0573e-01, 1.5978e-01, 1.2782e-02],
        [1.5978e-01, 4.2145e-02, 3.3716e-03],
        [1.2782e-02, 3.3716e-03, 2.6973e-04]])
2023-12-01 16:26:48,217 | INFO | hi-lo.kernel-accessor : Fetching kernel: gaussian
2023-12-01 16:26:48,217 | INFO | hi-lo.gaussian-kernel : MU (LOCATION): -1.5106933116912842 | SIGMA (SCALE): 2.5518007278442383 | VARIANCE: 6.511686954626384
2023-12-01 16:26:48,218 | INFO | hi-lo.gaussian-kernel : BOTTOM-RIGHT
tensor([[0.0443, 0.0704, 0.0958],
        [0.0704, 0.1117, 0.1522],
        [0.0958, 0.1522, 0.2072]])
2023-12-01 16:26:48,218 | INFO | hi-lo.kernel-accessor : Fetching kernel: gaussian
2023-12-01 16:26:48,219 | INFO | hi-lo.gaussian-kernel : MU (LOCATION): -1.4775168895721436 | SIGMA (SCALE): 2.404944658279419 | VARIANCE: 5.783758809386711
2023-12-01 16:26:48,219 | INFO | hi-lo.gaussian-kernel : BOTTOM-RIGHT
tensor([[0.0395, 0.0662, 0.0931],
        [0.0662, 0.1107, 0.1559],
        [0.0931, 0.1559, 0.2194]])
2023-12-01 16:26:56,783 | INFO | hi-lo : END EPOCH:   8 | ACCURACY: 64.06 | LOSS: 1.1242183446884155
2023-12-01 16:26:56,783 | INFO | hi-lo : BEGIN EPOCH 9 =========================================================================
2023-12-01 16:26:56,783 | INFO | hi-lo.kernel-accessor : Fetching kernel: gaussian
2023-12-01 16:26:56,784 | INFO | hi-lo.gaussian-kernel : MU (LOCATION): -0.04176446422934532 | SIGMA (SCALE): 0.4727528393268585 | VARIANCE: 0.2234952470916065
2023-12-01 16:26:56,785 | INFO | hi-lo.gaussian-kernel : BOTTOM-RIGHT
tensor([[6.7425e-09, 6.6799e-06, 7.5426e-05],
        [6.6799e-06, 6.6178e-03, 7.4726e-02],
        [7.5426e-05, 7.4726e-02, 8.4377e-01]])
2023-12-01 16:26:56,785 | INFO | hi-lo.kernel-accessor : Fetching kernel: gaussian
2023-12-01 16:26:56,785 | INFO | hi-lo.gaussian-kernel : MU (LOCATION): -0.5505668520927429 | SIGMA (SCALE): 0.9585603475570679 | VARIANCE: 0.9188379399087268
2023-12-01 16:26:56,786 | INFO | hi-lo.gaussian-kernel : TOP-LEFT
tensor([[0.5463, 0.1741, 0.0187],
        [0.1741, 0.0555, 0.0060],
        [0.0187, 0.0060, 0.0006]])
2023-12-01 16:26:56,786 | INFO | hi-lo.kernel-accessor : Fetching kernel: gaussian
2023-12-01 16:26:56,787 | INFO | hi-lo.gaussian-kernel : MU (LOCATION): -2.104398012161255 | SIGMA (SCALE): 3.0761849880218506 | VARIANCE: 9.462914080530993
2023-12-01 16:26:56,787 | INFO | hi-lo.gaussian-kernel : BOTTOM-RIGHT
tensor([[0.0519, 0.0759, 0.1000],
        [0.0759, 0.1111, 0.1463],
        [0.1000, 0.1463, 0.1927]])
2023-12-01 16:26:56,787 | INFO | hi-lo.kernel-accessor : Fetching kernel: gaussian
2023-12-01 16:26:56,788 | INFO | hi-lo.gaussian-kernel : MU (LOCATION): -1.064465880393982 | SIGMA (SCALE): 2.1353373527526855 | VARIANCE: 4.559665610060847
2023-12-01 16:26:56,789 | INFO | hi-lo.gaussian-kernel : BOTTOM-RIGHT
tensor([[0.0366, 0.0642, 0.0905],
        [0.0642, 0.1127, 0.1588],
        [0.0905, 0.1588, 0.2238]])
2023-12-01 16:27:05,226 | INFO | hi-lo : END EPOCH:   9 | ACCURACY: 71.88 | LOSS: 1.225367784500122
2023-12-01 16:27:05,226 | INFO | hi-lo : BEGIN EPOCH 10 =========================================================================
2023-12-01 16:27:05,226 | INFO | hi-lo.kernel-accessor : Fetching kernel: gaussian
2023-12-01 16:27:05,226 | INFO | hi-lo.gaussian-kernel : MU (LOCATION): -0.08136902749538422 | SIGMA (SCALE): 0.4909702241420746 | VARIANCE: 0.24105176099411896
2023-12-01 16:27:05,227 | INFO | hi-lo.gaussian-kernel : BOTTOM-RIGHT
tensor([[1.3560e-08, 9.5799e-06, 1.0685e-04],
        [9.5799e-06, 6.7680e-03, 7.5490e-02],
        [1.0685e-04, 7.5490e-02, 8.4202e-01]])
2023-12-01 16:27:05,227 | INFO | hi-lo.kernel-accessor : Fetching kernel: gaussian
2023-12-01 16:27:05,227 | INFO | hi-lo.gaussian-kernel : MU (LOCATION): -0.6142034530639648 | SIGMA (SCALE): 0.9883979558944702 | VARIANCE: 0.9769305192163671
2023-12-01 16:27:05,227 | INFO | hi-lo.gaussian-kernel : BOTTOM-RIGHT
tensor([[0.0007, 0.0064, 0.0200],
        [0.0064, 0.0555, 0.1738],
        [0.0200, 0.1738, 0.5436]])
2023-12-01 16:27:05,227 | INFO | hi-lo.kernel-accessor : Fetching kernel: gaussian
2023-12-01 16:27:05,228 | INFO | hi-lo.gaussian-kernel : MU (LOCATION): -2.1674439907073975 | SIGMA (SCALE): 3.1624722480773926 | VARIANCE: 10.001230719859677
2023-12-01 16:27:05,228 | INFO | hi-lo.gaussian-kernel : TOP-LEFT
tensor([[0.1896, 0.1452, 0.1006],
        [0.1452, 0.1112, 0.0771],
        [0.1006, 0.0771, 0.0534]])
2023-12-01 16:27:05,228 | INFO | hi-lo.kernel-accessor : Fetching kernel: gaussian
2023-12-01 16:27:05,228 | INFO | hi-lo.gaussian-kernel : MU (LOCATION): -1.1631280183792114 | SIGMA (SCALE): 2.1210126876831055 | VARIANCE: 4.498694821312711
2023-12-01 16:27:05,228 | INFO | hi-lo.gaussian-kernel : TOP-LEFT
tensor([[0.2327, 0.1608, 0.0889],
        [0.1608, 0.1111, 0.0614],
        [0.0889, 0.0614, 0.0340]])
2023-12-01 16:27:13,770 | INFO | hi-lo : END EPOCH:  10 | ACCURACY: 67.19 | LOSS: 1.5260926485061646
2023-12-01 16:27:13,770 | INFO | hi-lo : BEGIN EPOCH 11 =========================================================================
2023-12-01 16:27:13,770 | INFO | hi-lo.kernel-accessor : Fetching kernel: gaussian
2023-12-01 16:27:13,770 | INFO | hi-lo.gaussian-kernel : MU (LOCATION): 0.04979561269283295 | SIGMA (SCALE): 0.5002831816673279 | VARIANCE: 0.2502832618591846
2023-12-01 16:27:13,771 | INFO | hi-lo.gaussian-kernel : TOP-LEFT
tensor([[7.3553e-01, 1.2173e-01, 3.7067e-04],
        [1.2173e-01, 2.0146e-02, 6.1346e-05],
        [3.7067e-04, 6.1346e-05, 1.8680e-07]])
2023-12-01 16:27:13,771 | INFO | hi-lo.kernel-accessor : Fetching kernel: gaussian
2023-12-01 16:27:13,771 | INFO | hi-lo.gaussian-kernel : MU (LOCATION): -0.6566760540008545 | SIGMA (SCALE): 1.081532597541809 | VARIANCE: 1.1697127595455328
2023-12-01 16:27:13,771 | INFO | hi-lo.gaussian-kernel : BOTTOM-RIGHT
tensor([[0.0017, 0.0107, 0.0287],
        [0.0107, 0.0676, 0.1817],
        [0.0287, 0.1817, 0.4884]])
2023-12-01 16:27:13,771 | INFO | hi-lo.kernel-accessor : Fetching kernel: gaussian
2023-12-01 16:27:13,772 | INFO | hi-lo.gaussian-kernel : MU (LOCATION): -2.461925983428955 | SIGMA (SCALE): 3.672900438308716 | VARIANCE: 13.490197629728357
2023-12-01 16:27:13,772 | INFO | hi-lo.gaussian-kernel : TOP-LEFT
tensor([[0.1734, 0.1392, 0.1038],
        [0.1392, 0.1118, 0.0833],
        [0.1038, 0.0833, 0.0621]])
2023-12-01 16:27:13,772 | INFO | hi-lo.kernel-accessor : Fetching kernel: gaussian
2023-12-01 16:27:13,772 | INFO | hi-lo.gaussian-kernel : MU (LOCATION): -1.0468800067901611 | SIGMA (SCALE): 2.166828155517578 | VARIANCE: 4.69514425554371
2023-12-01 16:27:13,772 | INFO | hi-lo.gaussian-kernel : TOP-LEFT
tensor([[0.2189, 0.1574, 0.0915],
        [0.1574, 0.1132, 0.0658],
        [0.0915, 0.0658, 0.0383]])
2023-12-01 16:27:22,276 | INFO | hi-lo : END EPOCH:  11 | ACCURACY: 62.69 | LOSS: 1.140596866607666
2023-12-01 16:27:22,276 | INFO | hi-lo : BEGIN EPOCH 12 =========================================================================
2023-12-01 16:27:22,277 | INFO | hi-lo.kernel-accessor : Fetching kernel: gaussian
2023-12-01 16:27:22,277 | INFO | hi-lo.gaussian-kernel : MU (LOCATION): -0.059505026787519455 | SIGMA (SCALE): 0.4553348124027252 | VARIANCE: 0.20732979138582497
2023-12-01 16:27:22,278 | INFO | hi-lo.gaussian-kernel : TOP-LEFT
tensor([[8.7781e-01, 5.9075e-02, 3.1967e-05],
        [5.9075e-02, 3.9756e-03, 2.1513e-06],
        [3.1967e-05, 2.1513e-06, 1.1641e-09]])
2023-12-01 16:27:22,278 | INFO | hi-lo.kernel-accessor : Fetching kernel: gaussian
2023-12-01 16:27:22,278 | INFO | hi-lo.gaussian-kernel : MU (LOCATION): -0.6980494260787964 | SIGMA (SCALE): 0.974131166934967 | VARIANCE: 0.9489315303940806
2023-12-01 16:27:22,278 | INFO | hi-lo.gaussian-kernel : BOTTOM-RIGHT
tensor([[4.5324e-04, 4.5952e-03, 1.6241e-02],
        [4.5952e-03, 4.6589e-02, 1.6466e-01],
        [1.6241e-02, 1.6466e-01, 5.8196e-01]])
2023-12-01 16:27:22,278 | INFO | hi-lo.kernel-accessor : Fetching kernel: gaussian
2023-12-01 16:27:22,278 | INFO | hi-lo.gaussian-kernel : MU (LOCATION): -1.6625248193740845 | SIGMA (SCALE): 2.7668755054473877 | VARIANCE: 7.655600062644737
2023-12-01 16:27:22,279 | INFO | hi-lo.gaussian-kernel : BOTTOM-RIGHT
tensor([[0.0490, 0.0741, 0.0983],
        [0.0741, 0.1120, 0.1486],
        [0.0983, 0.1486, 0.1971]])
2023-12-01 16:27:22,279 | INFO | hi-lo.kernel-accessor : Fetching kernel: gaussian
2023-12-01 16:27:22,279 | INFO | hi-lo.gaussian-kernel : MU (LOCATION): -0.928012490272522 | SIGMA (SCALE): 1.919344186782837 | VARIANCE: 3.6838821073370696
2023-12-01 16:27:22,279 | INFO | hi-lo.gaussian-kernel : TOP-LEFT
tensor([[0.2427, 0.1647, 0.0852],
        [0.1647, 0.1118, 0.0578],
        [0.0852, 0.0578, 0.0299]])
2023-12-01 16:27:30,836 | INFO | hi-lo : END EPOCH:  12 | ACCURACY: 65.26 | LOSS: 1.178876519203186
2023-12-01 16:27:30,837 | INFO | hi-lo : BEGIN EPOCH 13 =========================================================================
2023-12-01 16:27:30,837 | INFO | hi-lo.kernel-accessor : Fetching kernel: gaussian
2023-12-01 16:27:30,837 | INFO | hi-lo.gaussian-kernel : MU (LOCATION): -0.06454677879810333 | SIGMA (SCALE): 0.5241301655769348 | VARIANCE: 0.2747124304677051
2023-12-01 16:27:30,838 | INFO | hi-lo.gaussian-kernel : BOTTOM-RIGHT
tensor([[1.4561e-07, 4.3310e-05, 3.3813e-04],
        [4.3310e-05, 1.2882e-02, 1.0057e-01],
        [3.3813e-04, 1.0057e-01, 7.8521e-01]])
2023-12-01 16:27:30,838 | INFO | hi-lo.kernel-accessor : Fetching kernel: gaussian
2023-12-01 16:27:30,838 | INFO | hi-lo.gaussian-kernel : MU (LOCATION): -0.6384472250938416 | SIGMA (SCALE): 1.0960599184036255 | VARIANCE: 1.2013473447309622
2023-12-01 16:27:30,838 | INFO | hi-lo.gaussian-kernel : TOP-LEFT
tensor([[0.4736, 0.1836, 0.0310],
        [0.1836, 0.0712, 0.0120],
        [0.0310, 0.0120, 0.0020]])
2023-12-01 16:27:30,838 | INFO | hi-lo.kernel-accessor : Fetching kernel: gaussian
2023-12-01 16:27:30,839 | INFO | hi-lo.gaussian-kernel : MU (LOCATION): -2.3678557872772217 | SIGMA (SCALE): 3.552887201309204 | VARIANCE: 12.623007465226749
2023-12-01 16:27:30,839 | INFO | hi-lo.gaussian-kernel : BOTTOM-RIGHT
tensor([[0.0606, 0.0823, 0.1033],
        [0.0823, 0.1118, 0.1403],
        [0.1033, 0.1403, 0.1761]])
2023-12-01 16:27:30,839 | INFO | hi-lo.kernel-accessor : Fetching kernel: gaussian
2023-12-01 16:27:30,839 | INFO | hi-lo.gaussian-kernel : MU (LOCATION): -1.3590636253356934 | SIGMA (SCALE): 2.509070873260498 | VARIANCE: 6.295436647044198
2023-12-01 16:27:30,839 | INFO | hi-lo.gaussian-kernel : BOTTOM-RIGHT
tensor([[0.0454, 0.0716, 0.0962],
        [0.0716, 0.1127, 0.1514],
        [0.0962, 0.1514, 0.2035]])
2023-12-01 16:27:39,298 | INFO | hi-lo : END EPOCH:  13 | ACCURACY: 66.56 | LOSS: 1.0764793157577515
2023-12-01 16:27:39,298 | INFO | hi-lo : BEGIN EPOCH 14 =========================================================================
2023-12-01 16:27:39,299 | INFO | hi-lo.kernel-accessor : Fetching kernel: gaussian
2023-12-01 16:27:39,300 | INFO | hi-lo.gaussian-kernel : MU (LOCATION): -0.07595118135213852 | SIGMA (SCALE): 0.5087391138076782 | VARIANCE: 0.2588154859178218
2023-12-01 16:27:39,300 | INFO | hi-lo.gaussian-kernel : BOTTOM-RIGHT
tensor([[4.8852e-08, 2.1545e-05, 1.9943e-04],
        [2.1545e-05, 9.5017e-03, 8.7954e-02],
        [1.9943e-04, 8.7954e-02, 8.1415e-01]])
2023-12-01 16:27:39,300 | INFO | hi-lo.kernel-accessor : Fetching kernel: gaussian
2023-12-01 16:27:39,301 | INFO | hi-lo.gaussian-kernel : MU (LOCATION): -0.573560357093811 | SIGMA (SCALE): 1.012062668800354 | VARIANCE: 1.024270845579295
2023-12-01 16:27:39,301 | INFO | hi-lo.gaussian-kernel : BOTTOM-RIGHT
tensor([[0.0011, 0.0083, 0.0237],
        [0.0083, 0.0630, 0.1797],
        [0.0237, 0.1797, 0.5125]])
2023-12-01 16:27:39,301 | INFO | hi-lo.kernel-accessor : Fetching kernel: gaussian
2023-12-01 16:27:39,302 | INFO | hi-lo.gaussian-kernel : MU (LOCATION): -2.0127830505371094 | SIGMA (SCALE): 3.136855125427246 | VARIANCE: 9.839860077919184
2023-12-01 16:27:39,302 | INFO | hi-lo.gaussian-kernel : BOTTOM-RIGHT
tensor([[0.0547, 0.0782, 0.1010],
        [0.0782, 0.1118, 0.1443],
        [0.1010, 0.1443, 0.1863]])
2023-12-01 16:27:39,302 | INFO | hi-lo.kernel-accessor : Fetching kernel: gaussian
2023-12-01 16:27:39,303 | INFO | hi-lo.gaussian-kernel : MU (LOCATION): -1.0630475282669067 | SIGMA (SCALE): 2.0240373611450195 | VARIANCE: 4.096727239310894
2023-12-01 16:27:39,303 | INFO | hi-lo.gaussian-kernel : TOP-LEFT
tensor([[0.2384, 0.1628, 0.0871],
        [0.1628, 0.1112, 0.0595],
        [0.0871, 0.0595, 0.0318]])
2023-12-01 16:27:48,041 | INFO | hi-lo : END EPOCH:  14 | ACCURACY: 62.69 | LOSS: 1.3246921300888062
2023-12-01 16:27:48,041 | INFO | hi-lo : BEGIN EPOCH 15 =========================================================================
2023-12-01 16:27:48,041 | INFO | hi-lo.kernel-accessor : Fetching kernel: gaussian
2023-12-01 16:27:48,042 | INFO | hi-lo.gaussian-kernel : MU (LOCATION): 0.022098099812865257 | SIGMA (SCALE): 0.4925059974193573 | VARIANCE: 0.24256215749403598
2023-12-01 16:27:48,042 | INFO | hi-lo.gaussian-kernel : TOP-LEFT
tensor([[7.6982e-01, 1.0733e-01, 2.4245e-04],
        [1.0733e-01, 1.4965e-02, 3.3804e-05],
        [2.4245e-04, 3.3804e-05, 7.6360e-08]])
2023-12-01 16:27:48,042 | INFO | hi-lo.kernel-accessor : Fetching kernel: gaussian
2023-12-01 16:27:48,043 | INFO | hi-lo.gaussian-kernel : MU (LOCATION): -0.6225754022598267 | SIGMA (SCALE): 0.9910616874694824 | VARIANCE: 0.982203268369858
2023-12-01 16:27:48,043 | INFO | hi-lo.gaussian-kernel : BOTTOM-RIGHT
tensor([[0.0007, 0.0064, 0.0200],
        [0.0064, 0.0553, 0.1735],
        [0.0200, 0.1735, 0.5442]])
2023-12-01 16:27:48,044 | INFO | hi-lo.kernel-accessor : Fetching kernel: gaussian
2023-12-01 16:27:48,044 | INFO | hi-lo.gaussian-kernel : MU (LOCATION): -2.0526742935180664 | SIGMA (SCALE): 3.0579581260681152 | VARIANCE: 9.351107900786019
2023-12-01 16:27:48,044 | INFO | hi-lo.gaussian-kernel : TOP-LEFT
tensor([[0.1921, 0.1462, 0.1000],
        [0.1462, 0.1113, 0.0761],
        [0.1000, 0.0761, 0.0520]])
2023-12-01 16:27:48,045 | INFO | hi-lo.kernel-accessor : Fetching kernel: gaussian
2023-12-01 16:27:48,045 | INFO | hi-lo.gaussian-kernel : MU (LOCATION): -1.041652798652649 | SIGMA (SCALE): 2.061034679412842 | VARIANCE: 4.247863949742396
2023-12-01 16:27:48,046 | INFO | hi-lo.gaussian-kernel : BOTTOM-RIGHT
tensor([[0.0339, 0.0616, 0.0886],
        [0.0616, 0.1121, 0.1611],
        [0.0886, 0.1611, 0.2316]])
2023-12-01 16:27:56,818 | INFO | hi-lo : END EPOCH:  15 | ACCURACY: 73.44 | LOSS: 0.8759558796882629
2023-12-01 16:27:56,818 | INFO | hi-lo : BEGIN EPOCH 16 =========================================================================
2023-12-01 16:27:56,819 | INFO | hi-lo.kernel-accessor : Fetching kernel: gaussian
2023-12-01 16:27:56,820 | INFO | hi-lo.gaussian-kernel : MU (LOCATION): 0.005378611385822296 | SIGMA (SCALE): 0.5178605318069458 | VARIANCE: 0.2681795304033727
2023-12-01 16:27:56,820 | INFO | hi-lo.gaussian-kernel : BOTTOM-RIGHT
tensor([[2.6867e-07, 7.0734e-05, 4.4733e-04],
        [7.0734e-05, 1.8623e-02, 1.1777e-01],
        [4.4733e-04, 1.1777e-01, 7.4480e-01]])
2023-12-01 16:27:56,821 | INFO | hi-lo.kernel-accessor : Fetching kernel: gaussian
2023-12-01 16:27:56,821 | INFO | hi-lo.gaussian-kernel : MU (LOCATION): -0.6309235692024231 | SIGMA (SCALE): 1.046935796737671 | VARIANCE: 1.0960745624907418
2023-12-01 16:27:56,821 | INFO | hi-lo.gaussian-kernel : BOTTOM-RIGHT
tensor([[0.0013, 0.0092, 0.0257],
        [0.0092, 0.0641, 0.1799],
        [0.0257, 0.1799, 0.5049]])
2023-12-01 16:27:56,821 | INFO | hi-lo.kernel-accessor : Fetching kernel: gaussian
2023-12-01 16:27:56,822 | INFO | hi-lo.gaussian-kernel : MU (LOCATION): -2.096956491470337 | SIGMA (SCALE): 3.2686617374420166 | VARIANCE: 10.684149553817463
2023-12-01 16:27:56,822 | INFO | hi-lo.gaussian-kernel : BOTTOM-RIGHT
tensor([[0.0571, 0.0799, 0.1019],
        [0.0799, 0.1119, 0.1427],
        [0.1019, 0.1427, 0.1820]])
2023-12-01 16:27:56,822 | INFO | hi-lo.kernel-accessor : Fetching kernel: gaussian
2023-12-01 16:27:56,823 | INFO | hi-lo.gaussian-kernel : MU (LOCATION): -1.3267076015472412 | SIGMA (SCALE): 2.3960483074188232 | VARIANCE: 5.741047491484608
2023-12-01 16:27:56,823 | INFO | hi-lo.gaussian-kernel : BOTTOM-RIGHT
tensor([[0.0419, 0.0686, 0.0942],
        [0.0686, 0.1122, 0.1542],
        [0.0942, 0.1542, 0.2120]])
2023-12-01 16:28:05,360 | INFO | hi-lo : END EPOCH:  16 | ACCURACY: 64.06 | LOSS: 1.1618270874023438
2023-12-01 16:28:05,360 | INFO | hi-lo : BEGIN EPOCH 17 =========================================================================
2023-12-01 16:28:05,360 | INFO | hi-lo.kernel-accessor : Fetching kernel: gaussian
2023-12-01 16:28:05,361 | INFO | hi-lo.gaussian-kernel : MU (LOCATION): -0.09577620029449463 | SIGMA (SCALE): 0.4924873113632202 | VARIANCE: 0.24254375185377341
2023-12-01 16:28:05,361 | INFO | hi-lo.gaussian-kernel : TOP-LEFT
tensor([[8.4810e-01, 7.2721e-02, 1.0099e-04],
        [7.2721e-02, 6.2356e-03, 8.6598e-06],
        [1.0099e-04, 8.6598e-06, 1.2027e-08]])
2023-12-01 16:28:05,361 | INFO | hi-lo.kernel-accessor : Fetching kernel: gaussian
2023-12-01 16:28:05,362 | INFO | hi-lo.gaussian-kernel : MU (LOCATION): -0.6339686512947083 | SIGMA (SCALE): 0.996021568775177 | VARIANCE: 0.9920589654653647
2023-12-01 16:28:05,362 | INFO | hi-lo.gaussian-kernel : BOTTOM-RIGHT
tensor([[0.0007, 0.0064, 0.0202],
        [0.0064, 0.0553, 0.1734],
        [0.0202, 0.1734, 0.5439]])
2023-12-01 16:28:05,362 | INFO | hi-lo.kernel-accessor : Fetching kernel: gaussian
2023-12-01 16:28:05,363 | INFO | hi-lo.gaussian-kernel : MU (LOCATION): -1.898643970489502 | SIGMA (SCALE): 2.9256386756896973 | VARIANCE: 8.559361660691366
2023-12-01 16:28:05,363 | INFO | hi-lo.gaussian-kernel : BOTTOM-RIGHT
tensor([[0.0504, 0.0749, 0.0991],
        [0.0749, 0.1114, 0.1475],
        [0.0991, 0.1475, 0.1952]])
2023-12-01 16:28:05,363 | INFO | hi-lo.kernel-accessor : Fetching kernel: gaussian
2023-12-01 16:28:05,363 | INFO | hi-lo.gaussian-kernel : MU (LOCATION): -0.9832850098609924 | SIGMA (SCALE): 1.901965856552124 | VARIANCE: 3.617474119490055
2023-12-01 16:28:05,364 | INFO | hi-lo.gaussian-kernel : TOP-LEFT
tensor([[0.2506, 0.1663, 0.0837],
        [0.1663, 0.1104, 0.0555],
        [0.0837, 0.0555, 0.0280]])
2023-12-01 16:28:13,898 | INFO | hi-lo : END EPOCH:  17 | ACCURACY: 75.0 | LOSS: 1.006811261177063
2023-12-01 16:28:13,898 | INFO | hi-lo : BEGIN EPOCH 18 =========================================================================
2023-12-01 16:28:13,898 | INFO | hi-lo.kernel-accessor : Fetching kernel: gaussian
2023-12-01 16:28:13,899 | INFO | hi-lo.gaussian-kernel : MU (LOCATION): -0.040394410490989685 | SIGMA (SCALE): 0.49042606353759766 | VARIANCE: 0.24051772379698377
2023-12-01 16:28:13,900 | INFO | hi-lo.gaussian-kernel : BOTTOM-RIGHT
tensor([[2.5012e-08, 1.5121e-05, 1.4300e-04],
        [1.5121e-05, 9.1415e-03, 8.6454e-02],
        [1.4300e-04, 8.6454e-02, 8.1763e-01]])
2023-12-01 16:28:13,900 | INFO | hi-lo.kernel-accessor : Fetching kernel: gaussian
2023-12-01 16:28:13,900 | INFO | hi-lo.gaussian-kernel : MU (LOCATION): -0.5908975601196289 | SIGMA (SCALE): 0.9838083386421204 | VARIANCE: 0.967878847181769
2023-12-01 16:28:13,901 | INFO | hi-lo.gaussian-kernel : TOP-LEFT
tensor([[0.5396, 0.1748, 0.0202],
        [0.1748, 0.0566, 0.0065],
        [0.0202, 0.0065, 0.0008]])
2023-12-01 16:28:13,901 | INFO | hi-lo.kernel-accessor : Fetching kernel: gaussian
2023-12-01 16:28:13,901 | INFO | hi-lo.gaussian-kernel : MU (LOCATION): -2.104093074798584 | SIGMA (SCALE): 3.255448341369629 | VARIANCE: 10.597943903326268
2023-12-01 16:28:13,902 | INFO | hi-lo.gaussian-kernel : TOP-LEFT
tensor([[0.1828, 0.1430, 0.1018],
        [0.1430, 0.1118, 0.0796],
        [0.1018, 0.0796, 0.0566]])
2023-12-01 16:28:13,902 | INFO | hi-lo.kernel-accessor : Fetching kernel: gaussian
2023-12-01 16:28:13,903 | INFO | hi-lo.gaussian-kernel : MU (LOCATION): -1.2318655252456665 | SIGMA (SCALE): 2.2385971546173096 | VARIANCE: 5.011317220660715
2023-12-01 16:28:13,903 | INFO | hi-lo.gaussian-kernel : BOTTOM-RIGHT
tensor([[0.0375, 0.0647, 0.0915],
        [0.0647, 0.1117, 0.1578],
        [0.0915, 0.1578, 0.2229]])
2023-12-01 16:28:22,422 | INFO | hi-lo : END EPOCH:  18 | ACCURACY: 71.88 | LOSS: 0.8700050115585327
2023-12-01 16:28:22,422 | INFO | hi-lo : BEGIN EPOCH 19 =========================================================================
2023-12-01 16:28:22,423 | INFO | hi-lo.kernel-accessor : Fetching kernel: gaussian
2023-12-01 16:28:22,423 | INFO | hi-lo.gaussian-kernel : MU (LOCATION): -0.016986586153507233 | SIGMA (SCALE): 0.49435362219810486 | VARIANCE: 0.2443855037803866
2023-12-01 16:28:22,424 | INFO | hi-lo.gaussian-kernel : TOP-LEFT
tensor([[7.9603e-01, 9.5984e-02, 1.9337e-04],
        [9.5984e-02, 1.1574e-02, 2.3316e-05],
        [1.9337e-04, 2.3316e-05, 4.6971e-08]])
2023-12-01 16:28:22,424 | INFO | hi-lo.kernel-accessor : Fetching kernel: gaussian
2023-12-01 16:28:22,425 | INFO | hi-lo.gaussian-kernel : MU (LOCATION): -0.5987755060195923 | SIGMA (SCALE): 1.0228976011276245 | VARIANCE: 1.0463195023926488
2023-12-01 16:28:22,425 | INFO | hi-lo.gaussian-kernel : BOTTOM-RIGHT
tensor([[0.0011, 0.0084, 0.0241],
        [0.0084, 0.0627, 0.1793],
        [0.0241, 0.1793, 0.5124]])
2023-12-01 16:28:22,425 | INFO | hi-lo.kernel-accessor : Fetching kernel: gaussian
2023-12-01 16:28:22,426 | INFO | hi-lo.gaussian-kernel : MU (LOCATION): -2.221761703491211 | SIGMA (SCALE): 3.3212156295776367 | VARIANCE: 11.030473258150778
2023-12-01 16:28:22,426 | INFO | hi-lo.gaussian-kernel : TOP-LEFT
tensor([[0.1828, 0.1428, 0.1019],
        [0.1428, 0.1116, 0.0796],
        [0.1019, 0.0796, 0.0568]])
2023-12-01 16:28:22,426 | INFO | hi-lo.kernel-accessor : Fetching kernel: gaussian
2023-12-01 16:28:22,427 | INFO | hi-lo.gaussian-kernel : MU (LOCATION): -1.0838429927825928 | SIGMA (SCALE): 2.1959967613220215 | VARIANCE: 4.822401775736807
2023-12-01 16:28:22,427 | INFO | hi-lo.gaussian-kernel : TOP-LEFT
tensor([[0.2181, 0.1570, 0.0919],
        [0.1570, 0.1131, 0.0662],
        [0.0919, 0.0662, 0.0387]])
2023-12-01 16:28:30,977 | INFO | hi-lo : END EPOCH:  19 | ACCURACY: 65.62 | LOSS: 0.9752342700958252
2023-12-01 16:28:30,977 | INFO | hi-lo : BEGIN EPOCH 20 =========================================================================
2023-12-01 16:28:30,977 | INFO | hi-lo.kernel-accessor : Fetching kernel: gaussian
2023-12-01 16:28:30,978 | INFO | hi-lo.gaussian-kernel : MU (LOCATION): -0.05213150382041931 | SIGMA (SCALE): 0.4715626835823059 | VARIANCE: 0.22237136454734596
2023-12-01 16:28:30,979 | INFO | hi-lo.gaussian-kernel : BOTTOM-RIGHT
tensor([[5.1401e-09, 5.5247e-06, 6.6165e-05],
        [5.5247e-06, 5.9380e-03, 7.1115e-02],
        [6.6165e-05, 7.1115e-02, 8.5169e-01]])
2023-12-01 16:28:30,979 | INFO | hi-lo.kernel-accessor : Fetching kernel: gaussian
2023-12-01 16:28:30,979 | INFO | hi-lo.gaussian-kernel : MU (LOCATION): -0.6340845227241516 | SIGMA (SCALE): 1.0082603693008423 | VARIANCE: 1.0165889723026709
2023-12-01 16:28:30,980 | INFO | hi-lo.gaussian-kernel : BOTTOM-RIGHT
tensor([[0.0009, 0.0070, 0.0215],
        [0.0070, 0.0574, 0.1751],
        [0.0215, 0.1751, 0.5344]])
2023-12-01 16:28:30,980 | INFO | hi-lo.kernel-accessor : Fetching kernel: gaussian
2023-12-01 16:28:30,980 | INFO | hi-lo.gaussian-kernel : MU (LOCATION): -2.028127908706665 | SIGMA (SCALE): 3.282801866531372 | VARIANCE: 10.77678809490186
2023-12-01 16:28:30,981 | INFO | hi-lo.gaussian-kernel : TOP-LEFT
tensor([[0.1794, 0.1419, 0.1023],
        [0.1419, 0.1122, 0.0809],
        [0.1023, 0.0809, 0.0583]])
