2023-11-30 00:21:31,304 | INFO | hi-lo : 
+==============================================================+
|                                                              |
| ██████╗  █████╗ ██████╗ ██╗         ██╗      █████╗ ██████╗  |
| ██╔══██╗██╔══██╗██╔══██╗██║         ██║     ██╔══██╗██╔══██╗ |
| ██║  ██║███████║██║  ██║██║         ██║     ███████║██████╔╝ |
| ██║  ██║██╔══██║██║  ██║██║         ██║     ██╔══██║██╔══██╗ |
| ██████╔╝██║  ██║██████╔╝███████╗    ███████╗██║  ██║██████╔╝ |
| ╚═════╝ ╚═╝  ╚═╝╚═════╝ ╚══════╝    ╚══════╝╚═╝  ╚═╝╚═════╝  |
|                                                              |
+==============================================================+
|             Hi-Lo Resolution Image Classification            |
|             -------------------------------------            |
|                       Gabriel C. Trahan                      |
|                          Sahan Ahmad                         |
|                       MD  Aminual Islam                      |
+==============================================================+
| MODEL:                 normal | LR:                      0.1 |
| DISTRO:              gaussian | KERNEL TYPE:               1 |
| DATASET:              cifar10 | BATCH SIZE:               64 |
+=========================================================================+
2023-11-30 00:21:31,304 | INFO | hi-lo : Output directory: output/normal/gaussian/1/cifar10/20231130_002131
2023-11-30 00:21:31,304 | INFO | hi-lo.dataset-accessor : Fetching dataset: cifar10
2023-11-30 00:21:31,304 | INFO | hi-lo.cifar10-dataset : Initializing transform.
2023-11-30 00:21:31,305 | INFO | hi-lo.cifar10-dataset : Verifying/downloading train data.
2023-11-30 00:21:31,908 | INFO | hi-lo.cifar10-dataset : Verifying/downloading test data.
2023-11-30 00:21:32,389 | INFO | hi-lo.cifar10-dataset : Creating train data loader.
2023-11-30 00:21:32,389 | INFO | hi-lo.cifar10-dataset : Creating test data loader.
2023-11-30 00:21:33,379 | INFO | hi-lo : Using device: NVIDIA GeForce GTX 1060 6GB
2023-11-30 00:21:33,379 | INFO | hi-lo : Commencing training phase...
2023-11-30 00:21:33,379 | INFO | hi-lo : BEGIN EPOCH 1 =========================================================================
2023-11-30 00:21:33,379 | INFO | hi-lo.kernel-accessor : Fetching kernel: gaussian
2023-11-30 00:21:33,384 | INFO | hi-lo.gaussian-kernel : MU (LOCATION): 0.0 | SIGMA (SCALE): 1.0 | VARIANCE: 1.0
2023-11-30 00:21:33,385 | INFO | hi-lo.gaussian-kernel : TOP-LEFT
tensor([[0.3296, 0.1999, 0.0446],
        [0.1999, 0.1212, 0.0271],
        [0.0446, 0.0271, 0.0060]])
2023-11-30 00:21:33,385 | INFO | hi-lo.kernel-accessor : Fetching kernel: gaussian
2023-11-30 00:21:33,385 | INFO | hi-lo.gaussian-kernel : MU (LOCATION): 0.0 | SIGMA (SCALE): 1.0 | VARIANCE: 1.0
2023-11-30 00:21:33,385 | INFO | hi-lo.gaussian-kernel : BOTTOM-RIGHT
tensor([[0.0060, 0.0271, 0.0446],
        [0.0271, 0.1212, 0.1999],
        [0.0446, 0.1999, 0.3296]])
2023-11-30 00:21:33,385 | INFO | hi-lo.kernel-accessor : Fetching kernel: gaussian
2023-11-30 00:21:33,386 | INFO | hi-lo.gaussian-kernel : MU (LOCATION): 0.0 | SIGMA (SCALE): 1.0 | VARIANCE: 1.0
2023-11-30 00:21:33,386 | INFO | hi-lo.gaussian-kernel : BOTTOM-RIGHT
tensor([[0.0060, 0.0271, 0.0446],
        [0.0271, 0.1212, 0.1999],
        [0.0446, 0.1999, 0.3296]])
2023-11-30 00:21:33,386 | INFO | hi-lo.kernel-accessor : Fetching kernel: gaussian
2023-11-30 00:21:33,386 | INFO | hi-lo.gaussian-kernel : MU (LOCATION): 0.0 | SIGMA (SCALE): 1.0 | VARIANCE: 1.0
2023-11-30 00:21:33,386 | INFO | hi-lo.gaussian-kernel : BOTTOM-RIGHT
tensor([[0.0060, 0.0271, 0.0446],
        [0.0271, 0.1212, 0.1999],
        [0.0446, 0.1999, 0.3296]])
2023-11-30 00:21:42,527 | INFO | hi-lo : END EPOCH:   1 | ACCURACY: 40.62 | LOSS: 1.5401866436004639
2023-11-30 00:21:42,527 | INFO | hi-lo : BEGIN EPOCH 2 =========================================================================
2023-11-30 00:21:42,527 | INFO | hi-lo.kernel-accessor : Fetching kernel: gaussian
2023-11-30 00:21:42,528 | INFO | hi-lo.gaussian-kernel : MU (LOCATION): 0.14060203731060028 | SIGMA (SCALE): 0.5491978526115417 | VARIANCE: 0.30161828131312873
2023-11-30 00:21:42,528 | INFO | hi-lo.gaussian-kernel : TOP-LEFT
tensor([[5.8531e-01, 1.7778e-01, 1.9612e-03],
        [1.7778e-01, 5.4001e-02, 5.9571e-04],
        [1.9612e-03, 5.9571e-04, 6.5714e-06]])
2023-11-30 00:21:42,529 | INFO | hi-lo.kernel-accessor : Fetching kernel: gaussian
2023-11-30 00:21:42,529 | INFO | hi-lo.gaussian-kernel : MU (LOCATION): -0.38414305448532104 | SIGMA (SCALE): 0.8119471669197083 | VARIANCE: 0.6592582018689406
2023-11-30 00:21:42,530 | INFO | hi-lo.gaussian-kernel : BOTTOM-RIGHT
tensor([[1.3824e-04, 2.4090e-03, 9.2103e-03],
        [2.4090e-03, 4.1979e-02, 1.6050e-01],
        [9.2103e-03, 1.6050e-01, 6.1364e-01]])
2023-11-30 00:21:42,530 | INFO | hi-lo.kernel-accessor : Fetching kernel: gaussian
2023-11-30 00:21:42,530 | INFO | hi-lo.gaussian-kernel : MU (LOCATION): -0.6684808731079102 | SIGMA (SCALE): 1.188353180885315 | VARIANCE: 1.412183282520246
2023-11-30 00:21:42,531 | INFO | hi-lo.gaussian-kernel : TOP-LEFT
tensor([[0.4265, 0.1864, 0.0401],
        [0.1864, 0.0815, 0.0176],
        [0.0401, 0.0176, 0.0038]])
2023-11-30 00:21:42,531 | INFO | hi-lo.kernel-accessor : Fetching kernel: gaussian
2023-11-30 00:21:42,531 | INFO | hi-lo.gaussian-kernel : MU (LOCATION): -0.5442084074020386 | SIGMA (SCALE): 0.8904523253440857 | VARIANCE: 0.7929053437106894
2023-11-30 00:21:42,532 | INFO | hi-lo.gaussian-kernel : BOTTOM-RIGHT
tensor([[2.4932e-04, 3.2842e-03, 1.2256e-02],
        [3.2842e-03, 4.3260e-02, 1.6145e-01],
        [1.2256e-02, 1.6145e-01, 6.0252e-01]])
2023-11-30 00:21:50,937 | INFO | hi-lo : END EPOCH:   2 | ACCURACY: 52.03 | LOSS: 1.518170952796936
2023-11-30 00:21:50,937 | INFO | hi-lo : BEGIN EPOCH 3 =========================================================================
2023-11-30 00:21:50,937 | INFO | hi-lo.kernel-accessor : Fetching kernel: gaussian
2023-11-30 00:21:50,938 | INFO | hi-lo.gaussian-kernel : MU (LOCATION): -0.007392016239464283 | SIGMA (SCALE): 0.44597557187080383 | VARIANCE: 0.19889421070549052
2023-11-30 00:21:50,938 | INFO | hi-lo.gaussian-kernel : BOTTOM-RIGHT
tensor([[1.3677e-09, 2.6758e-06, 3.4305e-05],
        [2.6758e-06, 5.2349e-03, 6.7115e-02],
        [3.4305e-05, 6.7115e-02, 8.6046e-01]])
2023-11-30 00:21:50,939 | INFO | hi-lo.kernel-accessor : Fetching kernel: gaussian
2023-11-30 00:21:50,939 | INFO | hi-lo.gaussian-kernel : MU (LOCATION): -0.45048823952674866 | SIGMA (SCALE): 0.7983785271644592 | VARIANCE: 0.6374082726372912
2023-11-30 00:21:50,940 | INFO | hi-lo.gaussian-kernel : BOTTOM-RIGHT
tensor([[7.2958e-05, 1.5561e-03, 6.9125e-03],
        [1.5561e-03, 3.3188e-02, 1.4743e-01],
        [6.9125e-03, 1.4743e-01, 6.5494e-01]])
2023-11-30 00:21:50,940 | INFO | hi-lo.kernel-accessor : Fetching kernel: gaussian
2023-11-30 00:21:50,940 | INFO | hi-lo.gaussian-kernel : MU (LOCATION): -1.3031344413757324 | SIGMA (SCALE): 1.831925630569458 | VARIANCE: 3.3559515159373063
2023-11-30 00:21:50,941 | INFO | hi-lo.gaussian-kernel : BOTTOM-RIGHT
tensor([[0.0190, 0.0438, 0.0750],
        [0.0438, 0.1011, 0.1730],
        [0.0750, 0.1730, 0.2961]])
2023-11-30 00:21:50,941 | INFO | hi-lo.kernel-accessor : Fetching kernel: gaussian
2023-11-30 00:21:50,941 | INFO | hi-lo.gaussian-kernel : MU (LOCATION): -0.6855846643447876 | SIGMA (SCALE): 1.2262177467346191 | VARIANCE: 1.5036099624069266
2023-11-30 00:21:50,942 | INFO | hi-lo.gaussian-kernel : TOP-LEFT
tensor([[0.4105, 0.1866, 0.0436],
        [0.1866, 0.0848, 0.0198],
        [0.0436, 0.0198, 0.0046]])
2023-11-30 00:21:59,328 | INFO | hi-lo : END EPOCH:   3 | ACCURACY: 50.0 | LOSS: 1.3989306688308716
2023-11-30 00:21:59,328 | INFO | hi-lo : BEGIN EPOCH 4 =========================================================================
2023-11-30 00:21:59,329 | INFO | hi-lo.kernel-accessor : Fetching kernel: gaussian
2023-11-30 00:21:59,329 | INFO | hi-lo.gaussian-kernel : MU (LOCATION): 0.0007233421201817691 | SIGMA (SCALE): 0.5601857304573059 | VARIANCE: 0.3138080526079854
2023-11-30 00:21:59,330 | INFO | hi-lo.gaussian-kernel : TOP-LEFT
tensor([[6.8820e-01, 1.4020e-01, 1.1798e-03],
        [1.4020e-01, 2.8561e-02, 2.4035e-04],
        [1.1798e-03, 2.4035e-04, 2.0227e-06]])
2023-11-30 00:21:59,330 | INFO | hi-lo.kernel-accessor : Fetching kernel: gaussian
2023-11-30 00:21:59,331 | INFO | hi-lo.gaussian-kernel : MU (LOCATION): -0.5430240631103516 | SIGMA (SCALE): 0.9328792691230774 | VARIANCE: 0.8702637307596071
2023-11-30 00:21:59,331 | INFO | hi-lo.gaussian-kernel : TOP-LEFT
tensor([[5.6492e-01, 1.7040e-01, 1.6290e-02],
        [1.7040e-01, 5.1401e-02, 4.9138e-03],
        [1.6290e-02, 4.9138e-03, 4.6976e-04]])
2023-11-30 00:21:59,331 | INFO | hi-lo.kernel-accessor : Fetching kernel: gaussian
2023-11-30 00:21:59,332 | INFO | hi-lo.gaussian-kernel : MU (LOCATION): -1.4739720821380615 | SIGMA (SCALE): 2.3776752948760986 | VARIANCE: 5.653339807864143
2023-11-30 00:21:59,332 | INFO | hi-lo.gaussian-kernel : TOP-LEFT
tensor([[0.2221, 0.1566, 0.0926],
        [0.1566, 0.1105, 0.0653],
        [0.0926, 0.0653, 0.0386]])
2023-11-30 00:21:59,332 | INFO | hi-lo.kernel-accessor : Fetching kernel: gaussian
2023-11-30 00:21:59,333 | INFO | hi-lo.gaussian-kernel : MU (LOCATION): -1.2062883377075195 | SIGMA (SCALE): 1.7703546285629272 | VARIANCE: 3.13415551087418
2023-11-30 00:21:59,333 | INFO | hi-lo.gaussian-kernel : BOTTOM-RIGHT
tensor([[0.0180, 0.0426, 0.0735],
        [0.0426, 0.1011, 0.1742],
        [0.0735, 0.1742, 0.3003]])
2023-11-30 00:22:07,674 | INFO | hi-lo : END EPOCH:   4 | ACCURACY: 56.77 | LOSS: 1.3987181186676025
2023-11-30 00:22:07,674 | INFO | hi-lo : BEGIN EPOCH 5 =========================================================================
2023-11-30 00:22:07,675 | INFO | hi-lo.kernel-accessor : Fetching kernel: gaussian
2023-11-30 00:22:07,675 | INFO | hi-lo.gaussian-kernel : MU (LOCATION): -0.03883637487888336 | SIGMA (SCALE): 0.49938303232192993 | VARIANCE: 0.24938341297104571
2023-11-30 00:22:07,676 | INFO | hi-lo.gaussian-kernel : BOTTOM-RIGHT
tensor([[4.6628e-08, 2.2309e-05, 1.9358e-04],
        [2.2309e-05, 1.0674e-02, 9.2619e-02],
        [1.9358e-04, 9.2619e-02, 8.0366e-01]])
2023-11-30 00:22:07,676 | INFO | hi-lo.kernel-accessor : Fetching kernel: gaussian
2023-11-30 00:22:07,676 | INFO | hi-lo.gaussian-kernel : MU (LOCATION): -0.49510568380355835 | SIGMA (SCALE): 0.9803010821342468 | VARIANCE: 0.9609902116335753
2023-11-30 00:22:07,677 | INFO | hi-lo.gaussian-kernel : BOTTOM-RIGHT
tensor([[0.0010, 0.0081, 0.0227],
        [0.0081, 0.0644, 0.1813],
        [0.0227, 0.1813, 0.5105]])
2023-11-30 00:22:07,677 | INFO | hi-lo.kernel-accessor : Fetching kernel: gaussian
2023-11-30 00:22:07,677 | INFO | hi-lo.gaussian-kernel : MU (LOCATION): -1.8789703845977783 | SIGMA (SCALE): 3.04992938041687 | VARIANCE: 9.302069225530033
2023-11-30 00:22:07,677 | INFO | hi-lo.gaussian-kernel : BOTTOM-RIGHT
tensor([[0.0542, 0.0780, 0.1007],
        [0.0780, 0.1121, 0.1448],
        [0.1007, 0.1448, 0.1869]])
2023-11-30 00:22:07,678 | INFO | hi-lo.kernel-accessor : Fetching kernel: gaussian
2023-11-30 00:22:07,678 | INFO | hi-lo.gaussian-kernel : MU (LOCATION): -1.2152209281921387 | SIGMA (SCALE): 1.8298403024673462 | VARIANCE: 3.348315532533789
2023-11-30 00:22:07,678 | INFO | hi-lo.gaussian-kernel : BOTTOM-RIGHT
tensor([[0.0204, 0.0458, 0.0765],
        [0.0458, 0.1032, 0.1722],
        [0.0765, 0.1722, 0.2874]])
2023-11-30 00:22:16,125 | INFO | hi-lo : END EPOCH:   5 | ACCURACY: 58.0 | LOSS: 1.2206668853759766
2023-11-30 00:22:16,125 | INFO | hi-lo : BEGIN EPOCH 6 =========================================================================
2023-11-30 00:22:16,126 | INFO | hi-lo.kernel-accessor : Fetching kernel: gaussian
2023-11-30 00:22:16,126 | INFO | hi-lo.gaussian-kernel : MU (LOCATION): -0.08708271384239197 | SIGMA (SCALE): 0.5089353919029236 | VARIANCE: 0.2590152331313824
2023-11-30 00:22:16,127 | INFO | hi-lo.gaussian-kernel : TOP-LEFT
tensor([[8.2063e-01, 8.5070e-02, 1.8565e-04],
        [8.5070e-02, 8.8188e-03, 1.9245e-05],
        [1.8565e-04, 1.9245e-05, 4.1999e-08]])
2023-11-30 00:22:16,127 | INFO | hi-lo.kernel-accessor : Fetching kernel: gaussian
2023-11-30 00:22:16,128 | INFO | hi-lo.gaussian-kernel : MU (LOCATION): -0.5425961017608643 | SIGMA (SCALE): 0.9994223713874817 | VARIANCE: 0.9988450764297774
2023-11-30 00:22:16,128 | INFO | hi-lo.gaussian-kernel : BOTTOM-RIGHT
tensor([[0.0011, 0.0082, 0.0233],
        [0.0082, 0.0635, 0.1802],
        [0.0233, 0.1802, 0.5119]])
2023-11-30 00:22:16,128 | INFO | hi-lo.kernel-accessor : Fetching kernel: gaussian
2023-11-30 00:22:16,129 | INFO | hi-lo.gaussian-kernel : MU (LOCATION): -2.02034330368042 | SIGMA (SCALE): 3.5293595790863037 | VARIANCE: 12.456379038488251
2023-11-30 00:22:16,129 | INFO | hi-lo.gaussian-kernel : BOTTOM-RIGHT
tensor([[0.0641, 0.0850, 0.1041],
        [0.0850, 0.1128, 0.1380],
        [0.1041, 0.1380, 0.1690]])
2023-11-30 00:22:16,129 | INFO | hi-lo.kernel-accessor : Fetching kernel: gaussian
2023-11-30 00:22:16,130 | INFO | hi-lo.gaussian-kernel : MU (LOCATION): -1.1363489627838135 | SIGMA (SCALE): 2.0484578609466553 | VARIANCE: 4.1961796080741465
2023-11-30 00:22:16,130 | INFO | hi-lo.gaussian-kernel : BOTTOM-RIGHT
tensor([[0.0314, 0.0589, 0.0869],
        [0.0589, 0.1103, 0.1630],
        [0.0869, 0.1630, 0.2407]])
2023-11-30 00:22:24,519 | INFO | hi-lo : END EPOCH:   6 | ACCURACY: 60.62 | LOSS: 1.2992018461227417
2023-11-30 00:22:24,519 | INFO | hi-lo : BEGIN EPOCH 7 =========================================================================
2023-11-30 00:22:24,519 | INFO | hi-lo.kernel-accessor : Fetching kernel: gaussian
2023-11-30 00:22:24,520 | INFO | hi-lo.gaussian-kernel : MU (LOCATION): -0.08972486108541489 | SIGMA (SCALE): 0.4874843657016754 | VARIANCE: 0.2376410068035648
2023-11-30 00:22:24,521 | INFO | hi-lo.gaussian-kernel : TOP-LEFT
tensor([[8.5147e-01, 7.1192e-02, 8.8547e-05],
        [7.1192e-02, 5.9525e-03, 7.4035e-06],
        [8.8547e-05, 7.4035e-06, 9.2083e-09]])
2023-11-30 00:22:24,521 | INFO | hi-lo.kernel-accessor : Fetching kernel: gaussian
2023-11-30 00:22:24,521 | INFO | hi-lo.gaussian-kernel : MU (LOCATION): -0.5386362075805664 | SIGMA (SCALE): 0.9388325810432434 | VARIANCE: 0.8814066152283182
2023-11-30 00:22:24,522 | INFO | hi-lo.gaussian-kernel : BOTTOM-RIGHT
tensor([[5.1810e-04, 5.2349e-03, 1.7009e-02],
        [5.2349e-03, 5.2894e-02, 1.7186e-01],
        [1.7009e-02, 1.7186e-01, 5.5839e-01]])
2023-11-30 00:22:24,522 | INFO | hi-lo.kernel-accessor : Fetching kernel: gaussian
2023-11-30 00:22:24,522 | INFO | hi-lo.gaussian-kernel : MU (LOCATION): -1.8745551109313965 | SIGMA (SCALE): 3.130845308303833 | VARIANCE: 9.802192344528123
2023-11-30 00:22:24,523 | INFO | hi-lo.gaussian-kernel : BOTTOM-RIGHT
tensor([[0.0565, 0.0797, 0.1015],
        [0.0797, 0.1124, 0.1432],
        [0.1015, 0.1432, 0.1825]])
2023-11-30 00:22:24,523 | INFO | hi-lo.kernel-accessor : Fetching kernel: gaussian
2023-11-30 00:22:24,523 | INFO | hi-lo.gaussian-kernel : MU (LOCATION): -1.0351784229278564 | SIGMA (SCALE): 1.7790013551712036 | VARIANCE: 3.164845821700979
2023-11-30 00:22:24,524 | INFO | hi-lo.gaussian-kernel : BOTTOM-RIGHT
tensor([[0.0213, 0.0475, 0.0772],
        [0.0475, 0.1059, 0.1720],
        [0.0772, 0.1720, 0.2794]])
2023-11-30 00:22:32,925 | INFO | hi-lo : END EPOCH:   7 | ACCURACY: 63.44 | LOSS: 1.396697759628296
2023-11-30 00:22:32,925 | INFO | hi-lo : BEGIN EPOCH 8 =========================================================================
2023-11-30 00:22:32,925 | INFO | hi-lo.kernel-accessor : Fetching kernel: gaussian
2023-11-30 00:22:32,926 | INFO | hi-lo.gaussian-kernel : MU (LOCATION): -0.12733416259288788 | SIGMA (SCALE): 0.4586794972419739 | VARIANCE: 0.21038688119014992
2023-11-30 00:22:32,927 | INFO | hi-lo.gaussian-kernel : TOP-LEFT
tensor([[9.0578e-01, 4.5924e-02, 2.0081e-05],
        [4.5924e-02, 2.3284e-03, 1.0181e-06],
        [2.0081e-05, 1.0181e-06, 4.4520e-10]])
2023-11-30 00:22:32,927 | INFO | hi-lo.kernel-accessor : Fetching kernel: gaussian
2023-11-30 00:22:32,927 | INFO | hi-lo.gaussian-kernel : MU (LOCATION): -0.6727290153503418 | SIGMA (SCALE): 0.989883303642273 | VARIANCE: 0.9798689548297403
2023-11-30 00:22:32,928 | INFO | hi-lo.gaussian-kernel : TOP-LEFT
tensor([[0.5610, 0.1695, 0.0185],
        [0.1695, 0.0512, 0.0056],
        [0.0185, 0.0056, 0.0006]])
2023-11-30 00:22:32,928 | INFO | hi-lo.kernel-accessor : Fetching kernel: gaussian
2023-11-30 00:22:32,928 | INFO | hi-lo.gaussian-kernel : MU (LOCATION): -2.059757709503174 | SIGMA (SCALE): 3.0332281589508057 | VARIANCE: 9.200473064252094
2023-11-30 00:22:32,929 | INFO | hi-lo.gaussian-kernel : BOTTOM-RIGHT
tensor([[0.0513, 0.0755, 0.0997],
        [0.0755, 0.1111, 0.1468],
        [0.0997, 0.1468, 0.1938]])
2023-11-30 00:22:32,929 | INFO | hi-lo.kernel-accessor : Fetching kernel: gaussian
2023-11-30 00:22:32,929 | INFO | hi-lo.gaussian-kernel : MU (LOCATION): -0.8292914032936096 | SIGMA (SCALE): 1.7209056615829468 | VARIANCE: 2.9615162960682397
2023-11-30 00:22:32,930 | INFO | hi-lo.gaussian-kernel : BOTTOM-RIGHT
tensor([[0.0227, 0.0499, 0.0781],
        [0.0499, 0.1095, 0.1715],
        [0.0781, 0.1715, 0.2687]])
2023-11-30 00:22:41,329 | INFO | hi-lo : END EPOCH:   8 | ACCURACY: 65.62 | LOSS: 1.006287932395935
2023-11-30 00:22:41,329 | INFO | hi-lo : BEGIN EPOCH 9 =========================================================================
2023-11-30 00:22:41,330 | INFO | hi-lo.kernel-accessor : Fetching kernel: gaussian
2023-11-30 00:22:41,330 | INFO | hi-lo.gaussian-kernel : MU (LOCATION): -0.033877283334732056 | SIGMA (SCALE): 0.4586122930049896 | VARIANCE: 0.21032523529529445
2023-11-30 00:22:41,331 | INFO | hi-lo.gaussian-kernel : TOP-LEFT
tensor([[8.5885e-01, 6.7847e-02, 4.6160e-05],
        [6.7847e-02, 5.3597e-03, 3.6465e-06],
        [4.6160e-05, 3.6465e-06, 2.4810e-09]])
2023-11-30 00:22:41,331 | INFO | hi-lo.kernel-accessor : Fetching kernel: gaussian
2023-11-30 00:22:41,331 | INFO | hi-lo.gaussian-kernel : MU (LOCATION): -0.5645511150360107 | SIGMA (SCALE): 0.8732413053512573 | VARIANCE: 0.7625503773715678
2023-11-30 00:22:41,331 | INFO | hi-lo.gaussian-kernel : BOTTOM-RIGHT
tensor([[1.7069e-04, 2.5588e-03, 1.0335e-02],
        [2.5588e-03, 3.8358e-02, 1.5494e-01],
        [1.0335e-02, 1.5494e-01, 6.2581e-01]])
2023-11-30 00:22:41,331 | INFO | hi-lo.kernel-accessor : Fetching kernel: gaussian
2023-11-30 00:22:41,332 | INFO | hi-lo.gaussian-kernel : MU (LOCATION): -1.610271692276001 | SIGMA (SCALE): 2.886127233505249 | VARIANCE: 8.329730407980662
2023-11-30 00:22:41,332 | INFO | hi-lo.gaussian-kernel : TOP-LEFT
tensor([[0.1873, 0.1454, 0.1001],
        [0.1454, 0.1129, 0.0777],
        [0.1001, 0.0777, 0.0535]])
2023-11-30 00:22:41,332 | INFO | hi-lo.kernel-accessor : Fetching kernel: gaussian
2023-11-30 00:22:41,332 | INFO | hi-lo.gaussian-kernel : MU (LOCATION): -1.1811752319335938 | SIGMA (SCALE): 2.094719171524048 | VARIANCE: 4.387848407550393
2023-11-30 00:22:41,332 | INFO | hi-lo.gaussian-kernel : BOTTOM-RIGHT
tensor([[0.0325, 0.0599, 0.0879],
        [0.0599, 0.1104, 0.1619],
        [0.0879, 0.1619, 0.2376]])
2023-11-30 00:22:49,911 | INFO | hi-lo : END EPOCH:   9 | ACCURACY: 64.06 | LOSS: 0.9207639694213867
2023-11-30 00:22:49,911 | INFO | hi-lo : BEGIN EPOCH 10 =========================================================================
2023-11-30 00:22:49,911 | INFO | hi-lo.kernel-accessor : Fetching kernel: gaussian
2023-11-30 00:22:49,912 | INFO | hi-lo.gaussian-kernel : MU (LOCATION): -0.08702941983938217 | SIGMA (SCALE): 0.4824519455432892 | VARIANCE: 0.23275987975850487
2023-11-30 00:22:49,912 | INFO | hi-lo.gaussian-kernel : BOTTOM-RIGHT
tensor([[6.6057e-09, 6.0405e-06, 7.5228e-05],
        [6.0405e-06, 5.5237e-03, 6.8792e-02],
        [7.5228e-05, 6.8792e-02, 8.5673e-01]])
2023-11-30 00:22:49,913 | INFO | hi-lo.kernel-accessor : Fetching kernel: gaussian
2023-11-30 00:22:49,913 | INFO | hi-lo.gaussian-kernel : MU (LOCATION): -0.6095656156539917 | SIGMA (SCALE): 0.9251572489738464 | VARIANCE: 0.8559159353288557
2023-11-30 00:22:49,913 | INFO | hi-lo.gaussian-kernel : TOP-LEFT
tensor([[5.9465e-01, 1.6265e-01, 1.3831e-02],
        [1.6265e-01, 4.4491e-02, 3.7833e-03],
        [1.3831e-02, 3.7833e-03, 3.2171e-04]])
2023-11-30 00:22:49,914 | INFO | hi-lo.kernel-accessor : Fetching kernel: gaussian
2023-11-30 00:22:49,914 | INFO | hi-lo.gaussian-kernel : MU (LOCATION): -2.08274245262146 | SIGMA (SCALE): 3.303563117980957 | VARIANCE: 10.913529274484063
2023-11-30 00:22:49,914 | INFO | hi-lo.gaussian-kernel : TOP-LEFT
tensor([[0.1799, 0.1420, 0.1023],
        [0.1420, 0.1121, 0.0807],
        [0.1023, 0.0807, 0.0581]])
2023-11-30 00:22:49,915 | INFO | hi-lo.kernel-accessor : Fetching kernel: gaussian
2023-11-30 00:22:49,915 | INFO | hi-lo.gaussian-kernel : MU (LOCATION): -1.097904920578003 | SIGMA (SCALE): 2.291097640991211 | VARIANCE: 5.249128400555492
2023-11-30 00:22:49,915 | INFO | hi-lo.gaussian-kernel : TOP-LEFT
tensor([[0.2090, 0.1542, 0.0940],
        [0.1542, 0.1137, 0.0693],
        [0.0940, 0.0693, 0.0423]])
2023-11-30 00:22:58,299 | INFO | hi-lo : END EPOCH:  10 | ACCURACY: 64.69 | LOSS: 1.0320780277252197
2023-11-30 00:22:58,299 | INFO | hi-lo : BEGIN EPOCH 11 =========================================================================
2023-11-30 00:22:58,299 | INFO | hi-lo.kernel-accessor : Fetching kernel: gaussian
2023-11-30 00:22:58,300 | INFO | hi-lo.gaussian-kernel : MU (LOCATION): -0.001914968597702682 | SIGMA (SCALE): 0.5002026557922363 | VARIANCE: 0.25020269686160646
2023-11-30 00:22:58,300 | INFO | hi-lo.gaussian-kernel : BOTTOM-RIGHT
tensor([[8.5850e-08, 3.4731e-05, 2.5818e-04],
        [3.4731e-05, 1.4051e-02, 1.0445e-01],
        [2.5818e-04, 1.0445e-01, 7.7646e-01]])
2023-11-30 00:22:58,301 | INFO | hi-lo.kernel-accessor : Fetching kernel: gaussian
2023-11-30 00:22:58,301 | INFO | hi-lo.gaussian-kernel : MU (LOCATION): -0.5247977375984192 | SIGMA (SCALE): 1.0357028245925903 | VARIANCE: 1.07268034086907
2023-11-30 00:22:58,302 | INFO | hi-lo.gaussian-kernel : TOP-LEFT
tensor([[0.4803, 0.1848, 0.0280],
        [0.1848, 0.0711, 0.0108],
        [0.0280, 0.0108, 0.0016]])
2023-11-30 00:22:58,302 | INFO | hi-lo.kernel-accessor : Fetching kernel: gaussian
2023-11-30 00:22:58,302 | INFO | hi-lo.gaussian-kernel : MU (LOCATION): -2.234661102294922 | SIGMA (SCALE): 3.607067108154297 | VARIANCE: 13.010933122728602
2023-11-30 00:22:58,303 | INFO | hi-lo.gaussian-kernel : TOP-LEFT
tensor([[0.1709, 0.1385, 0.1040],
        [0.1385, 0.1123, 0.0843],
        [0.1040, 0.0843, 0.0632]])
2023-11-30 00:22:58,303 | INFO | hi-lo.kernel-accessor : Fetching kernel: gaussian
2023-11-30 00:22:58,303 | INFO | hi-lo.gaussian-kernel : MU (LOCATION): -1.3755314350128174 | SIGMA (SCALE): 2.611668348312378 | VARIANCE: 6.820811561576704
2023-11-30 00:22:58,304 | INFO | hi-lo.gaussian-kernel : BOTTOM-RIGHT
tensor([[0.0487, 0.0742, 0.0977],
        [0.0742, 0.1132, 0.1490],
        [0.0977, 0.1490, 0.1962]])
2023-11-30 00:23:06,723 | INFO | hi-lo : END EPOCH:  11 | ACCURACY: 67.19 | LOSS: 1.2375270128250122
2023-11-30 00:23:06,723 | INFO | hi-lo : BEGIN EPOCH 12 =========================================================================
2023-11-30 00:23:06,723 | INFO | hi-lo.kernel-accessor : Fetching kernel: gaussian
2023-11-30 00:23:06,724 | INFO | hi-lo.gaussian-kernel : MU (LOCATION): -0.1243540570139885 | SIGMA (SCALE): 0.4992883801460266 | VARIANCE: 0.24928888654884318
2023-11-30 00:23:06,724 | INFO | hi-lo.gaussian-kernel : TOP-LEFT
tensor([[8.5443e-01, 6.9819e-02, 1.0331e-04],
        [6.9819e-02, 5.7051e-03, 8.4415e-06],
        [1.0331e-04, 8.4415e-06, 1.2491e-08]])
2023-11-30 00:23:06,725 | INFO | hi-lo.kernel-accessor : Fetching kernel: gaussian
2023-11-30 00:23:06,725 | INFO | hi-lo.gaussian-kernel : MU (LOCATION): -0.5617625713348389 | SIGMA (SCALE): 1.0071256160736084 | VARIANCE: 1.0143020065516453
2023-11-30 00:23:06,725 | INFO | hi-lo.gaussian-kernel : TOP-LEFT
tensor([[0.5124, 0.1799, 0.0236],
        [0.1799, 0.0631, 0.0083],
        [0.0236, 0.0083, 0.0011]])
2023-11-30 00:23:06,726 | INFO | hi-lo.kernel-accessor : Fetching kernel: gaussian
2023-11-30 00:23:06,726 | INFO | hi-lo.gaussian-kernel : MU (LOCATION): -2.049288511276245 | SIGMA (SCALE): 3.2396347522735596 | VARIANCE: 10.495233328138568
2023-11-30 00:23:06,726 | INFO | hi-lo.gaussian-kernel : BOTTOM-RIGHT
tensor([[0.0570, 0.0799, 0.1018],
        [0.0799, 0.1120, 0.1428],
        [0.1018, 0.1428, 0.1821]])
2023-11-30 00:23:06,727 | INFO | hi-lo.kernel-accessor : Fetching kernel: gaussian
2023-11-30 00:23:06,727 | INFO | hi-lo.gaussian-kernel : MU (LOCATION): -1.2158403396606445 | SIGMA (SCALE): 2.3124938011169434 | VARIANCE: 5.347627580204289
2023-11-30 00:23:06,727 | INFO | hi-lo.gaussian-kernel : BOTTOM-RIGHT
tensor([[0.0408, 0.0678, 0.0934],
        [0.0678, 0.1126, 0.1552],
        [0.0934, 0.1552, 0.2139]])
2023-11-30 00:23:15,184 | INFO | hi-lo : END EPOCH:  12 | ACCURACY: 71.88 | LOSS: 1.0643211603164673
2023-11-30 00:23:15,184 | INFO | hi-lo : BEGIN EPOCH 13 =========================================================================
2023-11-30 00:23:15,184 | INFO | hi-lo.kernel-accessor : Fetching kernel: gaussian
2023-11-30 00:23:15,185 | INFO | hi-lo.gaussian-kernel : MU (LOCATION): -0.04818696528673172 | SIGMA (SCALE): 0.5171241760253906 | VARIANCE: 0.2674174134299392
2023-11-30 00:23:15,185 | INFO | hi-lo.gaussian-kernel : TOP-LEFT
tensor([[7.8434e-01, 1.0098e-01, 3.0898e-04],
        [1.0098e-01, 1.3000e-02, 3.9779e-05],
        [3.0898e-04, 3.9779e-05, 1.2172e-07]])
2023-11-30 00:23:15,185 | INFO | hi-lo.kernel-accessor : Fetching kernel: gaussian
2023-11-30 00:23:15,186 | INFO | hi-lo.gaussian-kernel : MU (LOCATION): -0.5180932879447937 | SIGMA (SCALE): 1.0070632696151733 | VARIANCE: 1.0141764290080033
2023-11-30 00:23:15,186 | INFO | hi-lo.gaussian-kernel : TOP-LEFT
tensor([[0.4983, 0.1826, 0.0250],
        [0.1826, 0.0669, 0.0091],
        [0.0250, 0.0091, 0.0013]])
2023-11-30 00:23:15,186 | INFO | hi-lo.kernel-accessor : Fetching kernel: gaussian
2023-11-30 00:23:15,187 | INFO | hi-lo.gaussian-kernel : MU (LOCATION): -1.9940552711486816 | SIGMA (SCALE): 3.2220757007598877 | VARIANCE: 10.381771821427321
2023-11-30 00:23:15,187 | INFO | hi-lo.gaussian-kernel : TOP-LEFT
tensor([[0.1814, 0.1426, 0.1019],
        [0.1426, 0.1122, 0.0801],
        [0.1019, 0.0801, 0.0572]])
2023-11-30 00:23:15,187 | INFO | hi-lo.kernel-accessor : Fetching kernel: gaussian
2023-11-30 00:23:15,188 | INFO | hi-lo.gaussian-kernel : MU (LOCATION): -1.736672282218933 | SIGMA (SCALE): 2.716395854949951 | VARIANCE: 7.378806440789276
2023-11-30 00:23:15,188 | INFO | hi-lo.gaussian-kernel : TOP-LEFT
tensor([[0.2039, 0.1506, 0.0971],
        [0.1506, 0.1112, 0.0717],
        [0.0971, 0.0717, 0.0462]])
2023-11-30 00:23:23,627 | INFO | hi-lo : END EPOCH:  13 | ACCURACY: 66.41 | LOSS: 0.9795694351196289
2023-11-30 00:23:23,627 | INFO | hi-lo : BEGIN EPOCH 14 =========================================================================
2023-11-30 00:23:23,627 | INFO | hi-lo.kernel-accessor : Fetching kernel: gaussian
2023-11-30 00:23:23,628 | INFO | hi-lo.gaussian-kernel : MU (LOCATION): -0.1269797682762146 | SIGMA (SCALE): 0.4665103852748871 | VARIANCE: 0.21763193956932358
2023-11-30 00:23:23,628 | INFO | hi-lo.gaussian-kernel : TOP-LEFT
tensor([[8.9656e-01, 5.0282e-02, 2.8490e-05],
        [5.0282e-02, 2.8200e-03, 1.5978e-06],
        [2.8490e-05, 1.5978e-06, 9.0535e-10]])
2023-11-30 00:23:23,629 | INFO | hi-lo.kernel-accessor : Fetching kernel: gaussian
2023-11-30 00:23:23,629 | INFO | hi-lo.gaussian-kernel : MU (LOCATION): -0.6261159181594849 | SIGMA (SCALE): 0.9296726584434509 | VARIANCE: 0.8642912518573134
2023-11-30 00:23:23,629 | INFO | hi-lo.gaussian-kernel : TOP-LEFT
tensor([[5.9634e-01, 1.6205e-01, 1.3845e-02],
        [1.6205e-01, 4.4033e-02, 3.7621e-03],
        [1.3845e-02, 3.7621e-03, 3.2143e-04]])
2023-11-30 00:23:23,630 | INFO | hi-lo.kernel-accessor : Fetching kernel: gaussian
2023-11-30 00:23:23,630 | INFO | hi-lo.gaussian-kernel : MU (LOCATION): -1.7535544633865356 | SIGMA (SCALE): 2.928281307220459 | VARIANCE: 8.57483141421676
2023-11-30 00:23:23,631 | INFO | hi-lo.gaussian-kernel : BOTTOM-RIGHT
tensor([[0.0526, 0.0768, 0.0999],
        [0.0768, 0.1122, 0.1460],
        [0.0999, 0.1460, 0.1899]])
2023-11-30 00:23:23,631 | INFO | hi-lo.kernel-accessor : Fetching kernel: gaussian
2023-11-30 00:23:23,631 | INFO | hi-lo.gaussian-kernel : MU (LOCATION): -1.2358710765838623 | SIGMA (SCALE): 2.2947731018066406 | VARIANCE: 5.265983588775271
2023-11-30 00:23:23,632 | INFO | hi-lo.gaussian-kernel : BOTTOM-RIGHT
tensor([[0.0397, 0.0667, 0.0928],
        [0.0667, 0.1122, 0.1560],
        [0.0928, 0.1560, 0.2169]])
2023-11-30 00:23:32,139 | INFO | hi-lo : END EPOCH:  14 | ACCURACY: 70.76 | LOSS: 0.8956193923950195
2023-11-30 00:23:32,139 | INFO | hi-lo : BEGIN EPOCH 15 =========================================================================
2023-11-30 00:23:32,140 | INFO | hi-lo.kernel-accessor : Fetching kernel: gaussian
2023-11-30 00:23:32,140 | INFO | hi-lo.gaussian-kernel : MU (LOCATION): -0.03374739736318588 | SIGMA (SCALE): 0.4951971769332886 | VARIANCE: 0.2452202440426987
2023-11-30 00:23:32,141 | INFO | hi-lo.gaussian-kernel : BOTTOM-RIGHT
tensor([[3.8307e-08, 1.9935e-05, 1.7575e-04],
        [1.9935e-05, 1.0374e-02, 9.1458e-02],
        [1.7575e-04, 9.1458e-02, 8.0632e-01]])
2023-11-30 00:23:32,141 | INFO | hi-lo.kernel-accessor : Fetching kernel: gaussian
2023-11-30 00:23:32,141 | INFO | hi-lo.gaussian-kernel : MU (LOCATION): -0.5645105242729187 | SIGMA (SCALE): 0.9216802716255188 | VARIANCE: 0.8494945231036901
2023-11-30 00:23:32,142 | INFO | hi-lo.gaussian-kernel : TOP-LEFT
tensor([[5.8205e-01, 1.6624e-01, 1.4631e-02],
        [1.6624e-01, 4.7481e-02, 4.1789e-03],
        [1.4631e-02, 4.1789e-03, 3.6779e-04]])
2023-11-30 00:23:32,142 | INFO | hi-lo.kernel-accessor : Fetching kernel: gaussian
2023-11-30 00:23:32,142 | INFO | hi-lo.gaussian-kernel : MU (LOCATION): -1.7476634979248047 | SIGMA (SCALE): 2.985511302947998 | VARIANCE: 8.913277740030253
2023-11-30 00:23:32,143 | INFO | hi-lo.gaussian-kernel : TOP-LEFT
tensor([[0.1863, 0.1448, 0.1006],
        [0.1448, 0.1125, 0.0781],
        [0.1006, 0.0781, 0.0543]])
2023-11-30 00:23:32,143 | INFO | hi-lo.kernel-accessor : Fetching kernel: gaussian
2023-11-30 00:23:32,144 | INFO | hi-lo.gaussian-kernel : MU (LOCATION): -1.3967856168746948 | SIGMA (SCALE): 2.487624406814575 | VARIANCE: 6.188275189379567
2023-11-30 00:23:32,144 | INFO | hi-lo.gaussian-kernel : TOP-LEFT
tensor([[0.2072, 0.1525, 0.0955],
        [0.1525, 0.1122, 0.0703],
        [0.0955, 0.0703, 0.0440]])
2023-11-30 00:23:40,601 | INFO | hi-lo : END EPOCH:  15 | ACCURACY: 67.71 | LOSS: 1.0207690000534058
2023-11-30 00:23:40,601 | INFO | hi-lo : BEGIN EPOCH 16 =========================================================================
2023-11-30 00:23:40,601 | INFO | hi-lo.kernel-accessor : Fetching kernel: gaussian
2023-11-30 00:23:40,602 | INFO | hi-lo.gaussian-kernel : MU (LOCATION): -0.13279590010643005 | SIGMA (SCALE): 0.4892844259738922 | VARIANCE: 0.2393992495006012
2023-11-30 00:23:40,602 | INFO | hi-lo.gaussian-kernel : TOP-LEFT
tensor([[8.7147e-01, 6.1987e-02, 6.7646e-05],
        [6.1987e-02, 4.4090e-03, 4.8116e-06],
        [6.7646e-05, 4.8116e-06, 5.2508e-09]])
2023-11-30 00:23:40,603 | INFO | hi-lo.kernel-accessor : Fetching kernel: gaussian
2023-11-30 00:23:40,603 | INFO | hi-lo.gaussian-kernel : MU (LOCATION): -0.5636789798736572 | SIGMA (SCALE): 1.106318712234497 | VARIANCE: 1.223941093040196
2023-11-30 00:23:40,603 | INFO | hi-lo.gaussian-kernel : BOTTOM-RIGHT
tensor([[0.0027, 0.0145, 0.0347],
        [0.0145, 0.0785, 0.1871],
        [0.0347, 0.1871, 0.4462]])
2023-11-30 00:23:40,604 | INFO | hi-lo.kernel-accessor : Fetching kernel: gaussian
2023-11-30 00:23:40,604 | INFO | hi-lo.gaussian-kernel : MU (LOCATION): -2.5165770053863525 | SIGMA (SCALE): 3.8388686180114746 | VARIANCE: 14.736912266353329
2023-11-30 00:23:40,604 | INFO | hi-lo.gaussian-kernel : TOP-LEFT
tensor([[0.1686, 0.1374, 0.1046],
        [0.1374, 0.1120, 0.0853],
        [0.1046, 0.0853, 0.0649]])
2023-11-30 00:23:40,605 | INFO | hi-lo.kernel-accessor : Fetching kernel: gaussian
2023-11-30 00:23:40,605 | INFO | hi-lo.gaussian-kernel : MU (LOCATION): -1.2823619842529297 | SIGMA (SCALE): 2.461528778076172 | VARIANCE: 6.059123925297172
2023-11-30 00:23:40,605 | INFO | hi-lo.gaussian-kernel : TOP-LEFT
tensor([[0.2037, 0.1518, 0.0959],
        [0.1518, 0.1131, 0.0714],
        [0.0959, 0.0714, 0.0451]])
2023-11-30 00:23:49,066 | INFO | hi-lo : END EPOCH:  16 | ACCURACY: 67.19 | LOSS: 1.1554640531539917
2023-11-30 00:23:49,066 | INFO | hi-lo : BEGIN EPOCH 17 =========================================================================
2023-11-30 00:23:49,067 | INFO | hi-lo.kernel-accessor : Fetching kernel: gaussian
2023-11-30 00:23:49,067 | INFO | hi-lo.gaussian-kernel : MU (LOCATION): -0.0026105307042598724 | SIGMA (SCALE): 0.47881966829299927 | VARIANCE: 0.22926827474421785
2023-11-30 00:23:49,068 | INFO | hi-lo.gaussian-kernel : BOTTOM-RIGHT
tensor([[2.0469e-08, 1.4369e-05, 1.2868e-04],
        [1.4369e-05, 1.0087e-02, 9.0334e-02],
        [1.2868e-04, 9.0334e-02, 8.0896e-01]])
2023-11-30 00:23:49,068 | INFO | hi-lo.kernel-accessor : Fetching kernel: gaussian
2023-11-30 00:23:49,069 | INFO | hi-lo.gaussian-kernel : MU (LOCATION): -0.6231060028076172 | SIGMA (SCALE): 1.0155893564224243 | VARIANCE: 1.031421740878514
2023-11-30 00:23:49,069 | INFO | hi-lo.gaussian-kernel : BOTTOM-RIGHT
tensor([[0.0010, 0.0076, 0.0226],
        [0.0076, 0.0595, 0.1769],
        [0.0226, 0.1769, 0.5254]])
2023-11-30 00:23:49,069 | INFO | hi-lo.kernel-accessor : Fetching kernel: gaussian
2023-11-30 00:23:49,070 | INFO | hi-lo.gaussian-kernel : MU (LOCATION): -1.9680594205856323 | SIGMA (SCALE): 3.2573297023773193 | VARIANCE: 10.610196789989516
2023-11-30 00:23:49,070 | INFO | hi-lo.gaussian-kernel : BOTTOM-RIGHT
tensor([[0.0584, 0.0810, 0.1023],
        [0.0810, 0.1124, 0.1418],
        [0.1023, 0.1418, 0.1789]])
2023-11-30 00:23:49,070 | INFO | hi-lo.kernel-accessor : Fetching kernel: gaussian
2023-11-30 00:23:49,071 | INFO | hi-lo.gaussian-kernel : MU (LOCATION): -1.607601284980774 | SIGMA (SCALE): 2.6130878925323486 | VARIANCE: 6.828228334099151
2023-11-30 00:23:49,071 | INFO | hi-lo.gaussian-kernel : BOTTOM-RIGHT
tensor([[0.0448, 0.0707, 0.0962],
        [0.0707, 0.1114, 0.1517],
        [0.0962, 0.1517, 0.2065]])
2023-11-30 00:23:57,546 | INFO | hi-lo : END EPOCH:  17 | ACCURACY: 69.79 | LOSS: 1.0943305492401123
2023-11-30 00:23:57,546 | INFO | hi-lo : BEGIN EPOCH 18 =========================================================================
2023-11-30 00:23:57,546 | INFO | hi-lo.kernel-accessor : Fetching kernel: gaussian
2023-11-30 00:23:57,547 | INFO | hi-lo.gaussian-kernel : MU (LOCATION): -0.040427759289741516 | SIGMA (SCALE): 0.49494120478630066 | VARIANCE: 0.2449667961953148
2023-11-30 00:23:57,547 | INFO | hi-lo.gaussian-kernel : TOP-LEFT
tensor([[8.1114e-01, 8.9328e-02, 1.6596e-04],
        [8.9328e-02, 9.8373e-03, 1.8277e-05],
        [1.6596e-04, 1.8277e-05, 3.3956e-08]])
2023-11-30 00:23:57,548 | INFO | hi-lo.kernel-accessor : Fetching kernel: gaussian
2023-11-30 00:23:57,548 | INFO | hi-lo.gaussian-kernel : MU (LOCATION): -0.5319609642028809 | SIGMA (SCALE): 0.961331844329834 | VARIANCE: 0.9241589149226002
2023-11-30 00:23:57,548 | INFO | hi-lo.gaussian-kernel : TOP-LEFT
tensor([[0.5377, 0.1760, 0.0195],
        [0.1760, 0.0576, 0.0064],
        [0.0195, 0.0064, 0.0007]])
2023-11-30 00:23:57,549 | INFO | hi-lo.kernel-accessor : Fetching kernel: gaussian
2023-11-30 00:23:57,549 | INFO | hi-lo.gaussian-kernel : MU (LOCATION): -1.890291690826416 | SIGMA (SCALE): 2.9827957153320312 | VARIANCE: 8.897070279403124
2023-11-30 00:23:57,549 | INFO | hi-lo.gaussian-kernel : TOP-LEFT
tensor([[0.1913, 0.1462, 0.0999],
        [0.1462, 0.1118, 0.0763],
        [0.0999, 0.0763, 0.0522]])
2023-11-30 00:23:57,550 | INFO | hi-lo.kernel-accessor : Fetching kernel: gaussian
2023-11-30 00:23:57,550 | INFO | hi-lo.gaussian-kernel : MU (LOCATION): -1.4591865539550781 | SIGMA (SCALE): 2.580965995788574 | VARIANCE: 6.6613854714169065
2023-11-30 00:23:57,550 | INFO | hi-lo.gaussian-kernel : BOTTOM-RIGHT
tensor([[0.0462, 0.0721, 0.0967],
        [0.0721, 0.1124, 0.1508],
        [0.0967, 0.1508, 0.2023]])
2023-11-30 00:24:06,092 | INFO | hi-lo : END EPOCH:  18 | ACCURACY: 68.75 | LOSS: 1.1182647943496704
2023-11-30 00:24:06,093 | INFO | hi-lo : BEGIN EPOCH 19 =========================================================================
2023-11-30 00:24:06,093 | INFO | hi-lo.kernel-accessor : Fetching kernel: gaussian
2023-11-30 00:24:06,093 | INFO | hi-lo.gaussian-kernel : MU (LOCATION): -0.0346660390496254 | SIGMA (SCALE): 0.47649136185646057 | VARIANCE: 0.22704401792382445
2023-11-30 00:24:06,094 | INFO | hi-lo.gaussian-kernel : TOP-LEFT
tensor([[8.3399e-01, 7.9148e-02, 9.1812e-05],
        [7.9148e-02, 7.5114e-03, 8.7132e-06],
        [9.1812e-05, 8.7132e-06, 1.0107e-08]])
2023-11-30 00:24:06,094 | INFO | hi-lo.kernel-accessor : Fetching kernel: gaussian
2023-11-30 00:24:06,095 | INFO | hi-lo.gaussian-kernel : MU (LOCATION): -0.5695353746414185 | SIGMA (SCALE): 1.0005844831466675 | VARIANCE: 1.0011693079138837
2023-11-30 00:24:06,095 | INFO | hi-lo.gaussian-kernel : TOP-LEFT
tensor([[0.5198, 0.1786, 0.0226],
        [0.1786, 0.0614, 0.0078],
        [0.0226, 0.0078, 0.0010]])
2023-11-30 00:24:06,095 | INFO | hi-lo.kernel-accessor : Fetching kernel: gaussian
2023-11-30 00:24:06,096 | INFO | hi-lo.gaussian-kernel : MU (LOCATION): -2.0581774711608887 | SIGMA (SCALE): 3.2006161212921143 | VARIANCE: 10.243943555874978
2023-11-30 00:24:06,096 | INFO | hi-lo.gaussian-kernel : BOTTOM-RIGHT
tensor([[0.0558, 0.0790, 0.1014],
        [0.0790, 0.1118, 0.1436],
        [0.1014, 0.1436, 0.1843]])
2023-11-30 00:24:06,097 | INFO | hi-lo.kernel-accessor : Fetching kernel: gaussian
2023-11-30 00:24:06,097 | INFO | hi-lo.gaussian-kernel : MU (LOCATION): -1.6965998411178589 | SIGMA (SCALE): 2.946174383163452 | VARIANCE: 8.679943496008548
2023-11-30 00:24:06,097 | INFO | hi-lo.gaussian-kernel : TOP-LEFT
tensor([[0.1868, 0.1450, 0.1004],
        [0.1450, 0.1126, 0.0779],
        [0.1004, 0.0779, 0.0539]])
2023-11-30 00:24:14,595 | INFO | hi-lo : END EPOCH:  19 | ACCURACY: 67.76 | LOSS: 0.877653181552887
2023-11-30 00:24:14,595 | INFO | hi-lo : BEGIN EPOCH 20 =========================================================================
2023-11-30 00:24:14,595 | INFO | hi-lo.kernel-accessor : Fetching kernel: gaussian
2023-11-30 00:24:14,596 | INFO | hi-lo.gaussian-kernel : MU (LOCATION): -0.048474185168743134 | SIGMA (SCALE): 0.4696245789527893 | VARIANCE: 0.22054724515658464
2023-11-30 00:24:14,597 | INFO | hi-lo.gaussian-kernel : TOP-LEFT
tensor([[8.5221e-01, 7.0878e-02, 6.3286e-05],
        [7.0878e-02, 5.8948e-03, 5.2634e-06],
        [6.3286e-05, 5.2634e-06, 4.6996e-09]])
2023-11-30 00:24:14,597 | INFO | hi-lo.kernel-accessor : Fetching kernel: gaussian
2023-11-30 00:24:14,597 | INFO | hi-lo.gaussian-kernel : MU (LOCATION): -0.5964639782905579 | SIGMA (SCALE): 0.9842190742492676 | VARIANCE: 0.9686871861160853
2023-11-30 00:24:14,598 | INFO | hi-lo.gaussian-kernel : BOTTOM-RIGHT
tensor([[0.0007, 0.0065, 0.0200],
        [0.0065, 0.0562, 0.1745],
        [0.0200, 0.1745, 0.5411]])
2023-11-30 00:24:14,598 | INFO | hi-lo.kernel-accessor : Fetching kernel: gaussian
2023-11-30 00:24:14,598 | INFO | hi-lo.gaussian-kernel : MU (LOCATION): -1.818695306777954 | SIGMA (SCALE): 3.1666758060455322 | VARIANCE: 10.027835660594121
2023-11-30 00:24:14,599 | INFO | hi-lo.gaussian-kernel : TOP-LEFT
tensor([[0.1790, 0.1421, 0.1020],
