2023-10-12 14:53:32,533 | INFO | hi-lo : 
+=========================================================================+
|  ______     ______   ______    ___         ___        ______   _______  |
| /| ___ \  // ____ \ /| ___ \  /| |        /| |      // ____ \ /| ___  \ |
| /| |//\ \ /| |//| | /| |//\ \ /| |        /| |      /| |//| | /| |//| | |
| /| | /| | /| ____ | /| | /| | /| |        /| |      /| ____ | /| ___  / |
| /| |_// / /| |//| | /| |_// / /| |____    /| |____  /| |//| | /| |//\ \ |
| /|_____/  /|_| /|_| /|_____/  /|______|   /|______| /|_| /|_| /|______/ |
| ///////   ///  ///  //////    ////////    ////////  ///  ///  ////////  |
+=========================================================================+
|                  Hi-Lo Resolution Image Classification                  |
|                  -------------------------------------                  |
|                            Gabriel C. Trahan                            |
|                               Sahan Ahmad                               |
|                            MD  Aminual Islam                            |
+=========================================================================+
| MODEL:                      normal | LR:                            0.1 |
| DISTRO:                     gumbel | KERNEL TYPE:                    11 |
| DATASET:                  cifar100 | BATCH SIZE:                     64 |
+=========================================================================+
2023-10-12 14:53:32,534 | INFO | hi-lo : Output directory: output/gumbel//11/normal/cifar100/20231012_145332
2023-10-12 14:53:32,534 | INFO | hi-lo.dataset-accessor : Fetching dataset: cifar100
2023-10-12 14:53:32,534 | INFO | hi-lo.cifar100-dataset : Initializing transform.
2023-10-12 14:53:32,534 | INFO | hi-lo.cifar100-dataset : Verifying/downloading train data.
2023-10-12 14:53:33,141 | INFO | hi-lo.cifar100-dataset : Verifying/downloading test data.
2023-10-12 14:53:33,626 | INFO | hi-lo.cifar100-dataset : Creating train data loader.
2023-10-12 14:53:33,626 | INFO | hi-lo.cifar100-dataset : Creating test data loader.
2023-10-12 14:53:34,611 | INFO | hi-lo : Using device: NVIDIA GeForce GTX 1060 6GB
2023-10-12 14:53:34,611 | INFO | hi-lo : Commencing training phase...
2023-10-12 14:53:34,612 | INFO | hi-lo : BEGIN EPOCH 1 =========================================================================
2023-10-12 14:53:34,612 | INFO | hi-lo.kernel-accessor : Fetching kernel: gumbel
2023-10-12 14:53:34,613 | INFO | hi-lo.gumbel-kernel : MU (LOCATION): 1 | BETA (SCALE): 1
2023-10-12 14:53:34,613 | INFO | hi-lo.gumbel-kernel : STATIC
tensor([[5.6765e-01, 1.6550e-01, 3.2357e-02],
        [1.6550e-01, 3.2357e-02, 2.1352e-03],
        [3.2357e-02, 2.1352e-03, 7.3562e-06]])
2023-10-12 14:53:34,613 | INFO | hi-lo.kernel-accessor : Fetching kernel: gumbel
2023-10-12 14:53:34,614 | INFO | hi-lo.gumbel-kernel : MU (LOCATION): 1 | BETA (SCALE): 1
2023-10-12 14:53:34,614 | INFO | hi-lo.gumbel-kernel : STATIC
tensor([[5.6765e-01, 1.6550e-01, 3.2357e-02],
        [1.6550e-01, 3.2357e-02, 2.1352e-03],
        [3.2357e-02, 2.1352e-03, 7.3562e-06]])
2023-10-12 14:53:34,614 | INFO | hi-lo.kernel-accessor : Fetching kernel: gumbel
2023-10-12 14:53:34,614 | INFO | hi-lo.gumbel-kernel : MU (LOCATION): 0.0 | BETA (SCALE): 1.0
2023-10-12 14:53:34,614 | INFO | hi-lo.gumbel-kernel : TOP-RIGHT
tensor([[2.0072e-04, 5.8259e-02, 8.8288e-01],
        [2.2609e-10, 2.0072e-04, 5.8259e-02],
        [8.5377e-26, 2.2609e-10, 2.0072e-04]])
2023-10-12 14:53:34,614 | INFO | hi-lo.kernel-accessor : Fetching kernel: gumbel
2023-10-12 14:53:34,615 | INFO | hi-lo.gumbel-kernel : MU (LOCATION): 1 | BETA (SCALE): 1
2023-10-12 14:53:34,615 | INFO | hi-lo.gumbel-kernel : STATIC
tensor([[5.6765e-01, 1.6550e-01, 3.2357e-02],
        [1.6550e-01, 3.2357e-02, 2.1352e-03],
        [3.2357e-02, 2.1352e-03, 7.3562e-06]])
2023-10-12 14:53:43,860 | INFO | hi-lo : END EPOCH:   1 | ACCURACY: 40.04 | LOSS: 1.6722458600997925
2023-10-12 14:53:43,860 | INFO | hi-lo : BEGIN EPOCH 2 =========================================================================
2023-10-12 14:53:43,860 | INFO | hi-lo.kernel-accessor : Fetching kernel: gumbel
2023-10-12 14:53:43,861 | INFO | hi-lo.gumbel-kernel : MU (LOCATION): 0.016712643206119537 | BETA (SCALE): 0.4602513015270233
2023-10-12 14:53:43,861 | INFO | hi-lo.gumbel-kernel : TOP-LEFT
tensor([[9.9984e-01, 8.1906e-05, 2.3290e-33],
        [8.1906e-05, 2.3290e-33, 0.0000e+00],
        [2.3290e-33, 0.0000e+00, 0.0000e+00]])
2023-10-12 14:53:43,862 | INFO | hi-lo.kernel-accessor : Fetching kernel: gumbel
2023-10-12 14:53:43,862 | INFO | hi-lo.gumbel-kernel : MU (LOCATION): -0.4231794774532318 | BETA (SCALE): 0.7111620306968689
2023-10-12 14:53:43,862 | INFO | hi-lo.gumbel-kernel : TOP-LEFT
tensor([[9.9998e-01, 9.8094e-06, 2.7388e-24],
        [9.8094e-06, 2.7388e-24, 0.0000e+00],
        [2.7388e-24, 0.0000e+00, 0.0000e+00]])
2023-10-12 14:53:43,863 | INFO | hi-lo.kernel-accessor : Fetching kernel: gumbel
2023-10-12 14:53:43,863 | INFO | hi-lo.gumbel-kernel : MU (LOCATION): 1 | BETA (SCALE): 1
2023-10-12 14:53:43,863 | INFO | hi-lo.gumbel-kernel : STATIC
tensor([[5.6765e-01, 1.6550e-01, 3.2357e-02],
        [1.6550e-01, 3.2357e-02, 2.1352e-03],
        [3.2357e-02, 2.1352e-03, 7.3562e-06]])
2023-10-12 14:53:43,864 | INFO | hi-lo.kernel-accessor : Fetching kernel: gumbel
2023-10-12 14:53:43,864 | INFO | hi-lo.gumbel-kernel : MU (LOCATION): -0.5246250629425049 | BETA (SCALE): 0.8315891027450562
2023-10-12 14:53:43,865 | INFO | hi-lo.gumbel-kernel : TOP-RIGHT
tensor([[3.1418e-17, 8.0611e-05, 9.9984e-01],
        [0.0000e+00, 3.1418e-17, 8.0611e-05],
        [0.0000e+00, 0.0000e+00, 3.1418e-17]])
2023-10-12 14:53:52,388 | INFO | hi-lo : END EPOCH:   2 | ACCURACY: 45.31 | LOSS: 1.5452874898910522
2023-10-12 14:53:52,389 | INFO | hi-lo : BEGIN EPOCH 3 =========================================================================
2023-10-12 14:53:52,389 | INFO | hi-lo.kernel-accessor : Fetching kernel: gumbel
2023-10-12 14:53:52,389 | INFO | hi-lo.gumbel-kernel : MU (LOCATION): -0.050882723182439804 | BETA (SCALE): 0.5319401621818542
2023-10-12 14:53:52,390 | INFO | hi-lo.gumbel-kernel : TOP-RIGHT
tensor([[2.0514e-24, 1.8338e-04, 9.9963e-01],
        [0.0000e+00, 2.0514e-24, 1.8338e-04],
        [0.0000e+00, 0.0000e+00, 2.0514e-24]])
2023-10-12 14:53:52,390 | INFO | hi-lo.kernel-accessor : Fetching kernel: gumbel
2023-10-12 14:53:52,391 | INFO | hi-lo.gumbel-kernel : MU (LOCATION): -0.6040887236595154 | BETA (SCALE): 0.8864991664886475
2023-10-12 14:53:52,391 | INFO | hi-lo.gumbel-kernel : TOP-LEFT
tensor([[9.9982e-01, 9.2072e-05, 3.3032e-16],
        [9.2072e-05, 3.3032e-16, 0.0000e+00],
        [3.3032e-16, 0.0000e+00, 0.0000e+00]])
2023-10-12 14:53:52,391 | INFO | hi-lo.kernel-accessor : Fetching kernel: gumbel
2023-10-12 14:53:52,392 | INFO | hi-lo.gumbel-kernel : MU (LOCATION): 1 | BETA (SCALE): 1
2023-10-12 14:53:52,392 | INFO | hi-lo.gumbel-kernel : STATIC
tensor([[5.6765e-01, 1.6550e-01, 3.2357e-02],
        [1.6550e-01, 3.2357e-02, 2.1352e-03],
        [3.2357e-02, 2.1352e-03, 7.3562e-06]])
2023-10-12 14:53:52,393 | INFO | hi-lo.kernel-accessor : Fetching kernel: gumbel
2023-10-12 14:53:52,393 | INFO | hi-lo.gumbel-kernel : MU (LOCATION): -0.835637092590332 | BETA (SCALE): 1.2771047353744507
2023-10-12 14:53:52,394 | INFO | hi-lo.gumbel-kernel : TOP-LEFT
tensor([[9.8887e-01, 5.5640e-03, 1.6857e-07],
        [5.5640e-03, 1.6857e-07, 5.5429e-17],
        [1.6857e-07, 5.5429e-17, 2.5014e-37]])
2023-10-12 14:54:01,008 | INFO | hi-lo : END EPOCH:   3 | ACCURACY: 46.48 | LOSS: 1.9684863090515137
2023-10-12 14:54:01,008 | INFO | hi-lo : BEGIN EPOCH 4 =========================================================================
2023-10-12 14:54:01,008 | INFO | hi-lo.kernel-accessor : Fetching kernel: gumbel
2023-10-12 14:54:01,009 | INFO | hi-lo.gumbel-kernel : MU (LOCATION): 0.011250432580709457 | BETA (SCALE): 0.5084940791130066
2023-10-12 14:54:01,009 | INFO | hi-lo.gumbel-kernel : TOP-LEFT
tensor([[9.9922e-01, 3.9069e-04, 3.0756e-23],
        [3.9069e-04, 3.0756e-23, 0.0000e+00],
        [3.0756e-23, 0.0000e+00, 0.0000e+00]])
2023-10-12 14:54:01,010 | INFO | hi-lo.kernel-accessor : Fetching kernel: gumbel
2023-10-12 14:54:01,010 | INFO | hi-lo.gumbel-kernel : MU (LOCATION): -0.5446893572807312 | BETA (SCALE): 0.879455029964447
2023-10-12 14:54:01,010 | INFO | hi-lo.gumbel-kernel : TOP-LEFT
tensor([[9.9957e-01, 2.1484e-04, 8.7773e-15],
        [2.1484e-04, 8.7773e-15, 0.0000e+00],
        [8.7773e-15, 0.0000e+00, 0.0000e+00]])
2023-10-12 14:54:01,011 | INFO | hi-lo.kernel-accessor : Fetching kernel: gumbel
2023-10-12 14:54:01,011 | INFO | hi-lo.gumbel-kernel : MU (LOCATION): 1 | BETA (SCALE): 1
2023-10-12 14:54:01,011 | INFO | hi-lo.gumbel-kernel : STATIC
tensor([[5.6765e-01, 1.6550e-01, 3.2357e-02],
        [1.6550e-01, 3.2357e-02, 2.1352e-03],
        [3.2357e-02, 2.1352e-03, 7.3562e-06]])
2023-10-12 14:54:01,012 | INFO | hi-lo.kernel-accessor : Fetching kernel: gumbel
2023-10-12 14:54:01,012 | INFO | hi-lo.gumbel-kernel : MU (LOCATION): -0.6737828254699707 | BETA (SCALE): 1.170712947845459
2023-10-12 14:54:01,012 | INFO | hi-lo.gumbel-kernel : TOP-LEFT
tensor([[9.8820e-01, 5.9023e-03, 1.1140e-07],
        [5.9023e-03, 1.1140e-07, 2.8076e-18],
        [1.1140e-07, 2.8076e-18, 1.0888e-42]])
2023-10-12 14:54:09,532 | INFO | hi-lo : END EPOCH:   4 | ACCURACY: 48.26 | LOSS: 1.3141472339630127
2023-10-12 14:54:09,532 | INFO | hi-lo : BEGIN EPOCH 5 =========================================================================
2023-10-12 14:54:09,533 | INFO | hi-lo.kernel-accessor : Fetching kernel: gumbel
2023-10-12 14:54:09,533 | INFO | hi-lo.gumbel-kernel : MU (LOCATION): -0.11352952569723129 | BETA (SCALE): 0.531675398349762
2023-10-12 14:54:09,534 | INFO | hi-lo.gumbel-kernel : TOP-RIGHT
tensor([[2.4789e-30, 3.0385e-05, 9.9994e-01],
        [0.0000e+00, 2.4788e-30, 3.0385e-05],
        [0.0000e+00, 0.0000e+00, 2.4789e-30]])
2023-10-12 14:54:09,534 | INFO | hi-lo.kernel-accessor : Fetching kernel: gumbel
2023-10-12 14:54:09,534 | INFO | hi-lo.gumbel-kernel : MU (LOCATION): -0.6144808530807495 | BETA (SCALE): 0.971205472946167
2023-10-12 14:54:09,535 | INFO | hi-lo.gumbel-kernel : TOP-RIGHT
tensor([[3.7603e-12, 6.0441e-04, 9.9879e-01],
        [2.5257e-34, 3.7603e-12, 6.0441e-04],
        [0.0000e+00, 2.5257e-34, 3.7603e-12]])
2023-10-12 14:54:09,535 | INFO | hi-lo.kernel-accessor : Fetching kernel: gumbel
2023-10-12 14:54:09,535 | INFO | hi-lo.gumbel-kernel : MU (LOCATION): -1.5032298564910889 | BETA (SCALE): 2.4238522052764893
2023-10-12 14:54:09,536 | INFO | hi-lo.gumbel-kernel : TOP-RIGHT
tensor([[4.1926e-03, 9.1180e-02, 8.0496e-01],
        [4.9381e-05, 4.1926e-03, 9.1180e-02],
        [7.4311e-08, 4.9381e-05, 4.1926e-03]])
2023-10-12 14:54:09,536 | INFO | hi-lo.kernel-accessor : Fetching kernel: gumbel
2023-10-12 14:54:09,536 | INFO | hi-lo.gumbel-kernel : MU (LOCATION): -0.5734528303146362 | BETA (SCALE): 1.1328977346420288
2023-10-12 14:54:09,537 | INFO | hi-lo.gumbel-kernel : TOP-LEFT
tensor([[9.8354e-01, 8.2288e-03, 2.7331e-07],
        [8.2288e-03, 2.7331e-07, 1.4232e-17],
        [2.7331e-07, 1.4232e-17, 6.8706e-42]])
2023-10-12 14:54:18,053 | INFO | hi-lo : END EPOCH:   5 | ACCURACY: 47.66 | LOSS: 1.1712424755096436
2023-10-12 14:54:18,053 | INFO | hi-lo : BEGIN EPOCH 6 =========================================================================
2023-10-12 14:54:18,053 | INFO | hi-lo.kernel-accessor : Fetching kernel: gumbel
2023-10-12 14:54:18,054 | INFO | hi-lo.gumbel-kernel : MU (LOCATION): 0.040803104639053345 | BETA (SCALE): 0.46486255526542664
2023-10-12 14:54:18,054 | INFO | hi-lo.gumbel-kernel : TOP-RIGHT
tensor([[3.7888e-29, 1.9870e-04, 9.9960e-01],
        [0.0000e+00, 3.7888e-29, 1.9870e-04],
        [0.0000e+00, 0.0000e+00, 3.7888e-29]])
2023-10-12 14:54:18,054 | INFO | hi-lo.kernel-accessor : Fetching kernel: gumbel
2023-10-12 14:54:18,055 | INFO | hi-lo.gumbel-kernel : MU (LOCATION): 1 | BETA (SCALE): 1
2023-10-12 14:54:18,055 | INFO | hi-lo.gumbel-kernel : STATIC
tensor([[5.6765e-01, 1.6550e-01, 3.2357e-02],
        [1.6550e-01, 3.2357e-02, 2.1352e-03],
        [3.2357e-02, 2.1352e-03, 7.3562e-06]])
2023-10-12 14:54:18,055 | INFO | hi-lo.kernel-accessor : Fetching kernel: gumbel
2023-10-12 14:54:18,056 | INFO | hi-lo.gumbel-kernel : MU (LOCATION): -1.386279582977295 | BETA (SCALE): 2.4121129512786865
2023-10-12 14:54:18,056 | INFO | hi-lo.gumbel-kernel : TOP-RIGHT
tensor([[5.7714e-03, 1.0170e-01, 7.7910e-01],
        [9.2813e-05, 5.7714e-03, 1.0170e-01],
        [2.2130e-07, 9.2813e-05, 5.7714e-03]])
2023-10-12 14:54:18,056 | INFO | hi-lo.kernel-accessor : Fetching kernel: gumbel
2023-10-12 14:54:18,057 | INFO | hi-lo.gumbel-kernel : MU (LOCATION): -0.8900209665298462 | BETA (SCALE): 1.568241834640503
2023-10-12 14:54:18,057 | INFO | hi-lo.gumbel-kernel : TOP-RIGHT
tensor([[8.5577e-05, 3.0895e-02, 9.3795e-01],
        [2.1900e-09, 8.5577e-05, 3.0895e-02],
        [7.9317e-18, 2.1900e-09, 8.5577e-05]])
2023-10-12 14:54:26,587 | INFO | hi-lo : END EPOCH:   6 | ACCURACY: 46.64 | LOSS: 1.438428282737732
2023-10-12 14:54:26,587 | INFO | hi-lo : BEGIN EPOCH 7 =========================================================================
2023-10-12 14:54:26,587 | INFO | hi-lo.kernel-accessor : Fetching kernel: gumbel
2023-10-12 14:54:26,588 | INFO | hi-lo.gumbel-kernel : MU (LOCATION): 1 | BETA (SCALE): 1
2023-10-12 14:54:26,588 | INFO | hi-lo.gumbel-kernel : STATIC
tensor([[5.6765e-01, 1.6550e-01, 3.2357e-02],
        [1.6550e-01, 3.2357e-02, 2.1352e-03],
        [3.2357e-02, 2.1352e-03, 7.3562e-06]])
2023-10-12 14:54:26,588 | INFO | hi-lo.kernel-accessor : Fetching kernel: gumbel
2023-10-12 14:54:26,589 | INFO | hi-lo.gumbel-kernel : MU (LOCATION): 1 | BETA (SCALE): 1
2023-10-12 14:54:26,589 | INFO | hi-lo.gumbel-kernel : STATIC
tensor([[5.6765e-01, 1.6550e-01, 3.2357e-02],
        [1.6550e-01, 3.2357e-02, 2.1352e-03],
        [3.2357e-02, 2.1352e-03, 7.3562e-06]])
2023-10-12 14:54:26,590 | INFO | hi-lo.kernel-accessor : Fetching kernel: gumbel
2023-10-12 14:54:26,590 | INFO | hi-lo.gumbel-kernel : MU (LOCATION): 1 | BETA (SCALE): 1
2023-10-12 14:54:26,590 | INFO | hi-lo.gumbel-kernel : STATIC
tensor([[5.6765e-01, 1.6550e-01, 3.2357e-02],
        [1.6550e-01, 3.2357e-02, 2.1352e-03],
        [3.2357e-02, 2.1352e-03, 7.3562e-06]])
2023-10-12 14:54:26,591 | INFO | hi-lo.kernel-accessor : Fetching kernel: gumbel
2023-10-12 14:54:26,591 | INFO | hi-lo.gumbel-kernel : MU (LOCATION): 1 | BETA (SCALE): 1
2023-10-12 14:54:26,592 | INFO | hi-lo.gumbel-kernel : STATIC
tensor([[5.6765e-01, 1.6550e-01, 3.2357e-02],
        [1.6550e-01, 3.2357e-02, 2.1352e-03],
        [3.2357e-02, 2.1352e-03, 7.3562e-06]])
2023-10-12 14:54:35,102 | INFO | hi-lo : END EPOCH:   7 | ACCURACY: 56.25 | LOSS: 1.1960738897323608
2023-10-12 14:54:35,102 | INFO | hi-lo : BEGIN EPOCH 8 =========================================================================
2023-10-12 14:54:35,103 | INFO | hi-lo.kernel-accessor : Fetching kernel: gumbel
2023-10-12 14:54:35,103 | INFO | hi-lo.gumbel-kernel : MU (LOCATION): 1 | BETA (SCALE): 1
2023-10-12 14:54:35,104 | INFO | hi-lo.gumbel-kernel : STATIC
tensor([[5.6765e-01, 1.6550e-01, 3.2357e-02],
        [1.6550e-01, 3.2357e-02, 2.1352e-03],
        [3.2357e-02, 2.1352e-03, 7.3562e-06]])
2023-10-12 14:54:35,104 | INFO | hi-lo.kernel-accessor : Fetching kernel: gumbel
2023-10-12 14:54:35,105 | INFO | hi-lo.gumbel-kernel : MU (LOCATION): 1 | BETA (SCALE): 1
2023-10-12 14:54:35,105 | INFO | hi-lo.gumbel-kernel : STATIC
tensor([[5.6765e-01, 1.6550e-01, 3.2357e-02],
        [1.6550e-01, 3.2357e-02, 2.1352e-03],
        [3.2357e-02, 2.1352e-03, 7.3562e-06]])
2023-10-12 14:54:35,106 | INFO | hi-lo.kernel-accessor : Fetching kernel: gumbel
2023-10-12 14:54:35,106 | INFO | hi-lo.gumbel-kernel : MU (LOCATION): -1.2345924377441406 | BETA (SCALE): 2.4099438190460205
2023-10-12 14:54:35,107 | INFO | hi-lo.gumbel-kernel : TOP-LEFT
tensor([[7.3995e-01, 1.1661e-01, 8.7957e-03],
        [1.1661e-01, 8.7957e-03, 2.1737e-04],
        [8.7957e-03, 2.1737e-04, 9.9152e-07]])
2023-10-12 14:54:35,107 | INFO | hi-lo.kernel-accessor : Fetching kernel: gumbel
2023-10-12 14:54:35,107 | INFO | hi-lo.gumbel-kernel : MU (LOCATION): -0.9585177898406982 | BETA (SCALE): 1.6383917331695557
2023-10-12 14:54:35,108 | INFO | hi-lo.gumbel-kernel : TOP-RIGHT
tensor([[1.2457e-04, 3.3686e-02, 9.3225e-01],
        [6.9304e-09, 1.2457e-04, 3.3686e-02],
        [1.7003e-16, 6.9304e-09, 1.2457e-04]])
2023-10-12 14:54:43,701 | INFO | hi-lo : END EPOCH:   8 | ACCURACY: 56.25 | LOSS: 1.3750163316726685
2023-10-12 14:54:43,701 | INFO | hi-lo : BEGIN EPOCH 9 =========================================================================
2023-10-12 14:54:43,701 | INFO | hi-lo.kernel-accessor : Fetching kernel: gumbel
2023-10-12 14:54:43,702 | INFO | hi-lo.gumbel-kernel : MU (LOCATION): -0.018682165071368217 | BETA (SCALE): 0.4959012269973755
2023-10-12 14:54:43,702 | INFO | hi-lo.gumbel-kernel : TOP-LEFT
tensor([[9.9976e-01, 1.1874e-04, 1.9495e-28],
        [1.1874e-04, 1.9496e-28, 0.0000e+00],
        [1.9495e-28, 0.0000e+00, 0.0000e+00]])
2023-10-12 14:54:43,702 | INFO | hi-lo.kernel-accessor : Fetching kernel: gumbel
2023-10-12 14:54:43,702 | INFO | hi-lo.gumbel-kernel : MU (LOCATION): 1 | BETA (SCALE): 1
2023-10-12 14:54:43,702 | INFO | hi-lo.gumbel-kernel : STATIC
tensor([[5.6765e-01, 1.6550e-01, 3.2357e-02],
        [1.6550e-01, 3.2357e-02, 2.1352e-03],
        [3.2357e-02, 2.1352e-03, 7.3562e-06]])
2023-10-12 14:54:43,703 | INFO | hi-lo.kernel-accessor : Fetching kernel: gumbel
2023-10-12 14:54:43,703 | INFO | hi-lo.gumbel-kernel : MU (LOCATION): -1.041041612625122 | BETA (SCALE): 2.1415348052978516
2023-10-12 14:54:43,704 | INFO | hi-lo.gumbel-kernel : TOP-RIGHT
tensor([[5.1744e-03, 1.0155e-01, 7.8126e-01],
        [5.9206e-05, 5.1744e-03, 1.0155e-01],
        [6.2533e-08, 5.9206e-05, 5.1744e-03]])
2023-10-12 14:54:43,704 | INFO | hi-lo.kernel-accessor : Fetching kernel: gumbel
2023-10-12 14:54:43,704 | INFO | hi-lo.gumbel-kernel : MU (LOCATION): -0.9672684669494629 | BETA (SCALE): 1.4358047246932983
2023-10-12 14:54:43,705 | INFO | hi-lo.gumbel-kernel : TOP-LEFT
tensor([[9.7969e-01, 1.0154e-02, 2.1332e-06],
        [1.0154e-02, 2.1332e-06, 1.7939e-13],
        [2.1332e-06, 1.7939e-13, 2.2943e-27]])
2023-10-12 14:54:52,218 | INFO | hi-lo : END EPOCH:   9 | ACCURACY: 51.95 | LOSS: 1.5109471082687378
2023-10-12 14:54:52,218 | INFO | hi-lo : BEGIN EPOCH 10 =========================================================================
2023-10-12 14:54:52,218 | INFO | hi-lo.kernel-accessor : Fetching kernel: gumbel
2023-10-12 14:54:52,219 | INFO | hi-lo.gumbel-kernel : MU (LOCATION): -0.09976764768362045 | BETA (SCALE): 0.5485374927520752
2023-10-12 14:54:52,220 | INFO | hi-lo.gumbel-kernel : TOP-RIGHT
tensor([[1.2464e-25, 9.2246e-05, 9.9982e-01],
        [0.0000e+00, 1.2464e-25, 9.2246e-05],
        [0.0000e+00, 0.0000e+00, 1.2464e-25]])
2023-10-12 14:54:52,220 | INFO | hi-lo.kernel-accessor : Fetching kernel: gumbel
2023-10-12 14:54:52,220 | INFO | hi-lo.gumbel-kernel : MU (LOCATION): 1 | BETA (SCALE): 1
2023-10-12 14:54:52,221 | INFO | hi-lo.gumbel-kernel : STATIC
tensor([[5.6765e-01, 1.6550e-01, 3.2357e-02],
        [1.6550e-01, 3.2357e-02, 2.1352e-03],
        [3.2357e-02, 2.1352e-03, 7.3562e-06]])
2023-10-12 14:54:52,221 | INFO | hi-lo.kernel-accessor : Fetching kernel: gumbel
2023-10-12 14:54:52,222 | INFO | hi-lo.gumbel-kernel : MU (LOCATION): -1.3031035661697388 | BETA (SCALE): 2.661266326904297
2023-10-12 14:54:52,222 | INFO | hi-lo.gumbel-kernel : TOP-LEFT
tensor([[6.7478e-01, 1.3758e-01, 1.6121e-02],
        [1.3758e-01, 1.6121e-02, 8.4327e-04],
        [1.6121e-02, 8.4327e-04, 1.3630e-05]])
2023-10-12 14:54:52,222 | INFO | hi-lo.kernel-accessor : Fetching kernel: gumbel
2023-10-12 14:54:52,223 | INFO | hi-lo.gumbel-kernel : MU (LOCATION): -0.9841753244400024 | BETA (SCALE): 1.5439504384994507
2023-10-12 14:54:52,223 | INFO | hi-lo.gumbel-kernel : TOP-LEFT
tensor([[9.6133e-01, 1.9306e-02, 1.9881e-05],
        [1.9306e-02, 1.9881e-05, 7.0106e-11],
        [1.9881e-05, 7.0106e-11, 4.8006e-21]])
2023-10-12 14:55:00,730 | INFO | hi-lo : END EPOCH:  10 | ACCURACY: 51.74 | LOSS: 1.5265395641326904
2023-10-12 14:55:00,730 | INFO | hi-lo : BEGIN EPOCH 11 =========================================================================
2023-10-12 14:55:00,730 | INFO | hi-lo.kernel-accessor : Fetching kernel: gumbel
2023-10-12 14:55:00,731 | INFO | hi-lo.gumbel-kernel : MU (LOCATION): -0.1019006073474884 | BETA (SCALE): 0.45428603887557983
2023-10-12 14:55:00,731 | INFO | hi-lo.gumbel-kernel : TOP-LEFT
tensor([[1.0000e+00, 3.7838e-07, 0.0000e+00],
        [3.7838e-07, 0.0000e+00, 0.0000e+00],
        [0.0000e+00, 0.0000e+00, 0.0000e+00]])
2023-10-12 14:55:00,731 | INFO | hi-lo.kernel-accessor : Fetching kernel: gumbel
2023-10-12 14:55:00,732 | INFO | hi-lo.gumbel-kernel : MU (LOCATION): -0.8239657878875732 | BETA (SCALE): 1.0119757652282715
2023-10-12 14:55:00,732 | INFO | hi-lo.gumbel-kernel : TOP-RIGHT
tensor([[2.4236e-15, 6.8995e-05, 9.9986e-01],
        [1.1799e-42, 2.4236e-15, 6.8995e-05],
        [0.0000e+00, 1.1799e-42, 2.4236e-15]])
2023-10-12 14:55:00,733 | INFO | hi-lo.kernel-accessor : Fetching kernel: gumbel
2023-10-12 14:55:00,733 | INFO | hi-lo.gumbel-kernel : MU (LOCATION): -1.0192029476165771 | BETA (SCALE): 2.41043758392334
2023-10-12 14:55:00,734 | INFO | hi-lo.gumbel-kernel : TOP-RIGHT
tensor([[1.4656e-02, 1.3609e-01, 6.8261e-01],
        [6.2123e-04, 1.4656e-02, 1.3609e-01],
        [6.4164e-06, 6.2123e-04, 1.4656e-02]])
2023-10-12 14:55:00,734 | INFO | hi-lo.kernel-accessor : Fetching kernel: gumbel
2023-10-12 14:55:00,734 | INFO | hi-lo.gumbel-kernel : MU (LOCATION): -1.2381633520126343 | BETA (SCALE): 1.8428268432617188
2023-10-12 14:55:00,735 | INFO | hi-lo.gumbel-kernel : TOP-LEFT
tensor([[9.3113e-01, 3.4177e-02, 1.7143e-04],
        [3.4177e-02, 1.7143e-04, 2.8004e-08],
        [1.7143e-04, 2.8004e-08, 1.2634e-14]])
2023-10-12 14:55:09,376 | INFO | hi-lo : END EPOCH:  11 | ACCURACY: 53.65 | LOSS: 1.0901343822479248
2023-10-12 14:55:09,376 | INFO | hi-lo : BEGIN EPOCH 12 =========================================================================
2023-10-12 14:55:09,377 | INFO | hi-lo.kernel-accessor : Fetching kernel: gumbel
2023-10-12 14:55:09,377 | INFO | hi-lo.gumbel-kernel : MU (LOCATION): 1 | BETA (SCALE): 1
2023-10-12 14:55:09,378 | INFO | hi-lo.gumbel-kernel : STATIC
tensor([[5.6765e-01, 1.6550e-01, 3.2357e-02],
        [1.6550e-01, 3.2357e-02, 2.1352e-03],
        [3.2357e-02, 2.1352e-03, 7.3562e-06]])
2023-10-12 14:55:09,378 | INFO | hi-lo.kernel-accessor : Fetching kernel: gumbel
2023-10-12 14:55:09,379 | INFO | hi-lo.gumbel-kernel : MU (LOCATION): -0.5874629020690918 | BETA (SCALE): 0.9767758846282959
2023-10-12 14:55:09,379 | INFO | hi-lo.gumbel-kernel : TOP-RIGHT
tensor([[2.2425e-11, 9.4466e-04, 9.9811e-01],
        [8.3078e-32, 2.2425e-11, 9.4466e-04],
        [0.0000e+00, 8.3078e-32, 2.2425e-11]])
2023-10-12 14:55:09,379 | INFO | hi-lo.kernel-accessor : Fetching kernel: gumbel
2023-10-12 14:55:09,380 | INFO | hi-lo.gumbel-kernel : MU (LOCATION): 1 | BETA (SCALE): 1
2023-10-12 14:55:09,380 | INFO | hi-lo.gumbel-kernel : STATIC
tensor([[5.6765e-01, 1.6550e-01, 3.2357e-02],
        [1.6550e-01, 3.2357e-02, 2.1352e-03],
        [3.2357e-02, 2.1352e-03, 7.3562e-06]])
2023-10-12 14:55:09,380 | INFO | hi-lo.kernel-accessor : Fetching kernel: gumbel
2023-10-12 14:55:09,381 | INFO | hi-lo.gumbel-kernel : MU (LOCATION): -1.1301367282867432 | BETA (SCALE): 1.8357545137405396
2023-10-12 14:55:09,381 | INFO | hi-lo.gumbel-kernel : TOP-LEFT
tensor([[9.1053e-01, 4.4199e-02, 3.5596e-04],
        [4.4199e-02, 3.5596e-04, 1.2951e-07],
        [3.5596e-04, 1.2951e-07, 2.2601e-13]])
2023-10-12 14:55:17,987 | INFO | hi-lo : END EPOCH:  12 | ACCURACY: 63.02 | LOSS: 1.2398344278335571
2023-10-12 14:55:17,987 | INFO | hi-lo : BEGIN EPOCH 13 =========================================================================
2023-10-12 14:55:17,988 | INFO | hi-lo.kernel-accessor : Fetching kernel: gumbel
2023-10-12 14:55:17,988 | INFO | hi-lo.gumbel-kernel : MU (LOCATION): 1 | BETA (SCALE): 1
2023-10-12 14:55:17,989 | INFO | hi-lo.gumbel-kernel : STATIC
tensor([[5.6765e-01, 1.6550e-01, 3.2357e-02],
        [1.6550e-01, 3.2357e-02, 2.1352e-03],
        [3.2357e-02, 2.1352e-03, 7.3562e-06]])
2023-10-12 14:55:17,989 | INFO | hi-lo.kernel-accessor : Fetching kernel: gumbel
2023-10-12 14:55:17,989 | INFO | hi-lo.gumbel-kernel : MU (LOCATION): 1 | BETA (SCALE): 1
2023-10-12 14:55:17,990 | INFO | hi-lo.gumbel-kernel : STATIC
tensor([[5.6765e-01, 1.6550e-01, 3.2357e-02],
        [1.6550e-01, 3.2357e-02, 2.1352e-03],
        [3.2357e-02, 2.1352e-03, 7.3562e-06]])
2023-10-12 14:55:17,990 | INFO | hi-lo.kernel-accessor : Fetching kernel: gumbel
2023-10-12 14:55:17,990 | INFO | hi-lo.gumbel-kernel : MU (LOCATION): -1.4988797903060913 | BETA (SCALE): 2.4839186668395996
2023-10-12 14:55:17,991 | INFO | hi-lo.gumbel-kernel : TOP-RIGHT
tensor([[5.5997e-03, 9.9864e-02, 7.8329e-01],
        [9.1907e-05, 5.5997e-03, 9.9864e-02],
        [2.4015e-07, 9.1907e-05, 5.5997e-03]])
2023-10-12 14:55:17,991 | INFO | hi-lo.kernel-accessor : Fetching kernel: gumbel
2023-10-12 14:55:17,992 | INFO | hi-lo.gumbel-kernel : MU (LOCATION): -1.1205925941467285 | BETA (SCALE): 1.732682466506958
2023-10-12 14:55:17,992 | INFO | hi-lo.gumbel-kernel : TOP-LEFT
tensor([[9.3852e-01, 3.0579e-02, 1.0786e-04],
        [3.0579e-02, 1.0786e-04, 7.2570e-09],
        [1.0786e-04, 7.2570e-09, 4.2290e-16]])
2023-10-12 14:55:26,560 | INFO | hi-lo : END EPOCH:  13 | ACCURACY: 62.5 | LOSS: 1.3572765588760376
2023-10-12 14:55:26,560 | INFO | hi-lo : BEGIN EPOCH 14 =========================================================================
2023-10-12 14:55:26,560 | INFO | hi-lo.kernel-accessor : Fetching kernel: gumbel
2023-10-12 14:55:26,561 | INFO | hi-lo.gumbel-kernel : MU (LOCATION): -0.13248266279697418 | BETA (SCALE): 0.42436304688453674
2023-10-12 14:55:26,561 | INFO | hi-lo.gumbel-kernel : TOP-LEFT
tensor([[1.0000e+00, 1.6976e-09, 0.0000e+00],
        [1.6976e-09, 0.0000e+00, 0.0000e+00],
        [0.0000e+00, 0.0000e+00, 0.0000e+00]])
2023-10-12 14:55:26,561 | INFO | hi-lo.kernel-accessor : Fetching kernel: gumbel
2023-10-12 14:55:26,562 | INFO | hi-lo.gumbel-kernel : MU (LOCATION): -0.6554335951805115 | BETA (SCALE): 0.8910945057868958
2023-10-12 14:55:26,562 | INFO | hi-lo.gumbel-kernel : TOP-RIGHT
tensor([[1.1900e-17, 3.9386e-05, 9.9992e-01],
        [0.0000e+00, 1.1900e-17, 3.9386e-05],
        [0.0000e+00, 0.0000e+00, 1.1900e-17]])
2023-10-12 14:55:26,563 | INFO | hi-lo.kernel-accessor : Fetching kernel: gumbel
2023-10-12 14:55:26,563 | INFO | hi-lo.gumbel-kernel : MU (LOCATION): 1 | BETA (SCALE): 1
2023-10-12 14:55:26,564 | INFO | hi-lo.gumbel-kernel : STATIC
tensor([[5.6765e-01, 1.6550e-01, 3.2357e-02],
        [1.6550e-01, 3.2357e-02, 2.1352e-03],
        [3.2357e-02, 2.1352e-03, 7.3562e-06]])
2023-10-12 14:55:26,564 | INFO | hi-lo.kernel-accessor : Fetching kernel: gumbel
2023-10-12 14:55:26,564 | INFO | hi-lo.gumbel-kernel : MU (LOCATION): 1 | BETA (SCALE): 1
2023-10-12 14:55:26,565 | INFO | hi-lo.gumbel-kernel : STATIC
tensor([[5.6765e-01, 1.6550e-01, 3.2357e-02],
        [1.6550e-01, 3.2357e-02, 2.1352e-03],
        [3.2357e-02, 2.1352e-03, 7.3562e-06]])
2023-10-12 14:55:35,111 | INFO | hi-lo : END EPOCH:  14 | ACCURACY: 57.94 | LOSS: 1.2418814897537231
2023-10-12 14:55:35,111 | INFO | hi-lo : BEGIN EPOCH 15 =========================================================================
2023-10-12 14:55:35,111 | INFO | hi-lo.kernel-accessor : Fetching kernel: gumbel
2023-10-12 14:55:35,111 | INFO | hi-lo.gumbel-kernel : MU (LOCATION): 1 | BETA (SCALE): 1
2023-10-12 14:55:35,112 | INFO | hi-lo.gumbel-kernel : STATIC
tensor([[5.6765e-01, 1.6550e-01, 3.2357e-02],
        [1.6550e-01, 3.2357e-02, 2.1352e-03],
        [3.2357e-02, 2.1352e-03, 7.3562e-06]])
2023-10-12 14:55:35,112 | INFO | hi-lo.kernel-accessor : Fetching kernel: gumbel
2023-10-12 14:55:35,113 | INFO | hi-lo.gumbel-kernel : MU (LOCATION): 1 | BETA (SCALE): 1
2023-10-12 14:55:35,113 | INFO | hi-lo.gumbel-kernel : STATIC
tensor([[5.6765e-01, 1.6550e-01, 3.2357e-02],
        [1.6550e-01, 3.2357e-02, 2.1352e-03],
        [3.2357e-02, 2.1352e-03, 7.3562e-06]])
2023-10-12 14:55:35,113 | INFO | hi-lo.kernel-accessor : Fetching kernel: gumbel
2023-10-12 14:55:35,114 | INFO | hi-lo.gumbel-kernel : MU (LOCATION): 1 | BETA (SCALE): 1
2023-10-12 14:55:35,114 | INFO | hi-lo.gumbel-kernel : STATIC
tensor([[5.6765e-01, 1.6550e-01, 3.2357e-02],
        [1.6550e-01, 3.2357e-02, 2.1352e-03],
        [3.2357e-02, 2.1352e-03, 7.3562e-06]])
2023-10-12 14:55:35,114 | INFO | hi-lo.kernel-accessor : Fetching kernel: gumbel
2023-10-12 14:55:35,115 | INFO | hi-lo.gumbel-kernel : MU (LOCATION): -1.3862074613571167 | BETA (SCALE): 2.027855157852173
2023-10-12 14:55:35,115 | INFO | hi-lo.gumbel-kernel : TOP-LEFT
tensor([[9.0773e-01, 4.5440e-02, 4.6177e-04],
        [4.5440e-02, 4.6177e-04, 3.4476e-07],
        [4.6177e-04, 3.4476e-07, 3.5802e-12]])
2023-10-12 14:55:43,666 | INFO | hi-lo : END EPOCH:  15 | ACCURACY: 62.5 | LOSS: 1.2676118612289429
2023-10-12 14:55:43,666 | INFO | hi-lo : BEGIN EPOCH 16 =========================================================================
2023-10-12 14:55:43,666 | INFO | hi-lo.kernel-accessor : Fetching kernel: gumbel
2023-10-12 14:55:43,667 | INFO | hi-lo.gumbel-kernel : MU (LOCATION): -0.04938308522105217 | BETA (SCALE): 0.45084893703460693
2023-10-12 14:55:43,668 | INFO | hi-lo.gumbel-kernel : TOP-RIGHT
tensor([[0.0000e+00, 4.0654e-06, 9.9999e-01],
        [0.0000e+00, 0.0000e+00, 4.0654e-06],
        [0.0000e+00, 0.0000e+00, 0.0000e+00]])
2023-10-12 14:55:43,668 | INFO | hi-lo.kernel-accessor : Fetching kernel: gumbel
2023-10-12 14:55:43,668 | INFO | hi-lo.gumbel-kernel : MU (LOCATION): -0.5349992513656616 | BETA (SCALE): 0.922212541103363
2023-10-12 14:55:43,669 | INFO | hi-lo.gumbel-kernel : TOP-LEFT
tensor([[9.9869e-01, 6.5455e-04, 2.1017e-12],
        [6.5455e-04, 2.1017e-12, 1.3340e-36],
        [2.1017e-12, 1.3340e-36, 0.0000e+00]])
2023-10-12 14:55:43,669 | INFO | hi-lo.kernel-accessor : Fetching kernel: gumbel
2023-10-12 14:55:43,669 | INFO | hi-lo.gumbel-kernel : MU (LOCATION): -1.0637264251708984 | BETA (SCALE): 2.286482810974121
2023-10-12 14:55:43,670 | INFO | hi-lo.gumbel-kernel : TOP-RIGHT
tensor([[8.8621e-03, 1.1831e-01, 7.3638e-01],
        [2.0360e-04, 8.8621e-03, 1.1831e-01],
        [7.5028e-07, 2.0360e-04, 8.8621e-03]])
2023-10-12 14:55:43,670 | INFO | hi-lo.kernel-accessor : Fetching kernel: gumbel
2023-10-12 14:55:43,670 | INFO | hi-lo.gumbel-kernel : MU (LOCATION): -1.1762436628341675 | BETA (SCALE): 1.6578370332717896
2023-10-12 14:55:43,671 | INFO | hi-lo.gumbel-kernel : TOP-RIGHT
tensor([[1.8118e-05, 1.7244e-02, 9.6546e-01],
        [1.0724e-10, 1.8118e-05, 1.7244e-02],
        [4.9117e-20, 1.0724e-10, 1.8118e-05]])
2023-10-12 14:55:52,293 | INFO | hi-lo : END EPOCH:  16 | ACCURACY: 60.94 | LOSS: 1.3820537328720093
2023-10-12 14:55:52,293 | INFO | hi-lo : BEGIN EPOCH 17 =========================================================================
2023-10-12 14:55:52,293 | INFO | hi-lo.kernel-accessor : Fetching kernel: gumbel
2023-10-12 14:55:52,294 | INFO | hi-lo.gumbel-kernel : MU (LOCATION): -0.13071958720684052 | BETA (SCALE): 0.4679450988769531
2023-10-12 14:55:52,294 | INFO | hi-lo.gumbel-kernel : TOP-LEFT
tensor([[1.0000e+00, 2.4933e-07, 0.0000e+00],
        [2.4933e-07, 0.0000e+00, 0.0000e+00],
        [0.0000e+00, 0.0000e+00, 0.0000e+00]])
2023-10-12 14:55:52,295 | INFO | hi-lo.kernel-accessor : Fetching kernel: gumbel
2023-10-12 14:55:52,295 | INFO | hi-lo.gumbel-kernel : MU (LOCATION): -0.7504388093948364 | BETA (SCALE): 1.014111876487732
2023-10-12 14:55:52,295 | INFO | hi-lo.gumbel-kernel : TOP-RIGHT
tensor([[2.1932e-13, 2.3176e-04, 9.9954e-01],
        [7.4151e-37, 2.1932e-13, 2.3176e-04],
        [0.0000e+00, 7.4151e-37, 2.1932e-13]])
2023-10-12 14:55:52,296 | INFO | hi-lo.kernel-accessor : Fetching kernel: gumbel
2023-10-12 14:55:52,296 | INFO | hi-lo.gumbel-kernel : MU (LOCATION): -1.3618565797805786 | BETA (SCALE): 2.6324005126953125
2023-10-12 14:55:52,296 | INFO | hi-lo.gumbel-kernel : TOP-RIGHT
tensor([[1.3296e-02, 1.3016e-01, 6.9865e-01],
        [5.6407e-04, 1.3296e-02, 1.3016e-01],
        [6.6222e-06, 5.6407e-04, 1.3296e-02]])
2023-10-12 14:55:52,297 | INFO | hi-lo.kernel-accessor : Fetching kernel: gumbel
2023-10-12 14:55:52,297 | INFO | hi-lo.gumbel-kernel : MU (LOCATION): 1 | BETA (SCALE): 1
2023-10-12 14:55:52,298 | INFO | hi-lo.gumbel-kernel : STATIC
tensor([[5.6765e-01, 1.6550e-01, 3.2357e-02],
        [1.6550e-01, 3.2357e-02, 2.1352e-03],
        [3.2357e-02, 2.1352e-03, 7.3562e-06]])
2023-10-12 14:56:01,167 | INFO | hi-lo : END EPOCH:  17 | ACCURACY: 79.69 | LOSS: 1.1242165565490723
2023-10-12 14:56:01,167 | INFO | hi-lo : BEGIN EPOCH 18 =========================================================================
2023-10-12 14:56:01,167 | INFO | hi-lo.kernel-accessor : Fetching kernel: gumbel
2023-10-12 14:56:01,168 | INFO | hi-lo.gumbel-kernel : MU (LOCATION): 1 | BETA (SCALE): 1
2023-10-12 14:56:01,169 | INFO | hi-lo.gumbel-kernel : STATIC
tensor([[5.6765e-01, 1.6550e-01, 3.2357e-02],
        [1.6550e-01, 3.2357e-02, 2.1352e-03],
        [3.2357e-02, 2.1352e-03, 7.3562e-06]])
2023-10-12 14:56:01,169 | INFO | hi-lo.kernel-accessor : Fetching kernel: gumbel
2023-10-12 14:56:01,169 | INFO | hi-lo.gumbel-kernel : MU (LOCATION): -0.5255292654037476 | BETA (SCALE): 0.8985762000083923
2023-10-12 14:56:01,170 | INFO | hi-lo.gumbel-kernel : TOP-LEFT
tensor([[9.9909e-01, 4.5529e-04, 3.0050e-13],
        [4.5529e-04, 3.0050e-13, 3.3755e-40],
        [3.0050e-13, 3.3755e-40, 0.0000e+00]])
2023-10-12 14:56:01,170 | INFO | hi-lo.kernel-accessor : Fetching kernel: gumbel
2023-10-12 14:56:01,170 | INFO | hi-lo.gumbel-kernel : MU (LOCATION): 1 | BETA (SCALE): 1
2023-10-12 14:56:01,171 | INFO | hi-lo.gumbel-kernel : STATIC
tensor([[5.6765e-01, 1.6550e-01, 3.2357e-02],
        [1.6550e-01, 3.2357e-02, 2.1352e-03],
        [3.2357e-02, 2.1352e-03, 7.3562e-06]])
2023-10-12 14:56:01,171 | INFO | hi-lo.kernel-accessor : Fetching kernel: gumbel
2023-10-12 14:56:01,172 | INFO | hi-lo.gumbel-kernel : MU (LOCATION): 1 | BETA (SCALE): 1
2023-10-12 14:56:01,172 | INFO | hi-lo.gumbel-kernel : STATIC
tensor([[5.6765e-01, 1.6550e-01, 3.2357e-02],
        [1.6550e-01, 3.2357e-02, 2.1352e-03],
        [3.2357e-02, 2.1352e-03, 7.3562e-06]])
2023-10-12 14:56:10,003 | INFO | hi-lo : END EPOCH:  18 | ACCURACY: 63.28 | LOSS: 1.2982088327407837
2023-10-12 14:56:10,003 | INFO | hi-lo : BEGIN EPOCH 19 =========================================================================
2023-10-12 14:56:10,003 | INFO | hi-lo.kernel-accessor : Fetching kernel: gumbel
2023-10-12 14:56:10,004 | INFO | hi-lo.gumbel-kernel : MU (LOCATION): -0.03438742831349373 | BETA (SCALE): 0.4830765128135681
2023-10-12 14:56:10,005 | INFO | hi-lo.gumbel-kernel : TOP-LEFT
tensor([[9.9991e-01, 4.2967e-05, 1.7805e-33],
        [4.2967e-05, 1.7805e-33, 0.0000e+00],
        [1.7805e-33, 0.0000e+00, 0.0000e+00]])
2023-10-12 14:56:10,005 | INFO | hi-lo.kernel-accessor : Fetching kernel: gumbel
2023-10-12 14:56:10,005 | INFO | hi-lo.gumbel-kernel : MU (LOCATION): -0.49898213148117065 | BETA (SCALE): 0.9550443887710571
2023-10-12 14:56:10,006 | INFO | hi-lo.gumbel-kernel : TOP-RIGHT
tensor([[1.9909e-10, 1.8204e-03, 9.9636e-01],
        [2.0215e-29, 1.9909e-10, 1.8204e-03],
        [0.0000e+00, 2.0215e-29, 1.9909e-10]])
2023-10-12 14:56:10,006 | INFO | hi-lo.kernel-accessor : Fetching kernel: gumbel
2023-10-12 14:56:10,006 | INFO | hi-lo.gumbel-kernel : MU (LOCATION): -1.7148425579071045 | BETA (SCALE): 2.7976629734039307
2023-10-12 14:56:10,007 | INFO | hi-lo.gumbel-kernel : TOP-RIGHT
tensor([[1.0213e-02, 1.1841e-01, 7.3183e-01],
        [3.5840e-04, 1.0213e-02, 1.1841e-01],
        [3.4771e-06, 3.5840e-04, 1.0213e-02]])
2023-10-12 14:56:10,007 | INFO | hi-lo.kernel-accessor : Fetching kernel: gumbel
2023-10-12 14:56:10,007 | INFO | hi-lo.gumbel-kernel : MU (LOCATION): -1.2193403244018555 | BETA (SCALE): 1.8977305889129639
2023-10-12 14:56:10,008 | INFO | hi-lo.gumbel-kernel : TOP-LEFT
tensor([[9.1125e-01, 4.3819e-02, 3.6992e-04],
        [4.3819e-02, 3.6992e-04, 1.6398e-07],
        [3.6992e-04, 1.6398e-07, 4.9415e-13]])
2023-10-12 14:56:18,644 | INFO | hi-lo : END EPOCH:  19 | ACCURACY: 60.94 | LOSS: 0.9421610236167908
2023-10-12 14:56:18,644 | INFO | hi-lo : BEGIN EPOCH 20 =========================================================================
2023-10-12 14:56:18,644 | INFO | hi-lo.kernel-accessor : Fetching kernel: gumbel
2023-10-12 14:56:18,645 | INFO | hi-lo.gumbel-kernel : MU (LOCATION): -0.047972019761800766 | BETA (SCALE): 0.4724902808666229
2023-10-12 14:56:18,645 | INFO | hi-lo.gumbel-kernel : TOP-LEFT
tensor([[9.9997e-01, 1.5698e-05, 1.0598e-38],
        [1.5698e-05, 1.0598e-38, 0.0000e+00],
        [1.0598e-38, 0.0000e+00, 0.0000e+00]])
2023-10-12 14:56:18,645 | INFO | hi-lo.kernel-accessor : Fetching kernel: gumbel
2023-10-12 14:56:18,646 | INFO | hi-lo.gumbel-kernel : MU (LOCATION): -0.6308650374412537 | BETA (SCALE): 0.8700886964797974
2023-10-12 14:56:18,646 | INFO | hi-lo.gumbel-kernel : TOP-RIGHT
tensor([[2.5708e-18, 3.2258e-05, 9.9994e-01],
        [0.0000e+00, 2.5708e-18, 3.2258e-05],
        [0.0000e+00, 0.0000e+00, 2.5708e-18]])
2023-10-12 14:56:18,647 | INFO | hi-lo.kernel-accessor : Fetching kernel: gumbel
2023-10-12 14:56:18,647 | INFO | hi-lo.gumbel-kernel : MU (LOCATION): -1.2433147430419922 | BETA (SCALE): 2.398012161254883
2023-10-12 14:56:18,648 | INFO | hi-lo.gumbel-kernel : TOP-LEFT
tensor([[7.4636e-01, 1.1429e-01, 8.2248e-03],
        [1.1429e-01, 8.2248e-03, 1.8819e-04],
        [8.2248e-03, 1.8819e-04, 7.5667e-07]])
2023-10-12 14:56:18,648 | INFO | hi-lo.kernel-accessor : Fetching kernel: gumbel
2023-10-12 14:56:18,648 | INFO | hi-lo.gumbel-kernel : MU (LOCATION): -2.0582587718963623 | BETA (SCALE): 2.7220473289489746
2023-10-12 14:56:18,649 | INFO | hi-lo.gumbel-kernel : TOP-RIGHT
tensor([[2.9214e-03, 7.7306e-02, 8.3656e-01],
        [3.0357e-05, 2.9214e-03, 7.7306e-02],
        [4.8898e-08, 3.0357e-05, 2.9214e-03]])
2023-10-12 14:56:27,384 | INFO | hi-lo : END EPOCH:  20 | ACCURACY: 55.64 | LOSS: 1.557444453239441
2023-10-12 14:56:27,384 | INFO | hi-lo : BEGIN EPOCH 21 =========================================================================
2023-10-12 14:56:27,384 | INFO | hi-lo.kernel-accessor : Fetching kernel: gumbel
2023-10-12 14:56:27,385 | INFO | hi-lo.gumbel-kernel : MU (LOCATION): -0.11428748816251755 | BETA (SCALE): 0.5045202970504761
2023-10-12 14:56:27,386 | INFO | hi-lo.gumbel-kernel : TOP-LEFT
tensor([[9.9999e-01, 7.3094e-06, 9.4117e-38],
        [7.3094e-06, 9.4114e-38, 0.0000e+00],
        [9.4117e-38, 0.0000e+00, 0.0000e+00]])
2023-10-12 14:56:27,386 | INFO | hi-lo.kernel-accessor : Fetching kernel: gumbel
2023-10-12 14:56:27,387 | INFO | hi-lo.gumbel-kernel : MU (LOCATION): 1 | BETA (SCALE): 1
2023-10-12 14:56:27,387 | INFO | hi-lo.gumbel-kernel : STATIC
tensor([[5.6765e-01, 1.6550e-01, 3.2357e-02],
        [1.6550e-01, 3.2357e-02, 2.1352e-03],
        [3.2357e-02, 2.1352e-03, 7.3562e-06]])
2023-10-12 14:56:27,387 | INFO | hi-lo.kernel-accessor : Fetching kernel: gumbel
2023-10-12 14:56:27,388 | INFO | hi-lo.gumbel-kernel : MU (LOCATION): -1.5684919357299805 | BETA (SCALE): 2.9643352031707764
2023-10-12 14:56:27,388 | INFO | hi-lo.gumbel-kernel : TOP-RIGHT
tensor([[2.0480e-02, 1.4499e-01, 6.4551e-01],
        [1.5103e-03, 2.0480e-02, 1.4499e-01],
        [4.4803e-05, 1.5103e-03, 2.0480e-02]])
2023-10-12 14:56:27,389 | INFO | hi-lo.kernel-accessor : Fetching kernel: gumbel
