2023-10-13 08:41:15,925 | INFO | hi-lo : 
+=========================================================================+
|  ______     ______   ______    ___         ___        ______   _______  |
| /| ___ \  // ____ \ /| ___ \  /| |        /| |      // ____ \ /| ___  \ |
| /| |//\ \ /| |//| | /| |//\ \ /| |        /| |      /| |//| | /| |//| | |
| /| | /| | /| ____ | /| | /| | /| |        /| |      /| ____ | /| ___  / |
| /| |_// / /| |//| | /| |_// / /| |____    /| |____  /| |//| | /| |//\ \ |
| /|_____/  /|_| /|_| /|_____/  /|______|   /|______| /|_| /|_| /|______/ |
| ///////   ///  ///  //////    ////////    ////////  ///  ///  ////////  |
+=========================================================================+
|                  Hi-Lo Resolution Image Classification                  |
|                  -------------------------------------                  |
|                            Gabriel C. Trahan                            |
|                               Sahan Ahmad                               |
|                            MD  Aminual Islam                            |
+=========================================================================+
| MODEL:                      normal | LR:                            0.1 |
| DISTRO:                   gaussian | KERNEL TYPE:                     1 |
| DATASET:                     mnist | BATCH SIZE:                     64 |
+=========================================================================+
2023-10-13 08:41:15,926 | INFO | hi-lo : Output directory: output/gaussian//1/normal/mnist/20231013_084115
2023-10-13 08:41:15,926 | INFO | hi-lo.dataset-accessor : Fetching dataset: mnist
2023-10-13 08:41:15,926 | INFO | hi-lo.mnist-dataset : Initializing transform.
2023-10-13 08:41:15,926 | INFO | hi-lo.mnist-dataset : Verifying/downloading train data.
2023-10-13 08:41:16,175 | INFO | hi-lo.mnist-dataset : Verifying/downloading test data.
2023-10-13 08:41:16,215 | INFO | hi-lo.mnist-dataset : Creating train data loader.
2023-10-13 08:41:16,216 | INFO | hi-lo.mnist-dataset : Creating test data loader.
2023-10-13 08:41:17,254 | INFO | hi-lo : Using device: NVIDIA GeForce GTX 1060 6GB
2023-10-13 08:41:17,254 | INFO | hi-lo : Commencing training phase...
2023-10-13 08:41:17,255 | INFO | hi-lo : BEGIN EPOCH 1 =========================================================================
2023-10-13 08:41:17,255 | INFO | hi-lo.kernel-accessor : Fetching kernel: gaussian
2023-10-13 08:41:17,256 | INFO | hi-lo.gaussian-kernel : MU (LOCATION): 0.0 | SIGMA (SCALE): 1.0 | VARIANCE: 1.0
2023-10-13 08:41:17,256 | INFO | hi-lo.gaussian-kernel : BOTTOM-RIGHT
tensor([[0.0060, 0.0271, 0.0446],
        [0.0271, 0.1212, 0.1999],
        [0.0446, 0.1999, 0.3296]])
2023-10-13 08:41:17,256 | INFO | hi-lo.kernel-accessor : Fetching kernel: gaussian
2023-10-13 08:41:17,256 | INFO | hi-lo.gaussian-kernel : MU (LOCATION): 0.0 | SIGMA (SCALE): 1.0 | VARIANCE: 1.0
2023-10-13 08:41:17,257 | INFO | hi-lo.gaussian-kernel : TOP-LEFT
tensor([[0.3296, 0.1999, 0.0446],
        [0.1999, 0.1212, 0.0271],
        [0.0446, 0.0271, 0.0060]])
2023-10-13 08:41:17,257 | INFO | hi-lo.kernel-accessor : Fetching kernel: gaussian
2023-10-13 08:41:17,257 | INFO | hi-lo.gaussian-kernel : MU (LOCATION): 0.0 | SIGMA (SCALE): 1.0 | VARIANCE: 1.0
2023-10-13 08:41:17,257 | INFO | hi-lo.gaussian-kernel : TOP-LEFT
tensor([[0.3296, 0.1999, 0.0446],
        [0.1999, 0.1212, 0.0271],
        [0.0446, 0.0271, 0.0060]])
2023-10-13 08:41:17,257 | INFO | hi-lo.kernel-accessor : Fetching kernel: gaussian
2023-10-13 08:41:17,257 | INFO | hi-lo.gaussian-kernel : MU (LOCATION): 0.0 | SIGMA (SCALE): 1.0 | VARIANCE: 1.0
2023-10-13 08:41:17,258 | INFO | hi-lo.gaussian-kernel : BOTTOM-RIGHT
tensor([[0.0060, 0.0271, 0.0446],
        [0.0271, 0.1212, 0.1999],
        [0.0446, 0.1999, 0.3296]])
2023-10-13 08:41:26,075 | INFO | hi-lo : END EPOCH:   1 | ACCURACY: 96.88 | LOSS: 0.045750122517347336
2023-10-13 08:41:26,075 | INFO | hi-lo : BEGIN EPOCH 2 =========================================================================
2023-10-13 08:41:26,075 | INFO | hi-lo.kernel-accessor : Fetching kernel: gaussian
2023-10-13 08:41:26,076 | INFO | hi-lo.gaussian-kernel : MU (LOCATION): -0.7021915316581726 | SIGMA (SCALE): 0.6624377965927124 | VARIANCE: 0.4388238343546078
2023-10-13 08:41:26,077 | INFO | hi-lo.gaussian-kernel : TOP-LEFT
tensor([[8.8162e-01, 5.6950e-02, 3.7674e-04],
        [5.6950e-02, 3.6789e-03, 2.4336e-05],
        [3.7674e-04, 2.4336e-05, 1.6099e-07]])
2023-10-13 08:41:26,077 | INFO | hi-lo.kernel-accessor : Fetching kernel: gaussian
2023-10-13 08:41:26,077 | INFO | hi-lo.gaussian-kernel : MU (LOCATION): -0.7448088526725769 | SIGMA (SCALE): 0.8217606544494629 | VARIANCE: 0.6752905732012096
2023-10-13 08:41:26,078 | INFO | hi-lo.gaussian-kernel : BOTTOM-RIGHT
tensor([[2.3967e-05, 6.6572e-04, 4.2059e-03],
        [6.6572e-04, 1.8492e-02, 1.1683e-01],
        [4.2059e-03, 1.1683e-01, 7.3809e-01]])
2023-10-13 08:41:26,078 | INFO | hi-lo.kernel-accessor : Fetching kernel: gaussian
2023-10-13 08:41:26,079 | INFO | hi-lo.gaussian-kernel : MU (LOCATION): -0.3894495964050293 | SIGMA (SCALE): 1.1504260301589966 | VARIANCE: 1.3234800508673885
2023-10-13 08:41:26,079 | INFO | hi-lo.gaussian-kernel : TOP-LEFT
tensor([[0.3749, 0.1915, 0.0459],
        [0.1915, 0.0978, 0.0235],
        [0.0459, 0.0235, 0.0056]])
2023-10-13 08:41:26,079 | INFO | hi-lo.kernel-accessor : Fetching kernel: gaussian
2023-10-13 08:41:26,080 | INFO | hi-lo.gaussian-kernel : MU (LOCATION): -0.5582683086395264 | SIGMA (SCALE): 1.5597131252288818 | VARIANCE: 2.4327050330112456
2023-10-13 08:41:26,080 | INFO | hi-lo.gaussian-kernel : BOTTOM-RIGHT
tensor([[0.0208, 0.0485, 0.0749],
        [0.0485, 0.1131, 0.1747],
        [0.0749, 0.1747, 0.2699]])
2023-10-13 08:41:34,153 | INFO | hi-lo : END EPOCH:   2 | ACCURACY: 97.87 | LOSS: 0.019567133858799934
2023-10-13 08:41:34,153 | INFO | hi-lo : BEGIN EPOCH 3 =========================================================================
2023-10-13 08:41:34,154 | INFO | hi-lo.kernel-accessor : Fetching kernel: gaussian
2023-10-13 08:41:34,154 | INFO | hi-lo.gaussian-kernel : MU (LOCATION): -0.7361038327217102 | SIGMA (SCALE): 0.61534184217453 | VARIANCE: 0.3786455827307442
2023-10-13 08:41:34,155 | INFO | hi-lo.gaussian-kernel : TOP-LEFT
tensor([[9.2755e-01, 3.5446e-02, 9.6567e-05],
        [3.5446e-02, 1.3546e-03, 3.6902e-06],
        [9.6567e-05, 3.6902e-06, 1.0053e-08]])
2023-10-13 08:41:34,155 | INFO | hi-lo.kernel-accessor : Fetching kernel: gaussian
2023-10-13 08:41:34,156 | INFO | hi-lo.gaussian-kernel : MU (LOCATION): -0.6805275082588196 | SIGMA (SCALE): 0.7267138957977295 | VARIANCE: 0.5281130863455132
2023-10-13 08:41:34,156 | INFO | hi-lo.gaussian-kernel : BOTTOM-RIGHT
tensor([[2.4124e-06, 1.4984e-04, 1.4010e-03],
        [1.4984e-04, 9.3063e-03, 8.7013e-02],
        [1.4010e-03, 8.7013e-02, 8.1356e-01]])
2023-10-13 08:41:34,156 | INFO | hi-lo.kernel-accessor : Fetching kernel: gaussian
2023-10-13 08:41:34,157 | INFO | hi-lo.gaussian-kernel : MU (LOCATION): -0.43372642993927 | SIGMA (SCALE): 1.0964839458465576 | VARIANCE: 1.2022770434992367
2023-10-13 08:41:34,157 | INFO | hi-lo.gaussian-kernel : TOP-LEFT
tensor([[0.4151, 0.1909, 0.0382],
        [0.1909, 0.0878, 0.0176],
        [0.0382, 0.0176, 0.0035]])
2023-10-13 08:41:34,157 | INFO | hi-lo.kernel-accessor : Fetching kernel: gaussian
2023-10-13 08:41:34,158 | INFO | hi-lo.gaussian-kernel : MU (LOCATION): -0.6952528357505798 | SIGMA (SCALE): 1.857735276222229 | VARIANCE: 3.4511803565204815
2023-10-13 08:41:34,158 | INFO | hi-lo.gaussian-kernel : BOTTOM-RIGHT
tensor([[0.0323, 0.0611, 0.0864],
        [0.0611, 0.1154, 0.1632],
        [0.0864, 0.1632, 0.2308]])
2023-10-13 08:41:42,266 | INFO | hi-lo : END EPOCH:   3 | ACCURACY: 99.22 | LOSS: 0.062392398715019226
2023-10-13 08:41:42,266 | INFO | hi-lo : BEGIN EPOCH 4 =========================================================================
2023-10-13 08:41:42,267 | INFO | hi-lo.kernel-accessor : Fetching kernel: gaussian
2023-10-13 08:41:42,267 | INFO | hi-lo.gaussian-kernel : MU (LOCATION): -0.7222182750701904 | SIGMA (SCALE): 0.6352840065956116 | VARIANCE: 0.40358576903617305
2023-10-13 08:41:42,268 | INFO | hi-lo.gaussian-kernel : BOTTOM-RIGHT
tensor([[3.5135e-08, 8.6507e-06, 1.7876e-04],
        [8.6507e-06, 2.1299e-03, 4.4012e-02],
        [1.7876e-04, 4.4012e-02, 9.0947e-01]])
2023-10-13 08:41:42,268 | INFO | hi-lo.kernel-accessor : Fetching kernel: gaussian
2023-10-13 08:41:42,268 | INFO | hi-lo.gaussian-kernel : MU (LOCATION): -0.5752275586128235 | SIGMA (SCALE): 0.6371172666549683 | VARIANCE: 0.40591841146989793
2023-10-13 08:41:42,269 | INFO | hi-lo.gaussian-kernel : TOP-LEFT
tensor([[8.7155e-01, 6.1646e-02, 3.7120e-04],
        [6.1646e-02, 4.3602e-03, 2.6255e-05],
        [3.7120e-04, 2.6255e-05, 1.5809e-07]])
2023-10-13 08:41:42,269 | INFO | hi-lo.kernel-accessor : Fetching kernel: gaussian
2023-10-13 08:41:42,269 | INFO | hi-lo.gaussian-kernel : MU (LOCATION): -0.37311577796936035 | SIGMA (SCALE): 1.0453094244003296 | VARIANCE: 1.0926717927401484
2023-10-13 08:41:42,270 | INFO | hi-lo.gaussian-kernel : BOTTOM-RIGHT
tensor([[0.0028, 0.0155, 0.0346],
        [0.0155, 0.0863, 0.1919],
        [0.0346, 0.1919, 0.4268]])
2023-10-13 08:41:42,270 | INFO | hi-lo.kernel-accessor : Fetching kernel: gaussian
2023-10-13 08:41:42,270 | INFO | hi-lo.gaussian-kernel : MU (LOCATION): -0.7704536318778992 | SIGMA (SCALE): 1.8975006341934204 | VARIANCE: 3.6005086567644327
2023-10-13 08:41:42,271 | INFO | hi-lo.gaussian-kernel : BOTTOM-RIGHT
tensor([[0.0324, 0.0609, 0.0867],
        [0.0609, 0.1145, 0.1629],
        [0.0867, 0.1629, 0.2319]])
2023-10-13 08:41:50,374 | INFO | hi-lo : END EPOCH:   4 | ACCURACY: 99.06 | LOSS: 0.019550587981939316
2023-10-13 08:41:50,374 | INFO | hi-lo : BEGIN EPOCH 5 =========================================================================
2023-10-13 08:41:50,374 | INFO | hi-lo.kernel-accessor : Fetching kernel: gaussian
2023-10-13 08:41:50,374 | INFO | hi-lo.gaussian-kernel : MU (LOCATION): -0.7539653182029724 | SIGMA (SCALE): 0.5956389307975769 | VARIANCE: 0.3547857358816806
2023-10-13 08:41:50,375 | INFO | hi-lo.gaussian-kernel : BOTTOM-RIGHT
tensor([[2.4369e-09, 1.3993e-06, 4.7963e-05],
        [1.3993e-06, 8.0355e-04, 2.7542e-02],
        [4.7963e-05, 2.7542e-02, 9.4401e-01]])
2023-10-13 08:41:50,375 | INFO | hi-lo.kernel-accessor : Fetching kernel: gaussian
2023-10-13 08:41:50,375 | INFO | hi-lo.gaussian-kernel : MU (LOCATION): -0.62368243932724 | SIGMA (SCALE): 0.6535571813583374 | VARIANCE: 0.4271369893050547
2023-10-13 08:41:50,375 | INFO | hi-lo.gaussian-kernel : TOP-LEFT
tensor([[8.6933e-01, 6.2614e-02, 4.3391e-04],
        [6.2614e-02, 4.5098e-03, 3.1253e-05],
        [4.3391e-04, 3.1253e-05, 2.1658e-07]])
2023-10-13 08:41:50,375 | INFO | hi-lo.kernel-accessor : Fetching kernel: gaussian
2023-10-13 08:41:50,375 | INFO | hi-lo.gaussian-kernel : MU (LOCATION): -0.368845134973526 | SIGMA (SCALE): 1.0238521099090576 | VARIANCE: 1.048273142965229
2023-10-13 08:41:50,376 | INFO | hi-lo.gaussian-kernel : BOTTOM-RIGHT
tensor([[0.0024, 0.0141, 0.0322],
        [0.0141, 0.0836, 0.1915],
        [0.0322, 0.1915, 0.4386]])
2023-10-13 08:41:50,376 | INFO | hi-lo.kernel-accessor : Fetching kernel: gaussian
2023-10-13 08:41:50,376 | INFO | hi-lo.gaussian-kernel : MU (LOCATION): -0.7318685054779053 | SIGMA (SCALE): 1.6930029392242432 | VARIANCE: 2.8662589522219264
2023-10-13 08:41:50,376 | INFO | hi-lo.gaussian-kernel : BOTTOM-RIGHT
tensor([[0.0235, 0.0511, 0.0786],
        [0.0511, 0.1114, 0.1712],
        [0.0786, 0.1712, 0.2632]])
2023-10-13 08:41:58,376 | INFO | hi-lo : END EPOCH:   5 | ACCURACY: 100.0 | LOSS: 0.007296871393918991
2023-10-13 08:41:58,377 | INFO | hi-lo : BEGIN EPOCH 6 =========================================================================
2023-10-13 08:41:58,377 | INFO | hi-lo.kernel-accessor : Fetching kernel: gaussian
2023-10-13 08:41:58,377 | INFO | hi-lo.gaussian-kernel : MU (LOCATION): -0.7330194711685181 | SIGMA (SCALE): 0.622187077999115 | VARIANCE: 0.3871167600290768
2023-10-13 08:41:58,378 | INFO | hi-lo.gaussian-kernel : BOTTOM-RIGHT
tensor([[1.5410e-08, 4.9312e-06, 1.1919e-04],
        [4.9312e-06, 1.5780e-03, 3.8141e-02],
        [1.1919e-04, 3.8141e-02, 9.2189e-01]])
2023-10-13 08:41:58,378 | INFO | hi-lo.kernel-accessor : Fetching kernel: gaussian
2023-10-13 08:41:58,379 | INFO | hi-lo.gaussian-kernel : MU (LOCATION): -0.5064430832862854 | SIGMA (SCALE): 0.6764640212059021 | VARIANCE: 0.45760357198605917
2023-10-13 08:41:58,379 | INFO | hi-lo.gaussian-kernel : BOTTOM-RIGHT
tensor([[1.5444e-06, 1.2388e-04, 1.1173e-03],
        [1.2388e-04, 9.9366e-03, 8.9622e-02],
        [1.1173e-03, 8.9622e-02, 8.0834e-01]])
2023-10-13 08:41:58,379 | INFO | hi-lo.kernel-accessor : Fetching kernel: gaussian
2023-10-13 08:41:58,380 | INFO | hi-lo.gaussian-kernel : MU (LOCATION): -0.41402092576026917 | SIGMA (SCALE): 1.0947458744049072 | VARIANCE: 1.198468529526565
2023-10-13 08:41:58,380 | INFO | hi-lo.gaussian-kernel : BOTTOM-RIGHT
tensor([[0.0037, 0.0181, 0.0388],
        [0.0181, 0.0893, 0.1914],
        [0.0388, 0.1914, 0.4105]])
2023-10-13 08:41:58,380 | INFO | hi-lo.kernel-accessor : Fetching kernel: gaussian
2023-10-13 08:41:58,381 | INFO | hi-lo.gaussian-kernel : MU (LOCATION): -0.6627749800682068 | SIGMA (SCALE): 1.494627594947815 | VARIANCE: 2.2339116475794896
2023-10-13 08:41:58,381 | INFO | hi-lo.gaussian-kernel : TOP-LEFT
tensor([[0.3019, 0.1794, 0.0681],
        [0.1794, 0.1066, 0.0405],
        [0.0681, 0.0405, 0.0154]])
2023-10-13 08:42:06,475 | INFO | hi-lo : END EPOCH:   6 | ACCURACY: 97.35 | LOSS: 0.11524243652820587
2023-10-13 08:42:06,475 | INFO | hi-lo : BEGIN EPOCH 7 =========================================================================
2023-10-13 08:42:06,475 | INFO | hi-lo.kernel-accessor : Fetching kernel: gaussian
2023-10-13 08:42:06,476 | INFO | hi-lo.gaussian-kernel : MU (LOCATION): -0.7297481298446655 | SIGMA (SCALE): 0.6305029988288879 | VARIANCE: 0.39753403153222067
2023-10-13 08:42:06,476 | INFO | hi-lo.gaussian-kernel : TOP-LEFT
tensor([[9.1483e-01, 4.1484e-02, 1.5203e-04],
        [4.1484e-02, 1.8811e-03, 6.8941e-06],
        [1.5203e-04, 6.8941e-06, 2.5266e-08]])
2023-10-13 08:42:06,476 | INFO | hi-lo.kernel-accessor : Fetching kernel: gaussian
2023-10-13 08:42:06,477 | INFO | hi-lo.gaussian-kernel : MU (LOCATION): -0.5462294220924377 | SIGMA (SCALE): 0.6623615622520447 | VARIANCE: 0.43872283914896926
2023-10-13 08:42:06,477 | INFO | hi-lo.gaussian-kernel : BOTTOM-RIGHT
tensor([[6.3137e-07, 6.6967e-05, 7.2699e-04],
        [6.6967e-05, 7.1029e-03, 7.7109e-02],
        [7.2699e-04, 7.7109e-02, 8.3709e-01]])
2023-10-13 08:42:06,477 | INFO | hi-lo.kernel-accessor : Fetching kernel: gaussian
2023-10-13 08:42:06,478 | INFO | hi-lo.gaussian-kernel : MU (LOCATION): -0.3737720847129822 | SIGMA (SCALE): 0.9732887148857117 | VARIANCE: 0.9472909225238801
2023-10-13 08:42:06,478 | INFO | hi-lo.gaussian-kernel : TOP-LEFT
tensor([[0.4739, 0.1884, 0.0261],
        [0.1884, 0.0749, 0.0104],
        [0.0261, 0.0104, 0.0014]])
2023-10-13 08:42:06,478 | INFO | hi-lo.kernel-accessor : Fetching kernel: gaussian
2023-10-13 08:42:06,479 | INFO | hi-lo.gaussian-kernel : MU (LOCATION): -0.6298929452896118 | SIGMA (SCALE): 1.4077099561691284 | VARIANCE: 1.9816473206976895
2023-10-13 08:42:06,479 | INFO | hi-lo.gaussian-kernel : BOTTOM-RIGHT
tensor([[0.0120, 0.0353, 0.0624],
        [0.0353, 0.1034, 0.1829],
        [0.0624, 0.1829, 0.3234]])
2023-10-13 08:42:14,574 | INFO | hi-lo : END EPOCH:   7 | ACCURACY: 98.96 | LOSS: 0.004400467500090599
2023-10-13 08:42:14,574 | INFO | hi-lo : BEGIN EPOCH 8 =========================================================================
2023-10-13 08:42:14,574 | INFO | hi-lo.kernel-accessor : Fetching kernel: gaussian
2023-10-13 08:42:14,575 | INFO | hi-lo.gaussian-kernel : MU (LOCATION): -0.7048531174659729 | SIGMA (SCALE): 0.6512260437011719 | VARIANCE: 0.4240953599946806
2023-10-13 08:42:14,575 | INFO | hi-lo.gaussian-kernel : TOP-LEFT
tensor([[8.9220e-01, 5.2076e-02, 2.8758e-04],
        [5.2076e-02, 3.0395e-03, 1.6785e-05],
        [2.8758e-04, 1.6785e-05, 9.2693e-08]])
2023-10-13 08:42:14,575 | INFO | hi-lo.kernel-accessor : Fetching kernel: gaussian
2023-10-13 08:42:14,575 | INFO | hi-lo.gaussian-kernel : MU (LOCATION): -0.483210027217865 | SIGMA (SCALE): 0.6392999887466431 | VARIANCE: 0.40870447561145795
2023-10-13 08:42:14,576 | INFO | hi-lo.gaussian-kernel : TOP-LEFT
tensor([[8.4028e-01, 7.5797e-02, 5.9193e-04],
        [7.5797e-02, 6.8372e-03, 5.3394e-05],
        [5.9193e-04, 5.3394e-05, 4.1698e-07]])
2023-10-13 08:42:14,576 | INFO | hi-lo.kernel-accessor : Fetching kernel: gaussian
2023-10-13 08:42:14,576 | INFO | hi-lo.gaussian-kernel : MU (LOCATION): -0.4005759060382843 | SIGMA (SCALE): 1.0346931219100952 | VARIANCE: 1.0705898565280592
2023-10-13 08:42:14,576 | INFO | hi-lo.gaussian-kernel : TOP-LEFT
tensor([[0.4419, 0.1906, 0.0323],
        [0.1906, 0.0822, 0.0139],
        [0.0323, 0.0139, 0.0024]])
2023-10-13 08:42:14,576 | INFO | hi-lo.kernel-accessor : Fetching kernel: gaussian
2023-10-13 08:42:14,576 | INFO | hi-lo.gaussian-kernel : MU (LOCATION): -0.5599793195724487 | SIGMA (SCALE): 1.298292875289917 | VARIANCE: 1.68556439002856
2023-10-13 08:42:14,577 | INFO | hi-lo.gaussian-kernel : BOTTOM-RIGHT
tensor([[0.0086, 0.0293, 0.0550],
        [0.0293, 0.0995, 0.1866],
        [0.0550, 0.1866, 0.3500]])
2023-10-13 08:42:22,661 | INFO | hi-lo : END EPOCH:   8 | ACCURACY: 98.68 | LOSS: 0.20914113521575928
2023-10-13 08:42:22,661 | INFO | hi-lo : BEGIN EPOCH 9 =========================================================================
2023-10-13 08:42:22,661 | INFO | hi-lo.kernel-accessor : Fetching kernel: gaussian
2023-10-13 08:42:22,662 | INFO | hi-lo.gaussian-kernel : MU (LOCATION): -0.7736512422561646 | SIGMA (SCALE): 0.5783165097236633 | VARIANCE: 0.33444998541896
2023-10-13 08:42:22,663 | INFO | hi-lo.gaussian-kernel : BOTTOM-RIGHT
tensor([[5.8659e-10, 5.2571e-07, 2.3693e-05],
        [5.2571e-07, 4.7115e-04, 2.1234e-02],
        [2.3693e-05, 2.1234e-02, 9.5701e-01]])
2023-10-13 08:42:22,663 | INFO | hi-lo.kernel-accessor : Fetching kernel: gaussian
2023-10-13 08:42:22,664 | INFO | hi-lo.gaussian-kernel : MU (LOCATION): -0.6224529147148132 | SIGMA (SCALE): 0.7278562188148499 | VARIANCE: 0.5297746752674506
2023-10-13 08:42:22,664 | INFO | hi-lo.gaussian-kernel : BOTTOM-RIGHT
tensor([[3.7981e-06, 2.0868e-04, 1.7364e-03],
        [2.0868e-04, 1.1466e-02, 9.5405e-02],
        [1.7364e-03, 9.5405e-02, 7.9383e-01]])
2023-10-13 08:42:22,664 | INFO | hi-lo.kernel-accessor : Fetching kernel: gaussian
2023-10-13 08:42:22,665 | INFO | hi-lo.gaussian-kernel : MU (LOCATION): -0.41720736026763916 | SIGMA (SCALE): 1.065446138381958 | VARIANCE: 1.1351754737930264
2023-10-13 08:42:22,665 | INFO | hi-lo.gaussian-kernel : TOP-LEFT
tensor([[0.4283, 0.1909, 0.0353],
        [0.1909, 0.0851, 0.0157],
        [0.0353, 0.0157, 0.0029]])
2023-10-13 08:42:22,665 | INFO | hi-lo.kernel-accessor : Fetching kernel: gaussian
2023-10-13 08:42:22,666 | INFO | hi-lo.gaussian-kernel : MU (LOCATION): -0.5023829340934753 | SIGMA (SCALE): 1.4334548711776733 | VARIANCE: 2.054792867703
2023-10-13 08:42:22,666 | INFO | hi-lo.gaussian-kernel : BOTTOM-RIGHT
tensor([[0.0158, 0.0418, 0.0680],
        [0.0418, 0.1107, 0.1802],
        [0.0680, 0.1802, 0.2936]])
2023-10-13 08:42:30,770 | INFO | hi-lo : END EPOCH:   9 | ACCURACY: 100.0 | LOSS: 0.061376553028821945
2023-10-13 08:42:30,770 | INFO | hi-lo : BEGIN EPOCH 10 =========================================================================
2023-10-13 08:42:30,770 | INFO | hi-lo.kernel-accessor : Fetching kernel: gaussian
2023-10-13 08:42:30,770 | INFO | hi-lo.gaussian-kernel : MU (LOCATION): -0.7564801573753357 | SIGMA (SCALE): 0.588442862033844 | VARIANCE: 0.34626500187858156
2023-10-13 08:42:30,771 | INFO | hi-lo.gaussian-kernel : BOTTOM-RIGHT
tensor([[1.4626e-09, 9.8912e-07, 3.7253e-05],
        [9.8912e-07, 6.6894e-04, 2.5194e-02],
        [3.7253e-05, 2.5194e-02, 9.4887e-01]])
2023-10-13 08:42:30,771 | INFO | hi-lo.kernel-accessor : Fetching kernel: gaussian
2023-10-13 08:42:30,772 | INFO | hi-lo.gaussian-kernel : MU (LOCATION): -0.6023706793785095 | SIGMA (SCALE): 0.7242997288703918 | VARIANCE: 0.5246100972417231
2023-10-13 08:42:30,772 | INFO | hi-lo.gaussian-kernel : TOP-LEFT
tensor([[7.9080e-01, 9.6711e-02, 1.7581e-03],
        [9.6711e-02, 1.1827e-02, 2.1501e-04],
        [1.7581e-03, 2.1501e-04, 3.9086e-06]])
2023-10-13 08:42:30,772 | INFO | hi-lo.kernel-accessor : Fetching kernel: gaussian
2023-10-13 08:42:30,773 | INFO | hi-lo.gaussian-kernel : MU (LOCATION): -0.45515814423561096 | SIGMA (SCALE): 1.0927742719650269 | VARIANCE: 1.1941556094686945
2023-10-13 08:42:30,773 | INFO | hi-lo.gaussian-kernel : BOTTOM-RIGHT
tensor([[0.0032, 0.0166, 0.0370],
        [0.0166, 0.0855, 0.1903],
        [0.0370, 0.1903, 0.4234]])
2023-10-13 08:42:30,773 | INFO | hi-lo.kernel-accessor : Fetching kernel: gaussian
2023-10-13 08:42:30,774 | INFO | hi-lo.gaussian-kernel : MU (LOCATION): -0.5093010663986206 | SIGMA (SCALE): 1.297078013420105 | VARIANCE: 1.682411372897846
2023-10-13 08:42:30,774 | INFO | hi-lo.gaussian-kernel : TOP-LEFT
tensor([[0.3399, 0.1866, 0.0565],
        [0.1866, 0.1024, 0.0310],
        [0.0565, 0.0310, 0.0094]])
2023-10-13 08:42:38,862 | INFO | hi-lo : END EPOCH:  10 | ACCURACY: 99.22 | LOSS: 0.016761375591158867
2023-10-13 08:42:38,863 | INFO | hi-lo : BEGIN EPOCH 11 =========================================================================
2023-10-13 08:42:38,863 | INFO | hi-lo.kernel-accessor : Fetching kernel: gaussian
2023-10-13 08:42:38,863 | INFO | hi-lo.gaussian-kernel : MU (LOCATION): -0.721980631351471 | SIGMA (SCALE): 0.6346135139465332 | VARIANCE: 0.4027343120835667
2023-10-13 08:42:38,864 | INFO | hi-lo.gaussian-kernel : BOTTOM-RIGHT
tensor([[3.3988e-08, 8.4613e-06, 1.7586e-04],
        [8.4613e-06, 2.1064e-03, 4.3781e-02],
        [1.7586e-04, 4.3781e-02, 9.0996e-01]])
2023-10-13 08:42:38,864 | INFO | hi-lo.kernel-accessor : Fetching kernel: gaussian
2023-10-13 08:42:38,865 | INFO | hi-lo.gaussian-kernel : MU (LOCATION): -0.5036832690238953 | SIGMA (SCALE): 0.6534485220909119 | VARIANCE: 0.42699497102279693
2023-10-13 08:42:38,865 | INFO | hi-lo.gaussian-kernel : BOTTOM-RIGHT
tensor([[6.3485e-07, 6.9280e-05, 7.2686e-04],
        [6.9280e-05, 7.5604e-03, 7.9321e-02],
        [7.2686e-04, 7.9321e-02, 8.3220e-01]])
2023-10-13 08:42:38,865 | INFO | hi-lo.kernel-accessor : Fetching kernel: gaussian
2023-10-13 08:42:38,866 | INFO | hi-lo.gaussian-kernel : MU (LOCATION): -0.4500090181827545 | SIGMA (SCALE): 1.072263240814209 | VARIANCE: 1.1497484576013903
2023-10-13 08:42:38,866 | INFO | hi-lo.gaussian-kernel : BOTTOM-RIGHT
tensor([[0.0028, 0.0152, 0.0348],
        [0.0152, 0.0831, 0.1899],
        [0.0348, 0.1899, 0.4340]])
2023-10-13 08:42:38,866 | INFO | hi-lo.kernel-accessor : Fetching kernel: gaussian
2023-10-13 08:42:38,867 | INFO | hi-lo.gaussian-kernel : MU (LOCATION): -0.5456662178039551 | SIGMA (SCALE): 1.2107396125793457 | VARIANCE: 1.4658904094687841
2023-10-13 08:42:38,867 | INFO | hi-lo.gaussian-kernel : BOTTOM-RIGHT
tensor([[0.0057, 0.0229, 0.0467],
        [0.0229, 0.0925, 0.1887],
        [0.0467, 0.1887, 0.3851]])
2023-10-13 08:42:47,059 | INFO | hi-lo : END EPOCH:  11 | ACCURACY: 99.22 | LOSS: 0.05866161361336708
2023-10-13 08:42:47,059 | INFO | hi-lo : BEGIN EPOCH 12 =========================================================================
2023-10-13 08:42:47,059 | INFO | hi-lo.kernel-accessor : Fetching kernel: gaussian
2023-10-13 08:42:47,060 | INFO | hi-lo.gaussian-kernel : MU (LOCATION): -0.7464485764503479 | SIGMA (SCALE): 0.6096076965332031 | VARIANCE: 0.3716215436725179
2023-10-13 08:42:47,060 | INFO | hi-lo.gaussian-kernel : BOTTOM-RIGHT
tensor([[6.3999e-09, 2.7007e-06, 7.7292e-05],
        [2.7007e-06, 1.1397e-03, 3.2617e-02],
        [7.7292e-05, 3.2617e-02, 9.3347e-01]])
2023-10-13 08:42:47,061 | INFO | hi-lo.kernel-accessor : Fetching kernel: gaussian
2023-10-13 08:42:47,061 | INFO | hi-lo.gaussian-kernel : MU (LOCATION): -0.4820137023925781 | SIGMA (SCALE): 0.6667837500572205 | VARIANCE: 0.44460056934036984
2023-10-13 08:42:47,061 | INFO | hi-lo.gaussian-kernel : TOP-LEFT
tensor([[8.1000e-01, 8.8968e-02, 1.0308e-03],
        [8.8968e-02, 9.7721e-03, 1.1322e-04],
        [1.0308e-03, 1.1322e-04, 1.3117e-06]])
2023-10-13 08:42:47,062 | INFO | hi-lo.kernel-accessor : Fetching kernel: gaussian
2023-10-13 08:42:47,062 | INFO | hi-lo.gaussian-kernel : MU (LOCATION): -0.47131049633026123 | SIGMA (SCALE): 0.9887096285820007 | VARIANCE: 0.9775467296507578
2023-10-13 08:42:47,063 | INFO | hi-lo.gaussian-kernel : BOTTOM-RIGHT
tensor([[0.0012, 0.0091, 0.0245],
        [0.0091, 0.0680, 0.1837],
        [0.0245, 0.1837, 0.4963]])
2023-10-13 08:42:47,063 | INFO | hi-lo.kernel-accessor : Fetching kernel: gaussian
2023-10-13 08:42:47,063 | INFO | hi-lo.gaussian-kernel : MU (LOCATION): -0.472810298204422 | SIGMA (SCALE): 1.0066853761672974 | VARIANCE: 1.013415446589093
2023-10-13 08:42:47,064 | INFO | hi-lo.gaussian-kernel : TOP-LEFT
tensor([[0.4839, 0.1853, 0.0264],
        [0.1853, 0.0709, 0.0101],
        [0.0264, 0.0101, 0.0014]])
2023-10-13 08:42:55,235 | INFO | hi-lo : END EPOCH:  12 | ACCURACY: 98.96 | LOSS: 0.11532042920589447
2023-10-13 08:42:55,235 | INFO | hi-lo : BEGIN EPOCH 13 =========================================================================
2023-10-13 08:42:55,235 | INFO | hi-lo.kernel-accessor : Fetching kernel: gaussian
2023-10-13 08:42:55,236 | INFO | hi-lo.gaussian-kernel : MU (LOCATION): -0.7346838712692261 | SIGMA (SCALE): 0.6239866614341736 | VARIANCE: 0.38935935364776597
2023-10-13 08:42:55,236 | INFO | hi-lo.gaussian-kernel : BOTTOM-RIGHT
tensor([[1.6775e-08, 5.2149e-06, 1.2429e-04],
        [5.2149e-06, 1.6212e-03, 3.8638e-02],
        [1.2429e-04, 3.8638e-02, 9.2084e-01]])
2023-10-13 08:42:55,237 | INFO | hi-lo.kernel-accessor : Fetching kernel: gaussian
2023-10-13 08:42:55,237 | INFO | hi-lo.gaussian-kernel : MU (LOCATION): -0.576050341129303 | SIGMA (SCALE): 0.705848217010498 | VARIANCE: 0.49822170545689914
2023-10-13 08:42:55,237 | INFO | hi-lo.gaussian-kernel : BOTTOM-RIGHT
tensor([[2.5614e-06, 1.6525e-04, 1.4326e-03],
        [1.6525e-04, 1.0662e-02, 9.2428e-02],
        [1.4326e-03, 9.2428e-02, 8.0128e-01]])
2023-10-13 08:42:55,238 | INFO | hi-lo.kernel-accessor : Fetching kernel: gaussian
2023-10-13 08:42:55,238 | INFO | hi-lo.gaussian-kernel : MU (LOCATION): -0.47481581568717957 | SIGMA (SCALE): 1.03367280960083 | VARIANCE: 1.068479477308074
2023-10-13 08:42:55,238 | INFO | hi-lo.gaussian-kernel : TOP-LEFT
tensor([[0.4660, 0.1872, 0.0295],
        [0.1872, 0.0752, 0.0118],
        [0.0295, 0.0118, 0.0019]])
2023-10-13 08:42:55,239 | INFO | hi-lo.kernel-accessor : Fetching kernel: gaussian
2023-10-13 08:42:55,239 | INFO | hi-lo.gaussian-kernel : MU (LOCATION): -0.5145241618156433 | SIGMA (SCALE): 1.0745729207992554 | VARIANCE: 1.1547069621150428
2023-10-13 08:42:55,239 | INFO | hi-lo.gaussian-kernel : TOP-LEFT
tensor([[0.4517, 0.1876, 0.0328],
        [0.1876, 0.0779, 0.0136],
        [0.0328, 0.0136, 0.0024]])
2023-10-13 08:43:03,404 | INFO | hi-lo : END EPOCH:  13 | ACCURACY: 98.15 | LOSS: 0.010134655982255936
2023-10-13 08:43:03,404 | INFO | hi-lo : BEGIN EPOCH 14 =========================================================================
2023-10-13 08:43:03,404 | INFO | hi-lo.kernel-accessor : Fetching kernel: gaussian
2023-10-13 08:43:03,405 | INFO | hi-lo.gaussian-kernel : MU (LOCATION): -0.7384735345840454 | SIGMA (SCALE): 0.6180559396743774 | VARIANCE: 0.3819931445667777
2023-10-13 08:43:03,405 | INFO | hi-lo.gaussian-kernel : TOP-LEFT
tensor([[9.2599e-01, 3.6188e-02, 1.0318e-04],
        [3.6188e-02, 1.4142e-03, 4.0324e-06],
        [1.0318e-04, 4.0324e-06, 1.1498e-08]])
2023-10-13 08:43:03,406 | INFO | hi-lo.kernel-accessor : Fetching kernel: gaussian
2023-10-13 08:43:03,406 | INFO | hi-lo.gaussian-kernel : MU (LOCATION): -0.5442056059837341 | SIGMA (SCALE): 0.676707923412323 | VARIANCE: 0.4579336136090184
2023-10-13 08:43:03,406 | INFO | hi-lo.gaussian-kernel : TOP-LEFT
tensor([[8.2131e-01, 8.3985e-02, 9.6721e-04],
        [8.3985e-02, 8.5882e-03, 9.8905e-05],
        [9.6721e-04, 9.8905e-05, 1.1390e-06]])
2023-10-13 08:43:03,407 | INFO | hi-lo.kernel-accessor : Fetching kernel: gaussian
2023-10-13 08:43:03,407 | INFO | hi-lo.gaussian-kernel : MU (LOCATION): -0.4244248867034912 | SIGMA (SCALE): 0.9447058439254761 | VARIANCE: 0.892469131546946
2023-10-13 08:43:03,407 | INFO | hi-lo.gaussian-kernel : TOP-LEFT
tensor([[0.5131, 0.1821, 0.0211],
        [0.1821, 0.0646, 0.0075],
        [0.0211, 0.0075, 0.0009]])
2023-10-13 08:43:03,408 | INFO | hi-lo.kernel-accessor : Fetching kernel: gaussian
2023-10-13 08:43:03,408 | INFO | hi-lo.gaussian-kernel : MU (LOCATION): -0.4164736866950989 | SIGMA (SCALE): 1.0002537965774536 | VARIANCE: 1.00050765756761
2023-10-13 08:43:03,408 | INFO | hi-lo.gaussian-kernel : TOP-LEFT
tensor([[0.4698, 0.1880, 0.0277],
        [0.1880, 0.0752, 0.0111],
        [0.0277, 0.0111, 0.0016]])
2023-10-13 08:43:11,564 | INFO | hi-lo : END EPOCH:  14 | ACCURACY: 100.0 | LOSS: 0.046830084174871445
2023-10-13 08:43:11,564 | INFO | hi-lo : BEGIN EPOCH 15 =========================================================================
2023-10-13 08:43:11,564 | INFO | hi-lo.kernel-accessor : Fetching kernel: gaussian
2023-10-13 08:43:11,565 | INFO | hi-lo.gaussian-kernel : MU (LOCATION): -0.7808398604393005 | SIGMA (SCALE): 0.5647859573364258 | VARIANCE: 0.31898317760442296
2023-10-13 08:43:11,566 | INFO | hi-lo.gaussian-kernel : BOTTOM-RIGHT
tensor([[1.9321e-10, 2.4626e-07, 1.3654e-05],
        [2.4626e-07, 3.1387e-04, 1.7402e-02],
        [1.3654e-05, 1.7402e-02, 9.6485e-01]])
2023-10-13 08:43:11,566 | INFO | hi-lo.kernel-accessor : Fetching kernel: gaussian
2023-10-13 08:43:11,566 | INFO | hi-lo.gaussian-kernel : MU (LOCATION): -0.6516127586364746 | SIGMA (SCALE): 0.7359338998794556 | VARIANCE: 0.5415987049917845
2023-10-13 08:43:11,567 | INFO | hi-lo.gaussian-kernel : BOTTOM-RIGHT
tensor([[4.0072e-06, 2.1289e-04, 1.7849e-03],
        [2.1289e-04, 1.1311e-02, 9.4828e-02],
        [1.7849e-03, 9.4828e-02, 7.9503e-01]])
2023-10-13 08:43:11,567 | INFO | hi-lo.kernel-accessor : Fetching kernel: gaussian
2023-10-13 08:43:11,567 | INFO | hi-lo.gaussian-kernel : MU (LOCATION): -0.5206553339958191 | SIGMA (SCALE): 1.1972137689590454 | VARIANCE: 1.4333208085851226
2023-10-13 08:43:11,568 | INFO | hi-lo.gaussian-kernel : TOP-LEFT
tensor([[0.3856, 0.1892, 0.0462],
        [0.1892, 0.0928, 0.0227],
        [0.0462, 0.0227, 0.0055]])
2023-10-13 08:43:11,568 | INFO | hi-lo.kernel-accessor : Fetching kernel: gaussian
2023-10-13 08:43:11,568 | INFO | hi-lo.gaussian-kernel : MU (LOCATION): -0.795604944229126 | SIGMA (SCALE): 1.790209174156189 | VARIANCE: 3.204848887232984
2023-10-13 08:43:11,569 | INFO | hi-lo.gaussian-kernel : TOP-LEFT
tensor([[0.2516, 0.1679, 0.0821],
        [0.1679, 0.1121, 0.0548],
        [0.0821, 0.0548, 0.0268]])
2023-10-13 08:43:19,751 | INFO | hi-lo : END EPOCH:  15 | ACCURACY: 99.13 | LOSS: 0.0038128725718706846
2023-10-13 08:43:19,751 | INFO | hi-lo : BEGIN EPOCH 16 =========================================================================
2023-10-13 08:43:19,751 | INFO | hi-lo.kernel-accessor : Fetching kernel: gaussian
2023-10-13 08:43:19,752 | INFO | hi-lo.gaussian-kernel : MU (LOCATION): -0.7504158020019531 | SIGMA (SCALE): 0.6034761667251587 | VARIANCE: 0.36418348380529153
2023-10-13 08:43:19,752 | INFO | hi-lo.gaussian-kernel : TOP-LEFT
tensor([[9.3832e-01, 3.0284e-02, 6.2742e-05],
        [3.0284e-02, 9.7740e-04, 2.0250e-06],
        [6.2742e-05, 2.0250e-06, 4.1953e-09]])
2023-10-13 08:43:19,752 | INFO | hi-lo.kernel-accessor : Fetching kernel: gaussian
2023-10-13 08:43:19,753 | INFO | hi-lo.gaussian-kernel : MU (LOCATION): -0.6232128143310547 | SIGMA (SCALE): 0.7145119905471802 | VARIANCE: 0.5105273846356937
2023-10-13 08:43:19,753 | INFO | hi-lo.gaussian-kernel : BOTTOM-RIGHT
tensor([[2.4213e-06, 1.5496e-04, 1.3987e-03],
        [1.5496e-04, 9.9174e-03, 8.9514e-02],
        [1.3987e-03, 8.9514e-02, 8.0795e-01]])
2023-10-13 08:43:19,753 | INFO | hi-lo.kernel-accessor : Fetching kernel: gaussian
2023-10-13 08:43:19,753 | INFO | hi-lo.gaussian-kernel : MU (LOCATION): -0.544994592666626 | SIGMA (SCALE): 1.1309313774108887 | VARIANCE: 1.27900578041249
2023-10-13 08:43:19,753 | INFO | hi-lo.gaussian-kernel : TOP-LEFT
tensor([[0.4266, 0.1885, 0.0381],
        [0.1885, 0.0832, 0.0168],
        [0.0381, 0.0168, 0.0034]])
2023-10-13 08:43:19,753 | INFO | hi-lo.kernel-accessor : Fetching kernel: gaussian
2023-10-13 08:43:19,754 | INFO | hi-lo.gaussian-kernel : MU (LOCATION): -0.6151257753372192 | SIGMA (SCALE): 1.2126781940460205 | VARIANCE: 1.4705884023147178
2023-10-13 08:43:19,754 | INFO | hi-lo.gaussian-kernel : BOTTOM-RIGHT
tensor([[0.0050, 0.0209, 0.0446],
        [0.0209, 0.0880, 0.1877],
        [0.0446, 0.1877, 0.4008]])
2023-10-13 08:43:27,978 | INFO | hi-lo : END EPOCH:  16 | ACCURACY: 100.0 | LOSS: 0.07860784977674484
2023-10-13 08:43:27,979 | INFO | hi-lo : BEGIN EPOCH 17 =========================================================================
2023-10-13 08:43:27,979 | INFO | hi-lo.kernel-accessor : Fetching kernel: gaussian
2023-10-13 08:43:27,979 | INFO | hi-lo.gaussian-kernel : MU (LOCATION): -0.7156568169593811 | SIGMA (SCALE): 0.640040934085846 | VARIANCE: 0.4096523973054822
2023-10-13 08:43:27,980 | INFO | hi-lo.gaussian-kernel : TOP-LEFT
tensor([[9.0417e-01, 4.6501e-02, 2.0822e-04],
        [4.6501e-02, 2.3916e-03, 1.0709e-05],
        [2.0822e-04, 1.0709e-05, 4.7952e-08]])
2023-10-13 08:43:27,980 | INFO | hi-lo.kernel-accessor : Fetching kernel: gaussian
2023-10-13 08:43:27,981 | INFO | hi-lo.gaussian-kernel : MU (LOCATION): -0.5316361784934998 | SIGMA (SCALE): 0.6524883508682251 | VARIANCE: 0.425741048018736
2023-10-13 08:43:27,981 | INFO | hi-lo.gaussian-kernel : TOP-LEFT
tensor([[8.4262e-01, 7.4691e-02, 6.3214e-04],
        [7.4691e-02, 6.6207e-03, 5.6034e-05],
        [6.3214e-04, 5.6034e-05, 4.7424e-07]])
2023-10-13 08:43:27,982 | INFO | hi-lo.kernel-accessor : Fetching kernel: gaussian
2023-10-13 08:43:27,982 | INFO | hi-lo.gaussian-kernel : MU (LOCATION): -0.4917190670967102 | SIGMA (SCALE): 1.001732587814331 | VARIANCE: 1.0034681774891965
2023-10-13 08:43:27,982 | INFO | hi-lo.gaussian-kernel : TOP-LEFT
tensor([[0.4936, 0.1837, 0.0252],
        [0.1837, 0.0684, 0.0094],
        [0.0252, 0.0094, 0.0013]])
2023-10-13 08:43:27,983 | INFO | hi-lo.kernel-accessor : Fetching kernel: gaussian
2023-10-13 08:43:27,983 | INFO | hi-lo.gaussian-kernel : MU (LOCATION): -0.49566540122032166 | SIGMA (SCALE): 1.022618055343628 | VARIANCE: 1.0457476871147833
2023-10-13 08:43:27,984 | INFO | hi-lo.gaussian-kernel : TOP-LEFT
tensor([[0.4801, 0.1853, 0.0275],
        [0.1853, 0.0715, 0.0106],
        [0.0275, 0.0106, 0.0016]])
2023-10-13 08:43:36,202 | INFO | hi-lo : END EPOCH:  17 | ACCURACY: 97.57 | LOSS: 0.18384836614131927
2023-10-13 08:43:36,202 | INFO | hi-lo : BEGIN EPOCH 18 =========================================================================
2023-10-13 08:43:36,202 | INFO | hi-lo.kernel-accessor : Fetching kernel: gaussian
2023-10-13 08:43:36,203 | INFO | hi-lo.gaussian-kernel : MU (LOCATION): -0.7642975449562073 | SIGMA (SCALE): 0.5873732566833496 | VARIANCE: 0.3450073426668041
2023-10-13 08:43:36,204 | INFO | hi-lo.gaussian-kernel : TOP-LEFT
tensor([[9.5060e-01, 2.4350e-02, 3.4373e-05],
        [2.4350e-02, 6.2375e-04, 8.8048e-07],
        [3.4373e-05, 8.8048e-07, 1.2429e-09]])
2023-10-13 08:43:36,204 | INFO | hi-lo.kernel-accessor : Fetching kernel: gaussian
2023-10-13 08:43:36,204 | INFO | hi-lo.gaussian-kernel : MU (LOCATION): -0.5311320424079895 | SIGMA (SCALE): 0.7522294521331787 | VARIANCE: 0.5658491486565822
2023-10-13 08:43:36,205 | INFO | hi-lo.gaussian-kernel : BOTTOM-RIGHT
tensor([[1.4651e-05, 5.3063e-04, 3.2824e-03],
        [5.3063e-04, 1.9218e-02, 1.1888e-01],
        [3.2824e-03, 1.1888e-01, 7.3538e-01]])
2023-10-13 08:43:36,205 | INFO | hi-lo.kernel-accessor : Fetching kernel: gaussian
2023-10-13 08:43:36,205 | INFO | hi-lo.gaussian-kernel : MU (LOCATION): -0.5982204079627991 | SIGMA (SCALE): 1.2176891565322876 | VARIANCE: 1.482766881936314
2023-10-13 08:43:36,206 | INFO | hi-lo.gaussian-kernel : TOP-LEFT
tensor([[0.3943, 0.1880, 0.0457],
        [0.1880, 0.0896, 0.0218],
        [0.0457, 0.0218, 0.0053]])
2023-10-13 08:43:36,206 | INFO | hi-lo.kernel-accessor : Fetching kernel: gaussian
2023-10-13 08:43:36,206 | INFO | hi-lo.gaussian-kernel : MU (LOCATION): -0.7628400325775146 | SIGMA (SCALE): 1.5903514623641968 | VARIANCE: 2.529217773843939
2023-10-13 08:43:36,207 | INFO | hi-lo.gaussian-kernel : TOP-LEFT
tensor([[0.2906, 0.1764, 0.0721],
        [0.1764, 0.1071, 0.0438],
        [0.0721, 0.0438, 0.0179]])
2023-10-13 08:43:44,431 | INFO | hi-lo : END EPOCH:  18 | ACCURACY: 99.0 | LOSS: 0.11322509497404099
2023-10-13 08:43:44,431 | INFO | hi-lo : BEGIN EPOCH 19 =========================================================================
2023-10-13 08:43:44,431 | INFO | hi-lo.kernel-accessor : Fetching kernel: gaussian
2023-10-13 08:43:44,432 | INFO | hi-lo.gaussian-kernel : MU (LOCATION): -0.7057892084121704 | SIGMA (SCALE): 0.6483075022697449 | VARIANCE: 0.42030261749923525
2023-10-13 08:43:44,433 | INFO | hi-lo.gaussian-kernel : BOTTOM-RIGHT
tensor([[7.9708e-08, 1.5161e-05, 2.6709e-04],
        [1.5161e-05, 2.8836e-03, 5.0801e-02],
        [2.6709e-04, 5.0801e-02, 8.9495e-01]])
2023-10-13 08:43:44,433 | INFO | hi-lo.kernel-accessor : Fetching kernel: gaussian
2023-10-13 08:43:44,433 | INFO | hi-lo.gaussian-kernel : MU (LOCATION): -0.5313551425933838 | SIGMA (SCALE): 0.7484580874443054 | VARIANCE: 0.5601895086607875
2023-10-13 08:43:44,434 | INFO | hi-lo.gaussian-kernel : BOTTOM-RIGHT
tensor([[1.3186e-05, 4.9540e-04, 3.1227e-03],
        [4.9540e-04, 1.8612e-02, 1.1732e-01],
        [3.1227e-03, 1.1732e-01, 7.3950e-01]])
2023-10-13 08:43:44,434 | INFO | hi-lo.kernel-accessor : Fetching kernel: gaussian
2023-10-13 08:43:44,435 | INFO | hi-lo.gaussian-kernel : MU (LOCATION): -0.6465253233909607 | SIGMA (SCALE): 1.3279451131820679 | VARIANCE: 1.763438223624135
2023-10-13 08:43:44,435 | INFO | hi-lo.gaussian-kernel : TOP-LEFT
tensor([[0.3558, 0.1857, 0.0550],
        [0.1857, 0.0969, 0.0287],
        [0.0550, 0.0287, 0.0085]])
2023-10-13 08:43:44,435 | INFO | hi-lo.kernel-accessor : Fetching kernel: gaussian
2023-10-13 08:43:44,436 | INFO | hi-lo.gaussian-kernel : MU (LOCATION): -0.7241833806037903 | SIGMA (SCALE): 1.5230357646942139 | VARIANCE: 2.319637940537689
2023-10-13 08:43:44,436 | INFO | hi-lo.gaussian-kernel : BOTTOM-RIGHT
tensor([[0.0155, 0.0404, 0.0686],
        [0.0404, 0.1055, 0.1789],
        [0.0686, 0.1789, 0.3032]])
2023-10-13 08:43:52,960 | INFO | hi-lo : END EPOCH:  19 | ACCURACY: 100.0 | LOSS: 0.06699887663125992
2023-10-13 08:43:52,961 | INFO | hi-lo : BEGIN EPOCH 20 =========================================================================
2023-10-13 08:43:52,961 | INFO | hi-lo.kernel-accessor : Fetching kernel: gaussian
2023-10-13 08:43:52,961 | INFO | hi-lo.gaussian-kernel : MU (LOCATION): -0.7444802522659302 | SIGMA (SCALE): 0.6134626865386963 | VARIANCE: 0.37633646777527474
2023-10-13 08:43:52,962 | INFO | hi-lo.gaussian-kernel : TOP-LEFT
tensor([[9.3040e-01, 3.4083e-02, 8.7577e-05],
        [3.4083e-02, 1.2485e-03, 3.2081e-06],
        [8.7577e-05, 3.2081e-06, 8.2435e-09]])
2023-10-13 08:43:52,962 | INFO | hi-lo.kernel-accessor : Fetching kernel: gaussian
2023-10-13 08:43:52,963 | INFO | hi-lo.gaussian-kernel : MU (LOCATION): -0.48858800530433655 | SIGMA (SCALE): 0.6893638968467712 | VARIANCE: 0.47522258227576586
