2024-03-05 17:39:47,511 | INFO | hilo : 
+==============================================================+
|                                                              |
| ██████╗  █████╗ ██████╗ ██╗         ██╗      █████╗ ██████╗  |
| ██╔══██╗██╔══██╗██╔══██╗██║         ██║     ██╔══██╗██╔══██╗ |
| ██║  ██║███████║██║  ██║██║         ██║     ███████║██████╔╝ |
| ██║  ██║██╔══██║██║  ██║██║         ██║     ██╔══██║██╔══██╗ |
| ██████╔╝██║  ██║██████╔╝███████╗    ███████╗██║  ██║██████╔╝ |
| ╚═════╝ ╚═╝  ╚═╝╚═════╝ ╚══════╝    ╚══════╝╚═╝  ╚═╝╚═════╝  |
+==============================================================+
|             Hi-Lo Resolution Image Classification            |
|             -------------------------------------            |
|                       Gabriel C. Trahan                      |
|                          Sahan Ahmad                         |
|                       MD  Aminual Islam                      |
+==============================================================+
2024-03-05 17:39:49,157 | INFO | hilo.dataset-accessor : Fetching dataset: cifar10
2024-03-05 17:39:49,157 | INFO | hilo.cifar10-dataset : Initializing transform
2024-03-05 17:39:49,157 | INFO | hilo.cifar10-dataset : Verifying/downloading train data
2024-03-05 17:39:49,765 | INFO | hilo.cifar10-dataset : Verifying/downloading test data
2024-03-05 17:39:50,253 | INFO | hilo.cifar10-dataset : Creating train data loader.
2024-03-05 17:39:50,253 | INFO | hilo.cifar10-dataset : Creating test data loader.
2024-03-05 17:39:50,361 | INFO | hilo : Output directory: output/resnet/cifar10/gumbel/11/20240305_173949/
2024-03-05 17:39:51,392 | INFO | hilo : Using device: NVIDIA GeForce GTX 1060 6GB
2024-03-05 17:39:51,392 | INFO | hilo : Exeucting job: MODEL resnet | DATASET cifar10 | KERNEL gumbel | TYPE 11
2024-03-05 17:39:51,392 | INFO | hilo : Commencing training phase...
2024-03-05 17:39:51,392 | INFO | hilo.kernel-accessor : Fetching kernel: gumbel
2024-03-05 17:39:51,393 | INFO | hilo.gumbel-kernel : Calculating Gumbel distribution (location: 0.0, scale 1.0)
2024-03-05 17:39:51,394 | INFO | hilo.gumbel-kernel : TOP-RIGHT:
tensor([[2.0072e-04, 5.8259e-02, 8.8288e-01],
        [2.2609e-10, 2.0072e-04, 5.8259e-02],
        [8.5377e-26, 2.2609e-10, 2.0072e-04]])
2024-03-05 17:39:51,394 | INFO | hilo.kernel-accessor : Fetching kernel: gumbel
2024-03-05 17:39:51,394 | INFO | hilo.gumbel-kernel : Calculating Gumbel distribution (location: 0.0, scale 1.0)
2024-03-05 17:39:51,394 | INFO | hilo.gumbel-kernel : STATIC:
tensor([[8.8288e-01, 5.8259e-02, 2.0072e-04],
        [5.8259e-02, 2.0072e-04, 2.2609e-10],
        [2.0072e-04, 2.2609e-10, 8.5377e-26]])
2024-03-05 17:39:51,394 | INFO | hilo.kernel-accessor : Fetching kernel: gumbel
2024-03-05 17:39:51,395 | INFO | hilo.gumbel-kernel : Calculating Gumbel distribution (location: 0.0, scale 1.0)
2024-03-05 17:39:51,395 | INFO | hilo.gumbel-kernel : TOP-RIGHT:
tensor([[2.0072e-04, 5.8259e-02, 8.8288e-01],
        [2.2609e-10, 2.0072e-04, 5.8259e-02],
        [8.5377e-26, 2.2609e-10, 2.0072e-04]])
2024-03-05 17:39:51,395 | INFO | hilo.kernel-accessor : Fetching kernel: gumbel
2024-03-05 17:39:51,395 | INFO | hilo.gumbel-kernel : Calculating Gumbel distribution (location: 0.0, scale 1.0)
2024-03-05 17:39:51,395 | INFO | hilo.gumbel-kernel : TOP-RIGHT:
tensor([[2.0072e-04, 5.8259e-02, 8.8288e-01],
        [2.2609e-10, 2.0072e-04, 5.8259e-02],
        [8.5377e-26, 2.2609e-10, 2.0072e-04]])
2024-03-05 17:39:51,395 | INFO | hilo.kernel-accessor : Fetching kernel: gumbel
2024-03-05 17:39:51,396 | INFO | hilo.gumbel-kernel : Calculating Gumbel distribution (location: 0.0, scale 1.0)
2024-03-05 17:39:51,396 | INFO | hilo.gumbel-kernel : TOP-LEFT:
tensor([[8.8288e-01, 5.8259e-02, 2.0072e-04],
        [5.8259e-02, 2.0072e-04, 2.2609e-10],
        [2.0072e-04, 2.2609e-10, 8.5377e-26]])
2024-03-05 17:39:51,396 | INFO | hilo.kernel-accessor : Fetching kernel: gumbel
2024-03-05 17:39:51,396 | INFO | hilo.gumbel-kernel : Calculating Gumbel distribution (location: 0.0, scale 1.0)
2024-03-05 17:39:51,396 | INFO | hilo.gumbel-kernel : TOP-LEFT:
tensor([[8.8288e-01, 5.8259e-02, 2.0072e-04],
        [5.8259e-02, 2.0072e-04, 2.2609e-10],
        [2.0072e-04, 2.2609e-10, 8.5377e-26]])
2024-03-05 17:39:51,396 | INFO | hilo.kernel-accessor : Fetching kernel: gumbel
2024-03-05 17:39:51,397 | INFO | hilo.gumbel-kernel : Calculating Gumbel distribution (location: 0.0, scale 1.0)
2024-03-05 17:39:51,397 | INFO | hilo.gumbel-kernel : TOP-RIGHT:
tensor([[2.0072e-04, 5.8259e-02, 8.8288e-01],
        [2.2609e-10, 2.0072e-04, 5.8259e-02],
        [8.5377e-26, 2.2609e-10, 2.0072e-04]])
2024-03-05 17:39:51,397 | INFO | hilo.kernel-accessor : Fetching kernel: gumbel
2024-03-05 17:39:51,397 | INFO | hilo.gumbel-kernel : Calculating Gumbel distribution (location: 0.0, scale 1.0)
2024-03-05 17:39:51,397 | INFO | hilo.gumbel-kernel : STATIC:
tensor([[8.8288e-01, 5.8259e-02, 2.0072e-04],
        [5.8259e-02, 2.0072e-04, 2.2609e-10],
        [2.0072e-04, 2.2609e-10, 8.5377e-26]])
2024-03-05 17:39:51,398 | INFO | hilo.kernel-accessor : Fetching kernel: gumbel
2024-03-05 17:39:51,398 | INFO | hilo.gumbel-kernel : Calculating Gumbel distribution (location: 0.0, scale 1.0)
2024-03-05 17:39:51,398 | INFO | hilo.gumbel-kernel : TOP-LEFT:
tensor([[8.8288e-01, 5.8259e-02, 2.0072e-04],
        [5.8259e-02, 2.0072e-04, 2.2609e-10],
        [2.0072e-04, 2.2609e-10, 8.5377e-26]])
2024-03-05 17:39:51,398 | INFO | hilo.kernel-accessor : Fetching kernel: gumbel
2024-03-05 17:39:51,398 | INFO | hilo.gumbel-kernel : Calculating Gumbel distribution (location: 0.0, scale 1.0)
2024-03-05 17:39:51,398 | INFO | hilo.gumbel-kernel : STATIC:
tensor([[8.8288e-01, 5.8259e-02, 2.0072e-04],
        [5.8259e-02, 2.0072e-04, 2.2609e-10],
        [2.0072e-04, 2.2609e-10, 8.5377e-26]])
2024-03-05 17:39:51,399 | INFO | hilo.kernel-accessor : Fetching kernel: gumbel
2024-03-05 17:39:51,399 | INFO | hilo.gumbel-kernel : Calculating Gumbel distribution (location: 0.0, scale 1.0)
2024-03-05 17:39:51,399 | INFO | hilo.gumbel-kernel : STATIC:
tensor([[8.8288e-01, 5.8259e-02, 2.0072e-04],
        [5.8259e-02, 2.0072e-04, 2.2609e-10],
        [2.0072e-04, 2.2609e-10, 8.5377e-26]])
2024-03-05 17:39:51,399 | INFO | hilo.kernel-accessor : Fetching kernel: gumbel
2024-03-05 17:39:51,399 | INFO | hilo.gumbel-kernel : Calculating Gumbel distribution (location: 0.0, scale 1.0)
2024-03-05 17:39:51,400 | INFO | hilo.gumbel-kernel : TOP-RIGHT:
tensor([[2.0072e-04, 5.8259e-02, 8.8288e-01],
        [2.2609e-10, 2.0072e-04, 5.8259e-02],
        [8.5377e-26, 2.2609e-10, 2.0072e-04]])
2024-03-05 17:39:51,400 | INFO | hilo.kernel-accessor : Fetching kernel: gumbel
2024-03-05 17:39:51,400 | INFO | hilo.gumbel-kernel : Calculating Gumbel distribution (location: 0.0, scale 1.0)
2024-03-05 17:39:51,400 | INFO | hilo.gumbel-kernel : STATIC:
tensor([[8.8288e-01, 5.8259e-02, 2.0072e-04],
        [5.8259e-02, 2.0072e-04, 2.2609e-10],
        [2.0072e-04, 2.2609e-10, 8.5377e-26]])
2024-03-05 17:39:51,400 | INFO | hilo.kernel-accessor : Fetching kernel: gumbel
2024-03-05 17:39:51,400 | INFO | hilo.gumbel-kernel : Calculating Gumbel distribution (location: 0.0, scale 1.0)
2024-03-05 17:39:51,401 | INFO | hilo.gumbel-kernel : TOP-RIGHT:
tensor([[2.0072e-04, 5.8259e-02, 8.8288e-01],
        [2.2609e-10, 2.0072e-04, 5.8259e-02],
        [8.5377e-26, 2.2609e-10, 2.0072e-04]])
2024-03-05 17:39:51,401 | INFO | hilo.kernel-accessor : Fetching kernel: gumbel
2024-03-05 17:39:51,401 | INFO | hilo.gumbel-kernel : Calculating Gumbel distribution (location: 0.0, scale 1.0)
2024-03-05 17:39:51,401 | INFO | hilo.gumbel-kernel : TOP-RIGHT:
tensor([[2.0072e-04, 5.8259e-02, 8.8288e-01],
        [2.2609e-10, 2.0072e-04, 5.8259e-02],
        [8.5377e-26, 2.2609e-10, 2.0072e-04]])
2024-03-05 17:39:51,401 | INFO | hilo.kernel-accessor : Fetching kernel: gumbel
2024-03-05 17:39:51,401 | INFO | hilo.gumbel-kernel : Calculating Gumbel distribution (location: 0.0, scale 1.0)
2024-03-05 17:39:51,402 | INFO | hilo.gumbel-kernel : TOP-RIGHT:
tensor([[2.0072e-04, 5.8259e-02, 8.8288e-01],
        [2.2609e-10, 2.0072e-04, 5.8259e-02],
        [8.5377e-26, 2.2609e-10, 2.0072e-04]])
2024-03-05 17:39:51,402 | INFO | hilo.kernel-accessor : Fetching kernel: gumbel
2024-03-05 17:39:51,402 | INFO | hilo.gumbel-kernel : Calculating Gumbel distribution (location: 0.0, scale 1.0)
2024-03-05 17:39:51,402 | INFO | hilo.gumbel-kernel : STATIC:
tensor([[8.8288e-01, 5.8259e-02, 2.0072e-04],
        [5.8259e-02, 2.0072e-04, 2.2609e-10],
        [2.0072e-04, 2.2609e-10, 8.5377e-26]])
2024-03-05 17:41:13,378 | INFO | hilo : Epoch   1/200 | Accuracy:  40.6250 | Loss:   1.5711
2024-03-05 17:41:13,378 | INFO | hilo.kernel-accessor : Fetching kernel: gumbel
2024-03-05 17:41:13,378 | INFO | hilo.gumbel-kernel : Calculating Gumbel distribution (location: -0.0037466716021299362, scale 0.6026009917259216)
2024-03-05 17:41:13,379 | INFO | hilo.gumbel-kernel : TOP-RIGHT:
tensor([[7.0126e-14, 2.5431e-03, 9.9491e-01],
        [0.0000e+00, 7.0127e-14, 2.5431e-03],
        [0.0000e+00, 0.0000e+00, 7.0126e-14]])
2024-03-05 17:41:13,379 | INFO | hilo.kernel-accessor : Fetching kernel: gumbel
2024-03-05 17:41:13,380 | INFO | hilo.gumbel-kernel : Calculating Gumbel distribution (location: -0.4438735544681549, scale 1.6777231693267822)
2024-03-05 17:41:13,380 | INFO | hilo.gumbel-kernel : TOP-RIGHT:
tensor([[4.7744e-03, 1.0669e-01, 7.7224e-01],
        [2.7616e-05, 4.7744e-03, 1.0669e-01],
        [3.8970e-09, 2.7616e-05, 4.7744e-03]])
2024-03-05 17:41:13,381 | INFO | hilo.kernel-accessor : Fetching kernel: gumbel
2024-03-05 17:41:13,381 | INFO | hilo.gumbel-kernel : Calculating Gumbel distribution (location: -0.5294359922409058, scale 1.642686128616333)
2024-03-05 17:41:13,381 | INFO | hilo.gumbel-kernel : STATIC:
tensor([[8.1305e-01, 8.9584e-02, 2.5887e-03],
        [8.9584e-02, 2.5887e-03, 6.3898e-06],
        [2.5887e-03, 6.3898e-06, 1.7137e-10]])
2024-03-05 17:41:13,382 | INFO | hilo.kernel-accessor : Fetching kernel: gumbel
2024-03-05 17:41:13,382 | INFO | hilo.gumbel-kernel : Calculating Gumbel distribution (location: -0.16937638819217682, scale 1.4927631616592407)
2024-03-05 17:41:13,382 | INFO | hilo.gumbel-kernel : TOP-LEFT:
tensor([[7.5067e-01, 1.1605e-01, 5.7257e-03],
        [1.1605e-01, 5.7257e-03, 3.0328e-05],
        [5.7257e-03, 3.0328e-05, 2.0514e-09]])
2024-03-05 17:41:13,383 | INFO | hilo.kernel-accessor : Fetching kernel: gumbel
2024-03-05 17:41:13,383 | INFO | hilo.gumbel-kernel : Calculating Gumbel distribution (location: -0.2981257438659668, scale 1.609803318977356)
2024-03-05 17:41:13,383 | INFO | hilo.gumbel-kernel : TOP-RIGHT:
tensor([[6.1062e-03, 1.1578e-01, 7.5003e-01],
        [4.3629e-05, 6.1062e-03, 1.1578e-01],
        [7.5524e-09, 4.3629e-05, 6.1062e-03]])
2024-03-05 17:41:13,384 | INFO | hilo.kernel-accessor : Fetching kernel: gumbel
2024-03-05 17:41:13,384 | INFO | hilo.gumbel-kernel : Calculating Gumbel distribution (location: -0.27029046416282654, scale 1.1699520349502563)
2024-03-05 17:41:13,384 | INFO | hilo.gumbel-kernel : STATIC:
tensor([[9.0901e-01, 4.5310e-02, 1.2475e-04],
        [4.5310e-02, 1.2475e-04, 3.7946e-10],
        [1.2475e-04, 3.7946e-10, 1.2935e-22]])
2024-03-05 17:41:13,385 | INFO | hilo.kernel-accessor : Fetching kernel: gumbel
2024-03-05 17:41:13,385 | INFO | hilo.gumbel-kernel : Calculating Gumbel distribution (location: -0.32997047901153564, scale 1.3320552110671997)
2024-03-05 17:41:13,386 | INFO | hilo.gumbel-kernel : TOP-RIGHT:
tensor([[6.3091e-04, 6.5311e-02, 8.6749e-01],
        [7.8664e-08, 6.3091e-04, 6.5311e-02],
        [9.7575e-16, 7.8664e-08, 6.3091e-04]])
2024-03-05 17:41:13,386 | INFO | hilo.kernel-accessor : Fetching kernel: gumbel
2024-03-05 17:41:13,386 | INFO | hilo.gumbel-kernel : Calculating Gumbel distribution (location: -0.346990704536438, scale 1.405478596687317)
2024-03-05 17:41:13,387 | INFO | hilo.gumbel-kernel : TOP-RIGHT:
tensor([[1.1684e-03, 7.5828e-02, 8.4484e-01],
        [4.9711e-07, 1.1684e-03, 7.5828e-02],
        [1.4116e-13, 4.9711e-07, 1.1684e-03]])
2024-03-05 17:41:13,387 | INFO | hilo.kernel-accessor : Fetching kernel: gumbel
2024-03-05 17:41:13,387 | INFO | hilo.gumbel-kernel : Calculating Gumbel distribution (location: -0.18979838490486145, scale 1.3821218013763428)
2024-03-05 17:41:13,388 | INFO | hilo.gumbel-kernel : STATIC:
tensor([[8.0021e-01, 9.5976e-02, 2.6114e-03],
        [9.5976e-02, 2.6114e-03, 3.3367e-06],
        [2.6114e-03, 3.3367e-06, 7.7865e-12]])
2024-03-05 17:41:13,388 | INFO | hilo.kernel-accessor : Fetching kernel: gumbel
2024-03-05 17:41:13,388 | INFO | hilo.gumbel-kernel : Calculating Gumbel distribution (location: 0.02914601005613804, scale 1.2526999711990356)
2024-03-05 17:41:13,389 | INFO | hilo.gumbel-kernel : STATIC:
tensor([[7.7239e-01, 1.0832e-01, 3.6544e-03],
        [1.0832e-01, 3.6544e-03, 5.2031e-06],
        [3.6544e-03, 5.2031e-06, 6.5406e-12]])
2024-03-05 17:41:13,389 | INFO | hilo.kernel-accessor : Fetching kernel: gumbel
2024-03-05 17:41:13,389 | INFO | hilo.gumbel-kernel : Calculating Gumbel distribution (location: 0.1351625919342041, scale 1.6630831956863403)
2024-03-05 17:41:13,390 | INFO | hilo.gumbel-kernel : STATIC:
tensor([[5.9777e-01, 1.6257e-01, 2.4811e-02],
        [1.6257e-01, 2.4811e-02, 1.3195e-03],
        [2.4811e-02, 1.3195e-03, 1.0255e-05]])
2024-03-05 17:41:13,390 | INFO | hilo.kernel-accessor : Fetching kernel: gumbel
2024-03-05 17:41:13,390 | INFO | hilo.gumbel-kernel : Calculating Gumbel distribution (location: 0.12462544441223145, scale 1.7093912363052368)
2024-03-05 17:41:13,391 | INFO | hilo.gumbel-kernel : TOP-RIGHT:
tensor([[2.6713e-02, 1.6460e-01, 5.8738e-01],
        [1.6261e-03, 2.6713e-02, 1.6460e-01],
        [1.7029e-05, 1.6261e-03, 2.6713e-02]])
2024-03-05 17:41:13,391 | INFO | hilo.kernel-accessor : Fetching kernel: gumbel
2024-03-05 17:41:13,392 | INFO | hilo.gumbel-kernel : Calculating Gumbel distribution (location: 0.12858106195926666, scale 1.94368577003479)
2024-03-05 17:41:13,392 | INFO | hilo.gumbel-kernel : STATIC:
tensor([[5.2567e-01, 1.7430e-01, 3.8875e-02],
        [1.7430e-01, 3.8875e-02, 4.4665e-03],
        [3.8875e-02, 4.4665e-03, 1.6919e-04]])
2024-03-05 17:41:13,392 | INFO | hilo.kernel-accessor : Fetching kernel: gumbel
2024-03-05 17:41:13,393 | INFO | hilo.gumbel-kernel : Calculating Gumbel distribution (location: 0.034534160047769547, scale 1.2132701873779297)
2024-03-05 17:41:13,393 | INFO | hilo.gumbel-kernel : TOP-LEFT:
tensor([[7.8573e-01, 1.0284e-01, 2.8625e-03],
        [1.0284e-01, 2.8625e-03, 2.3360e-06],
        [2.8625e-03, 2.3360e-06, 6.0975e-13]])
2024-03-05 17:41:13,393 | INFO | hilo.kernel-accessor : Fetching kernel: gumbel
2024-03-05 17:41:13,394 | INFO | hilo.gumbel-kernel : Calculating Gumbel distribution (location: 0.16579194366931915, scale 1.2766209840774536)
2024-03-05 17:41:13,394 | INFO | hilo.gumbel-kernel : TOP-RIGHT:
tensor([[8.0192e-03, 1.3056e-01, 7.1474e-01],
        [4.5345e-05, 8.0192e-03, 1.3056e-01],
        [1.3853e-09, 4.5345e-05, 8.0192e-03]])
2024-03-05 17:41:13,394 | INFO | hilo.kernel-accessor : Fetching kernel: gumbel
2024-03-05 17:41:13,395 | INFO | hilo.gumbel-kernel : Calculating Gumbel distribution (location: 0.08875349164009094, scale 1.5235803127288818)
2024-03-05 17:41:13,395 | INFO | hilo.gumbel-kernel : TOP-LEFT:
tensor([[6.5468e-01, 1.4872e-01, 1.5705e-02],
        [1.4872e-01, 1.5705e-02, 3.7875e-04],
        [1.5705e-02, 3.7875e-04, 5.3008e-07]])
2024-03-05 17:41:13,396 | INFO | hilo.kernel-accessor : Fetching kernel: gumbel
2024-03-05 17:41:13,396 | INFO | hilo.gumbel-kernel : Calculating Gumbel distribution (location: -0.3466969132423401, scale 2.31428861618042)
2024-03-05 17:41:13,396 | INFO | hilo.gumbel-kernel : TOP-LEFT:
tensor([[5.4352e-01, 1.7015e-01, 3.5913e-02],
        [1.7015e-01, 3.5913e-02, 4.1301e-03],
        [3.5913e-02, 4.1301e-03, 1.8639e-04]])
2024-03-05 17:42:34,547 | INFO | hilo : Epoch   2/200 | Accuracy:  45.3125 | Loss:   1.5339
2024-03-05 17:42:34,547 | INFO | hilo.kernel-accessor : Fetching kernel: gumbel
2024-03-05 17:42:34,547 | INFO | hilo.gumbel-kernel : Calculating Gumbel distribution (location: -0.007529492024332285, scale 0.5072923898696899)
2024-03-05 17:42:34,548 | INFO | hilo.gumbel-kernel : TOP-LEFT:
tensor([[9.9952e-01, 2.3935e-04, 4.7179e-25],
        [2.3935e-04, 4.7179e-25, 0.0000e+00],
        [4.7179e-25, 0.0000e+00, 0.0000e+00]])
2024-03-05 17:42:34,548 | INFO | hilo.kernel-accessor : Fetching kernel: gumbel
2024-03-05 17:42:34,548 | INFO | hilo.gumbel-kernel : Calculating Gumbel distribution (location: -0.4295768737792969, scale 1.2113152742385864)
2024-03-05 17:42:34,548 | INFO | hilo.gumbel-kernel : TOP-LEFT:
tensor([[9.3927e-01, 3.0313e-02, 3.4446e-05],
        [3.0313e-02, 3.4446e-05, 1.8816e-11],
        [3.4446e-05, 1.8816e-11, 2.7302e-25]])
2024-03-05 17:42:34,549 | INFO | hilo.kernel-accessor : Fetching kernel: gumbel
2024-03-05 17:42:34,549 | INFO | hilo.gumbel-kernel : Calculating Gumbel distribution (location: -0.5284562110900879, scale 0.8920280933380127)
2024-03-05 17:42:34,549 | INFO | hilo.gumbel-kernel : TOP-LEFT:
tensor([[9.9925e-01, 3.7648e-04, 1.1962e-13],
        [3.7648e-04, 1.1962e-13, 8.8142e-42],
        [1.1962e-13, 8.8142e-42, 0.0000e+00]])
2024-03-05 17:42:34,549 | INFO | hilo.kernel-accessor : Fetching kernel: gumbel
2024-03-05 17:42:34,549 | INFO | hilo.gumbel-kernel : Calculating Gumbel distribution (location: -0.2290576696395874, scale 0.8161911964416504)
2024-03-05 17:42:34,550 | INFO | hilo.gumbel-kernel : STATIC:
tensor([[9.9140e-01, 4.2990e-03, 7.3743e-10],
        [4.2990e-03, 7.3743e-10, 1.2920e-31],
        [7.3743e-10, 1.2920e-31, 0.0000e+00]])
2024-03-05 17:42:34,550 | INFO | hilo.kernel-accessor : Fetching kernel: gumbel
2024-03-05 17:42:34,550 | INFO | hilo.gumbel-kernel : Calculating Gumbel distribution (location: -0.29005807638168335, scale 0.9299767017364502)
2024-03-05 17:42:34,550 | INFO | hilo.gumbel-kernel : TOP-LEFT:
tensor([[9.8175e-01, 9.1254e-03, 8.0756e-08],
        [9.1254e-03, 8.0756e-08, 9.9778e-22],
        [8.0756e-08, 9.9778e-22, 0.0000e+00]])
2024-03-05 17:42:34,550 | INFO | hilo.kernel-accessor : Fetching kernel: gumbel
2024-03-05 17:42:34,550 | INFO | hilo.gumbel-kernel : Calculating Gumbel distribution (location: -0.22176648676395416, scale 0.7377138137817383)
2024-03-05 17:42:34,551 | INFO | hilo.gumbel-kernel : STATIC:
tensor([[9.9731e-01, 1.3465e-03, 4.9326e-13],
        [1.3465e-03, 4.9326e-13, 0.0000e+00],
        [4.9326e-13, 0.0000e+00, 0.0000e+00]])
2024-03-05 17:42:34,551 | INFO | hilo.kernel-accessor : Fetching kernel: gumbel
2024-03-05 17:42:34,551 | INFO | hilo.gumbel-kernel : Calculating Gumbel distribution (location: -0.2761082053184509, scale 0.9127581119537354)
2024-03-05 17:42:34,551 | INFO | hilo.gumbel-kernel : STATIC:
tensor([[9.8285e-01, 8.5763e-03, 5.2691e-08],
        [8.5763e-03, 5.2691e-08, 1.2069e-22],
        [5.2691e-08, 1.2069e-22, 0.0000e+00]])
2024-03-05 17:42:34,551 | INFO | hilo.kernel-accessor : Fetching kernel: gumbel
2024-03-05 17:42:34,551 | INFO | hilo.gumbel-kernel : Calculating Gumbel distribution (location: -0.3122813105583191, scale 0.9315370321273804)
2024-03-05 17:42:34,552 | INFO | hilo.gumbel-kernel : TOP-LEFT:
tensor([[9.8441e-01, 7.7970e-03, 4.3882e-08],
        [7.7970e-03, 4.3882e-08, 1.5197e-22],
        [4.3882e-08, 1.5197e-22, 0.0000e+00]])
2024-03-05 17:42:34,552 | INFO | hilo.kernel-accessor : Fetching kernel: gumbel
2024-03-05 17:42:34,552 | INFO | hilo.gumbel-kernel : Calculating Gumbel distribution (location: -0.23680716753005981, scale 0.9887953400611877)
2024-03-05 17:42:34,552 | INFO | hilo.gumbel-kernel : TOP-RIGHT:
tensor([[3.1977e-06, 2.0699e-02, 9.5859e-01],
        [6.2436e-16, 3.1977e-06, 2.0699e-02],
        [7.4129e-42, 6.2436e-16, 3.1977e-06]])
2024-03-05 17:42:34,552 | INFO | hilo.kernel-accessor : Fetching kernel: gumbel
2024-03-05 17:42:34,552 | INFO | hilo.gumbel-kernel : Calculating Gumbel distribution (location: 0.006992606911808252, scale 0.8320616483688354)
2024-03-05 17:42:34,553 | INFO | hilo.gumbel-kernel : STATIC:
tensor([[9.4245e-01, 2.8767e-02, 4.2915e-06],
        [2.8767e-02, 4.2915e-06, 1.3175e-17],
        [4.2915e-06, 1.3175e-17, 0.0000e+00]])
2024-03-05 17:42:34,553 | INFO | hilo.kernel-accessor : Fetching kernel: gumbel
2024-03-05 17:42:34,553 | INFO | hilo.gumbel-kernel : Calculating Gumbel distribution (location: 0.05045483261346817, scale 1.0512118339538574)
2024-03-05 17:42:34,553 | INFO | hilo.gumbel-kernel : STATIC:
tensor([[8.4396e-01, 7.6957e-02, 7.0785e-04],
        [7.6957e-02, 7.0785e-04, 1.7154e-08],
        [7.0785e-04, 1.7154e-08, 8.7301e-20]])
2024-03-05 17:42:34,553 | INFO | hilo.kernel-accessor : Fetching kernel: gumbel
2024-03-05 17:42:34,553 | INFO | hilo.gumbel-kernel : Calculating Gumbel distribution (location: 0.031524866819381714, scale 0.9791167974472046)
2024-03-05 17:42:34,554 | INFO | hilo.gumbel-kernel : TOP-LEFT:
tensor([[8.7963e-01, 5.9866e-02, 2.1104e-04],
        [5.9866e-02, 2.1104e-04, 2.0015e-10],
        [2.1104e-04, 2.0015e-10, 2.3139e-26]])
2024-03-05 17:42:34,554 | INFO | hilo.kernel-accessor : Fetching kernel: gumbel
2024-03-05 17:42:34,554 | INFO | hilo.gumbel-kernel : Calculating Gumbel distribution (location: 0.048775143921375275, scale 1.0531264543533325)
2024-03-05 17:42:34,554 | INFO | hilo.gumbel-kernel : TOP-LEFT:
tensor([[8.4383e-01, 7.7017e-02, 7.1277e-04],
        [7.7017e-02, 7.1277e-04, 1.7798e-08],
        [7.1277e-04, 1.7798e-08, 1.0190e-19]])
2024-03-05 17:42:34,554 | INFO | hilo.kernel-accessor : Fetching kernel: gumbel
2024-03-05 17:42:34,555 | INFO | hilo.gumbel-kernel : Calculating Gumbel distribution (location: 0.0873800665140152, scale 0.6882949471473694)
2024-03-05 17:42:34,555 | INFO | hilo.gumbel-kernel : TOP-LEFT:
tensor([[9.6445e-01, 1.7775e-02, 7.9612e-08],
        [1.7775e-02, 7.9612e-08, 1.2576e-28],
        [7.9612e-08, 1.2576e-28, 0.0000e+00]])
2024-03-05 17:42:34,555 | INFO | hilo.kernel-accessor : Fetching kernel: gumbel
2024-03-05 17:42:34,555 | INFO | hilo.gumbel-kernel : Calculating Gumbel distribution (location: 0.12305168807506561, scale 0.8159517645835876)
2024-03-05 17:42:34,555 | INFO | hilo.gumbel-kernel : TOP-RIGHT:
tensor([[3.0840e-05, 4.5062e-02, 9.0978e-01],
        [9.7840e-15, 3.0840e-05, 4.5062e-02],
        [0.0000e+00, 9.7840e-15, 3.0840e-05]])
2024-03-05 17:42:34,555 | INFO | hilo.kernel-accessor : Fetching kernel: gumbel
2024-03-05 17:42:34,556 | INFO | hilo.gumbel-kernel : Calculating Gumbel distribution (location: 0.055070240050554276, scale 0.8415881395339966)
2024-03-05 17:42:34,556 | INFO | hilo.gumbel-kernel : TOP-RIGHT:
tensor([[1.6301e-05, 3.8050e-02, 9.2385e-01],
        [2.1760e-15, 1.6301e-05, 3.8050e-02],
        [0.0000e+00, 2.1760e-15, 1.6301e-05]])
2024-03-05 17:42:34,556 | INFO | hilo.kernel-accessor : Fetching kernel: gumbel
2024-03-05 17:42:34,556 | INFO | hilo.gumbel-kernel : Calculating Gumbel distribution (location: -0.11803032457828522, scale 1.0310900211334229)
2024-03-05 17:42:34,557 | INFO | hilo.gumbel-kernel : TOP-RIGHT:
tensor([[7.3270e-05, 4.4102e-02, 9.1158e-01],
        [1.6731e-11, 7.3270e-05, 4.4102e-02],
        [2.4905e-28, 1.6731e-11, 7.3270e-05]])
2024-03-05 17:43:55,767 | INFO | hilo : Epoch   3/200 | Accuracy:  45.3125 | Loss:   1.3988
2024-03-05 17:43:55,767 | INFO | hilo.kernel-accessor : Fetching kernel: gumbel
2024-03-05 17:43:55,768 | INFO | hilo.gumbel-kernel : Calculating Gumbel distribution (location: -0.015143265947699547, scale 0.5771292448043823)
2024-03-05 17:43:55,768 | INFO | hilo.gumbel-kernel : TOP-LEFT:
tensor([[9.9739e-01, 1.3042e-03, 2.0410e-16],
        [1.3042e-03, 2.0410e-16, 0.0000e+00],
        [2.0410e-16, 0.0000e+00, 0.0000e+00]])
2024-03-05 17:43:55,768 | INFO | hilo.kernel-accessor : Fetching kernel: gumbel
2024-03-05 17:43:55,768 | INFO | hilo.gumbel-kernel : Calculating Gumbel distribution (location: -0.6762241125106812, scale 1.6484180688858032)
2024-03-05 17:43:55,769 | INFO | hilo.gumbel-kernel : TOP-LEFT:
tensor([[8.5613e-01, 7.0157e-02, 1.1830e-03],
        [7.0157e-02, 1.1830e-03, 1.0978e-06],
        [1.1830e-03, 1.0978e-06, 4.9879e-12]])
2024-03-05 17:43:55,769 | INFO | hilo.kernel-accessor : Fetching kernel: gumbel
2024-03-05 17:43:55,769 | INFO | hilo.gumbel-kernel : Calculating Gumbel distribution (location: -0.5875544548034668, scale 0.9650742411613464)
2024-03-05 17:43:55,769 | INFO | hilo.gumbel-kernel : STATIC:
tensor([[9.9848e-01, 7.5967e-04, 8.1095e-12],
        [7.5967e-04, 8.1095e-12, 1.8181e-33],
        [8.1095e-12, 1.8181e-33, 0.0000e+00]])
2024-03-05 17:43:55,769 | INFO | hilo.kernel-accessor : Fetching kernel: gumbel
2024-03-05 17:43:55,770 | INFO | hilo.gumbel-kernel : Calculating Gumbel distribution (location: -0.33004623651504517, scale 0.7307236790657043)
2024-03-05 17:43:55,770 | INFO | hilo.gumbel-kernel : TOP-LEFT:
tensor([[9.9963e-01, 1.8441e-04, 2.1578e-17],
        [1.8441e-04, 2.1578e-17, 0.0000e+00],
        [2.1578e-17, 0.0000e+00, 0.0000e+00]])
2024-03-05 17:43:55,770 | INFO | hilo.kernel-accessor : Fetching kernel: gumbel
2024-03-05 17:43:55,770 | INFO | hilo.gumbel-kernel : Calculating Gumbel distribution (location: -0.25814539194107056, scale 0.7835786938667297)
2024-03-05 17:43:55,770 | INFO | hilo.gumbel-kernel : TOP-RIGHT:
tensor([[8.9949e-12, 1.8885e-03, 9.9622e-01],
        [3.6948e-40, 8.9949e-12, 1.8885e-03],
        [0.0000e+00, 3.6948e-40, 8.9949e-12]])
2024-03-05 17:43:55,771 | INFO | hilo.kernel-accessor : Fetching kernel: gumbel
2024-03-05 17:43:55,771 | INFO | hilo.gumbel-kernel : Calculating Gumbel distribution (location: -0.2349170744419098, scale 0.7113515734672546)
2024-03-05 17:43:55,771 | INFO | hilo.gumbel-kernel : STATIC:
tensor([[9.9874e-01, 6.3206e-04, 4.3043e-15],
        [6.3206e-04, 4.3044e-15, 0.0000e+00],
        [4.3043e-15, 0.0000e+00, 0.0000e+00]])
2024-03-05 17:43:55,771 | INFO | hilo.kernel-accessor : Fetching kernel: gumbel
2024-03-05 17:43:55,771 | INFO | hilo.gumbel-kernel : Calculating Gumbel distribution (location: -0.29644960165023804, scale 0.7767863273620605)
2024-03-05 17:43:55,772 | INFO | hilo.gumbel-kernel : TOP-LEFT:
tensor([[9.9802e-01, 9.9096e-04, 3.8188e-13],
        [9.9096e-04, 3.8188e-13, 0.0000e+00],
        [3.8188e-13, 0.0000e+00, 0.0000e+00]])
2024-03-05 17:43:55,772 | INFO | hilo.kernel-accessor : Fetching kernel: gumbel
2024-03-05 17:43:55,772 | INFO | hilo.gumbel-kernel : Calculating Gumbel distribution (location: -0.3023104667663574, scale 0.6963965892791748)
2024-03-05 17:43:55,772 | INFO | hilo.gumbel-kernel : TOP-RIGHT:
tensor([[3.1763e-19, 1.1513e-04, 9.9977e-01],
        [0.0000e+00, 3.1763e-19, 1.1513e-04],
        [0.0000e+00, 0.0000e+00, 3.1763e-19]])
2024-03-05 17:43:55,772 | INFO | hilo.kernel-accessor : Fetching kernel: gumbel
2024-03-05 17:43:55,772 | INFO | hilo.gumbel-kernel : Calculating Gumbel distribution (location: -0.26628586649894714, scale 0.6385976076126099)
2024-03-05 17:43:55,773 | INFO | hilo.gumbel-kernel : TOP-RIGHT:
tensor([[5.3033e-24, 3.4119e-05, 9.9993e-01],
        [0.0000e+00, 5.3033e-24, 3.4119e-05],
        [0.0000e+00, 0.0000e+00, 5.3033e-24]])
2024-03-05 17:43:55,773 | INFO | hilo.kernel-accessor : Fetching kernel: gumbel
2024-03-05 17:43:55,773 | INFO | hilo.gumbel-kernel : Calculating Gumbel distribution (location: -0.015122638083994389, scale 0.5022388696670532)
2024-03-05 17:43:55,773 | INFO | hilo.gumbel-kernel : STATIC:
tensor([[9.9967e-01, 1.6536e-04, 9.8459e-27],
        [1.6536e-04, 9.8459e-27, 0.0000e+00],
        [9.8459e-27, 0.0000e+00, 0.0000e+00]])
2024-03-05 17:43:55,773 | INFO | hilo.kernel-accessor : Fetching kernel: gumbel
2024-03-05 17:43:55,774 | INFO | hilo.gumbel-kernel : Calculating Gumbel distribution (location: 0.0036540296860039234, scale 0.7104626893997192)
2024-03-05 17:43:55,774 | INFO | hilo.gumbel-kernel : TOP-RIGHT:
tensor([[1.0503e-08, 1.1281e-02, 9.7744e-01],
        [1.8439e-31, 1.0503e-08, 1.1281e-02],
        [0.0000e+00, 1.8439e-31, 1.0503e-08]])
2024-03-05 17:43:55,774 | INFO | hilo.kernel-accessor : Fetching kernel: gumbel
2024-03-05 17:43:55,774 | INFO | hilo.gumbel-kernel : Calculating Gumbel distribution (location: 0.07927022874355316, scale 0.6764440536499023)
2024-03-05 17:43:55,775 | INFO | hilo.gumbel-kernel : TOP-RIGHT:
tensor([[2.7443e-08, 1.5186e-02, 9.6963e-01],
        [2.6649e-31, 2.7443e-08, 1.5186e-02],
        [0.0000e+00, 2.6649e-31, 2.7443e-08]])
2024-03-05 17:43:55,775 | INFO | hilo.kernel-accessor : Fetching kernel: gumbel
2024-03-05 17:43:55,775 | INFO | hilo.gumbel-kernel : Calculating Gumbel distribution (location: 0.07086675614118576, scale 0.7234092950820923)
2024-03-05 17:43:55,775 | INFO | hilo.gumbel-kernel : STATIC:
tensor([[9.5861e-01, 2.0695e-02, 2.9551e-07],
        [2.0695e-02, 2.9551e-07, 9.0665e-25],
        [2.9551e-07, 9.0665e-25, 0.0000e+00]])
2024-03-05 17:43:55,775 | INFO | hilo.kernel-accessor : Fetching kernel: gumbel
2024-03-05 17:43:55,775 | INFO | hilo.gumbel-kernel : Calculating Gumbel distribution (location: 0.031175455078482628, scale 0.5952420234680176)
2024-03-05 17:43:55,776 | INFO | hilo.gumbel-kernel : TOP-LEFT:
tensor([[9.9274e-01, 3.6296e-03, 4.6709e-13],
        [3.6296e-03, 4.6709e-13, 0.0000e+00],
        [4.6709e-13, 0.0000e+00, 0.0000e+00]])
2024-03-05 17:43:55,776 | INFO | hilo.kernel-accessor : Fetching kernel: gumbel
2024-03-05 17:43:55,776 | INFO | hilo.gumbel-kernel : Calculating Gumbel distribution (location: 0.023995518684387207, scale 0.3694413900375366)
2024-03-05 17:43:55,776 | INFO | hilo.gumbel-kernel : TOP-LEFT:
tensor([[1.0000e+00, 3.1061e-07, 0.0000e+00],
        [3.1061e-07, 0.0000e+00, 0.0000e+00],
        [0.0000e+00, 0.0000e+00, 0.0000e+00]])
2024-03-05 17:43:55,776 | INFO | hilo.kernel-accessor : Fetching kernel: gumbel
2024-03-05 17:43:55,777 | INFO | hilo.gumbel-kernel : Calculating Gumbel distribution (location: 0.04576457291841507, scale 0.4185445308685303)
2024-03-05 17:43:55,777 | INFO | hilo.gumbel-kernel : STATIC:
tensor([[9.9994e-01, 3.2031e-05, 5.7453e-44],
        [3.2031e-05, 5.7453e-44, 0.0000e+00],
        [5.7453e-44, 0.0000e+00, 0.0000e+00]])
2024-03-05 17:43:55,777 | INFO | hilo.kernel-accessor : Fetching kernel: gumbel
2024-03-05 17:43:55,777 | INFO | hilo.gumbel-kernel : Calculating Gumbel distribution (location: 0.06980831176042557, scale 0.5613060593605042)
2024-03-05 17:43:55,778 | INFO | hilo.gumbel-kernel : STATIC:
tensor([[9.9290e-01, 3.5524e-03, 6.9609e-14],
        [3.5524e-03, 6.9609e-14, 0.0000e+00],
        [6.9609e-14, 0.0000e+00, 0.0000e+00]])
2024-03-05 17:45:16,883 | INFO | hilo : Epoch   4/200 | Accuracy:  45.9559 | Loss:   1.3035
2024-03-05 17:45:16,883 | INFO | hilo.kernel-accessor : Fetching kernel: gumbel
2024-03-05 17:45:16,884 | INFO | hilo.gumbel-kernel : Calculating Gumbel distribution (location: -0.017993245273828506, scale 0.555051863193512)
2024-03-05 17:45:16,884 | INFO | hilo.gumbel-kernel : TOP-LEFT:
tensor([[9.9851e-01, 7.4542e-04, 7.6438e-19],
        [7.4542e-04, 7.6438e-19, 0.0000e+00],
        [7.6438e-19, 0.0000e+00, 0.0000e+00]])
2024-03-05 17:45:16,884 | INFO | hilo.kernel-accessor : Fetching kernel: gumbel
2024-03-05 17:45:16,885 | INFO | hilo.gumbel-kernel : Calculating Gumbel distribution (location: -0.38976970314979553, scale 1.371942400932312)
2024-03-05 17:45:16,885 | INFO | hilo.gumbel-kernel : STATIC:
tensor([[8.7159e-01, 6.3299e-02, 6.0292e-04],
        [6.3299e-02, 6.0292e-04, 8.5205e-08],
        [6.0292e-04, 8.5205e-08, 1.9510e-15]])
2024-03-05 17:45:16,885 | INFO | hilo.kernel-accessor : Fetching kernel: gumbel
2024-03-05 17:45:16,885 | INFO | hilo.gumbel-kernel : Calculating Gumbel distribution (location: -0.5133833289146423, scale 1.0361961126327515)
2024-03-05 17:45:16,886 | INFO | hilo.gumbel-kernel : TOP-RIGHT:
tensor([[1.8481e-08, 4.7401e-03, 9.9052e-01],
        [5.6128e-22, 1.8481e-08, 4.7401e-03],
        [0.0000e+00, 5.6128e-22, 1.8481e-08]])
2024-03-05 17:45:16,886 | INFO | hilo.kernel-accessor : Fetching kernel: gumbel
2024-03-05 17:45:16,886 | INFO | hilo.gumbel-kernel : Calculating Gumbel distribution (location: -0.3353274464607239, scale 0.8707209825515747)
2024-03-05 17:45:16,887 | INFO | hilo.gumbel-kernel : TOP-RIGHT:
tensor([[4.0632e-10, 3.0084e-03, 9.9398e-01],
        [1.0493e-30, 4.0632e-10, 3.0084e-03],
        [0.0000e+00, 1.0493e-30, 4.0632e-10]])
2024-03-05 17:45:16,887 | INFO | hilo.kernel-accessor : Fetching kernel: gumbel
2024-03-05 17:45:16,887 | INFO | hilo.gumbel-kernel : Calculating Gumbel distribution (location: -0.33782315254211426, scale 0.7621959447860718)
2024-03-05 17:45:16,887 | INFO | hilo.gumbel-kernel : TOP-RIGHT:
tensor([[2.4046e-15, 3.7177e-04, 9.9926e-01],
        [0.0000e+00, 2.4046e-15, 3.7177e-04],
        [0.0000e+00, 0.0000e+00, 2.4046e-15]])
2024-03-05 17:45:16,888 | INFO | hilo.kernel-accessor : Fetching kernel: gumbel
2024-03-05 17:45:16,888 | INFO | hilo.gumbel-kernel : Calculating Gumbel distribution (location: -0.259865939617157, scale 0.7123095989227295)
2024-03-05 17:45:16,888 | INFO | hilo.gumbel-kernel : TOP-LEFT:
tensor([[9.9916e-01, 4.2011e-04, 5.6366e-16],
        [4.2011e-04, 5.6366e-16, 0.0000e+00],
        [5.6366e-16, 0.0000e+00, 0.0000e+00]])
2024-03-05 17:45:16,888 | INFO | hilo.kernel-accessor : Fetching kernel: gumbel
2024-03-05 17:45:16,889 | INFO | hilo.gumbel-kernel : Calculating Gumbel distribution (location: -0.3071252107620239, scale 0.7123931646347046)
2024-03-05 17:45:16,889 | INFO | hilo.gumbel-kernel : TOP-LEFT:
tensor([[9.9966e-01, 1.7064e-04, 5.8598e-18],
        [1.7064e-04, 5.8597e-18, 0.0000e+00],
        [5.8598e-18, 0.0000e+00, 0.0000e+00]])
2024-03-05 17:45:16,889 | INFO | hilo.kernel-accessor : Fetching kernel: gumbel
2024-03-05 17:45:16,889 | INFO | hilo.gumbel-kernel : Calculating Gumbel distribution (location: -0.2775367796421051, scale 0.6422874331474304)
2024-03-05 17:45:16,890 | INFO | hilo.gumbel-kernel : STATIC:
tensor([[9.9994e-01, 2.9162e-05, 3.0241e-24],
        [2.9162e-05, 3.0242e-24, 0.0000e+00],
        [3.0241e-24, 0.0000e+00, 0.0000e+00]])
2024-03-05 17:45:16,890 | INFO | hilo.kernel-accessor : Fetching kernel: gumbel
2024-03-05 17:45:16,890 | INFO | hilo.gumbel-kernel : Calculating Gumbel distribution (location: -0.16669747233390808, scale 0.582298219203949)
2024-03-05 17:45:16,891 | INFO | hilo.gumbel-kernel : STATIC:
tensor([[9.9989e-01, 5.4438e-05, 2.4820e-25],
        [5.4438e-05, 2.4820e-25, 0.0000e+00],
        [2.4820e-25, 0.0000e+00, 0.0000e+00]])
2024-03-05 17:45:16,891 | INFO | hilo.kernel-accessor : Fetching kernel: gumbel
2024-03-05 17:45:16,891 | INFO | hilo.gumbel-kernel : Calculating Gumbel distribution (location: -0.01472488697618246, scale 0.5440510511398315)
2024-03-05 17:45:16,891 | INFO | hilo.gumbel-kernel : TOP-LEFT:
tensor([[9.9880e-01, 6.0062e-04, 5.6984e-20],
        [6.0062e-04, 5.6986e-20, 0.0000e+00],
        [5.6984e-20, 0.0000e+00, 0.0000e+00]])
2024-03-05 17:45:16,891 | INFO | hilo.kernel-accessor : Fetching kernel: gumbel
2024-03-05 17:45:16,892 | INFO | hilo.gumbel-kernel : Calculating Gumbel distribution (location: -0.037883467972278595, scale 0.6546114683151245)
2024-03-05 17:45:16,892 | INFO | hilo.gumbel-kernel : TOP-LEFT:
tensor([[9.9249e-01, 3.7537e-03, 6.4228e-12],
        [3.7537e-03, 6.4228e-12, 0.0000e+00],
        [6.4228e-12, 0.0000e+00, 0.0000e+00]])
2024-03-05 17:45:16,892 | INFO | hilo.kernel-accessor : Fetching kernel: gumbel
2024-03-05 17:45:16,892 | INFO | hilo.gumbel-kernel : Calculating Gumbel distribution (location: 0.07804292440414429, scale 0.5568781495094299)
2024-03-05 17:45:16,893 | INFO | hilo.gumbel-kernel : TOP-LEFT:
tensor([[9.9260e-01, 3.7016e-03, 7.2131e-14],
        [3.7016e-03, 7.2131e-14, 0.0000e+00],
        [7.2131e-14, 0.0000e+00, 0.0000e+00]])
2024-03-05 17:45:16,893 | INFO | hilo.kernel-accessor : Fetching kernel: gumbel
2024-03-05 17:45:16,893 | INFO | hilo.gumbel-kernel : Calculating Gumbel distribution (location: 0.0971423089504242, scale 0.6479829549789429)
2024-03-05 17:45:16,894 | INFO | hilo.gumbel-kernel : STATIC:
tensor([[9.7279e-01, 1.3605e-02, 8.3580e-09],
        [1.3605e-02, 8.3580e-09, 2.0870e-35],
        [8.3580e-09, 2.0870e-35, 0.0000e+00]])
2024-03-05 17:45:16,894 | INFO | hilo.kernel-accessor : Fetching kernel: gumbel
2024-03-05 17:45:16,894 | INFO | hilo.gumbel-kernel : Calculating Gumbel distribution (location: 0.044886793941259384, scale 0.573871374130249)
2024-03-05 17:45:16,894 | INFO | hilo.gumbel-kernel : TOP-LEFT:
tensor([[9.9381e-01, 3.0939e-03, 5.4683e-14],
        [3.0939e-03, 5.4682e-14, 0.0000e+00],
        [5.4683e-14, 0.0000e+00, 0.0000e+00]])
2024-03-05 17:45:16,895 | INFO | hilo.kernel-accessor : Fetching kernel: gumbel
2024-03-05 17:45:16,895 | INFO | hilo.gumbel-kernel : Calculating Gumbel distribution (location: 0.024501588195562363, scale 0.20128868520259857)
2024-03-05 17:45:16,895 | INFO | hilo.gumbel-kernel : STATIC:
tensor([[1., 0., 0.],
        [0., 0., 0.],
        [0., 0., 0.]])
2024-03-05 17:45:16,895 | INFO | hilo.kernel-accessor : Fetching kernel: gumbel
2024-03-05 17:45:16,896 | INFO | hilo.gumbel-kernel : Calculating Gumbel distribution (location: 0.0327722504734993, scale 0.3116914629936218)
2024-03-05 17:45:16,896 | INFO | hilo.gumbel-kernel : TOP-RIGHT:
tensor([[0.0000e+00, 1.7900e-10, 1.0000e+00],
        [0.0000e+00, 0.0000e+00, 1.7900e-10],
        [0.0000e+00, 0.0000e+00, 0.0000e+00]])
2024-03-05 17:45:16,896 | INFO | hilo.kernel-accessor : Fetching kernel: gumbel
2024-03-05 17:45:16,896 | INFO | hilo.gumbel-kernel : Calculating Gumbel distribution (location: 0.0894755870103836, scale 0.3186533451080322)
2024-03-05 17:45:16,897 | INFO | hilo.gumbel-kernel : TOP-RIGHT:
tensor([[0.0000e+00, 1.4882e-07, 1.0000e+00],
        [0.0000e+00, 0.0000e+00, 1.4882e-07],
        [0.0000e+00, 0.0000e+00, 0.0000e+00]])
2024-03-05 17:46:37,923 | INFO | hilo : Epoch   5/200 | Accuracy:  50.0000 | Loss:   1.1226
2024-03-05 17:46:37,923 | INFO | hilo.kernel-accessor : Fetching kernel: gumbel
2024-03-05 17:46:37,924 | INFO | hilo.gumbel-kernel : Calculating Gumbel distribution (location: -0.02240510657429695, scale 0.5425370335578918)
2024-03-05 17:46:37,924 | INFO | hilo.gumbel-kernel : STATIC:
tensor([[9.9902e-01, 4.9122e-04, 1.1215e-20],
        [4.9122e-04, 1.1215e-20, 0.0000e+00],
        [1.1215e-20, 0.0000e+00, 0.0000e+00]])
2024-03-05 17:46:37,924 | INFO | hilo.kernel-accessor : Fetching kernel: gumbel
2024-03-05 17:46:37,925 | INFO | hilo.gumbel-kernel : Calculating Gumbel distribution (location: -0.5798668265342712, scale 1.5431694984436035)
2024-03-05 17:46:37,925 | INFO | hilo.gumbel-kernel : TOP-RIGHT:
tensor([[8.5168e-04, 6.5569e-02, 8.6631e-01],
        [3.8064e-07, 8.5168e-04, 6.5569e-02],
        [2.7115e-13, 3.8064e-07, 8.5168e-04]])
2024-03-05 17:46:37,925 | INFO | hilo.kernel-accessor : Fetching kernel: gumbel
2024-03-05 17:46:37,925 | INFO | hilo.gumbel-kernel : Calculating Gumbel distribution (location: -0.6544994115829468, scale 1.1925162076950073)
2024-03-05 17:46:37,925 | INFO | hilo.gumbel-kernel : STATIC:
tensor([[9.8339e-01, 8.3061e-03, 3.9985e-07],
        [8.3061e-03, 3.9985e-07, 1.2403e-16],
        [3.9985e-07, 1.2403e-16, 3.7887e-38]])
2024-03-05 17:46:37,926 | INFO | hilo.kernel-accessor : Fetching kernel: gumbel
2024-03-05 17:46:37,926 | INFO | hilo.gumbel-kernel : Calculating Gumbel distribution (location: -0.3208844065666199, scale 0.9013460278511047)
2024-03-05 17:46:37,926 | INFO | hilo.gumbel-kernel : STATIC:
tensor([[9.8964e-01, 5.1814e-03, 5.9730e-09],
        [5.1814e-03, 5.9730e-09, 5.5807e-26],
        [5.9730e-09, 5.5807e-26, 0.0000e+00]])
2024-03-05 17:46:37,926 | INFO | hilo.kernel-accessor : Fetching kernel: gumbel
2024-03-05 17:46:37,926 | INFO | hilo.gumbel-kernel : Calculating Gumbel distribution (location: -0.34688320755958557, scale 0.808485746383667)
