2024-03-02 21:02:55,612 | INFO | hilo : 
+==============================================================+
|                                                              |
| ██████╗  █████╗ ██████╗ ██╗         ██╗      █████╗ ██████╗  |
| ██╔══██╗██╔══██╗██╔══██╗██║         ██║     ██╔══██╗██╔══██╗ |
| ██║  ██║███████║██║  ██║██║         ██║     ███████║██████╔╝ |
| ██║  ██║██╔══██║██║  ██║██║         ██║     ██╔══██║██╔══██╗ |
| ██████╔╝██║  ██║██████╔╝███████╗    ███████╗██║  ██║██████╔╝ |
| ╚═════╝ ╚═╝  ╚═╝╚═════╝ ╚══════╝    ╚══════╝╚═╝  ╚═╝╚═════╝  |
+==============================================================+
|             Hi-Lo Resolution Image Classification            |
|             -------------------------------------            |
|                       Gabriel C. Trahan                      |
|                          Sahan Ahmad                         |
|                       MD  Aminual Islam                      |
+==============================================================+
2024-03-02 21:02:57,211 | INFO | hilo.dataset-accessor : Fetching dataset: cifar10
2024-03-02 21:02:57,211 | INFO | hilo.cifar10-dataset : Initializing transform
2024-03-02 21:02:57,212 | INFO | hilo.cifar10-dataset : Verifying/downloading train data
2024-03-02 21:02:57,814 | INFO | hilo.cifar10-dataset : Verifying/downloading test data
2024-03-02 21:02:58,296 | INFO | hilo.cifar10-dataset : Creating train data loader.
2024-03-02 21:02:58,297 | INFO | hilo.cifar10-dataset : Creating test data loader.
2024-03-02 21:02:58,406 | INFO | hilo : Output directory: output/resnet/cifar10/gaussian/9/20240302_210257/
2024-03-02 21:02:59,389 | INFO | hilo : Using device: NVIDIA GeForce GTX 1060 6GB
2024-03-02 21:02:59,390 | INFO | hilo : Exeucting job: MODEL resnet | DATASET cifar10 | KERNEL gaussian | TYPE 9
2024-03-02 21:02:59,390 | INFO | hilo : Commencing training phase...
2024-03-02 21:02:59,390 | INFO | hilo.kernel-accessor : Fetching kernel: gaussian
2024-03-02 21:02:59,390 | INFO | hilo.gaussian-kernel : Calculating Gaussian distribution (location: 0, scale 1.0)
2024-03-02 21:02:59,391 | INFO | hilo.gaussian-kernel : STATIC:
tensor([[0.3296, 0.1999, 0.0446],
        [0.1999, 0.1212, 0.0271],
        [0.0446, 0.0271, 0.0060]])
2024-03-02 21:02:59,391 | INFO | hilo.kernel-accessor : Fetching kernel: gaussian
2024-03-02 21:02:59,391 | INFO | hilo.gaussian-kernel : Calculating Gaussian distribution (location: 0, scale 1.0)
2024-03-02 21:02:59,391 | INFO | hilo.gaussian-kernel : TOP-LEFT:
tensor([[0.3296, 0.1999, 0.0446],
        [0.1999, 0.1212, 0.0271],
        [0.0446, 0.0271, 0.0060]])
2024-03-02 21:02:59,392 | INFO | hilo.kernel-accessor : Fetching kernel: gaussian
2024-03-02 21:02:59,392 | INFO | hilo.gaussian-kernel : Calculating Gaussian distribution (location: 0, scale 1.0)
2024-03-02 21:02:59,392 | INFO | hilo.gaussian-kernel : TOP-LEFT:
tensor([[0.3296, 0.1999, 0.0446],
        [0.1999, 0.1212, 0.0271],
        [0.0446, 0.0271, 0.0060]])
2024-03-02 21:02:59,392 | INFO | hilo.kernel-accessor : Fetching kernel: gaussian
2024-03-02 21:02:59,392 | INFO | hilo.gaussian-kernel : Calculating Gaussian distribution (location: 0, scale 1.0)
2024-03-02 21:02:59,393 | INFO | hilo.gaussian-kernel : BOTTOM-LEFT:
tensor([[0.0446, 0.0271, 0.0060],
        [0.1999, 0.1212, 0.0271],
        [0.3296, 0.1999, 0.0446]])
2024-03-02 21:02:59,393 | INFO | hilo.kernel-accessor : Fetching kernel: gaussian
2024-03-02 21:02:59,393 | INFO | hilo.gaussian-kernel : Calculating Gaussian distribution (location: 0, scale 1.0)
2024-03-02 21:02:59,393 | INFO | hilo.gaussian-kernel : TOP-LEFT:
tensor([[0.3296, 0.1999, 0.0446],
        [0.1999, 0.1212, 0.0271],
        [0.0446, 0.0271, 0.0060]])
2024-03-02 21:02:59,393 | INFO | hilo.kernel-accessor : Fetching kernel: gaussian
2024-03-02 21:02:59,393 | INFO | hilo.gaussian-kernel : Calculating Gaussian distribution (location: 0, scale 1.0)
2024-03-02 21:02:59,394 | INFO | hilo.gaussian-kernel : STATIC:
tensor([[0.3296, 0.1999, 0.0446],
        [0.1999, 0.1212, 0.0271],
        [0.0446, 0.0271, 0.0060]])
2024-03-02 21:02:59,394 | INFO | hilo.kernel-accessor : Fetching kernel: gaussian
2024-03-02 21:02:59,394 | INFO | hilo.gaussian-kernel : Calculating Gaussian distribution (location: 0, scale 1.0)
2024-03-02 21:02:59,394 | INFO | hilo.gaussian-kernel : BOTTOM-LEFT:
tensor([[0.0446, 0.0271, 0.0060],
        [0.1999, 0.1212, 0.0271],
        [0.3296, 0.1999, 0.0446]])
2024-03-02 21:02:59,394 | INFO | hilo.kernel-accessor : Fetching kernel: gaussian
2024-03-02 21:02:59,394 | INFO | hilo.gaussian-kernel : Calculating Gaussian distribution (location: 0, scale 1.0)
2024-03-02 21:02:59,395 | INFO | hilo.gaussian-kernel : TOP-LEFT:
tensor([[0.3296, 0.1999, 0.0446],
        [0.1999, 0.1212, 0.0271],
        [0.0446, 0.0271, 0.0060]])
2024-03-02 21:02:59,395 | INFO | hilo.kernel-accessor : Fetching kernel: gaussian
2024-03-02 21:02:59,395 | INFO | hilo.gaussian-kernel : Calculating Gaussian distribution (location: 0, scale 1.0)
2024-03-02 21:02:59,395 | INFO | hilo.gaussian-kernel : BOTTOM-LEFT:
tensor([[0.0446, 0.0271, 0.0060],
        [0.1999, 0.1212, 0.0271],
        [0.3296, 0.1999, 0.0446]])
2024-03-02 21:02:59,395 | INFO | hilo.kernel-accessor : Fetching kernel: gaussian
2024-03-02 21:02:59,395 | INFO | hilo.gaussian-kernel : Calculating Gaussian distribution (location: 0, scale 1.0)
2024-03-02 21:02:59,396 | INFO | hilo.gaussian-kernel : BOTTOM-LEFT:
tensor([[0.0446, 0.0271, 0.0060],
        [0.1999, 0.1212, 0.0271],
        [0.3296, 0.1999, 0.0446]])
2024-03-02 21:02:59,396 | INFO | hilo.kernel-accessor : Fetching kernel: gaussian
2024-03-02 21:02:59,396 | INFO | hilo.gaussian-kernel : Calculating Gaussian distribution (location: 0, scale 1.0)
2024-03-02 21:02:59,396 | INFO | hilo.gaussian-kernel : STATIC:
tensor([[0.3296, 0.1999, 0.0446],
        [0.1999, 0.1212, 0.0271],
        [0.0446, 0.0271, 0.0060]])
2024-03-02 21:02:59,396 | INFO | hilo.kernel-accessor : Fetching kernel: gaussian
2024-03-02 21:02:59,396 | INFO | hilo.gaussian-kernel : Calculating Gaussian distribution (location: 0, scale 1.0)
2024-03-02 21:02:59,397 | INFO | hilo.gaussian-kernel : STATIC:
tensor([[0.3296, 0.1999, 0.0446],
        [0.1999, 0.1212, 0.0271],
        [0.0446, 0.0271, 0.0060]])
2024-03-02 21:02:59,397 | INFO | hilo.kernel-accessor : Fetching kernel: gaussian
2024-03-02 21:02:59,397 | INFO | hilo.gaussian-kernel : Calculating Gaussian distribution (location: 0, scale 1.0)
2024-03-02 21:02:59,397 | INFO | hilo.gaussian-kernel : STATIC:
tensor([[0.3296, 0.1999, 0.0446],
        [0.1999, 0.1212, 0.0271],
        [0.0446, 0.0271, 0.0060]])
2024-03-02 21:02:59,397 | INFO | hilo.kernel-accessor : Fetching kernel: gaussian
2024-03-02 21:02:59,397 | INFO | hilo.gaussian-kernel : Calculating Gaussian distribution (location: 0, scale 1.0)
2024-03-02 21:02:59,398 | INFO | hilo.gaussian-kernel : STATIC:
tensor([[0.3296, 0.1999, 0.0446],
        [0.1999, 0.1212, 0.0271],
        [0.0446, 0.0271, 0.0060]])
2024-03-02 21:02:59,398 | INFO | hilo.kernel-accessor : Fetching kernel: gaussian
2024-03-02 21:02:59,398 | INFO | hilo.gaussian-kernel : Calculating Gaussian distribution (location: 0, scale 1.0)
2024-03-02 21:02:59,398 | INFO | hilo.gaussian-kernel : BOTTOM-LEFT:
tensor([[0.0446, 0.0271, 0.0060],
        [0.1999, 0.1212, 0.0271],
        [0.3296, 0.1999, 0.0446]])
2024-03-02 21:02:59,398 | INFO | hilo.kernel-accessor : Fetching kernel: gaussian
2024-03-02 21:02:59,398 | INFO | hilo.gaussian-kernel : Calculating Gaussian distribution (location: 0, scale 1.0)
2024-03-02 21:02:59,399 | INFO | hilo.gaussian-kernel : BOTTOM-LEFT:
tensor([[0.0446, 0.0271, 0.0060],
        [0.1999, 0.1212, 0.0271],
        [0.3296, 0.1999, 0.0446]])
2024-03-02 21:02:59,399 | INFO | hilo.kernel-accessor : Fetching kernel: gaussian
2024-03-02 21:02:59,399 | INFO | hilo.gaussian-kernel : Calculating Gaussian distribution (location: 0, scale 1.0)
2024-03-02 21:02:59,399 | INFO | hilo.gaussian-kernel : STATIC:
tensor([[0.3296, 0.1999, 0.0446],
        [0.1999, 0.1212, 0.0271],
        [0.0446, 0.0271, 0.0060]])
2024-03-02 21:04:20,935 | INFO | hilo : Epoch   1/200 | Accuracy:  39.0625 | Loss:   1.7421
2024-03-02 21:04:20,936 | INFO | hilo.kernel-accessor : Fetching kernel: gaussian
2024-03-02 21:04:20,936 | INFO | hilo.gaussian-kernel : Calculating Gaussian distribution (location: 0.009904282167553902, scale 0.7287931442260742)
2024-03-02 21:04:20,936 | INFO | hilo.gaussian-kernel : BOTTOM-LEFT:
tensor([[1.1896e-02, 4.7278e-03, 2.8593e-04],
        [1.9669e-01, 7.8173e-02, 4.7278e-03],
        [4.9491e-01, 1.9669e-01, 1.1896e-02]])
2024-03-02 21:04:20,937 | INFO | hilo.kernel-accessor : Fetching kernel: gaussian
2024-03-02 21:04:20,937 | INFO | hilo.gaussian-kernel : Calculating Gaussian distribution (location: -0.5051708221435547, scale 1.823574185371399)
2024-03-02 21:04:20,937 | INFO | hilo.gaussian-kernel : TOP-LEFT:
tensor([[0.2176, 0.1609, 0.0880],
        [0.1609, 0.1189, 0.0651],
        [0.0880, 0.0651, 0.0356]])
2024-03-02 21:04:20,937 | INFO | hilo.kernel-accessor : Fetching kernel: gaussian
2024-03-02 21:04:20,937 | INFO | hilo.gaussian-kernel : Calculating Gaussian distribution (location: -0.46234041452407837, scale 1.3778326511383057)
2024-03-02 21:04:20,938 | INFO | hilo.gaussian-kernel : STATIC:
tensor([[0.3030, 0.1825, 0.0649],
        [0.1825, 0.1099, 0.0391],
        [0.0649, 0.0391, 0.0139]])
2024-03-02 21:04:20,938 | INFO | hilo.kernel-accessor : Fetching kernel: gaussian
2024-03-02 21:04:20,938 | INFO | hilo.gaussian-kernel : Calculating Gaussian distribution (location: -0.2108769416809082, scale 1.3496570587158203)
2024-03-02 21:04:20,938 | INFO | hilo.gaussian-kernel : STATIC:
tensor([[0.2653, 0.1796, 0.0702],
        [0.1796, 0.1216, 0.0475],
        [0.0702, 0.0475, 0.0186]])
2024-03-02 21:04:20,938 | INFO | hilo.kernel-accessor : Fetching kernel: gaussian
2024-03-02 21:04:20,938 | INFO | hilo.gaussian-kernel : Calculating Gaussian distribution (location: -0.18805432319641113, scale 1.4032630920410156)
2024-03-02 21:04:20,939 | INFO | hilo.gaussian-kernel : STATIC:
tensor([[0.2489, 0.1755, 0.0745],
        [0.1755, 0.1238, 0.0525],
        [0.0745, 0.0525, 0.0223]])
2024-03-02 21:04:20,939 | INFO | hilo.kernel-accessor : Fetching kernel: gaussian
2024-03-02 21:04:20,939 | INFO | hilo.gaussian-kernel : Calculating Gaussian distribution (location: -0.0686950534582138, scale 1.0747382640838623)
2024-03-02 21:04:20,939 | INFO | hilo.gaussian-kernel : TOP-LEFT:
tensor([[0.3198, 0.1955, 0.0503],
        [0.1955, 0.1195, 0.0307],
        [0.0503, 0.0307, 0.0079]])
2024-03-02 21:04:20,939 | INFO | hilo.kernel-accessor : Fetching kernel: gaussian
2024-03-02 21:04:20,939 | INFO | hilo.gaussian-kernel : Calculating Gaussian distribution (location: -0.12854957580566406, scale 1.206922173500061)
2024-03-02 21:04:20,940 | INFO | hilo.gaussian-kernel : TOP-LEFT:
tensor([[0.2885, 0.1874, 0.0613],
        [0.1874, 0.1217, 0.0398],
        [0.0613, 0.0398, 0.0130]])
2024-03-02 21:04:20,940 | INFO | hilo.kernel-accessor : Fetching kernel: gaussian
2024-03-02 21:04:20,940 | INFO | hilo.gaussian-kernel : Calculating Gaussian distribution (location: -0.17841224372386932, scale 1.1843446493148804)
2024-03-02 21:04:20,940 | INFO | hilo.gaussian-kernel : TOP-LEFT:
tensor([[0.3077, 0.1897, 0.0573],
        [0.1897, 0.1169, 0.0353],
        [0.0573, 0.0353, 0.0107]])
2024-03-02 21:04:20,940 | INFO | hilo.kernel-accessor : Fetching kernel: gaussian
2024-03-02 21:04:20,940 | INFO | hilo.gaussian-kernel : Calculating Gaussian distribution (location: -0.12115378677845001, scale 1.2233752012252808)
2024-03-02 21:04:20,941 | INFO | hilo.gaussian-kernel : BOTTOM-LEFT:
tensor([[0.0630, 0.0416, 0.0141],
        [0.1861, 0.1229, 0.0416],
        [0.2818, 0.1861, 0.0630]])
2024-03-02 21:04:20,941 | INFO | hilo.kernel-accessor : Fetching kernel: gaussian
2024-03-02 21:04:20,941 | INFO | hilo.gaussian-kernel : Calculating Gaussian distribution (location: -0.0871557742357254, scale 0.9890044927597046)
2024-03-02 21:04:20,941 | INFO | hilo.gaussian-kernel : STATIC:
tensor([[0.3642, 0.1998, 0.0394],
        [0.1998, 0.1096, 0.0216],
        [0.0394, 0.0216, 0.0043]])
2024-03-02 21:04:20,941 | INFO | hilo.kernel-accessor : Fetching kernel: gaussian
2024-03-02 21:04:20,941 | INFO | hilo.gaussian-kernel : Calculating Gaussian distribution (location: -0.10372401028871536, scale 1.1825414896011353)
2024-03-02 21:04:20,942 | INFO | hilo.gaussian-kernel : BOTTOM-LEFT:
tensor([[0.0599, 0.0389, 0.0124],
        [0.1886, 0.1225, 0.0389],
        [0.2904, 0.1886, 0.0599]])
2024-03-02 21:04:20,942 | INFO | hilo.kernel-accessor : Fetching kernel: gaussian
2024-03-02 21:04:20,942 | INFO | hilo.gaussian-kernel : Calculating Gaussian distribution (location: -0.08496949076652527, scale 1.1455860137939453)
2024-03-02 21:04:20,942 | INFO | hilo.gaussian-kernel : BOTTOM-LEFT:
tensor([[0.0570, 0.0365, 0.0109],
        [0.1908, 0.1222, 0.0365],
        [0.2980, 0.1908, 0.0570]])
2024-03-02 21:04:20,942 | INFO | hilo.kernel-accessor : Fetching kernel: gaussian
2024-03-02 21:04:20,942 | INFO | hilo.gaussian-kernel : Calculating Gaussian distribution (location: 0.011045647785067558, scale 1.2704533338546753)
2024-03-02 21:04:20,943 | INFO | hilo.gaussian-kernel : BOTTOM-LEFT:
tensor([[0.0711, 0.0525, 0.0209],
        [0.1788, 0.1321, 0.0525],
        [0.2421, 0.1788, 0.0711]])
2024-03-02 21:04:20,943 | INFO | hilo.kernel-accessor : Fetching kernel: gaussian
2024-03-02 21:04:20,943 | INFO | hilo.gaussian-kernel : Calculating Gaussian distribution (location: 0.03089551441371441, scale 1.0085349082946777)
2024-03-02 21:04:20,943 | INFO | hilo.gaussian-kernel : BOTTOM-LEFT:
tensor([[0.0470, 0.0296, 0.0070],
        [0.1992, 0.1256, 0.0296],
        [0.3159, 0.1992, 0.0470]])
2024-03-02 21:04:20,943 | INFO | hilo.kernel-accessor : Fetching kernel: gaussian
2024-03-02 21:04:20,943 | INFO | hilo.gaussian-kernel : Calculating Gaussian distribution (location: 0.0059835221618413925, scale 1.1516815423965454)
2024-03-02 21:04:20,944 | INFO | hilo.gaussian-kernel : TOP-LEFT:
tensor([[0.2734, 0.1884, 0.0611],
        [0.1884, 0.1298, 0.0421],
        [0.0611, 0.0421, 0.0136]])
2024-03-02 21:04:20,944 | INFO | hilo.kernel-accessor : Fetching kernel: gaussian
2024-03-02 21:04:20,944 | INFO | hilo.gaussian-kernel : Calculating Gaussian distribution (location: -0.14740793406963348, scale 1.6064167022705078)
2024-03-02 21:04:20,944 | INFO | hilo.gaussian-kernel : TOP-LEFT:
tensor([[0.2087, 0.1624, 0.0858],
        [0.1624, 0.1263, 0.0667],
        [0.0858, 0.0667, 0.0352]])
2024-03-02 21:04:20,944 | INFO | hilo.kernel-accessor : Fetching kernel: gaussian
2024-03-02 21:04:20,945 | INFO | hilo.gaussian-kernel : Calculating Gaussian distribution (location: -0.6005281805992126, scale 2.295293092727661)
2024-03-02 21:04:20,945 | INFO | hilo.gaussian-kernel : TOP-LEFT:
tensor([[0.1801, 0.1462, 0.0981],
        [0.1462, 0.1186, 0.0796],
        [0.0981, 0.0796, 0.0534]])
2024-03-02 21:05:41,543 | INFO | hilo : Epoch   2/200 | Accuracy:  42.1262 | Loss:   1.6378
2024-03-02 21:05:41,543 | INFO | hilo.kernel-accessor : Fetching kernel: gaussian
2024-03-02 21:05:41,544 | INFO | hilo.gaussian-kernel : Calculating Gaussian distribution (location: -0.005155404098331928, scale 0.7566773295402527)
2024-03-02 21:05:41,544 | INFO | hilo.gaussian-kernel : TOP-LEFT:
tensor([[4.7978e-01, 1.9855e-01, 1.4328e-02],
        [1.9855e-01, 8.2169e-02, 5.9297e-03],
        [1.4328e-02, 5.9297e-03, 4.2791e-04]])
2024-03-02 21:05:41,544 | INFO | hilo.kernel-accessor : Fetching kernel: gaussian
2024-03-02 21:05:41,545 | INFO | hilo.gaussian-kernel : Calculating Gaussian distribution (location: -0.4785962998867035, scale 1.5535575151443481)
2024-03-02 21:05:41,545 | INFO | hilo.gaussian-kernel : STATIC:
tensor([[0.2602, 0.1735, 0.0764],
        [0.1735, 0.1157, 0.0509],
        [0.0764, 0.0509, 0.0224]])
2024-03-02 21:05:41,545 | INFO | hilo.kernel-accessor : Fetching kernel: gaussian
2024-03-02 21:05:41,545 | INFO | hilo.gaussian-kernel : Calculating Gaussian distribution (location: -0.5296953916549683, scale 1.2346253395080566)
2024-03-02 21:05:41,546 | INFO | hilo.gaussian-kernel : BOTTOM-LEFT:
tensor([[0.0498, 0.0253, 0.0067],
        [0.1885, 0.0959, 0.0253],
        [0.3703, 0.1885, 0.0498]])
2024-03-02 21:05:41,546 | INFO | hilo.kernel-accessor : Fetching kernel: gaussian
2024-03-02 21:05:41,546 | INFO | hilo.gaussian-kernel : Calculating Gaussian distribution (location: -0.2436387538909912, scale 1.0835671424865723)
2024-03-02 21:05:41,547 | INFO | hilo.gaussian-kernel : BOTTOM-LEFT:
tensor([[0.0441, 0.0234, 0.0053],
        [0.1947, 0.1034, 0.0234],
        [0.3669, 0.1947, 0.0441]])
2024-03-02 21:05:41,547 | INFO | hilo.kernel-accessor : Fetching kernel: gaussian
2024-03-02 21:05:41,547 | INFO | hilo.gaussian-kernel : Calculating Gaussian distribution (location: -0.2805660367012024, scale 1.0706948041915894)
2024-03-02 21:05:41,547 | INFO | hilo.gaussian-kernel : TOP-LEFT:
tensor([[0.3842, 0.1945, 0.0411],
        [0.1945, 0.0984, 0.0208],
        [0.0411, 0.0208, 0.0044]])
2024-03-02 21:05:41,548 | INFO | hilo.kernel-accessor : Fetching kernel: gaussian
2024-03-02 21:05:41,548 | INFO | hilo.gaussian-kernel : Calculating Gaussian distribution (location: -0.057699114084243774, scale 0.811640739440918)
2024-03-02 21:05:41,548 | INFO | hilo.gaussian-kernel : STATIC:
tensor([[0.4633, 0.1987, 0.0187],
        [0.1987, 0.0852, 0.0080],
        [0.0187, 0.0080, 0.0008]])
2024-03-02 21:05:41,548 | INFO | hilo.kernel-accessor : Fetching kernel: gaussian
2024-03-02 21:05:41,549 | INFO | hilo.gaussian-kernel : Calculating Gaussian distribution (location: -0.1522943526506424, scale 0.9471542835235596)
2024-03-02 21:05:41,549 | INFO | hilo.gaussian-kernel : TOP-LEFT:
tensor([[0.4110, 0.1986, 0.0315],
        [0.1986, 0.0960, 0.0152],
        [0.0315, 0.0152, 0.0024]])
2024-03-02 21:05:41,549 | INFO | hilo.kernel-accessor : Fetching kernel: gaussian
2024-03-02 21:05:41,549 | INFO | hilo.gaussian-kernel : Calculating Gaussian distribution (location: -0.22376610338687897, scale 0.9107022881507874)
2024-03-02 21:05:41,550 | INFO | hilo.gaussian-kernel : TOP-LEFT:
tensor([[0.4627, 0.1933, 0.0242],
        [0.1933, 0.0808, 0.0101],
        [0.0242, 0.0101, 0.0013]])
2024-03-02 21:05:41,550 | INFO | hilo.kernel-accessor : Fetching kernel: gaussian
2024-03-02 21:05:41,550 | INFO | hilo.gaussian-kernel : Calculating Gaussian distribution (location: -0.09831877052783966, scale 0.8873661160469055)
2024-03-02 21:05:41,551 | INFO | hilo.gaussian-kernel : BOTTOM-LEFT:
tensor([[0.0263, 0.0123, 0.0016],
        [0.2000, 0.0936, 0.0123],
        [0.4276, 0.2000, 0.0263]])
2024-03-02 21:05:41,551 | INFO | hilo.kernel-accessor : Fetching kernel: gaussian
2024-03-02 21:05:41,551 | INFO | hilo.gaussian-kernel : Calculating Gaussian distribution (location: -0.07664891332387924, scale 0.7432160973548889)
2024-03-02 21:05:41,551 | INFO | hilo.gaussian-kernel : TOP-LEFT:
tensor([[5.3098e-01, 1.8694e-01, 1.0766e-02],
        [1.8694e-01, 6.5813e-02, 3.7904e-03],
        [1.0766e-02, 3.7904e-03, 2.1831e-04]])
2024-03-02 21:05:41,551 | INFO | hilo.kernel-accessor : Fetching kernel: gaussian
2024-03-02 21:05:41,552 | INFO | hilo.gaussian-kernel : Calculating Gaussian distribution (location: -0.16350077092647552, scale 0.9651244878768921)
2024-03-02 21:05:41,552 | INFO | hilo.gaussian-kernel : TOP-LEFT:
tensor([[0.4043, 0.1983, 0.0332],
        [0.1983, 0.0973, 0.0163],
        [0.0332, 0.0163, 0.0027]])
2024-03-02 21:05:41,552 | INFO | hilo.kernel-accessor : Fetching kernel: gaussian
2024-03-02 21:05:41,552 | INFO | hilo.gaussian-kernel : Calculating Gaussian distribution (location: -0.14004579186439514, scale 0.9377436637878418)
2024-03-02 21:05:41,553 | INFO | hilo.gaussian-kernel : TOP-LEFT:
tensor([[0.4121, 0.1990, 0.0308],
        [0.1990, 0.0961, 0.0149],
        [0.0308, 0.0149, 0.0023]])
2024-03-02 21:05:41,553 | INFO | hilo.kernel-accessor : Fetching kernel: gaussian
2024-03-02 21:05:41,553 | INFO | hilo.gaussian-kernel : Calculating Gaussian distribution (location: -0.0103671969845891, scale 1.0920920372009277)
2024-03-02 21:05:41,554 | INFO | hilo.gaussian-kernel : BOTTOM-LEFT:
tensor([[0.0545, 0.0355, 0.0100],
        [0.1935, 0.1261, 0.0355],
        [0.2968, 0.1935, 0.0545]])
2024-03-02 21:05:41,554 | INFO | hilo.kernel-accessor : Fetching kernel: gaussian
2024-03-02 21:05:41,554 | INFO | hilo.gaussian-kernel : Calculating Gaussian distribution (location: 0.03503849729895592, scale 0.859571099281311)
2024-03-02 21:05:41,554 | INFO | hilo.gaussian-kernel : TOP-LEFT:
tensor([[0.3875, 0.2065, 0.0284],
        [0.2065, 0.1101, 0.0152],
        [0.0284, 0.0152, 0.0021]])
2024-03-02 21:05:41,555 | INFO | hilo.kernel-accessor : Fetching kernel: gaussian
2024-03-02 21:05:41,555 | INFO | hilo.gaussian-kernel : Calculating Gaussian distribution (location: 0.0039891209453344345, scale 0.9752702116966248)
2024-03-02 21:05:41,555 | INFO | hilo.gaussian-kernel : BOTTOM-LEFT:
tensor([[0.0418, 0.0248, 0.0051],
        [0.2014, 0.1196, 0.0248],
        [0.3393, 0.2014, 0.0418]])
2024-03-02 21:05:41,556 | INFO | hilo.kernel-accessor : Fetching kernel: gaussian
2024-03-02 21:05:41,556 | INFO | hilo.gaussian-kernel : Calculating Gaussian distribution (location: -0.12786045670509338, scale 1.1234867572784424)
2024-03-02 21:05:41,556 | INFO | hilo.gaussian-kernel : TOP-LEFT:
tensor([[0.3172, 0.1929, 0.0531],
        [0.1929, 0.1173, 0.0323],
        [0.0531, 0.0323, 0.0089]])
2024-03-02 21:05:41,556 | INFO | hilo.kernel-accessor : Fetching kernel: gaussian
2024-03-02 21:05:41,557 | INFO | hilo.gaussian-kernel : Calculating Gaussian distribution (location: -0.37047022581100464, scale 1.3860021829605103)
2024-03-02 21:05:41,557 | INFO | hilo.gaussian-kernel : BOTTOM-LEFT:
tensor([[0.0682, 0.0434, 0.0164],
        [0.1807, 0.1148, 0.0434],
        [0.2842, 0.1807, 0.0682]])
2024-03-02 21:07:02,234 | INFO | hilo : Epoch   3/200 | Accuracy:  45.4590 | Loss:   1.5650
2024-03-02 21:07:02,234 | INFO | hilo.kernel-accessor : Fetching kernel: gaussian
2024-03-02 21:07:02,235 | INFO | hilo.gaussian-kernel : Calculating Gaussian distribution (location: -0.019225653260946274, scale 0.7070080637931824)
2024-03-02 21:07:02,235 | INFO | hilo.gaussian-kernel : BOTTOM-LEFT:
tensor([[9.0148e-03, 3.1903e-03, 1.5272e-04],
        [1.8832e-01, 6.6648e-02, 3.1903e-03],
        [5.3214e-01, 1.8832e-01, 9.0148e-03]])
2024-03-02 21:07:02,235 | INFO | hilo.kernel-accessor : Fetching kernel: gaussian
2024-03-02 21:07:02,236 | INFO | hilo.gaussian-kernel : Calculating Gaussian distribution (location: -0.5679003000259399, scale 1.4927034378051758)
2024-03-02 21:07:02,236 | INFO | hilo.gaussian-kernel : BOTTOM-LEFT:
tensor([[0.0705, 0.0436, 0.0172],
        [0.1782, 0.1104, 0.0436],
        [0.2878, 0.1782, 0.0705]])
2024-03-02 21:07:02,236 | INFO | hilo.kernel-accessor : Fetching kernel: gaussian
2024-03-02 21:07:02,236 | INFO | hilo.gaussian-kernel : Calculating Gaussian distribution (location: -0.433541864156723, scale 0.9920253753662109)
2024-03-02 21:07:02,237 | INFO | hilo.gaussian-kernel : STATIC:
tensor([[0.4812, 0.1864, 0.0261],
        [0.1864, 0.0722, 0.0101],
        [0.0261, 0.0101, 0.0014]])
2024-03-02 21:07:02,237 | INFO | hilo.kernel-accessor : Fetching kernel: gaussian
2024-03-02 21:07:02,237 | INFO | hilo.gaussian-kernel : Calculating Gaussian distribution (location: -0.14976458251476288, scale 0.9495435953140259)
2024-03-02 21:07:02,238 | INFO | hilo.gaussian-kernel : STATIC:
tensor([[0.4086, 0.1987, 0.0319],
        [0.1987, 0.0967, 0.0155],
        [0.0319, 0.0155, 0.0025]])
2024-03-02 21:07:02,238 | INFO | hilo.kernel-accessor : Fetching kernel: gaussian
2024-03-02 21:07:02,238 | INFO | hilo.gaussian-kernel : Calculating Gaussian distribution (location: -0.12493155896663666, scale 0.7652419805526733)
2024-03-02 21:07:02,238 | INFO | hilo.gaussian-kernel : STATIC:
tensor([[5.3637e-01, 1.8450e-01, 1.1505e-02],
        [1.8450e-01, 6.3464e-02, 3.9576e-03],
        [1.1505e-02, 3.9576e-03, 2.4679e-04]])
2024-03-02 21:07:02,239 | INFO | hilo.kernel-accessor : Fetching kernel: gaussian
2024-03-02 21:07:02,239 | INFO | hilo.gaussian-kernel : Calculating Gaussian distribution (location: -0.12344163656234741, scale 0.7026839852333069)
2024-03-02 21:07:02,239 | INFO | hilo.gaussian-kernel : TOP-LEFT:
tensor([[5.9770e-01, 1.6910e-01, 6.3128e-03],
        [1.6910e-01, 4.7839e-02, 1.7860e-03],
        [6.3128e-03, 1.7860e-03, 6.6675e-05]])
2024-03-02 21:07:02,239 | INFO | hilo.kernel-accessor : Fetching kernel: gaussian
2024-03-02 21:07:02,240 | INFO | hilo.gaussian-kernel : Calculating Gaussian distribution (location: -0.10967913269996643, scale 0.7362194657325745)
2024-03-02 21:07:02,240 | INFO | hilo.gaussian-kernel : TOP-LEFT:
tensor([[5.5578e-01, 1.8047e-01, 9.2605e-03],
        [1.8047e-01, 5.8599e-02, 3.0070e-03],
        [9.2605e-03, 3.0070e-03, 1.5430e-04]])
2024-03-02 21:07:02,240 | INFO | hilo.kernel-accessor : Fetching kernel: gaussian
2024-03-02 21:07:02,240 | INFO | hilo.gaussian-kernel : Calculating Gaussian distribution (location: -0.1512604057788849, scale 0.6387115120887756)
2024-03-02 21:07:02,241 | INFO | hilo.gaussian-kernel : TOP-LEFT:
tensor([[6.8737e-01, 1.3928e-01, 2.4322e-03],
        [1.3928e-01, 2.8220e-02, 4.9281e-04],
        [2.4322e-03, 4.9281e-04, 8.6059e-06]])
2024-03-02 21:07:02,241 | INFO | hilo.kernel-accessor : Fetching kernel: gaussian
2024-03-02 21:07:02,241 | INFO | hilo.gaussian-kernel : Calculating Gaussian distribution (location: -0.15050874650478363, scale 0.6430371999740601)
2024-03-02 21:07:02,241 | INFO | hilo.gaussian-kernel : TOP-LEFT:
tensor([[6.8165e-01, 1.4136e-01, 2.6110e-03],
        [1.4136e-01, 2.9316e-02, 5.4148e-04],
        [2.6110e-03, 5.4148e-04, 1.0001e-05]])
2024-03-02 21:07:02,242 | INFO | hilo.kernel-accessor : Fetching kernel: gaussian
2024-03-02 21:07:02,242 | INFO | hilo.gaussian-kernel : Calculating Gaussian distribution (location: -0.07268650829792023, scale 0.5435104966163635)
2024-03-02 21:07:02,242 | INFO | hilo.gaussian-kernel : TOP-LEFT:
tensor([[7.6330e-01, 1.0984e-01, 5.3533e-04],
        [1.0984e-01, 1.5805e-02, 7.7033e-05],
        [5.3533e-04, 7.7033e-05, 3.7545e-07]])
2024-03-02 21:07:02,242 | INFO | hilo.kernel-accessor : Fetching kernel: gaussian
2024-03-02 21:07:02,243 | INFO | hilo.gaussian-kernel : Calculating Gaussian distribution (location: -0.20268017053604126, scale 0.7012894153594971)
2024-03-02 21:07:02,243 | INFO | hilo.gaussian-kernel : BOTTOM-LEFT:
tensor([[4.8318e-03, 1.1577e-03, 3.6311e-05],
        [1.5406e-01, 3.6912e-02, 1.1577e-03],
        [6.4296e-01, 1.5406e-01, 4.8318e-03]])
2024-03-02 21:07:02,243 | INFO | hilo.kernel-accessor : Fetching kernel: gaussian
2024-03-02 21:07:02,243 | INFO | hilo.gaussian-kernel : Calculating Gaussian distribution (location: -0.14591044187545776, scale 0.5994685292243958)
2024-03-02 21:07:02,244 | INFO | hilo.gaussian-kernel : TOP-LEFT:
tensor([[7.3373e-01, 1.2160e-01, 1.2469e-03],
        [1.2160e-01, 2.0154e-02, 2.0666e-04],
        [1.2469e-03, 2.0666e-04, 2.1191e-06]])
2024-03-02 21:07:02,244 | INFO | hilo.kernel-accessor : Fetching kernel: gaussian
2024-03-02 21:07:02,244 | INFO | hilo.gaussian-kernel : Calculating Gaussian distribution (location: -0.014508333057165146, scale 0.6408149600028992)
2024-03-02 21:07:02,245 | INFO | hilo.gaussian-kernel : STATIC:
tensor([[5.9831e-01, 1.7092e-01, 4.2761e-03],
        [1.7092e-01, 4.8825e-02, 1.2216e-03],
        [4.2761e-03, 1.2216e-03, 3.0562e-05]])
2024-03-02 21:07:02,245 | INFO | hilo.kernel-accessor : Fetching kernel: gaussian
2024-03-02 21:07:02,245 | INFO | hilo.gaussian-kernel : Calculating Gaussian distribution (location: 0.08015353977680206, scale 0.5296764373779297)
2024-03-02 21:07:02,245 | INFO | hilo.gaussian-kernel : STATIC:
tensor([[6.6602e-01, 1.4913e-01, 9.4557e-04],
        [1.4913e-01, 3.3394e-02, 2.1173e-04],
        [9.4557e-04, 2.1173e-04, 1.3425e-06]])
2024-03-02 21:07:02,245 | INFO | hilo.kernel-accessor : Fetching kernel: gaussian
2024-03-02 21:07:02,246 | INFO | hilo.gaussian-kernel : Calculating Gaussian distribution (location: 0.007041320204734802, scale 0.6423903107643127)
2024-03-02 21:07:02,246 | INFO | hilo.gaussian-kernel : STATIC:
tensor([[5.8186e-01, 1.7621e-01, 4.7295e-03],
        [1.7621e-01, 5.3361e-02, 1.4322e-03],
        [4.7295e-03, 1.4322e-03, 3.8442e-05]])
2024-03-02 21:07:02,246 | INFO | hilo.kernel-accessor : Fetching kernel: gaussian
2024-03-02 21:07:02,246 | INFO | hilo.gaussian-kernel : Calculating Gaussian distribution (location: -0.06364861130714417, scale 0.7197930216789246)
2024-03-02 21:07:02,247 | INFO | hilo.gaussian-kernel : TOP-LEFT:
tensor([[5.4595e-01, 1.8394e-01, 8.9942e-03],
        [1.8394e-01, 6.1973e-02, 3.0303e-03],
        [8.9942e-03, 3.0303e-03, 1.4817e-04]])
2024-03-02 21:07:02,247 | INFO | hilo.kernel-accessor : Fetching kernel: gaussian
2024-03-02 21:07:02,247 | INFO | hilo.gaussian-kernel : Calculating Gaussian distribution (location: -0.11543253064155579, scale 0.7891606688499451)
2024-03-02 21:07:02,248 | INFO | hilo.gaussian-kernel : STATIC:
tensor([[5.1016e-01, 1.8990e-01, 1.4191e-02],
        [1.8990e-01, 7.0690e-02, 5.2824e-03],
        [1.4191e-02, 5.2824e-03, 3.9473e-04]])
2024-03-02 21:08:22,983 | INFO | hilo : Epoch   4/200 | Accuracy:  54.6875 | Loss:   1.4595
2024-03-02 21:08:22,983 | INFO | hilo.kernel-accessor : Fetching kernel: gaussian
2024-03-02 21:08:22,984 | INFO | hilo.gaussian-kernel : Calculating Gaussian distribution (location: 0.012022262439131737, scale 0.6260754466056824)
2024-03-02 21:08:22,984 | INFO | hilo.gaussian-kernel : BOTTOM-LEFT:
tensor([[3.8595e-03, 1.1114e-03, 2.4958e-05],
        [1.7186e-01, 4.9489e-02, 1.1114e-03],
        [5.9682e-01, 1.7186e-01, 3.8595e-03]])
2024-03-02 21:08:22,985 | INFO | hilo.kernel-accessor : Fetching kernel: gaussian
2024-03-02 21:08:22,985 | INFO | hilo.gaussian-kernel : Calculating Gaussian distribution (location: -0.6490961909294128, scale 1.6078828573226929)
2024-03-02 21:08:22,985 | INFO | hilo.gaussian-kernel : TOP-LEFT:
tensor([[0.2712, 0.1739, 0.0757],
        [0.1739, 0.1115, 0.0485],
        [0.0757, 0.0485, 0.0211]])
2024-03-02 21:08:22,985 | INFO | hilo.kernel-accessor : Fetching kernel: gaussian
2024-03-02 21:08:22,986 | INFO | hilo.gaussian-kernel : Calculating Gaussian distribution (location: -0.4766489565372467, scale 1.1549856662750244)
2024-03-02 21:08:22,986 | INFO | hilo.gaussian-kernel : TOP-LEFT:
tensor([[0.3955, 0.1902, 0.0432],
        [0.1902, 0.0915, 0.0208],
        [0.0432, 0.0208, 0.0047]])
2024-03-02 21:08:22,986 | INFO | hilo.kernel-accessor : Fetching kernel: gaussian
2024-03-02 21:08:22,986 | INFO | hilo.gaussian-kernel : Calculating Gaussian distribution (location: -0.1496068835258484, scale 0.9006900191307068)
2024-03-02 21:08:22,987 | INFO | hilo.gaussian-kernel : STATIC:
tensor([[0.4399, 0.1975, 0.0259],
        [0.1975, 0.0887, 0.0116],
        [0.0259, 0.0116, 0.0015]])
2024-03-02 21:08:22,987 | INFO | hilo.kernel-accessor : Fetching kernel: gaussian
2024-03-02 21:08:22,987 | INFO | hilo.gaussian-kernel : Calculating Gaussian distribution (location: -0.15835785865783691, scale 0.701817512512207)
2024-03-02 21:08:22,988 | INFO | hilo.gaussian-kernel : STATIC:
tensor([[6.1826e-01, 1.6243e-01, 5.6034e-03],
        [1.6243e-01, 4.2676e-02, 1.4722e-03],
        [5.6034e-03, 1.4722e-03, 5.0784e-05]])
2024-03-02 21:08:22,988 | INFO | hilo.kernel-accessor : Fetching kernel: gaussian
2024-03-02 21:08:22,988 | INFO | hilo.gaussian-kernel : Calculating Gaussian distribution (location: -0.14891915023326874, scale 0.6635536551475525)
2024-03-02 21:08:22,988 | INFO | hilo.gaussian-kernel : BOTTOM-LEFT:
tensor([[3.5527e-03, 8.1376e-04, 1.9235e-05],
        [1.5031e-01, 3.4428e-02, 8.1376e-04],
        [6.5621e-01, 1.5031e-01, 3.5527e-03]])
2024-03-02 21:08:22,989 | INFO | hilo.kernel-accessor : Fetching kernel: gaussian
2024-03-02 21:08:22,989 | INFO | hilo.gaussian-kernel : Calculating Gaussian distribution (location: -0.0726168155670166, scale 0.6466001868247986)
2024-03-02 21:08:22,989 | INFO | hilo.gaussian-kernel : STATIC:
tensor([[6.2976e-01, 1.6009e-01, 3.7223e-03],
        [1.6009e-01, 4.0697e-02, 9.4623e-04],
        [3.7223e-03, 9.4623e-04, 2.2001e-05]])
2024-03-02 21:08:22,989 | INFO | hilo.kernel-accessor : Fetching kernel: gaussian
2024-03-02 21:08:22,990 | INFO | hilo.gaussian-kernel : Calculating Gaussian distribution (location: -0.12776128947734833, scale 0.559507429599762)
2024-03-02 21:08:22,990 | INFO | hilo.gaussian-kernel : STATIC:
tensor([[7.7577e-01, 1.0443e-01, 5.7627e-04],
        [1.0443e-01, 1.4058e-02, 7.7577e-05],
        [5.7627e-04, 7.7577e-05, 4.2808e-07]])
2024-03-02 21:08:22,990 | INFO | hilo.kernel-accessor : Fetching kernel: gaussian
2024-03-02 21:08:22,990 | INFO | hilo.gaussian-kernel : Calculating Gaussian distribution (location: -0.06846310198307037, scale 0.5055872797966003)
2024-03-02 21:08:22,991 | INFO | hilo.gaussian-kernel : BOTTOM-LEFT:
tensor([[1.9053e-04, 2.0613e-05, 4.4600e-08],
        [8.8059e-02, 9.5270e-03, 2.0613e-05],
        [8.1393e-01, 8.8059e-02, 1.9053e-04]])
2024-03-02 21:08:22,991 | INFO | hilo.kernel-accessor : Fetching kernel: gaussian
2024-03-02 21:08:22,991 | INFO | hilo.gaussian-kernel : Calculating Gaussian distribution (location: -0.0122601967304945, scale 0.4412464201450348)
2024-03-02 21:08:22,992 | INFO | hilo.gaussian-kernel : STATIC:
tensor([[8.7013e-01, 6.2652e-02, 2.6527e-05],
        [6.2652e-02, 4.5111e-03, 1.9100e-06],
        [2.6527e-05, 1.9100e-06, 8.0870e-10]])
2024-03-02 21:08:22,992 | INFO | hilo.kernel-accessor : Fetching kernel: gaussian
2024-03-02 21:08:22,992 | INFO | hilo.gaussian-kernel : Calculating Gaussian distribution (location: -0.14286541938781738, scale 0.5524011850357056)
2024-03-02 21:08:22,993 | INFO | hilo.gaussian-kernel : STATIC:
tensor([[7.9408e-01, 9.6587e-02, 4.4335e-04],
        [9.6587e-02, 1.1748e-02, 5.3926e-05],
        [4.4335e-04, 5.3926e-05, 2.4753e-07]])
2024-03-02 21:08:22,993 | INFO | hilo.kernel-accessor : Fetching kernel: gaussian
2024-03-02 21:08:22,993 | INFO | hilo.gaussian-kernel : Calculating Gaussian distribution (location: -0.06907603144645691, scale 0.4496329426765442)
2024-03-02 21:08:22,993 | INFO | hilo.gaussian-kernel : STATIC:
tensor([[8.9010e-01, 5.3329e-02, 2.2716e-05],
        [5.3329e-02, 3.1952e-03, 1.3610e-06],
        [2.2716e-05, 1.3610e-06, 5.7972e-10]])
2024-03-02 21:08:22,993 | INFO | hilo.kernel-accessor : Fetching kernel: gaussian
2024-03-02 21:08:22,994 | INFO | hilo.gaussian-kernel : Calculating Gaussian distribution (location: 0.02933838590979576, scale 0.42767617106437683)
2024-03-02 21:08:22,994 | INFO | hilo.gaussian-kernel : TOP-LEFT:
tensor([[8.6322e-01, 6.5854e-02, 2.1215e-05],
        [6.5854e-02, 5.0239e-03, 1.6185e-06],
        [2.1215e-05, 1.6185e-06, 5.2139e-10]])
2024-03-02 21:08:22,994 | INFO | hilo.kernel-accessor : Fetching kernel: gaussian
2024-03-02 21:08:22,994 | INFO | hilo.gaussian-kernel : Calculating Gaussian distribution (location: 0.05972934141755104, scale 0.33403581380844116)
2024-03-02 21:08:22,995 | INFO | hilo.gaussian-kernel : STATIC:
tensor([[9.6242e-01, 1.8609e-02, 4.6118e-08],
        [1.8609e-02, 3.5983e-04, 8.9174e-10],
        [4.6118e-08, 8.9174e-10, 2.2099e-15]])
2024-03-02 21:08:22,995 | INFO | hilo.kernel-accessor : Fetching kernel: gaussian
2024-03-02 21:08:22,995 | INFO | hilo.gaussian-kernel : Calculating Gaussian distribution (location: 0.06483140587806702, scale 0.3179464042186737)
2024-03-02 21:08:22,996 | INFO | hilo.gaussian-kernel : TOP-LEFT:
tensor([[9.7353e-01, 1.3147e-02, 8.9775e-09],
        [1.3147e-02, 1.7753e-04, 1.2123e-10],
        [8.9775e-09, 1.2123e-10, 8.2787e-17]])
2024-03-02 21:08:22,996 | INFO | hilo.kernel-accessor : Fetching kernel: gaussian
2024-03-02 21:08:22,996 | INFO | hilo.gaussian-kernel : Calculating Gaussian distribution (location: 0.03718443959951401, scale 0.3991154134273529)
2024-03-02 21:08:22,997 | INFO | hilo.gaussian-kernel : TOP-LEFT:
tensor([[8.9891e-01, 4.9193e-02, 5.0548e-06],
        [4.9193e-02, 2.6921e-03, 2.7662e-07],
        [5.0548e-06, 2.7662e-07, 2.8424e-11]])
2024-03-02 21:08:22,997 | INFO | hilo.kernel-accessor : Fetching kernel: gaussian
2024-03-02 21:08:22,997 | INFO | hilo.gaussian-kernel : Calculating Gaussian distribution (location: 0.021483775228261948, scale 0.484264612197876)
2024-03-02 21:08:22,997 | INFO | hilo.gaussian-kernel : TOP-LEFT:
tensor([[7.8286e-01, 1.0175e-01, 1.8597e-04],
        [1.0175e-01, 1.3224e-02, 2.4170e-05],
        [1.8597e-04, 2.4170e-05, 4.4178e-08]])
2024-03-02 21:09:43,649 | INFO | hilo : Epoch   5/200 | Accuracy:  50.7812 | Loss:   1.2070
2024-03-02 21:09:43,649 | INFO | hilo.kernel-accessor : Fetching kernel: gaussian
2024-03-02 21:09:43,650 | INFO | hilo.gaussian-kernel : Calculating Gaussian distribution (location: -0.018329188227653503, scale 0.6478856205940247)
2024-03-02 21:09:43,651 | INFO | hilo.gaussian-kernel : TOP-LEFT:
tensor([[5.9291e-01, 1.7247e-01, 4.6322e-03],
        [1.7247e-01, 5.0167e-02, 1.3474e-03],
        [4.6322e-03, 1.3474e-03, 3.6190e-05]])
2024-03-02 21:09:43,651 | INFO | hilo.kernel-accessor : Fetching kernel: gaussian
2024-03-02 21:09:43,651 | INFO | hilo.gaussian-kernel : Calculating Gaussian distribution (location: -0.7843046188354492, scale 1.6634280681610107)
2024-03-02 21:09:43,652 | INFO | hilo.gaussian-kernel : STATIC:
tensor([[0.2758, 0.1734, 0.0760],
        [0.1734, 0.1090, 0.0477],
        [0.0760, 0.0477, 0.0209]])
2024-03-02 21:09:43,652 | INFO | hilo.kernel-accessor : Fetching kernel: gaussian
2024-03-02 21:09:43,652 | INFO | hilo.gaussian-kernel : Calculating Gaussian distribution (location: -0.48880237340927124, scale 1.126062273979187)
2024-03-02 21:09:43,653 | INFO | hilo.gaussian-kernel : TOP-LEFT:
tensor([[0.4141, 0.1899, 0.0396],
        [0.1899, 0.0870, 0.0181],
        [0.0396, 0.0181, 0.0038]])
2024-03-02 21:09:43,653 | INFO | hilo.kernel-accessor : Fetching kernel: gaussian
2024-03-02 21:09:43,653 | INFO | hilo.gaussian-kernel : Calculating Gaussian distribution (location: -0.19211521744728088, scale 0.9156331419944763)
2024-03-02 21:09:43,654 | INFO | hilo.gaussian-kernel : BOTTOM-LEFT:
tensor([[0.0260, 0.0114, 0.0015],
        [0.1957, 0.0857, 0.0114],
        [0.4467, 0.1957, 0.0260]])
2024-03-02 21:09:43,654 | INFO | hilo.kernel-accessor : Fetching kernel: gaussian
2024-03-02 21:09:43,654 | INFO | hilo.gaussian-kernel : Calculating Gaussian distribution (location: -0.06969405710697174, scale 0.7290858030319214)
2024-03-02 21:09:43,655 | INFO | hilo.gaussian-kernel : TOP-LEFT:
tensor([[5.4043e-01, 1.8505e-01, 9.6569e-03],
        [1.8505e-01, 6.3365e-02, 3.3067e-03],
        [9.6569e-03, 3.3067e-03, 1.7256e-04]])
2024-03-02 21:09:43,655 | INFO | hilo.kernel-accessor : Fetching kernel: gaussian
2024-03-02 21:09:43,655 | INFO | hilo.gaussian-kernel : Calculating Gaussian distribution (location: -0.1306735724210739, scale 0.6290903687477112)
2024-03-02 21:09:43,656 | INFO | hilo.gaussian-kernel : BOTTOM-LEFT:
tensor([[2.2667e-03, 4.6057e-04, 7.4786e-06],
        [1.3959e-01, 2.8364e-02, 4.6057e-04],
        [6.8699e-01, 1.3959e-01, 2.2667e-03]])
2024-03-02 21:09:43,656 | INFO | hilo.kernel-accessor : Fetching kernel: gaussian
2024-03-02 21:09:43,656 | INFO | hilo.gaussian-kernel : Calculating Gaussian distribution (location: -0.11322587728500366, scale 0.6524738669395447)
2024-03-02 21:09:43,657 | INFO | hilo.gaussian-kernel : STATIC:
tensor([[6.4808e-01, 1.5348e-01, 3.4701e-03],
        [1.5348e-01, 3.6348e-02, 8.2182e-04],
        [3.4701e-03, 8.2182e-04, 1.8581e-05]])
2024-03-02 21:09:43,657 | INFO | hilo.kernel-accessor : Fetching kernel: gaussian
