2024-03-01 18:08:29,793 | INFO | hilo : 
+==============================================================+
|                                                              |
| ██████╗  █████╗ ██████╗ ██╗         ██╗      █████╗ ██████╗  |
| ██╔══██╗██╔══██╗██╔══██╗██║         ██║     ██╔══██╗██╔══██╗ |
| ██║  ██║███████║██║  ██║██║         ██║     ███████║██████╔╝ |
| ██║  ██║██╔══██║██║  ██║██║         ██║     ██╔══██║██╔══██╗ |
| ██████╔╝██║  ██║██████╔╝███████╗    ███████╗██║  ██║██████╔╝ |
| ╚═════╝ ╚═╝  ╚═╝╚═════╝ ╚══════╝    ╚══════╝╚═╝  ╚═╝╚═════╝  |
+==============================================================+
|             Hi-Lo Resolution Image Classification            |
|             -------------------------------------            |
|                       Gabriel C. Trahan                      |
|                          Sahan Ahmad                         |
|                       MD  Aminual Islam                      |
+==============================================================+
2024-03-01 18:08:31,352 | INFO | hilo.dataset-accessor : Fetching dataset: cifar10
2024-03-01 18:08:31,352 | INFO | hilo.cifar10-dataset : Initializing transform
2024-03-01 18:08:31,352 | INFO | hilo.cifar10-dataset : Verifying/downloading train data
2024-03-01 18:08:31,951 | INFO | hilo.cifar10-dataset : Verifying/downloading test data
2024-03-01 18:08:32,430 | INFO | hilo.cifar10-dataset : Creating train data loader.
2024-03-01 18:08:32,430 | INFO | hilo.cifar10-dataset : Creating test data loader.
2024-03-01 18:08:32,537 | INFO | hilo : Output directory: output/resnet/cifar10/gaussian/3/20240301_180831/
2024-03-01 18:08:33,516 | INFO | hilo : Using device: NVIDIA GeForce GTX 1060 6GB
2024-03-01 18:08:33,516 | INFO | hilo : Exeucting job: MODEL resnet | DATASET cifar10 | KERNEL gaussian | TYPE 3
2024-03-01 18:08:33,516 | INFO | hilo : Commencing training phase...
2024-03-01 18:08:33,516 | INFO | hilo.kernel-accessor : Fetching kernel: gaussian
2024-03-01 18:08:33,517 | INFO | hilo.gaussian-kernel : Calculating Gaussian distribution (location: 0, scale 1.0)
2024-03-01 18:08:33,518 | INFO | hilo.gaussian-kernel : BOTTOM-LEFT:
tensor([[0.0446, 0.0271, 0.0060],
        [0.1999, 0.1212, 0.0271],
        [0.3296, 0.1999, 0.0446]])
2024-03-01 18:08:33,518 | INFO | hilo.kernel-accessor : Fetching kernel: gaussian
2024-03-01 18:08:33,518 | INFO | hilo.gaussian-kernel : Calculating Gaussian distribution (location: 0, scale 1.0)
2024-03-01 18:08:33,518 | INFO | hilo.gaussian-kernel : BOTTOM-LEFT:
tensor([[0.0446, 0.0271, 0.0060],
        [0.1999, 0.1212, 0.0271],
        [0.3296, 0.1999, 0.0446]])
2024-03-01 18:08:33,518 | INFO | hilo.kernel-accessor : Fetching kernel: gaussian
2024-03-01 18:08:33,518 | INFO | hilo.gaussian-kernel : Calculating Gaussian distribution (location: 0, scale 1.0)
2024-03-01 18:08:33,519 | INFO | hilo.gaussian-kernel : BOTTOM-LEFT:
tensor([[0.0446, 0.0271, 0.0060],
        [0.1999, 0.1212, 0.0271],
        [0.3296, 0.1999, 0.0446]])
2024-03-01 18:08:33,519 | INFO | hilo.kernel-accessor : Fetching kernel: gaussian
2024-03-01 18:08:33,519 | INFO | hilo.gaussian-kernel : Calculating Gaussian distribution (location: 0, scale 1.0)
2024-03-01 18:08:33,519 | INFO | hilo.gaussian-kernel : BOTTOM-LEFT:
tensor([[0.0446, 0.0271, 0.0060],
        [0.1999, 0.1212, 0.0271],
        [0.3296, 0.1999, 0.0446]])
2024-03-01 18:08:33,519 | INFO | hilo.kernel-accessor : Fetching kernel: gaussian
2024-03-01 18:08:33,519 | INFO | hilo.gaussian-kernel : Calculating Gaussian distribution (location: 0, scale 1.0)
2024-03-01 18:08:33,520 | INFO | hilo.gaussian-kernel : TOP-LEFT:
tensor([[0.3296, 0.1999, 0.0446],
        [0.1999, 0.1212, 0.0271],
        [0.0446, 0.0271, 0.0060]])
2024-03-01 18:08:33,520 | INFO | hilo.kernel-accessor : Fetching kernel: gaussian
2024-03-01 18:08:33,520 | INFO | hilo.gaussian-kernel : Calculating Gaussian distribution (location: 0, scale 1.0)
2024-03-01 18:08:33,520 | INFO | hilo.gaussian-kernel : BOTTOM-LEFT:
tensor([[0.0446, 0.0271, 0.0060],
        [0.1999, 0.1212, 0.0271],
        [0.3296, 0.1999, 0.0446]])
2024-03-01 18:08:33,520 | INFO | hilo.kernel-accessor : Fetching kernel: gaussian
2024-03-01 18:08:33,520 | INFO | hilo.gaussian-kernel : Calculating Gaussian distribution (location: 0, scale 1.0)
2024-03-01 18:08:33,521 | INFO | hilo.gaussian-kernel : TOP-LEFT:
tensor([[0.3296, 0.1999, 0.0446],
        [0.1999, 0.1212, 0.0271],
        [0.0446, 0.0271, 0.0060]])
2024-03-01 18:08:33,521 | INFO | hilo.kernel-accessor : Fetching kernel: gaussian
2024-03-01 18:08:33,521 | INFO | hilo.gaussian-kernel : Calculating Gaussian distribution (location: 0, scale 1.0)
2024-03-01 18:08:33,521 | INFO | hilo.gaussian-kernel : BOTTOM-LEFT:
tensor([[0.0446, 0.0271, 0.0060],
        [0.1999, 0.1212, 0.0271],
        [0.3296, 0.1999, 0.0446]])
2024-03-01 18:08:33,521 | INFO | hilo.kernel-accessor : Fetching kernel: gaussian
2024-03-01 18:08:33,521 | INFO | hilo.gaussian-kernel : Calculating Gaussian distribution (location: 0, scale 1.0)
2024-03-01 18:08:33,522 | INFO | hilo.gaussian-kernel : TOP-LEFT:
tensor([[0.3296, 0.1999, 0.0446],
        [0.1999, 0.1212, 0.0271],
        [0.0446, 0.0271, 0.0060]])
2024-03-01 18:08:33,522 | INFO | hilo.kernel-accessor : Fetching kernel: gaussian
2024-03-01 18:08:33,522 | INFO | hilo.gaussian-kernel : Calculating Gaussian distribution (location: 0, scale 1.0)
2024-03-01 18:08:33,522 | INFO | hilo.gaussian-kernel : BOTTOM-LEFT:
tensor([[0.0446, 0.0271, 0.0060],
        [0.1999, 0.1212, 0.0271],
        [0.3296, 0.1999, 0.0446]])
2024-03-01 18:08:33,522 | INFO | hilo.kernel-accessor : Fetching kernel: gaussian
2024-03-01 18:08:33,522 | INFO | hilo.gaussian-kernel : Calculating Gaussian distribution (location: 0, scale 1.0)
2024-03-01 18:08:33,523 | INFO | hilo.gaussian-kernel : BOTTOM-LEFT:
tensor([[0.0446, 0.0271, 0.0060],
        [0.1999, 0.1212, 0.0271],
        [0.3296, 0.1999, 0.0446]])
2024-03-01 18:08:33,523 | INFO | hilo.kernel-accessor : Fetching kernel: gaussian
2024-03-01 18:08:33,523 | INFO | hilo.gaussian-kernel : Calculating Gaussian distribution (location: 0, scale 1.0)
2024-03-01 18:08:33,523 | INFO | hilo.gaussian-kernel : TOP-LEFT:
tensor([[0.3296, 0.1999, 0.0446],
        [0.1999, 0.1212, 0.0271],
        [0.0446, 0.0271, 0.0060]])
2024-03-01 18:08:33,523 | INFO | hilo.kernel-accessor : Fetching kernel: gaussian
2024-03-01 18:08:33,523 | INFO | hilo.gaussian-kernel : Calculating Gaussian distribution (location: 0, scale 1.0)
2024-03-01 18:08:33,524 | INFO | hilo.gaussian-kernel : BOTTOM-LEFT:
tensor([[0.0446, 0.0271, 0.0060],
        [0.1999, 0.1212, 0.0271],
        [0.3296, 0.1999, 0.0446]])
2024-03-01 18:08:33,524 | INFO | hilo.kernel-accessor : Fetching kernel: gaussian
2024-03-01 18:08:33,524 | INFO | hilo.gaussian-kernel : Calculating Gaussian distribution (location: 0, scale 1.0)
2024-03-01 18:08:33,524 | INFO | hilo.gaussian-kernel : TOP-LEFT:
tensor([[0.3296, 0.1999, 0.0446],
        [0.1999, 0.1212, 0.0271],
        [0.0446, 0.0271, 0.0060]])
2024-03-01 18:08:33,524 | INFO | hilo.kernel-accessor : Fetching kernel: gaussian
2024-03-01 18:08:33,524 | INFO | hilo.gaussian-kernel : Calculating Gaussian distribution (location: 0, scale 1.0)
2024-03-01 18:08:33,525 | INFO | hilo.gaussian-kernel : BOTTOM-LEFT:
tensor([[0.0446, 0.0271, 0.0060],
        [0.1999, 0.1212, 0.0271],
        [0.3296, 0.1999, 0.0446]])
2024-03-01 18:08:33,525 | INFO | hilo.kernel-accessor : Fetching kernel: gaussian
2024-03-01 18:08:33,525 | INFO | hilo.gaussian-kernel : Calculating Gaussian distribution (location: 0, scale 1.0)
2024-03-01 18:08:33,525 | INFO | hilo.gaussian-kernel : TOP-LEFT:
tensor([[0.3296, 0.1999, 0.0446],
        [0.1999, 0.1212, 0.0271],
        [0.0446, 0.0271, 0.0060]])
2024-03-01 18:08:33,525 | INFO | hilo.kernel-accessor : Fetching kernel: gaussian
2024-03-01 18:08:33,525 | INFO | hilo.gaussian-kernel : Calculating Gaussian distribution (location: 0, scale 1.0)
2024-03-01 18:08:33,526 | INFO | hilo.gaussian-kernel : BOTTOM-LEFT:
tensor([[0.0446, 0.0271, 0.0060],
        [0.1999, 0.1212, 0.0271],
        [0.3296, 0.1999, 0.0446]])
2024-03-01 18:09:54,955 | INFO | hilo : Epoch   1/200 | Accuracy:  43.7500 | Loss:   1.7876
2024-03-01 18:09:54,955 | INFO | hilo.kernel-accessor : Fetching kernel: gaussian
2024-03-01 18:09:54,955 | INFO | hilo.gaussian-kernel : Calculating Gaussian distribution (location: -0.006346810609102249, scale 0.6430798172950745)
2024-03-01 18:09:54,956 | INFO | hilo.gaussian-kernel : TOP-LEFT:
tensor([[5.9023e-01, 1.7349e-01, 4.5433e-03],
        [1.7349e-01, 5.0996e-02, 1.3355e-03],
        [4.5433e-03, 1.3355e-03, 3.4973e-05]])
2024-03-01 18:09:54,956 | INFO | hilo.kernel-accessor : Fetching kernel: gaussian
2024-03-01 18:09:54,957 | INFO | hilo.gaussian-kernel : Calculating Gaussian distribution (location: -0.33351975679397583, scale 2.0989327430725098)
2024-03-01 18:09:54,957 | INFO | hilo.gaussian-kernel : TOP-LEFT:
tensor([[0.1775, 0.1469, 0.0969],
        [0.1469, 0.1216, 0.0802],
        [0.0969, 0.0802, 0.0529]])
2024-03-01 18:09:54,958 | INFO | hilo.kernel-accessor : Fetching kernel: gaussian
2024-03-01 18:09:54,958 | INFO | hilo.gaussian-kernel : Calculating Gaussian distribution (location: -0.3430640399456024, scale 1.8287066221237183)
2024-03-01 18:09:54,959 | INFO | hilo.gaussian-kernel : BOTTOM-LEFT:
tensor([[0.0905, 0.0703, 0.0405],
        [0.1570, 0.1220, 0.0703],
        [0.2020, 0.1570, 0.0905]])
2024-03-01 18:09:54,959 | INFO | hilo.kernel-accessor : Fetching kernel: gaussian
2024-03-01 18:09:54,959 | INFO | hilo.gaussian-kernel : Calculating Gaussian distribution (location: -0.3307812213897705, scale 1.7052934169769287)
2024-03-01 18:09:54,960 | INFO | hilo.gaussian-kernel : BOTTOM-LEFT:
tensor([[0.0865, 0.0650, 0.0346],
        [0.1623, 0.1220, 0.0650],
        [0.2159, 0.1623, 0.0865]])
2024-03-01 18:09:54,960 | INFO | hilo.kernel-accessor : Fetching kernel: gaussian
2024-03-01 18:09:54,960 | INFO | hilo.gaussian-kernel : Calculating Gaussian distribution (location: -0.06832646578550339, scale 1.6286870241165161)
2024-03-01 18:09:54,961 | INFO | hilo.gaussian-kernel : TOP-LEFT:
tensor([[0.1968, 0.1589, 0.0880],
        [0.1589, 0.1282, 0.0710],
        [0.0880, 0.0710, 0.0393]])
2024-03-01 18:09:54,961 | INFO | hilo.kernel-accessor : Fetching kernel: gaussian
2024-03-01 18:09:54,961 | INFO | hilo.gaussian-kernel : Calculating Gaussian distribution (location: -0.12445873767137527, scale 1.2241921424865723)
2024-03-01 18:09:54,962 | INFO | hilo.gaussian-kernel : TOP-LEFT:
tensor([[0.2823, 0.1861, 0.0629],
        [0.1861, 0.1227, 0.0415],
        [0.0629, 0.0415, 0.0140]])
2024-03-01 18:09:54,962 | INFO | hilo.kernel-accessor : Fetching kernel: gaussian
2024-03-01 18:09:54,962 | INFO | hilo.gaussian-kernel : Calculating Gaussian distribution (location: -0.16894979774951935, scale 1.3738830089569092)
2024-03-01 18:09:54,963 | INFO | hilo.gaussian-kernel : TOP-LEFT:
tensor([[0.2522, 0.1769, 0.0731],
        [0.1769, 0.1241, 0.0513],
        [0.0731, 0.0513, 0.0212]])
2024-03-01 18:09:54,963 | INFO | hilo.kernel-accessor : Fetching kernel: gaussian
2024-03-01 18:09:54,963 | INFO | hilo.gaussian-kernel : Calculating Gaussian distribution (location: -0.20041877031326294, scale 1.3664075136184692)
2024-03-01 18:09:54,964 | INFO | hilo.gaussian-kernel : BOTTOM-LEFT:
tensor([[0.0717, 0.0493, 0.0198],
        [0.1782, 0.1225, 0.0493],
        [0.2594, 0.1782, 0.0717]])
2024-03-01 18:09:54,964 | INFO | hilo.kernel-accessor : Fetching kernel: gaussian
2024-03-01 18:09:54,965 | INFO | hilo.gaussian-kernel : Calculating Gaussian distribution (location: -0.13887536525726318, scale 1.4616941213607788)
2024-03-01 18:09:54,965 | INFO | hilo.gaussian-kernel : TOP-LEFT:
tensor([[0.2298, 0.1704, 0.0791],
        [0.1704, 0.1264, 0.0587],
        [0.0791, 0.0587, 0.0273]])
2024-03-01 18:09:54,965 | INFO | hilo.kernel-accessor : Fetching kernel: gaussian
2024-03-01 18:09:54,966 | INFO | hilo.gaussian-kernel : Calculating Gaussian distribution (location: -0.11789397895336151, scale 1.234751582145691)
2024-03-01 18:09:54,966 | INFO | hilo.gaussian-kernel : BOTTOM-LEFT:
tensor([[0.0641, 0.0427, 0.0148],
        [0.1852, 0.1235, 0.0427],
        [0.2777, 0.1852, 0.0641]])
2024-03-01 18:09:54,966 | INFO | hilo.kernel-accessor : Fetching kernel: gaussian
2024-03-01 18:09:54,967 | INFO | hilo.gaussian-kernel : Calculating Gaussian distribution (location: -0.16401822865009308, scale 1.5517895221710205)
2024-03-01 18:09:54,967 | INFO | hilo.gaussian-kernel : TOP-LEFT:
tensor([[0.2185, 0.1658, 0.0831],
        [0.1658, 0.1259, 0.0631],
        [0.0831, 0.0631, 0.0316]])
2024-03-01 18:09:54,968 | INFO | hilo.kernel-accessor : Fetching kernel: gaussian
2024-03-01 18:09:54,968 | INFO | hilo.gaussian-kernel : Calculating Gaussian distribution (location: -0.162417933344841, scale 1.5235472917556763)
2024-03-01 18:09:54,969 | INFO | hilo.gaussian-kernel : TOP-LEFT:
tensor([[0.2227, 0.1674, 0.0818],
        [0.1674, 0.1258, 0.0615],
        [0.0818, 0.0615, 0.0300]])
2024-03-01 18:09:54,969 | INFO | hilo.kernel-accessor : Fetching kernel: gaussian
2024-03-01 18:09:54,969 | INFO | hilo.gaussian-kernel : Calculating Gaussian distribution (location: -0.168759286403656, scale 1.604457974433899)
2024-03-01 18:09:54,970 | INFO | hilo.gaussian-kernel : TOP-LEFT:
tensor([[0.2115, 0.1631, 0.0853],
        [0.1631, 0.1258, 0.0658],
        [0.0853, 0.0658, 0.0344]])
2024-03-01 18:09:54,970 | INFO | hilo.kernel-accessor : Fetching kernel: gaussian
2024-03-01 18:09:54,970 | INFO | hilo.gaussian-kernel : Calculating Gaussian distribution (location: -0.011363236233592033, scale 1.226752758026123)
2024-03-01 18:09:54,971 | INFO | hilo.gaussian-kernel : BOTTOM-LEFT:
tensor([[0.0670, 0.0477, 0.0175],
        [0.1829, 0.1302, 0.0477],
        [0.2570, 0.1829, 0.0670]])
2024-03-01 18:09:54,971 | INFO | hilo.kernel-accessor : Fetching kernel: gaussian
2024-03-01 18:09:54,971 | INFO | hilo.gaussian-kernel : Calculating Gaussian distribution (location: -0.032841138541698456, scale 1.433864712715149)
2024-03-01 18:09:54,972 | INFO | hilo.gaussian-kernel : TOP-LEFT:
tensor([[0.2188, 0.1688, 0.0801],
        [0.1688, 0.1303, 0.0618],
        [0.0801, 0.0618, 0.0293]])
2024-03-01 18:09:54,972 | INFO | hilo.kernel-accessor : Fetching kernel: gaussian
2024-03-01 18:09:54,972 | INFO | hilo.gaussian-kernel : Calculating Gaussian distribution (location: -0.20461861789226532, scale 1.6153377294540405)
2024-03-01 18:09:54,973 | INFO | hilo.gaussian-kernel : BOTTOM-LEFT:
tensor([[0.0851, 0.0650, 0.0338],
        [0.1635, 0.1248, 0.0650],
        [0.2142, 0.1635, 0.0851]])
2024-03-01 18:09:54,973 | INFO | hilo.kernel-accessor : Fetching kernel: gaussian
2024-03-01 18:09:54,973 | INFO | hilo.gaussian-kernel : Calculating Gaussian distribution (location: -0.35922861099243164, scale 1.630305528640747)
2024-03-01 18:09:54,974 | INFO | hilo.gaussian-kernel : BOTTOM-LEFT:
tensor([[0.0828, 0.0600, 0.0298],
        [0.1668, 0.1207, 0.0600],
        [0.2304, 0.1668, 0.0828]])
2024-03-01 18:11:15,641 | INFO | hilo : Epoch   2/200 | Accuracy:  50.0000 | Loss:   1.4728
2024-03-01 18:11:15,641 | INFO | hilo.kernel-accessor : Fetching kernel: gaussian
2024-03-01 18:11:15,641 | INFO | hilo.gaussian-kernel : Calculating Gaussian distribution (location: -0.0027275611646473408, scale 0.624447762966156)
2024-03-01 18:11:15,642 | INFO | hilo.gaussian-kernel : BOTTOM-LEFT:
tensor([[3.5571e-03, 9.7988e-04, 2.0773e-05],
        [1.6779e-01, 4.6222e-02, 9.7988e-04],
        [6.0910e-01, 1.6779e-01, 3.5571e-03]])
2024-03-01 18:11:15,642 | INFO | hilo.kernel-accessor : Fetching kernel: gaussian
2024-03-01 18:11:15,643 | INFO | hilo.gaussian-kernel : Calculating Gaussian distribution (location: -0.49893009662628174, scale 1.5594159364700317)
2024-03-01 18:11:15,643 | INFO | hilo.gaussian-kernel : BOTTOM-LEFT:
tensor([[0.0763, 0.0506, 0.0222],
        [0.1736, 0.1151, 0.0506],
        [0.2617, 0.1736, 0.0763]])
2024-03-01 18:11:15,643 | INFO | hilo.kernel-accessor : Fetching kernel: gaussian
2024-03-01 18:11:15,643 | INFO | hilo.gaussian-kernel : Calculating Gaussian distribution (location: -0.2801893949508667, scale 1.1961569786071777)
2024-03-01 18:11:15,644 | INFO | hilo.gaussian-kernel : TOP-LEFT:
tensor([[0.3278, 0.1900, 0.0548],
        [0.1900, 0.1101, 0.0317],
        [0.0548, 0.0317, 0.0091]])
2024-03-01 18:11:15,644 | INFO | hilo.kernel-accessor : Fetching kernel: gaussian
2024-03-01 18:11:15,644 | INFO | hilo.gaussian-kernel : Calculating Gaussian distribution (location: -0.214402973651886, scale 1.0943013429641724)
2024-03-01 18:11:15,645 | INFO | hilo.gaussian-kernel : TOP-LEFT:
tensor([[0.3534, 0.1946, 0.0465],
        [0.1946, 0.1072, 0.0256],
        [0.0465, 0.0256, 0.0061]])
2024-03-01 18:11:15,645 | INFO | hilo.kernel-accessor : Fetching kernel: gaussian
2024-03-01 18:11:15,645 | INFO | hilo.gaussian-kernel : Calculating Gaussian distribution (location: -0.13250961899757385, scale 1.1644333600997925)
2024-03-01 18:11:15,646 | INFO | hilo.gaussian-kernel : TOP-LEFT:
tensor([[0.3034, 0.1903, 0.0571],
        [0.1903, 0.1194, 0.0358],
        [0.0571, 0.0358, 0.0107]])
2024-03-01 18:11:15,646 | INFO | hilo.kernel-accessor : Fetching kernel: gaussian
2024-03-01 18:11:15,646 | INFO | hilo.gaussian-kernel : Calculating Gaussian distribution (location: -0.11926387250423431, scale 0.9521539211273193)
2024-03-01 18:11:15,647 | INFO | hilo.gaussian-kernel : BOTTOM-LEFT:
tensor([[0.0335, 0.0169, 0.0028],
        [0.1999, 0.1009, 0.0169],
        [0.3957, 0.1999, 0.0335]])
2024-03-01 18:11:15,647 | INFO | hilo.kernel-accessor : Fetching kernel: gaussian
2024-03-01 18:11:15,647 | INFO | hilo.gaussian-kernel : Calculating Gaussian distribution (location: -0.14024871587753296, scale 1.0777060985565186)
2024-03-01 18:11:15,648 | INFO | hilo.gaussian-kernel : BOTTOM-LEFT:
tensor([[0.0476, 0.0274, 0.0067],
        [0.1956, 0.1127, 0.0274],
        [0.3394, 0.1956, 0.0476]])
2024-03-01 18:11:15,648 | INFO | hilo.kernel-accessor : Fetching kernel: gaussian
2024-03-01 18:11:15,648 | INFO | hilo.gaussian-kernel : Calculating Gaussian distribution (location: -0.168241947889328, scale 1.0920485258102417)
2024-03-01 18:11:15,649 | INFO | hilo.gaussian-kernel : BOTTOM-LEFT:
tensor([[0.0481, 0.0275, 0.0068],
        [0.1948, 0.1112, 0.0275],
        [0.3412, 0.1948, 0.0481]])
2024-03-01 18:11:15,649 | INFO | hilo.kernel-accessor : Fetching kernel: gaussian
2024-03-01 18:11:15,649 | INFO | hilo.gaussian-kernel : Calculating Gaussian distribution (location: -0.18134120106697083, scale 1.1405044794082642)
2024-03-01 18:11:15,650 | INFO | hilo.gaussian-kernel : TOP-LEFT:
tensor([[0.3247, 0.1923, 0.0528],
        [0.1923, 0.1139, 0.0313],
        [0.0528, 0.0313, 0.0086]])
2024-03-01 18:11:15,650 | INFO | hilo.kernel-accessor : Fetching kernel: gaussian
2024-03-01 18:11:15,650 | INFO | hilo.gaussian-kernel : Calculating Gaussian distribution (location: -0.12539459764957428, scale 0.9695196747779846)
2024-03-01 18:11:15,651 | INFO | hilo.gaussian-kernel : BOTTOM-LEFT:
tensor([[0.0354, 0.0182, 0.0032],
        [0.1995, 0.1026, 0.0182],
        [0.3880, 0.1995, 0.0354]])
2024-03-01 18:11:15,651 | INFO | hilo.kernel-accessor : Fetching kernel: gaussian
2024-03-01 18:11:15,651 | INFO | hilo.gaussian-kernel : Calculating Gaussian distribution (location: -0.2537830173969269, scale 1.2326576709747314)
2024-03-01 18:11:15,652 | INFO | hilo.gaussian-kernel : TOP-LEFT:
tensor([[0.3083, 0.1877, 0.0592],
        [0.1877, 0.1143, 0.0360],
        [0.0592, 0.0360, 0.0114]])
2024-03-01 18:11:15,652 | INFO | hilo.kernel-accessor : Fetching kernel: gaussian
2024-03-01 18:11:15,652 | INFO | hilo.gaussian-kernel : Calculating Gaussian distribution (location: -0.11814549565315247, scale 1.038218379020691)
2024-03-01 18:11:15,653 | INFO | hilo.gaussian-kernel : BOTTOM-LEFT:
tensor([[0.0440, 0.0248, 0.0055],
        [0.1975, 0.1113, 0.0248],
        [0.3505, 0.1975, 0.0440]])
2024-03-01 18:11:15,653 | INFO | hilo.kernel-accessor : Fetching kernel: gaussian
2024-03-01 18:11:15,653 | INFO | hilo.gaussian-kernel : Calculating Gaussian distribution (location: -0.09501248598098755, scale 1.0296107530593872)
2024-03-01 18:11:15,654 | INFO | hilo.gaussian-kernel : TOP-LEFT:
tensor([[0.3472, 0.1981, 0.0440],
        [0.1981, 0.1130, 0.0251],
        [0.0440, 0.0251, 0.0056]])
2024-03-01 18:11:15,654 | INFO | hilo.kernel-accessor : Fetching kernel: gaussian
2024-03-01 18:11:15,654 | INFO | hilo.gaussian-kernel : Calculating Gaussian distribution (location: 0.006496995687484741, scale 0.7817788124084473)
2024-03-01 18:11:15,654 | INFO | hilo.gaussian-kernel : BOTTOM-LEFT:
tensor([[0.0176, 0.0078, 0.0007],
        [0.2023, 0.0902, 0.0078],
        [0.4536, 0.2023, 0.0176]])
2024-03-01 18:11:15,654 | INFO | hilo.kernel-accessor : Fetching kernel: gaussian
2024-03-01 18:11:15,655 | INFO | hilo.gaussian-kernel : Calculating Gaussian distribution (location: 0.05964179337024689, scale 0.9411808848381042)
2024-03-01 18:11:15,655 | INFO | hilo.gaussian-kernel : TOP-LEFT:
tensor([[0.3349, 0.2037, 0.0401],
        [0.2037, 0.1239, 0.0244],
        [0.0401, 0.0244, 0.0048]])
2024-03-01 18:11:15,655 | INFO | hilo.kernel-accessor : Fetching kernel: gaussian
2024-03-01 18:11:15,655 | INFO | hilo.gaussian-kernel : Calculating Gaussian distribution (location: -0.06059524416923523, scale 1.2053325176239014)
2024-03-01 18:11:15,656 | INFO | hilo.gaussian-kernel : TOP-LEFT:
tensor([[0.2735, 0.1860, 0.0635],
        [0.1860, 0.1264, 0.0432],
        [0.0635, 0.0432, 0.0148]])
2024-03-01 18:11:15,656 | INFO | hilo.kernel-accessor : Fetching kernel: gaussian
2024-03-01 18:11:15,656 | INFO | hilo.gaussian-kernel : Calculating Gaussian distribution (location: -0.4954051077365875, scale 1.4994032382965088)
2024-03-01 18:11:15,657 | INFO | hilo.gaussian-kernel : BOTTOM-LEFT:
tensor([[0.0727, 0.0467, 0.0192],
        [0.1767, 0.1135, 0.0467],
        [0.2751, 0.1767, 0.0727]])
2024-03-01 18:12:36,392 | INFO | hilo : Epoch   3/200 | Accuracy:  46.8750 | Loss:   1.5874
2024-03-01 18:12:36,392 | INFO | hilo.kernel-accessor : Fetching kernel: gaussian
2024-03-01 18:12:36,392 | INFO | hilo.gaussian-kernel : Calculating Gaussian distribution (location: -0.021869046613574028, scale 0.6749030351638794)
2024-03-01 18:12:36,393 | INFO | hilo.gaussian-kernel : BOTTOM-LEFT:
tensor([[6.3704e-03, 2.0258e-03, 7.1705e-05],
        [1.7997e-01, 5.7230e-02, 2.0258e-03],
        [5.6596e-01, 1.7997e-01, 6.3704e-03]])
2024-03-01 18:12:36,393 | INFO | hilo.kernel-accessor : Fetching kernel: gaussian
2024-03-01 18:12:36,393 | INFO | hilo.gaussian-kernel : Calculating Gaussian distribution (location: -0.6723741292953491, scale 1.7933175563812256)
2024-03-01 18:12:36,393 | INFO | hilo.gaussian-kernel : BOTTOM-LEFT:
tensor([[0.0843, 0.0585, 0.0298],
        [0.1656, 0.1150, 0.0585],
        [0.2384, 0.1656, 0.0843]])
2024-03-01 18:12:36,393 | INFO | hilo.kernel-accessor : Fetching kernel: gaussian
2024-03-01 18:12:36,393 | INFO | hilo.gaussian-kernel : Calculating Gaussian distribution (location: -0.28959760069847107, scale 1.062186360359192)
2024-03-01 18:12:36,394 | INFO | hilo.gaussian-kernel : TOP-LEFT:
tensor([[0.3914, 0.1944, 0.0398],
        [0.1944, 0.0966, 0.0198],
        [0.0398, 0.0198, 0.0040]])
2024-03-01 18:12:36,394 | INFO | hilo.kernel-accessor : Fetching kernel: gaussian
2024-03-01 18:12:36,394 | INFO | hilo.gaussian-kernel : Calculating Gaussian distribution (location: -0.2550467252731323, scale 0.9370741248130798)
2024-03-01 18:12:36,394 | INFO | hilo.gaussian-kernel : BOTTOM-LEFT:
tensor([[0.0262, 0.0111, 0.0015],
        [0.1931, 0.0817, 0.0111],
        [0.4562, 0.1931, 0.0262]])
2024-03-01 18:12:36,394 | INFO | hilo.kernel-accessor : Fetching kernel: gaussian
2024-03-01 18:12:36,394 | INFO | hilo.gaussian-kernel : Calculating Gaussian distribution (location: -0.1892191469669342, scale 0.9057705402374268)
2024-03-01 18:12:36,395 | INFO | hilo.gaussian-kernel : TOP-LEFT:
tensor([[0.4524, 0.1953, 0.0249],
        [0.1953, 0.0843, 0.0108],
        [0.0249, 0.0108, 0.0014]])
2024-03-01 18:12:36,395 | INFO | hilo.kernel-accessor : Fetching kernel: gaussian
2024-03-01 18:12:36,395 | INFO | hilo.gaussian-kernel : Calculating Gaussian distribution (location: -0.1221555694937706, scale 0.7350188493728638)
2024-03-01 18:12:36,395 | INFO | hilo.gaussian-kernel : TOP-LEFT:
tensor([[5.6377e-01, 1.7823e-01, 8.8504e-03],
        [1.7823e-01, 5.6342e-02, 2.7979e-03],
        [8.8504e-03, 2.7979e-03, 1.3894e-04]])
2024-03-01 18:12:36,395 | INFO | hilo.kernel-accessor : Fetching kernel: gaussian
2024-03-01 18:12:36,395 | INFO | hilo.gaussian-kernel : Calculating Gaussian distribution (location: -0.16453970968723297, scale 0.7698944807052612)
2024-03-01 18:12:36,396 | INFO | hilo.gaussian-kernel : TOP-LEFT:
tensor([[5.5232e-01, 1.8001e-01, 1.0857e-02],
        [1.8001e-01, 5.8666e-02, 3.5382e-03],
        [1.0857e-02, 3.5382e-03, 2.1340e-04]])
2024-03-01 18:12:36,396 | INFO | hilo.kernel-accessor : Fetching kernel: gaussian
2024-03-01 18:12:36,396 | INFO | hilo.gaussian-kernel : Calculating Gaussian distribution (location: -0.11795611679553986, scale 0.6838139891624451)
2024-03-01 18:12:36,396 | INFO | hilo.gaussian-kernel : BOTTOM-LEFT:
tensor([[5.1554e-03, 1.3751e-03, 4.3213e-05],
        [1.6405e-01, 4.3755e-02, 1.3751e-03],
        [6.1505e-01, 1.6405e-01, 5.1554e-03]])
2024-03-01 18:12:36,396 | INFO | hilo.kernel-accessor : Fetching kernel: gaussian
2024-03-01 18:12:36,397 | INFO | hilo.gaussian-kernel : Calculating Gaussian distribution (location: -0.188584566116333, scale 0.7210069298744202)
2024-03-01 18:12:36,397 | INFO | hilo.gaussian-kernel : TOP-LEFT:
tensor([[6.1395e-01, 1.6326e-01, 6.3416e-03],
        [1.6326e-01, 4.3413e-02, 1.6863e-03],
        [6.3416e-03, 1.6863e-03, 6.5503e-05]])
2024-03-01 18:12:36,397 | INFO | hilo.kernel-accessor : Fetching kernel: gaussian
2024-03-01 18:12:36,397 | INFO | hilo.gaussian-kernel : Calculating Gaussian distribution (location: -0.13035422563552856, scale 0.5821501016616821)
2024-03-01 18:12:36,397 | INFO | hilo.gaussian-kernel : TOP-LEFT:
tensor([[7.4710e-01, 1.1630e-01, 9.4691e-04],
        [1.1630e-01, 1.8105e-02, 1.4741e-04],
        [9.4691e-04, 1.4741e-04, 1.2002e-06]])
2024-03-01 18:12:36,397 | INFO | hilo.kernel-accessor : Fetching kernel: gaussian
2024-03-01 18:12:36,398 | INFO | hilo.gaussian-kernel : Calculating Gaussian distribution (location: -0.2244078516960144, scale 0.6649193167686462)
2024-03-01 18:12:36,398 | INFO | hilo.gaussian-kernel : TOP-LEFT:
tensor([[6.9653e-01, 1.3532e-01, 2.7381e-03],
        [1.3532e-01, 2.6288e-02, 5.3194e-04],
        [2.7381e-03, 5.3194e-04, 1.0764e-05]])
2024-03-01 18:12:36,398 | INFO | hilo.kernel-accessor : Fetching kernel: gaussian
2024-03-01 18:12:36,398 | INFO | hilo.gaussian-kernel : Calculating Gaussian distribution (location: -0.0799633264541626, scale 0.5817253589630127)
2024-03-01 18:12:36,398 | INFO | hilo.gaussian-kernel : BOTTOM-LEFT:
tensor([[1.2103e-03, 2.1807e-04, 2.0462e-06],
        [1.2899e-01, 2.3241e-02, 2.1807e-04],
        [7.1592e-01, 1.2899e-01, 1.2103e-03]])
2024-03-01 18:12:36,398 | INFO | hilo.kernel-accessor : Fetching kernel: gaussian
2024-03-01 18:12:36,399 | INFO | hilo.gaussian-kernel : Calculating Gaussian distribution (location: -0.019498880952596664, scale 0.6272063255310059)
2024-03-01 18:12:36,399 | INFO | hilo.gaussian-kernel : BOTTOM-LEFT:
tensor([[3.4642e-03, 9.2487e-04, 1.9435e-05],
        [1.6486e-01, 4.4013e-02, 9.2487e-04],
        [6.1748e-01, 1.6486e-01, 3.4642e-03]])
2024-03-01 18:12:36,399 | INFO | hilo.kernel-accessor : Fetching kernel: gaussian
2024-03-01 18:12:36,399 | INFO | hilo.gaussian-kernel : Calculating Gaussian distribution (location: 0.07013390958309174, scale 0.4719250798225403)
2024-03-01 18:12:36,399 | INFO | hilo.gaussian-kernel : BOTTOM-LEFT:
tensor([[1.8014e-04, 2.6143e-05, 4.2569e-08],
        [1.1063e-01, 1.6055e-02, 2.6143e-05],
        [7.6228e-01, 1.1063e-01, 1.8014e-04]])
2024-03-01 18:12:36,399 | INFO | hilo.kernel-accessor : Fetching kernel: gaussian
2024-03-01 18:12:36,400 | INFO | hilo.gaussian-kernel : Calculating Gaussian distribution (location: 0.04824720695614815, scale 0.5605217814445496)
2024-03-01 18:12:36,400 | INFO | hilo.gaussian-kernel : BOTTOM-LEFT:
tensor([[1.5210e-03, 3.6113e-04, 3.5557e-06],
        [1.5448e-01, 3.6678e-02, 3.6113e-04],
        [6.5060e-01, 1.5448e-01, 1.5210e-03]])
2024-03-01 18:12:36,400 | INFO | hilo.kernel-accessor : Fetching kernel: gaussian
2024-03-01 18:12:36,400 | INFO | hilo.gaussian-kernel : Calculating Gaussian distribution (location: -0.022575538605451584, scale 0.6434586048126221)
2024-03-01 18:12:36,400 | INFO | hilo.gaussian-kernel : TOP-LEFT:
tensor([[6.0073e-01, 1.7004e-01, 4.3001e-03],
        [1.7004e-01, 4.8128e-02, 1.2171e-03],
        [4.3001e-03, 1.2171e-03, 3.0780e-05]])
2024-03-01 18:12:36,401 | INFO | hilo.kernel-accessor : Fetching kernel: gaussian
2024-03-01 18:12:36,401 | INFO | hilo.gaussian-kernel : Calculating Gaussian distribution (location: -0.1326676309108734, scale 0.819586455821991)
2024-03-01 18:12:36,401 | INFO | hilo.gaussian-kernel : TOP-LEFT:
tensor([[0.4930, 0.1922, 0.0169],
        [0.1922, 0.0749, 0.0066],
        [0.0169, 0.0066, 0.0006]])
2024-03-01 18:13:57,068 | INFO | hilo : Epoch   4/200 | Accuracy:  46.0938 | Loss:   1.3075
2024-03-01 18:13:57,068 | INFO | hilo.kernel-accessor : Fetching kernel: gaussian
2024-03-01 18:13:57,069 | INFO | hilo.gaussian-kernel : Calculating Gaussian distribution (location: -0.008150041103363037, scale 0.6261146664619446)
2024-03-01 18:13:57,069 | INFO | hilo.gaussian-kernel : BOTTOM-LEFT:
tensor([[3.5666e-03, 9.7568e-04, 2.0822e-05],
        [1.6712e-01, 4.5719e-02, 9.7568e-04],
        [6.1093e-01, 1.6712e-01, 3.5666e-03]])
2024-03-01 18:13:57,070 | INFO | hilo.kernel-accessor : Fetching kernel: gaussian
2024-03-01 18:13:57,070 | INFO | hilo.gaussian-kernel : Calculating Gaussian distribution (location: -0.687228798866272, scale 1.860329270362854)
2024-03-01 18:13:57,070 | INFO | hilo.gaussian-kernel : TOP-LEFT:
tensor([[0.2296, 0.1630, 0.0866],
        [0.1630, 0.1156, 0.0615],
        [0.0866, 0.0615, 0.0327]])
2024-03-01 18:13:57,070 | INFO | hilo.kernel-accessor : Fetching kernel: gaussian
2024-03-01 18:13:57,071 | INFO | hilo.gaussian-kernel : Calculating Gaussian distribution (location: -0.45193856954574585, scale 1.07787024974823)
2024-03-01 18:13:57,071 | INFO | hilo.gaussian-kernel : TOP-LEFT:
tensor([[0.4312, 0.1900, 0.0354],
        [0.1900, 0.0838, 0.0156],
        [0.0354, 0.0156, 0.0029]])
2024-03-01 18:13:57,071 | INFO | hilo.kernel-accessor : Fetching kernel: gaussian
2024-03-01 18:13:57,071 | INFO | hilo.gaussian-kernel : Calculating Gaussian distribution (location: -0.19004914164543152, scale 0.891444981098175)
2024-03-01 18:13:57,072 | INFO | hilo.gaussian-kernel : BOTTOM-LEFT:
tensor([[0.0232, 0.0097, 0.0012],
        [0.1943, 0.0815, 0.0097],
        [0.4630, 0.1943, 0.0232]])
2024-03-01 18:13:57,072 | INFO | hilo.kernel-accessor : Fetching kernel: gaussian
2024-03-01 18:13:57,072 | INFO | hilo.gaussian-kernel : Calculating Gaussian distribution (location: -0.10270500183105469, scale 0.8781541585922241)
2024-03-01 18:13:57,073 | INFO | hilo.gaussian-kernel : TOP-LEFT:
tensor([[0.4357, 0.1994, 0.0250],
        [0.1994, 0.0913, 0.0114],
        [0.0250, 0.0114, 0.0014]])
2024-03-01 18:13:57,073 | INFO | hilo.kernel-accessor : Fetching kernel: gaussian
2024-03-01 18:13:57,073 | INFO | hilo.gaussian-kernel : Calculating Gaussian distribution (location: -0.07600012421607971, scale 0.7653496861457825)
2024-03-01 18:13:57,073 | INFO | hilo.gaussian-kernel : TOP-LEFT:
tensor([[5.1061e-01, 1.9100e-01, 1.2959e-02],
        [1.9100e-01, 7.1446e-02, 4.8473e-03],
        [1.2959e-02, 4.8473e-03, 3.2887e-04]])
2024-03-01 18:13:57,074 | INFO | hilo.kernel-accessor : Fetching kernel: gaussian
2024-03-01 18:13:57,074 | INFO | hilo.gaussian-kernel : Calculating Gaussian distribution (location: -0.13106828927993774, scale 0.7273650765419006)
2024-03-01 18:13:57,074 | INFO | hilo.gaussian-kernel : BOTTOM-LEFT:
tensor([[8.0114e-03, 2.4304e-03, 1.1137e-04],
        [1.7483e-01, 5.3038e-02, 2.4304e-03],
        [5.7630e-01, 1.7483e-01, 8.0114e-03]])
2024-03-01 18:13:57,074 | INFO | hilo.kernel-accessor : Fetching kernel: gaussian
2024-03-01 18:13:57,075 | INFO | hilo.gaussian-kernel : Calculating Gaussian distribution (location: -0.10891641676425934, scale 0.621076226234436)
2024-03-01 18:13:57,075 | INFO | hilo.gaussian-kernel : BOTTOM-LEFT:
tensor([[2.1767e-03, 4.4898e-04, 6.9306e-06],
        [1.4101e-01, 2.9086e-02, 4.4898e-04],
        [6.8363e-01, 1.4101e-01, 2.1767e-03]])
2024-03-01 18:13:57,075 | INFO | hilo.kernel-accessor : Fetching kernel: gaussian
2024-03-01 18:13:57,075 | INFO | hilo.gaussian-kernel : Calculating Gaussian distribution (location: -0.14813973009586334, scale 0.6338706612586975)
2024-03-01 18:13:57,076 | INFO | hilo.gaussian-kernel : BOTTOM-LEFT:
tensor([[2.2790e-03, 4.5413e-04, 7.5114e-06],
        [1.3779e-01, 2.7457e-02, 4.5413e-04],
        [6.9149e-01, 1.3779e-01, 2.2790e-03]])
2024-03-01 18:13:57,076 | INFO | hilo.kernel-accessor : Fetching kernel: gaussian
2024-03-01 18:13:57,076 | INFO | hilo.gaussian-kernel : Calculating Gaussian distribution (location: -0.060565464198589325, scale 0.5304636359214783)
2024-03-01 18:13:57,077 | INFO | hilo.gaussian-kernel : BOTTOM-LEFT:
tensor([[4.1192e-04, 5.6189e-05, 2.1933e-07],
        [1.0553e-01, 1.4394e-02, 5.6189e-05],
        [7.7362e-01, 1.0553e-01, 4.1192e-04]])
2024-03-01 18:13:57,077 | INFO | hilo.kernel-accessor : Fetching kernel: gaussian
2024-03-01 18:13:57,077 | INFO | hilo.gaussian-kernel : Calculating Gaussian distribution (location: -0.12311790883541107, scale 0.5812527537345886)
2024-03-01 18:13:57,077 | INFO | hilo.gaussian-kernel : TOP-LEFT:
tensor([[7.4390e-01, 1.1763e-01, 9.6404e-04],
        [1.1763e-01, 1.8601e-02, 1.5244e-04],
        [9.6404e-04, 1.5244e-04, 1.2493e-06]])
2024-03-01 18:13:57,078 | INFO | hilo.kernel-accessor : Fetching kernel: gaussian
2024-03-01 18:13:57,078 | INFO | hilo.gaussian-kernel : Calculating Gaussian distribution (location: -0.07421565055847168, scale 0.520300030708313)
2024-03-01 18:13:57,078 | INFO | hilo.gaussian-kernel : BOTTOM-LEFT:
tensor([[2.8491e-04, 3.4160e-05, 1.0187e-07],
        [9.5537e-02, 1.1455e-02, 3.4160e-05],
        [7.9683e-01, 9.5537e-02, 2.8491e-04]])
2024-03-01 18:13:57,078 | INFO | hilo.kernel-accessor : Fetching kernel: gaussian
2024-03-01 18:13:57,079 | INFO | hilo.gaussian-kernel : Calculating Gaussian distribution (location: -0.026413150131702423, scale 0.49438679218292236)
2024-03-01 18:13:57,079 | INFO | hilo.gaussian-kernel : TOP-LEFT:
tensor([[8.0252e-01, 9.3132e-02, 1.8067e-04],
        [9.3132e-02, 1.0808e-02, 2.0967e-05],
        [1.8067e-04, 2.0967e-05, 4.0675e-08]])
2024-03-01 18:13:57,079 | INFO | hilo.kernel-accessor : Fetching kernel: gaussian
2024-03-01 18:13:57,079 | INFO | hilo.gaussian-kernel : Calculating Gaussian distribution (location: 0.027133140712976456, scale 0.3848210573196411)
2024-03-01 18:13:57,080 | INFO | hilo.gaussian-kernel : BOTTOM-LEFT:
tensor([[1.8148e-06, 7.4482e-08, 3.5693e-12],
        [3.7869e-02, 1.5542e-03, 7.4482e-08],
        [9.2270e-01, 3.7869e-02, 1.8148e-06]])
2024-03-01 18:13:57,080 | INFO | hilo.kernel-accessor : Fetching kernel: gaussian
2024-03-01 18:13:57,080 | INFO | hilo.gaussian-kernel : Calculating Gaussian distribution (location: 0.09782141447067261, scale 0.41592055559158325)
2024-03-01 18:13:57,081 | INFO | hilo.gaussian-kernel : TOP-LEFT:
tensor([[8.2972e-01, 8.1144e-02, 2.4494e-05],
        [8.1144e-02, 7.9356e-03, 2.3954e-06],
        [2.4494e-05, 2.3954e-06, 7.2308e-10]])
2024-03-01 18:13:57,081 | INFO | hilo.kernel-accessor : Fetching kernel: gaussian
2024-03-01 18:13:57,081 | INFO | hilo.gaussian-kernel : Calculating Gaussian distribution (location: -0.00725642591714859, scale 0.5000682473182678)
2024-03-01 18:13:57,081 | INFO | hilo.gaussian-kernel : BOTTOM-LEFT:
tensor([[2.4763e-04, 3.2573e-05, 7.8559e-08],
        [1.0268e-01, 1.3506e-02, 3.2573e-05],
        [7.8058e-01, 1.0268e-01, 2.4763e-04]])
2024-03-01 18:13:57,082 | INFO | hilo.kernel-accessor : Fetching kernel: gaussian
2024-03-01 18:13:57,082 | INFO | hilo.gaussian-kernel : Calculating Gaussian distribution (location: 0.08707274496555328, scale 0.5799999237060547)
2024-03-01 18:13:57,082 | INFO | hilo.gaussian-kernel : BOTTOM-LEFT:
tensor([[2.6100e-03, 7.6481e-04, 1.1467e-05],
        [1.7408e-01, 5.1010e-02, 7.6481e-04],
        [5.9407e-01, 1.7408e-01, 2.6100e-03]])
2024-03-01 18:15:17,777 | INFO | hilo : Epoch   5/200 | Accuracy:  52.0833 | Loss:   1.2008
2024-03-01 18:15:17,777 | INFO | hilo.kernel-accessor : Fetching kernel: gaussian
2024-03-01 18:15:17,778 | INFO | hilo.gaussian-kernel : Calculating Gaussian distribution (location: -0.009467542171478271, scale 0.6904789209365845)
2024-03-01 18:15:17,779 | INFO | hilo.gaussian-kernel : TOP-LEFT:
tensor([[5.4227e-01, 1.8626e-01, 7.8544e-03],
        [1.8626e-01, 6.3980e-02, 2.6979e-03],
        [7.8544e-03, 2.6979e-03, 1.1377e-04]])
2024-03-01 18:15:17,779 | INFO | hilo.kernel-accessor : Fetching kernel: gaussian
2024-03-01 18:15:17,779 | INFO | hilo.gaussian-kernel : Calculating Gaussian distribution (location: -0.7617543935775757, scale 2.175274610519409)
2024-03-01 18:15:17,779 | INFO | hilo.gaussian-kernel : TOP-LEFT:
tensor([[0.1991, 0.1525, 0.0946],
        [0.1525, 0.1168, 0.0724],
        [0.0946, 0.0724, 0.0449]])
2024-03-01 18:15:17,780 | INFO | hilo.kernel-accessor : Fetching kernel: gaussian
2024-03-01 18:15:17,780 | INFO | hilo.gaussian-kernel : Calculating Gaussian distribution (location: -0.42267656326293945, scale 1.1385350227355957)
2024-03-01 18:15:17,780 | INFO | hilo.gaussian-kernel : TOP-LEFT:
tensor([[0.3896, 0.1912, 0.0434],
        [0.1912, 0.0938, 0.0213],
        [0.0434, 0.0213, 0.0048]])
2024-03-01 18:15:17,780 | INFO | hilo.kernel-accessor : Fetching kernel: gaussian
2024-03-01 18:15:17,781 | INFO | hilo.gaussian-kernel : Calculating Gaussian distribution (location: -0.21361932158470154, scale 0.9087343811988831)
2024-03-01 18:15:17,781 | INFO | hilo.gaussian-kernel : BOTTOM-LEFT:
tensor([[0.0243, 0.0103, 0.0013],
        [0.1939, 0.0817, 0.0103],
        [0.4601, 0.1939, 0.0243]])
2024-03-01 18:15:17,781 | INFO | hilo.kernel-accessor : Fetching kernel: gaussian
2024-03-01 18:15:17,781 | INFO | hilo.gaussian-kernel : Calculating Gaussian distribution (location: -0.13056528568267822, scale 0.7495613098144531)
2024-03-01 18:15:17,782 | INFO | hilo.gaussian-kernel : BOTTOM-LEFT:
tensor([[9.9032e-03, 3.2237e-03, 1.7699e-04],
        [1.8037e-01, 5.8716e-02, 3.2237e-03],
        [5.5410e-01, 1.8037e-01, 9.9032e-03]])
2024-03-01 18:15:17,782 | INFO | hilo.kernel-accessor : Fetching kernel: gaussian
2024-03-01 18:15:17,782 | INFO | hilo.gaussian-kernel : Calculating Gaussian distribution (location: -0.06420201808214188, scale 0.6085194945335388)
2024-03-01 18:15:17,783 | INFO | hilo.gaussian-kernel : TOP-LEFT:
tensor([[6.7065e-01, 1.4614e-01, 2.1391e-03],
        [1.4614e-01, 3.1847e-02, 4.6615e-04],
        [2.1391e-03, 4.6615e-04, 6.8231e-06]])
2024-03-01 18:15:17,783 | INFO | hilo.kernel-accessor : Fetching kernel: gaussian
2024-03-01 18:15:17,783 | INFO | hilo.gaussian-kernel : Calculating Gaussian distribution (location: -0.15900328755378723, scale 0.6094213724136353)
2024-03-01 18:15:17,783 | INFO | hilo.gaussian-kernel : BOTTOM-LEFT:
tensor([[1.4187e-03, 2.4060e-04, 2.7626e-06],
        [1.2356e-01, 2.0954e-02, 2.4060e-04],
        [7.2860e-01, 1.2356e-01, 1.4187e-03]])
2024-03-01 18:15:17,784 | INFO | hilo.kernel-accessor : Fetching kernel: gaussian
