2023-12-06 19:42:49,021 | INFO | hi-lo : 
+==============================================================+
|                                                              |
| ██████╗  █████╗ ██████╗ ██╗         ██╗      █████╗ ██████╗  |
| ██╔══██╗██╔══██╗██╔══██╗██║         ██║     ██╔══██╗██╔══██╗ |
| ██║  ██║███████║██║  ██║██║         ██║     ███████║██████╔╝ |
| ██║  ██║██╔══██║██║  ██║██║         ██║     ██╔══██║██╔══██╗ |
| ██████╔╝██║  ██║██████╔╝███████╗    ███████╗██║  ██║██████╔╝ |
| ╚═════╝ ╚═╝  ╚═╝╚═════╝ ╚══════╝    ╚══════╝╚═╝  ╚═╝╚═════╝  |
|                                                              |
+==============================================================+
|             Hi-Lo Resolution Image Classification            |
|             -------------------------------------            |
|                       Gabriel C. Trahan                      |
|                          Sahan Ahmad                         |
|                       MD  Aminual Islam                      |
+==============================================================+
| MODEL:                 normal | LR:                      0.1 |
| DISTRO:                gumbel | KERNEL TYPE:              11 |
| DATASET:             imagenet | BATCH SIZE:               64 |
+=========================================================================+
2023-12-06 19:42:49,022 | INFO | hi-lo : Output directory: output/normal/gumbel/11/imagenet/20231206_194249
2023-12-06 19:42:49,022 | INFO | hi-lo.dataset-accessor : Fetching dataset: imagenet
2023-12-06 19:42:49,022 | INFO | hi-lo.imagenet-dataset : Initializing transform.
2023-12-06 19:42:49,022 | INFO | hi-lo.imagenet-dataset : Verifying/downloading train data.
2023-12-06 19:42:51,921 | INFO | hi-lo.imagenet-dataset : Verifying/downloading test data.
2023-12-06 19:42:52,039 | INFO | hi-lo.imagenet-dataset : Creating train data loader.
2023-12-06 19:42:52,039 | INFO | hi-lo.imagenet-dataset : Creating test data loader.
2023-12-06 19:42:53,056 | INFO | hi-lo : Using device: NVIDIA GeForce GTX 1060 6GB
2023-12-06 19:42:53,056 | INFO | hi-lo : Commencing training phase...
2023-12-06 19:42:53,057 | INFO | hi-lo : BEGIN EPOCH 1 =========================================================================
2023-12-06 19:42:53,057 | INFO | hi-lo.kernel-accessor : Fetching kernel: gumbel
2023-12-06 19:42:53,058 | INFO | hi-lo.gumbel-kernel : MU (LOCATION): 0.0 | BETA (SCALE): 1.0
2023-12-06 19:42:53,058 | INFO | hi-lo.gumbel-kernel : TOP-LEFT
tensor([[8.8288e-01, 5.8259e-02, 2.0072e-04],
        [5.8259e-02, 2.0072e-04, 2.2609e-10],
        [2.0072e-04, 2.2609e-10, 8.5377e-26]])
2023-12-06 19:42:53,058 | INFO | hi-lo.kernel-accessor : Fetching kernel: gumbel
2023-12-06 19:42:53,058 | INFO | hi-lo.gumbel-kernel : MU (LOCATION): 0.0 | BETA (SCALE): 1.0
2023-12-06 19:42:53,059 | INFO | hi-lo.gumbel-kernel : TOP-LEFT
tensor([[8.8288e-01, 5.8259e-02, 2.0072e-04],
        [5.8259e-02, 2.0072e-04, 2.2609e-10],
        [2.0072e-04, 2.2609e-10, 8.5377e-26]])
2023-12-06 19:42:53,059 | INFO | hi-lo.kernel-accessor : Fetching kernel: gumbel
2023-12-06 19:42:53,059 | INFO | hi-lo.gumbel-kernel : MU (LOCATION): 1 | BETA (SCALE): 1
2023-12-06 19:42:53,059 | INFO | hi-lo.gumbel-kernel : STATIC
tensor([[5.6765e-01, 1.6550e-01, 3.2357e-02],
        [1.6550e-01, 3.2357e-02, 2.1352e-03],
        [3.2357e-02, 2.1352e-03, 7.3562e-06]])
2023-12-06 19:42:53,059 | INFO | hi-lo.kernel-accessor : Fetching kernel: gumbel
2023-12-06 19:42:53,059 | INFO | hi-lo.gumbel-kernel : MU (LOCATION): 0.0 | BETA (SCALE): 1.0
2023-12-06 19:42:53,060 | INFO | hi-lo.gumbel-kernel : TOP-RIGHT
tensor([[2.0072e-04, 5.8259e-02, 8.8288e-01],
        [2.2609e-10, 2.0072e-04, 5.8259e-02],
        [8.5377e-26, 2.2609e-10, 2.0072e-04]])
2023-12-06 19:43:17,712 | INFO | hi-lo : END EPOCH:   1 | ACCURACY: 1.5 | LOSS: 4.6997785568237305
2023-12-06 19:43:17,712 | INFO | hi-lo : BEGIN EPOCH 2 =========================================================================
2023-12-06 19:43:17,712 | INFO | hi-lo.kernel-accessor : Fetching kernel: gumbel
2023-12-06 19:43:17,713 | INFO | hi-lo.gumbel-kernel : MU (LOCATION): -0.002579416846856475 | BETA (SCALE): 0.5058618187904358
2023-12-06 19:43:17,714 | INFO | hi-lo.gumbel-kernel : TOP-LEFT
tensor([[9.9948e-01, 2.5843e-04, 7.1077e-25],
        [2.5843e-04, 7.1077e-25, 0.0000e+00],
        [7.1077e-25, 0.0000e+00, 0.0000e+00]])
2023-12-06 19:43:17,714 | INFO | hi-lo.kernel-accessor : Fetching kernel: gumbel
2023-12-06 19:43:17,714 | INFO | hi-lo.gumbel-kernel : MU (LOCATION): -0.363569974899292 | BETA (SCALE): 0.647079586982727
2023-12-06 19:43:17,715 | INFO | hi-lo.gumbel-kernel : TOP-RIGHT
tensor([[4.0564e-30, 2.5067e-06, 9.9999e-01],
        [0.0000e+00, 4.0564e-30, 2.5067e-06],
        [0.0000e+00, 0.0000e+00, 4.0564e-30]])
2023-12-06 19:43:17,715 | INFO | hi-lo.kernel-accessor : Fetching kernel: gumbel
2023-12-06 19:43:17,715 | INFO | hi-lo.gumbel-kernel : MU (LOCATION): -0.6030066013336182 | BETA (SCALE): 0.9303878545761108
2023-12-06 19:43:17,716 | INFO | hi-lo.gumbel-kernel : TOP-RIGHT
tensor([[1.0701e-13, 2.9496e-04, 9.9941e-01],
        [1.8833e-40, 1.0701e-13, 2.9496e-04],
        [0.0000e+00, 1.8833e-40, 1.0701e-13]])
2023-12-06 19:43:17,716 | INFO | hi-lo.kernel-accessor : Fetching kernel: gumbel
2023-12-06 19:43:17,716 | INFO | hi-lo.gumbel-kernel : MU (LOCATION): -0.39188525080680847 | BETA (SCALE): 0.9400460720062256
2023-12-06 19:43:17,717 | INFO | hi-lo.gumbel-kernel : TOP-LEFT
tensor([[9.9132e-01, 4.3396e-03, 4.7856e-09],
        [4.3396e-03, 4.7856e-09, 1.9761e-25],
        [4.7856e-09, 1.9761e-25, 0.0000e+00]])
2023-12-06 19:43:41,543 | INFO | hi-lo : END EPOCH:   2 | ACCURACY: 0.1 | LOSS: 4.751761436462402
2023-12-06 19:43:41,543 | INFO | hi-lo : BEGIN EPOCH 3 =========================================================================
2023-12-06 19:43:41,543 | INFO | hi-lo.kernel-accessor : Fetching kernel: gumbel
2023-12-06 19:43:41,544 | INFO | hi-lo.gumbel-kernel : MU (LOCATION): -0.0400572344660759 | BETA (SCALE): 0.49747714400291443
2023-12-06 19:43:41,544 | INFO | hi-lo.gumbel-kernel : TOP-LEFT
tensor([[9.9987e-01, 6.7445e-05, 2.1798e-30],
        [6.7445e-05, 2.1798e-30, 0.0000e+00],
        [2.1798e-30, 0.0000e+00, 0.0000e+00]])
2023-12-06 19:43:41,544 | INFO | hi-lo.kernel-accessor : Fetching kernel: gumbel
2023-12-06 19:43:41,545 | INFO | hi-lo.gumbel-kernel : MU (LOCATION): -0.635047435760498 | BETA (SCALE): 0.9185316562652588
2023-12-06 19:43:41,545 | INFO | hi-lo.gumbel-kernel : TOP-LEFT
tensor([[9.9974e-01, 1.3070e-04, 3.2514e-15],
        [1.3070e-04, 3.2514e-15, 0.0000e+00],
        [3.2514e-15, 0.0000e+00, 0.0000e+00]])
2023-12-06 19:43:41,545 | INFO | hi-lo.kernel-accessor : Fetching kernel: gumbel
2023-12-06 19:43:41,546 | INFO | hi-lo.gumbel-kernel : MU (LOCATION): -1.2215372323989868 | BETA (SCALE): 1.815704107284546
2023-12-06 19:43:41,546 | INFO | hi-lo.gumbel-kernel : TOP-RIGHT
tensor([[1.3886e-04, 3.2115e-02, 9.3535e-01],
        [1.6502e-08, 1.3886e-04, 3.2115e-02],
        [3.8462e-15, 1.6502e-08, 1.3886e-04]])
2023-12-06 19:43:41,547 | INFO | hi-lo.kernel-accessor : Fetching kernel: gumbel
2023-12-06 19:43:41,547 | INFO | hi-lo.gumbel-kernel : MU (LOCATION): -0.7016031742095947 | BETA (SCALE): 0.9840540289878845
2023-12-06 19:43:41,548 | INFO | hi-lo.gumbel-kernel : TOP-RIGHT
tensor([[1.3470e-13, 2.3578e-04, 9.9953e-01],
        [2.3518e-38, 1.3470e-13, 2.3578e-04],
        [0.0000e+00, 2.3518e-38, 1.3470e-13]])
2023-12-06 19:44:05,458 | INFO | hi-lo : END EPOCH:   3 | ACCURACY: 0.52 | LOSS: 4.32222318649292
2023-12-06 19:44:05,458 | INFO | hi-lo : BEGIN EPOCH 4 =========================================================================
2023-12-06 19:44:05,458 | INFO | hi-lo.kernel-accessor : Fetching kernel: gumbel
2023-12-06 19:44:05,459 | INFO | hi-lo.gumbel-kernel : MU (LOCATION): -0.07811333239078522 | BETA (SCALE): 0.48379623889923096
2023-12-06 19:44:05,460 | INFO | hi-lo.gumbel-kernel : TOP-LEFT
tensor([[9.9998e-01, 9.1817e-06, 2.2911e-39],
        [9.1817e-06, 2.2911e-39, 0.0000e+00],
        [2.2911e-39, 0.0000e+00, 0.0000e+00]])
2023-12-06 19:44:05,460 | INFO | hi-lo.kernel-accessor : Fetching kernel: gumbel
2023-12-06 19:44:05,460 | INFO | hi-lo.gumbel-kernel : MU (LOCATION): -0.7007476091384888 | BETA (SCALE): 0.8943977952003479
2023-12-06 19:44:05,461 | INFO | hi-lo.gumbel-kernel : TOP-LEFT
tensor([[9.9997e-01, 1.6957e-05, 4.3256e-19],
        [1.6957e-05, 4.3255e-19, 0.0000e+00],
        [4.3256e-19, 0.0000e+00, 0.0000e+00]])
2023-12-06 19:44:05,461 | INFO | hi-lo.kernel-accessor : Fetching kernel: gumbel
2023-12-06 19:44:05,461 | INFO | hi-lo.gumbel-kernel : MU (LOCATION): -1.3389222621917725 | BETA (SCALE): 1.8806098699569702
2023-12-06 19:44:05,462 | INFO | hi-lo.gumbel-kernel : TOP-RIGHT
tensor([[1.2313e-04, 2.9924e-02, 9.3978e-01],
        [1.5571e-08, 1.2313e-04, 2.9924e-02],
        [5.2523e-15, 1.5571e-08, 1.2313e-04]])
2023-12-06 19:44:05,462 | INFO | hi-lo.kernel-accessor : Fetching kernel: gumbel
2023-12-06 19:44:05,462 | INFO | hi-lo.gumbel-kernel : MU (LOCATION): 1 | BETA (SCALE): 1
2023-12-06 19:44:05,463 | INFO | hi-lo.gumbel-kernel : STATIC
tensor([[5.6765e-01, 1.6550e-01, 3.2357e-02],
        [1.6550e-01, 3.2357e-02, 2.1352e-03],
        [3.2357e-02, 2.1352e-03, 7.3562e-06]])
2023-12-06 19:44:29,294 | INFO | hi-lo : END EPOCH:   4 | ACCURACY: 2.41 | LOSS: 4.259037017822266
2023-12-06 19:44:29,294 | INFO | hi-lo : BEGIN EPOCH 5 =========================================================================
2023-12-06 19:44:29,294 | INFO | hi-lo.kernel-accessor : Fetching kernel: gumbel
2023-12-06 19:44:29,295 | INFO | hi-lo.gumbel-kernel : MU (LOCATION): -0.14127683639526367 | BETA (SCALE): 0.5691992044448853
2023-12-06 19:44:29,295 | INFO | hi-lo.gumbel-kernel : TOP-RIGHT
tensor([[1.7167e-25, 6.5537e-05, 9.9987e-01],
        [0.0000e+00, 1.7167e-25, 6.5537e-05],
        [0.0000e+00, 0.0000e+00, 1.7167e-25]])
2023-12-06 19:44:29,295 | INFO | hi-lo.kernel-accessor : Fetching kernel: gumbel
2023-12-06 19:44:29,296 | INFO | hi-lo.gumbel-kernel : MU (LOCATION): -0.6638766527175903 | BETA (SCALE): 1.106252908706665
2023-12-06 19:44:29,296 | INFO | hi-lo.gumbel-kernel : TOP-RIGHT
tensor([[7.2469e-09, 3.0593e-03, 9.9388e-01],
        [3.5140e-22, 7.2469e-09, 3.0593e-03],
        [0.0000e+00, 3.5140e-22, 7.2469e-09]])
2023-12-06 19:44:29,296 | INFO | hi-lo.kernel-accessor : Fetching kernel: gumbel
2023-12-06 19:44:29,296 | INFO | hi-lo.gumbel-kernel : MU (LOCATION): -1.782639503479004 | BETA (SCALE): 2.8005688190460205
2023-12-06 19:44:29,296 | INFO | hi-lo.gumbel-kernel : TOP-RIGHT
tensor([[8.8361e-03, 1.1289e-01, 7.4716e-01],
        [2.7014e-04, 8.8361e-03, 1.1289e-01],
        [2.1552e-06, 2.7014e-04, 8.8361e-03]])
2023-12-06 19:44:29,297 | INFO | hi-lo.kernel-accessor : Fetching kernel: gumbel
2023-12-06 19:44:29,297 | INFO | hi-lo.gumbel-kernel : MU (LOCATION): 1 | BETA (SCALE): 1
2023-12-06 19:44:29,297 | INFO | hi-lo.gumbel-kernel : STATIC
tensor([[5.6765e-01, 1.6550e-01, 3.2357e-02],
        [1.6550e-01, 3.2357e-02, 2.1352e-03],
        [3.2357e-02, 2.1352e-03, 7.3562e-06]])
2023-12-06 19:44:53,286 | INFO | hi-lo : END EPOCH:   5 | ACCURACY: 2.86 | LOSS: 4.260810375213623
2023-12-06 19:44:53,286 | INFO | hi-lo : BEGIN EPOCH 6 =========================================================================
2023-12-06 19:44:53,287 | INFO | hi-lo.kernel-accessor : Fetching kernel: gumbel
2023-12-06 19:44:53,287 | INFO | hi-lo.gumbel-kernel : MU (LOCATION): 1 | BETA (SCALE): 1
2023-12-06 19:44:53,288 | INFO | hi-lo.gumbel-kernel : STATIC
tensor([[5.6765e-01, 1.6550e-01, 3.2357e-02],
        [1.6550e-01, 3.2357e-02, 2.1352e-03],
        [3.2357e-02, 2.1352e-03, 7.3562e-06]])
2023-12-06 19:44:53,288 | INFO | hi-lo.kernel-accessor : Fetching kernel: gumbel
2023-12-06 19:44:53,289 | INFO | hi-lo.gumbel-kernel : MU (LOCATION): -0.6823944449424744 | BETA (SCALE): 0.8938616514205933
2023-12-06 19:44:53,289 | INFO | hi-lo.gumbel-kernel : TOP-LEFT
tensor([[9.9995e-01, 2.4745e-05, 1.9697e-18],
        [2.4745e-05, 1.9697e-18, 0.0000e+00],
        [1.9697e-18, 0.0000e+00, 0.0000e+00]])
2023-12-06 19:44:53,289 | INFO | hi-lo.kernel-accessor : Fetching kernel: gumbel
2023-12-06 19:44:53,290 | INFO | hi-lo.gumbel-kernel : MU (LOCATION): 1 | BETA (SCALE): 1
2023-12-06 19:44:53,290 | INFO | hi-lo.gumbel-kernel : STATIC
tensor([[5.6765e-01, 1.6550e-01, 3.2357e-02],
        [1.6550e-01, 3.2357e-02, 2.1352e-03],
        [3.2357e-02, 2.1352e-03, 7.3562e-06]])
2023-12-06 19:44:53,290 | INFO | hi-lo.kernel-accessor : Fetching kernel: gumbel
2023-12-06 19:44:53,291 | INFO | hi-lo.gumbel-kernel : MU (LOCATION): -0.9676891565322876 | BETA (SCALE): 1.1999801397323608
2023-12-06 19:44:53,291 | INFO | hi-lo.gumbel-kernel : TOP-LEFT
tensor([[9.9873e-01, 6.3503e-04, 8.2819e-11],
        [6.3503e-04, 8.2819e-11, 3.5264e-26],
        [8.2819e-11, 3.5264e-26, 0.0000e+00]])
2023-12-06 19:45:17,248 | INFO | hi-lo : END EPOCH:   6 | ACCURACY: 1.17 | LOSS: 4.445441246032715
2023-12-06 19:45:17,248 | INFO | hi-lo : BEGIN EPOCH 7 =========================================================================
2023-12-06 19:45:17,249 | INFO | hi-lo.kernel-accessor : Fetching kernel: gumbel
2023-12-06 19:45:17,249 | INFO | hi-lo.gumbel-kernel : MU (LOCATION): 1 | BETA (SCALE): 1
2023-12-06 19:45:17,250 | INFO | hi-lo.gumbel-kernel : STATIC
tensor([[5.6765e-01, 1.6550e-01, 3.2357e-02],
        [1.6550e-01, 3.2357e-02, 2.1352e-03],
        [3.2357e-02, 2.1352e-03, 7.3562e-06]])
2023-12-06 19:45:17,250 | INFO | hi-lo.kernel-accessor : Fetching kernel: gumbel
2023-12-06 19:45:17,251 | INFO | hi-lo.gumbel-kernel : MU (LOCATION): -0.7181441783905029 | BETA (SCALE): 1.0059648752212524
2023-12-06 19:45:17,251 | INFO | hi-lo.gumbel-kernel : TOP-RIGHT
tensor([[5.3096e-13, 3.0601e-04, 9.9939e-01],
        [6.1200e-36, 5.3096e-13, 3.0601e-04],
        [0.0000e+00, 6.1200e-36, 5.3096e-13]])
2023-12-06 19:45:17,251 | INFO | hi-lo.kernel-accessor : Fetching kernel: gumbel
2023-12-06 19:45:17,252 | INFO | hi-lo.gumbel-kernel : MU (LOCATION): -1.1946954727172852 | BETA (SCALE): 1.6270629167556763
2023-12-06 19:45:17,252 | INFO | hi-lo.gumbel-kernel : TOP-LEFT
tensor([[9.7359e-01, 1.3192e-02, 7.8167e-06],
        [1.3192e-02, 7.8167e-06, 1.4210e-11],
        [7.8167e-06, 1.4210e-11, 5.8282e-22]])
2023-12-06 19:45:17,252 | INFO | hi-lo.kernel-accessor : Fetching kernel: gumbel
2023-12-06 19:45:17,253 | INFO | hi-lo.gumbel-kernel : MU (LOCATION): -0.8788204193115234 | BETA (SCALE): 1.1777125597000122
2023-12-06 19:45:17,253 | INFO | hi-lo.gumbel-kernel : TOP-RIGHT
tensor([[4.3475e-10, 1.1132e-03, 9.9777e-01],
        [1.4181e-24, 4.3475e-10, 1.1132e-03],
        [0.0000e+00, 1.4181e-24, 4.3475e-10]])
2023-12-06 19:45:41,239 | INFO | hi-lo : END EPOCH:   7 | ACCURACY: 2.56 | LOSS: 4.174748420715332
2023-12-06 19:45:41,239 | INFO | hi-lo : BEGIN EPOCH 8 =========================================================================
2023-12-06 19:45:41,239 | INFO | hi-lo.kernel-accessor : Fetching kernel: gumbel
2023-12-06 19:45:41,240 | INFO | hi-lo.gumbel-kernel : MU (LOCATION): 1 | BETA (SCALE): 1
2023-12-06 19:45:41,241 | INFO | hi-lo.gumbel-kernel : STATIC
tensor([[5.6765e-01, 1.6550e-01, 3.2357e-02],
        [1.6550e-01, 3.2357e-02, 2.1352e-03],
        [3.2357e-02, 2.1352e-03, 7.3562e-06]])
2023-12-06 19:45:41,241 | INFO | hi-lo.kernel-accessor : Fetching kernel: gumbel
2023-12-06 19:45:41,241 | INFO | hi-lo.gumbel-kernel : MU (LOCATION): 1 | BETA (SCALE): 1
2023-12-06 19:45:41,242 | INFO | hi-lo.gumbel-kernel : STATIC
tensor([[5.6765e-01, 1.6550e-01, 3.2357e-02],
        [1.6550e-01, 3.2357e-02, 2.1352e-03],
        [3.2357e-02, 2.1352e-03, 7.3562e-06]])
2023-12-06 19:45:41,242 | INFO | hi-lo.kernel-accessor : Fetching kernel: gumbel
2023-12-06 19:45:41,243 | INFO | hi-lo.gumbel-kernel : MU (LOCATION): 1 | BETA (SCALE): 1
2023-12-06 19:45:41,243 | INFO | hi-lo.gumbel-kernel : STATIC
tensor([[5.6765e-01, 1.6550e-01, 3.2357e-02],
        [1.6550e-01, 3.2357e-02, 2.1352e-03],
        [3.2357e-02, 2.1352e-03, 7.3562e-06]])
2023-12-06 19:45:41,243 | INFO | hi-lo.kernel-accessor : Fetching kernel: gumbel
2023-12-06 19:45:41,244 | INFO | hi-lo.gumbel-kernel : MU (LOCATION): 1 | BETA (SCALE): 1
2023-12-06 19:45:41,244 | INFO | hi-lo.gumbel-kernel : STATIC
tensor([[5.6765e-01, 1.6550e-01, 3.2357e-02],
        [1.6550e-01, 3.2357e-02, 2.1352e-03],
        [3.2357e-02, 2.1352e-03, 7.3562e-06]])
2023-12-06 19:46:05,297 | INFO | hi-lo : END EPOCH:   8 | ACCURACY: 0.65 | LOSS: 4.415844917297363
2023-12-06 19:46:05,297 | INFO | hi-lo : BEGIN EPOCH 9 =========================================================================
2023-12-06 19:46:05,297 | INFO | hi-lo.kernel-accessor : Fetching kernel: gumbel
2023-12-06 19:46:05,298 | INFO | hi-lo.gumbel-kernel : MU (LOCATION): 1 | BETA (SCALE): 1
2023-12-06 19:46:05,298 | INFO | hi-lo.gumbel-kernel : STATIC
tensor([[5.6765e-01, 1.6550e-01, 3.2357e-02],
        [1.6550e-01, 3.2357e-02, 2.1352e-03],
        [3.2357e-02, 2.1352e-03, 7.3562e-06]])
2023-12-06 19:46:05,298 | INFO | hi-lo.kernel-accessor : Fetching kernel: gumbel
2023-12-06 19:46:05,299 | INFO | hi-lo.gumbel-kernel : MU (LOCATION): -0.621249794960022 | BETA (SCALE): 0.9551957249641418
2023-12-06 19:46:05,299 | INFO | hi-lo.gumbel-kernel : TOP-LEFT
tensor([[9.9921e-01, 3.9490e-04, 5.5217e-13],
        [3.9490e-04, 5.5217e-13, 2.2804e-37],
        [5.5217e-13, 2.2804e-37, 0.0000e+00]])
2023-12-06 19:46:05,300 | INFO | hi-lo.kernel-accessor : Fetching kernel: gumbel
2023-12-06 19:46:05,300 | INFO | hi-lo.gumbel-kernel : MU (LOCATION): -1.136179804801941 | BETA (SCALE): 2.0030930042266846
2023-12-06 19:46:05,300 | INFO | hi-lo.gumbel-kernel : TOP-LEFT
tensor([[8.5652e-01, 6.9441e-02, 1.5291e-03],
        [6.9441e-02, 1.5291e-03, 3.9325e-06],
        [1.5291e-03, 3.9325e-06, 2.9413e-10]])
2023-12-06 19:46:05,301 | INFO | hi-lo.kernel-accessor : Fetching kernel: gumbel
2023-12-06 19:46:05,301 | INFO | hi-lo.gumbel-kernel : MU (LOCATION): -1.0378029346466064 | BETA (SCALE): 1.318110466003418
2023-12-06 19:46:05,302 | INFO | hi-lo.gumbel-kernel : TOP-LEFT
tensor([[9.9612e-01, 1.9388e-03, 7.4637e-09],
        [1.9388e-03, 7.4637e-09, 4.8384e-20],
        [7.4637e-09, 4.8384e-20, 0.0000e+00]])
2023-12-06 19:46:29,347 | INFO | hi-lo : END EPOCH:   9 | ACCURACY: 1.56 | LOSS: 4.090993881225586
2023-12-06 19:46:29,348 | INFO | hi-lo : BEGIN EPOCH 10 =========================================================================
2023-12-06 19:46:29,348 | INFO | hi-lo.kernel-accessor : Fetching kernel: gumbel
2023-12-06 19:46:29,348 | INFO | hi-lo.gumbel-kernel : MU (LOCATION): 1 | BETA (SCALE): 1
2023-12-06 19:46:29,349 | INFO | hi-lo.gumbel-kernel : STATIC
tensor([[5.6765e-01, 1.6550e-01, 3.2357e-02],
        [1.6550e-01, 3.2357e-02, 2.1352e-03],
        [3.2357e-02, 2.1352e-03, 7.3562e-06]])
2023-12-06 19:46:29,349 | INFO | hi-lo.kernel-accessor : Fetching kernel: gumbel
2023-12-06 19:46:29,350 | INFO | hi-lo.gumbel-kernel : MU (LOCATION): -0.6458616256713867 | BETA (SCALE): 1.0452698469161987
2023-12-06 19:46:29,350 | INFO | hi-lo.gumbel-kernel : TOP-RIGHT
tensor([[3.4348e-10, 1.5399e-03, 9.9692e-01],
        [7.7157e-27, 3.4348e-10, 1.5399e-03],
        [0.0000e+00, 7.7157e-27, 3.4348e-10]])
2023-12-06 19:46:29,350 | INFO | hi-lo.kernel-accessor : Fetching kernel: gumbel
2023-12-06 19:46:29,351 | INFO | hi-lo.gumbel-kernel : MU (LOCATION): -1.4253861904144287 | BETA (SCALE): 1.9407047033309937
2023-12-06 19:46:29,351 | INFO | hi-lo.gumbel-kernel : TOP-LEFT
tensor([[9.3959e-01, 3.0008e-02, 1.3308e-04],
        [3.0008e-02, 1.3308e-04, 2.1658e-08],
        [1.3308e-04, 2.1658e-08, 1.3937e-14]])
2023-12-06 19:46:29,351 | INFO | hi-lo.kernel-accessor : Fetching kernel: gumbel
2023-12-06 19:46:29,352 | INFO | hi-lo.gumbel-kernel : MU (LOCATION): -0.9484431743621826 | BETA (SCALE): 1.2613333463668823
2023-12-06 19:46:29,352 | INFO | hi-lo.gumbel-kernel : TOP-LEFT
tensor([[9.9610e-01, 1.9522e-03, 5.2951e-09],
        [1.9522e-03, 5.2951e-09, 6.9230e-21],
        [5.2951e-09, 6.9230e-21, 0.0000e+00]])
2023-12-06 19:46:53,349 | INFO | hi-lo : END EPOCH:  10 | ACCURACY: 0.46 | LOSS: 4.1132893562316895
2023-12-06 19:46:53,349 | INFO | hi-lo : BEGIN EPOCH 11 =========================================================================
2023-12-06 19:46:53,349 | INFO | hi-lo.kernel-accessor : Fetching kernel: gumbel
2023-12-06 19:46:53,350 | INFO | hi-lo.gumbel-kernel : MU (LOCATION): -0.1943659484386444 | BETA (SCALE): 0.47685158252716064
2023-12-06 19:46:53,351 | INFO | hi-lo.gumbel-kernel : TOP-LEFT
tensor([[1.0000e+00, 1.2023e-08, 0.0000e+00],
        [1.2023e-08, 0.0000e+00, 0.0000e+00],
        [0.0000e+00, 0.0000e+00, 0.0000e+00]])
2023-12-06 19:46:53,351 | INFO | hi-lo.kernel-accessor : Fetching kernel: gumbel
2023-12-06 19:46:53,351 | INFO | hi-lo.gumbel-kernel : MU (LOCATION): -0.7150287628173828 | BETA (SCALE): 0.8723805546760559
2023-12-06 19:46:53,352 | INFO | hi-lo.gumbel-kernel : TOP-LEFT
tensor([[9.9999e-01, 5.0122e-06, 1.2368e-21],
        [5.0122e-06, 1.2368e-21, 0.0000e+00],
        [1.2368e-21, 0.0000e+00, 0.0000e+00]])
2023-12-06 19:46:53,352 | INFO | hi-lo.kernel-accessor : Fetching kernel: gumbel
2023-12-06 19:46:53,352 | INFO | hi-lo.gumbel-kernel : MU (LOCATION): -0.8130443692207336 | BETA (SCALE): 1.1354649066925049
2023-12-06 19:46:53,353 | INFO | hi-lo.gumbel-kernel : TOP-LEFT
tensor([[9.9777e-01, 1.1160e-03, 2.9343e-10],
        [1.1160e-03, 2.9343e-10, 1.3573e-25],
        [2.9343e-10, 1.3573e-25, 0.0000e+00]])
2023-12-06 19:46:53,353 | INFO | hi-lo.kernel-accessor : Fetching kernel: gumbel
2023-12-06 19:46:53,353 | INFO | hi-lo.gumbel-kernel : MU (LOCATION): -1.1516804695129395 | BETA (SCALE): 1.3447264432907104
2023-12-06 19:46:53,354 | INFO | hi-lo.gumbel-kernel : TOP-LEFT
tensor([[9.9791e-01, 1.0436e-03, 1.2738e-09],
        [1.0436e-03, 1.2738e-09, 1.0520e-21],
        [1.2738e-09, 1.0520e-21, 0.0000e+00]])
2023-12-06 19:47:17,394 | INFO | hi-lo : END EPOCH:  11 | ACCURACY: 0.26 | LOSS: 4.39689826965332
2023-12-06 19:47:17,394 | INFO | hi-lo : BEGIN EPOCH 12 =========================================================================
2023-12-06 19:47:17,394 | INFO | hi-lo.kernel-accessor : Fetching kernel: gumbel
2023-12-06 19:47:17,395 | INFO | hi-lo.gumbel-kernel : MU (LOCATION): -0.22405502200126648 | BETA (SCALE): 0.517579197883606
2023-12-06 19:47:17,396 | INFO | hi-lo.gumbel-kernel : TOP-RIGHT
tensor([[0.0000e+00, 1.1659e-07, 1.0000e+00],
        [0.0000e+00, 0.0000e+00, 1.1659e-07],
        [0.0000e+00, 0.0000e+00, 0.0000e+00]])
2023-12-06 19:47:17,396 | INFO | hi-lo.kernel-accessor : Fetching kernel: gumbel
2023-12-06 19:47:17,396 | INFO | hi-lo.gumbel-kernel : MU (LOCATION): 1 | BETA (SCALE): 1
2023-12-06 19:47:17,397 | INFO | hi-lo.gumbel-kernel : STATIC
tensor([[5.6765e-01, 1.6550e-01, 3.2357e-02],
        [1.6550e-01, 3.2357e-02, 2.1352e-03],
        [3.2357e-02, 2.1352e-03, 7.3562e-06]])
2023-12-06 19:47:17,397 | INFO | hi-lo.kernel-accessor : Fetching kernel: gumbel
2023-12-06 19:47:17,397 | INFO | hi-lo.gumbel-kernel : MU (LOCATION): -1.2827321290969849 | BETA (SCALE): 1.5948128700256348
2023-12-06 19:47:17,398 | INFO | hi-lo.gumbel-kernel : TOP-RIGHT
tensor([[1.0358e-06, 6.7558e-03, 9.8649e-01],
        [1.2941e-13, 1.0358e-06, 6.7558e-03],
        [2.6678e-26, 1.2941e-13, 1.0358e-06]])
2023-12-06 19:47:17,398 | INFO | hi-lo.kernel-accessor : Fetching kernel: gumbel
2023-12-06 19:47:17,398 | INFO | hi-lo.gumbel-kernel : MU (LOCATION): -1.4710932970046997 | BETA (SCALE): 1.523841142654419
2023-12-06 19:47:17,399 | INFO | hi-lo.gumbel-kernel : TOP-LEFT
tensor([[9.9827e-01, 8.6475e-04, 1.9882e-09],
        [8.6475e-04, 1.9882e-09, 4.9499e-20],
        [1.9882e-09, 4.9499e-20, 3.3370e-40]])
2023-12-06 19:47:41,410 | INFO | hi-lo : END EPOCH:  12 | ACCURACY: 2.2 | LOSS: 4.571155548095703
2023-12-06 19:47:41,410 | INFO | hi-lo : BEGIN EPOCH 13 =========================================================================
2023-12-06 19:47:41,411 | INFO | hi-lo.kernel-accessor : Fetching kernel: gumbel
2023-12-06 19:47:41,411 | INFO | hi-lo.gumbel-kernel : MU (LOCATION): -0.09275555610656738 | BETA (SCALE): 0.5202530026435852
2023-12-06 19:47:41,412 | INFO | hi-lo.gumbel-kernel : TOP-LEFT
tensor([[9.9993e-01, 3.5077e-05, 9.2109e-31],
        [3.5077e-05, 9.2109e-31, 0.0000e+00],
        [9.2109e-31, 0.0000e+00, 0.0000e+00]])
2023-12-06 19:47:41,412 | INFO | hi-lo.kernel-accessor : Fetching kernel: gumbel
2023-12-06 19:47:41,413 | INFO | hi-lo.gumbel-kernel : MU (LOCATION): -0.7996464967727661 | BETA (SCALE): 1.045212984085083
2023-12-06 19:47:41,413 | INFO | hi-lo.gumbel-kernel : TOP-RIGHT
tensor([[3.8152e-13, 2.3360e-04, 9.9953e-01],
        [2.3629e-35, 3.8152e-13, 2.3360e-04],
        [0.0000e+00, 2.3629e-35, 3.8152e-13]])
2023-12-06 19:47:41,413 | INFO | hi-lo.kernel-accessor : Fetching kernel: gumbel
2023-12-06 19:47:41,414 | INFO | hi-lo.gumbel-kernel : MU (LOCATION): 1 | BETA (SCALE): 1
2023-12-06 19:47:41,414 | INFO | hi-lo.gumbel-kernel : STATIC
tensor([[5.6765e-01, 1.6550e-01, 3.2357e-02],
        [1.6550e-01, 3.2357e-02, 2.1352e-03],
        [3.2357e-02, 2.1352e-03, 7.3562e-06]])
2023-12-06 19:47:41,414 | INFO | hi-lo.kernel-accessor : Fetching kernel: gumbel
2023-12-06 19:47:41,415 | INFO | hi-lo.gumbel-kernel : MU (LOCATION): -1.2277330160140991 | BETA (SCALE): 1.2876113653182983
2023-12-06 19:47:41,415 | INFO | hi-lo.gumbel-kernel : TOP-LEFT
tensor([[9.9966e-01, 1.6957e-04, 2.6780e-12],
        [1.6957e-04, 2.6780e-12, 7.2812e-29],
        [2.6780e-12, 7.2812e-29, 0.0000e+00]])
2023-12-06 19:48:05,493 | INFO | hi-lo : END EPOCH:  13 | ACCURACY: 1.56 | LOSS: 4.2161407470703125
2023-12-06 19:48:05,493 | INFO | hi-lo : BEGIN EPOCH 14 =========================================================================
2023-12-06 19:48:05,493 | INFO | hi-lo.kernel-accessor : Fetching kernel: gumbel
2023-12-06 19:48:05,494 | INFO | hi-lo.gumbel-kernel : MU (LOCATION): -0.027576705440878868 | BETA (SCALE): 0.5255823731422424
2023-12-06 19:48:05,494 | INFO | hi-lo.gumbel-kernel : TOP-LEFT
tensor([[9.9947e-01, 2.6444e-04, 1.4238e-23],
        [2.6444e-04, 1.4238e-23, 0.0000e+00],
        [1.4238e-23, 0.0000e+00, 0.0000e+00]])
2023-12-06 19:48:05,494 | INFO | hi-lo.kernel-accessor : Fetching kernel: gumbel
2023-12-06 19:48:05,495 | INFO | hi-lo.gumbel-kernel : MU (LOCATION): -0.7217851877212524 | BETA (SCALE): 0.9204099178314209
2023-12-06 19:48:05,495 | INFO | hi-lo.gumbel-kernel : TOP-RIGHT
tensor([[6.8066e-18, 2.7243e-05, 9.9995e-01],
        [0.0000e+00, 6.8065e-18, 2.7243e-05],
        [0.0000e+00, 0.0000e+00, 6.8066e-18]])
2023-12-06 19:48:05,495 | INFO | hi-lo.kernel-accessor : Fetching kernel: gumbel
2023-12-06 19:48:05,495 | INFO | hi-lo.gumbel-kernel : MU (LOCATION): -1.374956488609314 | BETA (SCALE): 1.7961220741271973
2023-12-06 19:48:05,496 | INFO | hi-lo.gumbel-kernel : TOP-RIGHT
tensor([[2.4828e-05, 1.7653e-02, 9.6462e-01],
        [3.9678e-10, 2.4828e-05, 1.7653e-02],
        [2.5644e-18, 3.9678e-10, 2.4828e-05]])
2023-12-06 19:48:05,496 | INFO | hi-lo.kernel-accessor : Fetching kernel: gumbel
2023-12-06 19:48:05,496 | INFO | hi-lo.gumbel-kernel : MU (LOCATION): -1.1256588697433472 | BETA (SCALE): 1.3412278890609741
2023-12-06 19:48:05,496 | INFO | hi-lo.gumbel-kernel : TOP-RIGHT
tensor([[2.1958e-09, 1.2523e-03, 9.9750e-01],
        [3.7001e-21, 2.1958e-09, 1.2523e-03],
        [0.0000e+00, 3.7001e-21, 2.1958e-09]])
2023-12-06 19:48:29,438 | INFO | hi-lo : END EPOCH:  14 | ACCURACY: 0.83 | LOSS: 4.035740375518799
2023-12-06 19:48:29,438 | INFO | hi-lo : BEGIN EPOCH 15 =========================================================================
2023-12-06 19:48:29,438 | INFO | hi-lo.kernel-accessor : Fetching kernel: gumbel
2023-12-06 19:48:29,438 | INFO | hi-lo.gumbel-kernel : MU (LOCATION): -0.09133410453796387 | BETA (SCALE): 0.5385230779647827
2023-12-06 19:48:29,439 | INFO | hi-lo.gumbel-kernel : TOP-LEFT
tensor([[9.9984e-01, 7.9207e-05, 9.8360e-27],
        [7.9207e-05, 9.8360e-27, 0.0000e+00],
        [9.8360e-27, 0.0000e+00, 0.0000e+00]])
2023-12-06 19:48:29,439 | INFO | hi-lo.kernel-accessor : Fetching kernel: gumbel
2023-12-06 19:48:29,439 | INFO | hi-lo.gumbel-kernel : MU (LOCATION): -0.7082558274269104 | BETA (SCALE): 1.0409636497497559
2023-12-06 19:48:29,439 | INFO | hi-lo.gumbel-kernel : TOP-RIGHT
tensor([[1.9624e-11, 7.0806e-04, 9.9858e-01],
        [1.6436e-30, 1.9624e-11, 7.0806e-04],
        [0.0000e+00, 1.6436e-30, 1.9624e-11]])
2023-12-06 19:48:29,439 | INFO | hi-lo.kernel-accessor : Fetching kernel: gumbel
2023-12-06 19:48:29,440 | INFO | hi-lo.gumbel-kernel : MU (LOCATION): -1.4361188411712646 | BETA (SCALE): 1.9542255401611328
2023-12-06 19:48:29,440 | INFO | hi-lo.gumbel-kernel : TOP-LEFT
tensor([[9.3801e-01, 3.0779e-02, 1.4498e-04],
        [3.0779e-02, 1.4498e-04, 2.6796e-08],
        [1.4498e-04, 2.6796e-08, 2.2336e-14]])
2023-12-06 19:48:29,440 | INFO | hi-lo.kernel-accessor : Fetching kernel: gumbel
2023-12-06 19:48:29,440 | INFO | hi-lo.gumbel-kernel : MU (LOCATION): -1.5336627960205078 | BETA (SCALE): 1.5536514520645142
2023-12-06 19:48:29,440 | INFO | hi-lo.gumbel-kernel : TOP-LEFT
tensor([[9.9843e-01, 7.8411e-04, 1.7256e-09],
        [7.8411e-04, 1.7256e-09, 5.2611e-20],
        [1.7256e-09, 5.2611e-20, 9.0280e-40]])
2023-12-06 19:48:53,454 | INFO | hi-lo : END EPOCH:  15 | ACCURACY: 1.56 | LOSS: 4.22440242767334
2023-12-06 19:48:53,454 | INFO | hi-lo : BEGIN EPOCH 16 =========================================================================
2023-12-06 19:48:53,454 | INFO | hi-lo.kernel-accessor : Fetching kernel: gumbel
2023-12-06 19:48:53,455 | INFO | hi-lo.gumbel-kernel : MU (LOCATION): 0.0016711832722648978 | BETA (SCALE): 0.538090705871582
2023-12-06 19:48:53,455 | INFO | hi-lo.gumbel-kernel : TOP-LEFT
tensor([[9.9857e-01, 7.1735e-04, 1.1560e-19],
        [7.1735e-04, 1.1560e-19, 0.0000e+00],
        [1.1560e-19, 0.0000e+00, 0.0000e+00]])
2023-12-06 19:48:53,456 | INFO | hi-lo.kernel-accessor : Fetching kernel: gumbel
2023-12-06 19:48:53,456 | INFO | hi-lo.gumbel-kernel : MU (LOCATION): -0.6925573945045471 | BETA (SCALE): 1.0795637369155884
2023-12-06 19:48:53,457 | INFO | hi-lo.gumbel-kernel : TOP-LEFT
tensor([[9.9678e-01, 1.6099e-03, 5.8968e-10],
        [1.6099e-03, 5.8968e-10, 1.3548e-25],
        [5.8968e-10, 1.3548e-25, 0.0000e+00]])
2023-12-06 19:48:53,457 | INFO | hi-lo.kernel-accessor : Fetching kernel: gumbel
2023-12-06 19:48:53,457 | INFO | hi-lo.gumbel-kernel : MU (LOCATION): 1 | BETA (SCALE): 1
2023-12-06 19:48:53,458 | INFO | hi-lo.gumbel-kernel : STATIC
tensor([[5.6765e-01, 1.6550e-01, 3.2357e-02],
        [1.6550e-01, 3.2357e-02, 2.1352e-03],
        [3.2357e-02, 2.1352e-03, 7.3562e-06]])
2023-12-06 19:48:53,458 | INFO | hi-lo.kernel-accessor : Fetching kernel: gumbel
2023-12-06 19:48:53,458 | INFO | hi-lo.gumbel-kernel : MU (LOCATION): 1 | BETA (SCALE): 1
2023-12-06 19:48:53,459 | INFO | hi-lo.gumbel-kernel : STATIC
tensor([[5.6765e-01, 1.6550e-01, 3.2357e-02],
        [1.6550e-01, 3.2357e-02, 2.1352e-03],
        [3.2357e-02, 2.1352e-03, 7.3562e-06]])
2023-12-06 19:49:17,635 | INFO | hi-lo : END EPOCH:  16 | ACCURACY: 1.79 | LOSS: 4.352137565612793
2023-12-06 19:49:17,635 | INFO | hi-lo : BEGIN EPOCH 17 =========================================================================
2023-12-06 19:49:17,635 | INFO | hi-lo.kernel-accessor : Fetching kernel: gumbel
2023-12-06 19:49:17,636 | INFO | hi-lo.gumbel-kernel : MU (LOCATION): -0.12257294356822968 | BETA (SCALE): 0.5045562386512756
2023-12-06 19:49:17,637 | INFO | hi-lo.gumbel-kernel : TOP-RIGHT
tensor([[6.4080e-39, 5.2732e-06, 9.9999e-01],
        [0.0000e+00, 6.4080e-39, 5.2732e-06],
        [0.0000e+00, 0.0000e+00, 6.4080e-39]])
2023-12-06 19:49:17,637 | INFO | hi-lo.kernel-accessor : Fetching kernel: gumbel
2023-12-06 19:49:17,637 | INFO | hi-lo.gumbel-kernel : MU (LOCATION): 1 | BETA (SCALE): 1
2023-12-06 19:49:17,638 | INFO | hi-lo.gumbel-kernel : STATIC
tensor([[5.6765e-01, 1.6550e-01, 3.2357e-02],
        [1.6550e-01, 3.2357e-02, 2.1352e-03],
        [3.2357e-02, 2.1352e-03, 7.3562e-06]])
2023-12-06 19:49:17,638 | INFO | hi-lo.kernel-accessor : Fetching kernel: gumbel
2023-12-06 19:49:17,639 | INFO | hi-lo.gumbel-kernel : MU (LOCATION): -1.037096619606018 | BETA (SCALE): 1.3669476509094238
2023-12-06 19:49:17,639 | INFO | hi-lo.gumbel-kernel : TOP-RIGHT
tensor([[6.1295e-08, 3.4964e-03, 9.9301e-01],
        [1.7585e-17, 6.1295e-08, 3.4964e-03],
        [5.7003e-37, 1.7585e-17, 6.1295e-08]])
2023-12-06 19:49:17,639 | INFO | hi-lo.kernel-accessor : Fetching kernel: gumbel
2023-12-06 19:49:17,640 | INFO | hi-lo.gumbel-kernel : MU (LOCATION): 1 | BETA (SCALE): 1
2023-12-06 19:49:17,640 | INFO | hi-lo.gumbel-kernel : STATIC
tensor([[5.6765e-01, 1.6550e-01, 3.2357e-02],
        [1.6550e-01, 3.2357e-02, 2.1352e-03],
        [3.2357e-02, 2.1352e-03, 7.3562e-06]])
2023-12-06 19:49:41,801 | INFO | hi-lo : END EPOCH:  17 | ACCURACY: 2.08 | LOSS: 4.498870372772217
2023-12-06 19:49:41,801 | INFO | hi-lo : BEGIN EPOCH 18 =========================================================================
2023-12-06 19:49:41,801 | INFO | hi-lo.kernel-accessor : Fetching kernel: gumbel
2023-12-06 19:49:41,802 | INFO | hi-lo.gumbel-kernel : MU (LOCATION): 1 | BETA (SCALE): 1
2023-12-06 19:49:41,803 | INFO | hi-lo.gumbel-kernel : STATIC
tensor([[5.6765e-01, 1.6550e-01, 3.2357e-02],
        [1.6550e-01, 3.2357e-02, 2.1352e-03],
        [3.2357e-02, 2.1352e-03, 7.3562e-06]])
2023-12-06 19:49:41,803 | INFO | hi-lo.kernel-accessor : Fetching kernel: gumbel
2023-12-06 19:49:41,803 | INFO | hi-lo.gumbel-kernel : MU (LOCATION): -0.6607815027236938 | BETA (SCALE): 0.9774172306060791
2023-12-06 19:49:41,804 | INFO | hi-lo.gumbel-kernel : TOP-RIGHT
tensor([[6.2890e-13, 3.6651e-04, 9.9927e-01],
        [1.6080e-36, 6.2890e-13, 3.6651e-04],
        [0.0000e+00, 1.6080e-36, 6.2890e-13]])
2023-12-06 19:49:41,804 | INFO | hi-lo.kernel-accessor : Fetching kernel: gumbel
2023-12-06 19:49:41,805 | INFO | hi-lo.gumbel-kernel : MU (LOCATION): 1 | BETA (SCALE): 1
2023-12-06 19:49:41,805 | INFO | hi-lo.gumbel-kernel : STATIC
tensor([[5.6765e-01, 1.6550e-01, 3.2357e-02],
        [1.6550e-01, 3.2357e-02, 2.1352e-03],
        [3.2357e-02, 2.1352e-03, 7.3562e-06]])
2023-12-06 19:49:41,805 | INFO | hi-lo.kernel-accessor : Fetching kernel: gumbel
2023-12-06 19:49:41,806 | INFO | hi-lo.gumbel-kernel : MU (LOCATION): -1.4594521522521973 | BETA (SCALE): 1.5331499576568604
2023-12-06 19:49:41,806 | INFO | hi-lo.gumbel-kernel : TOP-LEFT
tensor([[9.9783e-01, 1.0827e-03, 4.0139e-09],
        [1.0827e-03, 4.0139e-09, 2.7383e-19],
        [4.0139e-09, 2.7383e-19, 1.5163e-38]])
2023-12-06 19:50:05,969 | INFO | hi-lo : END EPOCH:  18 | ACCURACY: 0.52 | LOSS: 4.20064115524292
2023-12-06 19:50:05,969 | INFO | hi-lo : BEGIN EPOCH 19 =========================================================================
2023-12-06 19:50:05,969 | INFO | hi-lo.kernel-accessor : Fetching kernel: gumbel
2023-12-06 19:50:05,969 | INFO | hi-lo.gumbel-kernel : MU (LOCATION): -0.14371201395988464 | BETA (SCALE): 0.6144315004348755
2023-12-06 19:50:05,970 | INFO | hi-lo.gumbel-kernel : TOP-LEFT
tensor([[9.9943e-01, 2.8598e-04, 2.0312e-19],
        [2.8598e-04, 2.0312e-19, 0.0000e+00],
        [2.0312e-19, 0.0000e+00, 0.0000e+00]])
2023-12-06 19:50:05,970 | INFO | hi-lo.kernel-accessor : Fetching kernel: gumbel
2023-12-06 19:50:05,970 | INFO | hi-lo.gumbel-kernel : MU (LOCATION): 1 | BETA (SCALE): 1
2023-12-06 19:50:05,970 | INFO | hi-lo.gumbel-kernel : STATIC
tensor([[5.6765e-01, 1.6550e-01, 3.2357e-02],
        [1.6550e-01, 3.2357e-02, 2.1352e-03],
        [3.2357e-02, 2.1352e-03, 7.3562e-06]])
2023-12-06 19:50:05,970 | INFO | hi-lo.kernel-accessor : Fetching kernel: gumbel
2023-12-06 19:50:05,970 | INFO | hi-lo.gumbel-kernel : MU (LOCATION): 1 | BETA (SCALE): 1
2023-12-06 19:50:05,971 | INFO | hi-lo.gumbel-kernel : STATIC
tensor([[5.6765e-01, 1.6550e-01, 3.2357e-02],
        [1.6550e-01, 3.2357e-02, 2.1352e-03],
        [3.2357e-02, 2.1352e-03, 7.3562e-06]])
2023-12-06 19:50:05,971 | INFO | hi-lo.kernel-accessor : Fetching kernel: gumbel
2023-12-06 19:50:05,971 | INFO | hi-lo.gumbel-kernel : MU (LOCATION): -1.0232692956924438 | BETA (SCALE): 1.3140965700149536
2023-12-06 19:50:05,971 | INFO | hi-lo.gumbel-kernel : TOP-RIGHT
tensor([[9.0217e-09, 2.0752e-03, 9.9585e-01],
        [7.1781e-20, 9.0217e-09, 2.0752e-03],
        [0.0000e+00, 7.1781e-20, 9.0217e-09]])
2023-12-06 19:50:30,067 | INFO | hi-lo : END EPOCH:  19 | ACCURACY: 0.73 | LOSS: 4.569682598114014
2023-12-06 19:50:30,067 | INFO | hi-lo : BEGIN EPOCH 20 =========================================================================
2023-12-06 19:50:30,068 | INFO | hi-lo.kernel-accessor : Fetching kernel: gumbel
2023-12-06 19:50:30,068 | INFO | hi-lo.gumbel-kernel : MU (LOCATION): -0.15898260474205017 | BETA (SCALE): 0.4966413974761963
2023-12-06 19:50:30,069 | INFO | hi-lo.gumbel-kernel : TOP-RIGHT
tensor([[0.0000e+00, 6.0145e-07, 1.0000e+00],
        [0.0000e+00, 0.0000e+00, 6.0145e-07],
        [0.0000e+00, 0.0000e+00, 0.0000e+00]])
2023-12-06 19:50:30,069 | INFO | hi-lo.kernel-accessor : Fetching kernel: gumbel
2023-12-06 19:50:30,070 | INFO | hi-lo.gumbel-kernel : MU (LOCATION): -0.6544463634490967 | BETA (SCALE): 1.0712957382202148
2023-12-06 19:50:30,070 | INFO | hi-lo.gumbel-kernel : TOP-LEFT
tensor([[9.9584e-01, 2.0823e-03, 1.3462e-09],
        [2.0823e-03, 1.3462e-09, 1.0313e-24],
        [1.3462e-09, 1.0313e-24, 0.0000e+00]])
2023-12-06 19:50:30,070 | INFO | hi-lo.kernel-accessor : Fetching kernel: gumbel
2023-12-06 19:50:30,071 | INFO | hi-lo.gumbel-kernel : MU (LOCATION): -1.7469658851623535 | BETA (SCALE): 2.344191312789917
2023-12-06 19:50:30,071 | INFO | hi-lo.gumbel-kernel : TOP-RIGHT
tensor([[9.5672e-04, 5.4627e-02, 8.8787e-01],
        [2.4444e-06, 9.5672e-04, 5.4627e-02],
        [3.2719e-10, 2.4444e-06, 9.5672e-04]])
2023-12-06 19:50:30,071 | INFO | hi-lo.kernel-accessor : Fetching kernel: gumbel
2023-12-06 19:50:30,072 | INFO | hi-lo.gumbel-kernel : MU (LOCATION): -1.16440749168396 | BETA (SCALE): 1.4646239280700684
2023-12-06 19:50:30,072 | INFO | hi-lo.gumbel-kernel : TOP-RIGHT
tensor([[1.5455e-07, 4.1125e-03, 9.9177e-01],
        [5.2578e-16, 1.5455e-07, 4.1125e-03],
        [1.7763e-32, 5.2578e-16, 1.5455e-07]])
2023-12-06 19:50:54,244 | INFO | hi-lo : END EPOCH:  20 | ACCURACY: 1.56 | LOSS: 4.481136798858643
2023-12-06 19:50:54,244 | INFO | hi-lo : BEGIN EPOCH 21 =========================================================================
2023-12-06 19:50:54,244 | INFO | hi-lo.kernel-accessor : Fetching kernel: gumbel
2023-12-06 19:50:54,245 | INFO | hi-lo.gumbel-kernel : MU (LOCATION): -0.10774753987789154 | BETA (SCALE): 0.5195167660713196
2023-12-06 19:50:54,245 | INFO | hi-lo.gumbel-kernel : TOP-LEFT
tensor([[9.9996e-01, 2.0633e-05, 1.2405e-32],
        [2.0633e-05, 1.2405e-32, 0.0000e+00],
        [1.2405e-32, 0.0000e+00, 0.0000e+00]])
2023-12-06 19:50:54,245 | INFO | hi-lo.kernel-accessor : Fetching kernel: gumbel
2023-12-06 19:50:54,246 | INFO | hi-lo.gumbel-kernel : MU (LOCATION): -0.7111597061157227 | BETA (SCALE): 0.9433736205101013
2023-12-06 19:50:54,246 | INFO | hi-lo.gumbel-kernel : TOP-LEFT
tensor([[9.9986e-01, 6.9102e-05, 5.0008e-16],
        [6.9102e-05, 5.0008e-16, 0.0000e+00],
        [5.0008e-16, 0.0000e+00, 0.0000e+00]])
2023-12-06 19:50:54,246 | INFO | hi-lo.kernel-accessor : Fetching kernel: gumbel
2023-12-06 19:50:54,247 | INFO | hi-lo.gumbel-kernel : MU (LOCATION): -1.1842962503433228 | BETA (SCALE): 1.6307945251464844
2023-12-06 19:50:54,247 | INFO | hi-lo.gumbel-kernel : TOP-RIGHT
tensor([[9.6412e-06, 1.4142e-02, 9.7169e-01],
        [2.3087e-11, 9.6412e-06, 1.4142e-02],
        [1.6254e-21, 2.3087e-11, 9.6412e-06]])
2023-12-06 19:50:54,247 | INFO | hi-lo.kernel-accessor : Fetching kernel: gumbel
