2023-10-24 12:27:09,993 | INFO | hi-lo : 
+=========================================================================+
|  ______     ______   ______    ___         ___        ______   _______  |
| /| ___ \  // ____ \ /| ___ \  /| |        /| |      // ____ \ /| ___  \ |
| /| |//\ \ /| |//| | /| |//\ \ /| |        /| |      /| |//| | /| |//| | |
| /| | /| | /| ____ | /| | /| | /| |        /| |      /| ____ | /| ___  / |
| /| |_// / /| |//| | /| |_// / /| |____    /| |____  /| |//| | /| |//\ \ |
| /|_____/  /|_| /|_| /|_____/  /|______|   /|______| /|_| /|_| /|______/ |
| ///////   ///  ///  //////    ////////    ////////  ///  ///  ////////  |
+=========================================================================+
|                  Hi-Lo Resolution Image Classification                  |
|                  -------------------------------------                  |
|                            Gabriel C. Trahan                            |
|                               Sahan Ahmad                               |
|                            MD  Aminual Islam                            |
+=========================================================================+
| MODEL:                      normal | LR:                            0.1 |
| DISTRO:                   gaussian | KERNEL TYPE:                     1 |
| DATASET:                  imagenet | BATCH SIZE:                     64 |
+=========================================================================+
2023-10-24 12:27:09,993 | INFO | hi-lo : Output directory: output/gaussian//1/normal/imagenet/20231024_122709
2023-10-24 12:27:09,993 | INFO | hi-lo.dataset-accessor : Fetching dataset: imagenet
2023-10-24 12:27:09,993 | INFO | hi-lo.imagenet-dataset : Initializing transform.
2023-10-24 12:27:09,993 | INFO | hi-lo.imagenet-dataset : Verifying/downloading train data.
2023-10-24 12:27:13,074 | INFO | hi-lo.imagenet-dataset : Verifying/downloading test data.
2023-10-24 12:27:13,105 | INFO | hi-lo.imagenet-dataset : Creating train data loader.
2023-10-24 12:27:13,105 | INFO | hi-lo.imagenet-dataset : Creating test data loader.
2023-10-24 12:27:14,130 | INFO | hi-lo : Using device: NVIDIA GeForce GTX 1060 6GB
2023-10-24 12:27:14,130 | INFO | hi-lo : Commencing training phase...
2023-10-24 12:27:14,131 | INFO | hi-lo : BEGIN EPOCH 1 =========================================================================
2023-10-24 12:27:14,131 | INFO | hi-lo.kernel-accessor : Fetching kernel: gaussian
2023-10-24 12:27:14,132 | INFO | hi-lo.gaussian-kernel : MU (LOCATION): 0.0 | SIGMA (SCALE): 1.0 | VARIANCE: 1.0
2023-10-24 12:27:14,132 | INFO | hi-lo.gaussian-kernel : BOTTOM-RIGHT
tensor([[0.0060, 0.0271, 0.0446],
        [0.0271, 0.1212, 0.1999],
        [0.0446, 0.1999, 0.3296]])
2023-10-24 12:27:14,132 | INFO | hi-lo.kernel-accessor : Fetching kernel: gaussian
2023-10-24 12:27:14,133 | INFO | hi-lo.gaussian-kernel : MU (LOCATION): 0.0 | SIGMA (SCALE): 1.0 | VARIANCE: 1.0
2023-10-24 12:27:14,133 | INFO | hi-lo.gaussian-kernel : TOP-LEFT
tensor([[0.3296, 0.1999, 0.0446],
        [0.1999, 0.1212, 0.0271],
        [0.0446, 0.0271, 0.0060]])
2023-10-24 12:27:14,133 | INFO | hi-lo.kernel-accessor : Fetching kernel: gaussian
2023-10-24 12:27:14,133 | INFO | hi-lo.gaussian-kernel : MU (LOCATION): 0.0 | SIGMA (SCALE): 1.0 | VARIANCE: 1.0
2023-10-24 12:27:14,133 | INFO | hi-lo.gaussian-kernel : BOTTOM-RIGHT
tensor([[0.0060, 0.0271, 0.0446],
        [0.0271, 0.1212, 0.1999],
        [0.0446, 0.1999, 0.3296]])
2023-10-24 12:27:14,133 | INFO | hi-lo.kernel-accessor : Fetching kernel: gaussian
2023-10-24 12:27:14,134 | INFO | hi-lo.gaussian-kernel : MU (LOCATION): 0.0 | SIGMA (SCALE): 1.0 | VARIANCE: 1.0
2023-10-24 12:27:14,134 | INFO | hi-lo.gaussian-kernel : BOTTOM-RIGHT
tensor([[0.0060, 0.0271, 0.0446],
        [0.0271, 0.1212, 0.1999],
        [0.0446, 0.1999, 0.3296]])
2023-10-24 12:27:38,961 | INFO | hi-lo : END EPOCH:   1 | ACCURACY: 0.26 | LOSS: 4.6526007652282715
2023-10-24 12:27:38,961 | INFO | hi-lo : BEGIN EPOCH 2 =========================================================================
2023-10-24 12:27:38,961 | INFO | hi-lo.kernel-accessor : Fetching kernel: gaussian
2023-10-24 12:27:38,962 | INFO | hi-lo.gaussian-kernel : MU (LOCATION): -0.1847630739212036 | SIGMA (SCALE): 0.4937886595726013 | VARIANCE: 0.24382724032250636
2023-10-24 12:27:38,962 | INFO | hi-lo.gaussian-kernel : TOP-LEFT
tensor([[8.8939e-01, 5.3632e-02, 5.3530e-05],
        [5.3632e-02, 3.2341e-03, 3.2279e-06],
        [5.3530e-05, 3.2279e-06, 3.2218e-09]])
2023-10-24 12:27:38,962 | INFO | hi-lo.kernel-accessor : Fetching kernel: gaussian
2023-10-24 12:27:38,963 | INFO | hi-lo.gaussian-kernel : MU (LOCATION): -0.34333211183547974 | SIGMA (SCALE): 0.6196021437644958 | VARIANCE: 0.383906816557559
2023-10-24 12:27:38,963 | INFO | hi-lo.gaussian-kernel : BOTTOM-RIGHT
tensor([[6.7476e-07, 8.2114e-05, 7.3865e-04],
        [8.2114e-05, 9.9928e-03, 8.9889e-02],
        [7.3865e-04, 8.9889e-02, 8.0859e-01]])
2023-10-24 12:27:38,963 | INFO | hi-lo.kernel-accessor : Fetching kernel: gaussian
2023-10-24 12:27:38,964 | INFO | hi-lo.gaussian-kernel : MU (LOCATION): -0.2921004295349121 | SIGMA (SCALE): 0.769408643245697 | VARIANCE: 0.5919896603011843
2023-10-24 12:27:38,964 | INFO | hi-lo.gaussian-kernel : TOP-LEFT
tensor([[6.1508e-01, 1.6137e-01, 7.8183e-03],
        [1.6137e-01, 4.2338e-02, 2.0512e-03],
        [7.8183e-03, 2.0512e-03, 9.9379e-05]])
2023-10-24 12:27:38,964 | INFO | hi-lo.kernel-accessor : Fetching kernel: gaussian
2023-10-24 12:27:38,965 | INFO | hi-lo.gaussian-kernel : MU (LOCATION): -0.5474827885627747 | SIGMA (SCALE): 1.2806735038757324 | VARIANCE: 1.6401246235293456
2023-10-24 12:27:38,965 | INFO | hi-lo.gaussian-kernel : TOP-LEFT
tensor([[0.3545, 0.1872, 0.0537],
        [0.1872, 0.0988, 0.0284],
        [0.0537, 0.0284, 0.0081]])
2023-10-24 12:28:03,002 | INFO | hi-lo : END EPOCH:   2 | ACCURACY: 0.78 | LOSS: 4.533565521240234
2023-10-24 12:28:03,002 | INFO | hi-lo : BEGIN EPOCH 3 =========================================================================
2023-10-24 12:28:03,003 | INFO | hi-lo.kernel-accessor : Fetching kernel: gaussian
2023-10-24 12:28:03,003 | INFO | hi-lo.gaussian-kernel : MU (LOCATION): -0.23183052241802216 | SIGMA (SCALE): 0.4917686879634857 | VARIANCE: 0.24183644246132818
2023-10-24 12:28:03,004 | INFO | hi-lo.gaussian-kernel : TOP-LEFT
tensor([[9.0956e-01, 4.4116e-02, 3.4241e-05],
        [4.4116e-02, 2.1397e-03, 1.6608e-06],
        [3.4241e-05, 1.6608e-06, 1.2890e-09]])
2023-10-24 12:28:03,004 | INFO | hi-lo.kernel-accessor : Fetching kernel: gaussian
2023-10-24 12:28:03,005 | INFO | hi-lo.gaussian-kernel : MU (LOCATION): -0.4954840838909149 | SIGMA (SCALE): 0.849610447883606 | VARIANCE: 0.7218379131529815
2023-10-24 12:28:03,005 | INFO | hi-lo.gaussian-kernel : TOP-LEFT
tensor([[6.2228e-01, 1.5669e-01, 9.8734e-03],
        [1.5669e-01, 3.9456e-02, 2.4862e-03],
        [9.8734e-03, 2.4862e-03, 1.5666e-04]])
2023-10-24 12:28:03,005 | INFO | hi-lo.kernel-accessor : Fetching kernel: gaussian
2023-10-24 12:28:03,006 | INFO | hi-lo.gaussian-kernel : MU (LOCATION): -1.2893781661987305 | SIGMA (SCALE): 1.7515449523925781 | VARIANCE: 3.0679097202519188
2023-10-24 12:28:03,006 | INFO | hi-lo.gaussian-kernel : BOTTOM-RIGHT
tensor([[0.0159, 0.0395, 0.0707],
        [0.0395, 0.0980, 0.1756],
        [0.0707, 0.1756, 0.3146]])
2023-10-24 12:28:03,006 | INFO | hi-lo.kernel-accessor : Fetching kernel: gaussian
2023-10-24 12:28:03,007 | INFO | hi-lo.gaussian-kernel : MU (LOCATION): -0.7591108083724976 | SIGMA (SCALE): 1.3573439121246338 | VARIANCE: 1.8423824957818056
2023-10-24 12:28:03,007 | INFO | hi-lo.gaussian-kernel : BOTTOM-RIGHT
tensor([[0.0080, 0.0274, 0.0542],
        [0.0274, 0.0933, 0.1848],
        [0.0542, 0.1848, 0.3660]])
2023-10-24 12:28:27,206 | INFO | hi-lo : END EPOCH:   3 | ACCURACY: 3.12 | LOSS: 4.494943618774414
2023-10-24 12:28:27,207 | INFO | hi-lo : BEGIN EPOCH 4 =========================================================================
2023-10-24 12:28:27,207 | INFO | hi-lo.kernel-accessor : Fetching kernel: gaussian
2023-10-24 12:28:27,207 | INFO | hi-lo.gaussian-kernel : MU (LOCATION): -0.20731064677238464 | SIGMA (SCALE): 0.5017337799072266 | VARIANCE: 0.25173678589999327
2023-10-24 12:28:27,208 | INFO | hi-lo.gaussian-kernel : TOP-LEFT
tensor([[8.8951e-01, 5.3568e-02, 6.0738e-05],
        [5.3568e-02, 3.2259e-03, 3.6578e-06],
        [6.0738e-05, 3.6578e-06, 4.1474e-09]])
2023-10-24 12:28:27,208 | INFO | hi-lo.kernel-accessor : Fetching kernel: gaussian
2023-10-24 12:28:27,209 | INFO | hi-lo.gaussian-kernel : MU (LOCATION): -0.5953375101089478 | SIGMA (SCALE): 0.9423078298568726 | VARIANCE: 0.8879440462095687
2023-10-24 12:28:27,209 | INFO | hi-lo.gaussian-kernel : BOTTOM-RIGHT
tensor([[4.3505e-04, 4.6065e-03, 1.5816e-02],
        [4.6065e-03, 4.8776e-02, 1.6747e-01],
        [1.5816e-02, 1.6747e-01, 5.7500e-01]])
2023-10-24 12:28:27,209 | INFO | hi-lo.kernel-accessor : Fetching kernel: gaussian
2023-10-24 12:28:27,210 | INFO | hi-lo.gaussian-kernel : MU (LOCATION): -1.1952170133590698 | SIGMA (SCALE): 2.1890926361083984 | VARIANCE: 4.792126569464017
2023-10-24 12:28:27,210 | INFO | hi-lo.gaussian-kernel : TOP-LEFT
tensor([[0.2263, 0.1589, 0.0905],
        [0.1589, 0.1115, 0.0636],
        [0.0905, 0.0636, 0.0362]])
2023-10-24 12:28:27,210 | INFO | hi-lo.kernel-accessor : Fetching kernel: gaussian
2023-10-24 12:28:27,211 | INFO | hi-lo.gaussian-kernel : MU (LOCATION): -0.9314919114112854 | SIGMA (SCALE): 1.5635697841644287 | VARIANCE: 2.444750469951998
2023-10-24 12:28:27,211 | INFO | hi-lo.gaussian-kernel : BOTTOM-RIGHT
tensor([[0.0137, 0.0369, 0.0663],
        [0.0369, 0.0998, 0.1792],
        [0.0663, 0.1792, 0.3218]])
2023-10-24 12:28:51,320 | INFO | hi-lo : END EPOCH:   4 | ACCURACY: 4.17 | LOSS: 4.192652225494385
2023-10-24 12:28:51,320 | INFO | hi-lo : BEGIN EPOCH 5 =========================================================================
2023-10-24 12:28:51,320 | INFO | hi-lo.kernel-accessor : Fetching kernel: gaussian
2023-10-24 12:28:51,321 | INFO | hi-lo.gaussian-kernel : MU (LOCATION): -0.008166885003447533 | SIGMA (SCALE): 0.53656405210495 | VARIANCE: 0.28790098201128345
2023-10-24 12:28:51,321 | INFO | hi-lo.gaussian-kernel : TOP-LEFT
tensor([[7.2792e-01, 1.2460e-01, 6.6141e-04],
        [1.2460e-01, 2.1328e-02, 1.1322e-04],
        [6.6141e-04, 1.1322e-04, 6.0098e-07]])
2023-10-24 12:28:51,321 | INFO | hi-lo.kernel-accessor : Fetching kernel: gaussian
2023-10-24 12:28:51,322 | INFO | hi-lo.gaussian-kernel : MU (LOCATION): -0.6278783082962036 | SIGMA (SCALE): 0.9647589921951294 | VARIANCE: 0.9307599130213617
2023-10-24 12:28:51,322 | INFO | hi-lo.gaussian-kernel : TOP-LEFT
tensor([[5.6709e-01, 1.6880e-01, 1.7160e-02],
        [1.6880e-01, 5.0247e-02, 5.1079e-03],
        [1.7160e-02, 5.1079e-03, 5.1924e-04]])
2023-10-24 12:28:51,322 | INFO | hi-lo.kernel-accessor : Fetching kernel: gaussian
2023-10-24 12:28:51,323 | INFO | hi-lo.gaussian-kernel : MU (LOCATION): -1.1556142568588257 | SIGMA (SCALE): 1.8217206001281738 | VARIANCE: 3.318665944931354
2023-10-24 12:28:51,323 | INFO | hi-lo.gaussian-kernel : TOP-LEFT
tensor([[0.2829, 0.1718, 0.0772],
        [0.1718, 0.1043, 0.0469],
        [0.0772, 0.0469, 0.0211]])
2023-10-24 12:28:51,323 | INFO | hi-lo.kernel-accessor : Fetching kernel: gaussian
2023-10-24 12:28:51,324 | INFO | hi-lo.gaussian-kernel : MU (LOCATION): -1.1123652458190918 | SIGMA (SCALE): 1.9101102352142334 | VARIANCE: 3.648521110670174
2023-10-24 12:28:51,324 | INFO | hi-lo.gaussian-kernel : BOTTOM-RIGHT
tensor([[0.0258, 0.0527, 0.0820],
        [0.0527, 0.1079, 0.1679],
        [0.0820, 0.1679, 0.2611]])
2023-10-24 12:29:15,422 | INFO | hi-lo : END EPOCH:   5 | ACCURACY: 0.66 | LOSS: 4.777198314666748
2023-10-24 12:29:15,422 | INFO | hi-lo : BEGIN EPOCH 6 =========================================================================
2023-10-24 12:29:15,423 | INFO | hi-lo.kernel-accessor : Fetching kernel: gaussian
2023-10-24 12:29:15,423 | INFO | hi-lo.gaussian-kernel : MU (LOCATION): -0.09200190752744675 | SIGMA (SCALE): 0.5223020315170288 | VARIANCE: 0.27279941212681535
2023-10-24 12:29:15,423 | INFO | hi-lo.gaussian-kernel : TOP-LEFT
tensor([[8.0508e-01, 9.1913e-02, 2.6849e-04],
        [9.1913e-02, 1.0493e-02, 3.0652e-05],
        [2.6849e-04, 3.0652e-05, 8.9538e-08]])
2023-10-24 12:29:15,423 | INFO | hi-lo.kernel-accessor : Fetching kernel: gaussian
2023-10-24 12:29:15,424 | INFO | hi-lo.gaussian-kernel : MU (LOCATION): -0.6171225309371948 | SIGMA (SCALE): 0.8926173448562622 | VARIANCE: 0.7967657243382433
2023-10-24 12:29:15,424 | INFO | hi-lo.gaussian-kernel : TOP-LEFT
tensor([[6.2655e-01, 1.5418e-01, 1.0816e-02],
        [1.5418e-01, 3.7943e-02, 2.6616e-03],
        [1.0816e-02, 2.6616e-03, 1.8671e-04]])
2023-10-24 12:29:15,424 | INFO | hi-lo.kernel-accessor : Fetching kernel: gaussian
2023-10-24 12:29:15,424 | INFO | hi-lo.gaussian-kernel : MU (LOCATION): -1.0486981868743896 | SIGMA (SCALE): 1.5429167747497559 | VARIANCE: 2.380592173804189
2023-10-24 12:29:15,424 | INFO | hi-lo.gaussian-kernel : TOP-LEFT
tensor([[0.3458, 0.1804, 0.0618],
        [0.1804, 0.0941, 0.0323],
        [0.0618, 0.0323, 0.0111]])
2023-10-24 12:29:15,424 | INFO | hi-lo.kernel-accessor : Fetching kernel: gaussian
2023-10-24 12:29:15,425 | INFO | hi-lo.gaussian-kernel : MU (LOCATION): -0.8382429480552673 | SIGMA (SCALE): 1.4649569988250732 | VARIANCE: 2.1460990084065656
2023-10-24 12:29:15,425 | INFO | hi-lo.gaussian-kernel : BOTTOM-RIGHT
tensor([[0.0110, 0.0328, 0.0612],
        [0.0328, 0.0975, 0.1820],
        [0.0612, 0.1820, 0.3395]])
2023-10-24 12:29:39,562 | INFO | hi-lo : END EPOCH:   6 | ACCURACY: 1.56 | LOSS: 3.8752713203430176
2023-10-24 12:29:39,562 | INFO | hi-lo : BEGIN EPOCH 7 =========================================================================
2023-10-24 12:29:39,562 | INFO | hi-lo.kernel-accessor : Fetching kernel: gaussian
2023-10-24 12:29:39,563 | INFO | hi-lo.gaussian-kernel : MU (LOCATION): -0.14656862616539001 | SIGMA (SCALE): 0.4916680157184601 | VARIANCE: 0.2417374376805279
2023-10-24 12:29:39,564 | INFO | hi-lo.gaussian-kernel : BOTTOM-RIGHT
tensor([[5.0414e-09, 4.5782e-06, 6.6419e-05],
        [4.5782e-06, 4.1577e-03, 6.0318e-02],
        [6.6419e-05, 6.0318e-02, 8.7507e-01]])
2023-10-24 12:29:39,564 | INFO | hi-lo.kernel-accessor : Fetching kernel: gaussian
2023-10-24 12:29:39,564 | INFO | hi-lo.gaussian-kernel : MU (LOCATION): -0.6674240827560425 | SIGMA (SCALE): 0.9397505521774292 | VARIANCE: 0.8831311003177831
2023-10-24 12:29:39,565 | INFO | hi-lo.gaussian-kernel : TOP-LEFT
tensor([[6.0136e-01, 1.6034e-01, 1.3777e-02],
        [1.6034e-01, 4.2750e-02, 3.6734e-03],
        [1.3777e-02, 3.6734e-03, 3.1565e-04]])
2023-10-24 12:29:39,565 | INFO | hi-lo.kernel-accessor : Fetching kernel: gaussian
2023-10-24 12:29:39,565 | INFO | hi-lo.gaussian-kernel : MU (LOCATION): -1.2104759216308594 | SIGMA (SCALE): 1.731444001197815 | VARIANCE: 2.997898329283899
2023-10-24 12:29:39,566 | INFO | hi-lo.gaussian-kernel : BOTTOM-RIGHT
tensor([[0.0163, 0.0402, 0.0711],
        [0.0402, 0.0993, 0.1756],
        [0.0711, 0.1756, 0.3107]])
2023-10-24 12:29:39,566 | INFO | hi-lo.kernel-accessor : Fetching kernel: gaussian
2023-10-24 12:29:39,566 | INFO | hi-lo.gaussian-kernel : MU (LOCATION): -0.6963557004928589 | SIGMA (SCALE): 1.2382344007492065 | VARIANCE: 1.5332244311987466
2023-10-24 12:29:39,567 | INFO | hi-lo.gaussian-kernel : BOTTOM-RIGHT
tensor([[0.0049, 0.0204, 0.0445],
        [0.0204, 0.0855, 0.1865],
        [0.0445, 0.1865, 0.4069]])
2023-10-24 12:30:03,728 | INFO | hi-lo : END EPOCH:   7 | ACCURACY: 0.78 | LOSS: 4.300690174102783
2023-10-24 12:30:03,728 | INFO | hi-lo : BEGIN EPOCH 8 =========================================================================
2023-10-24 12:30:03,728 | INFO | hi-lo.kernel-accessor : Fetching kernel: gaussian
2023-10-24 12:30:03,729 | INFO | hi-lo.gaussian-kernel : MU (LOCATION): -0.06925230473279953 | SIGMA (SCALE): 0.5039560198783875 | VARIANCE: 0.25397166997166565
2023-10-24 12:30:03,729 | INFO | hi-lo.gaussian-kernel : TOP-LEFT
tensor([[8.1672e-01, 8.6825e-02, 1.7997e-04],
        [8.6825e-02, 9.2303e-03, 1.9133e-05],
        [1.7997e-04, 1.9133e-05, 3.9659e-08]])
2023-10-24 12:30:03,729 | INFO | hi-lo.kernel-accessor : Fetching kernel: gaussian
2023-10-24 12:30:03,730 | INFO | hi-lo.gaussian-kernel : MU (LOCATION): -0.6454864144325256 | SIGMA (SCALE): 1.0360050201416016 | VARIANCE: 1.0733064017586003
2023-10-24 12:30:03,730 | INFO | hi-lo.gaussian-kernel : BOTTOM-RIGHT
tensor([[0.0011, 0.0083, 0.0241],
        [0.0083, 0.0612, 0.1779],
        [0.0241, 0.1779, 0.5172]])
2023-10-24 12:30:03,730 | INFO | hi-lo.kernel-accessor : Fetching kernel: gaussian
2023-10-24 12:30:03,731 | INFO | hi-lo.gaussian-kernel : MU (LOCATION): -1.3636374473571777 | SIGMA (SCALE): 2.044532060623169 | VARIANCE: 4.180111346916021
2023-10-24 12:30:03,731 | INFO | hi-lo.gaussian-kernel : TOP-LEFT
tensor([[0.2595, 0.1662, 0.0838],
        [0.1662, 0.1064, 0.0536],
        [0.0838, 0.0536, 0.0270]])
2023-10-24 12:30:03,732 | INFO | hi-lo.kernel-accessor : Fetching kernel: gaussian
2023-10-24 12:30:03,732 | INFO | hi-lo.gaussian-kernel : MU (LOCATION): -0.8763163089752197 | SIGMA (SCALE): 1.5233136415481567 | VARIANCE: 2.320484450526706
2023-10-24 12:30:03,732 | INFO | hi-lo.gaussian-kernel : BOTTOM-RIGHT
tensor([[0.0128, 0.0358, 0.0647],
        [0.0358, 0.0996, 0.1802],
        [0.0647, 0.1802, 0.3261]])
2023-10-24 12:30:27,895 | INFO | hi-lo : END EPOCH:   8 | ACCURACY: 0.02 | LOSS: 3.8392438888549805
2023-10-24 12:30:27,895 | INFO | hi-lo : BEGIN EPOCH 9 =========================================================================
2023-10-24 12:30:27,895 | INFO | hi-lo.kernel-accessor : Fetching kernel: gaussian
2023-10-24 12:30:27,896 | INFO | hi-lo.gaussian-kernel : MU (LOCATION): -0.02134186401963234 | SIGMA (SCALE): 0.5061147212982178 | VARIANCE: 0.25615211111477265
2023-10-24 12:30:27,896 | INFO | hi-lo.gaussian-kernel : TOP-LEFT
tensor([[7.8178e-01, 1.0213e-01, 2.6903e-04],
        [1.0213e-01, 1.3343e-02, 3.5147e-05],
        [2.6903e-04, 3.5147e-05, 9.2582e-08]])
2023-10-24 12:30:27,896 | INFO | hi-lo.kernel-accessor : Fetching kernel: gaussian
2023-10-24 12:30:27,897 | INFO | hi-lo.gaussian-kernel : MU (LOCATION): -0.6648173332214355 | SIGMA (SCALE): 0.8915187120437622 | VARIANCE: 0.7948056139241686
2023-10-24 12:30:27,897 | INFO | hi-lo.gaussian-kernel : TOP-LEFT
tensor([[6.4400e-01, 1.4873e-01, 9.7616e-03],
        [1.4873e-01, 3.4351e-02, 2.2545e-03],
        [9.7616e-03, 2.2545e-03, 1.4796e-04]])
2023-10-24 12:30:27,897 | INFO | hi-lo.kernel-accessor : Fetching kernel: gaussian
2023-10-24 12:30:27,897 | INFO | hi-lo.gaussian-kernel : MU (LOCATION): -1.0038679838180542 | SIGMA (SCALE): 1.608691930770874 | VARIANCE: 2.5878897281273225
2023-10-24 12:30:27,898 | INFO | hi-lo.gaussian-kernel : TOP-LEFT
tensor([[0.3185, 0.1782, 0.0677],
        [0.1782, 0.0996, 0.0379],
        [0.0677, 0.0379, 0.0144]])
2023-10-24 12:30:27,898 | INFO | hi-lo.kernel-accessor : Fetching kernel: gaussian
2023-10-24 12:30:27,898 | INFO | hi-lo.gaussian-kernel : MU (LOCATION): -0.932680606842041 | SIGMA (SCALE): 1.5643101930618286 | VARIANCE: 2.4470663801171355
2023-10-24 12:30:27,899 | INFO | hi-lo.gaussian-kernel : BOTTOM-RIGHT
tensor([[0.0137, 0.0369, 0.0663],
        [0.0369, 0.0998, 0.1792],
        [0.0663, 0.1792, 0.3218]])
2023-10-24 12:30:52,042 | INFO | hi-lo : END EPOCH:   9 | ACCURACY: 0.12 | LOSS: 4.224002361297607
2023-10-24 12:30:52,042 | INFO | hi-lo : BEGIN EPOCH 10 =========================================================================
2023-10-24 12:30:52,042 | INFO | hi-lo.kernel-accessor : Fetching kernel: gaussian
2023-10-24 12:30:52,043 | INFO | hi-lo.gaussian-kernel : MU (LOCATION): -0.0825648307800293 | SIGMA (SCALE): 0.49494194984436035 | VARIANCE: 0.24496753371573732
2023-10-24 12:30:52,043 | INFO | hi-lo.gaussian-kernel : TOP-LEFT
tensor([[8.3727e-01, 7.7635e-02, 1.2145e-04],
        [7.7635e-02, 7.1986e-03, 1.1261e-05],
        [1.2145e-04, 1.1261e-05, 1.7616e-08]])
2023-10-24 12:30:52,043 | INFO | hi-lo.kernel-accessor : Fetching kernel: gaussian
2023-10-24 12:30:52,044 | INFO | hi-lo.gaussian-kernel : MU (LOCATION): -0.652638852596283 | SIGMA (SCALE): 0.9543013572692871 | VARIANCE: 0.9106910804860036
2023-10-24 12:30:52,044 | INFO | hi-lo.gaussian-kernel : BOTTOM-RIGHT
tensor([[4.1108e-04, 4.3701e-03, 1.5494e-02],
        [4.3701e-03, 4.6457e-02, 1.6471e-01],
        [1.5494e-02, 1.6471e-01, 5.8398e-01]])
2023-10-24 12:30:52,044 | INFO | hi-lo.kernel-accessor : Fetching kernel: gaussian
2023-10-24 12:30:52,044 | INFO | hi-lo.gaussian-kernel : MU (LOCATION): -1.1647250652313232 | SIGMA (SCALE): 1.7963225841522217 | VARIANCE: 3.2267748263353155
2023-10-24 12:30:52,044 | INFO | hi-lo.gaussian-kernel : TOP-LEFT
tensor([[0.2896, 0.1729, 0.0757],
        [0.1729, 0.1032, 0.0452],
        [0.0757, 0.0452, 0.0198]])
2023-10-24 12:30:52,044 | INFO | hi-lo.kernel-accessor : Fetching kernel: gaussian
2023-10-24 12:30:52,045 | INFO | hi-lo.gaussian-kernel : MU (LOCATION): -1.1078883409500122 | SIGMA (SCALE): 1.840341329574585 | VARIANCE: 3.386856209340351
2023-10-24 12:30:52,045 | INFO | hi-lo.gaussian-kernel : TOP-LEFT
tensor([[0.2741, 0.1705, 0.0789],
        [0.1705, 0.1061, 0.0491],
        [0.0789, 0.0491, 0.0227]])
2023-10-24 12:31:16,192 | INFO | hi-lo : END EPOCH:  10 | ACCURACY: 4.69 | LOSS: 3.7901129722595215
2023-10-24 12:31:16,192 | INFO | hi-lo : BEGIN EPOCH 11 =========================================================================
2023-10-24 12:31:16,193 | INFO | hi-lo.kernel-accessor : Fetching kernel: gaussian
2023-10-24 12:31:16,193 | INFO | hi-lo.gaussian-kernel : MU (LOCATION): -0.04569688439369202 | SIGMA (SCALE): 0.5700228214263916 | VARIANCE: 0.32492601694690393
2023-10-24 12:31:16,194 | INFO | hi-lo.gaussian-kernel : TOP-LEFT
tensor([[7.0845e-01, 1.3211e-01, 1.1349e-03],
        [1.3211e-01, 2.4635e-02, 2.1164e-04],
        [1.1349e-03, 2.1164e-04, 1.8181e-06]])
2023-10-24 12:31:16,194 | INFO | hi-lo.kernel-accessor : Fetching kernel: gaussian
2023-10-24 12:31:16,194 | INFO | hi-lo.gaussian-kernel : MU (LOCATION): -0.7122423648834229 | SIGMA (SCALE): 0.9813897609710693 | VARIANCE: 0.9631258629388526
2023-10-24 12:31:16,195 | INFO | hi-lo.gaussian-kernel : TOP-LEFT
tensor([[5.8041e-01, 1.6486e-01, 1.6579e-02],
        [1.6486e-01, 4.6825e-02, 4.7091e-03],
        [1.6579e-02, 4.7091e-03, 4.7357e-04]])
2023-10-24 12:31:16,195 | INFO | hi-lo.kernel-accessor : Fetching kernel: gaussian
2023-10-24 12:31:16,195 | INFO | hi-lo.gaussian-kernel : MU (LOCATION): -1.1634222269058228 | SIGMA (SCALE): 1.8372405767440796 | VARIANCE: 3.375452936834918
2023-10-24 12:31:16,196 | INFO | hi-lo.gaussian-kernel : TOP-LEFT
tensor([[0.2804, 0.1713, 0.0778],
        [0.1713, 0.1047, 0.0475],
        [0.0778, 0.0475, 0.0216]])
2023-10-24 12:31:16,196 | INFO | hi-lo.kernel-accessor : Fetching kernel: gaussian
2023-10-24 12:31:16,197 | INFO | hi-lo.gaussian-kernel : MU (LOCATION): -1.1655874252319336 | SIGMA (SCALE): 1.8725214004516602 | VARIANCE: 3.5063363951494466
2023-10-24 12:31:16,197 | INFO | hi-lo.gaussian-kernel : BOTTOM-RIGHT
tensor([[0.0231, 0.0494, 0.0795],
        [0.0494, 0.1057, 0.1700],
        [0.0795, 0.1700, 0.2734]])
2023-10-24 12:31:40,386 | INFO | hi-lo : END EPOCH:  11 | ACCURACY: 0.39 | LOSS: 4.211000442504883
2023-10-24 12:31:40,386 | INFO | hi-lo : BEGIN EPOCH 12 =========================================================================
2023-10-24 12:31:40,386 | INFO | hi-lo.kernel-accessor : Fetching kernel: gaussian
2023-10-24 12:31:40,387 | INFO | hi-lo.gaussian-kernel : MU (LOCATION): -0.1184152215719223 | SIGMA (SCALE): 0.5316128134727478 | VARIANCE: 0.28261218344841055
2023-10-24 12:31:40,388 | INFO | hi-lo.gaussian-kernel : BOTTOM-RIGHT
tensor([[1.0781e-07, 3.3091e-05, 2.9515e-04],
        [3.3091e-05, 1.0157e-02, 9.0591e-02],
        [2.9515e-04, 9.0591e-02, 8.0800e-01]])
2023-10-24 12:31:40,388 | INFO | hi-lo.kernel-accessor : Fetching kernel: gaussian
2023-10-24 12:31:40,388 | INFO | hi-lo.gaussian-kernel : MU (LOCATION): -0.600878119468689 | SIGMA (SCALE): 1.0175296068191528 | VARIANCE: 1.0353665007535398
2023-10-24 12:31:40,389 | INFO | hi-lo.gaussian-kernel : BOTTOM-RIGHT
tensor([[0.0011, 0.0081, 0.0235],
        [0.0081, 0.0617, 0.1785],
        [0.0235, 0.1785, 0.5170]])
2023-10-24 12:31:40,389 | INFO | hi-lo.kernel-accessor : Fetching kernel: gaussian
2023-10-24 12:31:40,389 | INFO | hi-lo.gaussian-kernel : MU (LOCATION): -1.6387276649475098 | SIGMA (SCALE): 2.456331491470337 | VARIANCE: 6.03356439598889
2023-10-24 12:31:40,390 | INFO | hi-lo.gaussian-kernel : BOTTOM-RIGHT
tensor([[0.0387, 0.0652, 0.0929],
        [0.0652, 0.1097, 0.1563],
        [0.0929, 0.1563, 0.2228]])
2023-10-24 12:31:40,390 | INFO | hi-lo.kernel-accessor : Fetching kernel: gaussian
2023-10-24 12:31:40,390 | INFO | hi-lo.gaussian-kernel : MU (LOCATION): -0.897881269454956 | SIGMA (SCALE): 1.6006501913070679 | VARIANCE: 2.562081034931353
2023-10-24 12:31:40,391 | INFO | hi-lo.gaussian-kernel : BOTTOM-RIGHT
tensor([[0.0158, 0.0403, 0.0696],
        [0.0403, 0.1029, 0.1775],
        [0.0696, 0.1775, 0.3063]])
2023-10-24 12:32:04,680 | INFO | hi-lo : END EPOCH:  12 | ACCURACY: 4.69 | LOSS: 4.252133846282959
2023-10-24 12:32:04,680 | INFO | hi-lo : BEGIN EPOCH 13 =========================================================================
2023-10-24 12:32:04,680 | INFO | hi-lo.kernel-accessor : Fetching kernel: gaussian
2023-10-24 12:32:04,681 | INFO | hi-lo.gaussian-kernel : MU (LOCATION): -0.10652381181716919 | SIGMA (SCALE): 0.5343630313873291 | VARIANCE: 0.28554384931345567
2023-10-24 12:32:04,681 | INFO | hi-lo.gaussian-kernel : BOTTOM-RIGHT
tensor([[1.4783e-07, 4.1039e-05, 3.4330e-04],
        [4.1039e-05, 1.1392e-02, 9.5302e-02],
        [3.4330e-04, 9.5302e-02, 7.9723e-01]])
2023-10-24 12:32:04,681 | INFO | hi-lo.kernel-accessor : Fetching kernel: gaussian
2023-10-24 12:32:04,682 | INFO | hi-lo.gaussian-kernel : MU (LOCATION): -0.71266108751297 | SIGMA (SCALE): 1.0329946279525757 | VARIANCE: 1.0670779013788803
2023-10-24 12:32:04,682 | INFO | hi-lo.gaussian-kernel : TOP-LEFT
tensor([[0.5396, 0.1732, 0.0218],
        [0.1732, 0.0556, 0.0070],
        [0.0218, 0.0070, 0.0009]])
2023-10-24 12:32:04,682 | INFO | hi-lo.kernel-accessor : Fetching kernel: gaussian
2023-10-24 12:32:04,682 | INFO | hi-lo.gaussian-kernel : MU (LOCATION): -1.3075149059295654 | SIGMA (SCALE): 2.140390634536743 | VARIANCE: 4.581272068412602
2023-10-24 12:32:04,683 | INFO | hi-lo.gaussian-kernel : TOP-LEFT
tensor([[0.2405, 0.1621, 0.0878],
        [0.1621, 0.1092, 0.0592],
        [0.0878, 0.0592, 0.0321]])
2023-10-24 12:32:04,683 | INFO | hi-lo.kernel-accessor : Fetching kernel: gaussian
2023-10-24 12:32:04,683 | INFO | hi-lo.gaussian-kernel : MU (LOCATION): -1.1680397987365723 | SIGMA (SCALE): 1.894889235496521 | VARIANCE: 3.59060521480059
2023-10-24 12:32:04,683 | INFO | hi-lo.gaussian-kernel : TOP-LEFT
tensor([[0.2692, 0.1692, 0.0805],
        [0.1692, 0.1063, 0.0506],
        [0.0805, 0.0506, 0.0241]])
2023-10-24 12:32:28,878 | INFO | hi-lo : END EPOCH:  13 | ACCURACY: 0.97 | LOSS: 4.477016448974609
2023-10-24 12:32:28,878 | INFO | hi-lo : BEGIN EPOCH 14 =========================================================================
2023-10-24 12:32:28,878 | INFO | hi-lo.kernel-accessor : Fetching kernel: gaussian
2023-10-24 12:32:28,879 | INFO | hi-lo.gaussian-kernel : MU (LOCATION): -0.08430685102939606 | SIGMA (SCALE): 0.40123480558395386 | VARIANCE: 0.16098936921199325
2023-10-24 12:32:28,880 | INFO | hi-lo.gaussian-kernel : BOTTOM-RIGHT
tensor([[1.8919e-12, 3.5548e-08, 1.3399e-06],
        [3.5548e-08, 6.6793e-04, 2.5176e-02],
        [1.3399e-06, 2.5176e-02, 9.4898e-01]])
2023-10-24 12:32:28,880 | INFO | hi-lo.kernel-accessor : Fetching kernel: gaussian
2023-10-24 12:32:28,880 | INFO | hi-lo.gaussian-kernel : MU (LOCATION): -0.6055065393447876 | SIGMA (SCALE): 0.8637900352478027 | VARIANCE: 0.7461332249934003
2023-10-24 12:32:28,881 | INFO | hi-lo.gaussian-kernel : TOP-LEFT
tensor([[6.4954e-01, 1.4762e-01, 8.7822e-03],
        [1.4762e-01, 3.3548e-02, 1.9959e-03],
        [8.7822e-03, 1.9959e-03, 1.1874e-04]])
2023-10-24 12:32:28,881 | INFO | hi-lo.kernel-accessor : Fetching kernel: gaussian
2023-10-24 12:32:28,881 | INFO | hi-lo.gaussian-kernel : MU (LOCATION): -1.075044870376587 | SIGMA (SCALE): 1.7327667474746704 | VARIANCE: 3.002480601153948
2023-10-24 12:32:28,882 | INFO | hi-lo.gaussian-kernel : BOTTOM-RIGHT
tensor([[0.0186, 0.0437, 0.0739],
        [0.0437, 0.1031, 0.1743],
        [0.0739, 0.1743, 0.2945]])
2023-10-24 12:32:28,882 | INFO | hi-lo.kernel-accessor : Fetching kernel: gaussian
2023-10-24 12:32:28,882 | INFO | hi-lo.gaussian-kernel : MU (LOCATION): -0.8863319158554077 | SIGMA (SCALE): 1.5748445987701416 | VARIANCE: 2.4801355102754883
2023-10-24 12:32:28,883 | INFO | hi-lo.gaussian-kernel : TOP-LEFT
tensor([[0.3120, 0.1784, 0.0682],
        [0.1784, 0.1020, 0.0390],
        [0.0682, 0.0390, 0.0149]])
2023-10-24 12:32:53,169 | INFO | hi-lo : END EPOCH:  14 | ACCURACY: 1.18 | LOSS: 4.395623683929443
2023-10-24 12:32:53,169 | INFO | hi-lo : BEGIN EPOCH 15 =========================================================================
2023-10-24 12:32:53,169 | INFO | hi-lo.kernel-accessor : Fetching kernel: gaussian
2023-10-24 12:32:53,170 | INFO | hi-lo.gaussian-kernel : MU (LOCATION): -0.14029547572135925 | SIGMA (SCALE): 0.49941286444664 | VARIANCE: 0.24941320917479803
2023-10-24 12:32:53,171 | INFO | hi-lo.gaussian-kernel : TOP-LEFT
tensor([[8.6235e-01, 6.6185e-02, 9.2166e-05],
        [6.6185e-02, 5.0797e-03, 7.0737e-06],
        [9.2166e-05, 7.0737e-06, 9.8505e-09]])
2023-10-24 12:32:53,171 | INFO | hi-lo.kernel-accessor : Fetching kernel: gaussian
2023-10-24 12:32:53,171 | INFO | hi-lo.gaussian-kernel : MU (LOCATION): -0.643677830696106 | SIGMA (SCALE): 0.9329609274864197 | VARIANCE: 0.8704160922163204
2023-10-24 12:32:53,172 | INFO | hi-lo.gaussian-kernel : BOTTOM-RIGHT
tensor([[3.1423e-04, 3.6884e-03, 1.3724e-02],
        [3.6884e-03, 4.3294e-02, 1.6109e-01],
        [1.3724e-02, 1.6109e-01, 5.9939e-01]])
2023-10-24 12:32:53,172 | INFO | hi-lo.kernel-accessor : Fetching kernel: gaussian
2023-10-24 12:32:53,172 | INFO | hi-lo.gaussian-kernel : MU (LOCATION): -1.2819178104400635 | SIGMA (SCALE): 1.938918113708496 | VARIANCE: 3.7594034516669126
2023-10-24 12:32:53,173 | INFO | hi-lo.gaussian-kernel : TOP-LEFT
tensor([[0.2714, 0.1690, 0.0806],
        [0.1690, 0.1052, 0.0502],
        [0.0806, 0.0502, 0.0239]])
2023-10-24 12:32:53,173 | INFO | hi-lo.kernel-accessor : Fetching kernel: gaussian
2023-10-24 12:32:53,173 | INFO | hi-lo.gaussian-kernel : MU (LOCATION): -1.2654916048049927 | SIGMA (SCALE): 2.0415642261505127 | VARIANCE: 4.167984489497542
2023-10-24 12:32:53,174 | INFO | hi-lo.gaussian-kernel : TOP-LEFT
tensor([[0.2520, 0.1650, 0.0850],
        [0.1650, 0.1080, 0.0556],
        [0.0850, 0.0556, 0.0287]])
2023-10-24 12:33:17,397 | INFO | hi-lo : END EPOCH:  15 | ACCURACY: 0.03 | LOSS: 4.601156711578369
2023-10-24 12:33:17,398 | INFO | hi-lo : BEGIN EPOCH 16 =========================================================================
2023-10-24 12:33:17,398 | INFO | hi-lo.kernel-accessor : Fetching kernel: gaussian
2023-10-24 12:33:17,398 | INFO | hi-lo.gaussian-kernel : MU (LOCATION): -0.01074264571070671 | SIGMA (SCALE): 0.47112172842025757 | VARIANCE: 0.22195568298969093
2023-10-24 12:33:17,399 | INFO | hi-lo.gaussian-kernel : BOTTOM-RIGHT
tensor([[1.0145e-08, 9.1679e-06, 9.1543e-05],
        [9.1679e-06, 8.2851e-03, 8.2728e-02],
        [9.1543e-05, 8.2728e-02, 8.2606e-01]])
2023-10-24 12:33:17,399 | INFO | hi-lo.kernel-accessor : Fetching kernel: gaussian
2023-10-24 12:33:17,399 | INFO | hi-lo.gaussian-kernel : MU (LOCATION): -0.6654400825500488 | SIGMA (SCALE): 1.0495420694351196 | VARIANCE: 1.1015385555141535
2023-10-24 12:33:17,399 | INFO | hi-lo.gaussian-kernel : BOTTOM-RIGHT
tensor([[0.0012, 0.0087, 0.0250],
        [0.0087, 0.0619, 0.1782],
        [0.0250, 0.1782, 0.5133]])
2023-10-24 12:33:17,399 | INFO | hi-lo.kernel-accessor : Fetching kernel: gaussian
2023-10-24 12:33:17,399 | INFO | hi-lo.gaussian-kernel : MU (LOCATION): -1.6001105308532715 | SIGMA (SCALE): 2.5603365898132324 | VARIANCE: 6.555323453136452
2023-10-24 12:33:17,400 | INFO | hi-lo.gaussian-kernel : BOTTOM-RIGHT
tensor([[0.0431, 0.0692, 0.0953],
        [0.0692, 0.1111, 0.1530],
        [0.0953, 0.1530, 0.2108]])
2023-10-24 12:33:17,400 | INFO | hi-lo.kernel-accessor : Fetching kernel: gaussian
2023-10-24 12:33:17,400 | INFO | hi-lo.gaussian-kernel : MU (LOCATION): -0.9379459023475647 | SIGMA (SCALE): 1.717205286026001 | VARIANCE: 2.94879399435564
2023-10-24 12:33:17,400 | INFO | hi-lo.gaussian-kernel : TOP-LEFT
tensor([[0.2821, 0.1732, 0.0758],
        [0.1732, 0.1064, 0.0465],
        [0.0758, 0.0465, 0.0204]])
2023-10-24 12:33:41,745 | INFO | hi-lo : END EPOCH:  16 | ACCURACY: 0.7 | LOSS: 4.116899490356445
2023-10-24 12:33:41,745 | INFO | hi-lo : BEGIN EPOCH 17 =========================================================================
2023-10-24 12:33:41,745 | INFO | hi-lo.kernel-accessor : Fetching kernel: gaussian
2023-10-24 12:33:41,745 | INFO | hi-lo.gaussian-kernel : MU (LOCATION): -0.07190403342247009 | SIGMA (SCALE): 0.5662423372268677 | VARIANCE: 0.32063038446814573
2023-10-24 12:33:41,746 | INFO | hi-lo.gaussian-kernel : TOP-LEFT
tensor([[7.3143e-01, 1.2289e-01, 9.1281e-04],
        [1.2289e-01, 2.0648e-02, 1.5337e-04],
        [9.1281e-04, 1.5337e-04, 1.1392e-06]])
2023-10-24 12:33:41,746 | INFO | hi-lo.kernel-accessor : Fetching kernel: gaussian
2023-10-24 12:33:41,746 | INFO | hi-lo.gaussian-kernel : MU (LOCATION): -0.7054492235183716 | SIGMA (SCALE): 1.0639771223068237 | VARIANCE: 1.1320473167923097
2023-10-24 12:33:41,746 | INFO | hi-lo.gaussian-kernel : TOP-LEFT
tensor([[0.5147, 0.1774, 0.0253],
        [0.1774, 0.0612, 0.0087],
        [0.0253, 0.0087, 0.0012]])
2023-10-24 12:33:41,746 | INFO | hi-lo.kernel-accessor : Fetching kernel: gaussian
2023-10-24 12:33:41,747 | INFO | hi-lo.gaussian-kernel : MU (LOCATION): -1.4395105838775635 | SIGMA (SCALE): 2.336928367614746 | VARIANCE: 5.461234195362522
2023-10-24 12:33:41,747 | INFO | hi-lo.gaussian-kernel : BOTTOM-RIGHT
tensor([[0.0376, 0.0644, 0.0919],
        [0.0644, 0.1104, 0.1574],
        [0.0919, 0.1574, 0.2245]])
2023-10-24 12:33:41,747 | INFO | hi-lo.kernel-accessor : Fetching kernel: gaussian
2023-10-24 12:33:41,747 | INFO | hi-lo.gaussian-kernel : MU (LOCATION): -1.5917720794677734 | SIGMA (SCALE): 2.282512903213501 | VARIANCE: 5.209865153336125
2023-10-24 12:33:41,748 | INFO | hi-lo.gaussian-kernel : BOTTOM-RIGHT
tensor([[0.0329, 0.0595, 0.0889],
        [0.0595, 0.1077, 0.1610],
        [0.0889, 0.1610, 0.2405]])
2023-10-24 12:34:05,957 | INFO | hi-lo : END EPOCH:  17 | ACCURACY: 0.72 | LOSS: 4.253316402435303
2023-10-24 12:34:05,957 | INFO | hi-lo : BEGIN EPOCH 18 =========================================================================
2023-10-24 12:34:05,957 | INFO | hi-lo.kernel-accessor : Fetching kernel: gaussian
2023-10-24 12:34:05,958 | INFO | hi-lo.gaussian-kernel : MU (LOCATION): -0.09101562201976776 | SIGMA (SCALE): 0.512173593044281 | VARIANCE: 0.2623217894118888
2023-10-24 12:34:05,958 | INFO | hi-lo.gaussian-kernel : TOP-LEFT
tensor([[8.1850e-01, 8.6009e-02, 1.9975e-04],
        [8.6009e-02, 9.0380e-03, 2.0990e-05],
        [1.9975e-04, 2.0990e-05, 4.8749e-08]])
2023-10-24 12:34:05,958 | INFO | hi-lo.kernel-accessor : Fetching kernel: gaussian
2023-10-24 12:34:05,959 | INFO | hi-lo.gaussian-kernel : MU (LOCATION): -0.6671360731124878 | SIGMA (SCALE): 0.9493318796157837 | VARIANCE: 0.9012310176548368
2023-10-24 12:34:05,959 | INFO | hi-lo.gaussian-kernel : TOP-LEFT
tensor([[5.9298e-01, 1.6241e-01, 1.4665e-02],
        [1.6241e-01, 4.4481e-02, 4.0165e-03],
        [1.4665e-02, 4.0165e-03, 3.6269e-04]])
2023-10-24 12:34:05,959 | INFO | hi-lo.kernel-accessor : Fetching kernel: gaussian
2023-10-24 12:34:05,960 | INFO | hi-lo.gaussian-kernel : MU (LOCATION): -1.0768756866455078 | SIGMA (SCALE): 1.8365797996520996 | VARIANCE: 3.3730253604901463
2023-10-24 12:34:05,960 | INFO | hi-lo.gaussian-kernel : BOTTOM-RIGHT
tensor([[0.0231, 0.0497, 0.0793],
        [0.0497, 0.1067, 0.1702],
        [0.0793, 0.1702, 0.2717]])
2023-10-24 12:34:05,961 | INFO | hi-lo.kernel-accessor : Fetching kernel: gaussian
2023-10-24 12:34:05,961 | INFO | hi-lo.gaussian-kernel : MU (LOCATION): -0.8186536431312561 | SIGMA (SCALE): 1.5778193473815918 | VARIANCE: 2.4895138929716722
2023-10-24 12:34:05,961 | INFO | hi-lo.gaussian-kernel : BOTTOM-RIGHT
tensor([[0.0162, 0.0412, 0.0700],
        [0.0412, 0.1046, 0.1776],
        [0.0700, 0.1776, 0.3016]])
2023-10-24 12:34:30,175 | INFO | hi-lo : END EPOCH:  18 | ACCURACY: 0.2 | LOSS: 4.223315238952637
2023-10-24 12:34:30,175 | INFO | hi-lo : BEGIN EPOCH 19 =========================================================================
2023-10-24 12:34:30,175 | INFO | hi-lo.kernel-accessor : Fetching kernel: gaussian
2023-10-24 12:34:30,176 | INFO | hi-lo.gaussian-kernel : MU (LOCATION): -0.04237290471792221 | SIGMA (SCALE): 0.5374480485916138 | VARIANCE: 0.28885040493493364
2023-10-24 12:34:30,176 | INFO | hi-lo.gaussian-kernel : TOP-LEFT
tensor([[7.5133e-01, 1.1491e-01, 5.5126e-04],
        [1.1491e-01, 1.7575e-02, 8.4312e-05],
        [5.5126e-04, 8.4312e-05, 4.0447e-07]])
2023-10-24 12:34:30,177 | INFO | hi-lo.kernel-accessor : Fetching kernel: gaussian
2023-10-24 12:34:30,177 | INFO | hi-lo.gaussian-kernel : MU (LOCATION): -0.668376088142395 | SIGMA (SCALE): 1.0037113428115845 | VARIANCE: 1.007436459688634
2023-10-24 12:34:30,177 | INFO | hi-lo.gaussian-kernel : TOP-LEFT
tensor([[0.5487, 0.1721, 0.0200],
        [0.1721, 0.0539, 0.0063],
        [0.0200, 0.0063, 0.0007]])
2023-10-24 12:34:30,178 | INFO | hi-lo.kernel-accessor : Fetching kernel: gaussian
2023-10-24 12:34:30,178 | INFO | hi-lo.gaussian-kernel : MU (LOCATION): -1.2743452787399292 | SIGMA (SCALE): 1.963914394378662 | VARIANCE: 3.856959748447707
2023-10-24 12:34:30,178 | INFO | hi-lo.gaussian-kernel : BOTTOM-RIGHT
tensor([[0.0252, 0.0516, 0.0818],
        [0.0516, 0.1060, 0.1679],
        [0.0818, 0.1679, 0.2660]])
2023-10-24 12:34:30,179 | INFO | hi-lo.kernel-accessor : Fetching kernel: gaussian
2023-10-24 12:34:30,179 | INFO | hi-lo.gaussian-kernel : MU (LOCATION): -1.1972283124923706 | SIGMA (SCALE): 1.7898399829864502 | VARIANCE: 3.2035271646969363
2023-10-24 12:34:30,179 | INFO | hi-lo.gaussian-kernel : BOTTOM-RIGHT
tensor([[0.0190, 0.0440, 0.0747],
        [0.0440, 0.1021, 0.1734],
        [0.0747, 0.1734, 0.2946]])
2023-10-24 12:34:54,337 | INFO | hi-lo : END EPOCH:  19 | ACCURACY: 1.88 | LOSS: 4.179631233215332
2023-10-24 12:34:54,337 | INFO | hi-lo : BEGIN EPOCH 20 =========================================================================
2023-10-24 12:34:54,337 | INFO | hi-lo.kernel-accessor : Fetching kernel: gaussian
2023-10-24 12:34:54,338 | INFO | hi-lo.gaussian-kernel : MU (LOCATION): -0.031141314655542374 | SIGMA (SCALE): 0.4736989438533783 | VARIANCE: 0.22439068940780604
2023-10-24 12:34:54,339 | INFO | hi-lo.gaussian-kernel : TOP-LEFT
tensor([[8.3575e-01, 7.8358e-02, 8.5242e-05],
        [7.8358e-02, 7.3467e-03, 7.9921e-06],
        [8.5242e-05, 7.9921e-06, 8.6943e-09]])
2023-10-24 12:34:54,339 | INFO | hi-lo.kernel-accessor : Fetching kernel: gaussian
2023-10-24 12:34:54,339 | INFO | hi-lo.gaussian-kernel : MU (LOCATION): -0.7154768109321594 | SIGMA (SCALE): 1.0200003385543823 | VARIANCE: 1.0404006906510546
2023-10-24 12:34:54,340 | INFO | hi-lo.gaussian-kernel : TOP-LEFT
tensor([[0.5504, 0.1711, 0.0203],
        [0.1711, 0.0532, 0.0063],
        [0.0203, 0.0063, 0.0008]])
2023-10-24 12:34:54,340 | INFO | hi-lo.kernel-accessor : Fetching kernel: gaussian
