2024-02-27 18:22:04,134 | INFO | hilo : 
+==============================================================+
|                                                              |
| ██████╗  █████╗ ██████╗ ██╗         ██╗      █████╗ ██████╗  |
| ██╔══██╗██╔══██╗██╔══██╗██║         ██║     ██╔══██╗██╔══██╗ |
| ██║  ██║███████║██║  ██║██║         ██║     ███████║██████╔╝ |
| ██║  ██║██╔══██║██║  ██║██║         ██║     ██╔══██║██╔══██╗ |
| ██████╔╝██║  ██║██████╔╝███████╗    ███████╗██║  ██║██████╔╝ |
| ╚═════╝ ╚═╝  ╚═╝╚═════╝ ╚══════╝    ╚══════╝╚═╝  ╚═╝╚═════╝  |
+==============================================================+
|             Hi-Lo Resolution Image Classification            |
|             -------------------------------------            |
|                       Gabriel C. Trahan                      |
|                          Sahan Ahmad                         |
|                       MD  Aminual Islam                      |
+==============================================================+
2024-02-27 18:22:05,720 | INFO | hilo.dataset-accessor : Fetching dataset: cifar10
2024-02-27 18:22:05,720 | INFO | hilo.cifar10-dataset : Initializing transform
2024-02-27 18:22:05,720 | INFO | hilo.cifar10-dataset : Verifying/downloading train data
2024-02-27 18:22:06,316 | INFO | hilo.cifar10-dataset : Verifying/downloading test data
2024-02-27 18:22:06,805 | INFO | hilo.cifar10-dataset : Creating train data loader.
2024-02-27 18:22:06,805 | INFO | hilo.cifar10-dataset : Creating test data loader.
2024-02-27 18:22:06,915 | INFO | hilo : Output directory: output/resnet/cifar10/cauchy/1/20240227_182205/
2024-02-27 18:22:07,895 | INFO | hilo : Using device: NVIDIA GeForce GTX 1060 6GB
2024-02-27 18:22:07,896 | INFO | hilo : Exeucting job: MODEL resnet | DATASET cifar10 | KERNEL cauchy | TYPE 1
2024-02-27 18:22:07,896 | INFO | hilo : Commencing training phase...
2024-02-27 18:22:07,896 | INFO | hilo.kernel-accessor : Fetching kernel: cauchy
2024-02-27 18:22:07,897 | INFO | hilo.cauchy-kernel : Calculating Cauchy distribution (location: 0.0, scale 1.0)
2024-02-27 18:22:07,903 | INFO | hilo.cauchy-kernel : BOTTOM-RIGHT:
tensor([[0.0206, 0.0350, 0.0700],
        [0.0350, 0.0700, 0.1749],
        [0.0700, 0.1749, 0.3498]])
2024-02-27 18:22:07,903 | INFO | hilo.kernel-accessor : Fetching kernel: cauchy
2024-02-27 18:22:07,903 | INFO | hilo.cauchy-kernel : Calculating Cauchy distribution (location: 0.0, scale 1.0)
2024-02-27 18:22:07,904 | INFO | hilo.cauchy-kernel : TOP-LEFT:
tensor([[0.3498, 0.1749, 0.0700],
        [0.1749, 0.0700, 0.0350],
        [0.0700, 0.0350, 0.0206]])
2024-02-27 18:22:07,904 | INFO | hilo.kernel-accessor : Fetching kernel: cauchy
2024-02-27 18:22:07,904 | INFO | hilo.cauchy-kernel : Calculating Cauchy distribution (location: 0.0, scale 1.0)
2024-02-27 18:22:07,904 | INFO | hilo.cauchy-kernel : TOP-LEFT:
tensor([[0.3498, 0.1749, 0.0700],
        [0.1749, 0.0700, 0.0350],
        [0.0700, 0.0350, 0.0206]])
2024-02-27 18:22:07,904 | INFO | hilo.kernel-accessor : Fetching kernel: cauchy
2024-02-27 18:22:07,904 | INFO | hilo.cauchy-kernel : Calculating Cauchy distribution (location: 0.0, scale 1.0)
2024-02-27 18:22:07,905 | INFO | hilo.cauchy-kernel : TOP-LEFT:
tensor([[0.3498, 0.1749, 0.0700],
        [0.1749, 0.0700, 0.0350],
        [0.0700, 0.0350, 0.0206]])
2024-02-27 18:22:07,905 | INFO | hilo.kernel-accessor : Fetching kernel: cauchy
2024-02-27 18:22:07,905 | INFO | hilo.cauchy-kernel : Calculating Cauchy distribution (location: 0.0, scale 1.0)
2024-02-27 18:22:07,905 | INFO | hilo.cauchy-kernel : BOTTOM-RIGHT:
tensor([[0.0206, 0.0350, 0.0700],
        [0.0350, 0.0700, 0.1749],
        [0.0700, 0.1749, 0.3498]])
2024-02-27 18:22:07,905 | INFO | hilo.kernel-accessor : Fetching kernel: cauchy
2024-02-27 18:22:07,905 | INFO | hilo.cauchy-kernel : Calculating Cauchy distribution (location: 0.0, scale 1.0)
2024-02-27 18:22:07,906 | INFO | hilo.cauchy-kernel : TOP-LEFT:
tensor([[0.3498, 0.1749, 0.0700],
        [0.1749, 0.0700, 0.0350],
        [0.0700, 0.0350, 0.0206]])
2024-02-27 18:22:07,906 | INFO | hilo.kernel-accessor : Fetching kernel: cauchy
2024-02-27 18:22:07,906 | INFO | hilo.cauchy-kernel : Calculating Cauchy distribution (location: 0.0, scale 1.0)
2024-02-27 18:22:07,906 | INFO | hilo.cauchy-kernel : BOTTOM-RIGHT:
tensor([[0.0206, 0.0350, 0.0700],
        [0.0350, 0.0700, 0.1749],
        [0.0700, 0.1749, 0.3498]])
2024-02-27 18:22:07,906 | INFO | hilo.kernel-accessor : Fetching kernel: cauchy
2024-02-27 18:22:07,906 | INFO | hilo.cauchy-kernel : Calculating Cauchy distribution (location: 0.0, scale 1.0)
2024-02-27 18:22:07,907 | INFO | hilo.cauchy-kernel : TOP-LEFT:
tensor([[0.3498, 0.1749, 0.0700],
        [0.1749, 0.0700, 0.0350],
        [0.0700, 0.0350, 0.0206]])
2024-02-27 18:22:07,907 | INFO | hilo.kernel-accessor : Fetching kernel: cauchy
2024-02-27 18:22:07,907 | INFO | hilo.cauchy-kernel : Calculating Cauchy distribution (location: 0.0, scale 1.0)
2024-02-27 18:22:07,907 | INFO | hilo.cauchy-kernel : BOTTOM-RIGHT:
tensor([[0.0206, 0.0350, 0.0700],
        [0.0350, 0.0700, 0.1749],
        [0.0700, 0.1749, 0.3498]])
2024-02-27 18:22:07,907 | INFO | hilo.kernel-accessor : Fetching kernel: cauchy
2024-02-27 18:22:07,908 | INFO | hilo.cauchy-kernel : Calculating Cauchy distribution (location: 0.0, scale 1.0)
2024-02-27 18:22:07,908 | INFO | hilo.cauchy-kernel : BOTTOM-RIGHT:
tensor([[0.0206, 0.0350, 0.0700],
        [0.0350, 0.0700, 0.1749],
        [0.0700, 0.1749, 0.3498]])
2024-02-27 18:22:07,908 | INFO | hilo.kernel-accessor : Fetching kernel: cauchy
2024-02-27 18:22:07,908 | INFO | hilo.cauchy-kernel : Calculating Cauchy distribution (location: 0.0, scale 1.0)
2024-02-27 18:22:07,908 | INFO | hilo.cauchy-kernel : BOTTOM-RIGHT:
tensor([[0.0206, 0.0350, 0.0700],
        [0.0350, 0.0700, 0.1749],
        [0.0700, 0.1749, 0.3498]])
2024-02-27 18:22:07,908 | INFO | hilo.kernel-accessor : Fetching kernel: cauchy
2024-02-27 18:22:07,909 | INFO | hilo.cauchy-kernel : Calculating Cauchy distribution (location: 0.0, scale 1.0)
2024-02-27 18:22:07,909 | INFO | hilo.cauchy-kernel : BOTTOM-RIGHT:
tensor([[0.0206, 0.0350, 0.0700],
        [0.0350, 0.0700, 0.1749],
        [0.0700, 0.1749, 0.3498]])
2024-02-27 18:22:07,909 | INFO | hilo.kernel-accessor : Fetching kernel: cauchy
2024-02-27 18:22:07,909 | INFO | hilo.cauchy-kernel : Calculating Cauchy distribution (location: 0.0, scale 1.0)
2024-02-27 18:22:07,910 | INFO | hilo.cauchy-kernel : TOP-LEFT:
tensor([[0.3498, 0.1749, 0.0700],
        [0.1749, 0.0700, 0.0350],
        [0.0700, 0.0350, 0.0206]])
2024-02-27 18:22:07,910 | INFO | hilo.kernel-accessor : Fetching kernel: cauchy
2024-02-27 18:22:07,910 | INFO | hilo.cauchy-kernel : Calculating Cauchy distribution (location: 0.0, scale 1.0)
2024-02-27 18:22:07,910 | INFO | hilo.cauchy-kernel : BOTTOM-RIGHT:
tensor([[0.0206, 0.0350, 0.0700],
        [0.0350, 0.0700, 0.1749],
        [0.0700, 0.1749, 0.3498]])
2024-02-27 18:22:07,910 | INFO | hilo.kernel-accessor : Fetching kernel: cauchy
2024-02-27 18:22:07,910 | INFO | hilo.cauchy-kernel : Calculating Cauchy distribution (location: 0.0, scale 1.0)
2024-02-27 18:22:07,911 | INFO | hilo.cauchy-kernel : TOP-LEFT:
tensor([[0.3498, 0.1749, 0.0700],
        [0.1749, 0.0700, 0.0350],
        [0.0700, 0.0350, 0.0206]])
2024-02-27 18:22:07,911 | INFO | hilo.kernel-accessor : Fetching kernel: cauchy
2024-02-27 18:22:07,911 | INFO | hilo.cauchy-kernel : Calculating Cauchy distribution (location: 0.0, scale 1.0)
2024-02-27 18:22:07,911 | INFO | hilo.cauchy-kernel : BOTTOM-RIGHT:
tensor([[0.0206, 0.0350, 0.0700],
        [0.0350, 0.0700, 0.1749],
        [0.0700, 0.1749, 0.3498]])
2024-02-27 18:22:07,911 | INFO | hilo.kernel-accessor : Fetching kernel: cauchy
2024-02-27 18:22:07,911 | INFO | hilo.cauchy-kernel : Calculating Cauchy distribution (location: 0.0, scale 1.0)
2024-02-27 18:22:07,912 | INFO | hilo.cauchy-kernel : TOP-LEFT:
tensor([[0.3498, 0.1749, 0.0700],
        [0.1749, 0.0700, 0.0350],
        [0.0700, 0.0350, 0.0206]])
2024-02-27 18:23:29,279 | INFO | hilo : Epoch   1/200 | Accuracy:  27.5000 | Loss:   1.7685
2024-02-27 18:23:29,279 | INFO | hilo.kernel-accessor : Fetching kernel: cauchy
2024-02-27 18:23:29,280 | INFO | hilo.cauchy-kernel : Calculating Cauchy distribution (location: -0.006300932262092829, scale 0.6528477668762207)
2024-02-27 18:23:29,280 | INFO | hilo.cauchy-kernel : TOP-LEFT:
tensor([[0.5011, 0.1484, 0.0480],
        [0.1484, 0.0480, 0.0226],
        [0.0480, 0.0226, 0.0130]])
2024-02-27 18:23:29,280 | INFO | hilo.kernel-accessor : Fetching kernel: cauchy
2024-02-27 18:23:29,280 | INFO | hilo.cauchy-kernel : Calculating Cauchy distribution (location: -0.6063392758369446, scale 2.059131383895874)
2024-02-27 18:23:29,281 | INFO | hilo.cauchy-kernel : TOP-LEFT:
tensor([[0.2315, 0.1564, 0.0967],
        [0.1564, 0.0967, 0.0619],
        [0.0967, 0.0619, 0.0419]])
2024-02-27 18:23:29,281 | INFO | hilo.kernel-accessor : Fetching kernel: cauchy
2024-02-27 18:23:29,281 | INFO | hilo.cauchy-kernel : Calculating Cauchy distribution (location: -0.5432952642440796, scale 1.7625073194503784)
2024-02-27 18:23:29,281 | INFO | hilo.cauchy-kernel : TOP-LEFT:
tensor([[0.2575, 0.1596, 0.0915],
        [0.1596, 0.0915, 0.0559],
        [0.0915, 0.0559, 0.0369]])
2024-02-27 18:23:29,281 | INFO | hilo.kernel-accessor : Fetching kernel: cauchy
2024-02-27 18:23:29,282 | INFO | hilo.cauchy-kernel : Calculating Cauchy distribution (location: -0.2272607386112213, scale 1.5901004076004028)
2024-02-27 18:23:29,282 | INFO | hilo.cauchy-kernel : BOTTOM-RIGHT:
tensor([[0.0330, 0.0519, 0.0898],
        [0.0519, 0.0898, 0.1666],
        [0.0898, 0.1666, 0.2606]])
2024-02-27 18:23:29,282 | INFO | hilo.kernel-accessor : Fetching kernel: cauchy
2024-02-27 18:23:29,282 | INFO | hilo.cauchy-kernel : Calculating Cauchy distribution (location: -0.06618663668632507, scale 1.4363688230514526)
2024-02-27 18:23:29,282 | INFO | hilo.cauchy-kernel : TOP-LEFT:
tensor([[0.2671, 0.1726, 0.0872],
        [0.1726, 0.0872, 0.0482],
        [0.0872, 0.0482, 0.0297]])
2024-02-27 18:23:29,282 | INFO | hilo.kernel-accessor : Fetching kernel: cauchy
2024-02-27 18:23:29,283 | INFO | hilo.cauchy-kernel : Calculating Cauchy distribution (location: -0.1290568858385086, scale 1.153678297996521)
2024-02-27 18:23:29,283 | INFO | hilo.cauchy-kernel : TOP-LEFT:
tensor([[0.3290, 0.1702, 0.0756],
        [0.1702, 0.0756, 0.0399],
        [0.0756, 0.0399, 0.0241]])
2024-02-27 18:23:29,283 | INFO | hilo.kernel-accessor : Fetching kernel: cauchy
2024-02-27 18:23:29,283 | INFO | hilo.cauchy-kernel : Calculating Cauchy distribution (location: -0.19368131458759308, scale 1.4726828336715698)
2024-02-27 18:23:29,283 | INFO | hilo.cauchy-kernel : BOTTOM-RIGHT:
tensor([[0.0306, 0.0489, 0.0867],
        [0.0489, 0.0867, 0.1685],
        [0.0867, 0.1685, 0.2744]])
2024-02-27 18:23:29,284 | INFO | hilo.kernel-accessor : Fetching kernel: cauchy
2024-02-27 18:23:29,284 | INFO | hilo.cauchy-kernel : Calculating Cauchy distribution (location: -0.33283931016921997, scale 1.593582034111023)
2024-02-27 18:23:29,284 | INFO | hilo.cauchy-kernel : BOTTOM-RIGHT:
tensor([[0.0333, 0.0520, 0.0889],
        [0.0520, 0.0889, 0.1643],
        [0.0889, 0.1643, 0.2676]])
2024-02-27 18:23:29,284 | INFO | hilo.kernel-accessor : Fetching kernel: cauchy
2024-02-27 18:23:29,284 | INFO | hilo.cauchy-kernel : Calculating Cauchy distribution (location: -0.1673717051744461, scale 1.6244137287139893)
2024-02-27 18:23:29,285 | INFO | hilo.cauchy-kernel : BOTTOM-RIGHT:
tensor([[0.0335, 0.0529, 0.0914],
        [0.0529, 0.0914, 0.1675],
        [0.0914, 0.1675, 0.2514]])
2024-02-27 18:23:29,285 | INFO | hilo.kernel-accessor : Fetching kernel: cauchy
2024-02-27 18:23:29,285 | INFO | hilo.cauchy-kernel : Calculating Cauchy distribution (location: -0.14841018617153168, scale 1.3143422603607178)
2024-02-27 18:23:29,285 | INFO | hilo.cauchy-kernel : TOP-LEFT:
tensor([[0.2968, 0.1705, 0.0819],
        [0.1705, 0.0819, 0.0446],
        [0.0819, 0.0446, 0.0274]])
2024-02-27 18:23:29,285 | INFO | hilo.kernel-accessor : Fetching kernel: cauchy
2024-02-27 18:23:29,285 | INFO | hilo.cauchy-kernel : Calculating Cauchy distribution (location: -0.18188095092773438, scale 1.668496012687683)
2024-02-27 18:23:29,286 | INFO | hilo.cauchy-kernel : TOP-LEFT:
tensor([[0.2473, 0.1667, 0.0923],
        [0.1667, 0.0923, 0.0540],
        [0.0923, 0.0540, 0.0344]])
2024-02-27 18:23:29,286 | INFO | hilo.kernel-accessor : Fetching kernel: cauchy
2024-02-27 18:23:29,286 | INFO | hilo.cauchy-kernel : Calculating Cauchy distribution (location: -0.18458759784698486, scale 1.580930471420288)
2024-02-27 18:23:29,286 | INFO | hilo.cauchy-kernel : BOTTOM-RIGHT:
tensor([[0.0327, 0.0518, 0.0900],
        [0.0518, 0.0900, 0.1677],
        [0.0900, 0.1677, 0.2583]])
2024-02-27 18:23:29,286 | INFO | hilo.kernel-accessor : Fetching kernel: cauchy
2024-02-27 18:23:29,286 | INFO | hilo.cauchy-kernel : Calculating Cauchy distribution (location: -0.20330515503883362, scale 1.5019340515136719)
2024-02-27 18:23:29,287 | INFO | hilo.cauchy-kernel : TOP-LEFT:
tensor([[0.2709, 0.1680, 0.0875],
        [0.1680, 0.0875, 0.0497],
        [0.0875, 0.0497, 0.0312]])
2024-02-27 18:23:29,287 | INFO | hilo.kernel-accessor : Fetching kernel: cauchy
2024-02-27 18:23:29,287 | INFO | hilo.cauchy-kernel : Calculating Cauchy distribution (location: -0.1338416039943695, scale 1.0708231925964355)
2024-02-27 18:23:29,287 | INFO | hilo.cauchy-kernel : BOTTOM-RIGHT:
tensor([[0.0224, 0.0373, 0.0718],
        [0.0373, 0.0718, 0.1682],
        [0.0718, 0.1682, 0.3513]])
2024-02-27 18:23:29,287 | INFO | hilo.kernel-accessor : Fetching kernel: cauchy
2024-02-27 18:23:29,287 | INFO | hilo.cauchy-kernel : Calculating Cauchy distribution (location: -0.084109827876091, scale 1.2246812582015991)
2024-02-27 18:23:29,288 | INFO | hilo.cauchy-kernel : TOP-LEFT:
tensor([[0.3070, 0.1730, 0.0792],
        [0.1730, 0.0792, 0.0420],
        [0.0792, 0.0420, 0.0255]])
2024-02-27 18:23:29,288 | INFO | hilo.kernel-accessor : Fetching kernel: cauchy
2024-02-27 18:23:29,288 | INFO | hilo.cauchy-kernel : Calculating Cauchy distribution (location: -0.246017724275589, scale 1.2101871967315674)
2024-02-27 18:23:29,288 | INFO | hilo.cauchy-kernel : TOP-LEFT:
tensor([[0.3283, 0.1659, 0.0769],
        [0.1659, 0.0769, 0.0417],
        [0.0769, 0.0417, 0.0257]])
2024-02-27 18:23:29,288 | INFO | hilo.kernel-accessor : Fetching kernel: cauchy
2024-02-27 18:23:29,288 | INFO | hilo.cauchy-kernel : Calculating Cauchy distribution (location: -0.162120059132576, scale 0.991296112537384)
2024-02-27 18:23:29,289 | INFO | hilo.cauchy-kernel : TOP-LEFT:
tensor([[0.3790, 0.1639, 0.0676],
        [0.1639, 0.0676, 0.0348],
        [0.0676, 0.0348, 0.0209]])
2024-02-27 18:24:50,165 | INFO | hilo : Epoch   2/200 | Accuracy:  48.4375 | Loss:   1.3945
2024-02-27 18:24:50,166 | INFO | hilo.kernel-accessor : Fetching kernel: cauchy
2024-02-27 18:24:50,166 | INFO | hilo.cauchy-kernel : Calculating Cauchy distribution (location: -0.009804438799619675, scale 0.6722840070724487)
2024-02-27 18:24:50,167 | INFO | hilo.cauchy-kernel : BOTTOM-RIGHT:
tensor([[0.0134, 0.0233, 0.0494],
        [0.0233, 0.0494, 0.1507],
        [0.0494, 0.1507, 0.4905]])
2024-02-27 18:24:50,167 | INFO | hilo.kernel-accessor : Fetching kernel: cauchy
2024-02-27 18:24:50,167 | INFO | hilo.cauchy-kernel : Calculating Cauchy distribution (location: -0.600003182888031, scale 1.7299377918243408)
2024-02-27 18:24:50,168 | INFO | hilo.cauchy-kernel : BOTTOM-RIGHT:
tensor([[0.0365, 0.0553, 0.0905],
        [0.0553, 0.0905, 0.1590],
        [0.0905, 0.1590, 0.2633]])
2024-02-27 18:24:50,168 | INFO | hilo.kernel-accessor : Fetching kernel: cauchy
2024-02-27 18:24:50,168 | INFO | hilo.cauchy-kernel : Calculating Cauchy distribution (location: -0.4234078526496887, scale 1.1662250757217407)
2024-02-27 18:24:50,169 | INFO | hilo.cauchy-kernel : BOTTOM-RIGHT:
tensor([[0.0258, 0.0412, 0.0745],
        [0.0412, 0.0745, 0.1591],
        [0.0745, 0.1591, 0.3501]])
2024-02-27 18:24:50,169 | INFO | hilo.kernel-accessor : Fetching kernel: cauchy
2024-02-27 18:24:50,169 | INFO | hilo.cauchy-kernel : Calculating Cauchy distribution (location: -0.27036619186401367, scale 1.2253116369247437)
2024-02-27 18:24:50,169 | INFO | hilo.cauchy-kernel : BOTTOM-RIGHT:
tensor([[0.0261, 0.0422, 0.0773],
        [0.0422, 0.0773, 0.1653],
        [0.0773, 0.1653, 0.3270]])
2024-02-27 18:24:50,170 | INFO | hilo.kernel-accessor : Fetching kernel: cauchy
2024-02-27 18:24:50,170 | INFO | hilo.cauchy-kernel : Calculating Cauchy distribution (location: -0.1601034700870514, scale 1.1648764610290527)
2024-02-27 18:24:50,170 | INFO | hilo.cauchy-kernel : TOP-LEFT:
tensor([[0.3301, 0.1688, 0.0758],
        [0.1688, 0.0758, 0.0402],
        [0.0758, 0.0402, 0.0245]])
2024-02-27 18:24:50,170 | INFO | hilo.kernel-accessor : Fetching kernel: cauchy
2024-02-27 18:24:50,171 | INFO | hilo.cauchy-kernel : Calculating Cauchy distribution (location: -0.07888846099376678, scale 0.9053589701652527)
2024-02-27 18:24:50,171 | INFO | hilo.cauchy-kernel : BOTTOM-RIGHT:
tensor([[0.0188, 0.0318, 0.0637],
        [0.0318, 0.0637, 0.1651],
        [0.0637, 0.1651, 0.3965]])
2024-02-27 18:24:50,171 | INFO | hilo.kernel-accessor : Fetching kernel: cauchy
2024-02-27 18:24:50,172 | INFO | hilo.cauchy-kernel : Calculating Cauchy distribution (location: -0.2117248922586441, scale 1.0536415576934814)
2024-02-27 18:24:50,172 | INFO | hilo.cauchy-kernel : BOTTOM-RIGHT:
tensor([[0.0224, 0.0369, 0.0703],
        [0.0369, 0.0703, 0.1637],
        [0.0703, 0.1637, 0.3654]])
2024-02-27 18:24:50,172 | INFO | hilo.kernel-accessor : Fetching kernel: cauchy
2024-02-27 18:24:50,172 | INFO | hilo.cauchy-kernel : Calculating Cauchy distribution (location: -0.23951926827430725, scale 1.0604517459869385)
2024-02-27 18:24:50,173 | INFO | hilo.cauchy-kernel : BOTTOM-RIGHT:
tensor([[0.0227, 0.0372, 0.0705],
        [0.0372, 0.0705, 0.1626],
        [0.0705, 0.1626, 0.3661]])
2024-02-27 18:24:50,173 | INFO | hilo.kernel-accessor : Fetching kernel: cauchy
2024-02-27 18:24:50,173 | INFO | hilo.cauchy-kernel : Calculating Cauchy distribution (location: -0.15829817950725555, scale 1.0858492851257324)
2024-02-27 18:24:50,174 | INFO | hilo.cauchy-kernel : BOTTOM-RIGHT:
tensor([[0.0228, 0.0378, 0.0722],
        [0.0378, 0.0722, 0.1673],
        [0.0722, 0.1673, 0.3502]])
2024-02-27 18:24:50,174 | INFO | hilo.kernel-accessor : Fetching kernel: cauchy
2024-02-27 18:24:50,174 | INFO | hilo.cauchy-kernel : Calculating Cauchy distribution (location: -0.11846844851970673, scale 0.8948248028755188)
2024-02-27 18:24:50,175 | INFO | hilo.cauchy-kernel : BOTTOM-RIGHT:
tensor([[0.0187, 0.0315, 0.0627],
        [0.0315, 0.0627, 0.1616],
        [0.0627, 0.1616, 0.4070]])
2024-02-27 18:24:50,175 | INFO | hilo.kernel-accessor : Fetching kernel: cauchy
2024-02-27 18:24:50,175 | INFO | hilo.cauchy-kernel : Calculating Cauchy distribution (location: -0.20004615187644958, scale 1.109287977218628)
2024-02-27 18:24:50,176 | INFO | hilo.cauchy-kernel : BOTTOM-RIGHT:
tensor([[0.0235, 0.0386, 0.0730],
        [0.0386, 0.0730, 0.1659],
        [0.0730, 0.1659, 0.3486]])
2024-02-27 18:24:50,176 | INFO | hilo.kernel-accessor : Fetching kernel: cauchy
2024-02-27 18:24:50,176 | INFO | hilo.cauchy-kernel : Calculating Cauchy distribution (location: -0.15612787008285522, scale 1.1061524152755737)
2024-02-27 18:24:50,177 | INFO | hilo.cauchy-kernel : BOTTOM-RIGHT:
tensor([[0.0232, 0.0384, 0.0732],
        [0.0384, 0.0732, 0.1679],
        [0.0732, 0.1679, 0.3445]])
2024-02-27 18:24:50,177 | INFO | hilo.kernel-accessor : Fetching kernel: cauchy
2024-02-27 18:24:50,177 | INFO | hilo.cauchy-kernel : Calculating Cauchy distribution (location: -0.03125954046845436, scale 1.1528955698013306)
2024-02-27 18:24:50,178 | INFO | hilo.cauchy-kernel : TOP-LEFT:
tensor([[0.3153, 0.1753, 0.0769],
        [0.1753, 0.0769, 0.0399],
        [0.0769, 0.0399, 0.0239]])
2024-02-27 18:24:50,178 | INFO | hilo.kernel-accessor : Fetching kernel: cauchy
2024-02-27 18:24:50,178 | INFO | hilo.cauchy-kernel : Calculating Cauchy distribution (location: -0.02006564661860466, scale 0.8344630002975464)
2024-02-27 18:24:50,179 | INFO | hilo.cauchy-kernel : TOP-LEFT:
tensor([[0.4127, 0.1655, 0.0602],
        [0.1655, 0.0602, 0.0293],
        [0.0602, 0.0293, 0.0171]])
2024-02-27 18:24:50,179 | INFO | hilo.kernel-accessor : Fetching kernel: cauchy
2024-02-27 18:24:50,179 | INFO | hilo.cauchy-kernel : Calculating Cauchy distribution (location: 0.054636694490909576, scale 0.9667598605155945)
2024-02-27 18:24:50,180 | INFO | hilo.cauchy-kernel : BOTTOM-RIGHT:
tensor([[0.0198, 0.0340, 0.0691],
        [0.0340, 0.0691, 0.1785],
        [0.0691, 0.1785, 0.3480]])
2024-02-27 18:24:50,180 | INFO | hilo.kernel-accessor : Fetching kernel: cauchy
2024-02-27 18:24:50,180 | INFO | hilo.cauchy-kernel : Calculating Cauchy distribution (location: -0.10028158128261566, scale 1.21031653881073)
2024-02-27 18:24:50,180 | INFO | hilo.cauchy-kernel : TOP-LEFT:
tensor([[0.3122, 0.1721, 0.0784],
        [0.1721, 0.0784, 0.0416],
        [0.0784, 0.0416, 0.0252]])
2024-02-27 18:24:50,181 | INFO | hilo.kernel-accessor : Fetching kernel: cauchy
2024-02-27 18:24:50,181 | INFO | hilo.cauchy-kernel : Calculating Cauchy distribution (location: -0.4223802089691162, scale 1.6115511655807495)
2024-02-27 18:24:50,181 | INFO | hilo.cauchy-kernel : BOTTOM-RIGHT:
tensor([[0.0339, 0.0524, 0.0887],
        [0.0524, 0.0887, 0.1624],
        [0.0887, 0.1624, 0.2704]])
2024-02-27 18:26:10,777 | INFO | hilo : Epoch   3/200 | Accuracy:  42.1875 | Loss:   1.5637
2024-02-27 18:26:10,777 | INFO | hilo.kernel-accessor : Fetching kernel: cauchy
2024-02-27 18:26:10,777 | INFO | hilo.cauchy-kernel : Calculating Cauchy distribution (location: -0.01637198030948639, scale 0.7468582391738892)
2024-02-27 18:26:10,777 | INFO | hilo.cauchy-kernel : TOP-LEFT:
tensor([[0.4519, 0.1585, 0.0545],
        [0.1585, 0.0545, 0.0261],
        [0.0545, 0.0261, 0.0151]])
2024-02-27 18:26:10,778 | INFO | hilo.kernel-accessor : Fetching kernel: cauchy
2024-02-27 18:26:10,778 | INFO | hilo.cauchy-kernel : Calculating Cauchy distribution (location: -0.631779670715332, scale 1.8537853956222534)
2024-02-27 18:26:10,778 | INFO | hilo.cauchy-kernel : TOP-LEFT:
tensor([[0.2510, 0.1579, 0.0929],
        [0.1579, 0.0929, 0.0579],
        [0.0929, 0.0579, 0.0387]])
2024-02-27 18:26:10,778 | INFO | hilo.kernel-accessor : Fetching kernel: cauchy
2024-02-27 18:26:10,778 | INFO | hilo.cauchy-kernel : Calculating Cauchy distribution (location: -0.3666732907295227, scale 1.0122798681259155)
2024-02-27 18:26:10,779 | INFO | hilo.cauchy-kernel : TOP-LEFT:
tensor([[0.3889, 0.1558, 0.0680],
        [0.1558, 0.0680, 0.0365],
        [0.0680, 0.0365, 0.0224]])
2024-02-27 18:26:10,779 | INFO | hilo.kernel-accessor : Fetching kernel: cauchy
2024-02-27 18:26:10,779 | INFO | hilo.cauchy-kernel : Calculating Cauchy distribution (location: -0.22981247305870056, scale 0.9762948751449585)
2024-02-27 18:26:10,779 | INFO | hilo.cauchy-kernel : TOP-LEFT:
tensor([[0.3913, 0.1597, 0.0664],
        [0.1597, 0.0664, 0.0346],
        [0.0664, 0.0346, 0.0209]])
2024-02-27 18:26:10,779 | INFO | hilo.kernel-accessor : Fetching kernel: cauchy
2024-02-27 18:26:10,779 | INFO | hilo.cauchy-kernel : Calculating Cauchy distribution (location: -0.05637086182832718, scale 0.8695549368858337)
2024-02-27 18:26:10,780 | INFO | hilo.cauchy-kernel : BOTTOM-RIGHT:
tensor([[0.0179, 0.0305, 0.0619],
        [0.0305, 0.0619, 0.1647],
        [0.0619, 0.1647, 0.4061]])
2024-02-27 18:26:10,780 | INFO | hilo.kernel-accessor : Fetching kernel: cauchy
2024-02-27 18:26:10,780 | INFO | hilo.cauchy-kernel : Calculating Cauchy distribution (location: -0.0580248162150383, scale 0.7887942790985107)
2024-02-27 18:26:10,780 | INFO | hilo.cauchy-kernel : BOTTOM-RIGHT:
tensor([[0.0161, 0.0277, 0.0568],
        [0.0277, 0.0568, 0.1585],
        [0.0568, 0.1585, 0.4412]])
2024-02-27 18:26:10,780 | INFO | hilo.kernel-accessor : Fetching kernel: cauchy
2024-02-27 18:26:10,781 | INFO | hilo.cauchy-kernel : Calculating Cauchy distribution (location: -0.10713730752468109, scale 0.869620144367218)
2024-02-27 18:26:10,781 | INFO | hilo.cauchy-kernel : BOTTOM-RIGHT:
tensor([[0.0181, 0.0306, 0.0613],
        [0.0306, 0.0613, 0.1608],
        [0.0613, 0.1608, 0.4151]])
2024-02-27 18:26:10,781 | INFO | hilo.kernel-accessor : Fetching kernel: cauchy
2024-02-27 18:26:10,781 | INFO | hilo.cauchy-kernel : Calculating Cauchy distribution (location: -0.1388472467660904, scale 0.8475193381309509)
2024-02-27 18:26:10,781 | INFO | hilo.cauchy-kernel : BOTTOM-RIGHT:
tensor([[0.0177, 0.0299, 0.0598],
        [0.0299, 0.0598, 0.1570],
        [0.0598, 0.1570, 0.4290]])
2024-02-27 18:26:10,781 | INFO | hilo.kernel-accessor : Fetching kernel: cauchy
2024-02-27 18:26:10,782 | INFO | hilo.cauchy-kernel : Calculating Cauchy distribution (location: -0.05686580389738083, scale 0.8477877974510193)
2024-02-27 18:26:10,782 | INFO | hilo.cauchy-kernel : TOP-LEFT:
tensor([[0.4150, 0.1632, 0.0605],
        [0.1632, 0.0605, 0.0298],
        [0.0605, 0.0298, 0.0174]])
2024-02-27 18:26:10,782 | INFO | hilo.kernel-accessor : Fetching kernel: cauchy
2024-02-27 18:26:10,782 | INFO | hilo.cauchy-kernel : Calculating Cauchy distribution (location: -0.07416678965091705, scale 0.7190973162651062)
2024-02-27 18:26:10,782 | INFO | hilo.cauchy-kernel : TOP-LEFT:
tensor([[0.4793, 0.1499, 0.0520],
        [0.1499, 0.0520, 0.0251],
        [0.0520, 0.0251, 0.0146]])
2024-02-27 18:26:10,783 | INFO | hilo.kernel-accessor : Fetching kernel: cauchy
2024-02-27 18:26:10,783 | INFO | hilo.cauchy-kernel : Calculating Cauchy distribution (location: -0.13664573431015015, scale 0.8594380617141724)
2024-02-27 18:26:10,783 | INFO | hilo.cauchy-kernel : BOTTOM-RIGHT:
tensor([[0.0180, 0.0303, 0.0605],
        [0.0303, 0.0605, 0.1580],
        [0.0605, 0.1580, 0.4238]])
2024-02-27 18:26:10,783 | INFO | hilo.kernel-accessor : Fetching kernel: cauchy
2024-02-27 18:26:10,783 | INFO | hilo.cauchy-kernel : Calculating Cauchy distribution (location: -0.08708679676055908, scale 0.8754767179489136)
2024-02-27 18:26:10,784 | INFO | hilo.cauchy-kernel : BOTTOM-RIGHT:
tensor([[0.0181, 0.0308, 0.0619],
        [0.0308, 0.0619, 0.1627],
        [0.0619, 0.1627, 0.4094]])
2024-02-27 18:26:10,784 | INFO | hilo.kernel-accessor : Fetching kernel: cauchy
2024-02-27 18:26:10,784 | INFO | hilo.cauchy-kernel : Calculating Cauchy distribution (location: -0.06529410183429718, scale 0.9605216979980469)
2024-02-27 18:26:10,784 | INFO | hilo.cauchy-kernel : TOP-LEFT:
tensor([[0.3746, 0.1687, 0.0669],
        [0.1687, 0.0669, 0.0336],
        [0.0669, 0.0336, 0.0199]])
2024-02-27 18:26:10,784 | INFO | hilo.kernel-accessor : Fetching kernel: cauchy
2024-02-27 18:26:10,784 | INFO | hilo.cauchy-kernel : Calculating Cauchy distribution (location: -0.024108409881591797, scale 0.6929991245269775)
2024-02-27 18:26:10,785 | INFO | hilo.cauchy-kernel : BOTTOM-RIGHT:
tensor([[0.0139, 0.0241, 0.0507],
        [0.0241, 0.0507, 0.1517],
        [0.0507, 0.1517, 0.4824]])
2024-02-27 18:26:10,785 | INFO | hilo.kernel-accessor : Fetching kernel: cauchy
2024-02-27 18:26:10,785 | INFO | hilo.cauchy-kernel : Calculating Cauchy distribution (location: 0.036729052662849426, scale 0.7516274452209473)
2024-02-27 18:26:10,785 | INFO | hilo.cauchy-kernel : TOP-LEFT:
tensor([[0.4350, 0.1650, 0.0557],
        [0.1650, 0.0557, 0.0264],
        [0.0557, 0.0264, 0.0151]])
2024-02-27 18:26:10,785 | INFO | hilo.kernel-accessor : Fetching kernel: cauchy
2024-02-27 18:26:10,785 | INFO | hilo.cauchy-kernel : Calculating Cauchy distribution (location: -0.031672973185777664, scale 0.9151475429534912)
2024-02-27 18:26:10,786 | INFO | hilo.cauchy-kernel : BOTTOM-RIGHT:
tensor([[0.0188, 0.0321, 0.0648],
        [0.0321, 0.0648, 0.1693],
        [0.0648, 0.1693, 0.3839]])
2024-02-27 18:26:10,786 | INFO | hilo.kernel-accessor : Fetching kernel: cauchy
2024-02-27 18:26:10,786 | INFO | hilo.cauchy-kernel : Calculating Cauchy distribution (location: -0.26592862606048584, scale 1.2363468408584595)
2024-02-27 18:26:10,786 | INFO | hilo.cauchy-kernel : BOTTOM-RIGHT:
tensor([[0.0263, 0.0425, 0.0778],
        [0.0425, 0.0778, 0.1656],
        [0.0778, 0.1656, 0.3242]])
2024-02-27 18:27:31,437 | INFO | hilo : Epoch   4/200 | Accuracy:  31.2500 | Loss:   1.4870
2024-02-27 18:27:31,437 | INFO | hilo.kernel-accessor : Fetching kernel: cauchy
2024-02-27 18:27:31,438 | INFO | hilo.cauchy-kernel : Calculating Cauchy distribution (location: -0.007087591104209423, scale 0.8180500864982605)
2024-02-27 18:27:31,438 | INFO | hilo.cauchy-kernel : TOP-LEFT:
tensor([[0.4166, 0.1656, 0.0594],
        [0.1656, 0.0594, 0.0287],
        [0.0594, 0.0287, 0.0167]])
2024-02-27 18:27:31,439 | INFO | hilo.kernel-accessor : Fetching kernel: cauchy
2024-02-27 18:27:31,439 | INFO | hilo.cauchy-kernel : Calculating Cauchy distribution (location: -0.9596790075302124, scale 2.3491971492767334)
2024-02-27 18:27:31,440 | INFO | hilo.cauchy-kernel : TOP-LEFT:
tensor([[0.2198, 0.1512, 0.0991],
        [0.1512, 0.0991, 0.0668],
        [0.0991, 0.0668, 0.0470]])
2024-02-27 18:27:31,440 | INFO | hilo.kernel-accessor : Fetching kernel: cauchy
2024-02-27 18:27:31,440 | INFO | hilo.cauchy-kernel : Calculating Cauchy distribution (location: -0.5228983163833618, scale 1.144716501235962)
2024-02-27 18:27:31,441 | INFO | hilo.cauchy-kernel : TOP-LEFT:
tensor([[0.3577, 0.1561, 0.0738],
        [0.1561, 0.0738, 0.0413],
        [0.0738, 0.0413, 0.0260]])
2024-02-27 18:27:31,441 | INFO | hilo.kernel-accessor : Fetching kernel: cauchy
2024-02-27 18:27:31,441 | INFO | hilo.cauchy-kernel : Calculating Cauchy distribution (location: -0.2691199481487274, scale 0.9672168493270874)
2024-02-27 18:27:31,442 | INFO | hilo.cauchy-kernel : BOTTOM-RIGHT:
tensor([[0.0209, 0.0345, 0.0659],
        [0.0345, 0.0659, 0.1574],
        [0.0659, 0.1574, 0.3977]])
2024-02-27 18:27:31,442 | INFO | hilo.kernel-accessor : Fetching kernel: cauchy
2024-02-27 18:27:31,443 | INFO | hilo.cauchy-kernel : Calculating Cauchy distribution (location: -0.01684754155576229, scale 0.8159253001213074)
2024-02-27 18:27:31,443 | INFO | hilo.cauchy-kernel : TOP-LEFT:
tensor([[0.4198, 0.1645, 0.0591],
        [0.1645, 0.0591, 0.0286],
        [0.0591, 0.0286, 0.0166]])
2024-02-27 18:27:31,443 | INFO | hilo.kernel-accessor : Fetching kernel: cauchy
2024-02-27 18:27:31,444 | INFO | hilo.cauchy-kernel : Calculating Cauchy distribution (location: -0.01722583919763565, scale 0.7380237579345703)
2024-02-27 18:27:31,444 | INFO | hilo.cauchy-kernel : TOP-LEFT:
tensor([[0.4566, 0.1575, 0.0539],
        [0.1575, 0.0539, 0.0258],
        [0.0539, 0.0258, 0.0149]])
2024-02-27 18:27:31,445 | INFO | hilo.kernel-accessor : Fetching kernel: cauchy
2024-02-27 18:27:31,445 | INFO | hilo.cauchy-kernel : Calculating Cauchy distribution (location: -0.1334981769323349, scale 0.7516528367996216)
2024-02-27 18:27:31,445 | INFO | hilo.cauchy-kernel : BOTTOM-RIGHT:
tensor([[0.0156, 0.0265, 0.0538],
        [0.0265, 0.0538, 0.1488],
        [0.0538, 0.1488, 0.4723]])
2024-02-27 18:27:31,446 | INFO | hilo.kernel-accessor : Fetching kernel: cauchy
2024-02-27 18:27:31,446 | INFO | hilo.cauchy-kernel : Calculating Cauchy distribution (location: -0.06526893377304077, scale 0.6734909415245056)
2024-02-27 18:27:31,446 | INFO | hilo.cauchy-kernel : BOTTOM-RIGHT:
tensor([[0.0136, 0.0234, 0.0488],
        [0.0234, 0.0488, 0.1450],
        [0.0488, 0.1450, 0.5031]])
2024-02-27 18:27:31,447 | INFO | hilo.kernel-accessor : Fetching kernel: cauchy
2024-02-27 18:27:31,447 | INFO | hilo.cauchy-kernel : Calculating Cauchy distribution (location: 0.020334910601377487, scale 0.732503354549408)
2024-02-27 18:27:31,447 | INFO | hilo.cauchy-kernel : TOP-LEFT:
tensor([[0.4492, 0.1612, 0.0541],
        [0.1612, 0.0541, 0.0256],
        [0.0541, 0.0256, 0.0147]])
2024-02-27 18:27:31,448 | INFO | hilo.kernel-accessor : Fetching kernel: cauchy
2024-02-27 18:27:31,448 | INFO | hilo.cauchy-kernel : Calculating Cauchy distribution (location: 0.016276616603136063, scale 0.6632739305496216)
2024-02-27 18:27:31,449 | INFO | hilo.cauchy-kernel : BOTTOM-RIGHT:
tensor([[0.0132, 0.0230, 0.0491],
        [0.0230, 0.0491, 0.1527],
        [0.0491, 0.1527, 0.4882]])
2024-02-27 18:27:31,449 | INFO | hilo.kernel-accessor : Fetching kernel: cauchy
2024-02-27 18:27:31,449 | INFO | hilo.cauchy-kernel : Calculating Cauchy distribution (location: -0.09039529412984848, scale 0.738776683807373)
2024-02-27 18:27:31,450 | INFO | hilo.cauchy-kernel : TOP-LEFT:
tensor([[0.4720, 0.1507, 0.0532],
        [0.1507, 0.0532, 0.0259],
        [0.0532, 0.0259, 0.0151]])
2024-02-27 18:27:31,450 | INFO | hilo.kernel-accessor : Fetching kernel: cauchy
2024-02-27 18:27:31,450 | INFO | hilo.cauchy-kernel : Calculating Cauchy distribution (location: -0.01826084777712822, scale 0.7860923409461975)
2024-02-27 18:27:31,451 | INFO | hilo.cauchy-kernel : TOP-LEFT:
tensor([[0.4335, 0.1620, 0.0571],
        [0.1620, 0.0571, 0.0276],
        [0.0571, 0.0276, 0.0160]])
2024-02-27 18:27:31,451 | INFO | hilo.kernel-accessor : Fetching kernel: cauchy
2024-02-27 18:27:31,451 | INFO | hilo.cauchy-kernel : Calculating Cauchy distribution (location: 0.036488357931375504, scale 0.84671950340271)
2024-02-27 18:27:31,452 | INFO | hilo.cauchy-kernel : TOP-LEFT:
tensor([[0.3938, 0.1719, 0.0619],
        [0.1719, 0.0619, 0.0298],
        [0.0619, 0.0298, 0.0172]])
2024-02-27 18:27:31,452 | INFO | hilo.kernel-accessor : Fetching kernel: cauchy
2024-02-27 18:27:31,452 | INFO | hilo.cauchy-kernel : Calculating Cauchy distribution (location: -0.008525360375642776, scale 0.626767635345459)
2024-02-27 18:27:31,453 | INFO | hilo.cauchy-kernel : BOTTOM-RIGHT:
tensor([[0.0124, 0.0215, 0.0460],
        [0.0215, 0.0460, 0.1443],
        [0.0460, 0.1443, 0.5180]])
2024-02-27 18:27:31,453 | INFO | hilo.kernel-accessor : Fetching kernel: cauchy
2024-02-27 18:27:31,453 | INFO | hilo.cauchy-kernel : Calculating Cauchy distribution (location: 0.08061067759990692, scale 0.6267238855361938)
2024-02-27 18:27:31,454 | INFO | hilo.cauchy-kernel : TOP-LEFT:
tensor([[0.4869, 0.1570, 0.0477],
        [0.1570, 0.0477, 0.0218],
        [0.0477, 0.0218, 0.0123]])
2024-02-27 18:27:31,454 | INFO | hilo.kernel-accessor : Fetching kernel: cauchy
2024-02-27 18:27:31,454 | INFO | hilo.cauchy-kernel : Calculating Cauchy distribution (location: -0.0497521236538887, scale 0.7178730964660645)
2024-02-27 18:27:31,455 | INFO | hilo.cauchy-kernel : BOTTOM-RIGHT:
tensor([[0.0145, 0.0251, 0.0521],
        [0.0251, 0.0521, 0.1520],
        [0.0521, 0.1520, 0.4749]])
2024-02-27 18:27:31,455 | INFO | hilo.kernel-accessor : Fetching kernel: cauchy
2024-02-27 18:27:31,455 | INFO | hilo.cauchy-kernel : Calculating Cauchy distribution (location: -0.07573790848255157, scale 0.8379275798797607)
2024-02-27 18:27:31,456 | INFO | hilo.cauchy-kernel : TOP-LEFT:
tensor([[0.4228, 0.1609, 0.0597],
        [0.1609, 0.0597, 0.0294],
        [0.0597, 0.0294, 0.0173]])
2024-02-27 18:28:52,115 | INFO | hilo : Epoch   5/200 | Accuracy:  44.9119 | Loss:   1.4072
2024-02-27 18:28:52,116 | INFO | hilo.kernel-accessor : Fetching kernel: cauchy
2024-02-27 18:28:52,116 | INFO | hilo.cauchy-kernel : Calculating Cauchy distribution (location: -0.031196724623441696, scale 0.786998987197876)
2024-02-27 18:28:52,117 | INFO | hilo.cauchy-kernel : TOP-LEFT:
tensor([[0.4362, 0.1608, 0.0570],
        [0.1608, 0.0570, 0.0276],
        [0.0570, 0.0276, 0.0160]])
2024-02-27 18:28:52,117 | INFO | hilo.kernel-accessor : Fetching kernel: cauchy
2024-02-27 18:28:52,118 | INFO | hilo.cauchy-kernel : Calculating Cauchy distribution (location: -0.890232503414154, scale 2.1588995456695557)
2024-02-27 18:28:52,118 | INFO | hilo.cauchy-kernel : TOP-LEFT:
tensor([[0.2313, 0.1532, 0.0969],
        [0.1532, 0.0969, 0.0637],
        [0.0969, 0.0637, 0.0441]])
2024-02-27 18:28:52,119 | INFO | hilo.kernel-accessor : Fetching kernel: cauchy
2024-02-27 18:28:52,119 | INFO | hilo.cauchy-kernel : Calculating Cauchy distribution (location: -0.5583852529525757, scale 1.1089317798614502)
2024-02-27 18:28:52,120 | INFO | hilo.cauchy-kernel : BOTTOM-RIGHT:
tensor([[0.0257, 0.0407, 0.0726],
        [0.0407, 0.0726, 0.1544],
        [0.0726, 0.1544, 0.3664]])
2024-02-27 18:28:52,120 | INFO | hilo.kernel-accessor : Fetching kernel: cauchy
2024-02-27 18:28:52,120 | INFO | hilo.cauchy-kernel : Calculating Cauchy distribution (location: -0.18567988276481628, scale 0.959760308265686)
2024-02-27 18:28:52,121 | INFO | hilo.cauchy-kernel : BOTTOM-RIGHT:
tensor([[0.0203, 0.0339, 0.0658],
        [0.0339, 0.0658, 0.1611],
        [0.0658, 0.1611, 0.3923]])
2024-02-27 18:28:52,121 | INFO | hilo.kernel-accessor : Fetching kernel: cauchy
2024-02-27 18:28:52,121 | INFO | hilo.cauchy-kernel : Calculating Cauchy distribution (location: 0.02678219974040985, scale 0.854633629322052)
2024-02-27 18:28:52,122 | INFO | hilo.cauchy-kernel : BOTTOM-RIGHT:
tensor([[0.0174, 0.0300, 0.0622],
        [0.0300, 0.0622, 0.1714],
        [0.0622, 0.1714, 0.3932]])
2024-02-27 18:28:52,122 | INFO | hilo.kernel-accessor : Fetching kernel: cauchy
2024-02-27 18:28:52,123 | INFO | hilo.cauchy-kernel : Calculating Cauchy distribution (location: -0.02301359735429287, scale 0.7510719299316406)
2024-02-27 18:28:52,123 | INFO | hilo.cauchy-kernel : TOP-LEFT:
tensor([[0.4515, 0.1583, 0.0547],
        [0.1583, 0.0547, 0.0263],
        [0.0547, 0.0263, 0.0152]])
2024-02-27 18:28:52,123 | INFO | hilo.kernel-accessor : Fetching kernel: cauchy
2024-02-27 18:28:52,124 | INFO | hilo.cauchy-kernel : Calculating Cauchy distribution (location: -0.11371041089296341, scale 0.7351575493812561)
2024-02-27 18:28:52,124 | INFO | hilo.cauchy-kernel : TOP-LEFT:
tensor([[0.4778, 0.1485, 0.0528],
        [0.1485, 0.0528, 0.0258],
        [0.0528, 0.0258, 0.0151]])
2024-02-27 18:28:52,125 | INFO | hilo.kernel-accessor : Fetching kernel: cauchy
2024-02-27 18:28:52,125 | INFO | hilo.cauchy-kernel : Calculating Cauchy distribution (location: -0.08873621374368668, scale 0.6054316759109497)
2024-02-27 18:28:52,126 | INFO | hilo.cauchy-kernel : BOTTOM-RIGHT:
tensor([[0.0121, 0.0208, 0.0436],
        [0.0208, 0.0436, 0.1327],
        [0.0436, 0.1327, 0.5502]])
2024-02-27 18:28:52,126 | INFO | hilo.kernel-accessor : Fetching kernel: cauchy
2024-02-27 18:28:52,126 | INFO | hilo.cauchy-kernel : Calculating Cauchy distribution (location: -0.019678104668855667, scale 0.6196259260177612)
2024-02-27 18:28:52,127 | INFO | hilo.cauchy-kernel : TOP-LEFT:
tensor([[0.5257, 0.1419, 0.0453],
        [0.1419, 0.0453, 0.0213],
        [0.0453, 0.0213, 0.0122]])
2024-02-27 18:28:52,127 | INFO | hilo.kernel-accessor : Fetching kernel: cauchy
2024-02-27 18:28:52,127 | INFO | hilo.cauchy-kernel : Calculating Cauchy distribution (location: -0.031498003751039505, scale 0.5106026530265808)
2024-02-27 18:28:52,128 | INFO | hilo.cauchy-kernel : TOP-LEFT:
tensor([[0.6078, 0.1201, 0.0363],
        [0.1201, 0.0363, 0.0168],
        [0.0363, 0.0168, 0.0096]])
2024-02-27 18:28:52,128 | INFO | hilo.kernel-accessor : Fetching kernel: cauchy
2024-02-27 18:28:52,129 | INFO | hilo.cauchy-kernel : Calculating Cauchy distribution (location: -0.06036879122257233, scale 0.4893212914466858)
2024-02-27 18:28:52,129 | INFO | hilo.cauchy-kernel : BOTTOM-RIGHT:
tensor([[0.0092, 0.0160, 0.0342],
        [0.0160, 0.0342, 0.1125],
        [0.0342, 0.1125, 0.6312]])
2024-02-27 18:28:52,129 | INFO | hilo.kernel-accessor : Fetching kernel: cauchy
2024-02-27 18:28:52,130 | INFO | hilo.cauchy-kernel : Calculating Cauchy distribution (location: 0.01161549799144268, scale 0.4506551921367645)
2024-02-27 18:28:52,130 | INFO | hilo.cauchy-kernel : TOP-LEFT:
tensor([[0.6459, 0.1112, 0.0316],
        [0.1112, 0.0316, 0.0144],
        [0.0316, 0.0144, 0.0081]])
