2023-12-29 06:24:25,862 | INFO | hilo : 
+==============================================================+
|                                                              |
| ██████╗  █████╗ ██████╗ ██╗         ██╗      █████╗ ██████╗  |
| ██╔══██╗██╔══██╗██╔══██╗██║         ██║     ██╔══██╗██╔══██╗ |
| ██║  ██║███████║██║  ██║██║         ██║     ███████║██████╔╝ |
| ██║  ██║██╔══██║██║  ██║██║         ██║     ██╔══██║██╔══██╗ |
| ██████╔╝██║  ██║██████╔╝███████╗    ███████╗██║  ██║██████╔╝ |
| ╚═════╝ ╚═╝  ╚═╝╚═════╝ ╚══════╝    ╚══════╝╚═╝  ╚═╝╚═════╝  |
+==============================================================+
|             Hi-Lo Resolution Image Classification            |
|             -------------------------------------            |
|                       Gabriel C. Trahan                      |
|                          Sahan Ahmad                         |
|                       MD  Aminual Islam                      |
+==============================================================+
2023-12-29 06:24:27,483 | INFO | hilo.dataset-accessor : Fetching dataset: cifar10
2023-12-29 06:24:27,483 | INFO | hilo.cifar10-dataset : Initializing transform
2023-12-29 06:24:27,483 | INFO | hilo.cifar10-dataset : Verifying/downloading train data
2023-12-29 06:24:28,086 | INFO | hilo.cifar10-dataset : Verifying/downloading test data
2023-12-29 06:24:28,572 | INFO | hilo.cifar10-dataset : Creating train data loader.
2023-12-29 06:24:28,572 | INFO | hilo.cifar10-dataset : Creating test data loader.
2023-12-29 06:24:28,599 | INFO | hilo : Output directory: output/normal/cifar10/gumbel/12/20231229_062427/
2023-12-29 06:24:28,640 | INFO | hilo : Using device: NVIDIA GeForce GTX 1060 6GB
2023-12-29 06:24:29,597 | INFO | hilo : Exeucting job: MODEL normal | DATASET cifar10 | KERNEL gumbel | TYPE 12
2023-12-29 06:24:29,597 | INFO | hilo : Commencing training phase...
2023-12-29 06:24:29,597 | INFO | hilo.kernel-accessor : Fetching kernel: gumbel
2023-12-29 06:24:29,598 | INFO | hilo.gumbel-kernel : Calculating Gumbel distribution (location: 0.0, scale 1.0)
2023-12-29 06:24:29,599 | INFO | hilo.gumbel-kernel : BOTTOM-RIGHT:
tensor([[8.5377e-26, 2.2609e-10, 2.0072e-04],
        [2.2609e-10, 2.0072e-04, 5.8259e-02],
        [2.0072e-04, 5.8259e-02, 8.8288e-01]])
2023-12-29 06:24:29,599 | INFO | hilo.kernel-accessor : Fetching kernel: gumbel
2023-12-29 06:24:29,599 | INFO | hilo.gumbel-kernel : Calculating Gumbel distribution (location: 0.0, scale 1.0)
2023-12-29 06:24:29,599 | INFO | hilo.gumbel-kernel : STATIC:
tensor([[8.8288e-01, 5.8259e-02, 2.0072e-04],
        [5.8259e-02, 2.0072e-04, 2.2609e-10],
        [2.0072e-04, 2.2609e-10, 8.5377e-26]])
2023-12-29 06:24:29,599 | INFO | hilo.kernel-accessor : Fetching kernel: gumbel
2023-12-29 06:24:29,599 | INFO | hilo.gumbel-kernel : Calculating Gumbel distribution (location: 0.0, scale 1.0)
2023-12-29 06:24:29,600 | INFO | hilo.gumbel-kernel : BOTTOM-LEFT:
tensor([[2.0072e-04, 2.2609e-10, 8.5377e-26],
        [5.8259e-02, 2.0072e-04, 2.2609e-10],
        [8.8288e-01, 5.8259e-02, 2.0072e-04]])
2023-12-29 06:24:29,600 | INFO | hilo.kernel-accessor : Fetching kernel: gumbel
2023-12-29 06:24:29,600 | INFO | hilo.gumbel-kernel : Calculating Gumbel distribution (location: 0.0, scale 1.0)
2023-12-29 06:24:29,600 | INFO | hilo.gumbel-kernel : BOTTOM-RIGHT:
tensor([[8.5377e-26, 2.2609e-10, 2.0072e-04],
        [2.2609e-10, 2.0072e-04, 5.8259e-02],
        [2.0072e-04, 5.8259e-02, 8.8288e-01]])
2023-12-29 06:24:38,773 | INFO | hilo : Epoch   1/200 | Accuracy:  43.1250 | Loss:   1.9488
2023-12-29 06:24:38,774 | INFO | hilo.kernel-accessor : Fetching kernel: gumbel
2023-12-29 06:24:38,774 | INFO | hilo.gumbel-kernel : Calculating Gumbel distribution (location: -0.04446884244680405, scale 0.4434869587421417)
2023-12-29 06:24:38,775 | INFO | hilo.gumbel-kernel : BOTTOM-LEFT:
tensor([[0.0000e+00, 0.0000e+00, 0.0000e+00],
        [3.1007e-06, 0.0000e+00, 0.0000e+00],
        [9.9999e-01, 3.1007e-06, 0.0000e+00]])
2023-12-29 06:24:38,775 | INFO | hilo.kernel-accessor : Fetching kernel: gumbel
2023-12-29 06:24:38,776 | INFO | hilo.gumbel-kernel : Calculating Gumbel distribution (location: -0.4081883728504181, scale 0.6394395232200623)
2023-12-29 06:24:38,776 | INFO | hilo.gumbel-kernel : BOTTOM-LEFT:
tensor([[4.6477e-36, 0.0000e+00, 0.0000e+00],
        [2.7550e-07, 4.6477e-36, 0.0000e+00],
        [1.0000e+00, 2.7550e-07, 4.6477e-36]])
2023-12-29 06:24:38,776 | INFO | hilo.kernel-accessor : Fetching kernel: gumbel
2023-12-29 06:24:38,777 | INFO | hilo.gumbel-kernel : Calculating Gumbel distribution (location: -0.8631582856178284, scale 1.1389873027801514)
2023-12-29 06:24:38,777 | INFO | hilo.gumbel-kernel : BOTTOM-RIGHT:
tensor([[0.0000e+00, 1.9733e-27, 5.8704e-11],
        [1.9733e-27, 5.8704e-11, 6.8909e-04],
        [5.8704e-11, 6.8909e-04, 9.9862e-01]])
2023-12-29 06:24:38,777 | INFO | hilo.kernel-accessor : Fetching kernel: gumbel
2023-12-29 06:24:38,778 | INFO | hilo.gumbel-kernel : Calculating Gumbel distribution (location: -0.6146606206893921, scale 0.8103474378585815)
2023-12-29 06:24:38,778 | INFO | hilo.gumbel-kernel : STATIC:
tensor([[9.9999e-01, 4.3964e-06, 3.5218e-23],
        [4.3964e-06, 3.5219e-23, 0.0000e+00],
        [3.5218e-23, 0.0000e+00, 0.0000e+00]])
2023-12-29 06:24:46,826 | INFO | hilo : Epoch   2/200 | Accuracy:  52.1484 | Loss:   1.2756
2023-12-29 06:24:46,826 | INFO | hilo.kernel-accessor : Fetching kernel: gumbel
2023-12-29 06:24:46,826 | INFO | hilo.gumbel-kernel : Calculating Gumbel distribution (location: -0.11452363431453705, scale 0.4993915855884552)
2023-12-29 06:24:46,827 | INFO | hilo.gumbel-kernel : BOTTOM-RIGHT:
tensor([[0.0000e+00, 0.0000e+00, 1.7948e-39],
        [0.0000e+00, 1.7948e-39, 5.3518e-06],
        [1.7948e-39, 5.3518e-06, 9.9999e-01]])
2023-12-29 06:24:46,828 | INFO | hilo.kernel-accessor : Fetching kernel: gumbel
2023-12-29 06:24:46,828 | INFO | hilo.gumbel-kernel : Calculating Gumbel distribution (location: -0.6096338629722595, scale 0.7925388216972351)
2023-12-29 06:24:46,829 | INFO | hilo.gumbel-kernel : BOTTOM-RIGHT:
tensor([[0.0000e+00, 0.0000e+00, 5.0019e-25],
        [0.0000e+00, 5.0019e-25, 2.1449e-06],
        [5.0019e-25, 2.1449e-06, 1.0000e+00]])
2023-12-29 06:24:46,829 | INFO | hilo.kernel-accessor : Fetching kernel: gumbel
2023-12-29 06:24:46,829 | INFO | hilo.gumbel-kernel : Calculating Gumbel distribution (location: -1.186490535736084, scale 1.6599124670028687)
2023-12-29 06:24:46,830 | INFO | hilo.gumbel-kernel : STATIC:
tensor([[9.6644e-01, 1.6754e-02, 1.6736e-05],
        [1.6754e-02, 1.6736e-05, 9.1073e-11],
        [1.6736e-05, 9.1073e-11, 3.6314e-20]])
2023-12-29 06:24:46,830 | INFO | hilo.kernel-accessor : Fetching kernel: gumbel
2023-12-29 06:24:46,830 | INFO | hilo.gumbel-kernel : Calculating Gumbel distribution (location: -1.2954587936401367, scale 1.4236271381378174)
2023-12-29 06:24:46,831 | INFO | hilo.gumbel-kernel : BOTTOM-LEFT:
tensor([[1.4041e-09, 5.2083e-21, 0.0000e+00],
        [9.2022e-04, 1.4041e-09, 5.2083e-21],
        [9.9816e-01, 9.2022e-04, 1.4041e-09]])
2023-12-29 06:24:54,957 | INFO | hilo : Epoch   3/200 | Accuracy:  53.6044 | Loss:   1.3121
2023-12-29 06:24:54,957 | INFO | hilo.kernel-accessor : Fetching kernel: gumbel
2023-12-29 06:24:54,957 | INFO | hilo.gumbel-kernel : Calculating Gumbel distribution (location: -0.09637107700109482, scale 0.5437416434288025)
2023-12-29 06:24:54,958 | INFO | hilo.gumbel-kernel : STATIC:
tensor([[9.9983e-01, 8.4300e-05, 3.3258e-26],
        [8.4300e-05, 3.3259e-26, 0.0000e+00],
        [3.3258e-26, 0.0000e+00, 0.0000e+00]])
2023-12-29 06:24:54,958 | INFO | hilo.kernel-accessor : Fetching kernel: gumbel
2023-12-29 06:24:54,958 | INFO | hilo.gumbel-kernel : Calculating Gumbel distribution (location: -0.6785095930099487, scale 0.9519123435020447)
2023-12-29 06:24:54,958 | INFO | hilo.gumbel-kernel : BOTTOM-RIGHT:
tensor([[0.0000e+00, 1.4223e-42, 1.3321e-14],
        [1.4223e-42, 1.3321e-14, 1.5298e-04],
        [1.3321e-14, 1.5298e-04, 9.9969e-01]])
2023-12-29 06:24:54,958 | INFO | hilo.kernel-accessor : Fetching kernel: gumbel
2023-12-29 06:24:54,958 | INFO | hilo.gumbel-kernel : Calculating Gumbel distribution (location: -1.7503249645233154, scale 2.2446179389953613)
2023-12-29 06:24:54,959 | INFO | hilo.gumbel-kernel : BOTTOM-RIGHT:
tensor([[9.5336e-12, 3.8522e-07, 4.0336e-04],
        [3.8522e-07, 4.0336e-04, 4.0695e-02],
        [4.0336e-04, 4.0695e-02, 9.1740e-01]])
2023-12-29 06:24:54,959 | INFO | hilo.kernel-accessor : Fetching kernel: gumbel
2023-12-29 06:24:54,959 | INFO | hilo.gumbel-kernel : Calculating Gumbel distribution (location: -1.9034228324890137, scale 2.2161285877227783)
2023-12-29 06:24:54,959 | INFO | hilo.gumbel-kernel : STATIC:
tensor([[9.4927e-01, 2.5201e-02, 1.0927e-04],
        [2.5201e-02, 1.0927e-04, 2.7533e-08],
        [1.0927e-04, 2.7533e-08, 7.9586e-14]])
2023-12-29 06:25:03,278 | INFO | hilo : Epoch   4/200 | Accuracy:  61.7188 | Loss:   1.1106
2023-12-29 06:25:03,278 | INFO | hilo.kernel-accessor : Fetching kernel: gumbel
2023-12-29 06:25:03,279 | INFO | hilo.gumbel-kernel : Calculating Gumbel distribution (location: 0.020725002512335777, scale 0.5416475534439087)
2023-12-29 06:25:03,279 | INFO | hilo.gumbel-kernel : BOTTOM-LEFT:
tensor([[4.4501e-18, 0.0000e+00, 0.0000e+00],
        [1.1236e-03, 4.4501e-18, 0.0000e+00],
        [9.9775e-01, 1.1236e-03, 4.4501e-18]])
2023-12-29 06:25:03,280 | INFO | hilo.kernel-accessor : Fetching kernel: gumbel
2023-12-29 06:25:03,280 | INFO | hilo.gumbel-kernel : Calculating Gumbel distribution (location: -0.6872737407684326, scale 0.9556384086608887)
2023-12-29 06:25:03,280 | INFO | hilo.gumbel-kernel : STATIC:
tensor([[9.9971e-01, 1.4608e-04, 1.2116e-14],
        [1.4608e-04, 1.2116e-14, 1.5260e-42],
        [1.2116e-14, 1.5260e-42, 0.0000e+00]])
2023-12-29 06:25:03,281 | INFO | hilo.kernel-accessor : Fetching kernel: gumbel
2023-12-29 06:25:03,281 | INFO | hilo.gumbel-kernel : Calculating Gumbel distribution (location: -2.1376566886901855, scale 2.7592670917510986)
2023-12-29 06:25:03,282 | INFO | hilo.gumbel-kernel : BOTTOM-LEFT:
tensor([[2.7153e-03, 2.7065e-05, 4.2223e-08],
        [7.4927e-02, 2.7153e-03, 2.7065e-05],
        [8.4195e-01, 7.4927e-02, 2.7153e-03]])
2023-12-29 06:25:03,282 | INFO | hilo.kernel-accessor : Fetching kernel: gumbel
2023-12-29 06:25:03,282 | INFO | hilo.gumbel-kernel : Calculating Gumbel distribution (location: -1.9665781259536743, scale 2.347968101501465)
2023-12-29 06:25:03,283 | INFO | hilo.gumbel-kernel : BOTTOM-RIGHT:
tensor([[6.4144e-12, 2.5727e-07, 3.0288e-04],
        [2.5727e-07, 3.0288e-04, 3.5586e-02],
        [3.0288e-04, 3.5586e-02, 9.2792e-01]])
2023-12-29 06:25:11,427 | INFO | hilo : Epoch   5/200 | Accuracy:  55.5804 | Loss:   1.0903
2023-12-29 06:25:11,427 | INFO | hilo.kernel-accessor : Fetching kernel: gumbel
2023-12-29 06:25:11,428 | INFO | hilo.gumbel-kernel : Calculating Gumbel distribution (location: -0.0616852268576622, scale 0.507071316242218)
2023-12-29 06:25:11,429 | INFO | hilo.gumbel-kernel : BOTTOM-LEFT:
tensor([[1.7324e-30, 0.0000e+00, 0.0000e+00],
        [5.2122e-05, 1.7325e-30, 0.0000e+00],
        [9.9990e-01, 5.2122e-05, 1.7324e-30]])
2023-12-29 06:25:11,429 | INFO | hilo.kernel-accessor : Fetching kernel: gumbel
2023-12-29 06:25:11,429 | INFO | hilo.gumbel-kernel : Calculating Gumbel distribution (location: -0.6487826108932495, scale 0.8819395899772644)
2023-12-29 06:25:11,430 | INFO | hilo.gumbel-kernel : BOTTOM-RIGHT:
tensor([[0.0000e+00, 0.0000e+00, 4.3836e-18],
        [0.0000e+00, 4.3837e-18, 3.3227e-05],
        [4.3836e-18, 3.3227e-05, 9.9993e-01]])
2023-12-29 06:25:11,430 | INFO | hilo.kernel-accessor : Fetching kernel: gumbel
2023-12-29 06:25:11,430 | INFO | hilo.gumbel-kernel : Calculating Gumbel distribution (location: -1.8696002960205078, scale 2.6037843227386475)
2023-12-29 06:25:11,431 | INFO | hilo.gumbel-kernel : BOTTOM-LEFT:
tensor([[2.9973e-03, 2.9311e-05, 3.9303e-08],
        [7.9198e-02, 2.9973e-03, 2.9311e-05],
        [8.3255e-01, 7.9198e-02, 2.9973e-03]])
2023-12-29 06:25:11,431 | INFO | hilo.kernel-accessor : Fetching kernel: gumbel
2023-12-29 06:25:11,431 | INFO | hilo.gumbel-kernel : Calculating Gumbel distribution (location: -1.7479020357131958, scale 1.9739528894424438)
2023-12-29 06:25:11,432 | INFO | hilo.gumbel-kernel : STATIC:
tensor([[9.7560e-01, 1.2184e-02, 1.1798e-05],
        [1.2184e-02, 1.1798e-05, 1.6399e-10],
        [1.1798e-05, 1.6399e-10, 1.9913e-18]])
2023-12-29 06:25:19,786 | INFO | hilo : Epoch   6/200 | Accuracy:  57.6705 | Loss:   1.4295
2023-12-29 06:25:19,786 | INFO | hilo.kernel-accessor : Fetching kernel: gumbel
2023-12-29 06:25:19,787 | INFO | hilo.gumbel-kernel : Calculating Gumbel distribution (location: 0.0015566116198897362, scale 0.5119422674179077)
2023-12-29 06:25:19,787 | INFO | hilo.gumbel-kernel : BOTTOM-LEFT:
tensor([[1.8468e-23, 0.0000e+00, 0.0000e+00],
        [3.4582e-04, 1.8468e-23, 0.0000e+00],
        [9.9931e-01, 3.4582e-04, 1.8468e-23]])
2023-12-29 06:25:19,788 | INFO | hilo.kernel-accessor : Fetching kernel: gumbel
2023-12-29 06:25:19,788 | INFO | hilo.gumbel-kernel : Calculating Gumbel distribution (location: -0.6965892314910889, scale 0.9311900734901428)
2023-12-29 06:25:19,789 | INFO | hilo.gumbel-kernel : BOTTOM-RIGHT:
tensor([[0.0000e+00, 0.0000e+00, 2.5005e-16],
        [0.0000e+00, 2.5005e-16, 6.2787e-05],
        [2.5005e-16, 6.2787e-05, 9.9987e-01]])
2023-12-29 06:25:19,789 | INFO | hilo.kernel-accessor : Fetching kernel: gumbel
2023-12-29 06:25:19,789 | INFO | hilo.gumbel-kernel : Calculating Gumbel distribution (location: -1.9641640186309814, scale 2.544353723526001)
2023-12-29 06:25:19,790 | INFO | hilo.gumbel-kernel : BOTTOM-LEFT:
tensor([[1.4769e-03, 7.0729e-06, 3.1274e-09],
        [6.1753e-02, 1.4769e-03, 7.0729e-06],
        [8.7205e-01, 6.1753e-02, 1.4769e-03]])
2023-12-29 06:25:19,790 | INFO | hilo.kernel-accessor : Fetching kernel: gumbel
2023-12-29 06:25:19,790 | INFO | hilo.gumbel-kernel : Calculating Gumbel distribution (location: -2.0128846168518066, scale 2.2144854068756104)
2023-12-29 06:25:19,791 | INFO | hilo.gumbel-kernel : BOTTOM-RIGHT:
tensor([[3.8923e-15, 5.0523e-09, 4.6412e-05],
        [5.0523e-09, 4.6412e-05, 1.8236e-02],
        [4.6412e-05, 1.8236e-02, 9.6339e-01]])
2023-12-29 06:25:28,101 | INFO | hilo : Epoch   7/200 | Accuracy:  61.4583 | Loss:   1.4298
2023-12-29 06:25:28,101 | INFO | hilo.kernel-accessor : Fetching kernel: gumbel
2023-12-29 06:25:28,101 | INFO | hilo.gumbel-kernel : Calculating Gumbel distribution (location: -0.1161903366446495, scale 0.4607134163379669)
2023-12-29 06:25:28,102 | INFO | hilo.gumbel-kernel : STATIC:
tensor([[1.0000e+00, 2.9804e-07, 0.0000e+00],
        [2.9804e-07, 0.0000e+00, 0.0000e+00],
        [0.0000e+00, 0.0000e+00, 0.0000e+00]])
2023-12-29 06:25:28,102 | INFO | hilo.kernel-accessor : Fetching kernel: gumbel
2023-12-29 06:25:28,103 | INFO | hilo.gumbel-kernel : Calculating Gumbel distribution (location: -0.6527547836303711, scale 0.8563500046730042)
2023-12-29 06:25:28,103 | INFO | hilo.gumbel-kernel : BOTTOM-RIGHT:
tensor([[0.0000e+00, 0.0000e+00, 2.3252e-20],
        [0.0000e+00, 2.3252e-20, 1.1890e-05],
        [2.3252e-20, 1.1890e-05, 9.9998e-01]])
2023-12-29 06:25:28,104 | INFO | hilo.kernel-accessor : Fetching kernel: gumbel
2023-12-29 06:25:28,104 | INFO | hilo.gumbel-kernel : Calculating Gumbel distribution (location: -1.9741424322128296, scale 2.518338203430176)
2023-12-29 06:25:28,105 | INFO | hilo.gumbel-kernel : BOTTOM-LEFT:
tensor([[1.1878e-03, 4.5248e-06, 1.3842e-09],
        [5.7227e-02, 1.1878e-03, 4.5248e-06],
        [8.8197e-01, 5.7227e-02, 1.1878e-03]])
2023-12-29 06:25:28,105 | INFO | hilo.kernel-accessor : Fetching kernel: gumbel
2023-12-29 06:25:28,105 | INFO | hilo.gumbel-kernel : Calculating Gumbel distribution (location: -2.240232467651367, scale 2.4459636211395264)
2023-12-29 06:25:28,106 | INFO | hilo.gumbel-kernel : BOTTOM-LEFT:
tensor([[1.5461e-04, 8.1045e-08, 1.1509e-12],
        [2.6820e-02, 1.5461e-04, 8.1045e-08],
        [9.4590e-01, 2.6820e-02, 1.5461e-04]])
2023-12-29 06:25:36,435 | INFO | hilo : Epoch   8/200 | Accuracy:  64.0625 | Loss:   0.9608
2023-12-29 06:25:36,435 | INFO | hilo.kernel-accessor : Fetching kernel: gumbel
2023-12-29 06:25:36,436 | INFO | hilo.gumbel-kernel : Calculating Gumbel distribution (location: -0.11169927567243576, scale 0.511498749256134)
2023-12-29 06:25:36,437 | INFO | hilo.gumbel-kernel : STATIC:
tensor([[9.9998e-01, 1.1882e-05, 2.7039e-35],
        [1.1882e-05, 2.7040e-35, 0.0000e+00],
        [2.7039e-35, 0.0000e+00, 0.0000e+00]])
2023-12-29 06:25:36,437 | INFO | hilo.kernel-accessor : Fetching kernel: gumbel
2023-12-29 06:25:36,437 | INFO | hilo.gumbel-kernel : Calculating Gumbel distribution (location: -0.7125791311264038, scale 0.8987463116645813)
2023-12-29 06:25:36,438 | INFO | hilo.gumbel-kernel : BOTTOM-RIGHT:
tensor([[0.0000e+00, 0.0000e+00, 3.3505e-19],
        [0.0000e+00, 3.3506e-19, 1.5333e-05],
        [3.3505e-19, 1.5333e-05, 9.9997e-01]])
2023-12-29 06:25:36,438 | INFO | hilo.kernel-accessor : Fetching kernel: gumbel
2023-12-29 06:25:36,438 | INFO | hilo.gumbel-kernel : Calculating Gumbel distribution (location: -1.8500006198883057, scale 2.5868778228759766)
2023-12-29 06:25:36,439 | INFO | hilo.gumbel-kernel : BOTTOM-RIGHT:
tensor([[3.4977e-08, 2.7772e-05, 2.9345e-03],
        [2.7772e-05, 2.9345e-03, 7.8774e-02],
        [2.9345e-03, 7.8774e-02, 8.3359e-01]])
2023-12-29 06:25:36,439 | INFO | hilo.kernel-accessor : Fetching kernel: gumbel
2023-12-29 06:25:36,439 | INFO | hilo.gumbel-kernel : Calculating Gumbel distribution (location: -2.361128330230713, scale 2.42604923248291)
2023-12-29 06:25:36,440 | INFO | hilo.gumbel-kernel : STATIC:
tensor([[9.6400e-01, 1.7921e-02, 5.3839e-05],
        [1.7921e-02, 5.3839e-05, 1.0315e-08],
        [5.3839e-05, 1.0315e-08, 3.0953e-14]])
2023-12-29 06:25:44,766 | INFO | hilo : Epoch   9/200 | Accuracy:  65.6250 | Loss:   1.3744
2023-12-29 06:25:44,767 | INFO | hilo.kernel-accessor : Fetching kernel: gumbel
2023-12-29 06:25:44,767 | INFO | hilo.gumbel-kernel : Calculating Gumbel distribution (location: -0.03198942542076111, scale 0.5153264999389648)
2023-12-29 06:25:44,768 | INFO | hilo.gumbel-kernel : BOTTOM-LEFT:
tensor([[9.3555e-26, 0.0000e+00, 0.0000e+00],
        [1.6803e-04, 9.3553e-26, 0.0000e+00],
        [9.9966e-01, 1.6803e-04, 9.3555e-26]])
2023-12-29 06:25:44,768 | INFO | hilo.kernel-accessor : Fetching kernel: gumbel
2023-12-29 06:25:44,769 | INFO | hilo.gumbel-kernel : Calculating Gumbel distribution (location: -0.7234207987785339, scale 0.9523499608039856)
2023-12-29 06:25:44,769 | INFO | hilo.gumbel-kernel : STATIC:
tensor([[9.9986e-01, 7.2081e-05, 7.3770e-16],
        [7.2081e-05, 7.3770e-16, 0.0000e+00],
        [7.3770e-16, 0.0000e+00, 0.0000e+00]])
2023-12-29 06:25:44,769 | INFO | hilo.kernel-accessor : Fetching kernel: gumbel
2023-12-29 06:25:44,770 | INFO | hilo.gumbel-kernel : Calculating Gumbel distribution (location: -2.1718573570251465, scale 2.613542079925537)
2023-12-29 06:25:44,770 | INFO | hilo.gumbel-kernel : BOTTOM-RIGHT:
tensor([[1.0000e-09, 3.3743e-06, 9.7157e-04],
        [3.3743e-06, 9.7157e-04, 5.2205e-02],
        [9.7157e-04, 5.2205e-02, 8.9267e-01]])
2023-12-29 06:25:44,771 | INFO | hilo.kernel-accessor : Fetching kernel: gumbel
2023-12-29 06:25:44,771 | INFO | hilo.gumbel-kernel : Calculating Gumbel distribution (location: -1.802119493484497, scale 1.997820496559143)
2023-12-29 06:25:44,771 | INFO | hilo.gumbel-kernel : STATIC:
tensor([[9.7707e-01, 1.1449e-02, 1.0336e-05],
        [1.1449e-02, 1.0336e-05, 1.3596e-10],
        [1.0336e-05, 1.3596e-10, 1.6709e-18]])
2023-12-29 06:25:53,087 | INFO | hilo : Epoch  10/200 | Accuracy:  56.2500 | Loss:   1.2041
2023-12-29 06:25:53,087 | INFO | hilo.kernel-accessor : Fetching kernel: gumbel
2023-12-29 06:25:53,088 | INFO | hilo.gumbel-kernel : Calculating Gumbel distribution (location: 0.01418299786746502, scale 0.44928422570228577)
2023-12-29 06:25:53,088 | INFO | hilo.gumbel-kernel : BOTTOM-LEFT:
tensor([[3.2292e-37, 0.0000e+00, 0.0000e+00],
        [4.6272e-05, 3.2292e-37, 0.0000e+00],
        [9.9991e-01, 4.6272e-05, 3.2292e-37]])
2023-12-29 06:25:53,089 | INFO | hilo.kernel-accessor : Fetching kernel: gumbel
2023-12-29 06:25:53,089 | INFO | hilo.gumbel-kernel : Calculating Gumbel distribution (location: -0.6668394207954407, scale 0.9084632992744446)
2023-12-29 06:25:53,090 | INFO | hilo.gumbel-kernel : STATIC:
tensor([[9.9989e-01, 5.4874e-05, 7.7501e-17],
        [5.4874e-05, 7.7501e-17, 0.0000e+00],
        [7.7501e-17, 0.0000e+00, 0.0000e+00]])
2023-12-29 06:25:53,090 | INFO | hilo.kernel-accessor : Fetching kernel: gumbel
2023-12-29 06:25:53,090 | INFO | hilo.gumbel-kernel : Calculating Gumbel distribution (location: -1.8922045230865479, scale 2.7583751678466797)
2023-12-29 06:25:53,091 | INFO | hilo.gumbel-kernel : BOTTOM-LEFT:
tensor([[5.7221e-03, 1.1350e-04, 4.7564e-07],
        [9.7783e-02, 5.7221e-03, 1.1350e-04],
        [7.8704e-01, 9.7783e-02, 5.7221e-03]])
2023-12-29 06:25:53,091 | INFO | hilo.kernel-accessor : Fetching kernel: gumbel
2023-12-29 06:25:53,091 | INFO | hilo.gumbel-kernel : Calculating Gumbel distribution (location: -2.706608295440674, scale 2.6610729694366455)
2023-12-29 06:25:53,092 | INFO | hilo.gumbel-kernel : BOTTOM-LEFT:
tensor([[8.6149e-05, 3.6334e-08, 5.2528e-13],
        [2.0142e-02, 8.6149e-05, 3.6334e-08],
        [9.5946e-01, 2.0142e-02, 8.6149e-05]])
2023-12-29 06:26:01,497 | INFO | hilo : Epoch  11/200 | Accuracy:  62.5000 | Loss:   1.1761
2023-12-29 06:26:01,497 | INFO | hilo.kernel-accessor : Fetching kernel: gumbel
2023-12-29 06:26:01,498 | INFO | hilo.gumbel-kernel : Calculating Gumbel distribution (location: -0.14389711618423462, scale 0.48648279905319214)
2023-12-29 06:26:01,499 | INFO | hilo.gumbel-kernel : BOTTOM-LEFT:
tensor([[0.0000e+00, 0.0000e+00, 0.0000e+00],
        [5.7868e-07, 0.0000e+00, 0.0000e+00],
        [1.0000e+00, 5.7868e-07, 0.0000e+00]])
2023-12-29 06:26:01,499 | INFO | hilo.kernel-accessor : Fetching kernel: gumbel
2023-12-29 06:26:01,499 | INFO | hilo.gumbel-kernel : Calculating Gumbel distribution (location: -0.7151802778244019, scale 0.9479581713676453)
2023-12-29 06:26:01,500 | INFO | hilo.gumbel-kernel : BOTTOM-LEFT:
tensor([[7.1324e-16, 0.0000e+00, 0.0000e+00],
        [7.3500e-05, 7.1325e-16, 0.0000e+00],
        [9.9985e-01, 7.3500e-05, 7.1324e-16]])
2023-12-29 06:26:01,500 | INFO | hilo.kernel-accessor : Fetching kernel: gumbel
2023-12-29 06:26:01,501 | INFO | hilo.gumbel-kernel : Calculating Gumbel distribution (location: -2.09224534034729, scale 2.7178218364715576)
2023-12-29 06:26:01,501 | INFO | hilo.gumbel-kernel : BOTTOM-RIGHT:
tensor([[3.0883e-08, 2.3209e-05, 2.5437e-03],
        [2.3209e-05, 2.5437e-03, 7.3538e-02],
        [2.5437e-03, 7.3538e-02, 8.4525e-01]])
2023-12-29 06:26:01,502 | INFO | hilo.kernel-accessor : Fetching kernel: gumbel
2023-12-29 06:26:01,502 | INFO | hilo.gumbel-kernel : Calculating Gumbel distribution (location: -2.077190399169922, scale 2.2857327461242676)
2023-12-29 06:26:01,503 | INFO | hilo.gumbel-kernel : STATIC:
tensor([[9.5763e-01, 2.1075e-02, 7.2602e-05],
        [2.1075e-02, 7.2602e-05, 1.4150e-08],
        [7.2602e-05, 1.4150e-08, 3.2257e-14]])
2023-12-29 06:26:09,929 | INFO | hilo : Epoch  12/200 | Accuracy:  61.7188 | Loss:   1.5896
2023-12-29 06:26:09,929 | INFO | hilo.kernel-accessor : Fetching kernel: gumbel
2023-12-29 06:26:09,929 | INFO | hilo.gumbel-kernel : Calculating Gumbel distribution (location: -0.09308379143476486, scale 0.5136479735374451)
2023-12-29 06:26:09,930 | INFO | hilo.gumbel-kernel : BOTTOM-RIGHT:
tensor([[0.0000e+00, 0.0000e+00, 1.9882e-32],
        [0.0000e+00, 1.9883e-32, 2.5484e-05],
        [1.9882e-32, 2.5484e-05, 9.9995e-01]])
2023-12-29 06:26:09,931 | INFO | hilo.kernel-accessor : Fetching kernel: gumbel
2023-12-29 06:26:09,931 | INFO | hilo.gumbel-kernel : Calculating Gumbel distribution (location: -0.7406562566757202, scale 0.9732428789138794)
2023-12-29 06:26:09,931 | INFO | hilo.gumbel-kernel : STATIC:
tensor([[9.9981e-01, 9.6379e-05, 3.6628e-15],
        [9.6379e-05, 3.6628e-15, 0.0000e+00],
        [3.6628e-15, 0.0000e+00, 0.0000e+00]])
2023-12-29 06:26:09,932 | INFO | hilo.kernel-accessor : Fetching kernel: gumbel
2023-12-29 06:26:09,932 | INFO | hilo.gumbel-kernel : Calculating Gumbel distribution (location: -2.097932815551758, scale 2.898134469985962)
2023-12-29 06:26:09,932 | INFO | hilo.gumbel-kernel : BOTTOM-LEFT:
tensor([[5.7700e-03, 1.2403e-04, 6.3160e-07],
        [9.6808e-02, 5.7700e-03, 1.2403e-04],
        [7.8883e-01, 9.6808e-02, 5.7700e-03]])
2023-12-29 06:26:09,933 | INFO | hilo.kernel-accessor : Fetching kernel: gumbel
2023-12-29 06:26:09,933 | INFO | hilo.gumbel-kernel : Calculating Gumbel distribution (location: -2.749055862426758, scale 2.8785417079925537)
2023-12-29 06:26:09,934 | INFO | hilo.gumbel-kernel : BOTTOM-LEFT:
tensor([[5.2401e-04, 1.3424e-06, 3.3317e-10],
        [3.9313e-02, 5.2401e-04, 1.3424e-06],
        [9.1980e-01, 3.9313e-02, 5.2401e-04]])
2023-12-29 06:26:18,321 | INFO | hilo : Epoch  13/200 | Accuracy:  61.0491 | Loss:   1.2028
2023-12-29 06:26:18,321 | INFO | hilo.kernel-accessor : Fetching kernel: gumbel
2023-12-29 06:26:18,322 | INFO | hilo.gumbel-kernel : Calculating Gumbel distribution (location: -0.05769280716776848, scale 0.502751350402832)
2023-12-29 06:26:18,323 | INFO | hilo.gumbel-kernel : STATIC:
tensor([[9.9990e-01, 4.8922e-05, 4.3216e-31],
        [4.8922e-05, 4.3216e-31, 0.0000e+00],
        [4.3216e-31, 0.0000e+00, 0.0000e+00]])
2023-12-29 06:26:18,323 | INFO | hilo.kernel-accessor : Fetching kernel: gumbel
2023-12-29 06:26:18,323 | INFO | hilo.gumbel-kernel : Calculating Gumbel distribution (location: -0.660851240158081, scale 0.992923378944397)
2023-12-29 06:26:18,324 | INFO | hilo.gumbel-kernel : BOTTOM-RIGHT:
tensor([[0.0000e+00, 3.9675e-34, 2.8005e-12],
        [3.9675e-34, 2.8005e-12, 5.0754e-04],
        [2.8005e-12, 5.0754e-04, 9.9898e-01]])
2023-12-29 06:26:18,324 | INFO | hilo.kernel-accessor : Fetching kernel: gumbel
2023-12-29 06:26:18,324 | INFO | hilo.gumbel-kernel : Calculating Gumbel distribution (location: -2.427946090698242, scale 3.155850887298584)
2023-12-29 06:26:18,325 | INFO | hilo.gumbel-kernel : BOTTOM-RIGHT:
tensor([[1.5081e-06, 1.8519e-04, 6.7112e-03],
        [1.8519e-04, 6.7112e-03, 9.9983e-02],
        [6.7112e-03, 9.9983e-02, 7.7953e-01]])
2023-12-29 06:26:18,325 | INFO | hilo.kernel-accessor : Fetching kernel: gumbel
2023-12-29 06:26:18,325 | INFO | hilo.gumbel-kernel : Calculating Gumbel distribution (location: -2.3545098304748535, scale 2.533008098602295)
2023-12-29 06:26:18,326 | INFO | hilo.gumbel-kernel : STATIC:
tensor([[9.4258e-01, 2.8424e-02, 1.9052e-04],
        [2.8424e-02, 1.9052e-04, 1.3707e-07],
        [1.9052e-04, 1.3707e-07, 3.5937e-12]])
2023-12-29 06:26:26,663 | INFO | hilo : Epoch  14/200 | Accuracy:  68.7500 | Loss:   1.1982
2023-12-29 06:26:26,663 | INFO | hilo.kernel-accessor : Fetching kernel: gumbel
2023-12-29 06:26:26,664 | INFO | hilo.gumbel-kernel : Calculating Gumbel distribution (location: -0.1270924210548401, scale 0.4964505434036255)
2023-12-29 06:26:26,665 | INFO | hilo.gumbel-kernel : BOTTOM-RIGHT:
tensor([[0.0000e+00, 0.0000e+00, 1.8231e-42],
        [0.0000e+00, 1.8231e-42, 2.6186e-06],
        [1.8231e-42, 2.6186e-06, 9.9999e-01]])
2023-12-29 06:26:26,665 | INFO | hilo.kernel-accessor : Fetching kernel: gumbel
2023-12-29 06:26:26,665 | INFO | hilo.gumbel-kernel : Calculating Gumbel distribution (location: -0.7185199856758118, scale 1.0073423385620117)
2023-12-29 06:26:26,666 | INFO | hilo.gumbel-kernel : STATIC:
tensor([[9.9937e-01, 3.1382e-04, 5.9683e-13],
        [3.1382e-04, 5.9683e-13, 9.4326e-36],
        [5.9683e-13, 9.4326e-36, 0.0000e+00]])
2023-12-29 06:26:26,666 | INFO | hilo.kernel-accessor : Fetching kernel: gumbel
2023-12-29 06:26:26,666 | INFO | hilo.gumbel-kernel : Calculating Gumbel distribution (location: -1.963028907775879, scale 2.7711687088012695)
2023-12-29 06:26:26,667 | INFO | hilo.gumbel-kernel : STATIC:
tensor([[7.9930e-01, 9.2840e-02, 4.9495e-03],
        [9.2840e-02, 4.9495e-03, 8.6342e-05],
        [4.9495e-03, 8.6342e-05, 3.0331e-07]])
2023-12-29 06:26:26,667 | INFO | hilo.kernel-accessor : Fetching kernel: gumbel
2023-12-29 06:26:26,667 | INFO | hilo.gumbel-kernel : Calculating Gumbel distribution (location: -2.0785844326019287, scale 2.539398193359375)
2023-12-29 06:26:26,668 | INFO | hilo.gumbel-kernel : BOTTOM-LEFT:
tensor([[8.6271e-04, 2.4937e-06, 5.1883e-10],
        [5.0593e-02, 8.6271e-04, 2.4937e-06],
        [8.9622e-01, 5.0593e-02, 8.6271e-04]])
2023-12-29 06:26:35,111 | INFO | hilo : Epoch  15/200 | Accuracy:  70.3125 | Loss:   1.3108
2023-12-29 06:26:35,111 | INFO | hilo.kernel-accessor : Fetching kernel: gumbel
2023-12-29 06:26:35,112 | INFO | hilo.gumbel-kernel : Calculating Gumbel distribution (location: 0.023222580552101135, scale 0.46132197976112366)
2023-12-29 06:26:35,113 | INFO | hilo.gumbel-kernel : BOTTOM-RIGHT:
tensor([[0.0000e+00, 0.0000e+00, 3.3576e-32],
        [0.0000e+00, 3.3576e-32, 1.0466e-04],
        [3.3576e-32, 1.0466e-04, 9.9979e-01]])
2023-12-29 06:26:35,113 | INFO | hilo.kernel-accessor : Fetching kernel: gumbel
2023-12-29 06:26:35,113 | INFO | hilo.gumbel-kernel : Calculating Gumbel distribution (location: -0.6539887189865112, scale 0.9932051301002502)
2023-12-29 06:26:35,114 | INFO | hilo.gumbel-kernel : STATIC:
tensor([[9.9888e-01, 5.5858e-04, 4.0261e-12],
        [5.5858e-04, 4.0261e-12, 1.2013e-33],
        [4.0261e-12, 1.2013e-33, 0.0000e+00]])
2023-12-29 06:26:35,114 | INFO | hilo.kernel-accessor : Fetching kernel: gumbel
2023-12-29 06:26:35,114 | INFO | hilo.gumbel-kernel : Calculating Gumbel distribution (location: -2.5384082794189453, scale 3.184262990951538)
2023-12-29 06:26:35,115 | INFO | hilo.gumbel-kernel : STATIC:
tensor([[7.9405e-01, 9.4253e-02, 5.7224e-03],
        [9.4253e-02, 5.7224e-03, 1.3876e-04],
        [5.7224e-03, 1.3876e-04, 9.5791e-07]])
2023-12-29 06:26:35,115 | INFO | hilo.kernel-accessor : Fetching kernel: gumbel
2023-12-29 06:26:35,115 | INFO | hilo.gumbel-kernel : Calculating Gumbel distribution (location: -2.126628875732422, scale 2.282322406768799)
2023-12-29 06:26:35,116 | INFO | hilo.gumbel-kernel : STATIC:
tensor([[9.6393e-01, 1.7962e-02, 4.7668e-05],
        [1.7962e-02, 4.7668e-05, 6.1698e-09],
        [4.7668e-05, 6.1698e-09, 7.3996e-15]])
2023-12-29 06:26:43,491 | INFO | hilo : Epoch  16/200 | Accuracy:  68.7500 | Loss:   1.0192
2023-12-29 06:26:43,491 | INFO | hilo.kernel-accessor : Fetching kernel: gumbel
2023-12-29 06:26:43,492 | INFO | hilo.gumbel-kernel : Calculating Gumbel distribution (location: 0.01265527680516243, scale 0.5207950472831726)
2023-12-29 06:26:43,492 | INFO | hilo.gumbel-kernel : BOTTOM-LEFT:
tensor([[3.1096e-21, 0.0000e+00, 0.0000e+00],
        [5.7162e-04, 3.1096e-21, 0.0000e+00],
        [9.9886e-01, 5.7162e-04, 3.1096e-21]])
2023-12-29 06:26:43,493 | INFO | hilo.kernel-accessor : Fetching kernel: gumbel
2023-12-29 06:26:43,493 | INFO | hilo.gumbel-kernel : Calculating Gumbel distribution (location: -0.7318875193595886, scale 1.0215669870376587)
2023-12-29 06:26:43,494 | INFO | hilo.gumbel-kernel : BOTTOM-RIGHT:
tensor([[0.0000e+00, 1.7060e-34, 1.1949e-12],
        [1.7060e-34, 1.1949e-12, 3.5533e-04],
        [1.1949e-12, 3.5533e-04, 9.9929e-01]])
2023-12-29 06:26:43,494 | INFO | hilo.kernel-accessor : Fetching kernel: gumbel
2023-12-29 06:26:43,494 | INFO | hilo.gumbel-kernel : Calculating Gumbel distribution (location: -1.9357154369354248, scale 2.851764440536499)
2023-12-29 06:26:43,495 | INFO | hilo.gumbel-kernel : STATIC:
tensor([[7.6662e-01, 1.0552e-01, 7.3170e-03],
        [1.0552e-01, 7.3170e-03, 1.9165e-04],
        [7.3170e-03, 1.9165e-04, 1.2597e-06]])
2023-12-29 06:26:43,495 | INFO | hilo.kernel-accessor : Fetching kernel: gumbel
2023-12-29 06:26:43,495 | INFO | hilo.gumbel-kernel : Calculating Gumbel distribution (location: -3.450979232788086, scale 3.4668691158294678)
2023-12-29 06:26:43,496 | INFO | hilo.gumbel-kernel : BOTTOM-LEFT:
tensor([[1.6316e-03, 1.5647e-05, 3.4940e-08],
        [5.7083e-02, 1.6316e-03, 1.5647e-05],
        [8.8091e-01, 5.7083e-02, 1.6316e-03]])
2023-12-29 06:26:51,934 | INFO | hilo : Epoch  17/200 | Accuracy:  64.0625 | Loss:   1.2340
2023-12-29 06:26:51,934 | INFO | hilo.kernel-accessor : Fetching kernel: gumbel
2023-12-29 06:26:51,934 | INFO | hilo.gumbel-kernel : Calculating Gumbel distribution (location: -0.0878550261259079, scale 0.48506203293800354)
2023-12-29 06:26:51,935 | INFO | hilo.gumbel-kernel : BOTTOM-LEFT:
tensor([[2.0177e-40, 0.0000e+00, 0.0000e+00],
        [6.6952e-06, 2.0178e-40, 0.0000e+00],
        [9.9999e-01, 6.6952e-06, 2.0177e-40]])
2023-12-29 06:26:51,936 | INFO | hilo.kernel-accessor : Fetching kernel: gumbel
2023-12-29 06:26:51,936 | INFO | hilo.gumbel-kernel : Calculating Gumbel distribution (location: -0.6830949187278748, scale 0.9949438571929932)
2023-12-29 06:26:51,936 | INFO | hilo.gumbel-kernel : STATIC:
tensor([[9.9922e-01, 3.9218e-04, 1.1052e-12],
        [3.9218e-04, 1.1052e-12, 2.7522e-35],
        [1.1052e-12, 2.7522e-35, 0.0000e+00]])
2023-12-29 06:26:51,937 | INFO | hilo.kernel-accessor : Fetching kernel: gumbel
2023-12-29 06:26:51,937 | INFO | hilo.gumbel-kernel : Calculating Gumbel distribution (location: -2.248805522918701, scale 3.0207583904266357)
2023-12-29 06:26:51,938 | INFO | hilo.gumbel-kernel : STATIC:
tensor([[7.8320e-01, 9.8796e-02, 6.2978e-03],
        [9.8796e-02, 6.2978e-03, 1.5520e-04],
        [6.2978e-03, 1.5520e-04, 1.0183e-06]])
2023-12-29 06:26:51,938 | INFO | hilo.kernel-accessor : Fetching kernel: gumbel
2023-12-29 06:26:51,938 | INFO | hilo.gumbel-kernel : Calculating Gumbel distribution (location: -1.839105486869812, scale 2.2427406311035156)
2023-12-29 06:26:51,939 | INFO | hilo.gumbel-kernel : BOTTOM-LEFT:
tensor([[2.2903e-04, 1.2514e-07, 1.2901e-12],
        [3.2990e-02, 2.2903e-04, 1.2514e-07],
        [9.3333e-01, 3.2990e-02, 2.2903e-04]])
2023-12-29 06:27:00,436 | INFO | hilo : Epoch  18/200 | Accuracy:  61.8750 | Loss:   1.3769
2023-12-29 06:27:00,436 | INFO | hilo.kernel-accessor : Fetching kernel: gumbel
2023-12-29 06:27:00,436 | INFO | hilo.gumbel-kernel : Calculating Gumbel distribution (location: -0.13521336019039154, scale 0.4972565472126007)
2023-12-29 06:27:00,437 | INFO | hilo.gumbel-kernel : BOTTOM-RIGHT:
tensor([[0.0000e+00, 0.0000e+00, 1.7516e-43],
        [0.0000e+00, 1.7516e-43, 1.9298e-06],
        [1.7516e-43, 1.9298e-06, 1.0000e+00]])
2023-12-29 06:27:00,437 | INFO | hilo.kernel-accessor : Fetching kernel: gumbel
2023-12-29 06:27:00,438 | INFO | hilo.gumbel-kernel : Calculating Gumbel distribution (location: -0.647502064704895, scale 0.9268137216567993)
2023-12-29 06:27:00,438 | INFO | hilo.gumbel-kernel : BOTTOM-LEFT:
tensor([[4.1789e-15, 0.0000e+00, 0.0000e+00],
        [1.3217e-04, 4.1789e-15, 0.0000e+00],
        [9.9974e-01, 1.3217e-04, 4.1789e-15]])
2023-12-29 06:27:00,438 | INFO | hilo.kernel-accessor : Fetching kernel: gumbel
2023-12-29 06:27:00,439 | INFO | hilo.gumbel-kernel : Calculating Gumbel distribution (location: -2.1343297958374023, scale 3.086481809616089)
2023-12-29 06:27:00,439 | INFO | hilo.gumbel-kernel : BOTTOM-LEFT:
tensor([[1.0171e-02, 3.9821e-04, 5.1074e-06],
        [1.1591e-01, 1.0171e-02, 3.9821e-04],
        [7.3686e-01, 1.1591e-01, 1.0171e-02]])
2023-12-29 06:27:00,440 | INFO | hilo.kernel-accessor : Fetching kernel: gumbel
2023-12-29 06:27:00,440 | INFO | hilo.gumbel-kernel : Calculating Gumbel distribution (location: -2.402973175048828, scale 2.454094171524048)
2023-12-29 06:27:00,441 | INFO | hilo.gumbel-kernel : BOTTOM-RIGHT:
tensor([[4.4164e-14, 1.2008e-08, 5.6800e-05],
        [1.2008e-08, 5.6800e-05, 1.8136e-02],
        [5.6800e-05, 1.8136e-02, 9.6356e-01]])
2023-12-29 06:27:08,984 | INFO | hilo : Epoch  19/200 | Accuracy:  65.6250 | Loss:   1.1547
2023-12-29 06:27:08,984 | INFO | hilo.kernel-accessor : Fetching kernel: gumbel
2023-12-29 06:27:08,985 | INFO | hilo.gumbel-kernel : Calculating Gumbel distribution (location: -0.08193708956241608, scale 0.4339204728603363)
2023-12-29 06:27:08,985 | INFO | hilo.gumbel-kernel : BOTTOM-LEFT:
tensor([[0.0000e+00, 0.0000e+00, 0.0000e+00],
        [1.9247e-07, 0.0000e+00, 0.0000e+00],
        [1.0000e+00, 1.9247e-07, 0.0000e+00]])
2023-12-29 06:27:08,986 | INFO | hilo.kernel-accessor : Fetching kernel: gumbel
2023-12-29 06:27:08,986 | INFO | hilo.gumbel-kernel : Calculating Gumbel distribution (location: -0.6173392534255981, scale 0.9086399674415588)
2023-12-29 06:27:08,986 | INFO | hilo.gumbel-kernel : STATIC:
tensor([[9.9973e-01, 1.3549e-04, 2.9122e-15],
        [1.3549e-04, 2.9122e-15, 0.0000e+00],
        [2.9122e-15, 0.0000e+00, 0.0000e+00]])
2023-12-29 06:27:08,987 | INFO | hilo.kernel-accessor : Fetching kernel: gumbel
2023-12-29 06:27:08,987 | INFO | hilo.gumbel-kernel : Calculating Gumbel distribution (location: -2.132249116897583, scale 2.932265043258667)
2023-12-29 06:27:08,988 | INFO | hilo.gumbel-kernel : BOTTOM-LEFT:
tensor([[6.0319e-03, 1.3728e-04, 7.7142e-07],
        [9.8033e-02, 6.0319e-03, 1.3728e-04],
        [7.8556e-01, 9.8033e-02, 6.0319e-03]])
2023-12-29 06:27:08,988 | INFO | hilo.kernel-accessor : Fetching kernel: gumbel
2023-12-29 06:27:08,988 | INFO | hilo.gumbel-kernel : Calculating Gumbel distribution (location: -2.0185937881469727, scale 2.286224603652954)
2023-12-29 06:27:08,989 | INFO | hilo.gumbel-kernel : STATIC:
tensor([[9.5005e-01, 2.4808e-02, 1.1143e-04],
        [2.4808e-02, 1.1143e-04, 3.2779e-08],
        [1.1143e-04, 3.2779e-08, 1.4151e-13]])
2023-12-29 06:27:17,469 | INFO | hilo : Epoch  20/200 | Accuracy:  59.0402 | Loss:   1.5175
2023-12-29 06:27:17,469 | INFO | hilo.kernel-accessor : Fetching kernel: gumbel
2023-12-29 06:27:17,469 | INFO | hilo.gumbel-kernel : Calculating Gumbel distribution (location: -0.06844121962785721, scale 0.49308621883392334)
2023-12-29 06:27:17,470 | INFO | hilo.gumbel-kernel : STATIC:
tensor([[9.9996e-01, 2.1687e-05, 5.1007e-35],
        [2.1687e-05, 5.1005e-35, 0.0000e+00],
        [5.1007e-35, 0.0000e+00, 0.0000e+00]])
2023-12-29 06:27:17,470 | INFO | hilo.kernel-accessor : Fetching kernel: gumbel
2023-12-29 06:27:17,471 | INFO | hilo.gumbel-kernel : Calculating Gumbel distribution (location: -0.626552939414978, scale 1.0004891157150269)
2023-12-29 06:27:17,471 | INFO | hilo.gumbel-kernel : STATIC:
tensor([[9.9819e-01, 9.0368e-04, 2.7107e-11],
        [9.0368e-04, 2.7107e-11, 5.4816e-31],
        [2.7107e-11, 5.4816e-31, 0.0000e+00]])
2023-12-29 06:27:17,471 | INFO | hilo.kernel-accessor : Fetching kernel: gumbel
2023-12-29 06:27:17,472 | INFO | hilo.gumbel-kernel : Calculating Gumbel distribution (location: -2.285111904144287, scale 3.162475824356079)
2023-12-29 06:27:17,472 | INFO | hilo.gumbel-kernel : STATIC:
tensor([[7.4647e-01, 1.1232e-01, 9.3976e-03],
        [1.1232e-01, 9.3976e-03, 3.5152e-04],
        [9.3976e-03, 3.5152e-04, 4.3573e-06]])
2023-12-29 06:27:17,472 | INFO | hilo.kernel-accessor : Fetching kernel: gumbel
2023-12-29 06:27:17,473 | INFO | hilo.gumbel-kernel : Calculating Gumbel distribution (location: -2.240530490875244, scale 2.3114025592803955)
2023-12-29 06:27:17,473 | INFO | hilo.gumbel-kernel : BOTTOM-RIGHT:
tensor([[1.6593e-15, 2.4555e-09, 2.8796e-05],
        [2.4555e-09, 2.8796e-05, 1.4635e-02],
        [2.8796e-05, 1.4635e-02, 9.7064e-01]])
2023-12-29 06:27:25,939 | INFO | hilo : Epoch  21/200 | Accuracy:  67.1875 | Loss:   1.2567
2023-12-29 06:27:25,940 | INFO | hilo.kernel-accessor : Fetching kernel: gumbel
2023-12-29 06:27:25,940 | INFO | hilo.gumbel-kernel : Calculating Gumbel distribution (location: -0.10990076512098312, scale 0.42001697421073914)
2023-12-29 06:27:25,941 | INFO | hilo.gumbel-kernel : STATIC:
