2024-03-04 00:01:18,230 | INFO | hilo : 
+==============================================================+
|                                                              |
| ██████╗  █████╗ ██████╗ ██╗         ██╗      █████╗ ██████╗  |
| ██╔══██╗██╔══██╗██╔══██╗██║         ██║     ██╔══██╗██╔══██╗ |
| ██║  ██║███████║██║  ██║██║         ██║     ███████║██████╔╝ |
| ██║  ██║██╔══██║██║  ██║██║         ██║     ██╔══██║██╔══██╗ |
| ██████╔╝██║  ██║██████╔╝███████╗    ███████╗██║  ██║██████╔╝ |
| ╚═════╝ ╚═╝  ╚═╝╚═════╝ ╚══════╝    ╚══════╝╚═╝  ╚═╝╚═════╝  |
+==============================================================+
|             Hi-Lo Resolution Image Classification            |
|             -------------------------------------            |
|                       Gabriel C. Trahan                      |
|                          Sahan Ahmad                         |
|                       MD  Aminual Islam                      |
+==============================================================+
2024-03-04 00:01:19,801 | INFO | hilo.dataset-accessor : Fetching dataset: cifar10
2024-03-04 00:01:19,801 | INFO | hilo.cifar10-dataset : Initializing transform
2024-03-04 00:01:19,802 | INFO | hilo.cifar10-dataset : Verifying/downloading train data
2024-03-04 00:01:20,403 | INFO | hilo.cifar10-dataset : Verifying/downloading test data
2024-03-04 00:01:20,884 | INFO | hilo.cifar10-dataset : Creating train data loader.
2024-03-04 00:01:20,884 | INFO | hilo.cifar10-dataset : Creating test data loader.
2024-03-04 00:01:20,994 | INFO | hilo : Output directory: output/resnet/cifar10/gumbel/1/20240304_000119/
2024-03-04 00:01:21,991 | INFO | hilo : Using device: NVIDIA GeForce GTX 1060 6GB
2024-03-04 00:01:21,991 | INFO | hilo : Exeucting job: MODEL resnet | DATASET cifar10 | KERNEL gumbel | TYPE 1
2024-03-04 00:01:21,991 | INFO | hilo : Commencing training phase...
2024-03-04 00:01:21,991 | INFO | hilo.kernel-accessor : Fetching kernel: gumbel
2024-03-04 00:01:21,992 | INFO | hilo.gumbel-kernel : Calculating Gumbel distribution (location: 0.0, scale 1.0)
2024-03-04 00:01:21,993 | INFO | hilo.gumbel-kernel : BOTTOM-RIGHT:
tensor([[8.5377e-26, 2.2609e-10, 2.0072e-04],
        [2.2609e-10, 2.0072e-04, 5.8259e-02],
        [2.0072e-04, 5.8259e-02, 8.8288e-01]])
2024-03-04 00:01:21,993 | INFO | hilo.kernel-accessor : Fetching kernel: gumbel
2024-03-04 00:01:21,993 | INFO | hilo.gumbel-kernel : Calculating Gumbel distribution (location: 0.0, scale 1.0)
2024-03-04 00:01:21,993 | INFO | hilo.gumbel-kernel : TOP-LEFT:
tensor([[8.8288e-01, 5.8259e-02, 2.0072e-04],
        [5.8259e-02, 2.0072e-04, 2.2609e-10],
        [2.0072e-04, 2.2609e-10, 8.5377e-26]])
2024-03-04 00:01:21,993 | INFO | hilo.kernel-accessor : Fetching kernel: gumbel
2024-03-04 00:01:21,993 | INFO | hilo.gumbel-kernel : Calculating Gumbel distribution (location: 0.0, scale 1.0)
2024-03-04 00:01:21,994 | INFO | hilo.gumbel-kernel : BOTTOM-RIGHT:
tensor([[8.5377e-26, 2.2609e-10, 2.0072e-04],
        [2.2609e-10, 2.0072e-04, 5.8259e-02],
        [2.0072e-04, 5.8259e-02, 8.8288e-01]])
2024-03-04 00:01:21,994 | INFO | hilo.kernel-accessor : Fetching kernel: gumbel
2024-03-04 00:01:21,994 | INFO | hilo.gumbel-kernel : Calculating Gumbel distribution (location: 0.0, scale 1.0)
2024-03-04 00:01:21,994 | INFO | hilo.gumbel-kernel : BOTTOM-RIGHT:
tensor([[8.5377e-26, 2.2609e-10, 2.0072e-04],
        [2.2609e-10, 2.0072e-04, 5.8259e-02],
        [2.0072e-04, 5.8259e-02, 8.8288e-01]])
2024-03-04 00:01:21,994 | INFO | hilo.kernel-accessor : Fetching kernel: gumbel
2024-03-04 00:01:21,994 | INFO | hilo.gumbel-kernel : Calculating Gumbel distribution (location: 0.0, scale 1.0)
2024-03-04 00:01:21,995 | INFO | hilo.gumbel-kernel : TOP-LEFT:
tensor([[8.8288e-01, 5.8259e-02, 2.0072e-04],
        [5.8259e-02, 2.0072e-04, 2.2609e-10],
        [2.0072e-04, 2.2609e-10, 8.5377e-26]])
2024-03-04 00:01:21,995 | INFO | hilo.kernel-accessor : Fetching kernel: gumbel
2024-03-04 00:01:21,995 | INFO | hilo.gumbel-kernel : Calculating Gumbel distribution (location: 0.0, scale 1.0)
2024-03-04 00:01:21,995 | INFO | hilo.gumbel-kernel : BOTTOM-RIGHT:
tensor([[8.5377e-26, 2.2609e-10, 2.0072e-04],
        [2.2609e-10, 2.0072e-04, 5.8259e-02],
        [2.0072e-04, 5.8259e-02, 8.8288e-01]])
2024-03-04 00:01:21,995 | INFO | hilo.kernel-accessor : Fetching kernel: gumbel
2024-03-04 00:01:21,996 | INFO | hilo.gumbel-kernel : Calculating Gumbel distribution (location: 0.0, scale 1.0)
2024-03-04 00:01:21,996 | INFO | hilo.gumbel-kernel : BOTTOM-RIGHT:
tensor([[8.5377e-26, 2.2609e-10, 2.0072e-04],
        [2.2609e-10, 2.0072e-04, 5.8259e-02],
        [2.0072e-04, 5.8259e-02, 8.8288e-01]])
2024-03-04 00:01:21,996 | INFO | hilo.kernel-accessor : Fetching kernel: gumbel
2024-03-04 00:01:21,996 | INFO | hilo.gumbel-kernel : Calculating Gumbel distribution (location: 0.0, scale 1.0)
2024-03-04 00:01:21,996 | INFO | hilo.gumbel-kernel : TOP-LEFT:
tensor([[8.8288e-01, 5.8259e-02, 2.0072e-04],
        [5.8259e-02, 2.0072e-04, 2.2609e-10],
        [2.0072e-04, 2.2609e-10, 8.5377e-26]])
2024-03-04 00:01:21,996 | INFO | hilo.kernel-accessor : Fetching kernel: gumbel
2024-03-04 00:01:21,997 | INFO | hilo.gumbel-kernel : Calculating Gumbel distribution (location: 0.0, scale 1.0)
2024-03-04 00:01:21,997 | INFO | hilo.gumbel-kernel : TOP-LEFT:
tensor([[8.8288e-01, 5.8259e-02, 2.0072e-04],
        [5.8259e-02, 2.0072e-04, 2.2609e-10],
        [2.0072e-04, 2.2609e-10, 8.5377e-26]])
2024-03-04 00:01:21,997 | INFO | hilo.kernel-accessor : Fetching kernel: gumbel
2024-03-04 00:01:21,997 | INFO | hilo.gumbel-kernel : Calculating Gumbel distribution (location: 0.0, scale 1.0)
2024-03-04 00:01:21,997 | INFO | hilo.gumbel-kernel : BOTTOM-RIGHT:
tensor([[8.5377e-26, 2.2609e-10, 2.0072e-04],
        [2.2609e-10, 2.0072e-04, 5.8259e-02],
        [2.0072e-04, 5.8259e-02, 8.8288e-01]])
2024-03-04 00:01:21,998 | INFO | hilo.kernel-accessor : Fetching kernel: gumbel
2024-03-04 00:01:21,998 | INFO | hilo.gumbel-kernel : Calculating Gumbel distribution (location: 0.0, scale 1.0)
2024-03-04 00:01:21,998 | INFO | hilo.gumbel-kernel : BOTTOM-RIGHT:
tensor([[8.5377e-26, 2.2609e-10, 2.0072e-04],
        [2.2609e-10, 2.0072e-04, 5.8259e-02],
        [2.0072e-04, 5.8259e-02, 8.8288e-01]])
2024-03-04 00:01:21,998 | INFO | hilo.kernel-accessor : Fetching kernel: gumbel
2024-03-04 00:01:21,998 | INFO | hilo.gumbel-kernel : Calculating Gumbel distribution (location: 0.0, scale 1.0)
2024-03-04 00:01:21,999 | INFO | hilo.gumbel-kernel : BOTTOM-RIGHT:
tensor([[8.5377e-26, 2.2609e-10, 2.0072e-04],
        [2.2609e-10, 2.0072e-04, 5.8259e-02],
        [2.0072e-04, 5.8259e-02, 8.8288e-01]])
2024-03-04 00:01:21,999 | INFO | hilo.kernel-accessor : Fetching kernel: gumbel
2024-03-04 00:01:21,999 | INFO | hilo.gumbel-kernel : Calculating Gumbel distribution (location: 0.0, scale 1.0)
2024-03-04 00:01:21,999 | INFO | hilo.gumbel-kernel : BOTTOM-RIGHT:
tensor([[8.5377e-26, 2.2609e-10, 2.0072e-04],
        [2.2609e-10, 2.0072e-04, 5.8259e-02],
        [2.0072e-04, 5.8259e-02, 8.8288e-01]])
2024-03-04 00:01:21,999 | INFO | hilo.kernel-accessor : Fetching kernel: gumbel
2024-03-04 00:01:21,999 | INFO | hilo.gumbel-kernel : Calculating Gumbel distribution (location: 0.0, scale 1.0)
2024-03-04 00:01:22,000 | INFO | hilo.gumbel-kernel : BOTTOM-RIGHT:
tensor([[8.5377e-26, 2.2609e-10, 2.0072e-04],
        [2.2609e-10, 2.0072e-04, 5.8259e-02],
        [2.0072e-04, 5.8259e-02, 8.8288e-01]])
2024-03-04 00:01:22,000 | INFO | hilo.kernel-accessor : Fetching kernel: gumbel
2024-03-04 00:01:22,000 | INFO | hilo.gumbel-kernel : Calculating Gumbel distribution (location: 0.0, scale 1.0)
2024-03-04 00:01:22,000 | INFO | hilo.gumbel-kernel : TOP-LEFT:
tensor([[8.8288e-01, 5.8259e-02, 2.0072e-04],
        [5.8259e-02, 2.0072e-04, 2.2609e-10],
        [2.0072e-04, 2.2609e-10, 8.5377e-26]])
2024-03-04 00:01:22,000 | INFO | hilo.kernel-accessor : Fetching kernel: gumbel
2024-03-04 00:01:22,000 | INFO | hilo.gumbel-kernel : Calculating Gumbel distribution (location: 0.0, scale 1.0)
2024-03-04 00:01:22,001 | INFO | hilo.gumbel-kernel : BOTTOM-RIGHT:
tensor([[8.5377e-26, 2.2609e-10, 2.0072e-04],
        [2.2609e-10, 2.0072e-04, 5.8259e-02],
        [2.0072e-04, 5.8259e-02, 8.8288e-01]])
2024-03-04 00:01:22,001 | INFO | hilo.kernel-accessor : Fetching kernel: gumbel
2024-03-04 00:01:22,001 | INFO | hilo.gumbel-kernel : Calculating Gumbel distribution (location: 0.0, scale 1.0)
2024-03-04 00:01:22,001 | INFO | hilo.gumbel-kernel : TOP-LEFT:
tensor([[8.8288e-01, 5.8259e-02, 2.0072e-04],
        [5.8259e-02, 2.0072e-04, 2.2609e-10],
        [2.0072e-04, 2.2609e-10, 8.5377e-26]])
2024-03-04 00:02:43,738 | INFO | hilo : Epoch   1/200 | Accuracy:  50.0000 | Loss:   1.4496
2024-03-04 00:02:43,738 | INFO | hilo.kernel-accessor : Fetching kernel: gumbel
2024-03-04 00:02:43,739 | INFO | hilo.gumbel-kernel : Calculating Gumbel distribution (location: -0.004442886915057898, scale 0.5932479500770569)
2024-03-04 00:02:43,740 | INFO | hilo.gumbel-kernel : TOP-LEFT:
tensor([[9.9574e-01, 2.1290e-03, 1.3783e-14],
        [2.1290e-03, 1.3783e-14, 0.0000e+00],
        [1.3783e-14, 0.0000e+00, 0.0000e+00]])
2024-03-04 00:02:43,740 | INFO | hilo.kernel-accessor : Fetching kernel: gumbel
2024-03-04 00:02:43,740 | INFO | hilo.gumbel-kernel : Calculating Gumbel distribution (location: -0.40508079528808594, scale 2.022352695465088)
2024-03-04 00:02:43,741 | INFO | hilo.gumbel-kernel : BOTTOM-RIGHT:
tensor([[8.1308e-06, 8.9684e-04, 1.9154e-02],
        [8.9684e-04, 1.9154e-02, 1.5028e-01],
        [1.9154e-02, 1.5028e-01, 6.4018e-01]])
2024-03-04 00:02:43,741 | INFO | hilo.kernel-accessor : Fetching kernel: gumbel
2024-03-04 00:02:43,741 | INFO | hilo.gumbel-kernel : Calculating Gumbel distribution (location: -0.4925729036331177, scale 1.6317167282104492)
2024-03-04 00:02:43,742 | INFO | hilo.gumbel-kernel : BOTTOM-RIGHT:
tensor([[2.6185e-10, 8.0854e-06, 2.8985e-03],
        [8.0854e-06, 2.8985e-03, 9.2926e-02],
        [2.8985e-03, 9.2926e-02, 8.0544e-01]])
2024-03-04 00:02:43,742 | INFO | hilo.kernel-accessor : Fetching kernel: gumbel
2024-03-04 00:02:43,743 | INFO | hilo.gumbel-kernel : Calculating Gumbel distribution (location: -0.356414794921875, scale 1.4247016906738281)
2024-03-04 00:02:43,743 | INFO | hilo.gumbel-kernel : BOTTOM-RIGHT:
tensor([[3.5706e-13, 6.9771e-07, 1.3046e-03],
        [6.9771e-07, 1.3046e-03, 7.7778e-02],
        [1.3046e-03, 7.7778e-02, 8.4053e-01]])
2024-03-04 00:02:43,744 | INFO | hilo.kernel-accessor : Fetching kernel: gumbel
2024-03-04 00:02:43,744 | INFO | hilo.gumbel-kernel : Calculating Gumbel distribution (location: -0.3027042746543884, scale 1.4243462085723877)
2024-03-04 00:02:43,745 | INFO | hilo.gumbel-kernel : TOP-LEFT:
tensor([[8.2265e-01, 8.5915e-02, 1.8389e-03],
        [8.5915e-02, 1.8389e-03, 1.6068e-06],
        [1.8389e-03, 1.6068e-06, 2.2093e-12]])
2024-03-04 00:02:43,745 | INFO | hilo.kernel-accessor : Fetching kernel: gumbel
2024-03-04 00:02:43,745 | INFO | hilo.gumbel-kernel : Calculating Gumbel distribution (location: -0.07611818611621857, scale 1.105578899383545)
2024-03-04 00:02:43,746 | INFO | hilo.gumbel-kernel : BOTTOM-RIGHT:
tensor([[1.9658e-20, 5.5178e-09, 4.0661e-04],
        [5.5178e-09, 4.0661e-04, 6.5021e-02],
        [4.0661e-04, 6.5021e-02, 8.6874e-01]])
2024-03-04 00:02:43,746 | INFO | hilo.kernel-accessor : Fetching kernel: gumbel
2024-03-04 00:02:43,746 | INFO | hilo.gumbel-kernel : Calculating Gumbel distribution (location: -0.18132232129573822, scale 1.3751510381698608)
2024-03-04 00:02:43,747 | INFO | hilo.gumbel-kernel : TOP-LEFT:
tensor([[7.9996e-01, 9.6106e-02, 2.6065e-03],
        [9.6106e-02, 2.6065e-03, 3.2498e-06],
        [2.6065e-03, 3.2498e-06, 6.9180e-12]])
2024-03-04 00:02:43,747 | INFO | hilo.kernel-accessor : Fetching kernel: gumbel
2024-03-04 00:02:43,747 | INFO | hilo.gumbel-kernel : Calculating Gumbel distribution (location: -0.2523968815803528, scale 1.310926079750061)
2024-03-04 00:02:43,748 | INFO | hilo.gumbel-kernel : BOTTOM-RIGHT:
tensor([[5.5914e-15, 1.9071e-07, 9.3348e-04],
        [1.9071e-07, 9.3348e-04, 7.3723e-02],
        [9.3348e-04, 7.3723e-02, 8.4975e-01]])
2024-03-04 00:02:43,748 | INFO | hilo.kernel-accessor : Fetching kernel: gumbel
2024-03-04 00:02:43,749 | INFO | hilo.gumbel-kernel : Calculating Gumbel distribution (location: -0.23204338550567627, scale 1.4358441829681396)
2024-03-04 00:02:43,749 | INFO | hilo.gumbel-kernel : BOTTOM-RIGHT:
tensor([[3.6478e-11, 5.5529e-06, 3.0126e-03],
        [5.5529e-06, 3.0126e-03, 9.8484e-02],
        [3.0126e-03, 9.8484e-02, 7.9398e-01]])
2024-03-04 00:02:43,750 | INFO | hilo.kernel-accessor : Fetching kernel: gumbel
2024-03-04 00:02:43,750 | INFO | hilo.gumbel-kernel : Calculating Gumbel distribution (location: -0.09251929819583893, scale 1.1269290447235107)
2024-03-04 00:02:43,751 | INFO | hilo.gumbel-kernel : TOP-LEFT:
tensor([[8.6618e-01, 6.6224e-02, 4.5680e-04],
        [6.6224e-02, 4.5680e-04, 9.1439e-09],
        [4.5680e-04, 9.1439e-09, 1.2593e-19]])
2024-03-04 00:02:43,751 | INFO | hilo.kernel-accessor : Fetching kernel: gumbel
2024-03-04 00:02:43,751 | INFO | hilo.gumbel-kernel : Calculating Gumbel distribution (location: -0.09033893793821335, scale 1.4051859378814697)
2024-03-04 00:02:43,752 | INFO | hilo.gumbel-kernel : BOTTOM-RIGHT:
tensor([[4.2389e-10, 1.8574e-05, 5.0647e-03],
        [1.8574e-05, 5.0647e-03, 1.1413e-01],
        [5.0647e-03, 1.1413e-01, 7.5650e-01]])
2024-03-04 00:02:43,752 | INFO | hilo.kernel-accessor : Fetching kernel: gumbel
2024-03-04 00:02:43,752 | INFO | hilo.gumbel-kernel : Calculating Gumbel distribution (location: -0.07237100601196289, scale 1.2985179424285889)
2024-03-04 00:02:43,753 | INFO | hilo.gumbel-kernel : TOP-LEFT:
tensor([[7.9124e-01, 1.0015e-01, 2.8166e-03],
        [1.0015e-01, 2.8166e-03, 3.0738e-06],
        [2.8166e-03, 3.0738e-06, 3.0032e-12]])
2024-03-04 00:02:43,753 | INFO | hilo.kernel-accessor : Fetching kernel: gumbel
2024-03-04 00:02:43,753 | INFO | hilo.gumbel-kernel : Calculating Gumbel distribution (location: -0.0929957777261734, scale 1.269317865371704)
2024-03-04 00:02:43,754 | INFO | hilo.gumbel-kernel : BOTTOM-RIGHT:
tensor([[1.9654e-13, 1.0989e-06, 1.9790e-03],
        [1.0989e-06, 1.9790e-03, 9.1980e-02],
        [1.9790e-03, 9.1980e-02, 8.1010e-01]])
2024-03-04 00:02:43,754 | INFO | hilo.kernel-accessor : Fetching kernel: gumbel
2024-03-04 00:02:43,755 | INFO | hilo.gumbel-kernel : Calculating Gumbel distribution (location: 0.03800307586789131, scale 0.9717185497283936)
2024-03-04 00:02:43,755 | INFO | hilo.gumbel-kernel : TOP-LEFT:
tensor([[8.8018e-01, 5.9607e-02, 2.0271e-04],
        [5.9607e-02, 2.0271e-04, 1.5946e-10],
        [2.0271e-04, 1.5946e-10, 8.3844e-27]])
2024-03-04 00:02:43,755 | INFO | hilo.kernel-accessor : Fetching kernel: gumbel
2024-03-04 00:02:43,756 | INFO | hilo.gumbel-kernel : Calculating Gumbel distribution (location: -0.05410948023200035, scale 1.1127183437347412)
2024-03-04 00:02:43,756 | INFO | hilo.gumbel-kernel : TOP-LEFT:
tensor([[8.5802e-01, 7.0159e-02, 5.5383e-04],
        [7.0159e-02, 5.5383e-04, 1.4019e-08],
        [5.5383e-04, 1.4019e-08, 2.6539e-19]])
2024-03-04 00:02:43,757 | INFO | hilo.kernel-accessor : Fetching kernel: gumbel
2024-03-04 00:02:43,757 | INFO | hilo.gumbel-kernel : Calculating Gumbel distribution (location: 0.045352138578891754, scale 1.369462013244629)
2024-03-04 00:02:43,758 | INFO | hilo.gumbel-kernel : TOP-LEFT:
tensor([[7.2265e-01, 1.2724e-01, 7.5889e-03],
        [1.2724e-01, 7.5889e-03, 4.7847e-05],
        [7.5889e-03, 4.7847e-05, 2.8452e-09]])
2024-03-04 00:02:43,758 | INFO | hilo.kernel-accessor : Fetching kernel: gumbel
2024-03-04 00:02:43,758 | INFO | hilo.gumbel-kernel : Calculating Gumbel distribution (location: -0.44785410165786743, scale 2.288389205932617)
2024-03-04 00:02:43,759 | INFO | hilo.gumbel-kernel : TOP-LEFT:
tensor([[5.7371e-01, 1.6477e-01, 3.0348e-02],
        [1.6477e-01, 3.0348e-02, 2.8101e-03],
        [3.0348e-02, 2.8101e-03, 8.9740e-05]])
2024-03-04 00:04:04,504 | INFO | hilo : Epoch   2/200 | Accuracy:  43.2292 | Loss:   1.3959
2024-03-04 00:04:04,504 | INFO | hilo.kernel-accessor : Fetching kernel: gumbel
2024-03-04 00:04:04,504 | INFO | hilo.gumbel-kernel : Calculating Gumbel distribution (location: -0.010209500789642334, scale 0.5320369005203247)
2024-03-04 00:04:04,505 | INFO | hilo.gumbel-kernel : BOTTOM-RIGHT:
tensor([[0.0000e+00, 0.0000e+00, 2.8377e-21],
        [0.0000e+00, 2.8377e-21, 4.7682e-04],
        [2.8377e-21, 4.7682e-04, 9.9905e-01]])
2024-03-04 00:04:04,505 | INFO | hilo.kernel-accessor : Fetching kernel: gumbel
2024-03-04 00:04:04,505 | INFO | hilo.gumbel-kernel : Calculating Gumbel distribution (location: -0.4723701477050781, scale 1.7554564476013184)
2024-03-04 00:04:04,505 | INFO | hilo.gumbel-kernel : BOTTOM-RIGHT:
tensor([[2.3336e-08, 5.8810e-05, 6.3263e-03],
        [5.8810e-05, 6.3263e-03, 1.1428e-01],
        [6.3263e-03, 1.1428e-01, 7.5234e-01]])
2024-03-04 00:04:04,506 | INFO | hilo.kernel-accessor : Fetching kernel: gumbel
2024-03-04 00:04:04,506 | INFO | hilo.gumbel-kernel : Calculating Gumbel distribution (location: -0.5587731599807739, scale 1.2321680784225464)
2024-03-04 00:04:04,506 | INFO | hilo.gumbel-kernel : TOP-LEFT:
tensor([[9.6149e-01, 1.9245e-02, 7.9626e-06],
        [1.9245e-02, 7.9626e-06, 5.3071e-13],
        [7.9626e-06, 5.3071e-13, 1.0211e-28]])
2024-03-04 00:04:04,506 | INFO | hilo.kernel-accessor : Fetching kernel: gumbel
2024-03-04 00:04:04,506 | INFO | hilo.gumbel-kernel : Calculating Gumbel distribution (location: -0.34011930227279663, scale 0.9457109570503235)
2024-03-04 00:04:04,507 | INFO | hilo.gumbel-kernel : TOP-LEFT:
tensor([[9.8554e-01, 7.2317e-03, 3.7780e-08],
        [7.2317e-03, 3.7780e-08, 1.7135e-22],
        [3.7780e-08, 1.7135e-22, 0.0000e+00]])
2024-03-04 00:04:04,507 | INFO | hilo.kernel-accessor : Fetching kernel: gumbel
2024-03-04 00:04:04,507 | INFO | hilo.gumbel-kernel : Calculating Gumbel distribution (location: -0.2249874621629715, scale 1.0201939344406128)
2024-03-04 00:04:04,507 | INFO | hilo.gumbel-kernel : TOP-LEFT:
tensor([[9.4657e-01, 2.6699e-02, 1.0126e-05],
        [2.6699e-02, 1.0126e-05, 3.9540e-14],
        [1.0126e-05, 3.9540e-14, 7.8965e-36]])
2024-03-04 00:04:04,507 | INFO | hilo.kernel-accessor : Fetching kernel: gumbel
2024-03-04 00:04:04,507 | INFO | hilo.gumbel-kernel : Calculating Gumbel distribution (location: -0.0905727669596672, scale 0.9188858270645142)
2024-03-04 00:04:04,508 | INFO | hilo.gumbel-kernel : TOP-LEFT:
tensor([[9.4229e-01, 2.8841e-02, 7.8503e-06],
        [2.8841e-02, 7.8503e-06, 1.7385e-15],
        [7.8503e-06, 1.7385e-15, 3.1950e-43]])
2024-03-04 00:04:04,508 | INFO | hilo.kernel-accessor : Fetching kernel: gumbel
2024-03-04 00:04:04,508 | INFO | hilo.gumbel-kernel : Calculating Gumbel distribution (location: -0.3285018503665924, scale 1.172394037246704)
2024-03-04 00:04:04,508 | INFO | hilo.gumbel-kernel : TOP-LEFT:
tensor([[9.2523e-01, 3.7291e-02, 6.2774e-05],
        [3.7291e-02, 6.2774e-05, 6.1322e-11],
        [6.2774e-05, 6.1322e-11, 1.5246e-24]])
2024-03-04 00:04:04,508 | INFO | hilo.kernel-accessor : Fetching kernel: gumbel
2024-03-04 00:04:04,509 | INFO | hilo.gumbel-kernel : Calculating Gumbel distribution (location: -0.3033074736595154, scale 1.0014325380325317)
2024-03-04 00:04:04,509 | INFO | hilo.gumbel-kernel : BOTTOM-RIGHT:
tensor([[0.0000e+00, 3.6618e-17, 1.1241e-06],
        [3.6618e-17, 1.1241e-06, 1.5425e-02],
        [1.1241e-06, 1.5425e-02, 9.6915e-01]])
2024-03-04 00:04:04,509 | INFO | hilo.kernel-accessor : Fetching kernel: gumbel
2024-03-04 00:04:04,509 | INFO | hilo.gumbel-kernel : Calculating Gumbel distribution (location: -0.16769306361675262, scale 1.1111325025558472)
2024-03-04 00:04:04,510 | INFO | hilo.gumbel-kernel : TOP-LEFT:
tensor([[8.9807e-01, 5.0726e-02, 1.6068e-04],
        [5.0726e-02, 1.6068e-04, 4.2598e-10],
        [1.6068e-04, 4.2598e-10, 3.0473e-23]])
2024-03-04 00:04:04,510 | INFO | hilo.kernel-accessor : Fetching kernel: gumbel
2024-03-04 00:04:04,510 | INFO | hilo.gumbel-kernel : Calculating Gumbel distribution (location: -0.21141691505908966, scale 0.9599901437759399)
2024-03-04 00:04:04,510 | INFO | hilo.gumbel-kernel : TOP-LEFT:
tensor([[9.6073e-01, 1.9631e-02, 2.1586e-06],
        [1.9631e-02, 2.1586e-06, 8.8070e-17],
        [2.1586e-06, 8.8070e-17, 0.0000e+00]])
2024-03-04 00:04:04,510 | INFO | hilo.kernel-accessor : Fetching kernel: gumbel
2024-03-04 00:04:04,510 | INFO | hilo.gumbel-kernel : Calculating Gumbel distribution (location: -0.10907256603240967, scale 1.041905403137207)
2024-03-04 00:04:04,511 | INFO | hilo.gumbel-kernel : TOP-LEFT:
tensor([[9.0463e-01, 4.7531e-02, 1.0177e-04],
        [4.7531e-02, 1.0177e-04, 5.1191e-11],
        [1.0177e-04, 5.1191e-11, 8.6056e-27]])
2024-03-04 00:04:04,511 | INFO | hilo.kernel-accessor : Fetching kernel: gumbel
2024-03-04 00:04:04,511 | INFO | hilo.gumbel-kernel : Calculating Gumbel distribution (location: -0.04079283028841019, scale 1.0215109586715698)
2024-03-04 00:04:04,511 | INFO | hilo.gumbel-kernel : TOP-LEFT:
tensor([[8.8903e-01, 5.5224e-02, 1.7240e-04],
        [5.5224e-02, 1.7240e-04, 1.8793e-10],
        [1.7240e-04, 1.8793e-10, 1.2891e-25]])
2024-03-04 00:04:04,511 | INFO | hilo.kernel-accessor : Fetching kernel: gumbel
2024-03-04 00:04:04,512 | INFO | hilo.gumbel-kernel : Calculating Gumbel distribution (location: -0.05188993364572525, scale 1.0737583637237549)
2024-03-04 00:04:04,512 | INFO | hilo.gumbel-kernel : TOP-LEFT:
tensor([[8.7259e-01, 6.3198e-02, 3.3831e-04],
        [6.3198e-02, 3.3831e-04, 2.4372e-09],
        [3.3831e-04, 2.4372e-09, 9.0849e-22]])
2024-03-04 00:04:04,512 | INFO | hilo.kernel-accessor : Fetching kernel: gumbel
2024-03-04 00:04:04,512 | INFO | hilo.gumbel-kernel : Calculating Gumbel distribution (location: 0.06661678105592728, scale 0.8478925824165344)
2024-03-04 00:04:04,512 | INFO | hilo.gumbel-kernel : BOTTOM-RIGHT:
tensor([[5.7453e-44, 1.0672e-14, 2.4176e-05],
        [1.0672e-14, 2.4176e-05, 4.1161e-02],
        [2.4176e-05, 4.1161e-02, 9.1761e-01]])
2024-03-04 00:04:04,513 | INFO | hilo.kernel-accessor : Fetching kernel: gumbel
2024-03-04 00:04:04,513 | INFO | hilo.gumbel-kernel : Calculating Gumbel distribution (location: 0.0399143248796463, scale 0.7977702617645264)
2024-03-04 00:04:04,513 | INFO | hilo.gumbel-kernel : TOP-LEFT:
tensor([[9.4398e-01, 2.8004e-02, 2.8746e-06],
        [2.8004e-02, 2.8746e-06, 7.0869e-19],
        [2.8746e-06, 7.0869e-19, 0.0000e+00]])
2024-03-04 00:04:04,513 | INFO | hilo.kernel-accessor : Fetching kernel: gumbel
2024-03-04 00:04:04,513 | INFO | hilo.gumbel-kernel : Calculating Gumbel distribution (location: 0.1144896149635315, scale 0.773714542388916)
2024-03-04 00:04:04,514 | INFO | hilo.gumbel-kernel : TOP-LEFT:
tensor([[9.2851e-01, 3.5734e-02, 7.6546e-06],
        [3.5734e-02, 7.6546e-06, 1.0106e-17],
        [7.6546e-06, 1.0106e-17, 0.0000e+00]])
2024-03-04 00:04:04,514 | INFO | hilo.kernel-accessor : Fetching kernel: gumbel
2024-03-04 00:04:04,514 | INFO | hilo.gumbel-kernel : Calculating Gumbel distribution (location: -0.1359424591064453, scale 1.1704951524734497)
2024-03-04 00:04:04,514 | INFO | hilo.gumbel-kernel : TOP-LEFT:
tensor([[8.6440e-01, 6.7016e-02, 5.2173e-04],
        [6.7016e-02, 5.2173e-04, 1.8329e-08],
        [5.2173e-04, 1.8329e-08, 1.9821e-18]])
2024-03-04 00:05:25,366 | INFO | hilo : Epoch   3/200 | Accuracy:  55.8036 | Loss:   1.3015
2024-03-04 00:05:25,366 | INFO | hilo.kernel-accessor : Fetching kernel: gumbel
2024-03-04 00:05:25,367 | INFO | hilo.gumbel-kernel : Calculating Gumbel distribution (location: -0.019509851932525635, scale 0.5215480327606201)
2024-03-04 00:05:25,367 | INFO | hilo.gumbel-kernel : TOP-LEFT:
tensor([[9.9943e-01, 2.8252e-04, 1.3843e-23],
        [2.8252e-04, 1.3843e-23, 0.0000e+00],
        [1.3843e-23, 0.0000e+00, 0.0000e+00]])
2024-03-04 00:05:25,367 | INFO | hilo.kernel-accessor : Fetching kernel: gumbel
2024-03-04 00:05:25,368 | INFO | hilo.gumbel-kernel : Calculating Gumbel distribution (location: -0.48640596866607666, scale 1.603205919265747)
2024-03-04 00:05:25,368 | INFO | hilo.gumbel-kernel : BOTTOM-RIGHT:
tensor([[9.2518e-11, 5.2357e-06, 2.4651e-03],
        [5.2357e-06, 2.4651e-03, 8.9128e-02],
        [2.4651e-03, 8.9128e-02, 8.1434e-01]])
2024-03-04 00:05:25,368 | INFO | hilo.kernel-accessor : Fetching kernel: gumbel
2024-03-04 00:05:25,369 | INFO | hilo.gumbel-kernel : Calculating Gumbel distribution (location: -0.6426175832748413, scale 1.3083497285842896)
2024-03-04 00:05:25,369 | INFO | hilo.gumbel-kernel : BOTTOM-RIGHT:
tensor([[1.3919e-25, 4.5496e-12, 1.3437e-05],
        [4.5496e-12, 1.3437e-05, 2.0825e-02],
        [1.3437e-05, 2.0825e-02, 9.5831e-01]])
2024-03-04 00:05:25,369 | INFO | hilo.kernel-accessor : Fetching kernel: gumbel
2024-03-04 00:05:25,369 | INFO | hilo.gumbel-kernel : Calculating Gumbel distribution (location: -0.2883645296096802, scale 0.8557621240615845)
2024-03-04 00:05:25,370 | INFO | hilo.gumbel-kernel : BOTTOM-RIGHT:
tensor([[0.0000e+00, 8.9107e-30, 1.0322e-09],
        [8.9107e-30, 1.0322e-09, 3.9787e-03],
        [1.0322e-09, 3.9787e-03, 9.9204e-01]])
2024-03-04 00:05:25,370 | INFO | hilo.kernel-accessor : Fetching kernel: gumbel
2024-03-04 00:05:25,370 | INFO | hilo.gumbel-kernel : Calculating Gumbel distribution (location: -0.2835052013397217, scale 0.7936768531799316)
2024-03-04 00:05:25,371 | INFO | hilo.gumbel-kernel : TOP-LEFT:
tensor([[9.9675e-01, 1.6249e-03, 5.8215e-12],
        [1.6249e-03, 5.8215e-12, 2.3608e-40],
        [5.8215e-12, 2.3608e-40, 0.0000e+00]])
2024-03-04 00:05:25,371 | INFO | hilo.kernel-accessor : Fetching kernel: gumbel
2024-03-04 00:05:25,371 | INFO | hilo.gumbel-kernel : Calculating Gumbel distribution (location: -0.10851477831602097, scale 0.662990152835846)
2024-03-04 00:05:25,372 | INFO | hilo.gumbel-kernel : BOTTOM-RIGHT:
tensor([[0.0000e+00, 0.0000e+00, 9.6956e-14],
        [0.0000e+00, 9.6956e-14, 1.6721e-03],
        [9.6956e-14, 1.6721e-03, 9.9666e-01]])
2024-03-04 00:05:25,372 | INFO | hilo.kernel-accessor : Fetching kernel: gumbel
2024-03-04 00:05:25,372 | INFO | hilo.gumbel-kernel : Calculating Gumbel distribution (location: -0.21409302949905396, scale 0.7562629580497742)
2024-03-04 00:05:25,372 | INFO | hilo.gumbel-kernel : BOTTOM-RIGHT:
tensor([[0.0000e+00, 4.2964e-42, 6.9981e-12],
        [4.2964e-42, 6.9981e-12, 2.0824e-03],
        [6.9981e-12, 2.0824e-03, 9.9584e-01]])
2024-03-04 00:05:25,373 | INFO | hilo.kernel-accessor : Fetching kernel: gumbel
2024-03-04 00:05:25,373 | INFO | hilo.gumbel-kernel : Calculating Gumbel distribution (location: -0.21052461862564087, scale 0.6509119272232056)
2024-03-04 00:05:25,373 | INFO | hilo.gumbel-kernel : BOTTOM-RIGHT:
tensor([[0.0000e+00, 0.0000e+00, 3.8305e-19],
        [0.0000e+00, 3.8305e-19, 2.0316e-04],
        [3.8305e-19, 2.0316e-04, 9.9959e-01]])
2024-03-04 00:05:25,373 | INFO | hilo.kernel-accessor : Fetching kernel: gumbel
2024-03-04 00:05:25,374 | INFO | hilo.gumbel-kernel : Calculating Gumbel distribution (location: -0.11999350786209106, scale 0.5943458080291748)
2024-03-04 00:05:25,374 | INFO | hilo.gumbel-kernel : BOTTOM-RIGHT:
tensor([[0.0000e+00, 0.0000e+00, 2.3499e-20],
        [0.0000e+00, 2.3499e-20, 2.6371e-04],
        [2.3499e-20, 2.6371e-04, 9.9947e-01]])
2024-03-04 00:05:25,374 | INFO | hilo.kernel-accessor : Fetching kernel: gumbel
2024-03-04 00:05:25,374 | INFO | hilo.gumbel-kernel : Calculating Gumbel distribution (location: -0.09487903863191605, scale 0.5049001574516296)
2024-03-04 00:05:25,375 | INFO | hilo.gumbel-kernel : BOTTOM-RIGHT:
tensor([[0.0000e+00, 0.0000e+00, 4.9867e-35],
        [0.0000e+00, 4.9868e-35, 1.5455e-05],
        [4.9867e-35, 1.5455e-05, 9.9997e-01]])
2024-03-04 00:05:25,375 | INFO | hilo.kernel-accessor : Fetching kernel: gumbel
2024-03-04 00:05:25,375 | INFO | hilo.gumbel-kernel : Calculating Gumbel distribution (location: -0.11148563027381897, scale 0.6050178408622742)
2024-03-04 00:05:25,376 | INFO | hilo.gumbel-kernel : BOTTOM-RIGHT:
tensor([[0.0000e+00, 0.0000e+00, 1.1824e-18],
        [0.0000e+00, 1.1824e-18, 4.2782e-04],
        [1.1824e-18, 4.2782e-04, 9.9914e-01]])
2024-03-04 00:05:25,376 | INFO | hilo.kernel-accessor : Fetching kernel: gumbel
2024-03-04 00:05:25,376 | INFO | hilo.gumbel-kernel : Calculating Gumbel distribution (location: -0.03975909575819969, scale 0.5634053349494934)
2024-03-04 00:05:25,377 | INFO | hilo.gumbel-kernel : BOTTOM-RIGHT:
tensor([[0.0000e+00, 0.0000e+00, 3.5449e-19],
        [0.0000e+00, 3.5450e-19, 5.9995e-04],
        [3.5449e-19, 5.9995e-04, 9.9880e-01]])
2024-03-04 00:05:25,377 | INFO | hilo.kernel-accessor : Fetching kernel: gumbel
2024-03-04 00:05:25,377 | INFO | hilo.gumbel-kernel : Calculating Gumbel distribution (location: 0.007896136492490768, scale 0.5155708193778992)
2024-03-04 00:05:25,377 | INFO | hilo.gumbel-kernel : TOP-LEFT:
tensor([[9.9911e-01, 4.4530e-04, 2.2727e-22],
        [4.4530e-04, 2.2727e-22, 0.0000e+00],
        [2.2727e-22, 0.0000e+00, 0.0000e+00]])
2024-03-04 00:05:25,377 | INFO | hilo.kernel-accessor : Fetching kernel: gumbel
2024-03-04 00:05:25,378 | INFO | hilo.gumbel-kernel : Calculating Gumbel distribution (location: 0.081041619181633, scale 0.3901025950908661)
2024-03-04 00:05:25,378 | INFO | hilo.gumbel-kernel : BOTTOM-RIGHT:
tensor([[0.0000e+00, 0.0000e+00, 0.0000e+00],
        [0.0000e+00, 0.0000e+00, 2.8356e-05],
        [0.0000e+00, 2.8356e-05, 9.9994e-01]])
2024-03-04 00:05:25,378 | INFO | hilo.kernel-accessor : Fetching kernel: gumbel
2024-03-04 00:05:25,379 | INFO | hilo.gumbel-kernel : Calculating Gumbel distribution (location: 0.05903559923171997, scale 0.45105940103530884)
2024-03-04 00:05:25,379 | INFO | hilo.gumbel-kernel : BOTTOM-RIGHT:
tensor([[0.0000e+00, 0.0000e+00, 1.7370e-30],
        [0.0000e+00, 1.7370e-30, 2.0078e-04],
        [1.7370e-30, 2.0078e-04, 9.9960e-01]])
2024-03-04 00:05:25,379 | INFO | hilo.kernel-accessor : Fetching kernel: gumbel
2024-03-04 00:05:25,379 | INFO | hilo.gumbel-kernel : Calculating Gumbel distribution (location: 0.09903034567832947, scale 0.40555447340011597)
2024-03-04 00:05:25,380 | INFO | hilo.gumbel-kernel : TOP-LEFT:
tensor([[9.9977e-01, 1.1435e-04, 1.5532e-39],
        [1.1435e-04, 1.5532e-39, 0.0000e+00],
        [1.5532e-39, 0.0000e+00, 0.0000e+00]])
2024-03-04 00:05:25,380 | INFO | hilo.kernel-accessor : Fetching kernel: gumbel
2024-03-04 00:05:25,380 | INFO | hilo.gumbel-kernel : Calculating Gumbel distribution (location: 0.0951412096619606, scale 0.5552894473075867)
2024-03-04 00:05:25,381 | INFO | hilo.gumbel-kernel : TOP-LEFT:
tensor([[9.9095e-01, 4.5245e-03, 2.7395e-13],
        [4.5245e-03, 2.7396e-13, 0.0000e+00],
        [2.7395e-13, 0.0000e+00, 0.0000e+00]])
2024-03-04 00:06:46,200 | INFO | hilo : Epoch   4/200 | Accuracy:  50.8929 | Loss:   1.0700
2024-03-04 00:06:46,200 | INFO | hilo.kernel-accessor : Fetching kernel: gumbel
2024-03-04 00:06:46,201 | INFO | hilo.gumbel-kernel : Calculating Gumbel distribution (location: -0.029922794550657272, scale 0.536354124546051)
2024-03-04 00:06:46,201 | INFO | hilo.gumbel-kernel : TOP-LEFT:
tensor([[9.9930e-01, 3.4878e-04, 4.4752e-22],
        [3.4878e-04, 4.4751e-22, 0.0000e+00],
        [4.4752e-22, 0.0000e+00, 0.0000e+00]])
2024-03-04 00:06:46,201 | INFO | hilo.kernel-accessor : Fetching kernel: gumbel
2024-03-04 00:06:46,201 | INFO | hilo.gumbel-kernel : Calculating Gumbel distribution (location: -0.3517633080482483, scale 1.5202826261520386)
2024-03-04 00:06:46,202 | INFO | hilo.gumbel-kernel : BOTTOM-RIGHT:
tensor([[7.4134e-11, 5.9409e-06, 2.8298e-03],
        [5.9409e-06, 2.8298e-03, 9.4754e-02],
        [2.8298e-03, 9.4754e-02, 8.0199e-01]])
2024-03-04 00:06:46,202 | INFO | hilo.kernel-accessor : Fetching kernel: gumbel
2024-03-04 00:06:46,202 | INFO | hilo.gumbel-kernel : Calculating Gumbel distribution (location: -0.6024206876754761, scale 1.402528166770935)
2024-03-04 00:06:46,202 | INFO | hilo.gumbel-kernel : BOTTOM-RIGHT:
tensor([[9.7812e-19, 2.2654e-09, 1.2687e-04],
        [2.2654e-09, 1.2687e-04, 3.8784e-02],
        [1.2687e-04, 3.8784e-02, 9.2205e-01]])
2024-03-04 00:06:46,202 | INFO | hilo.kernel-accessor : Fetching kernel: gumbel
2024-03-04 00:06:46,203 | INFO | hilo.gumbel-kernel : Calculating Gumbel distribution (location: -0.32451486587524414, scale 0.9332970380783081)
2024-03-04 00:06:46,203 | INFO | hilo.gumbel-kernel : BOTTOM-RIGHT:
tensor([[0.0000e+00, 6.3267e-23, 3.2548e-08],
        [6.3267e-23, 3.2548e-08, 7.1974e-03],
        [3.2548e-08, 7.1974e-03, 9.8561e-01]])
2024-03-04 00:06:46,203 | INFO | hilo.kernel-accessor : Fetching kernel: gumbel
2024-03-04 00:06:46,203 | INFO | hilo.gumbel-kernel : Calculating Gumbel distribution (location: -0.3062651455402374, scale 0.7825500965118408)
2024-03-04 00:06:46,203 | INFO | hilo.gumbel-kernel : BOTTOM-RIGHT:
tensor([[0.0000e+00, 0.0000e+00, 4.0029e-13],
        [0.0000e+00, 4.0029e-13, 9.6526e-04],
        [4.0029e-13, 9.6526e-04, 9.9807e-01]])
2024-03-04 00:06:46,204 | INFO | hilo.kernel-accessor : Fetching kernel: gumbel
2024-03-04 00:06:46,204 | INFO | hilo.gumbel-kernel : Calculating Gumbel distribution (location: -0.10804237425327301, scale 0.7380427122116089)
2024-03-04 00:06:46,204 | INFO | hilo.gumbel-kernel : TOP-LEFT:
tensor([[9.8919e-01, 5.4033e-03, 4.5105e-10],
        [5.4033e-03, 4.5105e-10, 8.0773e-36],
        [4.5105e-10, 8.0773e-36, 0.0000e+00]])
2024-03-04 00:06:46,204 | INFO | hilo.kernel-accessor : Fetching kernel: gumbel
2024-03-04 00:06:46,204 | INFO | hilo.gumbel-kernel : Calculating Gumbel distribution (location: -0.35201603174209595, scale 0.850845992565155)
2024-03-04 00:06:46,205 | INFO | hilo.gumbel-kernel : BOTTOM-RIGHT:
tensor([[0.0000e+00, 5.0019e-35, 3.5314e-11],
        [5.0019e-35, 3.5314e-11, 1.8346e-03],
        [3.5314e-11, 1.8346e-03, 9.9633e-01]])
2024-03-04 00:06:46,205 | INFO | hilo.kernel-accessor : Fetching kernel: gumbel
2024-03-04 00:06:46,205 | INFO | hilo.gumbel-kernel : Calculating Gumbel distribution (location: -0.17527419328689575, scale 0.6595591306686401)
2024-03-04 00:06:46,205 | INFO | hilo.gumbel-kernel : BOTTOM-RIGHT:
tensor([[0.0000e+00, 0.0000e+00, 1.2359e-16],
        [0.0000e+00, 1.2359e-16, 5.1806e-04],
        [1.2359e-16, 5.1806e-04, 9.9896e-01]])
2024-03-04 00:06:46,205 | INFO | hilo.kernel-accessor : Fetching kernel: gumbel
2024-03-04 00:06:46,205 | INFO | hilo.gumbel-kernel : Calculating Gumbel distribution (location: -0.009379569441080093, scale 0.6449429988861084)
2024-03-04 00:06:46,206 | INFO | hilo.gumbel-kernel : BOTTOM-RIGHT:
tensor([[0.0000e+00, 0.0000e+00, 1.4486e-11],
        [0.0000e+00, 1.4486e-11, 4.5926e-03],
        [1.4486e-11, 4.5926e-03, 9.9081e-01]])
2024-03-04 00:06:46,206 | INFO | hilo.kernel-accessor : Fetching kernel: gumbel
2024-03-04 00:06:46,206 | INFO | hilo.gumbel-kernel : Calculating Gumbel distribution (location: -0.05680355429649353, scale 0.5996624827384949)
2024-03-04 00:06:46,206 | INFO | hilo.gumbel-kernel : BOTTOM-RIGHT:
tensor([[0.0000e+00, 0.0000e+00, 2.1606e-16],
        [0.0000e+00, 2.1606e-16, 1.0427e-03],
        [2.1606e-16, 1.0427e-03, 9.9791e-01]])
2024-03-04 00:06:46,206 | INFO | hilo.kernel-accessor : Fetching kernel: gumbel
2024-03-04 00:06:46,206 | INFO | hilo.gumbel-kernel : Calculating Gumbel distribution (location: -0.03824986517429352, scale 0.5638156533241272)
2024-03-04 00:06:46,207 | INFO | hilo.gumbel-kernel : BOTTOM-RIGHT:
tensor([[0.0000e+00, 0.0000e+00, 4.8683e-19],
        [0.0000e+00, 4.8684e-19, 6.2485e-04],
        [4.8683e-19, 6.2485e-04, 9.9875e-01]])
2024-03-04 00:06:46,207 | INFO | hilo.kernel-accessor : Fetching kernel: gumbel
2024-03-04 00:06:46,207 | INFO | hilo.gumbel-kernel : Calculating Gumbel distribution (location: 0.006063214968889952, scale 0.5405770540237427)
2024-03-04 00:06:46,207 | INFO | hilo.gumbel-kernel : BOTTOM-RIGHT:
tensor([[0.0000e+00, 0.0000e+00, 4.4164e-19],
        [0.0000e+00, 4.4164e-19, 8.3199e-04],
        [4.4164e-19, 8.3199e-04, 9.9834e-01]])
2024-03-04 00:06:46,207 | INFO | hilo.kernel-accessor : Fetching kernel: gumbel
2024-03-04 00:06:46,207 | INFO | hilo.gumbel-kernel : Calculating Gumbel distribution (location: -0.04468919709324837, scale 0.5960357785224915)
2024-03-04 00:06:46,208 | INFO | hilo.gumbel-kernel : TOP-LEFT:
tensor([[9.9763e-01, 1.1851e-03, 3.8520e-16],
        [1.1851e-03, 3.8520e-16, 0.0000e+00],
        [3.8520e-16, 0.0000e+00, 0.0000e+00]])
2024-03-04 00:06:46,208 | INFO | hilo.kernel-accessor : Fetching kernel: gumbel
2024-03-04 00:06:46,208 | INFO | hilo.gumbel-kernel : Calculating Gumbel distribution (location: 0.06045953929424286, scale 0.4794752895832062)
2024-03-04 00:06:46,208 | INFO | hilo.gumbel-kernel : TOP-LEFT:
tensor([[9.9896e-01, 5.1837e-04, 4.5493e-24],
        [5.1837e-04, 4.5494e-24, 0.0000e+00],
        [4.5493e-24, 0.0000e+00, 0.0000e+00]])
2024-03-04 00:06:46,208 | INFO | hilo.kernel-accessor : Fetching kernel: gumbel
2024-03-04 00:06:46,209 | INFO | hilo.gumbel-kernel : Calculating Gumbel distribution (location: 0.03318333998322487, scale 0.46550342440605164)
2024-03-04 00:06:46,209 | INFO | hilo.gumbel-kernel : TOP-LEFT:
tensor([[9.9967e-01, 1.6455e-04, 7.1632e-30],
        [1.6455e-04, 7.1632e-30, 0.0000e+00],
        [7.1632e-30, 0.0000e+00, 0.0000e+00]])
2024-03-04 00:06:46,209 | INFO | hilo.kernel-accessor : Fetching kernel: gumbel
2024-03-04 00:06:46,209 | INFO | hilo.gumbel-kernel : Calculating Gumbel distribution (location: 0.011513643898069859, scale 0.4329502582550049)
2024-03-04 00:06:46,209 | INFO | hilo.gumbel-kernel : TOP-LEFT:
tensor([[9.9996e-01, 1.8245e-05, 4.4842e-44],
        [1.8245e-05, 4.4842e-44, 0.0000e+00],
        [4.4842e-44, 0.0000e+00, 0.0000e+00]])
2024-03-04 00:06:46,209 | INFO | hilo.kernel-accessor : Fetching kernel: gumbel
2024-03-04 00:06:46,210 | INFO | hilo.gumbel-kernel : Calculating Gumbel distribution (location: 0.1630023717880249, scale 0.4818754494190216)
2024-03-04 00:06:46,210 | INFO | hilo.gumbel-kernel : TOP-LEFT:
tensor([[9.9278e-01, 3.6102e-03, 2.5324e-16],
        [3.6102e-03, 2.5324e-16, 0.0000e+00],
        [2.5324e-16, 0.0000e+00, 0.0000e+00]])
2024-03-04 00:08:07,078 | INFO | hilo : Epoch   5/200 | Accuracy:  56.4012 | Loss:   0.7959
2024-03-04 00:08:07,078 | INFO | hilo.kernel-accessor : Fetching kernel: gumbel
2024-03-04 00:08:07,079 | INFO | hilo.gumbel-kernel : Calculating Gumbel distribution (location: -0.01773557811975479, scale 0.45945122838020325)
2024-03-04 00:08:07,080 | INFO | hilo.gumbel-kernel : BOTTOM-RIGHT:
tensor([[0.0000e+00, 0.0000e+00, 1.3170e-38],
        [0.0000e+00, 1.3170e-38, 2.4439e-05],
        [1.3170e-38, 2.4439e-05, 9.9995e-01]])
2024-03-04 00:08:07,080 | INFO | hilo.kernel-accessor : Fetching kernel: gumbel
2024-03-04 00:08:07,080 | INFO | hilo.gumbel-kernel : Calculating Gumbel distribution (location: -0.21295496821403503, scale 1.3284085988998413)
2024-03-04 00:08:07,081 | INFO | hilo.gumbel-kernel : BOTTOM-RIGHT:
tensor([[1.1347e-13, 6.4701e-07, 1.4666e-03],
        [6.4701e-07, 1.4666e-03, 8.3138e-02],
        [1.4666e-03, 8.3138e-02, 8.2932e-01]])
2024-03-04 00:08:07,081 | INFO | hilo.kernel-accessor : Fetching kernel: gumbel
2024-03-04 00:08:07,081 | INFO | hilo.gumbel-kernel : Calculating Gumbel distribution (location: -0.36492428183555603, scale 1.315659761428833)
2024-03-04 00:08:07,082 | INFO | hilo.gumbel-kernel : BOTTOM-RIGHT:
tensor([[3.6903e-17, 2.0748e-08, 3.8409e-04],
        [2.0748e-08, 3.8409e-04, 5.6986e-02],
        [3.8409e-04, 5.6986e-02, 8.8488e-01]])
2024-03-04 00:08:07,082 | INFO | hilo.kernel-accessor : Fetching kernel: gumbel
2024-03-04 00:08:07,082 | INFO | hilo.gumbel-kernel : Calculating Gumbel distribution (location: -0.4189227819442749, scale 0.9706904292106628)
2024-03-04 00:08:07,083 | INFO | hilo.gumbel-kernel : TOP-LEFT:
tensor([[9.9013e-01, 4.9369e-03, 1.1208e-08],
        [4.9369e-03, 1.1208e-08, 1.1054e-23],
