2023-12-06 23:55:19,640 | INFO | hi-lo : 
+==============================================================+
|                                                              |
| ██████╗  █████╗ ██████╗ ██╗         ██╗      █████╗ ██████╗  |
| ██╔══██╗██╔══██╗██╔══██╗██║         ██║     ██╔══██╗██╔══██╗ |
| ██║  ██║███████║██║  ██║██║         ██║     ███████║██████╔╝ |
| ██║  ██║██╔══██║██║  ██║██║         ██║     ██╔══██║██╔══██╗ |
| ██████╔╝██║  ██║██████╔╝███████╗    ███████╗██║  ██║██████╔╝ |
| ╚═════╝ ╚═╝  ╚═╝╚═════╝ ╚══════╝    ╚══════╝╚═╝  ╚═╝╚═════╝  |
|                                                              |
+==============================================================+
|             Hi-Lo Resolution Image Classification            |
|             -------------------------------------            |
|                       Gabriel C. Trahan                      |
|                          Sahan Ahmad                         |
|                       MD  Aminual Islam                      |
+==============================================================+
| MODEL:                 normal | LR:                      0.1 |
| DISTRO:                gumbel | KERNEL TYPE:              14 |
| DATASET:             imagenet | BATCH SIZE:               64 |
+=========================================================================+
2023-12-06 23:55:19,640 | INFO | hi-lo : Output directory: output/normal/gumbel/14/imagenet/20231206_235519
2023-12-06 23:55:19,640 | INFO | hi-lo.dataset-accessor : Fetching dataset: imagenet
2023-12-06 23:55:19,640 | INFO | hi-lo.imagenet-dataset : Initializing transform.
2023-12-06 23:55:19,641 | INFO | hi-lo.imagenet-dataset : Verifying/downloading train data.
2023-12-06 23:55:22,502 | INFO | hi-lo.imagenet-dataset : Verifying/downloading test data.
2023-12-06 23:55:22,619 | INFO | hi-lo.imagenet-dataset : Creating train data loader.
2023-12-06 23:55:22,619 | INFO | hi-lo.imagenet-dataset : Creating test data loader.
2023-12-06 23:55:23,657 | INFO | hi-lo : Using device: NVIDIA GeForce GTX 1060 6GB
2023-12-06 23:55:23,657 | INFO | hi-lo : Commencing training phase...
2023-12-06 23:55:23,658 | INFO | hi-lo : BEGIN EPOCH 1 =========================================================================
2023-12-06 23:55:23,658 | INFO | hi-lo.kernel-accessor : Fetching kernel: gumbel
2023-12-06 23:55:23,659 | INFO | hi-lo.gumbel-kernel : MU (LOCATION): 0.0 | BETA (SCALE): 1.0
2023-12-06 23:55:23,659 | INFO | hi-lo.gumbel-kernel : BOTTOM-LEFT
tensor([[2.0072e-04, 2.2609e-10, 8.5377e-26],
        [5.8259e-02, 2.0072e-04, 2.2609e-10],
        [8.8288e-01, 5.8259e-02, 2.0072e-04]])
2023-12-06 23:55:23,659 | INFO | hi-lo.kernel-accessor : Fetching kernel: gumbel
2023-12-06 23:55:23,660 | INFO | hi-lo.gumbel-kernel : MU (LOCATION): 0.0 | BETA (SCALE): 1.0
2023-12-06 23:55:23,660 | INFO | hi-lo.gumbel-kernel : BOTTOM-LEFT
tensor([[2.0072e-04, 2.2609e-10, 8.5377e-26],
        [5.8259e-02, 2.0072e-04, 2.2609e-10],
        [8.8288e-01, 5.8259e-02, 2.0072e-04]])
2023-12-06 23:55:23,660 | INFO | hi-lo.kernel-accessor : Fetching kernel: gumbel
2023-12-06 23:55:23,660 | INFO | hi-lo.gumbel-kernel : MU (LOCATION): 0.0 | BETA (SCALE): 1.0
2023-12-06 23:55:23,660 | INFO | hi-lo.gumbel-kernel : BOTTOM-RIGHT
tensor([[8.5377e-26, 2.2609e-10, 2.0072e-04],
        [2.2609e-10, 2.0072e-04, 5.8259e-02],
        [2.0072e-04, 5.8259e-02, 8.8288e-01]])
2023-12-06 23:55:23,660 | INFO | hi-lo.kernel-accessor : Fetching kernel: gumbel
2023-12-06 23:55:23,661 | INFO | hi-lo.gumbel-kernel : MU (LOCATION): 0.0 | BETA (SCALE): 1.0
2023-12-06 23:55:23,661 | INFO | hi-lo.gumbel-kernel : TOP-LEFT
tensor([[8.8288e-01, 5.8259e-02, 2.0072e-04],
        [5.8259e-02, 2.0072e-04, 2.2609e-10],
        [2.0072e-04, 2.2609e-10, 8.5377e-26]])
2023-12-06 23:55:48,294 | INFO | hi-lo : END EPOCH:   1 | ACCURACY: 0 | LOSS: 4.665667533874512
2023-12-06 23:55:48,294 | INFO | hi-lo : BEGIN EPOCH 2 =========================================================================
2023-12-06 23:55:48,294 | INFO | hi-lo.kernel-accessor : Fetching kernel: gumbel
2023-12-06 23:55:48,295 | INFO | hi-lo.gumbel-kernel : MU (LOCATION): 1 | BETA (SCALE): 1
2023-12-06 23:55:48,295 | INFO | hi-lo.gumbel-kernel : STATIC
tensor([[5.6765e-01, 1.6550e-01, 3.2357e-02],
        [1.6550e-01, 3.2357e-02, 2.1352e-03],
        [3.2357e-02, 2.1352e-03, 7.3562e-06]])
2023-12-06 23:55:48,296 | INFO | hi-lo.kernel-accessor : Fetching kernel: gumbel
2023-12-06 23:55:48,296 | INFO | hi-lo.gumbel-kernel : MU (LOCATION): -0.41244226694107056 | BETA (SCALE): 0.6191396713256836
2023-12-06 23:55:48,297 | INFO | hi-lo.gumbel-kernel : BOTTOM-RIGHT
tensor([[0.0000e+00, 0.0000e+00, 4.2193e-42],
        [0.0000e+00, 4.2193e-42, 4.6552e-08],
        [4.2193e-42, 4.6552e-08, 1.0000e+00]])
2023-12-06 23:55:48,297 | INFO | hi-lo.kernel-accessor : Fetching kernel: gumbel
2023-12-06 23:55:48,297 | INFO | hi-lo.gumbel-kernel : MU (LOCATION): -0.4202547073364258 | BETA (SCALE): 0.7903292775154114
2023-12-06 23:55:48,298 | INFO | hi-lo.gumbel-kernel : TOP-LEFT
tensor([[9.9964e-01, 1.7783e-04, 2.2808e-16],
        [1.7783e-04, 2.2808e-16, 0.0000e+00],
        [2.2808e-16, 0.0000e+00, 0.0000e+00]])
2023-12-06 23:55:48,298 | INFO | hi-lo.kernel-accessor : Fetching kernel: gumbel
2023-12-06 23:55:48,298 | INFO | hi-lo.gumbel-kernel : MU (LOCATION): -0.5558151006698608 | BETA (SCALE): 0.9493030309677124
2023-12-06 23:55:48,299 | INFO | hi-lo.gumbel-kernel : TOP-RIGHT
tensor([[9.3019e-12, 8.4361e-04, 9.9831e-01],
        [1.0125e-33, 9.3019e-12, 8.4361e-04],
        [0.0000e+00, 1.0125e-33, 9.3019e-12]])
2023-12-06 23:56:12,314 | INFO | hi-lo : END EPOCH:   2 | ACCURACY: 1.56 | LOSS: 4.529793739318848
2023-12-06 23:56:12,314 | INFO | hi-lo : BEGIN EPOCH 3 =========================================================================
2023-12-06 23:56:12,314 | INFO | hi-lo.kernel-accessor : Fetching kernel: gumbel
2023-12-06 23:56:12,315 | INFO | hi-lo.gumbel-kernel : MU (LOCATION): 1 | BETA (SCALE): 1
2023-12-06 23:56:12,316 | INFO | hi-lo.gumbel-kernel : STATIC
tensor([[5.6765e-01, 1.6550e-01, 3.2357e-02],
        [1.6550e-01, 3.2357e-02, 2.1352e-03],
        [3.2357e-02, 2.1352e-03, 7.3562e-06]])
2023-12-06 23:56:12,316 | INFO | hi-lo.kernel-accessor : Fetching kernel: gumbel
2023-12-06 23:56:12,316 | INFO | hi-lo.gumbel-kernel : MU (LOCATION): -0.6453006267547607 | BETA (SCALE): 0.8218523859977722
2023-12-06 23:56:12,317 | INFO | hi-lo.gumbel-kernel : TOP-RIGHT
tensor([[1.6883e-23, 3.2314e-06, 9.9999e-01],
        [0.0000e+00, 1.6883e-23, 3.2314e-06],
        [0.0000e+00, 0.0000e+00, 1.6883e-23]])
2023-12-06 23:56:12,317 | INFO | hi-lo.kernel-accessor : Fetching kernel: gumbel
2023-12-06 23:56:12,318 | INFO | hi-lo.gumbel-kernel : MU (LOCATION): -0.8486390113830566 | BETA (SCALE): 1.0283154249191284
2023-12-06 23:56:12,318 | INFO | hi-lo.gumbel-kernel : TOP-LEFT
tensor([[9.9986e-01, 7.1925e-05, 3.9380e-15],
        [7.1925e-05, 3.9380e-15, 1.5114e-41],
        [3.9380e-15, 1.5114e-41, 0.0000e+00]])
2023-12-06 23:56:12,318 | INFO | hi-lo.kernel-accessor : Fetching kernel: gumbel
2023-12-06 23:56:12,319 | INFO | hi-lo.gumbel-kernel : MU (LOCATION): 1 | BETA (SCALE): 1
2023-12-06 23:56:12,319 | INFO | hi-lo.gumbel-kernel : STATIC
tensor([[5.6765e-01, 1.6550e-01, 3.2357e-02],
        [1.6550e-01, 3.2357e-02, 2.1352e-03],
        [3.2357e-02, 2.1352e-03, 7.3562e-06]])
2023-12-06 23:56:36,400 | INFO | hi-lo : END EPOCH:   3 | ACCURACY: 2.34 | LOSS: 4.459482192993164
2023-12-06 23:56:36,401 | INFO | hi-lo : BEGIN EPOCH 4 =========================================================================
2023-12-06 23:56:36,401 | INFO | hi-lo.kernel-accessor : Fetching kernel: gumbel
2023-12-06 23:56:36,401 | INFO | hi-lo.gumbel-kernel : MU (LOCATION): -0.06726311892271042 | BETA (SCALE): 0.5123389959335327
2023-12-06 23:56:36,402 | INFO | hi-lo.gumbel-kernel : TOP-LEFT
tensor([[9.9989e-01, 5.5030e-05, 7.4007e-30],
        [5.5030e-05, 7.4007e-30, 0.0000e+00],
        [7.4007e-30, 0.0000e+00, 0.0000e+00]])
2023-12-06 23:56:36,402 | INFO | hi-lo.kernel-accessor : Fetching kernel: gumbel
2023-12-06 23:56:36,403 | INFO | hi-lo.gumbel-kernel : MU (LOCATION): -0.6420629024505615 | BETA (SCALE): 0.8750814199447632
2023-12-06 23:56:36,403 | INFO | hi-lo.gumbel-kernel : BOTTOM-RIGHT
tensor([[0.0000e+00, 0.0000e+00, 2.3464e-18],
        [0.0000e+00, 2.3464e-18, 3.0241e-05],
        [2.3464e-18, 3.0241e-05, 9.9994e-01]])
2023-12-06 23:56:36,403 | INFO | hi-lo.kernel-accessor : Fetching kernel: gumbel
2023-12-06 23:56:36,404 | INFO | hi-lo.gumbel-kernel : MU (LOCATION): -1.131395936012268 | BETA (SCALE): 1.4134914875030518
2023-12-06 23:56:36,404 | INFO | hi-lo.gumbel-kernel : TOP-RIGHT
tensor([[4.7201e-08, 2.9863e-03, 9.9403e-01],
        [1.7750e-17, 4.7201e-08, 2.9863e-03],
        [2.7793e-36, 1.7750e-17, 4.7201e-08]])
2023-12-06 23:56:36,405 | INFO | hi-lo.kernel-accessor : Fetching kernel: gumbel
2023-12-06 23:56:36,405 | INFO | hi-lo.gumbel-kernel : MU (LOCATION): 1 | BETA (SCALE): 1
2023-12-06 23:56:36,406 | INFO | hi-lo.gumbel-kernel : STATIC
tensor([[5.6765e-01, 1.6550e-01, 3.2357e-02],
        [1.6550e-01, 3.2357e-02, 2.1352e-03],
        [3.2357e-02, 2.1352e-03, 7.3562e-06]])
2023-12-06 23:57:00,477 | INFO | hi-lo : END EPOCH:   4 | ACCURACY: 0.52 | LOSS: 4.530527114868164
2023-12-06 23:57:00,477 | INFO | hi-lo : BEGIN EPOCH 5 =========================================================================
2023-12-06 23:57:00,478 | INFO | hi-lo.kernel-accessor : Fetching kernel: gumbel
2023-12-06 23:57:00,478 | INFO | hi-lo.gumbel-kernel : MU (LOCATION): -0.13868127763271332 | BETA (SCALE): 0.5453043580055237
2023-12-06 23:57:00,479 | INFO | hi-lo.gumbel-kernel : BOTTOM-RIGHT
tensor([[0.0000e+00, 0.0000e+00, 7.0109e-30],
        [0.0000e+00, 7.0107e-30, 2.5474e-05],
        [7.0109e-30, 2.5474e-05, 9.9995e-01]])
2023-12-06 23:57:00,479 | INFO | hi-lo.kernel-accessor : Fetching kernel: gumbel
2023-12-06 23:57:00,480 | INFO | hi-lo.gumbel-kernel : MU (LOCATION): -0.5899751782417297 | BETA (SCALE): 0.9912195801734924
2023-12-06 23:57:00,480 | INFO | hi-lo.gumbel-kernel : TOP-RIGHT
tensor([[6.4510e-11, 1.1813e-03, 9.9764e-01],
        [4.5216e-30, 6.4510e-11, 1.1813e-03],
        [0.0000e+00, 4.5216e-30, 6.4510e-11]])
2023-12-06 23:57:00,480 | INFO | hi-lo.kernel-accessor : Fetching kernel: gumbel
2023-12-06 23:57:00,481 | INFO | hi-lo.gumbel-kernel : MU (LOCATION): -1.7137410640716553 | BETA (SCALE): 2.1564371585845947
2023-12-06 23:57:00,481 | INFO | hi-lo.gumbel-kernel : BOTTOM-RIGHT
tensor([[4.8998e-13, 8.6939e-08, 2.0665e-04],
        [8.6939e-08, 2.0665e-04, 3.2604e-02],
        [2.0665e-04, 3.2604e-02, 9.3417e-01]])
2023-12-06 23:57:00,481 | INFO | hi-lo.kernel-accessor : Fetching kernel: gumbel
2023-12-06 23:57:00,482 | INFO | hi-lo.gumbel-kernel : MU (LOCATION): -1.5494229793548584 | BETA (SCALE): 1.6195493936538696
2023-12-06 23:57:00,482 | INFO | hi-lo.gumbel-kernel : BOTTOM-LEFT
tensor([[1.9384e-08, 2.3810e-17, 1.2123e-33],
        [1.6468e-03, 1.9384e-08, 2.3810e-17],
        [9.9671e-01, 1.6468e-03, 1.9384e-08]])
2023-12-06 23:57:24,531 | INFO | hi-lo : END EPOCH:   5 | ACCURACY: 3.0 | LOSS: 4.231163024902344
2023-12-06 23:57:24,531 | INFO | hi-lo : BEGIN EPOCH 6 =========================================================================
2023-12-06 23:57:24,532 | INFO | hi-lo.kernel-accessor : Fetching kernel: gumbel
2023-12-06 23:57:24,532 | INFO | hi-lo.gumbel-kernel : MU (LOCATION): -0.07134601473808289 | BETA (SCALE): 0.46679797768592834
2023-12-06 23:57:24,533 | INFO | hi-lo.gumbel-kernel : TOP-RIGHT
tensor([[7.0065e-45, 4.3333e-06, 9.9999e-01],
        [0.0000e+00, 7.0065e-45, 4.3333e-06],
        [0.0000e+00, 0.0000e+00, 7.0065e-45]])
2023-12-06 23:57:24,533 | INFO | hi-lo.kernel-accessor : Fetching kernel: gumbel
2023-12-06 23:57:24,534 | INFO | hi-lo.gumbel-kernel : MU (LOCATION): -0.6673204302787781 | BETA (SCALE): 0.8846864104270935
2023-12-06 23:57:24,534 | INFO | hi-lo.gumbel-kernel : TOP-RIGHT
tensor([[1.4288e-18, 2.4707e-05, 9.9995e-01],
        [0.0000e+00, 1.4288e-18, 2.4707e-05],
        [0.0000e+00, 0.0000e+00, 1.4288e-18]])
2023-12-06 23:57:24,534 | INFO | hi-lo.kernel-accessor : Fetching kernel: gumbel
2023-12-06 23:57:24,535 | INFO | hi-lo.gumbel-kernel : MU (LOCATION): -1.2494988441467285 | BETA (SCALE): 1.6463550329208374
2023-12-06 23:57:24,535 | INFO | hi-lo.gumbel-kernel : BOTTOM-LEFT
tensor([[5.8425e-06, 8.3776e-12, 2.6118e-22],
        [1.1749e-02, 5.8425e-06, 8.3776e-12],
        [9.7648e-01, 1.1749e-02, 5.8425e-06]])
2023-12-06 23:57:24,535 | INFO | hi-lo.kernel-accessor : Fetching kernel: gumbel
2023-12-06 23:57:24,536 | INFO | hi-lo.gumbel-kernel : MU (LOCATION): -1.1933342218399048 | BETA (SCALE): 1.2607840299606323
2023-12-06 23:57:24,536 | INFO | hi-lo.gumbel-kernel : BOTTOM-LEFT
tensor([[1.2790e-12, 5.1460e-30, 0.0000e+00],
        [1.4637e-04, 1.2790e-12, 5.1460e-30],
        [9.9971e-01, 1.4637e-04, 1.2790e-12]])
2023-12-06 23:57:48,611 | INFO | hi-lo : END EPOCH:   6 | ACCURACY: 1.56 | LOSS: 4.137681007385254
2023-12-06 23:57:48,612 | INFO | hi-lo : BEGIN EPOCH 7 =========================================================================
2023-12-06 23:57:48,612 | INFO | hi-lo.kernel-accessor : Fetching kernel: gumbel
2023-12-06 23:57:48,612 | INFO | hi-lo.gumbel-kernel : MU (LOCATION): 1 | BETA (SCALE): 1
2023-12-06 23:57:48,613 | INFO | hi-lo.gumbel-kernel : STATIC
tensor([[5.6765e-01, 1.6550e-01, 3.2357e-02],
        [1.6550e-01, 3.2357e-02, 2.1352e-03],
        [3.2357e-02, 2.1352e-03, 7.3562e-06]])
2023-12-06 23:57:48,613 | INFO | hi-lo.kernel-accessor : Fetching kernel: gumbel
2023-12-06 23:57:48,614 | INFO | hi-lo.gumbel-kernel : MU (LOCATION): 1 | BETA (SCALE): 1
2023-12-06 23:57:48,614 | INFO | hi-lo.gumbel-kernel : STATIC
tensor([[5.6765e-01, 1.6550e-01, 3.2357e-02],
        [1.6550e-01, 3.2357e-02, 2.1352e-03],
        [3.2357e-02, 2.1352e-03, 7.3562e-06]])
2023-12-06 23:57:48,614 | INFO | hi-lo.kernel-accessor : Fetching kernel: gumbel
2023-12-06 23:57:48,615 | INFO | hi-lo.gumbel-kernel : MU (LOCATION): -1.1584312915802002 | BETA (SCALE): 1.5502434968948364
2023-12-06 23:57:48,615 | INFO | hi-lo.gumbel-kernel : TOP-LEFT
tensor([[9.8184e-01, 9.0767e-03, 2.1605e-06],
        [9.0767e-03, 2.1605e-06, 4.8068e-13],
        [2.1605e-06, 4.8068e-13, 1.7989e-25]])
2023-12-06 23:57:48,615 | INFO | hi-lo.kernel-accessor : Fetching kernel: gumbel
2023-12-06 23:57:48,616 | INFO | hi-lo.gumbel-kernel : MU (LOCATION): -1.4282493591308594 | BETA (SCALE): 1.480849266052246
2023-12-06 23:57:48,616 | INFO | hi-lo.gumbel-kernel : TOP-LEFT
tensor([[9.9867e-01, 6.6527e-04, 7.3363e-10],
        [6.6527e-04, 7.3363e-10, 2.7813e-21],
        [7.3363e-10, 2.7813e-21, 0.0000e+00]])
2023-12-06 23:58:12,597 | INFO | hi-lo : END EPOCH:   7 | ACCURACY: 1.56 | LOSS: 4.3927507400512695
2023-12-06 23:58:12,597 | INFO | hi-lo : BEGIN EPOCH 8 =========================================================================
2023-12-06 23:58:12,597 | INFO | hi-lo.kernel-accessor : Fetching kernel: gumbel
2023-12-06 23:58:12,597 | INFO | hi-lo.gumbel-kernel : MU (LOCATION): -0.16110631823539734 | BETA (SCALE): 0.4970582127571106
2023-12-06 23:58:12,598 | INFO | hi-lo.gumbel-kernel : TOP-RIGHT
tensor([[0.0000e+00, 5.5904e-07, 1.0000e+00],
        [0.0000e+00, 0.0000e+00, 5.5904e-07],
        [0.0000e+00, 0.0000e+00, 0.0000e+00]])
2023-12-06 23:58:12,598 | INFO | hi-lo.kernel-accessor : Fetching kernel: gumbel
2023-12-06 23:58:12,598 | INFO | hi-lo.gumbel-kernel : MU (LOCATION): -0.6713064312934875 | BETA (SCALE): 1.0035830736160278
2023-12-06 23:58:12,598 | INFO | hi-lo.gumbel-kernel : TOP-RIGHT
tensor([[4.4392e-12, 5.4840e-04, 9.9890e-01],
        [2.9466e-33, 4.4392e-12, 5.4840e-04],
        [0.0000e+00, 2.9466e-33, 4.4392e-12]])
2023-12-06 23:58:12,598 | INFO | hi-lo.kernel-accessor : Fetching kernel: gumbel
2023-12-06 23:58:12,598 | INFO | hi-lo.gumbel-kernel : MU (LOCATION): -1.33720064163208 | BETA (SCALE): 1.7316876649856567
2023-12-06 23:58:12,599 | INFO | hi-lo.gumbel-kernel : TOP-LEFT
tensor([[9.7193e-01, 1.4017e-02, 1.1558e-05],
        [1.4017e-02, 1.1558e-05, 5.8223e-11],
        [1.1558e-05, 5.8223e-11, 3.3336e-20]])
2023-12-06 23:58:12,599 | INFO | hi-lo.kernel-accessor : Fetching kernel: gumbel
2023-12-06 23:58:12,599 | INFO | hi-lo.gumbel-kernel : MU (LOCATION): -1.047083854675293 | BETA (SCALE): 1.1722166538238525
2023-12-06 23:58:12,599 | INFO | hi-lo.gumbel-kernel : TOP-RIGHT
tensor([[3.7511e-13, 1.3745e-04, 9.9973e-01],
        [9.4307e-33, 3.7511e-13, 1.3745e-04],
        [0.0000e+00, 9.4307e-33, 3.7511e-13]])
2023-12-06 23:58:36,768 | INFO | hi-lo : END EPOCH:   8 | ACCURACY: 1.27 | LOSS: 4.399592876434326
2023-12-06 23:58:36,768 | INFO | hi-lo : BEGIN EPOCH 9 =========================================================================
2023-12-06 23:58:36,768 | INFO | hi-lo.kernel-accessor : Fetching kernel: gumbel
2023-12-06 23:58:36,769 | INFO | hi-lo.gumbel-kernel : MU (LOCATION): -0.09146495908498764 | BETA (SCALE): 0.5052942633628845
2023-12-06 23:58:36,769 | INFO | hi-lo.gumbel-kernel : BOTTOM-LEFT
tensor([[1.7658e-34, 0.0000e+00, 0.0000e+00],
        [1.7820e-05, 1.7658e-34, 0.0000e+00],
        [9.9996e-01, 1.7820e-05, 1.7658e-34]])
2023-12-06 23:58:36,769 | INFO | hi-lo.kernel-accessor : Fetching kernel: gumbel
2023-12-06 23:58:36,770 | INFO | hi-lo.gumbel-kernel : MU (LOCATION): -0.6988183856010437 | BETA (SCALE): 0.8836134672164917
2023-12-06 23:58:36,770 | INFO | hi-lo.gumbel-kernel : BOTTOM-LEFT
tensor([[6.5886e-20, 0.0000e+00, 0.0000e+00],
        [1.1775e-05, 6.5886e-20, 0.0000e+00],
        [9.9998e-01, 1.1775e-05, 6.5886e-20]])
2023-12-06 23:58:36,770 | INFO | hi-lo.kernel-accessor : Fetching kernel: gumbel
2023-12-06 23:58:36,771 | INFO | hi-lo.gumbel-kernel : MU (LOCATION): -1.161146879196167 | BETA (SCALE): 1.5387905836105347
2023-12-06 23:58:36,771 | INFO | hi-lo.gumbel-kernel : TOP-LEFT
tensor([[9.8364e-01, 8.1796e-03, 1.5384e-06],
        [8.1796e-03, 1.5384e-06, 2.0406e-13],
        [1.5384e-06, 2.0406e-13, 2.4894e-26]])
2023-12-06 23:58:36,771 | INFO | hi-lo.kernel-accessor : Fetching kernel: gumbel
2023-12-06 23:58:36,772 | INFO | hi-lo.gumbel-kernel : MU (LOCATION): 1 | BETA (SCALE): 1
2023-12-06 23:58:36,772 | INFO | hi-lo.gumbel-kernel : STATIC
tensor([[5.6765e-01, 1.6550e-01, 3.2357e-02],
        [1.6550e-01, 3.2357e-02, 2.1352e-03],
        [3.2357e-02, 2.1352e-03, 7.3562e-06]])
2023-12-06 23:59:00,871 | INFO | hi-lo : END EPOCH:   9 | ACCURACY: 0.26 | LOSS: 4.1804609298706055
2023-12-06 23:59:00,872 | INFO | hi-lo : BEGIN EPOCH 10 =========================================================================
2023-12-06 23:59:00,872 | INFO | hi-lo.kernel-accessor : Fetching kernel: gumbel
2023-12-06 23:59:00,872 | INFO | hi-lo.gumbel-kernel : MU (LOCATION): -0.20592141151428223 | BETA (SCALE): 0.49635592103004456
2023-12-06 23:59:00,873 | INFO | hi-lo.gumbel-kernel : TOP-LEFT
tensor([[1.0000e+00, 4.5140e-08, 0.0000e+00],
        [4.5140e-08, 0.0000e+00, 0.0000e+00],
        [0.0000e+00, 0.0000e+00, 0.0000e+00]])
2023-12-06 23:59:00,873 | INFO | hi-lo.kernel-accessor : Fetching kernel: gumbel
2023-12-06 23:59:00,873 | INFO | hi-lo.gumbel-kernel : MU (LOCATION): -0.6360616087913513 | BETA (SCALE): 0.9178123474121094
2023-12-06 23:59:00,874 | INFO | hi-lo.gumbel-kernel : TOP-RIGHT
tensor([[2.7573e-15, 1.2597e-04, 9.9975e-01],
        [0.0000e+00, 2.7573e-15, 1.2597e-04],
        [0.0000e+00, 0.0000e+00, 2.7573e-15]])
2023-12-06 23:59:00,874 | INFO | hi-lo.kernel-accessor : Fetching kernel: gumbel
2023-12-06 23:59:00,875 | INFO | hi-lo.gumbel-kernel : MU (LOCATION): 1 | BETA (SCALE): 1
2023-12-06 23:59:00,875 | INFO | hi-lo.gumbel-kernel : STATIC
tensor([[5.6765e-01, 1.6550e-01, 3.2357e-02],
        [1.6550e-01, 3.2357e-02, 2.1352e-03],
        [3.2357e-02, 2.1352e-03, 7.3562e-06]])
2023-12-06 23:59:00,875 | INFO | hi-lo.kernel-accessor : Fetching kernel: gumbel
2023-12-06 23:59:00,876 | INFO | hi-lo.gumbel-kernel : MU (LOCATION): -1.374739408493042 | BETA (SCALE): 1.3582398891448975
2023-12-06 23:59:00,876 | INFO | hi-lo.gumbel-kernel : TOP-RIGHT
tensor([[2.0539e-12, 1.2664e-04, 9.9975e-01],
        [2.4792e-28, 2.0539e-12, 1.2664e-04],
        [0.0000e+00, 2.4792e-28, 2.0539e-12]])
2023-12-06 23:59:25,038 | INFO | hi-lo : END EPOCH:  10 | ACCURACY: 1.56 | LOSS: 4.119994163513184
2023-12-06 23:59:25,039 | INFO | hi-lo : BEGIN EPOCH 11 =========================================================================
2023-12-06 23:59:25,039 | INFO | hi-lo.kernel-accessor : Fetching kernel: gumbel
2023-12-06 23:59:25,040 | INFO | hi-lo.gumbel-kernel : MU (LOCATION): -0.04566529020667076 | BETA (SCALE): 0.5113720297813416
2023-12-06 23:59:25,040 | INFO | hi-lo.gumbel-kernel : BOTTOM-RIGHT
tensor([[0.0000e+00, 0.0000e+00, 7.6748e-28],
        [0.0000e+00, 7.6748e-28, 1.0005e-04],
        [7.6748e-28, 1.0005e-04, 9.9980e-01]])
2023-12-06 23:59:25,041 | INFO | hi-lo.kernel-accessor : Fetching kernel: gumbel
2023-12-06 23:59:25,041 | INFO | hi-lo.gumbel-kernel : MU (LOCATION): -0.656767725944519 | BETA (SCALE): 0.956709086894989
2023-12-06 23:59:25,041 | INFO | hi-lo.gumbel-kernel : TOP-LEFT
tensor([[9.9952e-01, 2.4249e-04, 8.7113e-14],
        [2.4249e-04, 8.7113e-14, 8.2356e-40],
        [8.7113e-14, 8.2356e-40, 0.0000e+00]])
2023-12-06 23:59:25,042 | INFO | hi-lo.kernel-accessor : Fetching kernel: gumbel
2023-12-06 23:59:25,042 | INFO | hi-lo.gumbel-kernel : MU (LOCATION): -1.4823379516601562 | BETA (SCALE): 1.942006230354309
2023-12-06 23:59:25,042 | INFO | hi-lo.gumbel-kernel : BOTTOM-RIGHT
tensor([[2.5282e-15, 8.6386e-09, 8.5223e-05],
        [8.6386e-09, 8.5223e-05, 2.5539e-02],
        [8.5223e-05, 2.5539e-02, 9.4867e-01]])
2023-12-06 23:59:25,042 | INFO | hi-lo.kernel-accessor : Fetching kernel: gumbel
2023-12-06 23:59:25,043 | INFO | hi-lo.gumbel-kernel : MU (LOCATION): 1 | BETA (SCALE): 1
2023-12-06 23:59:25,043 | INFO | hi-lo.gumbel-kernel : STATIC
tensor([[5.6765e-01, 1.6550e-01, 3.2357e-02],
        [1.6550e-01, 3.2357e-02, 2.1352e-03],
        [3.2357e-02, 2.1352e-03, 7.3562e-06]])
2023-12-06 23:59:49,147 | INFO | hi-lo : END EPOCH:  11 | ACCURACY: 4.69 | LOSS: 4.562623023986816
2023-12-06 23:59:49,148 | INFO | hi-lo : BEGIN EPOCH 12 =========================================================================
2023-12-06 23:59:49,148 | INFO | hi-lo.kernel-accessor : Fetching kernel: gumbel
2023-12-06 23:59:49,148 | INFO | hi-lo.gumbel-kernel : MU (LOCATION): -0.14835946261882782 | BETA (SCALE): 0.47633180022239685
2023-12-06 23:59:49,149 | INFO | hi-lo.gumbel-kernel : TOP-RIGHT
tensor([[0.0000e+00, 1.9499e-07, 1.0000e+00],
        [0.0000e+00, 0.0000e+00, 1.9499e-07],
        [0.0000e+00, 0.0000e+00, 0.0000e+00]])
2023-12-06 23:59:49,149 | INFO | hi-lo.kernel-accessor : Fetching kernel: gumbel
2023-12-06 23:59:49,149 | INFO | hi-lo.gumbel-kernel : MU (LOCATION): -0.6617164611816406 | BETA (SCALE): 1.018233060836792
2023-12-06 23:59:49,149 | INFO | hi-lo.gumbel-kernel : TOP-LEFT
tensor([[9.9837e-01, 8.1692e-04, 2.4086e-11],
        [8.1692e-04, 2.4086e-11, 9.7176e-31],
        [2.4086e-11, 9.7176e-31, 0.0000e+00]])
2023-12-06 23:59:49,149 | INFO | hi-lo.kernel-accessor : Fetching kernel: gumbel
2023-12-06 23:59:49,150 | INFO | hi-lo.gumbel-kernel : MU (LOCATION): -1.6454715728759766 | BETA (SCALE): 2.444291353225708
2023-12-06 23:59:49,150 | INFO | hi-lo.gumbel-kernel : TOP-RIGHT
tensor([[2.8263e-03, 7.9280e-02, 8.3292e-01],
        [2.2970e-05, 2.8263e-03, 7.9280e-02],
        [2.0157e-08, 2.2970e-05, 2.8263e-03]])
2023-12-06 23:59:49,150 | INFO | hi-lo.kernel-accessor : Fetching kernel: gumbel
2023-12-06 23:59:49,150 | INFO | hi-lo.gumbel-kernel : MU (LOCATION): 1 | BETA (SCALE): 1
2023-12-06 23:59:49,150 | INFO | hi-lo.gumbel-kernel : STATIC
tensor([[5.6765e-01, 1.6550e-01, 3.2357e-02],
        [1.6550e-01, 3.2357e-02, 2.1352e-03],
        [3.2357e-02, 2.1352e-03, 7.3562e-06]])
2023-12-07 00:00:13,309 | INFO | hi-lo : END EPOCH:  12 | ACCURACY: 3.91 | LOSS: 4.358009338378906
2023-12-07 00:00:13,309 | INFO | hi-lo : BEGIN EPOCH 13 =========================================================================
2023-12-07 00:00:13,309 | INFO | hi-lo.kernel-accessor : Fetching kernel: gumbel
2023-12-07 00:00:13,309 | INFO | hi-lo.gumbel-kernel : MU (LOCATION): -0.1845782846212387 | BETA (SCALE): 0.5056872963905334
2023-12-07 00:00:13,310 | INFO | hi-lo.gumbel-kernel : BOTTOM-LEFT
tensor([[0.0000e+00, 0.0000e+00, 0.0000e+00],
        [3.3997e-07, 0.0000e+00, 0.0000e+00],
        [1.0000e+00, 3.3997e-07, 0.0000e+00]])
2023-12-07 00:00:13,310 | INFO | hi-lo.kernel-accessor : Fetching kernel: gumbel
2023-12-07 00:00:13,310 | INFO | hi-lo.gumbel-kernel : MU (LOCATION): -0.6610580682754517 | BETA (SCALE): 0.8942345976829529
2023-12-07 00:00:13,310 | INFO | hi-lo.gumbel-kernel : TOP-RIGHT
tensor([[1.2630e-17, 3.8987e-05, 9.9992e-01],
        [0.0000e+00, 1.2630e-17, 3.8987e-05],
        [0.0000e+00, 0.0000e+00, 1.2630e-17]])
2023-12-07 00:00:13,311 | INFO | hi-lo.kernel-accessor : Fetching kernel: gumbel
2023-12-07 00:00:13,311 | INFO | hi-lo.gumbel-kernel : MU (LOCATION): -1.1628260612487793 | BETA (SCALE): 1.4257638454437256
2023-12-07 00:00:13,311 | INFO | hi-lo.gumbel-kernel : BOTTOM-LEFT
tensor([[3.8334e-08, 1.2759e-17, 2.0102e-36],
        [2.7363e-03, 3.8334e-08, 1.2759e-17],
        [9.9453e-01, 2.7363e-03, 3.8334e-08]])
2023-12-07 00:00:13,311 | INFO | hi-lo.kernel-accessor : Fetching kernel: gumbel
2023-12-07 00:00:13,311 | INFO | hi-lo.gumbel-kernel : MU (LOCATION): -1.476349949836731 | BETA (SCALE): 1.4699594974517822
2023-12-07 00:00:13,312 | INFO | hi-lo.gumbel-kernel : BOTTOM-LEFT
tensor([[1.0625e-10, 2.7151e-23, 0.0000e+00],
        [3.5473e-04, 1.0625e-10, 2.7151e-23],
        [9.9929e-01, 3.5473e-04, 1.0625e-10]])
2023-12-07 00:00:37,547 | INFO | hi-lo : END EPOCH:  13 | ACCURACY: 0.78 | LOSS: 4.498714923858643
2023-12-07 00:00:37,547 | INFO | hi-lo : BEGIN EPOCH 14 =========================================================================
2023-12-07 00:00:37,547 | INFO | hi-lo.kernel-accessor : Fetching kernel: gumbel
2023-12-07 00:00:37,548 | INFO | hi-lo.gumbel-kernel : MU (LOCATION): -0.04070381075143814 | BETA (SCALE): 0.4837699830532074
2023-12-07 00:00:37,549 | INFO | hi-lo.gumbel-kernel : TOP-LEFT
tensor([[9.9993e-01, 3.5932e-05, 4.2827e-34],
        [3.5932e-05, 4.2827e-34, 0.0000e+00],
        [4.2827e-34, 0.0000e+00, 0.0000e+00]])
2023-12-07 00:00:37,549 | INFO | hi-lo.kernel-accessor : Fetching kernel: gumbel
2023-12-07 00:00:37,549 | INFO | hi-lo.gumbel-kernel : MU (LOCATION): -0.7311119437217712 | BETA (SCALE): 0.9834245443344116
2023-12-07 00:00:37,550 | INFO | hi-lo.gumbel-kernel : TOP-RIGHT
tensor([[2.2737e-14, 1.4747e-04, 9.9971e-01],
        [1.0211e-40, 2.2737e-14, 1.4747e-04],
        [0.0000e+00, 1.0211e-40, 2.2737e-14]])
2023-12-07 00:00:37,550 | INFO | hi-lo.kernel-accessor : Fetching kernel: gumbel
2023-12-07 00:00:37,550 | INFO | hi-lo.gumbel-kernel : MU (LOCATION): -1.1802048683166504 | BETA (SCALE): 1.718302607536316
2023-12-07 00:00:37,551 | INFO | hi-lo.gumbel-kernel : TOP-LEFT
tensor([[9.5277e-01, 2.3541e-02, 4.9574e-05],
        [2.3541e-02, 4.9574e-05, 1.2733e-09],
        [4.9574e-05, 1.2733e-09, 1.2299e-17]])
2023-12-07 00:00:37,551 | INFO | hi-lo.kernel-accessor : Fetching kernel: gumbel
2023-12-07 00:00:37,551 | INFO | hi-lo.gumbel-kernel : MU (LOCATION): -1.5123649835586548 | BETA (SCALE): 1.5555057525634766
2023-12-07 00:00:37,552 | INFO | hi-lo.gumbel-kernel : TOP-RIGHT
tensor([[3.1238e-09, 9.5890e-04, 9.9808e-01],
        [2.0433e-19, 3.1238e-09, 9.5890e-04],
        [1.5559e-38, 2.0433e-19, 3.1238e-09]])
2023-12-07 00:01:01,729 | INFO | hi-lo : END EPOCH:  14 | ACCURACY: 0.04 | LOSS: 4.4605817794799805
2023-12-07 00:01:01,729 | INFO | hi-lo : BEGIN EPOCH 15 =========================================================================
2023-12-07 00:01:01,729 | INFO | hi-lo.kernel-accessor : Fetching kernel: gumbel
2023-12-07 00:01:01,730 | INFO | hi-lo.gumbel-kernel : MU (LOCATION): -0.019180502742528915 | BETA (SCALE): 0.537492573261261
2023-12-07 00:01:01,731 | INFO | hi-lo.gumbel-kernel : TOP-LEFT
tensor([[9.9909e-01, 4.5748e-04, 3.8411e-21],
        [4.5748e-04, 3.8411e-21, 0.0000e+00],
        [3.8411e-21, 0.0000e+00, 0.0000e+00]])
2023-12-07 00:01:01,731 | INFO | hi-lo.kernel-accessor : Fetching kernel: gumbel
2023-12-07 00:01:01,731 | INFO | hi-lo.gumbel-kernel : MU (LOCATION): 1 | BETA (SCALE): 1
2023-12-07 00:01:01,732 | INFO | hi-lo.gumbel-kernel : STATIC
tensor([[5.6765e-01, 1.6550e-01, 3.2357e-02],
        [1.6550e-01, 3.2357e-02, 2.1352e-03],
        [3.2357e-02, 2.1352e-03, 7.3562e-06]])
2023-12-07 00:01:01,732 | INFO | hi-lo.kernel-accessor : Fetching kernel: gumbel
2023-12-07 00:01:01,732 | INFO | hi-lo.gumbel-kernel : MU (LOCATION): -1.3847503662109375 | BETA (SCALE): 1.93887197971344
2023-12-07 00:01:01,733 | INFO | hi-lo.gumbel-kernel : TOP-LEFT
tensor([[9.3279e-01, 3.3336e-02, 1.7811e-04],
        [3.3336e-02, 1.7811e-04, 3.9453e-08],
        [1.7811e-04, 3.9453e-08, 4.2277e-14]])
2023-12-07 00:01:01,733 | INFO | hi-lo.kernel-accessor : Fetching kernel: gumbel
2023-12-07 00:01:01,734 | INFO | hi-lo.gumbel-kernel : MU (LOCATION): -1.2419568300247192 | BETA (SCALE): 1.259487271308899
2023-12-07 00:01:01,734 | INFO | hi-lo.gumbel-kernel : BOTTOM-RIGHT
tensor([[0.0000e+00, 1.9964e-32, 1.4400e-13],
        [1.9964e-32, 1.4400e-13, 7.4478e-05],
        [1.4400e-13, 7.4478e-05, 9.9985e-01]])
2023-12-07 00:01:25,957 | INFO | hi-lo : END EPOCH:  15 | ACCURACY: 0.26 | LOSS: 4.488999843597412
2023-12-07 00:01:25,957 | INFO | hi-lo : BEGIN EPOCH 16 =========================================================================
2023-12-07 00:01:25,957 | INFO | hi-lo.kernel-accessor : Fetching kernel: gumbel
2023-12-07 00:01:25,958 | INFO | hi-lo.gumbel-kernel : MU (LOCATION): -0.18836772441864014 | BETA (SCALE): 0.5289219617843628
2023-12-07 00:01:25,959 | INFO | hi-lo.gumbel-kernel : TOP-LEFT
tensor([[1.0000e+00, 1.5849e-06, 2.5158e-40],
        [1.5849e-06, 2.5160e-40, 0.0000e+00],
        [2.5158e-40, 0.0000e+00, 0.0000e+00]])
2023-12-07 00:01:25,959 | INFO | hi-lo.kernel-accessor : Fetching kernel: gumbel
2023-12-07 00:01:25,959 | INFO | hi-lo.gumbel-kernel : MU (LOCATION): -0.6449878215789795 | BETA (SCALE): 0.8950943946838379
2023-12-07 00:01:25,960 | INFO | hi-lo.gumbel-kernel : TOP-LEFT
tensor([[9.9989e-01, 5.5100e-05, 5.2813e-17],
        [5.5100e-05, 5.2813e-17, 0.0000e+00],
        [5.2813e-17, 0.0000e+00, 0.0000e+00]])
2023-12-07 00:01:25,960 | INFO | hi-lo.kernel-accessor : Fetching kernel: gumbel
2023-12-07 00:01:25,960 | INFO | hi-lo.gumbel-kernel : MU (LOCATION): -1.267653226852417 | BETA (SCALE): 1.5923054218292236
2023-12-07 00:01:25,961 | INFO | hi-lo.gumbel-kernel : TOP-LEFT
tensor([[9.8565e-01, 7.1733e-03, 1.2237e-06],
        [7.1733e-03, 1.2237e-06, 1.8412e-13],
        [1.2237e-06, 1.8412e-13, 5.2317e-26]])
2023-12-07 00:01:25,961 | INFO | hi-lo.kernel-accessor : Fetching kernel: gumbel
2023-12-07 00:01:25,961 | INFO | hi-lo.gumbel-kernel : MU (LOCATION): 1 | BETA (SCALE): 1
2023-12-07 00:01:25,962 | INFO | hi-lo.gumbel-kernel : STATIC
tensor([[5.6765e-01, 1.6550e-01, 3.2357e-02],
        [1.6550e-01, 3.2357e-02, 2.1352e-03],
        [3.2357e-02, 2.1352e-03, 7.3562e-06]])
2023-12-07 00:01:50,150 | INFO | hi-lo : END EPOCH:  16 | ACCURACY: 2.34 | LOSS: 4.713949203491211
2023-12-07 00:01:50,150 | INFO | hi-lo : BEGIN EPOCH 17 =========================================================================
2023-12-07 00:01:50,150 | INFO | hi-lo.kernel-accessor : Fetching kernel: gumbel
2023-12-07 00:01:50,151 | INFO | hi-lo.gumbel-kernel : MU (LOCATION): -0.06140933558344841 | BETA (SCALE): 0.5168710947036743
2023-12-07 00:01:50,151 | INFO | hi-lo.gumbel-kernel : BOTTOM-RIGHT
tensor([[0.0000e+00, 0.0000e+00, 3.0146e-28],
        [0.0000e+00, 3.0146e-28, 7.9050e-05],
        [3.0146e-28, 7.9050e-05, 9.9984e-01]])
2023-12-07 00:01:50,151 | INFO | hi-lo.kernel-accessor : Fetching kernel: gumbel
2023-12-07 00:01:50,152 | INFO | hi-lo.gumbel-kernel : MU (LOCATION): -0.5688000917434692 | BETA (SCALE): 0.8363856673240662
2023-12-07 00:01:50,152 | INFO | hi-lo.gumbel-kernel : TOP-RIGHT
tensor([[1.4509e-18, 3.7920e-05, 9.9992e-01],
        [0.0000e+00, 1.4509e-18, 3.7920e-05],
        [0.0000e+00, 0.0000e+00, 1.4509e-18]])
2023-12-07 00:01:50,152 | INFO | hi-lo.kernel-accessor : Fetching kernel: gumbel
2023-12-07 00:01:50,152 | INFO | hi-lo.gumbel-kernel : MU (LOCATION): -1.0636677742004395 | BETA (SCALE): 1.3760645389556885
2023-12-07 00:01:50,153 | INFO | hi-lo.gumbel-kernel : BOTTOM-RIGHT
tensor([[3.0287e-37, 1.1429e-17, 4.8563e-08],
        [1.1429e-17, 4.8563e-08, 3.1958e-03],
        [4.8563e-08, 3.1958e-03, 9.9361e-01]])
2023-12-07 00:01:50,153 | INFO | hi-lo.kernel-accessor : Fetching kernel: gumbel
2023-12-07 00:01:50,153 | INFO | hi-lo.gumbel-kernel : MU (LOCATION): 1 | BETA (SCALE): 1
2023-12-07 00:01:50,153 | INFO | hi-lo.gumbel-kernel : STATIC
tensor([[5.6765e-01, 1.6550e-01, 3.2357e-02],
        [1.6550e-01, 3.2357e-02, 2.1352e-03],
        [3.2357e-02, 2.1352e-03, 7.3562e-06]])
2023-12-07 00:02:14,312 | INFO | hi-lo : END EPOCH:  17 | ACCURACY: 0.15 | LOSS: 4.546074867248535
2023-12-07 00:02:14,312 | INFO | hi-lo : BEGIN EPOCH 18 =========================================================================
2023-12-07 00:02:14,312 | INFO | hi-lo.kernel-accessor : Fetching kernel: gumbel
2023-12-07 00:02:14,313 | INFO | hi-lo.gumbel-kernel : MU (LOCATION): -0.15149977803230286 | BETA (SCALE): 0.4647960364818573
2023-12-07 00:02:14,313 | INFO | hi-lo.gumbel-kernel : BOTTOM-LEFT
tensor([[0.0000e+00, 0.0000e+00, 0.0000e+00],
        [5.4090e-08, 0.0000e+00, 0.0000e+00],
        [1.0000e+00, 5.4090e-08, 0.0000e+00]])
2023-12-07 00:02:14,314 | INFO | hi-lo.kernel-accessor : Fetching kernel: gumbel
2023-12-07 00:02:14,314 | INFO | hi-lo.gumbel-kernel : MU (LOCATION): -0.5626839399337769 | BETA (SCALE): 0.9427198767662048
2023-12-07 00:02:14,315 | INFO | hi-lo.gumbel-kernel : TOP-LEFT
tensor([[9.9864e-01, 6.8009e-04, 3.5888e-12],
        [6.8009e-04, 3.5888e-12, 3.2698e-35],
        [3.5888e-12, 3.2698e-35, 0.0000e+00]])
2023-12-07 00:02:14,315 | INFO | hi-lo.kernel-accessor : Fetching kernel: gumbel
2023-12-07 00:02:14,315 | INFO | hi-lo.gumbel-kernel : MU (LOCATION): -1.4654172658920288 | BETA (SCALE): 1.775733232498169
2023-12-07 00:02:14,316 | INFO | hi-lo.gumbel-kernel : TOP-LEFT
tensor([[9.7830e-01, 1.0840e-02, 6.1073e-06],
        [1.0840e-02, 6.1073e-06, 1.8391e-11],
        [6.1073e-06, 1.8391e-11, 5.6649e-21]])
2023-12-07 00:02:14,316 | INFO | hi-lo.kernel-accessor : Fetching kernel: gumbel
2023-12-07 00:02:14,316 | INFO | hi-lo.gumbel-kernel : MU (LOCATION): -1.3739404678344727 | BETA (SCALE): 1.2554067373275757
2023-12-07 00:02:14,317 | INFO | hi-lo.gumbel-kernel : TOP-RIGHT
tensor([[1.3121e-16, 8.5807e-06, 9.9998e-01],
        [3.5402e-40, 1.3121e-16, 8.5807e-06],
        [0.0000e+00, 3.5402e-40, 1.3121e-16]])
2023-12-07 00:02:38,527 | INFO | hi-lo : END EPOCH:  18 | ACCURACY: 0.44 | LOSS: 4.3082380294799805
2023-12-07 00:02:38,527 | INFO | hi-lo : BEGIN EPOCH 19 =========================================================================
2023-12-07 00:02:38,527 | INFO | hi-lo.kernel-accessor : Fetching kernel: gumbel
2023-12-07 00:02:38,528 | INFO | hi-lo.gumbel-kernel : MU (LOCATION): -0.12310606241226196 | BETA (SCALE): 0.49171531200408936
2023-12-07 00:02:38,528 | INFO | hi-lo.gumbel-kernel : TOP-LEFT
tensor([[1.0000e+00, 2.2765e-06, 1.1771e-43],
        [2.2765e-06, 1.1771e-43, 0.0000e+00],
        [1.1771e-43, 0.0000e+00, 0.0000e+00]])
2023-12-07 00:02:38,528 | INFO | hi-lo.kernel-accessor : Fetching kernel: gumbel
2023-12-07 00:02:38,529 | INFO | hi-lo.gumbel-kernel : MU (LOCATION): -0.6522490978240967 | BETA (SCALE): 0.9999474287033081
2023-12-07 00:02:38,529 | INFO | hi-lo.gumbel-kernel : TOP-RIGHT
tensor([[7.9733e-12, 6.5189e-04, 9.9870e-01],
        [1.3751e-32, 7.9733e-12, 6.5189e-04],
        [0.0000e+00, 1.3751e-32, 7.9733e-12]])
2023-12-07 00:02:38,529 | INFO | hi-lo.kernel-accessor : Fetching kernel: gumbel
2023-12-07 00:02:38,529 | INFO | hi-lo.gumbel-kernel : MU (LOCATION): -1.478628396987915 | BETA (SCALE): 1.925722360610962
2023-12-07 00:02:38,529 | INFO | hi-lo.gumbel-kernel : BOTTOM-LEFT
tensor([[7.0157e-05, 5.5064e-09, 9.8691e-16],
        [2.3977e-02, 7.0157e-05, 5.5064e-09],
        [9.5184e-01, 2.3977e-02, 7.0157e-05]])
2023-12-07 00:02:38,529 | INFO | hi-lo.kernel-accessor : Fetching kernel: gumbel
2023-12-07 00:02:38,530 | INFO | hi-lo.gumbel-kernel : MU (LOCATION): 1 | BETA (SCALE): 1
2023-12-07 00:02:38,530 | INFO | hi-lo.gumbel-kernel : STATIC
tensor([[5.6765e-01, 1.6550e-01, 3.2357e-02],
        [1.6550e-01, 3.2357e-02, 2.1352e-03],
        [3.2357e-02, 2.1352e-03, 7.3562e-06]])
2023-12-07 00:03:02,733 | INFO | hi-lo : END EPOCH:  19 | ACCURACY: 0.33 | LOSS: 3.7760074138641357
2023-12-07 00:03:02,733 | INFO | hi-lo : BEGIN EPOCH 20 =========================================================================
2023-12-07 00:03:02,733 | INFO | hi-lo.kernel-accessor : Fetching kernel: gumbel
2023-12-07 00:03:02,734 | INFO | hi-lo.gumbel-kernel : MU (LOCATION): -0.17881959676742554 | BETA (SCALE): 0.4865988492965698
2023-12-07 00:03:02,735 | INFO | hi-lo.gumbel-kernel : BOTTOM-RIGHT
tensor([[0.0000e+00, 0.0000e+00, 0.0000e+00],
        [0.0000e+00, 0.0000e+00, 8.7501e-08],
        [0.0000e+00, 8.7501e-08, 1.0000e+00]])
2023-12-07 00:03:02,735 | INFO | hi-lo.kernel-accessor : Fetching kernel: gumbel
2023-12-07 00:03:02,735 | INFO | hi-lo.gumbel-kernel : MU (LOCATION): -0.598108172416687 | BETA (SCALE): 0.9262018203735352
2023-12-07 00:03:02,736 | INFO | hi-lo.gumbel-kernel : BOTTOM-LEFT
tensor([[8.9022e-14, 7.3406e-41, 0.0000e+00],
        [2.8809e-04, 8.9023e-14, 7.3406e-41],
        [9.9942e-01, 2.8809e-04, 8.9022e-14]])
2023-12-07 00:03:02,736 | INFO | hi-lo.kernel-accessor : Fetching kernel: gumbel
2023-12-07 00:03:02,736 | INFO | hi-lo.gumbel-kernel : MU (LOCATION): -1.452189564704895 | BETA (SCALE): 1.9555559158325195
2023-12-07 00:03:02,737 | INFO | hi-lo.gumbel-kernel : BOTTOM-RIGHT
tensor([[1.4904e-14, 2.1477e-08, 1.3004e-04],
        [2.1477e-08, 1.3004e-04, 2.9582e-02],
        [1.3004e-04, 2.9582e-02, 9.4045e-01]])
2023-12-07 00:03:02,737 | INFO | hi-lo.kernel-accessor : Fetching kernel: gumbel
2023-12-07 00:03:02,738 | INFO | hi-lo.gumbel-kernel : MU (LOCATION): -1.5903828144073486 | BETA (SCALE): 1.5204167366027832
2023-12-07 00:03:02,738 | INFO | hi-lo.gumbel-kernel : BOTTOM-RIGHT
tensor([[0.0000e+00, 2.2521e-23, 6.8568e-11],
        [2.2521e-23, 6.8568e-11, 2.7586e-04],
        [6.8568e-11, 2.7586e-04, 9.9945e-01]])
2023-12-07 00:03:26,939 | INFO | hi-lo : END EPOCH:  20 | ACCURACY: 1.56 | LOSS: 4.07144832611084
2023-12-07 00:03:26,939 | INFO | hi-lo : BEGIN EPOCH 21 =========================================================================
2023-12-07 00:03:26,940 | INFO | hi-lo.kernel-accessor : Fetching kernel: gumbel
2023-12-07 00:03:26,940 | INFO | hi-lo.gumbel-kernel : MU (LOCATION): 1 | BETA (SCALE): 1
2023-12-07 00:03:26,941 | INFO | hi-lo.gumbel-kernel : STATIC
tensor([[5.6765e-01, 1.6550e-01, 3.2357e-02],
        [1.6550e-01, 3.2357e-02, 2.1352e-03],
        [3.2357e-02, 2.1352e-03, 7.3562e-06]])
2023-12-07 00:03:26,941 | INFO | hi-lo.kernel-accessor : Fetching kernel: gumbel
2023-12-07 00:03:26,942 | INFO | hi-lo.gumbel-kernel : MU (LOCATION): -0.6952837705612183 | BETA (SCALE): 0.8931145668029785
2023-12-07 00:03:26,942 | INFO | hi-lo.gumbel-kernel : TOP-LEFT
tensor([[9.9996e-01, 1.8243e-05, 5.5638e-19],
        [1.8243e-05, 5.5639e-19, 0.0000e+00],
        [5.5638e-19, 0.0000e+00, 0.0000e+00]])
2023-12-07 00:03:26,942 | INFO | hi-lo.kernel-accessor : Fetching kernel: gumbel
