2024-03-02 07:35:29,780 | INFO | hilo : 
+==============================================================+
|                                                              |
| ██████╗  █████╗ ██████╗ ██╗         ██╗      █████╗ ██████╗  |
| ██╔══██╗██╔══██╗██╔══██╗██║         ██║     ██╔══██╗██╔══██╗ |
| ██║  ██║███████║██║  ██║██║         ██║     ███████║██████╔╝ |
| ██║  ██║██╔══██║██║  ██║██║         ██║     ██╔══██║██╔══██╗ |
| ██████╔╝██║  ██║██████╔╝███████╗    ███████╗██║  ██║██████╔╝ |
| ╚═════╝ ╚═╝  ╚═╝╚═════╝ ╚══════╝    ╚══════╝╚═╝  ╚═╝╚═════╝  |
+==============================================================+
|             Hi-Lo Resolution Image Classification            |
|             -------------------------------------            |
|                       Gabriel C. Trahan                      |
|                          Sahan Ahmad                         |
|                       MD  Aminual Islam                      |
+==============================================================+
2024-03-02 07:35:31,355 | INFO | hilo.dataset-accessor : Fetching dataset: cifar10
2024-03-02 07:35:31,355 | INFO | hilo.cifar10-dataset : Initializing transform
2024-03-02 07:35:31,355 | INFO | hilo.cifar10-dataset : Verifying/downloading train data
2024-03-02 07:35:31,947 | INFO | hilo.cifar10-dataset : Verifying/downloading test data
2024-03-02 07:35:32,420 | INFO | hilo.cifar10-dataset : Creating train data loader.
2024-03-02 07:35:32,420 | INFO | hilo.cifar10-dataset : Creating test data loader.
2024-03-02 07:35:32,528 | INFO | hilo : Output directory: output/resnet/cifar10/gaussian/6/20240302_073531/
2024-03-02 07:35:33,506 | INFO | hilo : Using device: NVIDIA GeForce GTX 1060 6GB
2024-03-02 07:35:33,507 | INFO | hilo : Exeucting job: MODEL resnet | DATASET cifar10 | KERNEL gaussian | TYPE 6
2024-03-02 07:35:33,507 | INFO | hilo : Commencing training phase...
2024-03-02 07:35:33,507 | INFO | hilo.kernel-accessor : Fetching kernel: gaussian
2024-03-02 07:35:33,507 | INFO | hilo.gaussian-kernel : Calculating Gaussian distribution (location: 0, scale 1.0)
2024-03-02 07:35:33,508 | INFO | hilo.gaussian-kernel : BOTTOM-RIGHT:
tensor([[0.0060, 0.0271, 0.0446],
        [0.0271, 0.1212, 0.1999],
        [0.0446, 0.1999, 0.3296]])
2024-03-02 07:35:33,508 | INFO | hilo.kernel-accessor : Fetching kernel: gaussian
2024-03-02 07:35:33,508 | INFO | hilo.gaussian-kernel : Calculating Gaussian distribution (location: 0, scale 1.0)
2024-03-02 07:35:33,509 | INFO | hilo.gaussian-kernel : BOTTOM-LEFT:
tensor([[0.0446, 0.0271, 0.0060],
        [0.1999, 0.1212, 0.0271],
        [0.3296, 0.1999, 0.0446]])
2024-03-02 07:35:33,509 | INFO | hilo.kernel-accessor : Fetching kernel: gaussian
2024-03-02 07:35:33,509 | INFO | hilo.gaussian-kernel : Calculating Gaussian distribution (location: 0, scale 1.0)
2024-03-02 07:35:33,509 | INFO | hilo.gaussian-kernel : BOTTOM-LEFT:
tensor([[0.0446, 0.0271, 0.0060],
        [0.1999, 0.1212, 0.0271],
        [0.3296, 0.1999, 0.0446]])
2024-03-02 07:35:33,509 | INFO | hilo.kernel-accessor : Fetching kernel: gaussian
2024-03-02 07:35:33,509 | INFO | hilo.gaussian-kernel : Calculating Gaussian distribution (location: 0, scale 1.0)
2024-03-02 07:35:33,510 | INFO | hilo.gaussian-kernel : BOTTOM-LEFT:
tensor([[0.0446, 0.0271, 0.0060],
        [0.1999, 0.1212, 0.0271],
        [0.3296, 0.1999, 0.0446]])
2024-03-02 07:35:33,510 | INFO | hilo.kernel-accessor : Fetching kernel: gaussian
2024-03-02 07:35:33,510 | INFO | hilo.gaussian-kernel : Calculating Gaussian distribution (location: 0, scale 1.0)
2024-03-02 07:35:33,510 | INFO | hilo.gaussian-kernel : BOTTOM-RIGHT:
tensor([[0.0060, 0.0271, 0.0446],
        [0.0271, 0.1212, 0.1999],
        [0.0446, 0.1999, 0.3296]])
2024-03-02 07:35:33,510 | INFO | hilo.kernel-accessor : Fetching kernel: gaussian
2024-03-02 07:35:33,510 | INFO | hilo.gaussian-kernel : Calculating Gaussian distribution (location: 0, scale 1.0)
2024-03-02 07:35:33,511 | INFO | hilo.gaussian-kernel : BOTTOM-RIGHT:
tensor([[0.0060, 0.0271, 0.0446],
        [0.0271, 0.1212, 0.1999],
        [0.0446, 0.1999, 0.3296]])
2024-03-02 07:35:33,511 | INFO | hilo.kernel-accessor : Fetching kernel: gaussian
2024-03-02 07:35:33,511 | INFO | hilo.gaussian-kernel : Calculating Gaussian distribution (location: 0, scale 1.0)
2024-03-02 07:35:33,511 | INFO | hilo.gaussian-kernel : BOTTOM-RIGHT:
tensor([[0.0060, 0.0271, 0.0446],
        [0.0271, 0.1212, 0.1999],
        [0.0446, 0.1999, 0.3296]])
2024-03-02 07:35:33,511 | INFO | hilo.kernel-accessor : Fetching kernel: gaussian
2024-03-02 07:35:33,511 | INFO | hilo.gaussian-kernel : Calculating Gaussian distribution (location: 0, scale 1.0)
2024-03-02 07:35:33,512 | INFO | hilo.gaussian-kernel : BOTTOM-LEFT:
tensor([[0.0446, 0.0271, 0.0060],
        [0.1999, 0.1212, 0.0271],
        [0.3296, 0.1999, 0.0446]])
2024-03-02 07:35:33,512 | INFO | hilo.kernel-accessor : Fetching kernel: gaussian
2024-03-02 07:35:33,512 | INFO | hilo.gaussian-kernel : Calculating Gaussian distribution (location: 0, scale 1.0)
2024-03-02 07:35:33,512 | INFO | hilo.gaussian-kernel : BOTTOM-LEFT:
tensor([[0.0446, 0.0271, 0.0060],
        [0.1999, 0.1212, 0.0271],
        [0.3296, 0.1999, 0.0446]])
2024-03-02 07:35:33,512 | INFO | hilo.kernel-accessor : Fetching kernel: gaussian
2024-03-02 07:35:33,512 | INFO | hilo.gaussian-kernel : Calculating Gaussian distribution (location: 0, scale 1.0)
2024-03-02 07:35:33,513 | INFO | hilo.gaussian-kernel : BOTTOM-LEFT:
tensor([[0.0446, 0.0271, 0.0060],
        [0.1999, 0.1212, 0.0271],
        [0.3296, 0.1999, 0.0446]])
2024-03-02 07:35:33,513 | INFO | hilo.kernel-accessor : Fetching kernel: gaussian
2024-03-02 07:35:33,513 | INFO | hilo.gaussian-kernel : Calculating Gaussian distribution (location: 0, scale 1.0)
2024-03-02 07:35:33,513 | INFO | hilo.gaussian-kernel : BOTTOM-LEFT:
tensor([[0.0446, 0.0271, 0.0060],
        [0.1999, 0.1212, 0.0271],
        [0.3296, 0.1999, 0.0446]])
2024-03-02 07:35:33,513 | INFO | hilo.kernel-accessor : Fetching kernel: gaussian
2024-03-02 07:35:33,513 | INFO | hilo.gaussian-kernel : Calculating Gaussian distribution (location: 0, scale 1.0)
2024-03-02 07:35:33,514 | INFO | hilo.gaussian-kernel : BOTTOM-RIGHT:
tensor([[0.0060, 0.0271, 0.0446],
        [0.0271, 0.1212, 0.1999],
        [0.0446, 0.1999, 0.3296]])
2024-03-02 07:35:33,514 | INFO | hilo.kernel-accessor : Fetching kernel: gaussian
2024-03-02 07:35:33,514 | INFO | hilo.gaussian-kernel : Calculating Gaussian distribution (location: 0, scale 1.0)
2024-03-02 07:35:33,514 | INFO | hilo.gaussian-kernel : BOTTOM-LEFT:
tensor([[0.0446, 0.0271, 0.0060],
        [0.1999, 0.1212, 0.0271],
        [0.3296, 0.1999, 0.0446]])
2024-03-02 07:35:33,514 | INFO | hilo.kernel-accessor : Fetching kernel: gaussian
2024-03-02 07:35:33,514 | INFO | hilo.gaussian-kernel : Calculating Gaussian distribution (location: 0, scale 1.0)
2024-03-02 07:35:33,515 | INFO | hilo.gaussian-kernel : BOTTOM-RIGHT:
tensor([[0.0060, 0.0271, 0.0446],
        [0.0271, 0.1212, 0.1999],
        [0.0446, 0.1999, 0.3296]])
2024-03-02 07:35:33,515 | INFO | hilo.kernel-accessor : Fetching kernel: gaussian
2024-03-02 07:35:33,515 | INFO | hilo.gaussian-kernel : Calculating Gaussian distribution (location: 0, scale 1.0)
2024-03-02 07:35:33,515 | INFO | hilo.gaussian-kernel : BOTTOM-RIGHT:
tensor([[0.0060, 0.0271, 0.0446],
        [0.0271, 0.1212, 0.1999],
        [0.0446, 0.1999, 0.3296]])
2024-03-02 07:35:33,515 | INFO | hilo.kernel-accessor : Fetching kernel: gaussian
2024-03-02 07:35:33,516 | INFO | hilo.gaussian-kernel : Calculating Gaussian distribution (location: 0, scale 1.0)
2024-03-02 07:35:33,516 | INFO | hilo.gaussian-kernel : BOTTOM-RIGHT:
tensor([[0.0060, 0.0271, 0.0446],
        [0.0271, 0.1212, 0.1999],
        [0.0446, 0.1999, 0.3296]])
2024-03-02 07:35:33,516 | INFO | hilo.kernel-accessor : Fetching kernel: gaussian
2024-03-02 07:35:33,516 | INFO | hilo.gaussian-kernel : Calculating Gaussian distribution (location: 0, scale 1.0)
2024-03-02 07:35:33,516 | INFO | hilo.gaussian-kernel : BOTTOM-RIGHT:
tensor([[0.0060, 0.0271, 0.0446],
        [0.0271, 0.1212, 0.1999],
        [0.0446, 0.1999, 0.3296]])
2024-03-02 07:36:54,913 | INFO | hilo : Epoch   1/200 | Accuracy:  32.8472 | Loss:   1.9033
2024-03-02 07:36:54,913 | INFO | hilo.kernel-accessor : Fetching kernel: gaussian
2024-03-02 07:36:54,914 | INFO | hilo.gaussian-kernel : Calculating Gaussian distribution (location: -0.022824427112936974, scale 0.6846032738685608)
2024-03-02 07:36:54,915 | INFO | hilo.gaussian-kernel : BOTTOM-RIGHT:
tensor([[9.0027e-05, 2.3199e-03, 7.0783e-03],
        [2.3199e-03, 5.9781e-02, 1.8240e-01],
        [7.0783e-03, 1.8240e-01, 5.5653e-01]])
2024-03-02 07:36:54,915 | INFO | hilo.kernel-accessor : Fetching kernel: gaussian
2024-03-02 07:36:54,915 | INFO | hilo.gaussian-kernel : Calculating Gaussian distribution (location: -0.6398124694824219, scale 1.8313822746276855)
2024-03-02 07:36:54,915 | INFO | hilo.gaussian-kernel : BOTTOM-LEFT:
tensor([[0.0863, 0.0614, 0.0324],
        [0.1633, 0.1162, 0.0614],
        [0.2294, 0.1633, 0.0863]])
2024-03-02 07:36:54,915 | INFO | hilo.kernel-accessor : Fetching kernel: gaussian
2024-03-02 07:36:54,915 | INFO | hilo.gaussian-kernel : Calculating Gaussian distribution (location: -0.4530724287033081, scale 1.628534197807312)
2024-03-02 07:36:54,916 | INFO | hilo.gaussian-kernel : BOTTOM-LEFT:
tensor([[0.0809, 0.0565, 0.0271],
        [0.1690, 0.1180, 0.0565],
        [0.2421, 0.1690, 0.0809]])
2024-03-02 07:36:54,916 | INFO | hilo.kernel-accessor : Fetching kernel: gaussian
2024-03-02 07:36:54,916 | INFO | hilo.gaussian-kernel : Calculating Gaussian distribution (location: -0.09420232474803925, scale 1.6531392335891724)
2024-03-02 07:36:54,916 | INFO | hilo.gaussian-kernel : BOTTOM-RIGHT:
tensor([[0.0397, 0.0711, 0.0884],
        [0.0711, 0.1275, 0.1584],
        [0.0884, 0.1584, 0.1969]])
2024-03-02 07:36:54,916 | INFO | hilo.kernel-accessor : Fetching kernel: gaussian
2024-03-02 07:36:54,916 | INFO | hilo.gaussian-kernel : Calculating Gaussian distribution (location: -0.15035097301006317, scale 1.8376550674438477)
2024-03-02 07:36:54,917 | INFO | hilo.gaussian-kernel : BOTTOM-LEFT:
tensor([[0.0931, 0.0768, 0.0471],
        [0.1518, 0.1252, 0.0768],
        [0.1841, 0.1518, 0.0931]])
2024-03-02 07:36:54,917 | INFO | hilo.kernel-accessor : Fetching kernel: gaussian
2024-03-02 07:36:54,917 | INFO | hilo.gaussian-kernel : Calculating Gaussian distribution (location: -0.04557076096534729, scale 1.2721370458602905)
2024-03-02 07:36:54,917 | INFO | hilo.gaussian-kernel : BOTTOM-RIGHT:
tensor([[0.0191, 0.0496, 0.0695],
        [0.0496, 0.1289, 0.1805],
        [0.0695, 0.1805, 0.2529]])
2024-03-02 07:36:54,917 | INFO | hilo.kernel-accessor : Fetching kernel: gaussian
2024-03-02 07:36:54,917 | INFO | hilo.gaussian-kernel : Calculating Gaussian distribution (location: -0.2061910331249237, scale 1.6170419454574585)
2024-03-02 07:36:54,918 | INFO | hilo.gaussian-kernel : BOTTOM-LEFT:
tensor([[0.0851, 0.0650, 0.0338],
        [0.1635, 0.1248, 0.0650],
        [0.2142, 0.1635, 0.0851]])
2024-03-02 07:36:54,918 | INFO | hilo.kernel-accessor : Fetching kernel: gaussian
2024-03-02 07:36:54,918 | INFO | hilo.gaussian-kernel : Calculating Gaussian distribution (location: -0.16667082905769348, scale 1.6190577745437622)
2024-03-02 07:36:54,918 | INFO | hilo.gaussian-kernel : BOTTOM-RIGHT:
tensor([[0.0353, 0.0666, 0.0859],
        [0.0666, 0.1258, 0.1623],
        [0.0859, 0.1623, 0.2093]])
2024-03-02 07:36:54,918 | INFO | hilo.kernel-accessor : Fetching kernel: gaussian
2024-03-02 07:36:54,918 | INFO | hilo.gaussian-kernel : Calculating Gaussian distribution (location: -0.09660712629556656, scale 1.5839343070983887)
2024-03-02 07:36:54,919 | INFO | hilo.gaussian-kernel : BOTTOM-RIGHT:
tensor([[0.0358, 0.0676, 0.0858],
        [0.0676, 0.1278, 0.1621],
        [0.0858, 0.1621, 0.2056]])
2024-03-02 07:36:54,919 | INFO | hilo.kernel-accessor : Fetching kernel: gaussian
2024-03-02 07:36:54,919 | INFO | hilo.gaussian-kernel : Calculating Gaussian distribution (location: -0.13167531788349152, scale 1.3141030073165894)
2024-03-02 07:36:54,919 | INFO | hilo.gaussian-kernel : BOTTOM-RIGHT:
tensor([[0.0189, 0.0485, 0.0700],
        [0.0485, 0.1248, 0.1800],
        [0.0700, 0.1800, 0.2594]])
2024-03-02 07:36:54,919 | INFO | hilo.kernel-accessor : Fetching kernel: gaussian
2024-03-02 07:36:54,920 | INFO | hilo.gaussian-kernel : Calculating Gaussian distribution (location: -0.16276562213897705, scale 1.4873872995376587)
2024-03-02 07:36:54,920 | INFO | hilo.gaussian-kernel : BOTTOM-LEFT:
tensor([[0.0800, 0.0593, 0.0280],
        [0.1696, 0.1257, 0.0593],
        [0.2288, 0.1696, 0.0800]])
2024-03-02 07:36:54,920 | INFO | hilo.kernel-accessor : Fetching kernel: gaussian
2024-03-02 07:36:54,920 | INFO | hilo.gaussian-kernel : Calculating Gaussian distribution (location: -0.15927299857139587, scale 1.410934567451477)
2024-03-02 07:36:54,920 | INFO | hilo.gaussian-kernel : BOTTOM-LEFT:
tensor([[0.0757, 0.0544, 0.0236],
        [0.1742, 0.1251, 0.0544],
        [0.2426, 0.1742, 0.0757]])
2024-03-02 07:36:54,920 | INFO | hilo.kernel-accessor : Fetching kernel: gaussian
2024-03-02 07:36:54,921 | INFO | hilo.gaussian-kernel : Calculating Gaussian distribution (location: -0.10569876432418823, scale 1.47157883644104)
2024-03-02 07:36:54,921 | INFO | hilo.gaussian-kernel : BOTTOM-RIGHT:
tensor([[0.0290, 0.0608, 0.0804],
        [0.0608, 0.1276, 0.1688],
        [0.0804, 0.1688, 0.2233]])
2024-03-02 07:36:54,921 | INFO | hilo.kernel-accessor : Fetching kernel: gaussian
2024-03-02 07:36:54,921 | INFO | hilo.gaussian-kernel : Calculating Gaussian distribution (location: -0.08340068906545639, scale 1.0851404666900635)
2024-03-02 07:36:54,921 | INFO | hilo.gaussian-kernel : BOTTOM-RIGHT:
tensor([[0.0081, 0.0310, 0.0508],
        [0.0310, 0.1188, 0.1949],
        [0.0508, 0.1949, 0.3199]])
2024-03-02 07:36:54,921 | INFO | hilo.kernel-accessor : Fetching kernel: gaussian
2024-03-02 07:36:54,922 | INFO | hilo.gaussian-kernel : Calculating Gaussian distribution (location: -0.037371180951595306, scale 1.2777140140533447)
2024-03-02 07:36:54,922 | INFO | hilo.gaussian-kernel : BOTTOM-LEFT:
tensor([[0.0701, 0.0505, 0.0197],
        [0.1799, 0.1294, 0.0505],
        [0.2500, 0.1799, 0.0701]])
2024-03-02 07:36:54,922 | INFO | hilo.kernel-accessor : Fetching kernel: gaussian
2024-03-02 07:36:54,922 | INFO | hilo.gaussian-kernel : Calculating Gaussian distribution (location: -0.20585431158542633, scale 1.1719650030136108)
2024-03-02 07:36:54,922 | INFO | hilo.gaussian-kernel : BOTTOM-RIGHT:
tensor([[0.0095, 0.0329, 0.0551],
        [0.0329, 0.1141, 0.1907],
        [0.0551, 0.1907, 0.3189]])
2024-03-02 07:36:54,923 | INFO | hilo.kernel-accessor : Fetching kernel: gaussian
2024-03-02 07:36:54,923 | INFO | hilo.gaussian-kernel : Calculating Gaussian distribution (location: -0.042103152722120285, scale 0.8509676456451416)
2024-03-02 07:36:54,923 | INFO | hilo.gaussian-kernel : BOTTOM-LEFT:
tensor([[0.0240, 0.0114, 0.0014],
        [0.2023, 0.0957, 0.0114],
        [0.4276, 0.2023, 0.0240]])
2024-03-02 07:38:15,527 | INFO | hilo : Epoch   2/200 | Accuracy:  40.7986 | Loss:   1.3274
2024-03-02 07:38:15,527 | INFO | hilo.kernel-accessor : Fetching kernel: gaussian
2024-03-02 07:38:15,527 | INFO | hilo.gaussian-kernel : Calculating Gaussian distribution (location: -0.016172140836715698, scale 0.7288312315940857)
2024-03-02 07:38:15,528 | INFO | hilo.gaussian-kernel : BOTTOM-LEFT:
tensor([[1.1117e-02, 4.2071e-03, 2.4232e-04],
        [1.9301e-01, 7.3043e-02, 4.2071e-03],
        [5.1004e-01, 1.9301e-01, 1.1117e-02]])
2024-03-02 07:38:15,528 | INFO | hilo.kernel-accessor : Fetching kernel: gaussian
2024-03-02 07:38:15,529 | INFO | hilo.gaussian-kernel : Calculating Gaussian distribution (location: -0.7224721312522888, scale 1.7418439388275146)
2024-03-02 07:38:15,529 | INFO | hilo.gaussian-kernel : BOTTOM-RIGHT:
tensor([[0.0261, 0.0542, 0.0812],
        [0.0542, 0.1128, 0.1688],
        [0.0812, 0.1688, 0.2526]])
2024-03-02 07:38:15,529 | INFO | hilo.kernel-accessor : Fetching kernel: gaussian
2024-03-02 07:38:15,529 | INFO | hilo.gaussian-kernel : Calculating Gaussian distribution (location: -0.41318243741989136, scale 1.1006479263305664)
2024-03-02 07:38:15,530 | INFO | hilo.gaussian-kernel : BOTTOM-RIGHT:
tensor([[0.0038, 0.0186, 0.0395],
        [0.0186, 0.0901, 0.1915],
        [0.0395, 0.1915, 0.4070]])
2024-03-02 07:38:15,530 | INFO | hilo.kernel-accessor : Fetching kernel: gaussian
2024-03-02 07:38:15,530 | INFO | hilo.gaussian-kernel : Calculating Gaussian distribution (location: -0.12649275362491608, scale 1.0641255378723145)
2024-03-02 07:38:15,531 | INFO | hilo.gaussian-kernel : BOTTOM-LEFT:
tensor([[0.0467, 0.0268, 0.0064],
        [0.1962, 0.1129, 0.0268],
        [0.3413, 0.1962, 0.0467]])
2024-03-02 07:38:15,531 | INFO | hilo.kernel-accessor : Fetching kernel: gaussian
2024-03-02 07:38:15,531 | INFO | hilo.gaussian-kernel : Calculating Gaussian distribution (location: -0.24130025506019592, scale 1.2992098331451416)
2024-03-02 07:38:15,532 | INFO | hilo.gaussian-kernel : BOTTOM-RIGHT:
tensor([[0.0150, 0.0422, 0.0654],
        [0.0422, 0.1183, 0.1835],
        [0.0654, 0.1835, 0.2847]])
2024-03-02 07:38:15,532 | INFO | hilo.kernel-accessor : Fetching kernel: gaussian
2024-03-02 07:38:15,532 | INFO | hilo.gaussian-kernel : Calculating Gaussian distribution (location: -0.07481463253498077, scale 0.9081425666809082)
2024-03-02 07:38:15,533 | INFO | hilo.gaussian-kernel : BOTTOM-LEFT:
tensor([[0.0299, 0.0149, 0.0022],
        [0.2016, 0.1004, 0.0149],
        [0.4047, 0.2016, 0.0299]])
2024-03-02 07:38:15,533 | INFO | hilo.kernel-accessor : Fetching kernel: gaussian
2024-03-02 07:38:15,533 | INFO | hilo.gaussian-kernel : Calculating Gaussian distribution (location: -0.18639004230499268, scale 1.1416141986846924)
2024-03-02 07:38:15,533 | INFO | hilo.gaussian-kernel : BOTTOM-RIGHT:
tensor([[0.0085, 0.0311, 0.0527],
        [0.0311, 0.1136, 0.1923],
        [0.0527, 0.1923, 0.3256]])
2024-03-02 07:38:15,534 | INFO | hilo.kernel-accessor : Fetching kernel: gaussian
2024-03-02 07:38:15,534 | INFO | hilo.gaussian-kernel : Calculating Gaussian distribution (location: -0.17987501621246338, scale 1.1050939559936523)
2024-03-02 07:38:15,534 | INFO | hilo.gaussian-kernel : BOTTOM-LEFT:
tensor([[0.0491, 0.0281, 0.0071],
        [0.1942, 0.1113, 0.0281],
        [0.3388, 0.1942, 0.0491]])
2024-03-02 07:38:15,534 | INFO | hilo.kernel-accessor : Fetching kernel: gaussian
2024-03-02 07:38:15,535 | INFO | hilo.gaussian-kernel : Calculating Gaussian distribution (location: -0.11917656660079956, scale 1.1221261024475098)
2024-03-02 07:38:15,535 | INFO | hilo.gaussian-kernel : BOTTOM-LEFT:
tensor([[0.0533, 0.0326, 0.0090],
        [0.1929, 0.1180, 0.0326],
        [0.3154, 0.1929, 0.0533]])
2024-03-02 07:38:15,535 | INFO | hilo.kernel-accessor : Fetching kernel: gaussian
2024-03-02 07:38:15,536 | INFO | hilo.gaussian-kernel : Calculating Gaussian distribution (location: -0.13676370680332184, scale 0.9144902229309082)
2024-03-02 07:38:15,536 | INFO | hilo.gaussian-kernel : BOTTOM-RIGHT:
tensor([[0.0019, 0.0131, 0.0281],
        [0.0131, 0.0928, 0.1987],
        [0.0281, 0.1987, 0.4255]])
2024-03-02 07:38:15,536 | INFO | hilo.kernel-accessor : Fetching kernel: gaussian
2024-03-02 07:38:15,536 | INFO | hilo.gaussian-kernel : Calculating Gaussian distribution (location: -0.1653936207294464, scale 1.0712319612503052)
2024-03-02 07:38:15,537 | INFO | hilo.gaussian-kernel : BOTTOM-RIGHT:
tensor([[0.0060, 0.0257, 0.0459],
        [0.0257, 0.1096, 0.1958],
        [0.0459, 0.1958, 0.3496]])
2024-03-02 07:38:15,537 | INFO | hilo.kernel-accessor : Fetching kernel: gaussian
2024-03-02 07:38:15,537 | INFO | hilo.gaussian-kernel : Calculating Gaussian distribution (location: -0.1418585628271103, scale 1.0496330261230469)
2024-03-02 07:38:15,538 | INFO | hilo.gaussian-kernel : BOTTOM-RIGHT:
tensor([[0.0056, 0.0248, 0.0444],
        [0.0248, 0.1099, 0.1969],
        [0.0444, 0.1969, 0.3525]])
2024-03-02 07:38:15,538 | INFO | hilo.kernel-accessor : Fetching kernel: gaussian
2024-03-02 07:38:15,538 | INFO | hilo.gaussian-kernel : Calculating Gaussian distribution (location: -0.05959175527095795, scale 1.0944783687591553)
2024-03-02 07:38:15,539 | INFO | hilo.gaussian-kernel : BOTTOM-RIGHT:
tensor([[0.0090, 0.0331, 0.0528],
        [0.0331, 0.1216, 0.1940],
        [0.0528, 0.1940, 0.3096]])
2024-03-02 07:38:15,539 | INFO | hilo.kernel-accessor : Fetching kernel: gaussian
2024-03-02 07:38:15,539 | INFO | hilo.gaussian-kernel : Calculating Gaussian distribution (location: -0.0007814569398760796, scale 0.8099303841590881)
2024-03-02 07:38:15,540 | INFO | hilo.gaussian-kernel : BOTTOM-LEFT:
tensor([[0.0207, 0.0096, 0.0010],
        [0.2035, 0.0948, 0.0096],
        [0.4366, 0.2035, 0.0207]])
2024-03-02 07:38:15,540 | INFO | hilo.kernel-accessor : Fetching kernel: gaussian
2024-03-02 07:38:15,540 | INFO | hilo.gaussian-kernel : Calculating Gaussian distribution (location: -0.014475134201347828, scale 0.9861915707588196)
2024-03-02 07:38:15,541 | INFO | hilo.gaussian-kernel : BOTTOM-LEFT:
tensor([[0.0423, 0.0249, 0.0053],
        [0.2007, 0.1183, 0.0249],
        [0.3406, 0.2007, 0.0423]])
2024-03-02 07:38:15,541 | INFO | hilo.kernel-accessor : Fetching kernel: gaussian
2024-03-02 07:38:15,541 | INFO | hilo.gaussian-kernel : Calculating Gaussian distribution (location: -0.11257404088973999, scale 1.1075632572174072)
2024-03-02 07:38:15,541 | INFO | hilo.gaussian-kernel : BOTTOM-RIGHT:
tensor([[0.0085, 0.0316, 0.0520],
        [0.0316, 0.1176, 0.1937],
        [0.0520, 0.1937, 0.3192]])
2024-03-02 07:38:15,542 | INFO | hilo.kernel-accessor : Fetching kernel: gaussian
2024-03-02 07:38:15,542 | INFO | hilo.gaussian-kernel : Calculating Gaussian distribution (location: -0.1491026133298874, scale 1.7370290756225586)
2024-03-02 07:38:15,542 | INFO | hilo.gaussian-kernel : BOTTOM-LEFT:
tensor([[0.0903, 0.0729, 0.0422],
        [0.1560, 0.1258, 0.0729],
        [0.1935, 0.1560, 0.0903]])
2024-03-02 07:39:36,098 | INFO | hilo : Epoch   3/200 | Accuracy:  42.9688 | Loss:   1.2702
2024-03-02 07:39:36,098 | INFO | hilo.kernel-accessor : Fetching kernel: gaussian
2024-03-02 07:39:36,099 | INFO | hilo.gaussian-kernel : Calculating Gaussian distribution (location: -0.020897995680570602, scale 0.6880490779876709)
2024-03-02 07:39:36,100 | INFO | hilo.gaussian-kernel : BOTTOM-LEFT:
tensor([[7.3913e-03, 2.4596e-03, 9.8999e-05],
        [1.8363e-01, 6.1107e-02, 2.4596e-03],
        [5.5183e-01, 1.8363e-01, 7.3913e-03]])
2024-03-02 07:39:36,100 | INFO | hilo.kernel-accessor : Fetching kernel: gaussian
2024-03-02 07:39:36,100 | INFO | hilo.gaussian-kernel : Calculating Gaussian distribution (location: -0.7928616404533386, scale 2.159353494644165)
2024-03-02 07:39:36,100 | INFO | hilo.gaussian-kernel : BOTTOM-LEFT:
tensor([[0.0939, 0.0712, 0.0435],
        [0.1536, 0.1164, 0.0712],
        [0.2027, 0.1536, 0.0939]])
2024-03-02 07:39:36,101 | INFO | hilo.kernel-accessor : Fetching kernel: gaussian
2024-03-02 07:39:36,101 | INFO | hilo.gaussian-kernel : Calculating Gaussian distribution (location: -0.5280332565307617, scale 1.3073562383651733)
2024-03-02 07:39:36,101 | INFO | hilo.gaussian-kernel : BOTTOM-LEFT:
tensor([[0.0569, 0.0312, 0.0095],
        [0.1863, 0.1021, 0.0312],
        [0.3399, 0.1863, 0.0569]])
2024-03-02 07:39:36,101 | INFO | hilo.kernel-accessor : Fetching kernel: gaussian
2024-03-02 07:39:36,102 | INFO | hilo.gaussian-kernel : Calculating Gaussian distribution (location: -0.1558186262845993, scale 0.9692907333374023)
2024-03-02 07:39:36,102 | INFO | hilo.gaussian-kernel : BOTTOM-LEFT:
tensor([[0.0341, 0.0170, 0.0029],
        [0.1986, 0.0988, 0.0170],
        [0.3991, 0.1986, 0.0341]])
2024-03-02 07:39:36,102 | INFO | hilo.kernel-accessor : Fetching kernel: gaussian
2024-03-02 07:39:36,103 | INFO | hilo.gaussian-kernel : Calculating Gaussian distribution (location: -0.20295479893684387, scale 1.0140599012374878)
2024-03-02 07:39:36,103 | INFO | hilo.gaussian-kernel : BOTTOM-RIGHT:
tensor([[0.0036, 0.0190, 0.0376],
        [0.0190, 0.0994, 0.1969],
        [0.0376, 0.1969, 0.3901]])
2024-03-02 07:39:36,103 | INFO | hilo.kernel-accessor : Fetching kernel: gaussian
2024-03-02 07:39:36,103 | INFO | hilo.gaussian-kernel : Calculating Gaussian distribution (location: -0.042426034808158875, scale 0.7603100538253784)
2024-03-02 07:39:36,104 | INFO | hilo.gaussian-kernel : BOTTOM-LEFT:
tensor([[1.3492e-02, 5.2791e-03, 3.6624e-04],
        [1.9448e-01, 7.6096e-02, 5.2791e-03],
        [4.9704e-01, 1.9448e-01, 1.3492e-02]])
2024-03-02 07:39:36,104 | INFO | hilo.kernel-accessor : Fetching kernel: gaussian
2024-03-02 07:39:36,104 | INFO | hilo.gaussian-kernel : Calculating Gaussian distribution (location: -0.18070468306541443, scale 0.8966934084892273)
2024-03-02 07:39:36,105 | INFO | hilo.gaussian-kernel : BOTTOM-RIGHT:
tensor([[0.0013, 0.0104, 0.0241],
        [0.0104, 0.0838, 0.1953],
        [0.0241, 0.1953, 0.4554]])
2024-03-02 07:39:36,105 | INFO | hilo.kernel-accessor : Fetching kernel: gaussian
2024-03-02 07:39:36,105 | INFO | hilo.gaussian-kernel : Calculating Gaussian distribution (location: -0.16671597957611084, scale 0.7865115404129028)
2024-03-02 07:39:36,106 | INFO | hilo.gaussian-kernel : BOTTOM-RIGHT:
tensor([[2.8469e-04, 4.2121e-03, 1.2376e-02],
        [4.2121e-03, 6.2321e-02, 1.8311e-01],
        [1.2376e-02, 1.8311e-01, 5.3800e-01]])
2024-03-02 07:39:36,106 | INFO | hilo.kernel-accessor : Fetching kernel: gaussian
2024-03-02 07:39:36,106 | INFO | hilo.gaussian-kernel : Calculating Gaussian distribution (location: -0.08962045609951019, scale 0.7935112118721008)
2024-03-02 07:39:36,106 | INFO | hilo.gaussian-kernel : BOTTOM-RIGHT:
tensor([[4.8658e-04, 6.0753e-03, 1.5497e-02],
        [6.0753e-03, 7.5853e-02, 1.9349e-01],
        [1.5497e-02, 1.9349e-01, 4.9355e-01]])
2024-03-02 07:39:36,107 | INFO | hilo.kernel-accessor : Fetching kernel: gaussian
2024-03-02 07:39:36,107 | INFO | hilo.gaussian-kernel : Calculating Gaussian distribution (location: -0.09404920041561127, scale 0.6429051160812378)
2024-03-02 07:39:36,107 | INFO | hilo.gaussian-kernel : BOTTOM-LEFT:
tensor([[3.2526e-03, 7.7277e-04, 1.6336e-05],
        [1.5387e-01, 3.6556e-02, 7.7277e-04],
        [6.4764e-01, 1.5387e-01, 3.2526e-03]])
2024-03-02 07:39:36,108 | INFO | hilo.kernel-accessor : Fetching kernel: gaussian
2024-03-02 07:39:36,108 | INFO | hilo.gaussian-kernel : Calculating Gaussian distribution (location: -0.07274750620126724, scale 0.715317964553833)
2024-03-02 07:39:36,108 | INFO | hilo.gaussian-kernel : BOTTOM-RIGHT:
tensor([[1.2669e-04, 2.7392e-03, 8.3896e-03],
        [2.7392e-03, 5.9225e-02, 1.8140e-01],
        [8.3896e-03, 1.8140e-01, 5.5560e-01]])
2024-03-02 07:39:36,109 | INFO | hilo.kernel-accessor : Fetching kernel: gaussian
2024-03-02 07:39:36,109 | INFO | hilo.gaussian-kernel : Calculating Gaussian distribution (location: -0.04359133169054985, scale 0.6967537999153137)
2024-03-02 07:39:36,109 | INFO | hilo.gaussian-kernel : BOTTOM-RIGHT:
tensor([[1.0268e-04, 2.4680e-03, 7.5622e-03],
        [2.4680e-03, 5.9325e-02, 1.8177e-01],
        [7.5622e-03, 1.8177e-01, 5.5696e-01]])
2024-03-02 07:39:36,110 | INFO | hilo.kernel-accessor : Fetching kernel: gaussian
2024-03-02 07:39:36,110 | INFO | hilo.gaussian-kernel : Calculating Gaussian distribution (location: 0.03297805041074753, scale 0.7695684432983398)
2024-03-02 07:39:36,110 | INFO | hilo.gaussian-kernel : BOTTOM-RIGHT:
tensor([[0.0007, 0.0078, 0.0171],
        [0.0078, 0.0927, 0.2040],
        [0.0171, 0.2040, 0.4488]])
2024-03-02 07:39:36,111 | INFO | hilo.kernel-accessor : Fetching kernel: gaussian
2024-03-02 07:39:36,111 | INFO | hilo.gaussian-kernel : Calculating Gaussian distribution (location: 0.008187882602214813, scale 0.6453748345375061)
2024-03-02 07:39:36,111 | INFO | hilo.gaussian-kernel : BOTTOM-LEFT:
tensor([[4.9367e-03, 1.5157e-03, 4.2180e-05],
        [1.7740e-01, 5.4468e-02, 1.5157e-03],
        [5.7779e-01, 1.7740e-01, 4.9367e-03]])
2024-03-02 07:39:36,111 | INFO | hilo.kernel-accessor : Fetching kernel: gaussian
2024-03-02 07:39:36,112 | INFO | hilo.gaussian-kernel : Calculating Gaussian distribution (location: 0.030859680846333504, scale 0.7505370378494263)
2024-03-02 07:39:36,112 | INFO | hilo.gaussian-kernel : BOTTOM-LEFT:
tensor([[0.0149, 0.0065, 0.0005],
        [0.2021, 0.0879, 0.0065],
        [0.4648, 0.2021, 0.0149]])
2024-03-02 07:39:36,112 | INFO | hilo.kernel-accessor : Fetching kernel: gaussian
2024-03-02 07:39:36,113 | INFO | hilo.gaussian-kernel : Calculating Gaussian distribution (location: -0.031722698360681534, scale 0.8149619102478027)
2024-03-02 07:39:36,113 | INFO | hilo.gaussian-kernel : BOTTOM-LEFT:
tensor([[0.0201, 0.0090, 0.0009],
        [0.2012, 0.0904, 0.0090],
        [0.4481, 0.2012, 0.0201]])
2024-03-02 07:39:36,113 | INFO | hilo.kernel-accessor : Fetching kernel: gaussian
2024-03-02 07:39:36,113 | INFO | hilo.gaussian-kernel : Calculating Gaussian distribution (location: -0.17622017860412598, scale 1.1179836988449097)
2024-03-02 07:39:36,114 | INFO | hilo.gaussian-kernel : BOTTOM-RIGHT:
tensor([[0.0077, 0.0295, 0.0506],
        [0.0295, 0.1127, 0.1935],
        [0.0506, 0.1935, 0.3324]])
2024-03-02 07:40:56,757 | INFO | hilo : Epoch   4/200 | Accuracy:  37.2656 | Loss:   1.1901
2024-03-02 07:40:56,757 | INFO | hilo.kernel-accessor : Fetching kernel: gaussian
2024-03-02 07:40:56,758 | INFO | hilo.gaussian-kernel : Calculating Gaussian distribution (location: -0.0047391667030751705, scale 0.7219265103340149)
2024-03-02 07:40:56,758 | INFO | hilo.gaussian-kernel : BOTTOM-RIGHT:
tensor([[2.2817e-04, 4.0940e-03, 1.0783e-02],
        [4.0940e-03, 7.3458e-02, 1.9348e-01],
        [1.0783e-02, 1.9348e-01, 5.0960e-01]])
2024-03-02 07:40:56,758 | INFO | hilo.kernel-accessor : Fetching kernel: gaussian
2024-03-02 07:40:56,759 | INFO | hilo.gaussian-kernel : Calculating Gaussian distribution (location: -0.9947974681854248, scale 2.171344757080078)
2024-03-02 07:40:56,759 | INFO | hilo.gaussian-kernel : BOTTOM-RIGHT:
tensor([[0.0396, 0.0671, 0.0922],
        [0.0671, 0.1140, 0.1565],
        [0.0922, 0.1565, 0.2149]])
2024-03-02 07:40:56,759 | INFO | hilo.kernel-accessor : Fetching kernel: gaussian
2024-03-02 07:40:56,759 | INFO | hilo.gaussian-kernel : Calculating Gaussian distribution (location: -0.5802112221717834, scale 1.2606405019760132)
2024-03-02 07:40:56,759 | INFO | hilo.gaussian-kernel : BOTTOM-LEFT:
tensor([[0.0507, 0.0257, 0.0069],
        [0.1876, 0.0951, 0.0257],
        [0.3702, 0.1876, 0.0507]])
2024-03-02 07:40:56,760 | INFO | hilo.kernel-accessor : Fetching kernel: gaussian
2024-03-02 07:40:56,760 | INFO | hilo.gaussian-kernel : Calculating Gaussian distribution (location: -0.11900755763053894, scale 0.9014772772789001)
2024-03-02 07:40:56,760 | INFO | hilo.gaussian-kernel : BOTTOM-LEFT:
tensor([[0.0272, 0.0127, 0.0017],
        [0.1993, 0.0930, 0.0127],
        [0.4269, 0.1993, 0.0272]])
2024-03-02 07:40:56,760 | INFO | hilo.kernel-accessor : Fetching kernel: gaussian
2024-03-02 07:40:56,760 | INFO | hilo.gaussian-kernel : Calculating Gaussian distribution (location: -0.17285634577274323, scale 0.9901317954063416)
2024-03-02 07:40:56,760 | INFO | hilo.gaussian-kernel : BOTTOM-LEFT:
tensor([[0.0359, 0.0181, 0.0033],
        [0.1979, 0.0996, 0.0181],
        [0.3932, 0.1979, 0.0359]])
2024-03-02 07:40:56,761 | INFO | hilo.kernel-accessor : Fetching kernel: gaussian
2024-03-02 07:40:56,761 | INFO | hilo.gaussian-kernel : Calculating Gaussian distribution (location: -0.03627712279558182, scale 0.6833248138427734)
2024-03-02 07:40:56,761 | INFO | hilo.gaussian-kernel : BOTTOM-LEFT:
tensor([[6.6883e-03, 2.1209e-03, 7.9001e-05],
        [1.7956e-01, 5.6940e-02, 2.1209e-03],
        [5.6624e-01, 1.7956e-01, 6.6883e-03]])
2024-03-02 07:40:56,761 | INFO | hilo.kernel-accessor : Fetching kernel: gaussian
2024-03-02 07:40:56,761 | INFO | hilo.gaussian-kernel : Calculating Gaussian distribution (location: -0.1246911957859993, scale 0.7334319353103638)
2024-03-02 07:40:56,762 | INFO | hilo.gaussian-kernel : BOTTOM-RIGHT:
tensor([[1.3221e-04, 2.7100e-03, 8.6561e-03],
        [2.7100e-03, 5.5549e-02, 1.7743e-01],
        [8.6561e-03, 1.7743e-01, 5.6673e-01]])
2024-03-02 07:40:56,762 | INFO | hilo.kernel-accessor : Fetching kernel: gaussian
2024-03-02 07:40:56,762 | INFO | hilo.gaussian-kernel : Calculating Gaussian distribution (location: -0.14943327009677887, scale 0.7077815532684326)
2024-03-02 07:40:56,762 | INFO | hilo.gaussian-kernel : BOTTOM-LEFT:
tensor([[6.1677e-03, 1.6870e-03, 6.2684e-05],
        [1.6599e-01, 4.5400e-02, 1.6870e-03],
        [6.0686e-01, 1.6599e-01, 6.1677e-03]])
2024-03-02 07:40:56,762 | INFO | hilo.kernel-accessor : Fetching kernel: gaussian
2024-03-02 07:40:56,762 | INFO | hilo.gaussian-kernel : Calculating Gaussian distribution (location: -0.025541938841342926, scale 0.6536896824836731)
2024-03-02 07:40:56,763 | INFO | hilo.gaussian-kernel : BOTTOM-LEFT:
tensor([[4.8656e-03, 1.4223e-03, 4.0043e-05],
        [1.7283e-01, 5.0522e-02, 1.4223e-03],
        [5.9121e-01, 1.7283e-01, 4.8656e-03]])
2024-03-02 07:40:56,763 | INFO | hilo.kernel-accessor : Fetching kernel: gaussian
2024-03-02 07:40:56,763 | INFO | hilo.gaussian-kernel : Calculating Gaussian distribution (location: -0.033899981528520584, scale 0.5531566739082336)
2024-03-02 07:40:56,763 | INFO | hilo.gaussian-kernel : BOTTOM-RIGHT:
tensor([[9.7604e-07, 1.4676e-04, 8.4021e-04],
        [1.4676e-04, 2.2067e-02, 1.2633e-01],
        [8.4021e-04, 1.2633e-01, 7.2329e-01]])
2024-03-02 07:40:56,763 | INFO | hilo.kernel-accessor : Fetching kernel: gaussian
2024-03-02 07:40:56,763 | INFO | hilo.gaussian-kernel : Calculating Gaussian distribution (location: -0.04116752743721008, scale 0.6216782331466675)
2024-03-02 07:40:56,764 | INFO | hilo.gaussian-kernel : BOTTOM-LEFT:
tensor([[2.9206e-03, 7.2005e-04, 1.3352e-05],
        [1.5751e-01, 3.8831e-02, 7.2005e-04],
        [6.3886e-01, 1.5751e-01, 2.9206e-03]])
2024-03-02 07:40:56,764 | INFO | hilo.kernel-accessor : Fetching kernel: gaussian
2024-03-02 07:40:56,764 | INFO | hilo.gaussian-kernel : Calculating Gaussian distribution (location: -0.014894732274115086, scale 0.5321901440620422)
2024-03-02 07:40:56,764 | INFO | hilo.gaussian-kernel : BOTTOM-RIGHT:
tensor([[4.4041e-07, 9.2634e-05, 5.7056e-04],
        [9.2634e-05, 1.9484e-02, 1.2001e-01],
        [5.7056e-04, 1.2001e-01, 7.3917e-01]])
2024-03-02 07:40:56,764 | INFO | hilo.kernel-accessor : Fetching kernel: gaussian
2024-03-02 07:40:56,764 | INFO | hilo.gaussian-kernel : Calculating Gaussian distribution (location: 0.030894357711076736, scale 0.5580230951309204)
2024-03-02 07:40:56,765 | INFO | hilo.gaussian-kernel : BOTTOM-LEFT:
tensor([[1.3227e-03, 2.9322e-04, 2.6196e-06],
        [1.4805e-01, 3.2821e-02, 2.9322e-04],
        [6.6784e-01, 1.4805e-01, 1.3227e-03]])
2024-03-02 07:40:56,765 | INFO | hilo.kernel-accessor : Fetching kernel: gaussian
2024-03-02 07:40:56,765 | INFO | hilo.gaussian-kernel : Calculating Gaussian distribution (location: 0.024763911962509155, scale 0.38810157775878906)
2024-03-02 07:40:56,765 | INFO | hilo.gaussian-kernel : BOTTOM-LEFT:
tensor([[2.1872e-06, 9.3246e-08, 5.2005e-12],
        [3.9217e-02, 1.6719e-03, 9.3246e-08],
        [9.1989e-01, 3.9217e-02, 2.1872e-06]])
2024-03-02 07:40:56,765 | INFO | hilo.kernel-accessor : Fetching kernel: gaussian
2024-03-02 07:40:56,765 | INFO | hilo.gaussian-kernel : Calculating Gaussian distribution (location: 0.07583825290203094, scale 0.42547935247421265)
2024-03-02 07:40:56,766 | INFO | hilo.gaussian-kernel : BOTTOM-RIGHT:
tensor([[1.1275e-09, 2.9421e-06, 3.0635e-05],
        [2.9421e-06, 7.6772e-03, 7.9940e-02],
        [3.0635e-05, 7.9940e-02, 8.3238e-01]])
2024-03-02 07:40:56,766 | INFO | hilo.kernel-accessor : Fetching kernel: gaussian
2024-03-02 07:40:56,766 | INFO | hilo.gaussian-kernel : Calculating Gaussian distribution (location: -0.05035323649644852, scale 0.5240548849105835)
2024-03-02 07:40:56,766 | INFO | hilo.gaussian-kernel : BOTTOM-LEFT:
tensor([[3.6968e-04, 4.9833e-05, 1.7614e-07],
        [1.0459e-01, 1.4099e-02, 4.9833e-05],
        [7.7588e-01, 1.0459e-01, 3.6968e-04]])
2024-03-02 07:40:56,766 | INFO | hilo.kernel-accessor : Fetching kernel: gaussian
2024-03-02 07:40:56,766 | INFO | hilo.gaussian-kernel : Calculating Gaussian distribution (location: 0.012877743691205978, scale 0.5308485627174377)
2024-03-02 07:40:56,767 | INFO | hilo.gaussian-kernel : BOTTOM-LEFT:
tensor([[6.5282e-04, 1.1590e-04, 5.9183e-07],
        [1.2784e-01, 2.2695e-02, 1.1590e-04],
        [7.2009e-01, 1.2784e-01, 6.5282e-04]])
2024-03-02 07:42:17,367 | INFO | hilo : Epoch   5/200 | Accuracy:  48.2589 | Loss:   1.2751
2024-03-02 07:42:17,367 | INFO | hilo.kernel-accessor : Fetching kernel: gaussian
2024-03-02 07:42:17,368 | INFO | hilo.gaussian-kernel : Calculating Gaussian distribution (location: -0.022752631455659866, scale 0.6479434370994568)
2024-03-02 07:42:17,368 | INFO | hilo.gaussian-kernel : BOTTOM-LEFT:
tensor([[4.5616e-03, 1.3133e-03, 3.4925e-05],
        [1.7152e-01, 4.9382e-02, 1.3133e-03],
        [5.9578e-01, 1.7152e-01, 4.5616e-03]])
2024-03-02 07:42:17,368 | INFO | hilo.kernel-accessor : Fetching kernel: gaussian
2024-03-02 07:42:17,368 | INFO | hilo.gaussian-kernel : Calculating Gaussian distribution (location: -0.8632509112358093, scale 1.9394594430923462)
2024-03-02 07:42:17,369 | INFO | hilo.gaussian-kernel : BOTTOM-RIGHT:
tensor([[0.0323, 0.0605, 0.0869],
        [0.0605, 0.1133, 0.1629],
        [0.0869, 0.1629, 0.2340]])
2024-03-02 07:42:17,369 | INFO | hilo.kernel-accessor : Fetching kernel: gaussian
2024-03-02 07:42:17,369 | INFO | hilo.gaussian-kernel : Calculating Gaussian distribution (location: -0.630558431148529, scale 1.2523998022079468)
2024-03-02 07:42:17,369 | INFO | hilo.gaussian-kernel : BOTTOM-RIGHT:
tensor([[0.0060, 0.0234, 0.0482],
        [0.0234, 0.0911, 0.1873],
        [0.0482, 0.1873, 0.3851]])
2024-03-02 07:42:17,369 | INFO | hilo.kernel-accessor : Fetching kernel: gaussian
2024-03-02 07:42:17,369 | INFO | hilo.gaussian-kernel : Calculating Gaussian distribution (location: -0.17207568883895874, scale 0.8698108196258545)
2024-03-02 07:42:17,370 | INFO | hilo.gaussian-kernel : BOTTOM-LEFT:
tensor([[0.0213, 0.0087, 0.0010],
        [0.1939, 0.0798, 0.0087],
        [0.4714, 0.1939, 0.0213]])
2024-03-02 07:42:17,370 | INFO | hilo.kernel-accessor : Fetching kernel: gaussian
2024-03-02 07:42:17,370 | INFO | hilo.gaussian-kernel : Calculating Gaussian distribution (location: -0.16219893097877502, scale 0.8274663686752319)
2024-03-02 07:42:17,370 | INFO | hilo.gaussian-kernel : BOTTOM-LEFT:
tensor([[0.0168, 0.0064, 0.0006],
        [0.1902, 0.0723, 0.0064],
        [0.5004, 0.1902, 0.0168]])
2024-03-02 07:42:17,370 | INFO | hilo.kernel-accessor : Fetching kernel: gaussian
2024-03-02 07:42:17,371 | INFO | hilo.gaussian-kernel : Calculating Gaussian distribution (location: -0.017679553478956223, scale 0.5917219519615173)
2024-03-02 07:42:17,371 | INFO | hilo.gaussian-kernel : BOTTOM-LEFT:
tensor([[1.9721e-03, 4.4959e-04, 5.8930e-06],
        [1.5045e-01, 3.4299e-02, 4.4959e-04],
        [6.5995e-01, 1.5045e-01, 1.9721e-03]])
2024-03-02 07:42:17,371 | INFO | hilo.kernel-accessor : Fetching kernel: gaussian
2024-03-02 07:42:17,371 | INFO | hilo.gaussian-kernel : Calculating Gaussian distribution (location: -0.15613946318626404, scale 0.6558446288108826)
2024-03-02 07:42:17,371 | INFO | hilo.gaussian-kernel : BOTTOM-LEFT:
tensor([[3.0981e-03, 6.7392e-04, 1.4336e-05],
        [1.4563e-01, 3.1679e-02, 6.7392e-04],
        [6.6950e-01, 1.4563e-01, 3.0981e-03]])
2024-03-02 07:42:17,371 | INFO | hilo.kernel-accessor : Fetching kernel: gaussian
