2024-03-08 04:04:03,972 | INFO | hilo : 
+==============================================================+
|                                                              |
| ██████╗  █████╗ ██████╗ ██╗         ██╗      █████╗ ██████╗  |
| ██╔══██╗██╔══██╗██╔══██╗██║         ██║     ██╔══██╗██╔══██╗ |
| ██║  ██║███████║██║  ██║██║         ██║     ███████║██████╔╝ |
| ██║  ██║██╔══██║██║  ██║██║         ██║     ██╔══██║██╔══██╗ |
| ██████╔╝██║  ██║██████╔╝███████╗    ███████╗██║  ██║██████╔╝ |
| ╚═════╝ ╚═╝  ╚═╝╚═════╝ ╚══════╝    ╚══════╝╚═╝  ╚═╝╚═════╝  |
+==============================================================+
|             Hi-Lo Resolution Image Classification            |
|             -------------------------------------            |
|                       Gabriel C. Trahan                      |
|                          Sahan Ahmad                         |
|                       MD  Aminual Islam                      |
+==============================================================+
2024-03-08 04:04:05,546 | INFO | hilo.dataset-accessor : Fetching dataset: cifar10
2024-03-08 04:04:05,546 | INFO | hilo.cifar10-dataset : Initializing transform
2024-03-08 04:04:05,546 | INFO | hilo.cifar10-dataset : Verifying/downloading train data
2024-03-08 04:04:06,148 | INFO | hilo.cifar10-dataset : Verifying/downloading test data
2024-03-08 04:04:06,630 | INFO | hilo.cifar10-dataset : Creating train data loader.
2024-03-08 04:04:06,630 | INFO | hilo.cifar10-dataset : Creating test data loader.
2024-03-08 04:04:06,737 | INFO | hilo : Output directory: output/resnet/cifar10/laplace/10/20240308_040405/
2024-03-08 04:04:07,744 | INFO | hilo : Using device: NVIDIA GeForce GTX 1060 6GB
2024-03-08 04:04:07,744 | INFO | hilo : Exeucting job: MODEL resnet | DATASET cifar10 | KERNEL laplace | TYPE 10
2024-03-08 04:04:07,744 | INFO | hilo : Commencing training phase...
2024-03-08 04:04:07,745 | INFO | hilo.kernel-accessor : Fetching kernel: laplace
2024-03-08 04:04:07,745 | INFO | hilo.laplace-kernel : Calculating Laplace distribution (location: 0.0, scale 1.0)
2024-03-08 04:04:07,746 | INFO | hilo.laplace-kernel : STATIC:
tensor([[0.4425, 0.1628, 0.0599],
        [0.1628, 0.0599, 0.0220],
        [0.0599, 0.0220, 0.0081]])
2024-03-08 04:04:07,746 | INFO | hilo.kernel-accessor : Fetching kernel: laplace
2024-03-08 04:04:07,746 | INFO | hilo.laplace-kernel : Calculating Laplace distribution (location: 0.0, scale 1.0)
2024-03-08 04:04:07,746 | INFO | hilo.laplace-kernel : TOP-RIGHT:
tensor([[0.0599, 0.1628, 0.4425],
        [0.0220, 0.0599, 0.1628],
        [0.0081, 0.0220, 0.0599]])
2024-03-08 04:04:07,747 | INFO | hilo.kernel-accessor : Fetching kernel: laplace
2024-03-08 04:04:07,747 | INFO | hilo.laplace-kernel : Calculating Laplace distribution (location: 0.0, scale 1.0)
2024-03-08 04:04:07,747 | INFO | hilo.laplace-kernel : TOP-RIGHT:
tensor([[0.0599, 0.1628, 0.4425],
        [0.0220, 0.0599, 0.1628],
        [0.0081, 0.0220, 0.0599]])
2024-03-08 04:04:07,747 | INFO | hilo.kernel-accessor : Fetching kernel: laplace
2024-03-08 04:04:07,747 | INFO | hilo.laplace-kernel : Calculating Laplace distribution (location: 0.0, scale 1.0)
2024-03-08 04:04:07,748 | INFO | hilo.laplace-kernel : BOTTOM-RIGHT:
tensor([[0.0081, 0.0220, 0.0599],
        [0.0220, 0.0599, 0.1628],
        [0.0599, 0.1628, 0.4425]])
2024-03-08 04:04:07,748 | INFO | hilo.kernel-accessor : Fetching kernel: laplace
2024-03-08 04:04:07,748 | INFO | hilo.laplace-kernel : Calculating Laplace distribution (location: 0.0, scale 1.0)
2024-03-08 04:04:07,748 | INFO | hilo.laplace-kernel : STATIC:
tensor([[0.4425, 0.1628, 0.0599],
        [0.1628, 0.0599, 0.0220],
        [0.0599, 0.0220, 0.0081]])
2024-03-08 04:04:07,748 | INFO | hilo.kernel-accessor : Fetching kernel: laplace
2024-03-08 04:04:07,748 | INFO | hilo.laplace-kernel : Calculating Laplace distribution (location: 0.0, scale 1.0)
2024-03-08 04:04:07,749 | INFO | hilo.laplace-kernel : TOP-RIGHT:
tensor([[0.0599, 0.1628, 0.4425],
        [0.0220, 0.0599, 0.1628],
        [0.0081, 0.0220, 0.0599]])
2024-03-08 04:04:07,749 | INFO | hilo.kernel-accessor : Fetching kernel: laplace
2024-03-08 04:04:07,749 | INFO | hilo.laplace-kernel : Calculating Laplace distribution (location: 0.0, scale 1.0)
2024-03-08 04:04:07,749 | INFO | hilo.laplace-kernel : BOTTOM-RIGHT:
tensor([[0.0081, 0.0220, 0.0599],
        [0.0220, 0.0599, 0.1628],
        [0.0599, 0.1628, 0.4425]])
2024-03-08 04:04:07,749 | INFO | hilo.kernel-accessor : Fetching kernel: laplace
2024-03-08 04:04:07,749 | INFO | hilo.laplace-kernel : Calculating Laplace distribution (location: 0.0, scale 1.0)
2024-03-08 04:04:07,750 | INFO | hilo.laplace-kernel : STATIC:
tensor([[0.4425, 0.1628, 0.0599],
        [0.1628, 0.0599, 0.0220],
        [0.0599, 0.0220, 0.0081]])
2024-03-08 04:04:07,750 | INFO | hilo.kernel-accessor : Fetching kernel: laplace
2024-03-08 04:04:07,750 | INFO | hilo.laplace-kernel : Calculating Laplace distribution (location: 0.0, scale 1.0)
2024-03-08 04:04:07,750 | INFO | hilo.laplace-kernel : BOTTOM-RIGHT:
tensor([[0.0081, 0.0220, 0.0599],
        [0.0220, 0.0599, 0.1628],
        [0.0599, 0.1628, 0.4425]])
2024-03-08 04:04:07,750 | INFO | hilo.kernel-accessor : Fetching kernel: laplace
2024-03-08 04:04:07,751 | INFO | hilo.laplace-kernel : Calculating Laplace distribution (location: 0.0, scale 1.0)
2024-03-08 04:04:07,751 | INFO | hilo.laplace-kernel : BOTTOM-RIGHT:
tensor([[0.0081, 0.0220, 0.0599],
        [0.0220, 0.0599, 0.1628],
        [0.0599, 0.1628, 0.4425]])
2024-03-08 04:04:07,751 | INFO | hilo.kernel-accessor : Fetching kernel: laplace
2024-03-08 04:04:07,751 | INFO | hilo.laplace-kernel : Calculating Laplace distribution (location: 0.0, scale 1.0)
2024-03-08 04:04:07,751 | INFO | hilo.laplace-kernel : TOP-RIGHT:
tensor([[0.0599, 0.1628, 0.4425],
        [0.0220, 0.0599, 0.1628],
        [0.0081, 0.0220, 0.0599]])
2024-03-08 04:04:07,751 | INFO | hilo.kernel-accessor : Fetching kernel: laplace
2024-03-08 04:04:07,752 | INFO | hilo.laplace-kernel : Calculating Laplace distribution (location: 0.0, scale 1.0)
2024-03-08 04:04:07,752 | INFO | hilo.laplace-kernel : BOTTOM-RIGHT:
tensor([[0.0081, 0.0220, 0.0599],
        [0.0220, 0.0599, 0.1628],
        [0.0599, 0.1628, 0.4425]])
2024-03-08 04:04:07,752 | INFO | hilo.kernel-accessor : Fetching kernel: laplace
2024-03-08 04:04:07,752 | INFO | hilo.laplace-kernel : Calculating Laplace distribution (location: 0.0, scale 1.0)
2024-03-08 04:04:07,753 | INFO | hilo.laplace-kernel : BOTTOM-RIGHT:
tensor([[0.0081, 0.0220, 0.0599],
        [0.0220, 0.0599, 0.1628],
        [0.0599, 0.1628, 0.4425]])
2024-03-08 04:04:07,753 | INFO | hilo.kernel-accessor : Fetching kernel: laplace
2024-03-08 04:04:07,753 | INFO | hilo.laplace-kernel : Calculating Laplace distribution (location: 0.0, scale 1.0)
2024-03-08 04:04:07,753 | INFO | hilo.laplace-kernel : BOTTOM-RIGHT:
tensor([[0.0081, 0.0220, 0.0599],
        [0.0220, 0.0599, 0.1628],
        [0.0599, 0.1628, 0.4425]])
2024-03-08 04:04:07,753 | INFO | hilo.kernel-accessor : Fetching kernel: laplace
2024-03-08 04:04:07,753 | INFO | hilo.laplace-kernel : Calculating Laplace distribution (location: 0.0, scale 1.0)
2024-03-08 04:04:07,754 | INFO | hilo.laplace-kernel : STATIC:
tensor([[0.4425, 0.1628, 0.0599],
        [0.1628, 0.0599, 0.0220],
        [0.0599, 0.0220, 0.0081]])
2024-03-08 04:04:07,754 | INFO | hilo.kernel-accessor : Fetching kernel: laplace
2024-03-08 04:04:07,754 | INFO | hilo.laplace-kernel : Calculating Laplace distribution (location: 0.0, scale 1.0)
2024-03-08 04:04:07,754 | INFO | hilo.laplace-kernel : TOP-RIGHT:
tensor([[0.0599, 0.1628, 0.4425],
        [0.0220, 0.0599, 0.1628],
        [0.0081, 0.0220, 0.0599]])
2024-03-08 04:04:07,754 | INFO | hilo.kernel-accessor : Fetching kernel: laplace
2024-03-08 04:04:07,754 | INFO | hilo.laplace-kernel : Calculating Laplace distribution (location: 0.0, scale 1.0)
2024-03-08 04:04:07,755 | INFO | hilo.laplace-kernel : TOP-RIGHT:
tensor([[0.0599, 0.1628, 0.4425],
        [0.0220, 0.0599, 0.1628],
        [0.0081, 0.0220, 0.0599]])
2024-03-08 04:05:29,270 | INFO | hilo : Epoch   1/200 | Accuracy:  40.6250 | Loss:   1.6126
2024-03-08 04:05:29,271 | INFO | hilo.kernel-accessor : Fetching kernel: laplace
2024-03-08 04:05:29,272 | INFO | hilo.laplace-kernel : Calculating Laplace distribution (location: -0.05023255944252014, scale 0.6786352396011353)
2024-03-08 04:05:29,272 | INFO | hilo.laplace-kernel : TOP-RIGHT:
tensor([[0.0320, 0.1395, 0.6088],
        [0.0073, 0.0320, 0.1395],
        [0.0017, 0.0073, 0.0320]])
2024-03-08 04:05:29,273 | INFO | hilo.kernel-accessor : Fetching kernel: laplace
2024-03-08 04:05:29,273 | INFO | hilo.laplace-kernel : Calculating Laplace distribution (location: -0.35741862654685974, scale 1.9532798528671265)
2024-03-08 04:05:29,273 | INFO | hilo.laplace-kernel : BOTTOM-RIGHT:
tensor([[0.0336, 0.0561, 0.0936],
        [0.0561, 0.0936, 0.1562],
        [0.0936, 0.1562, 0.2607]])
2024-03-08 04:05:29,274 | INFO | hilo.kernel-accessor : Fetching kernel: laplace
2024-03-08 04:05:29,274 | INFO | hilo.laplace-kernel : Calculating Laplace distribution (location: -0.45823749899864197, scale 1.796785831451416)
2024-03-08 04:05:29,274 | INFO | hilo.laplace-kernel : TOP-RIGHT:
tensor([[0.0908, 0.1585, 0.2765],
        [0.0521, 0.0908, 0.1585],
        [0.0298, 0.0521, 0.0908]])
2024-03-08 04:05:29,275 | INFO | hilo.kernel-accessor : Fetching kernel: laplace
2024-03-08 04:05:29,275 | INFO | hilo.laplace-kernel : Calculating Laplace distribution (location: -0.4442552626132965, scale 1.496706485748291)
2024-03-08 04:05:29,276 | INFO | hilo.laplace-kernel : TOP-RIGHT:
tensor([[0.0834, 0.1626, 0.3172],
        [0.0427, 0.0834, 0.1626],
        [0.0219, 0.0427, 0.0834]])
2024-03-08 04:05:29,276 | INFO | hilo.kernel-accessor : Fetching kernel: laplace
2024-03-08 04:05:29,276 | INFO | hilo.laplace-kernel : Calculating Laplace distribution (location: -0.16023989021778107, scale 1.43703293800354)
2024-03-08 04:05:29,276 | INFO | hilo.laplace-kernel : TOP-RIGHT:
tensor([[0.0814, 0.1633, 0.3276],
        [0.0406, 0.0814, 0.1633],
        [0.0202, 0.0406, 0.0814]])
2024-03-08 04:05:29,277 | INFO | hilo.kernel-accessor : Fetching kernel: laplace
2024-03-08 04:05:29,277 | INFO | hilo.laplace-kernel : Calculating Laplace distribution (location: -0.14352697134017944, scale 1.1573566198349)
2024-03-08 04:05:29,277 | INFO | hilo.laplace-kernel : TOP-RIGHT:
tensor([[0.0695, 0.1648, 0.3911],
        [0.0293, 0.0695, 0.1648],
        [0.0123, 0.0293, 0.0695]])
2024-03-08 04:05:29,277 | INFO | hilo.kernel-accessor : Fetching kernel: laplace
2024-03-08 04:05:29,278 | INFO | hilo.laplace-kernel : Calculating Laplace distribution (location: -0.21745918691158295, scale 1.4493458271026611)
2024-03-08 04:05:29,278 | INFO | hilo.laplace-kernel : STATIC:
tensor([[0.3253, 0.1632, 0.0819],
        [0.1632, 0.0819, 0.0411],
        [0.0819, 0.0411, 0.0206]])
2024-03-08 04:05:29,278 | INFO | hilo.kernel-accessor : Fetching kernel: laplace
2024-03-08 04:05:29,278 | INFO | hilo.laplace-kernel : Calculating Laplace distribution (location: -0.1777261197566986, scale 1.3548588752746582)
2024-03-08 04:05:29,279 | INFO | hilo.laplace-kernel : STATIC:
tensor([[0.3434, 0.1641, 0.0785],
        [0.1641, 0.0785, 0.0375],
        [0.0785, 0.0375, 0.0179]])
2024-03-08 04:05:29,279 | INFO | hilo.kernel-accessor : Fetching kernel: laplace
2024-03-08 04:05:29,279 | INFO | hilo.laplace-kernel : Calculating Laplace distribution (location: -0.06715714931488037, scale 1.4889724254608154)
2024-03-08 04:05:29,280 | INFO | hilo.laplace-kernel : TOP-RIGHT:
tensor([[0.0831, 0.1627, 0.3185],
        [0.0425, 0.0831, 0.1627],
        [0.0217, 0.0425, 0.0831]])
2024-03-08 04:05:29,280 | INFO | hilo.kernel-accessor : Fetching kernel: laplace
2024-03-08 04:05:29,280 | INFO | hilo.laplace-kernel : Calculating Laplace distribution (location: -0.03959839046001434, scale 1.2803955078125)
2024-03-08 04:05:29,281 | INFO | hilo.laplace-kernel : BOTTOM-RIGHT:
tensor([[0.0158, 0.0345, 0.0754],
        [0.0345, 0.0754, 0.1647],
        [0.0754, 0.1647, 0.3596]])
2024-03-08 04:05:29,281 | INFO | hilo.kernel-accessor : Fetching kernel: laplace
2024-03-08 04:05:29,281 | INFO | hilo.laplace-kernel : Calculating Laplace distribution (location: -0.08251069486141205, scale 1.640592098236084)
2024-03-08 04:05:29,282 | INFO | hilo.laplace-kernel : TOP-RIGHT:
tensor([[0.0874, 0.1607, 0.2957],
        [0.0475, 0.0874, 0.1607],
        [0.0258, 0.0475, 0.0874]])
2024-03-08 04:05:29,282 | INFO | hilo.kernel-accessor : Fetching kernel: laplace
2024-03-08 04:05:29,282 | INFO | hilo.laplace-kernel : Calculating Laplace distribution (location: -0.11547256261110306, scale 1.5713845491409302)
2024-03-08 04:05:29,283 | INFO | hilo.laplace-kernel : STATIC:
tensor([[0.3055, 0.1617, 0.0856],
        [0.1617, 0.0856, 0.0453],
        [0.0856, 0.0453, 0.0240]])
2024-03-08 04:05:29,283 | INFO | hilo.kernel-accessor : Fetching kernel: laplace
2024-03-08 04:05:29,283 | INFO | hilo.laplace-kernel : Calculating Laplace distribution (location: -0.09428789466619492, scale 1.7053519487380981)
2024-03-08 04:05:29,284 | INFO | hilo.laplace-kernel : STATIC:
tensor([[0.2872, 0.1598, 0.0889],
        [0.1598, 0.0889, 0.0495],
        [0.0889, 0.0495, 0.0275]])
2024-03-08 04:05:29,284 | INFO | hilo.kernel-accessor : Fetching kernel: laplace
2024-03-08 04:05:29,284 | INFO | hilo.laplace-kernel : Calculating Laplace distribution (location: -0.07237251102924347, scale 1.331958293914795)
2024-03-08 04:05:29,285 | INFO | hilo.laplace-kernel : STATIC:
tensor([[0.3482, 0.1643, 0.0776],
        [0.1643, 0.0776, 0.0366],
        [0.0776, 0.0366, 0.0173]])
2024-03-08 04:05:29,285 | INFO | hilo.kernel-accessor : Fetching kernel: laplace
2024-03-08 04:05:29,285 | INFO | hilo.laplace-kernel : Calculating Laplace distribution (location: -0.08008389174938202, scale 1.6288403272628784)
2024-03-08 04:05:29,285 | INFO | hilo.laplace-kernel : BOTTOM-RIGHT:
tensor([[0.0255, 0.0471, 0.0871],
        [0.0471, 0.0871, 0.1609],
        [0.0871, 0.1609, 0.2973]])
2024-03-08 04:05:29,285 | INFO | hilo.kernel-accessor : Fetching kernel: laplace
2024-03-08 04:05:29,285 | INFO | hilo.laplace-kernel : Calculating Laplace distribution (location: -0.26196497678756714, scale 2.3421576023101807)
2024-03-08 04:05:29,286 | INFO | hilo.laplace-kernel : STATIC:
tensor([[0.2315, 0.1511, 0.0986],
        [0.1511, 0.0986, 0.0643],
        [0.0986, 0.0643, 0.0420]])
2024-03-08 04:05:29,286 | INFO | hilo.kernel-accessor : Fetching kernel: laplace
2024-03-08 04:05:29,286 | INFO | hilo.laplace-kernel : Calculating Laplace distribution (location: -0.652689516544342, scale 3.632550001144409)
2024-03-08 04:05:29,286 | INFO | hilo.laplace-kernel : BOTTOM-RIGHT:
tensor([[0.0609, 0.0802, 0.1057],
        [0.0802, 0.1057, 0.1392],
        [0.1057, 0.1392, 0.1833]])
2024-03-08 04:06:49,905 | INFO | hilo : Epoch   2/200 | Accuracy:  33.0586 | Loss:   1.6342
2024-03-08 04:06:49,905 | INFO | hilo.kernel-accessor : Fetching kernel: laplace
2024-03-08 04:06:49,906 | INFO | hilo.laplace-kernel : Calculating Laplace distribution (location: -0.040897186845541, scale 0.7025924324989319)
2024-03-08 04:06:49,906 | INFO | hilo.laplace-kernel : BOTTOM-RIGHT:
tensor([[0.0020, 0.0083, 0.0344],
        [0.0083, 0.0344, 0.1428],
        [0.0344, 0.1428, 0.5927]])
2024-03-08 04:06:49,906 | INFO | hilo.kernel-accessor : Fetching kernel: laplace
2024-03-08 04:06:49,906 | INFO | hilo.laplace-kernel : Calculating Laplace distribution (location: -0.5489113330841064, scale 1.8483383655548096)
2024-03-08 04:06:49,907 | INFO | hilo.laplace-kernel : TOP-RIGHT:
tensor([[0.0918, 0.1577, 0.2710],
        [0.0535, 0.0918, 0.1577],
        [0.0311, 0.0535, 0.0918]])
2024-03-08 04:06:49,907 | INFO | hilo.kernel-accessor : Fetching kernel: laplace
2024-03-08 04:06:49,907 | INFO | hilo.laplace-kernel : Calculating Laplace distribution (location: -0.4750576317310333, scale 1.2742500305175781)
2024-03-08 04:06:49,907 | INFO | hilo.laplace-kernel : TOP-RIGHT:
tensor([[0.0751, 0.1647, 0.3610],
        [0.0343, 0.0751, 0.1647],
        [0.0156, 0.0343, 0.0751]])
2024-03-08 04:06:49,907 | INFO | hilo.kernel-accessor : Fetching kernel: laplace
2024-03-08 04:06:49,908 | INFO | hilo.laplace-kernel : Calculating Laplace distribution (location: -0.4120892882347107, scale 1.118656873703003)
2024-03-08 04:06:49,908 | INFO | hilo.laplace-kernel : BOTTOM-RIGHT:
tensor([[0.0113, 0.0275, 0.0673],
        [0.0275, 0.0673, 0.1646],
        [0.0673, 0.1646, 0.4024]])
2024-03-08 04:06:49,908 | INFO | hilo.kernel-accessor : Fetching kernel: laplace
2024-03-08 04:06:49,908 | INFO | hilo.laplace-kernel : Calculating Laplace distribution (location: -0.17538243532180786, scale 1.077621340751648)
2024-03-08 04:06:49,908 | INFO | hilo.laplace-kernel : BOTTOM-RIGHT:
tensor([[0.0101, 0.0257, 0.0649],
        [0.0257, 0.0649, 0.1642],
        [0.0649, 0.1642, 0.4153]])
2024-03-08 04:06:49,908 | INFO | hilo.kernel-accessor : Fetching kernel: laplace
2024-03-08 04:06:49,909 | INFO | hilo.laplace-kernel : Calculating Laplace distribution (location: -0.05415680631995201, scale 0.8426901698112488)
2024-03-08 04:06:49,909 | INFO | hilo.laplace-kernel : STATIC:
tensor([[0.5114, 0.1561, 0.0476],
        [0.1561, 0.0476, 0.0145],
        [0.0476, 0.0145, 0.0044]])
2024-03-08 04:06:49,909 | INFO | hilo.kernel-accessor : Fetching kernel: laplace
2024-03-08 04:06:49,909 | INFO | hilo.laplace-kernel : Calculating Laplace distribution (location: -0.26384222507476807, scale 1.165090799331665)
2024-03-08 04:06:49,909 | INFO | hilo.laplace-kernel : TOP-RIGHT:
tensor([[0.0699, 0.1648, 0.3889],
        [0.0296, 0.0699, 0.1648],
        [0.0126, 0.0296, 0.0699]])
2024-03-08 04:06:49,910 | INFO | hilo.kernel-accessor : Fetching kernel: laplace
2024-03-08 04:06:49,910 | INFO | hilo.laplace-kernel : Calculating Laplace distribution (location: -0.2684411108493805, scale 1.1294561624526978)
2024-03-08 04:06:49,910 | INFO | hilo.laplace-kernel : BOTTOM-RIGHT:
tensor([[0.0116, 0.0280, 0.0679],
        [0.0280, 0.0679, 0.1647],
        [0.0679, 0.1647, 0.3992]])
2024-03-08 04:06:49,910 | INFO | hilo.kernel-accessor : Fetching kernel: laplace
2024-03-08 04:06:49,910 | INFO | hilo.laplace-kernel : Calculating Laplace distribution (location: -0.1530483067035675, scale 1.1851609945297241)
2024-03-08 04:06:49,911 | INFO | hilo.laplace-kernel : TOP-RIGHT:
tensor([[0.0709, 0.1649, 0.3834],
        [0.0305, 0.0709, 0.1649],
        [0.0131, 0.0305, 0.0709]])
2024-03-08 04:06:49,911 | INFO | hilo.kernel-accessor : Fetching kernel: laplace
2024-03-08 04:06:49,911 | INFO | hilo.laplace-kernel : Calculating Laplace distribution (location: -0.005493300035595894, scale 1.0364056825637817)
2024-03-08 04:06:49,911 | INFO | hilo.laplace-kernel : BOTTOM-RIGHT:
tensor([[0.0090, 0.0237, 0.0623],
        [0.0237, 0.0623, 0.1636],
        [0.0623, 0.1636, 0.4293]])
2024-03-08 04:06:49,911 | INFO | hilo.kernel-accessor : Fetching kernel: laplace
2024-03-08 04:06:49,911 | INFO | hilo.laplace-kernel : Calculating Laplace distribution (location: -0.055888477712869644, scale 1.4655715227127075)
2024-03-08 04:06:49,912 | INFO | hilo.laplace-kernel : BOTTOM-RIGHT:
tensor([[0.0210, 0.0416, 0.0824],
        [0.0416, 0.0824, 0.1630],
        [0.0824, 0.1630, 0.3225]])
2024-03-08 04:06:49,912 | INFO | hilo.kernel-accessor : Fetching kernel: laplace
2024-03-08 04:06:49,912 | INFO | hilo.laplace-kernel : Calculating Laplace distribution (location: -0.048339564353227615, scale 1.4007604122161865)
2024-03-08 04:06:49,912 | INFO | hilo.laplace-kernel : TOP-RIGHT:
tensor([[0.0802, 0.1637, 0.3343],
        [0.0393, 0.0802, 0.1637],
        [0.0192, 0.0393, 0.0802]])
2024-03-08 04:06:49,912 | INFO | hilo.kernel-accessor : Fetching kernel: laplace
2024-03-08 04:06:49,913 | INFO | hilo.laplace-kernel : Calculating Laplace distribution (location: -0.01281651295721531, scale 1.505428671836853)
2024-03-08 04:06:49,913 | INFO | hilo.laplace-kernel : BOTTOM-RIGHT:
tensor([[0.0222, 0.0430, 0.0836],
        [0.0430, 0.0836, 0.1625],
        [0.0836, 0.1625, 0.3158]])
2024-03-08 04:06:49,913 | INFO | hilo.kernel-accessor : Fetching kernel: laplace
2024-03-08 04:06:49,913 | INFO | hilo.laplace-kernel : Calculating Laplace distribution (location: 0.04459208995103836, scale 1.0392850637435913)
2024-03-08 04:06:49,913 | INFO | hilo.laplace-kernel : STATIC:
tensor([[0.4074, 0.1696, 0.0648],
        [0.1696, 0.0648, 0.0248],
        [0.0648, 0.0248, 0.0095]])
2024-03-08 04:06:49,914 | INFO | hilo.kernel-accessor : Fetching kernel: laplace
2024-03-08 04:06:49,914 | INFO | hilo.laplace-kernel : Calculating Laplace distribution (location: 0.055880844593048096, scale 1.2389744520187378)
2024-03-08 04:06:49,914 | INFO | hilo.laplace-kernel : STATIC:
tensor([[0.3487, 0.1703, 0.0760],
        [0.1703, 0.0760, 0.0339],
        [0.0760, 0.0339, 0.0151]])
2024-03-08 04:06:49,914 | INFO | hilo.kernel-accessor : Fetching kernel: laplace
2024-03-08 04:06:49,914 | INFO | hilo.laplace-kernel : Calculating Laplace distribution (location: -0.20344078540802002, scale 1.7860106229782104)
2024-03-08 04:06:49,915 | INFO | hilo.laplace-kernel : TOP-RIGHT:
tensor([[0.0906, 0.1586, 0.2777],
        [0.0518, 0.0906, 0.1586],
        [0.0296, 0.0518, 0.0906]])
2024-03-08 04:06:49,915 | INFO | hilo.kernel-accessor : Fetching kernel: laplace
2024-03-08 04:06:49,915 | INFO | hilo.laplace-kernel : Calculating Laplace distribution (location: -1.2847940921783447, scale 2.6877474784851074)
2024-03-08 04:06:49,915 | INFO | hilo.laplace-kernel : TOP-RIGHT:
tensor([[0.1014, 0.1471, 0.2135],
        [0.0699, 0.1014, 0.1471],
        [0.0482, 0.0699, 0.1014]])
2024-03-08 04:08:10,726 | INFO | hilo : Epoch   3/200 | Accuracy:  44.1667 | Loss:   1.6906
2024-03-08 04:08:10,726 | INFO | hilo.kernel-accessor : Fetching kernel: laplace
2024-03-08 04:08:10,726 | INFO | hilo.laplace-kernel : Calculating Laplace distribution (location: 0.008494059555232525, scale 0.7189924716949463)
2024-03-08 04:08:10,727 | INFO | hilo.laplace-kernel : STATIC:
tensor([[0.5762, 0.1468, 0.0365],
        [0.1468, 0.0365, 0.0091],
        [0.0365, 0.0091, 0.0023]])
2024-03-08 04:08:10,727 | INFO | hilo.kernel-accessor : Fetching kernel: laplace
2024-03-08 04:08:10,727 | INFO | hilo.laplace-kernel : Calculating Laplace distribution (location: -0.8268336057662964, scale 1.9848076105117798)
2024-03-08 04:08:10,728 | INFO | hilo.laplace-kernel : BOTTOM-RIGHT:
tensor([[0.0344, 0.0569, 0.0941],
        [0.0569, 0.0941, 0.1558],
        [0.0941, 0.1558, 0.2579]])
2024-03-08 04:08:10,728 | INFO | hilo.kernel-accessor : Fetching kernel: laplace
2024-03-08 04:08:10,728 | INFO | hilo.laplace-kernel : Calculating Laplace distribution (location: -0.42959892749786377, scale 1.172448992729187)
2024-03-08 04:08:10,728 | INFO | hilo.laplace-kernel : BOTTOM-RIGHT:
tensor([[0.0128, 0.0299, 0.0703],
        [0.0299, 0.0703, 0.1649],
        [0.0703, 0.1649, 0.3868]])
2024-03-08 04:08:10,728 | INFO | hilo.kernel-accessor : Fetching kernel: laplace
2024-03-08 04:08:10,728 | INFO | hilo.laplace-kernel : Calculating Laplace distribution (location: -0.33579930663108826, scale 0.8927759528160095)
2024-03-08 04:08:10,729 | INFO | hilo.laplace-kernel : BOTTOM-RIGHT:
tensor([[0.0055, 0.0169, 0.0519],
        [0.0169, 0.0519, 0.1589],
        [0.0519, 0.1589, 0.4872]])
2024-03-08 04:08:10,729 | INFO | hilo.kernel-accessor : Fetching kernel: laplace
2024-03-08 04:08:10,729 | INFO | hilo.laplace-kernel : Calculating Laplace distribution (location: -0.11375601589679718, scale 0.8203744888305664)
2024-03-08 04:08:10,729 | INFO | hilo.laplace-kernel : BOTTOM-RIGHT:
tensor([[0.0040, 0.0135, 0.0457],
        [0.0135, 0.0457, 0.1545],
        [0.0457, 0.1545, 0.5229]])
2024-03-08 04:08:10,729 | INFO | hilo.kernel-accessor : Fetching kernel: laplace
2024-03-08 04:08:10,729 | INFO | hilo.laplace-kernel : Calculating Laplace distribution (location: -0.019748520106077194, scale 0.644809901714325)
2024-03-08 04:08:10,730 | INFO | hilo.laplace-kernel : TOP-RIGHT:
tensor([[0.0285, 0.1342, 0.6328],
        [0.0060, 0.0285, 0.1342],
        [0.0013, 0.0060, 0.0285]])
2024-03-08 04:08:10,730 | INFO | hilo.kernel-accessor : Fetching kernel: laplace
2024-03-08 04:08:10,730 | INFO | hilo.laplace-kernel : Calculating Laplace distribution (location: -0.2100999802350998, scale 0.8734875917434692)
2024-03-08 04:08:10,730 | INFO | hilo.laplace-kernel : TOP-RIGHT:
tensor([[0.0503, 0.1579, 0.4962],
        [0.0160, 0.0503, 0.1579],
        [0.0051, 0.0160, 0.0503]])
2024-03-08 04:08:10,730 | INFO | hilo.kernel-accessor : Fetching kernel: laplace
2024-03-08 04:08:10,730 | INFO | hilo.laplace-kernel : Calculating Laplace distribution (location: -0.12842442095279694, scale 0.8150187730789185)
2024-03-08 04:08:10,731 | INFO | hilo.laplace-kernel : STATIC:
tensor([[0.5258, 0.1541, 0.0452],
        [0.1541, 0.0452, 0.0132],
        [0.0452, 0.0132, 0.0039]])
2024-03-08 04:08:10,731 | INFO | hilo.kernel-accessor : Fetching kernel: laplace
2024-03-08 04:08:10,731 | INFO | hilo.laplace-kernel : Calculating Laplace distribution (location: -0.06698887050151825, scale 0.8913899064064026)
2024-03-08 04:08:10,731 | INFO | hilo.laplace-kernel : STATIC:
tensor([[0.4878, 0.1589, 0.0517],
        [0.1589, 0.0517, 0.0169],
        [0.0517, 0.0169, 0.0055]])
2024-03-08 04:08:10,731 | INFO | hilo.kernel-accessor : Fetching kernel: laplace
2024-03-08 04:08:10,732 | INFO | hilo.laplace-kernel : Calculating Laplace distribution (location: -0.01054427307099104, scale 0.795017659664154)
2024-03-08 04:08:10,732 | INFO | hilo.laplace-kernel : STATIC:
tensor([[0.5366, 0.1526, 0.0434],
        [0.1526, 0.0434, 0.0123],
        [0.0434, 0.0123, 0.0035]])
2024-03-08 04:08:10,732 | INFO | hilo.kernel-accessor : Fetching kernel: laplace
2024-03-08 04:08:10,732 | INFO | hilo.laplace-kernel : Calculating Laplace distribution (location: -0.07873080670833588, scale 1.0452982187271118)
2024-03-08 04:08:10,732 | INFO | hilo.laplace-kernel : TOP-RIGHT:
tensor([[0.0629, 0.1637, 0.4262],
        [0.0242, 0.0629, 0.1637],
        [0.0093, 0.0242, 0.0629]])
2024-03-08 04:08:10,732 | INFO | hilo.kernel-accessor : Fetching kernel: laplace
2024-03-08 04:08:10,733 | INFO | hilo.laplace-kernel : Calculating Laplace distribution (location: 0.0042214952409267426, scale 0.9504782557487488)
2024-03-08 04:08:10,733 | INFO | hilo.laplace-kernel : TOP-RIGHT:
tensor([[0.0566, 0.1620, 0.4598],
        [0.0198, 0.0566, 0.1620],
        [0.0069, 0.0198, 0.0566]])
2024-03-08 04:08:10,733 | INFO | hilo.kernel-accessor : Fetching kernel: laplace
2024-03-08 04:08:10,733 | INFO | hilo.laplace-kernel : Calculating Laplace distribution (location: 0.026990555226802826, scale 1.0863982439041138)
2024-03-08 04:08:10,733 | INFO | hilo.laplace-kernel : TOP-RIGHT:
tensor([[0.0668, 0.1677, 0.4005],
        [0.0266, 0.0668, 0.1677],
        [0.0106, 0.0266, 0.0668]])
2024-03-08 04:08:10,733 | INFO | hilo.kernel-accessor : Fetching kernel: laplace
2024-03-08 04:08:10,734 | INFO | hilo.laplace-kernel : Calculating Laplace distribution (location: 0.006620633881539106, scale 0.7885327339172363)
2024-03-08 04:08:10,734 | INFO | hilo.laplace-kernel : BOTTOM-RIGHT:
tensor([[0.0034, 0.0121, 0.0432],
        [0.0121, 0.0432, 0.1534],
        [0.0432, 0.1534, 0.5361]])
2024-03-08 04:08:10,734 | INFO | hilo.kernel-accessor : Fetching kernel: laplace
2024-03-08 04:08:10,734 | INFO | hilo.laplace-kernel : Calculating Laplace distribution (location: 0.028119733557105064, scale 0.9041725993156433)
2024-03-08 04:08:10,734 | INFO | hilo.laplace-kernel : STATIC:
tensor([[0.4665, 0.1643, 0.0544],
        [0.1643, 0.0544, 0.0180],
        [0.0544, 0.0180, 0.0060]])
2024-03-08 04:08:10,734 | INFO | hilo.kernel-accessor : Fetching kernel: laplace
2024-03-08 04:08:10,735 | INFO | hilo.laplace-kernel : Calculating Laplace distribution (location: -0.09274394065141678, scale 0.9720320105552673)
2024-03-08 04:08:10,735 | INFO | hilo.laplace-kernel : STATIC:
tensor([[0.4533, 0.1620, 0.0579],
        [0.1620, 0.0579, 0.0207],
        [0.0579, 0.0207, 0.0074]])
2024-03-08 04:08:10,735 | INFO | hilo.kernel-accessor : Fetching kernel: laplace
2024-03-08 04:08:10,735 | INFO | hilo.laplace-kernel : Calculating Laplace distribution (location: -0.4221227169036865, scale 1.2156494855880737)
2024-03-08 04:08:10,735 | INFO | hilo.laplace-kernel : TOP-RIGHT:
tensor([[0.0724, 0.1649, 0.3753],
        [0.0318, 0.0724, 0.1649],
        [0.0140, 0.0318, 0.0724]])
2024-03-08 04:09:31,406 | INFO | hilo : Epoch   4/200 | Accuracy:  51.0417 | Loss:   1.3075
2024-03-08 04:09:31,406 | INFO | hilo.kernel-accessor : Fetching kernel: laplace
2024-03-08 04:09:31,406 | INFO | hilo.laplace-kernel : Calculating Laplace distribution (location: -0.0038726991042494774, scale 0.6631888151168823)
2024-03-08 04:09:31,407 | INFO | hilo.laplace-kernel : TOP-RIGHT:
tensor([[0.0304, 0.1372, 0.6196],
        [0.0067, 0.0304, 0.1372],
        [0.0015, 0.0067, 0.0304]])
2024-03-08 04:09:31,407 | INFO | hilo.kernel-accessor : Fetching kernel: laplace
2024-03-08 04:09:31,407 | INFO | hilo.laplace-kernel : Calculating Laplace distribution (location: -0.7011285424232483, scale 2.045309543609619)
2024-03-08 04:09:31,407 | INFO | hilo.laplace-kernel : BOTTOM-RIGHT:
tensor([[0.0357, 0.0583, 0.0950],
        [0.0583, 0.0950, 0.1550],
        [0.0950, 0.1550, 0.2527]])
2024-03-08 04:09:31,407 | INFO | hilo.kernel-accessor : Fetching kernel: laplace
2024-03-08 04:09:31,408 | INFO | hilo.laplace-kernel : Calculating Laplace distribution (location: -0.48727720975875854, scale 1.3068886995315552)
2024-03-08 04:09:31,408 | INFO | hilo.laplace-kernel : STATIC:
tensor([[0.3536, 0.1645, 0.0765],
        [0.1645, 0.0765, 0.0356],
        [0.0765, 0.0356, 0.0166]])
2024-03-08 04:09:31,408 | INFO | hilo.kernel-accessor : Fetching kernel: laplace
2024-03-08 04:09:31,408 | INFO | hilo.laplace-kernel : Calculating Laplace distribution (location: -0.32271087169647217, scale 1.0475167036056519)
2024-03-08 04:09:31,408 | INFO | hilo.laplace-kernel : STATIC:
tensor([[0.4254, 0.1638, 0.0630],
        [0.1638, 0.0630, 0.0243],
        [0.0630, 0.0243, 0.0093]])
2024-03-08 04:09:31,408 | INFO | hilo.kernel-accessor : Fetching kernel: laplace
2024-03-08 04:09:31,409 | INFO | hilo.laplace-kernel : Calculating Laplace distribution (location: -0.09576678276062012, scale 0.823018491268158)
2024-03-08 04:09:31,409 | INFO | hilo.laplace-kernel : BOTTOM-RIGHT:
tensor([[0.0040, 0.0136, 0.0459],
        [0.0136, 0.0459, 0.1547],
        [0.0459, 0.1547, 0.5215]])
2024-03-08 04:09:31,409 | INFO | hilo.kernel-accessor : Fetching kernel: laplace
2024-03-08 04:09:31,409 | INFO | hilo.laplace-kernel : Calculating Laplace distribution (location: -0.008869197219610214, scale 0.625352680683136)
2024-03-08 04:09:31,409 | INFO | hilo.laplace-kernel : BOTTOM-RIGHT:
tensor([[0.0011, 0.0053, 0.0264],
        [0.0053, 0.0264, 0.1308],
        [0.0264, 0.1308, 0.6473]])
2024-03-08 04:09:31,410 | INFO | hilo.kernel-accessor : Fetching kernel: laplace
2024-03-08 04:09:31,410 | INFO | hilo.laplace-kernel : Calculating Laplace distribution (location: -0.21272443234920502, scale 0.7460182905197144)
2024-03-08 04:09:31,410 | INFO | hilo.laplace-kernel : STATIC:
tensor([[0.5651, 0.1479, 0.0387],
        [0.1479, 0.0387, 0.0101],
        [0.0387, 0.0101, 0.0027]])
2024-03-08 04:09:31,410 | INFO | hilo.kernel-accessor : Fetching kernel: laplace
2024-03-08 04:09:31,410 | INFO | hilo.laplace-kernel : Calculating Laplace distribution (location: -0.1293988823890686, scale 0.6480346322059631)
2024-03-08 04:09:31,410 | INFO | hilo.laplace-kernel : BOTTOM-RIGHT:
tensor([[0.0013, 0.0062, 0.0288],
        [0.0062, 0.0288, 0.1347],
        [0.0288, 0.1347, 0.6305]])
2024-03-08 04:09:31,411 | INFO | hilo.kernel-accessor : Fetching kernel: laplace
2024-03-08 04:09:31,411 | INFO | hilo.laplace-kernel : Calculating Laplace distribution (location: -0.03569638729095459, scale 0.6597658395767212)
2024-03-08 04:09:31,411 | INFO | hilo.laplace-kernel : STATIC:
tensor([[0.6221, 0.1366, 0.0300],
        [0.1366, 0.0300, 0.0066],
        [0.0300, 0.0066, 0.0014]])
2024-03-08 04:09:31,411 | INFO | hilo.kernel-accessor : Fetching kernel: laplace
2024-03-08 04:09:31,411 | INFO | hilo.laplace-kernel : Calculating Laplace distribution (location: 0.0329175740480423, scale 0.5597412586212158)
2024-03-08 04:09:31,412 | INFO | hilo.laplace-kernel : BOTTOM-RIGHT:
tensor([[5.9755e-04, 3.5667e-03, 2.1289e-02],
        [3.5667e-03, 2.1289e-02, 1.2707e-01],
        [2.1289e-02, 1.2707e-01, 6.7427e-01]])
2024-03-08 04:09:31,412 | INFO | hilo.kernel-accessor : Fetching kernel: laplace
2024-03-08 04:09:31,412 | INFO | hilo.laplace-kernel : Calculating Laplace distribution (location: -0.04981565847992897, scale 0.7182467579841614)
2024-03-08 04:09:31,412 | INFO | hilo.laplace-kernel : TOP-RIGHT:
tensor([[0.0360, 0.1448, 0.5825],
        [0.0089, 0.0360, 0.1448],
        [0.0022, 0.0089, 0.0360]])
2024-03-08 04:09:31,412 | INFO | hilo.kernel-accessor : Fetching kernel: laplace
2024-03-08 04:09:31,412 | INFO | hilo.laplace-kernel : Calculating Laplace distribution (location: 0.045155417174100876, scale 0.5859220623970032)
2024-03-08 04:09:31,413 | INFO | hilo.laplace-kernel : TOP-RIGHT:
tensor([[0.0247, 0.1362, 0.6436],
        [0.0045, 0.0247, 0.1362],
        [0.0008, 0.0045, 0.0247]])
2024-03-08 04:09:31,413 | INFO | hilo.kernel-accessor : Fetching kernel: laplace
2024-03-08 04:09:31,413 | INFO | hilo.laplace-kernel : Calculating Laplace distribution (location: 0.06343574821949005, scale 0.6407304406166077)
2024-03-08 04:09:31,413 | INFO | hilo.laplace-kernel : TOP-RIGHT:
tensor([[0.0317, 0.1507, 0.5889],
        [0.0066, 0.0317, 0.1507],
        [0.0014, 0.0066, 0.0317]])
2024-03-08 04:09:31,413 | INFO | hilo.kernel-accessor : Fetching kernel: laplace
2024-03-08 04:09:31,413 | INFO | hilo.laplace-kernel : Calculating Laplace distribution (location: 0.025503886863589287, scale 0.4542904198169708)
2024-03-08 04:09:31,414 | INFO | hilo.laplace-kernel : BOTTOM-RIGHT:
tensor([[1.2989e-04, 1.1737e-03, 1.0606e-02],
        [1.1737e-03, 1.0606e-02, 9.5838e-02],
        [1.0606e-02, 9.5838e-02, 7.7403e-01]])
2024-03-08 04:09:31,414 | INFO | hilo.kernel-accessor : Fetching kernel: laplace
2024-03-08 04:09:31,414 | INFO | hilo.laplace-kernel : Calculating Laplace distribution (location: 0.0658850371837616, scale 0.48656561970710754)
2024-03-08 04:09:31,414 | INFO | hilo.laplace-kernel : TOP-RIGHT:
tensor([[1.5291e-02, 1.1940e-01, 7.1116e-01],
        [1.9582e-03, 1.5291e-02, 1.1940e-01],
        [2.5078e-04, 1.9582e-03, 1.5291e-02]])
2024-03-08 04:09:31,414 | INFO | hilo.kernel-accessor : Fetching kernel: laplace
2024-03-08 04:09:31,414 | INFO | hilo.laplace-kernel : Calculating Laplace distribution (location: -0.01811661757528782, scale 0.6272366046905518)
2024-03-08 04:09:31,415 | INFO | hilo.laplace-kernel : STATIC:
tensor([[0.6459, 0.1312, 0.0266],
        [0.1312, 0.0266, 0.0054],
        [0.0266, 0.0054, 0.0011]])
2024-03-08 04:09:31,415 | INFO | hilo.kernel-accessor : Fetching kernel: laplace
2024-03-08 04:09:31,415 | INFO | hilo.laplace-kernel : Calculating Laplace distribution (location: -0.09745299071073532, scale 0.688266396522522)
2024-03-08 04:09:31,415 | INFO | hilo.laplace-kernel : TOP-RIGHT:
tensor([[0.0329, 0.1409, 0.6022],
        [0.0077, 0.0329, 0.1409],
        [0.0018, 0.0077, 0.0329]])
2024-03-08 04:10:52,083 | INFO | hilo : Epoch   5/200 | Accuracy:  49.6394 | Loss:   1.1839
2024-03-08 04:10:52,083 | INFO | hilo.kernel-accessor : Fetching kernel: laplace
2024-03-08 04:10:52,083 | INFO | hilo.laplace-kernel : Calculating Laplace distribution (location: -0.01168812531977892, scale 0.6125528812408447)
2024-03-08 04:10:52,084 | INFO | hilo.laplace-kernel : STATIC:
tensor([[0.6571, 0.1284, 0.0251],
        [0.1284, 0.0251, 0.0049],
        [0.0251, 0.0049, 0.0010]])
2024-03-08 04:10:52,084 | INFO | hilo.kernel-accessor : Fetching kernel: laplace
2024-03-08 04:10:52,084 | INFO | hilo.laplace-kernel : Calculating Laplace distribution (location: -0.7394872307777405, scale 2.0703577995300293)
2024-03-08 04:10:52,084 | INFO | hilo.laplace-kernel : BOTTOM-RIGHT:
tensor([[0.0363, 0.0588, 0.0954],
        [0.0588, 0.0954, 0.1546],
        [0.0954, 0.1546, 0.2506]])
2024-03-08 04:10:52,084 | INFO | hilo.kernel-accessor : Fetching kernel: laplace
2024-03-08 04:10:52,084 | INFO | hilo.laplace-kernel : Calculating Laplace distribution (location: -0.4964180886745453, scale 1.283458948135376)
2024-03-08 04:10:52,085 | INFO | hilo.laplace-kernel : BOTTOM-RIGHT:
tensor([[0.0159, 0.0347, 0.0755],
        [0.0347, 0.0755, 0.1646],
        [0.0755, 0.1646, 0.3589]])
2024-03-08 04:10:52,085 | INFO | hilo.kernel-accessor : Fetching kernel: laplace
2024-03-08 04:10:52,085 | INFO | hilo.laplace-kernel : Calculating Laplace distribution (location: -0.3230631351470947, scale 1.0509006977081299)
2024-03-08 04:10:52,085 | INFO | hilo.laplace-kernel : TOP-RIGHT:
tensor([[0.0633, 0.1638, 0.4243],
        [0.0244, 0.0633, 0.1638],
        [0.0094, 0.0244, 0.0633]])
2024-03-08 04:10:52,085 | INFO | hilo.kernel-accessor : Fetching kernel: laplace
2024-03-08 04:10:52,086 | INFO | hilo.laplace-kernel : Calculating Laplace distribution (location: -0.06439605355262756, scale 0.7831767797470093)
2024-03-08 04:10:52,086 | INFO | hilo.laplace-kernel : BOTTOM-RIGHT:
tensor([[0.0033, 0.0118, 0.0423],
        [0.0118, 0.0423, 0.1515],
        [0.0423, 0.1515, 0.5433]])
2024-03-08 04:10:52,086 | INFO | hilo.kernel-accessor : Fetching kernel: laplace
2024-03-08 04:10:52,086 | INFO | hilo.laplace-kernel : Calculating Laplace distribution (location: -0.01797342300415039, scale 0.6381744146347046)
2024-03-08 04:10:52,086 | INFO | hilo.laplace-kernel : STATIC:
tensor([[0.6377, 0.1331, 0.0278],
        [0.1331, 0.0278, 0.0058],
        [0.0278, 0.0058, 0.0012]])
2024-03-08 04:10:52,086 | INFO | hilo.kernel-accessor : Fetching kernel: laplace
2024-03-08 04:10:52,087 | INFO | hilo.laplace-kernel : Calculating Laplace distribution (location: -0.142655611038208, scale 0.6730387806892395)
2024-03-08 04:10:52,087 | INFO | hilo.laplace-kernel : STATIC:
tensor([[0.6127, 0.1387, 0.0314],
        [0.1387, 0.0314, 0.0071],
        [0.0314, 0.0071, 0.0016]])
2024-03-08 04:10:52,087 | INFO | hilo.kernel-accessor : Fetching kernel: laplace
2024-03-08 04:10:52,087 | INFO | hilo.laplace-kernel : Calculating Laplace distribution (location: -0.1043013408780098, scale 0.6162425875663757)
2024-03-08 04:10:52,087 | INFO | hilo.laplace-kernel : TOP-RIGHT:
tensor([[0.0255, 0.1291, 0.6543],
        [0.0050, 0.0255, 0.1291],
        [0.0010, 0.0050, 0.0255]])
2024-03-08 04:10:52,088 | INFO | hilo.kernel-accessor : Fetching kernel: laplace
2024-03-08 04:10:52,088 | INFO | hilo.laplace-kernel : Calculating Laplace distribution (location: -0.08263499289751053, scale 0.5581230521202087)
2024-03-08 04:10:52,088 | INFO | hilo.laplace-kernel : STATIC:
tensor([[7.0091e-01, 1.1682e-01, 1.9471e-02],
        [1.1682e-01, 1.9471e-02, 3.2453e-03],
        [1.9471e-02, 3.2453e-03, 5.4091e-04]])
2024-03-08 04:10:52,088 | INFO | hilo.kernel-accessor : Fetching kernel: laplace
2024-03-08 04:10:52,088 | INFO | hilo.laplace-kernel : Calculating Laplace distribution (location: -0.004998817108571529, scale 0.4789533019065857)
2024-03-08 04:10:52,089 | INFO | hilo.laplace-kernel : BOTTOM-RIGHT:
tensor([[1.8184e-04, 1.4670e-03, 1.1836e-02],
        [1.4670e-03, 1.1836e-02, 9.5490e-02],
        [1.1836e-02, 9.5490e-02, 7.7040e-01]])
2024-03-08 04:10:52,089 | INFO | hilo.kernel-accessor : Fetching kernel: laplace
2024-03-08 04:10:52,089 | INFO | hilo.laplace-kernel : Calculating Laplace distribution (location: -0.0690319836139679, scale 0.46602514386177063)
2024-03-08 04:10:52,089 | INFO | hilo.laplace-kernel : TOP-RIGHT:
