2023-11-30 11:37:05,274 | INFO | hi-lo : 
+==============================================================+
|                                                              |
| ██████╗  █████╗ ██████╗ ██╗         ██╗      █████╗ ██████╗  |
| ██╔══██╗██╔══██╗██╔══██╗██║         ██║     ██╔══██╗██╔══██╗ |
| ██║  ██║███████║██║  ██║██║         ██║     ███████║██████╔╝ |
| ██║  ██║██╔══██║██║  ██║██║         ██║     ██╔══██║██╔══██╗ |
| ██████╔╝██║  ██║██████╔╝███████╗    ███████╗██║  ██║██████╔╝ |
| ╚═════╝ ╚═╝  ╚═╝╚═════╝ ╚══════╝    ╚══════╝╚═╝  ╚═╝╚═════╝  |
|                                                              |
+==============================================================+
|             Hi-Lo Resolution Image Classification            |
|             -------------------------------------            |
|                       Gabriel C. Trahan                      |
|                          Sahan Ahmad                         |
|                       MD  Aminual Islam                      |
+==============================================================+
| MODEL:                 normal | LR:                      0.1 |
| DISTRO:                gumbel | KERNEL TYPE:               7 |
| DATASET:              cifar10 | BATCH SIZE:               64 |
+=========================================================================+
2023-11-30 11:37:05,274 | INFO | hi-lo : Output directory: output/normal/gumbel/7/cifar10/20231130_113705
2023-11-30 11:37:05,274 | INFO | hi-lo.dataset-accessor : Fetching dataset: cifar10
2023-11-30 11:37:05,275 | INFO | hi-lo.cifar10-dataset : Initializing transform.
2023-11-30 11:37:05,275 | INFO | hi-lo.cifar10-dataset : Verifying/downloading train data.
2023-11-30 11:37:05,875 | INFO | hi-lo.cifar10-dataset : Verifying/downloading test data.
2023-11-30 11:37:06,359 | INFO | hi-lo.cifar10-dataset : Creating train data loader.
2023-11-30 11:37:06,360 | INFO | hi-lo.cifar10-dataset : Creating test data loader.
2023-11-30 11:37:07,336 | INFO | hi-lo : Using device: NVIDIA GeForce GTX 1060 6GB
2023-11-30 11:37:07,336 | INFO | hi-lo : Commencing training phase...
2023-11-30 11:37:07,337 | INFO | hi-lo : BEGIN EPOCH 1 =========================================================================
2023-11-30 11:37:07,337 | INFO | hi-lo.kernel-accessor : Fetching kernel: gumbel
2023-11-30 11:37:07,338 | INFO | hi-lo.gumbel-kernel : MU (LOCATION): 0.0 | BETA (SCALE): 1.0
2023-11-30 11:37:07,338 | INFO | hi-lo.gumbel-kernel : TOP-LEFT
tensor([[8.8288e-01, 5.8259e-02, 2.0072e-04],
        [5.8259e-02, 2.0072e-04, 2.2609e-10],
        [2.0072e-04, 2.2609e-10, 8.5377e-26]])
2023-11-30 11:37:07,338 | INFO | hi-lo.kernel-accessor : Fetching kernel: gumbel
2023-11-30 11:37:07,339 | INFO | hi-lo.gumbel-kernel : MU (LOCATION): 0.0 | BETA (SCALE): 1.0
2023-11-30 11:37:07,339 | INFO | hi-lo.gumbel-kernel : BOTTOM-RIGHT
tensor([[8.5377e-26, 2.2609e-10, 2.0072e-04],
        [2.2609e-10, 2.0072e-04, 5.8259e-02],
        [2.0072e-04, 5.8259e-02, 8.8288e-01]])
2023-11-30 11:37:07,339 | INFO | hi-lo.kernel-accessor : Fetching kernel: gumbel
2023-11-30 11:37:07,339 | INFO | hi-lo.gumbel-kernel : MU (LOCATION): 0.0 | BETA (SCALE): 1.0
2023-11-30 11:37:07,340 | INFO | hi-lo.gumbel-kernel : BOTTOM-RIGHT
tensor([[8.5377e-26, 2.2609e-10, 2.0072e-04],
        [2.2609e-10, 2.0072e-04, 5.8259e-02],
        [2.0072e-04, 5.8259e-02, 8.8288e-01]])
2023-11-30 11:37:07,340 | INFO | hi-lo.kernel-accessor : Fetching kernel: gumbel
2023-11-30 11:37:07,340 | INFO | hi-lo.gumbel-kernel : MU (LOCATION): 0.0 | BETA (SCALE): 1.0
2023-11-30 11:37:07,340 | INFO | hi-lo.gumbel-kernel : TOP-LEFT
tensor([[8.8288e-01, 5.8259e-02, 2.0072e-04],
        [5.8259e-02, 2.0072e-04, 2.2609e-10],
        [2.0072e-04, 2.2609e-10, 8.5377e-26]])
2023-11-30 11:37:16,509 | INFO | hi-lo : END EPOCH:   1 | ACCURACY: 54.69 | LOSS: 1.5834683179855347
2023-11-30 11:37:16,509 | INFO | hi-lo : BEGIN EPOCH 2 =========================================================================
2023-11-30 11:37:16,509 | INFO | hi-lo.kernel-accessor : Fetching kernel: gumbel
2023-11-30 11:37:16,510 | INFO | hi-lo.gumbel-kernel : MU (LOCATION): -0.04181744158267975 | BETA (SCALE): 0.45636025071144104
2023-11-30 11:37:16,511 | INFO | hi-lo.gumbel-kernel : TOP-LEFT
tensor([[9.9998e-01, 8.0010e-06, 7.1466e-44],
        [8.0010e-06, 7.1466e-44, 0.0000e+00],
        [7.1466e-44, 0.0000e+00, 0.0000e+00]])
2023-11-30 11:37:16,511 | INFO | hi-lo.kernel-accessor : Fetching kernel: gumbel
2023-11-30 11:37:16,511 | INFO | hi-lo.gumbel-kernel : MU (LOCATION): 1 | BETA (SCALE): 1
2023-11-30 11:37:16,512 | INFO | hi-lo.gumbel-kernel : STATIC
tensor([[5.6765e-01, 1.6550e-01, 3.2357e-02],
        [1.6550e-01, 3.2357e-02, 2.1352e-03],
        [3.2357e-02, 2.1352e-03, 7.3562e-06]])
2023-11-30 11:37:16,512 | INFO | hi-lo.kernel-accessor : Fetching kernel: gumbel
2023-11-30 11:37:16,512 | INFO | hi-lo.gumbel-kernel : MU (LOCATION): -0.9548841118812561 | BETA (SCALE): 1.2084280252456665
2023-11-30 11:37:16,513 | INFO | hi-lo.gumbel-kernel : TOP-LEFT
tensor([[9.9832e-01, 8.3927e-04, 2.2455e-10],
        [8.3927e-04, 2.2455e-10, 6.0031e-25],
        [2.2455e-10, 6.0031e-25, 0.0000e+00]])
2023-11-30 11:37:16,513 | INFO | hi-lo.kernel-accessor : Fetching kernel: gumbel
2023-11-30 11:37:16,514 | INFO | hi-lo.gumbel-kernel : MU (LOCATION): -0.6187720894813538 | BETA (SCALE): 0.858386754989624
2023-11-30 11:37:16,514 | INFO | hi-lo.gumbel-kernel : TOP-LEFT
tensor([[9.9994e-01, 2.7781e-05, 8.9785e-19],
        [2.7781e-05, 8.9785e-19, 0.0000e+00],
        [8.9785e-19, 0.0000e+00, 0.0000e+00]])
2023-11-30 11:37:24,865 | INFO | hi-lo : END EPOCH:   2 | ACCURACY: 51.09 | LOSS: 1.2498798370361328
2023-11-30 11:37:24,865 | INFO | hi-lo : BEGIN EPOCH 3 =========================================================================
2023-11-30 11:37:24,865 | INFO | hi-lo.kernel-accessor : Fetching kernel: gumbel
2023-11-30 11:37:24,865 | INFO | hi-lo.gumbel-kernel : MU (LOCATION): -0.0833795890212059 | BETA (SCALE): 0.4855530261993408
2023-11-30 11:37:24,866 | INFO | hi-lo.gumbel-kernel : TOP-LEFT
tensor([[9.9998e-01, 8.2486e-06, 1.4790e-39],
        [8.2486e-06, 1.4790e-39, 0.0000e+00],
        [1.4790e-39, 0.0000e+00, 0.0000e+00]])
2023-11-30 11:37:24,866 | INFO | hi-lo.kernel-accessor : Fetching kernel: gumbel
2023-11-30 11:37:24,867 | INFO | hi-lo.gumbel-kernel : MU (LOCATION): 1 | BETA (SCALE): 1
2023-11-30 11:37:24,867 | INFO | hi-lo.gumbel-kernel : STATIC
tensor([[5.6765e-01, 1.6550e-01, 3.2357e-02],
        [1.6550e-01, 3.2357e-02, 2.1352e-03],
        [3.2357e-02, 2.1352e-03, 7.3562e-06]])
2023-11-30 11:37:24,867 | INFO | hi-lo.kernel-accessor : Fetching kernel: gumbel
2023-11-30 11:37:24,868 | INFO | hi-lo.gumbel-kernel : MU (LOCATION): -1.8534975051879883 | BETA (SCALE): 2.3417742252349854
2023-11-30 11:37:24,868 | INFO | hi-lo.gumbel-kernel : BOTTOM-RIGHT
tensor([[4.5856e-11, 7.9977e-07, 5.4301e-04],
        [7.9977e-07, 5.4301e-04, 4.4350e-02],
        [5.4301e-04, 4.4350e-02, 9.0967e-01]])
2023-11-30 11:37:24,868 | INFO | hi-lo.kernel-accessor : Fetching kernel: gumbel
2023-11-30 11:37:24,869 | INFO | hi-lo.gumbel-kernel : MU (LOCATION): 1 | BETA (SCALE): 1
2023-11-30 11:37:24,869 | INFO | hi-lo.gumbel-kernel : STATIC
tensor([[5.6765e-01, 1.6550e-01, 3.2357e-02],
        [1.6550e-01, 3.2357e-02, 2.1352e-03],
        [3.2357e-02, 2.1352e-03, 7.3562e-06]])
2023-11-30 11:37:33,209 | INFO | hi-lo : END EPOCH:   3 | ACCURACY: 56.25 | LOSS: 1.238510251045227
2023-11-30 11:37:33,210 | INFO | hi-lo : BEGIN EPOCH 4 =========================================================================
2023-11-30 11:37:33,210 | INFO | hi-lo.kernel-accessor : Fetching kernel: gumbel
2023-11-30 11:37:33,211 | INFO | hi-lo.gumbel-kernel : MU (LOCATION): 0.04362459480762482 | BETA (SCALE): 0.5666269659996033
2023-11-30 11:37:33,211 | INFO | hi-lo.gumbel-kernel : BOTTOM-RIGHT
tensor([[0.0000e+00, 0.0000e+00, 1.3693e-14],
        [0.0000e+00, 1.3693e-14, 2.6852e-03],
        [1.3693e-14, 2.6852e-03, 9.9463e-01]])
2023-11-30 11:37:33,211 | INFO | hi-lo.kernel-accessor : Fetching kernel: gumbel
2023-11-30 11:37:33,212 | INFO | hi-lo.gumbel-kernel : MU (LOCATION): -0.6018866300582886 | BETA (SCALE): 1.016656517982483
2023-11-30 11:37:33,212 | INFO | hi-lo.gumbel-kernel : BOTTOM-RIGHT
tensor([[0.0000e+00, 1.0000e-27, 2.6039e-10],
        [1.0000e-27, 2.6039e-10, 1.5694e-03],
        [2.6039e-10, 1.5694e-03, 9.9686e-01]])
2023-11-30 11:37:33,212 | INFO | hi-lo.kernel-accessor : Fetching kernel: gumbel
2023-11-30 11:37:33,213 | INFO | hi-lo.gumbel-kernel : MU (LOCATION): 1 | BETA (SCALE): 1
2023-11-30 11:37:33,213 | INFO | hi-lo.gumbel-kernel : STATIC
tensor([[5.6765e-01, 1.6550e-01, 3.2357e-02],
        [1.6550e-01, 3.2357e-02, 2.1352e-03],
        [3.2357e-02, 2.1352e-03, 7.3562e-06]])
2023-11-30 11:37:33,213 | INFO | hi-lo.kernel-accessor : Fetching kernel: gumbel
2023-11-30 11:37:33,214 | INFO | hi-lo.gumbel-kernel : MU (LOCATION): -2.0190343856811523 | BETA (SCALE): 2.1943798065185547
2023-11-30 11:37:33,214 | INFO | hi-lo.gumbel-kernel : BOTTOM-RIGHT
tensor([[1.0016e-15, 2.4799e-09, 3.3150e-05],
        [2.4799e-09, 3.3150e-05, 1.6175e-02],
        [3.3150e-05, 1.6175e-02, 9.6755e-01]])
2023-11-30 11:37:41,579 | INFO | hi-lo : END EPOCH:   4 | ACCURACY: 67.19 | LOSS: 1.457578182220459
2023-11-30 11:37:41,580 | INFO | hi-lo : BEGIN EPOCH 5 =========================================================================
2023-11-30 11:37:41,580 | INFO | hi-lo.kernel-accessor : Fetching kernel: gumbel
2023-11-30 11:37:41,581 | INFO | hi-lo.gumbel-kernel : MU (LOCATION): -0.011290129274129868 | BETA (SCALE): 0.4918913245201111
2023-11-30 11:37:41,581 | INFO | hi-lo.gumbel-kernel : BOTTOM-RIGHT
tensor([[0.0000e+00, 0.0000e+00, 1.4829e-28],
        [0.0000e+00, 1.4829e-28, 1.2569e-04],
        [1.4829e-28, 1.2569e-04, 9.9975e-01]])
2023-11-30 11:37:41,581 | INFO | hi-lo.kernel-accessor : Fetching kernel: gumbel
2023-11-30 11:37:41,582 | INFO | hi-lo.gumbel-kernel : MU (LOCATION): 1 | BETA (SCALE): 1
2023-11-30 11:37:41,582 | INFO | hi-lo.gumbel-kernel : STATIC
tensor([[5.6765e-01, 1.6550e-01, 3.2357e-02],
        [1.6550e-01, 3.2357e-02, 2.1352e-03],
        [3.2357e-02, 2.1352e-03, 7.3562e-06]])
2023-11-30 11:37:41,582 | INFO | hi-lo.kernel-accessor : Fetching kernel: gumbel
2023-11-30 11:37:41,583 | INFO | hi-lo.gumbel-kernel : MU (LOCATION): -2.3215088844299316 | BETA (SCALE): 2.7770113945007324
2023-11-30 11:37:41,583 | INFO | hi-lo.gumbel-kernel : TOP-LEFT
tensor([[8.7395e-01, 6.0689e-02, 1.5502e-03],
        [6.0689e-02, 1.5502e-03, 9.4424e-06],
        [1.5502e-03, 9.4424e-06, 7.3668e-09]])
2023-11-30 11:37:41,584 | INFO | hi-lo.kernel-accessor : Fetching kernel: gumbel
2023-11-30 11:37:41,584 | INFO | hi-lo.gumbel-kernel : MU (LOCATION): -1.404600739479065 | BETA (SCALE): 1.6632674932479858
2023-11-30 11:37:41,585 | INFO | hi-lo.gumbel-kernel : TOP-LEFT
tensor([[9.8752e-01, 6.2402e-03, 9.9555e-07],
        [6.2402e-03, 9.9555e-07, 1.9319e-13],
        [9.9555e-07, 1.9319e-13, 1.8031e-25]])
2023-11-30 11:37:50,020 | INFO | hi-lo : END EPOCH:   5 | ACCURACY: 62.5 | LOSS: 1.1706461906433105
2023-11-30 11:37:50,020 | INFO | hi-lo : BEGIN EPOCH 6 =========================================================================
2023-11-30 11:37:50,020 | INFO | hi-lo.kernel-accessor : Fetching kernel: gumbel
2023-11-30 11:37:50,021 | INFO | hi-lo.gumbel-kernel : MU (LOCATION): 1 | BETA (SCALE): 1
2023-11-30 11:37:50,022 | INFO | hi-lo.gumbel-kernel : STATIC
tensor([[5.6765e-01, 1.6550e-01, 3.2357e-02],
        [1.6550e-01, 3.2357e-02, 2.1352e-03],
        [3.2357e-02, 2.1352e-03, 7.3562e-06]])
2023-11-30 11:37:50,022 | INFO | hi-lo.kernel-accessor : Fetching kernel: gumbel
2023-11-30 11:37:50,022 | INFO | hi-lo.gumbel-kernel : MU (LOCATION): 1 | BETA (SCALE): 1
2023-11-30 11:37:50,023 | INFO | hi-lo.gumbel-kernel : STATIC
tensor([[5.6765e-01, 1.6550e-01, 3.2357e-02],
        [1.6550e-01, 3.2357e-02, 2.1352e-03],
        [3.2357e-02, 2.1352e-03, 7.3562e-06]])
2023-11-30 11:37:50,023 | INFO | hi-lo.kernel-accessor : Fetching kernel: gumbel
2023-11-30 11:37:50,024 | INFO | hi-lo.gumbel-kernel : MU (LOCATION): -1.8091394901275635 | BETA (SCALE): 2.617335081100464
2023-11-30 11:37:50,024 | INFO | hi-lo.gumbel-kernel : BOTTOM-RIGHT
tensor([[9.9908e-08, 4.9992e-05, 3.9240e-03],
        [4.9992e-05, 3.9240e-03, 8.7005e-02],
        [3.9240e-03, 8.7005e-02, 8.1412e-01]])
2023-11-30 11:37:50,024 | INFO | hi-lo.kernel-accessor : Fetching kernel: gumbel
2023-11-30 11:37:50,025 | INFO | hi-lo.gumbel-kernel : MU (LOCATION): -1.8566946983337402 | BETA (SCALE): 2.0551111698150635
2023-11-30 11:37:50,025 | INFO | hi-lo.gumbel-kernel : TOP-LEFT
tensor([[9.7365e-01, 1.3151e-02, 1.6228e-05],
        [1.3151e-02, 1.6228e-05, 4.0829e-10],
        [1.6228e-05, 4.0829e-10, 1.8258e-17]])
2023-11-30 11:37:58,486 | INFO | hi-lo : END EPOCH:   6 | ACCURACY: 60.32 | LOSS: 1.29766047000885
2023-11-30 11:37:58,487 | INFO | hi-lo : BEGIN EPOCH 7 =========================================================================
2023-11-30 11:37:58,487 | INFO | hi-lo.kernel-accessor : Fetching kernel: gumbel
2023-11-30 11:37:58,487 | INFO | hi-lo.gumbel-kernel : MU (LOCATION): 1 | BETA (SCALE): 1
2023-11-30 11:37:58,488 | INFO | hi-lo.gumbel-kernel : STATIC
tensor([[5.6765e-01, 1.6550e-01, 3.2357e-02],
        [1.6550e-01, 3.2357e-02, 2.1352e-03],
        [3.2357e-02, 2.1352e-03, 7.3562e-06]])
2023-11-30 11:37:58,488 | INFO | hi-lo.kernel-accessor : Fetching kernel: gumbel
2023-11-30 11:37:58,489 | INFO | hi-lo.gumbel-kernel : MU (LOCATION): -0.715807318687439 | BETA (SCALE): 0.9806070923805237
2023-11-30 11:37:58,489 | INFO | hi-lo.gumbel-kernel : TOP-LEFT
tensor([[9.9965e-01, 1.7474e-04, 4.0702e-14],
        [1.7474e-04, 4.0702e-14, 4.8658e-40],
        [4.0702e-14, 4.8658e-40, 0.0000e+00]])
2023-11-30 11:37:58,489 | INFO | hi-lo.kernel-accessor : Fetching kernel: gumbel
2023-11-30 11:37:58,490 | INFO | hi-lo.gumbel-kernel : MU (LOCATION): -1.8030364513397217 | BETA (SCALE): 2.50107741355896
2023-11-30 11:37:58,490 | INFO | hi-lo.gumbel-kernel : TOP-LEFT
tensor([[8.5078e-01, 7.1365e-02, 2.1549e-03],
        [7.1365e-02, 2.1549e-03, 1.4175e-05],
        [2.1549e-03, 1.4175e-05, 9.6027e-09]])
2023-11-30 11:37:58,490 | INFO | hi-lo.kernel-accessor : Fetching kernel: gumbel
2023-11-30 11:37:58,491 | INFO | hi-lo.gumbel-kernel : MU (LOCATION): -1.4464154243469238 | BETA (SCALE): 1.923012614250183
2023-11-30 11:37:58,491 | INFO | hi-lo.gumbel-kernel : TOP-LEFT
tensor([[9.4744e-01, 2.6147e-02, 8.8903e-05],
        [2.6147e-02, 8.8903e-05, 8.9286e-09],
        [8.8903e-05, 8.9286e-09, 2.3974e-15]])
2023-11-30 11:38:06,945 | INFO | hi-lo : END EPOCH:   7 | ACCURACY: 75.0 | LOSS: 1.1991546154022217
2023-11-30 11:38:06,945 | INFO | hi-lo : BEGIN EPOCH 8 =========================================================================
2023-11-30 11:38:06,945 | INFO | hi-lo.kernel-accessor : Fetching kernel: gumbel
2023-11-30 11:38:06,946 | INFO | hi-lo.gumbel-kernel : MU (LOCATION): -0.05867926403880119 | BETA (SCALE): 0.49802181124687195
2023-11-30 11:38:06,946 | INFO | hi-lo.gumbel-kernel : TOP-LEFT
tensor([[9.9992e-01, 3.8324e-05, 2.0527e-32],
        [3.8324e-05, 2.0528e-32, 0.0000e+00],
        [2.0527e-32, 0.0000e+00, 0.0000e+00]])
2023-11-30 11:38:06,947 | INFO | hi-lo.kernel-accessor : Fetching kernel: gumbel
2023-11-30 11:38:06,947 | INFO | hi-lo.gumbel-kernel : MU (LOCATION): -0.6773516535758972 | BETA (SCALE): 0.9346153736114502
2023-11-30 11:38:06,947 | INFO | hi-lo.gumbel-kernel : TOP-LEFT
tensor([[9.9980e-01, 9.7969e-05, 1.5642e-15],
        [9.7969e-05, 1.5642e-15, 0.0000e+00],
        [1.5642e-15, 0.0000e+00, 0.0000e+00]])
2023-11-30 11:38:06,948 | INFO | hi-lo.kernel-accessor : Fetching kernel: gumbel
2023-11-30 11:38:06,948 | INFO | hi-lo.gumbel-kernel : MU (LOCATION): 1 | BETA (SCALE): 1
2023-11-30 11:38:06,948 | INFO | hi-lo.gumbel-kernel : STATIC
tensor([[5.6765e-01, 1.6550e-01, 3.2357e-02],
        [1.6550e-01, 3.2357e-02, 2.1352e-03],
        [3.2357e-02, 2.1352e-03, 7.3562e-06]])
2023-11-30 11:38:06,949 | INFO | hi-lo.kernel-accessor : Fetching kernel: gumbel
2023-11-30 11:38:06,949 | INFO | hi-lo.gumbel-kernel : MU (LOCATION): 1 | BETA (SCALE): 1
2023-11-30 11:38:06,949 | INFO | hi-lo.gumbel-kernel : STATIC
tensor([[5.6765e-01, 1.6550e-01, 3.2357e-02],
        [1.6550e-01, 3.2357e-02, 2.1352e-03],
        [3.2357e-02, 2.1352e-03, 7.3562e-06]])
2023-11-30 11:38:15,334 | INFO | hi-lo : END EPOCH:   8 | ACCURACY: 58.85 | LOSS: 1.3731317520141602
2023-11-30 11:38:15,334 | INFO | hi-lo : BEGIN EPOCH 9 =========================================================================
2023-11-30 11:38:15,334 | INFO | hi-lo.kernel-accessor : Fetching kernel: gumbel
2023-11-30 11:38:15,335 | INFO | hi-lo.gumbel-kernel : MU (LOCATION): -0.06295762956142426 | BETA (SCALE): 0.5012462735176086
2023-11-30 11:38:15,335 | INFO | hi-lo.gumbel-kernel : TOP-LEFT
tensor([[9.9992e-01, 3.8626e-05, 4.4057e-32],
        [3.8626e-05, 4.4056e-32, 0.0000e+00],
        [4.4057e-32, 0.0000e+00, 0.0000e+00]])
2023-11-30 11:38:15,335 | INFO | hi-lo.kernel-accessor : Fetching kernel: gumbel
2023-11-30 11:38:15,336 | INFO | hi-lo.gumbel-kernel : MU (LOCATION): -0.6469833850860596 | BETA (SCALE): 0.9263843297958374
2023-11-30 11:38:15,336 | INFO | hi-lo.gumbel-kernel : TOP-LEFT
tensor([[9.9974e-01, 1.3181e-04, 4.0904e-15],
        [1.3181e-04, 4.0904e-15, 0.0000e+00],
        [4.0904e-15, 0.0000e+00, 0.0000e+00]])
2023-11-30 11:38:15,336 | INFO | hi-lo.kernel-accessor : Fetching kernel: gumbel
2023-11-30 11:38:15,337 | INFO | hi-lo.gumbel-kernel : MU (LOCATION): 1 | BETA (SCALE): 1
2023-11-30 11:38:15,337 | INFO | hi-lo.gumbel-kernel : STATIC
tensor([[5.6765e-01, 1.6550e-01, 3.2357e-02],
        [1.6550e-01, 3.2357e-02, 2.1352e-03],
        [3.2357e-02, 2.1352e-03, 7.3562e-06]])
2023-11-30 11:38:15,337 | INFO | hi-lo.kernel-accessor : Fetching kernel: gumbel
2023-11-30 11:38:15,338 | INFO | hi-lo.gumbel-kernel : MU (LOCATION): -2.2457337379455566 | BETA (SCALE): 2.6628711223602295
2023-11-30 11:38:15,338 | INFO | hi-lo.gumbel-kernel : TOP-LEFT
tensor([[8.9245e-01, 5.2276e-02, 9.9705e-04],
        [5.2276e-02, 9.9705e-04, 3.7130e-06],
        [9.9705e-04, 3.7130e-06, 1.2824e-09]])
2023-11-30 11:38:23,808 | INFO | hi-lo : END EPOCH:   9 | ACCURACY: 71.88 | LOSS: 1.4048413038253784
2023-11-30 11:38:23,809 | INFO | hi-lo : BEGIN EPOCH 10 =========================================================================
2023-11-30 11:38:23,809 | INFO | hi-lo.kernel-accessor : Fetching kernel: gumbel
2023-11-30 11:38:23,809 | INFO | hi-lo.gumbel-kernel : MU (LOCATION): 0.059183862060308456 | BETA (SCALE): 0.5403132438659668
2023-11-30 11:38:23,810 | INFO | hi-lo.gumbel-kernel : TOP-LEFT
tensor([[9.9579e-01, 2.1032e-03, 4.0487e-16],
        [2.1032e-03, 4.0487e-16, 0.0000e+00],
        [4.0487e-16, 0.0000e+00, 0.0000e+00]])
2023-11-30 11:38:23,810 | INFO | hi-lo.kernel-accessor : Fetching kernel: gumbel
2023-11-30 11:38:23,811 | INFO | hi-lo.gumbel-kernel : MU (LOCATION): 1 | BETA (SCALE): 1
2023-11-30 11:38:23,811 | INFO | hi-lo.gumbel-kernel : STATIC
tensor([[5.6765e-01, 1.6550e-01, 3.2357e-02],
        [1.6550e-01, 3.2357e-02, 2.1352e-03],
        [3.2357e-02, 2.1352e-03, 7.3562e-06]])
2023-11-30 11:38:23,811 | INFO | hi-lo.kernel-accessor : Fetching kernel: gumbel
2023-11-30 11:38:23,812 | INFO | hi-lo.gumbel-kernel : MU (LOCATION): -3.126065731048584 | BETA (SCALE): 3.5866541862487793
2023-11-30 11:38:23,812 | INFO | hi-lo.gumbel-kernel : BOTTOM-RIGHT
tensor([[2.1095e-06, 1.9387e-04, 6.3475e-03],
        [1.9387e-04, 6.3475e-03, 9.5171e-02],
        [6.3475e-03, 9.5171e-02, 7.9023e-01]])
2023-11-30 11:38:23,812 | INFO | hi-lo.kernel-accessor : Fetching kernel: gumbel
2023-11-30 11:38:23,813 | INFO | hi-lo.gumbel-kernel : MU (LOCATION): 1 | BETA (SCALE): 1
2023-11-30 11:38:23,813 | INFO | hi-lo.gumbel-kernel : STATIC
tensor([[5.6765e-01, 1.6550e-01, 3.2357e-02],
        [1.6550e-01, 3.2357e-02, 2.1352e-03],
        [3.2357e-02, 2.1352e-03, 7.3562e-06]])
2023-11-30 11:38:32,313 | INFO | hi-lo : END EPOCH:  10 | ACCURACY: 64.32 | LOSS: 1.1799455881118774
2023-11-30 11:38:32,313 | INFO | hi-lo : BEGIN EPOCH 11 =========================================================================
2023-11-30 11:38:32,313 | INFO | hi-lo.kernel-accessor : Fetching kernel: gumbel
2023-11-30 11:38:32,314 | INFO | hi-lo.gumbel-kernel : MU (LOCATION): 1 | BETA (SCALE): 1
2023-11-30 11:38:32,314 | INFO | hi-lo.gumbel-kernel : STATIC
tensor([[5.6765e-01, 1.6550e-01, 3.2357e-02],
        [1.6550e-01, 3.2357e-02, 2.1352e-03],
        [3.2357e-02, 2.1352e-03, 7.3562e-06]])
2023-11-30 11:38:32,315 | INFO | hi-lo.kernel-accessor : Fetching kernel: gumbel
2023-11-30 11:38:32,315 | INFO | hi-lo.gumbel-kernel : MU (LOCATION): -0.725685715675354 | BETA (SCALE): 0.8994500637054443
2023-11-30 11:38:32,316 | INFO | hi-lo.gumbel-kernel : BOTTOM-RIGHT
tensor([[0.0000e+00, 0.0000e+00, 1.1630e-19],
        [0.0000e+00, 1.1630e-19, 1.1728e-05],
        [1.1630e-19, 1.1728e-05, 9.9998e-01]])
2023-11-30 11:38:32,316 | INFO | hi-lo.kernel-accessor : Fetching kernel: gumbel
2023-11-30 11:38:32,316 | INFO | hi-lo.gumbel-kernel : MU (LOCATION): -2.0969955921173096 | BETA (SCALE): 3.1568410396575928
2023-11-30 11:38:32,317 | INFO | hi-lo.gumbel-kernel : BOTTOM-RIGHT
tensor([[1.3087e-05, 6.8398e-04, 1.3307e-02],
        [6.8398e-04, 1.3307e-02, 1.2604e-01],
        [1.3307e-02, 1.2604e-01, 7.0661e-01]])
2023-11-30 11:38:32,317 | INFO | hi-lo.kernel-accessor : Fetching kernel: gumbel
2023-11-30 11:38:32,317 | INFO | hi-lo.gumbel-kernel : MU (LOCATION): -1.6842918395996094 | BETA (SCALE): 1.9611071348190308
2023-11-30 11:38:32,318 | INFO | hi-lo.gumbel-kernel : TOP-LEFT
tensor([[9.7128e-01, 1.4335e-02, 1.7984e-05],
        [1.4335e-02, 1.7984e-05, 3.7216e-10],
        [1.7984e-05, 3.7216e-10, 8.2833e-18]])
2023-11-30 11:38:40,741 | INFO | hi-lo : END EPOCH:  11 | ACCURACY: 62.5 | LOSS: 1.4053661823272705
2023-11-30 11:38:40,741 | INFO | hi-lo : BEGIN EPOCH 12 =========================================================================
2023-11-30 11:38:40,742 | INFO | hi-lo.kernel-accessor : Fetching kernel: gumbel
2023-11-30 11:38:40,742 | INFO | hi-lo.gumbel-kernel : MU (LOCATION): -0.045599229633808136 | BETA (SCALE): 0.4710093140602112
2023-11-30 11:38:40,743 | INFO | hi-lo.gumbel-kernel : BOTTOM-RIGHT
tensor([[0.0000e+00, 0.0000e+00, 7.4498e-39],
        [0.0000e+00, 7.4498e-39, 1.5857e-05],
        [7.4498e-39, 1.5857e-05, 9.9997e-01]])
2023-11-30 11:38:40,743 | INFO | hi-lo.kernel-accessor : Fetching kernel: gumbel
2023-11-30 11:38:40,743 | INFO | hi-lo.gumbel-kernel : MU (LOCATION): -0.7137258052825928 | BETA (SCALE): 0.9950798749923706
2023-11-30 11:38:40,744 | INFO | hi-lo.gumbel-kernel : BOTTOM-RIGHT
tensor([[0.0000e+00, 2.2417e-37, 2.2175e-13],
        [2.2417e-37, 2.2175e-13, 2.5490e-04],
        [2.2175e-13, 2.5490e-04, 9.9949e-01]])
2023-11-30 11:38:40,744 | INFO | hi-lo.kernel-accessor : Fetching kernel: gumbel
2023-11-30 11:38:40,744 | INFO | hi-lo.gumbel-kernel : MU (LOCATION): -2.0584514141082764 | BETA (SCALE): 2.829216957092285
2023-11-30 11:38:40,745 | INFO | hi-lo.gumbel-kernel : BOTTOM-RIGHT
tensor([[3.1591e-07, 8.5368e-05, 4.8384e-03],
        [8.5368e-05, 4.8384e-03, 9.1569e-02],
        [4.8384e-03, 9.1569e-02, 8.0218e-01]])
2023-11-30 11:38:40,745 | INFO | hi-lo.kernel-accessor : Fetching kernel: gumbel
2023-11-30 11:38:40,745 | INFO | hi-lo.gumbel-kernel : MU (LOCATION): -1.8651241064071655 | BETA (SCALE): 2.0504422187805176
2023-11-30 11:38:40,745 | INFO | hi-lo.gumbel-kernel : TOP-LEFT
tensor([[9.7514e-01, 1.2409e-02, 1.3810e-05],
        [1.2409e-02, 1.3810e-05, 2.9058e-10],
        [1.3810e-05, 2.9058e-10, 9.5444e-18]])
2023-11-30 11:38:49,224 | INFO | hi-lo : END EPOCH:  12 | ACCURACY: 59.69 | LOSS: 1.2412108182907104
2023-11-30 11:38:49,224 | INFO | hi-lo : BEGIN EPOCH 13 =========================================================================
2023-11-30 11:38:49,224 | INFO | hi-lo.kernel-accessor : Fetching kernel: gumbel
2023-11-30 11:38:49,225 | INFO | hi-lo.gumbel-kernel : MU (LOCATION): 1 | BETA (SCALE): 1
2023-11-30 11:38:49,225 | INFO | hi-lo.gumbel-kernel : STATIC
tensor([[5.6765e-01, 1.6550e-01, 3.2357e-02],
        [1.6550e-01, 3.2357e-02, 2.1352e-03],
        [3.2357e-02, 2.1352e-03, 7.3562e-06]])
2023-11-30 11:38:49,226 | INFO | hi-lo.kernel-accessor : Fetching kernel: gumbel
2023-11-30 11:38:49,226 | INFO | hi-lo.gumbel-kernel : MU (LOCATION): -0.7368552088737488 | BETA (SCALE): 0.965932309627533
2023-11-30 11:38:49,227 | INFO | hi-lo.gumbel-kernel : BOTTOM-RIGHT
tensor([[0.0000e+00, 0.0000e+00, 1.8331e-15],
        [0.0000e+00, 1.8331e-15, 8.3946e-05],
        [1.8331e-15, 8.3946e-05, 9.9983e-01]])
2023-11-30 11:38:49,227 | INFO | hi-lo.kernel-accessor : Fetching kernel: gumbel
2023-11-30 11:38:49,227 | INFO | hi-lo.gumbel-kernel : MU (LOCATION): 1 | BETA (SCALE): 1
2023-11-30 11:38:49,228 | INFO | hi-lo.gumbel-kernel : STATIC
tensor([[5.6765e-01, 1.6550e-01, 3.2357e-02],
        [1.6550e-01, 3.2357e-02, 2.1352e-03],
        [3.2357e-02, 2.1352e-03, 7.3562e-06]])
2023-11-30 11:38:49,228 | INFO | hi-lo.kernel-accessor : Fetching kernel: gumbel
2023-11-30 11:38:49,228 | INFO | hi-lo.gumbel-kernel : MU (LOCATION): 1 | BETA (SCALE): 1
2023-11-30 11:38:49,229 | INFO | hi-lo.gumbel-kernel : STATIC
tensor([[5.6765e-01, 1.6550e-01, 3.2357e-02],
        [1.6550e-01, 3.2357e-02, 2.1352e-03],
        [3.2357e-02, 2.1352e-03, 7.3562e-06]])
2023-11-30 11:38:57,797 | INFO | hi-lo : END EPOCH:  13 | ACCURACY: 66.67 | LOSS: 0.9613921642303467
2023-11-30 11:38:57,798 | INFO | hi-lo : BEGIN EPOCH 14 =========================================================================
2023-11-30 11:38:57,798 | INFO | hi-lo.kernel-accessor : Fetching kernel: gumbel
2023-11-30 11:38:57,799 | INFO | hi-lo.gumbel-kernel : MU (LOCATION): 0.0027806698344647884 | BETA (SCALE): 0.46073657274246216
2023-11-30 11:38:57,799 | INFO | hi-lo.gumbel-kernel : BOTTOM-RIGHT
tensor([[0.0000e+00, 0.0000e+00, 3.9906e-35],
        [0.0000e+00, 3.9906e-35, 5.3302e-05],
        [3.9906e-35, 5.3302e-05, 9.9989e-01]])
2023-11-30 11:38:57,799 | INFO | hi-lo.kernel-accessor : Fetching kernel: gumbel
2023-11-30 11:38:57,800 | INFO | hi-lo.gumbel-kernel : MU (LOCATION): -0.6425337195396423 | BETA (SCALE): 0.9461836814880371
2023-11-30 11:38:57,800 | INFO | hi-lo.gumbel-kernel : BOTTOM-RIGHT
tensor([[0.0000e+00, 1.1912e-40, 6.1271e-14],
        [1.1912e-40, 6.1271e-14, 2.3440e-04],
        [6.1271e-14, 2.3440e-04, 9.9953e-01]])
2023-11-30 11:38:57,800 | INFO | hi-lo.kernel-accessor : Fetching kernel: gumbel
2023-11-30 11:38:57,801 | INFO | hi-lo.gumbel-kernel : MU (LOCATION): -1.9366897344589233 | BETA (SCALE): 2.4541804790496826
2023-11-30 11:38:57,801 | INFO | hi-lo.gumbel-kernel : BOTTOM-RIGHT
tensor([[4.0417e-10, 2.3898e-06, 8.8530e-04],
        [2.3898e-06, 8.8530e-04, 5.1924e-02],
        [8.8530e-04, 5.1924e-02, 8.9349e-01]])
2023-11-30 11:38:57,802 | INFO | hi-lo.kernel-accessor : Fetching kernel: gumbel
2023-11-30 11:38:57,802 | INFO | hi-lo.gumbel-kernel : MU (LOCATION): -2.2222673892974854 | BETA (SCALE): 2.4467010498046875
2023-11-30 11:38:57,802 | INFO | hi-lo.gumbel-kernel : TOP-LEFT
tensor([[9.4330e-01, 2.8089e-02, 1.7439e-04],
        [2.8089e-02, 1.7439e-04, 1.0230e-07],
        [1.7439e-04, 1.0230e-07, 1.7228e-12]])
2023-11-30 11:39:06,252 | INFO | hi-lo : END EPOCH:  14 | ACCURACY: 76.56 | LOSS: 1.0709142684936523
2023-11-30 11:39:06,253 | INFO | hi-lo : BEGIN EPOCH 15 =========================================================================
2023-11-30 11:39:06,253 | INFO | hi-lo.kernel-accessor : Fetching kernel: gumbel
2023-11-30 11:39:06,253 | INFO | hi-lo.gumbel-kernel : MU (LOCATION): -0.15136048197746277 | BETA (SCALE): 0.5187105536460876
2023-11-30 11:39:06,254 | INFO | hi-lo.gumbel-kernel : BOTTOM-RIGHT
tensor([[0.0000e+00, 0.0000e+00, 2.0501e-38],
        [0.0000e+00, 2.0501e-38, 3.8854e-06],
        [2.0501e-38, 3.8854e-06, 9.9999e-01]])
2023-11-30 11:39:06,254 | INFO | hi-lo.kernel-accessor : Fetching kernel: gumbel
2023-11-30 11:39:06,255 | INFO | hi-lo.gumbel-kernel : MU (LOCATION): 1 | BETA (SCALE): 1
2023-11-30 11:39:06,255 | INFO | hi-lo.gumbel-kernel : STATIC
tensor([[5.6765e-01, 1.6550e-01, 3.2357e-02],
        [1.6550e-01, 3.2357e-02, 2.1352e-03],
        [3.2357e-02, 2.1352e-03, 7.3562e-06]])
2023-11-30 11:39:06,255 | INFO | hi-lo.kernel-accessor : Fetching kernel: gumbel
2023-11-30 11:39:06,256 | INFO | hi-lo.gumbel-kernel : MU (LOCATION): 1 | BETA (SCALE): 1
2023-11-30 11:39:06,256 | INFO | hi-lo.gumbel-kernel : STATIC
tensor([[5.6765e-01, 1.6550e-01, 3.2357e-02],
        [1.6550e-01, 3.2357e-02, 2.1352e-03],
        [3.2357e-02, 2.1352e-03, 7.3562e-06]])
2023-11-30 11:39:06,256 | INFO | hi-lo.kernel-accessor : Fetching kernel: gumbel
2023-11-30 11:39:06,257 | INFO | hi-lo.gumbel-kernel : MU (LOCATION): -2.4793858528137207 | BETA (SCALE): 2.588160991668701
2023-11-30 11:39:06,257 | INFO | hi-lo.gumbel-kernel : TOP-LEFT
tensor([[9.4726e-01, 2.6133e-02, 1.5909e-04],
        [2.6133e-02, 1.5909e-04, 1.0479e-07],
        [1.5909e-04, 1.0479e-07, 2.6163e-12]])
2023-11-30 11:39:14,691 | INFO | hi-lo : END EPOCH:  15 | ACCURACY: 66.8 | LOSS: 1.0065680742263794
2023-11-30 11:39:14,691 | INFO | hi-lo : BEGIN EPOCH 16 =========================================================================
2023-11-30 11:39:14,691 | INFO | hi-lo.kernel-accessor : Fetching kernel: gumbel
2023-11-30 11:39:14,692 | INFO | hi-lo.gumbel-kernel : MU (LOCATION): -0.13095638155937195 | BETA (SCALE): 0.4460675120353699
2023-11-30 11:39:14,693 | INFO | hi-lo.gumbel-kernel : TOP-LEFT
tensor([[1.0000e+00, 2.8567e-08, 0.0000e+00],
        [2.8567e-08, 0.0000e+00, 0.0000e+00],
        [0.0000e+00, 0.0000e+00, 0.0000e+00]])
2023-11-30 11:39:14,693 | INFO | hi-lo.kernel-accessor : Fetching kernel: gumbel
2023-11-30 11:39:14,693 | INFO | hi-lo.gumbel-kernel : MU (LOCATION): -0.7431719303131104 | BETA (SCALE): 0.8968868851661682
2023-11-30 11:39:14,694 | INFO | hi-lo.gumbel-kernel : BOTTOM-RIGHT
tensor([[0.0000e+00, 0.0000e+00, 1.3421e-20],
        [0.0000e+00, 1.3421e-20, 7.0399e-06],
        [1.3421e-20, 7.0399e-06, 9.9999e-01]])
2023-11-30 11:39:14,694 | INFO | hi-lo.kernel-accessor : Fetching kernel: gumbel
2023-11-30 11:39:14,694 | INFO | hi-lo.gumbel-kernel : MU (LOCATION): -2.0512490272521973 | BETA (SCALE): 2.9342429637908936
2023-11-30 11:39:14,695 | INFO | hi-lo.gumbel-kernel : BOTTOM-RIGHT
tensor([[1.5111e-06, 2.0497e-04, 7.4299e-03],
        [2.0497e-04, 7.4299e-03, 1.0537e-01],
        [7.4299e-03, 1.0537e-01, 7.6657e-01]])
2023-11-30 11:39:14,695 | INFO | hi-lo.kernel-accessor : Fetching kernel: gumbel
2023-11-30 11:39:14,695 | INFO | hi-lo.gumbel-kernel : MU (LOCATION): 1 | BETA (SCALE): 1
2023-11-30 11:39:14,696 | INFO | hi-lo.gumbel-kernel : STATIC
tensor([[5.6765e-01, 1.6550e-01, 3.2357e-02],
        [1.6550e-01, 3.2357e-02, 2.1352e-03],
        [3.2357e-02, 2.1352e-03, 7.3562e-06]])
2023-11-30 11:39:23,169 | INFO | hi-lo : END EPOCH:  16 | ACCURACY: 62.5 | LOSS: 1.1208369731903076
2023-11-30 11:39:23,169 | INFO | hi-lo : BEGIN EPOCH 17 =========================================================================
2023-11-30 11:39:23,170 | INFO | hi-lo.kernel-accessor : Fetching kernel: gumbel
2023-11-30 11:39:23,170 | INFO | hi-lo.gumbel-kernel : MU (LOCATION): -0.05312546342611313 | BETA (SCALE): 0.49619153141975403
2023-11-30 11:39:23,171 | INFO | hi-lo.gumbel-kernel : BOTTOM-RIGHT
tensor([[0.0000e+00, 0.0000e+00, 3.1473e-32],
        [0.0000e+00, 3.1472e-32, 4.2258e-05],
        [3.1473e-32, 4.2258e-05, 9.9992e-01]])
2023-11-30 11:39:23,171 | INFO | hi-lo.kernel-accessor : Fetching kernel: gumbel
2023-11-30 11:39:23,172 | INFO | hi-lo.gumbel-kernel : MU (LOCATION): -0.6371074914932251 | BETA (SCALE): 0.9268316626548767
2023-11-30 11:39:23,172 | INFO | hi-lo.gumbel-kernel : BOTTOM-RIGHT
tensor([[0.0000e+00, 0.0000e+00, 8.3211e-15],
        [0.0000e+00, 8.3210e-15, 1.5738e-04],
        [8.3211e-15, 1.5738e-04, 9.9969e-01]])
2023-11-30 11:39:23,172 | INFO | hi-lo.kernel-accessor : Fetching kernel: gumbel
2023-11-30 11:39:23,173 | INFO | hi-lo.gumbel-kernel : MU (LOCATION): -3.0596981048583984 | BETA (SCALE): 3.45693302154541
2023-11-30 11:39:23,173 | INFO | hi-lo.gumbel-kernel : BOTTOM-RIGHT
tensor([[7.0458e-07, 1.0257e-04, 4.5955e-03],
        [1.0257e-04, 4.5955e-03, 8.5192e-02],
        [4.5955e-03, 8.5192e-02, 8.1562e-01]])
2023-11-30 11:39:23,173 | INFO | hi-lo.kernel-accessor : Fetching kernel: gumbel
2023-11-30 11:39:23,174 | INFO | hi-lo.gumbel-kernel : MU (LOCATION): 1 | BETA (SCALE): 1
2023-11-30 11:39:23,174 | INFO | hi-lo.gumbel-kernel : STATIC
tensor([[5.6765e-01, 1.6550e-01, 3.2357e-02],
        [1.6550e-01, 3.2357e-02, 2.1352e-03],
        [3.2357e-02, 2.1352e-03, 7.3562e-06]])
2023-11-30 11:39:31,765 | INFO | hi-lo : END EPOCH:  17 | ACCURACY: 70.31 | LOSS: 1.0380675792694092
2023-11-30 11:39:31,765 | INFO | hi-lo : BEGIN EPOCH 18 =========================================================================
2023-11-30 11:39:31,765 | INFO | hi-lo.kernel-accessor : Fetching kernel: gumbel
2023-11-30 11:39:31,766 | INFO | hi-lo.gumbel-kernel : MU (LOCATION): -0.09334611147642136 | BETA (SCALE): 0.45214927196502686
2023-11-30 11:39:31,766 | INFO | hi-lo.gumbel-kernel : TOP-LEFT
tensor([[1.0000e+00, 5.0488e-07, 0.0000e+00],
        [5.0488e-07, 0.0000e+00, 0.0000e+00],
        [0.0000e+00, 0.0000e+00, 0.0000e+00]])
2023-11-30 11:39:31,766 | INFO | hi-lo.kernel-accessor : Fetching kernel: gumbel
2023-11-30 11:39:31,767 | INFO | hi-lo.gumbel-kernel : MU (LOCATION): 1 | BETA (SCALE): 1
2023-11-30 11:39:31,767 | INFO | hi-lo.gumbel-kernel : STATIC
tensor([[5.6765e-01, 1.6550e-01, 3.2357e-02],
        [1.6550e-01, 3.2357e-02, 2.1352e-03],
        [3.2357e-02, 2.1352e-03, 7.3562e-06]])
2023-11-30 11:39:31,767 | INFO | hi-lo.kernel-accessor : Fetching kernel: gumbel
2023-11-30 11:39:31,768 | INFO | hi-lo.gumbel-kernel : MU (LOCATION): 1 | BETA (SCALE): 1
2023-11-30 11:39:31,768 | INFO | hi-lo.gumbel-kernel : STATIC
tensor([[5.6765e-01, 1.6550e-01, 3.2357e-02],
        [1.6550e-01, 3.2357e-02, 2.1352e-03],
        [3.2357e-02, 2.1352e-03, 7.3562e-06]])
2023-11-30 11:39:31,768 | INFO | hi-lo.kernel-accessor : Fetching kernel: gumbel
2023-11-30 11:39:31,769 | INFO | hi-lo.gumbel-kernel : MU (LOCATION): -3.1628479957580566 | BETA (SCALE): 3.0255684852600098
2023-11-30 11:39:31,769 | INFO | hi-lo.gumbel-kernel : TOP-LEFT
tensor([[9.4232e-01, 2.8466e-02, 2.4852e-04],
        [2.8466e-02, 2.4852e-04, 3.8562e-07],
        [2.4852e-04, 3.8562e-07, 5.4057e-11]])
2023-11-30 11:39:40,264 | INFO | hi-lo : END EPOCH:  18 | ACCURACY: 60.71 | LOSS: 1.4092020988464355
2023-11-30 11:39:40,264 | INFO | hi-lo : BEGIN EPOCH 19 =========================================================================
2023-11-30 11:39:40,265 | INFO | hi-lo.kernel-accessor : Fetching kernel: gumbel
2023-11-30 11:39:40,265 | INFO | hi-lo.gumbel-kernel : MU (LOCATION): -0.08996786922216415 | BETA (SCALE): 0.42392024397850037
2023-11-30 11:39:40,266 | INFO | hi-lo.gumbel-kernel : TOP-LEFT
tensor([[1.0000e+00, 4.1236e-08, 0.0000e+00],
        [4.1236e-08, 0.0000e+00, 0.0000e+00],
        [0.0000e+00, 0.0000e+00, 0.0000e+00]])
2023-11-30 11:39:40,266 | INFO | hi-lo.kernel-accessor : Fetching kernel: gumbel
2023-11-30 11:39:40,266 | INFO | hi-lo.gumbel-kernel : MU (LOCATION): -0.7881513237953186 | BETA (SCALE): 0.8545296788215637
2023-11-30 11:39:40,267 | INFO | hi-lo.gumbel-kernel : BOTTOM-RIGHT
tensor([[0.0000e+00, 0.0000e+00, 1.5751e-27],
        [0.0000e+00, 1.5751e-27, 2.4281e-07],
        [1.5751e-27, 2.4281e-07, 1.0000e+00]])
2023-11-30 11:39:40,267 | INFO | hi-lo.kernel-accessor : Fetching kernel: gumbel
2023-11-30 11:39:40,267 | INFO | hi-lo.gumbel-kernel : MU (LOCATION): 1 | BETA (SCALE): 1
2023-11-30 11:39:40,268 | INFO | hi-lo.gumbel-kernel : STATIC
tensor([[5.6765e-01, 1.6550e-01, 3.2357e-02],
        [1.6550e-01, 3.2357e-02, 2.1352e-03],
        [3.2357e-02, 2.1352e-03, 7.3562e-06]])
2023-11-30 11:39:40,268 | INFO | hi-lo.kernel-accessor : Fetching kernel: gumbel
2023-11-30 11:39:40,268 | INFO | hi-lo.gumbel-kernel : MU (LOCATION): 1 | BETA (SCALE): 1
2023-11-30 11:39:40,269 | INFO | hi-lo.gumbel-kernel : STATIC
tensor([[5.6765e-01, 1.6550e-01, 3.2357e-02],
        [1.6550e-01, 3.2357e-02, 2.1352e-03],
        [3.2357e-02, 2.1352e-03, 7.3562e-06]])
2023-11-30 11:39:48,801 | INFO | hi-lo : END EPOCH:  19 | ACCURACY: 67.19 | LOSS: 1.0327552556991577
2023-11-30 11:39:48,801 | INFO | hi-lo : BEGIN EPOCH 20 =========================================================================
2023-11-30 11:39:48,801 | INFO | hi-lo.kernel-accessor : Fetching kernel: gumbel
2023-11-30 11:39:48,802 | INFO | hi-lo.gumbel-kernel : MU (LOCATION): -0.07073678076267242 | BETA (SCALE): 0.46711939573287964
2023-11-30 11:39:48,802 | INFO | hi-lo.gumbel-kernel : BOTTOM-RIGHT
tensor([[0.0000e+00, 0.0000e+00, 1.4013e-44],
        [0.0000e+00, 1.4013e-44, 4.5427e-06],
        [1.4013e-44, 4.5427e-06, 9.9999e-01]])
2023-11-30 11:39:48,802 | INFO | hi-lo.kernel-accessor : Fetching kernel: gumbel
2023-11-30 11:39:48,803 | INFO | hi-lo.gumbel-kernel : MU (LOCATION): -0.6733003854751587 | BETA (SCALE): 0.8980678915977478
2023-11-30 11:39:48,803 | INFO | hi-lo.gumbel-kernel : TOP-LEFT
tensor([[9.9993e-01, 3.4536e-05, 8.7360e-18],
        [3.4536e-05, 8.7359e-18, 0.0000e+00],
        [8.7360e-18, 0.0000e+00, 0.0000e+00]])
2023-11-30 11:39:48,803 | INFO | hi-lo.kernel-accessor : Fetching kernel: gumbel
2023-11-30 11:39:48,804 | INFO | hi-lo.gumbel-kernel : MU (LOCATION): -2.4075798988342285 | BETA (SCALE): 2.994285821914673
2023-11-30 11:39:48,804 | INFO | hi-lo.gumbel-kernel : TOP-LEFT
tensor([[8.2558e-01, 8.1633e-02, 3.6816e-03],
        [8.1633e-02, 3.6816e-03, 5.5475e-05],
        [3.6816e-03, 5.5475e-05, 1.8083e-07]])
2023-11-30 11:39:48,805 | INFO | hi-lo.kernel-accessor : Fetching kernel: gumbel
2023-11-30 11:39:48,805 | INFO | hi-lo.gumbel-kernel : MU (LOCATION): 1 | BETA (SCALE): 1
2023-11-30 11:39:48,805 | INFO | hi-lo.gumbel-kernel : STATIC
tensor([[5.6765e-01, 1.6550e-01, 3.2357e-02],
        [1.6550e-01, 3.2357e-02, 2.1352e-03],
        [3.2357e-02, 2.1352e-03, 7.3562e-06]])
2023-11-30 11:39:57,317 | INFO | hi-lo : END EPOCH:  20 | ACCURACY: 67.19 | LOSS: 1.1263959407806396
2023-11-30 11:39:57,317 | INFO | hi-lo : BEGIN EPOCH 21 =========================================================================
2023-11-30 11:39:57,318 | INFO | hi-lo.kernel-accessor : Fetching kernel: gumbel
2023-11-30 11:39:57,318 | INFO | hi-lo.gumbel-kernel : MU (LOCATION): -0.0005003880360163748 | BETA (SCALE): 0.48374247550964355
2023-11-30 11:39:57,319 | INFO | hi-lo.gumbel-kernel : TOP-LEFT
tensor([[9.9975e-01, 1.2533e-04, 2.8833e-29],
        [1.2533e-04, 2.8833e-29, 0.0000e+00],
        [2.8833e-29, 0.0000e+00, 0.0000e+00]])
2023-11-30 11:39:57,319 | INFO | hi-lo.kernel-accessor : Fetching kernel: gumbel
2023-11-30 11:39:57,319 | INFO | hi-lo.gumbel-kernel : MU (LOCATION): 1 | BETA (SCALE): 1
2023-11-30 11:39:57,320 | INFO | hi-lo.gumbel-kernel : STATIC
tensor([[5.6765e-01, 1.6550e-01, 3.2357e-02],
        [1.6550e-01, 3.2357e-02, 2.1352e-03],
        [3.2357e-02, 2.1352e-03, 7.3562e-06]])
2023-11-30 11:39:57,320 | INFO | hi-lo.kernel-accessor : Fetching kernel: gumbel
2023-11-30 11:39:57,321 | INFO | hi-lo.gumbel-kernel : MU (LOCATION): -2.3405404090881348 | BETA (SCALE): 3.080327272415161
2023-11-30 11:39:57,321 | INFO | hi-lo.gumbel-kernel : BOTTOM-RIGHT
tensor([[1.1025e-06, 1.5835e-04, 6.2792e-03],
        [1.5835e-04, 6.2792e-03, 9.8224e-02],
        [6.2792e-03, 9.8224e-02, 7.8440e-01]])
2023-11-30 11:39:57,321 | INFO | hi-lo.kernel-accessor : Fetching kernel: gumbel
2023-11-30 11:39:57,322 | INFO | hi-lo.gumbel-kernel : MU (LOCATION): 1 | BETA (SCALE): 1
