2023-10-11 00:51:02,267 | INFO | hi-lo : 
+=========================================================================+
|  ______     ______   ______    ___         ___        ______   _______  |
| /| ___ \  // ____ \ /| ___ \  /| |        /| |      // ____ \ /| ___  \ |
| /| |//\ \ /| |//| | /| |//\ \ /| |        /| |      /| |//| | /| |//| | |
| /| | /| | /| ____ | /| | /| | /| |        /| |      /| ____ | /| ___  / |
| /| |_// / /| |//| | /| |_// / /| |____    /| |____  /| |//| | /| |//\ \ |
| /|_____/  /|_| /|_| /|_____/  /|______|   /|______| /|_| /|_| /|______/ |
| ///////   ///  ///  //////    ////////    ////////  ///  ///  ////////  |
+=========================================================================+
|                  Hi-Lo Resolution Image Classification                  |
|                  -------------------------------------                  |
|                            Gabriel C. Trahan                            |
|                               Sahan Ahmad                               |
|                            MD  Aminual Islam                            |
+=========================================================================+
| MODEL:                      normal | LR:                            0.1 |
| DISTRO:                     gumbel | KERNEL TYPE:                     9 |
| DATASET:                   cifar10 | BATCH SIZE:                     64 |
+=========================================================================+
2023-10-11 00:51:02,267 | INFO | hi-lo : Output directory: output/gumbel//9/normal/cifar10/20231011_005102
2023-10-11 00:51:02,267 | INFO | hi-lo.dataset-accessor : Fetching dataset: cifar10
2023-10-11 00:51:02,267 | INFO | hi-lo.cifar10-dataset : Initializing transform.
2023-10-11 00:51:02,267 | INFO | hi-lo.cifar10-dataset : Verifying/downloading train data.
2023-10-11 00:51:02,881 | INFO | hi-lo.cifar10-dataset : Verifying/downloading test data.
2023-10-11 00:51:03,369 | INFO | hi-lo.cifar10-dataset : Creating train data loader.
2023-10-11 00:51:03,370 | INFO | hi-lo.cifar10-dataset : Creating test data loader.
2023-10-11 00:51:04,356 | INFO | hi-lo : Using device: NVIDIA GeForce GTX 1060 6GB
2023-10-11 00:51:04,356 | INFO | hi-lo : Commencing training phase...
2023-10-11 00:51:04,357 | INFO | hi-lo : BEGIN EPOCH 1 =========================================================================
2023-10-11 00:51:04,357 | INFO | hi-lo.kernel-accessor : Fetching kernel: gumbel
2023-10-11 00:51:04,358 | INFO | hi-lo.gumbel-kernel : MU (LOCATION): 1 | BETA (SCALE): 1
2023-10-11 00:51:04,359 | INFO | hi-lo.gumbel-kernel : STATIC
tensor([[5.6765e-01, 1.6550e-01, 3.2357e-02],
        [1.6550e-01, 3.2357e-02, 2.1352e-03],
        [3.2357e-02, 2.1352e-03, 7.3562e-06]])
2023-10-11 00:51:04,359 | INFO | hi-lo.kernel-accessor : Fetching kernel: gumbel
2023-10-11 00:51:04,359 | INFO | hi-lo.gumbel-kernel : MU (LOCATION): 0.0 | BETA (SCALE): 1.0
2023-10-11 00:51:04,359 | INFO | hi-lo.gumbel-kernel : TOP-LEFT
tensor([[8.8288e-01, 5.8259e-02, 2.0072e-04],
        [5.8259e-02, 2.0072e-04, 2.2609e-10],
        [2.0072e-04, 2.2609e-10, 8.5377e-26]])
2023-10-11 00:51:04,359 | INFO | hi-lo.kernel-accessor : Fetching kernel: gumbel
2023-10-11 00:51:04,359 | INFO | hi-lo.gumbel-kernel : MU (LOCATION): 0.0 | BETA (SCALE): 1.0
2023-10-11 00:51:04,360 | INFO | hi-lo.gumbel-kernel : TOP-LEFT
tensor([[8.8288e-01, 5.8259e-02, 2.0072e-04],
        [5.8259e-02, 2.0072e-04, 2.2609e-10],
        [2.0072e-04, 2.2609e-10, 8.5377e-26]])
2023-10-11 00:51:04,360 | INFO | hi-lo.kernel-accessor : Fetching kernel: gumbel
2023-10-11 00:51:04,360 | INFO | hi-lo.gumbel-kernel : MU (LOCATION): 0.0 | BETA (SCALE): 1.0
2023-10-11 00:51:04,360 | INFO | hi-lo.gumbel-kernel : TOP-LEFT
tensor([[8.8288e-01, 5.8259e-02, 2.0072e-04],
        [5.8259e-02, 2.0072e-04, 2.2609e-10],
        [2.0072e-04, 2.2609e-10, 8.5377e-26]])
2023-10-11 00:51:13,728 | INFO | hi-lo : END EPOCH:   1 | ACCURACY: 40.93 | LOSS: 1.8841588497161865
2023-10-11 00:51:13,728 | INFO | hi-lo : BEGIN EPOCH 2 =========================================================================
2023-10-11 00:51:13,728 | INFO | hi-lo.kernel-accessor : Fetching kernel: gumbel
2023-10-11 00:51:13,729 | INFO | hi-lo.gumbel-kernel : MU (LOCATION): 0.07963183522224426 | BETA (SCALE): 0.49210238456726074
2023-10-11 00:51:13,730 | INFO | hi-lo.gumbel-kernel : BOTTOM-LEFT
tensor([[1.7994e-20, 0.0000e+00, 0.0000e+00],
        [1.0796e-03, 1.7994e-20, 0.0000e+00],
        [9.9784e-01, 1.0796e-03, 1.7994e-20]])
2023-10-11 00:51:13,730 | INFO | hi-lo.kernel-accessor : Fetching kernel: gumbel
2023-10-11 00:51:13,730 | INFO | hi-lo.gumbel-kernel : MU (LOCATION): -0.36801087856292725 | BETA (SCALE): 0.7204092144966125
2023-10-11 00:51:13,731 | INFO | hi-lo.gumbel-kernel : TOP-LEFT
tensor([[9.9988e-01, 5.8775e-05, 4.2506e-20],
        [5.8775e-05, 4.2507e-20, 0.0000e+00],
        [4.2506e-20, 0.0000e+00, 0.0000e+00]])
2023-10-11 00:51:13,731 | INFO | hi-lo.kernel-accessor : Fetching kernel: gumbel
2023-10-11 00:51:13,731 | INFO | hi-lo.gumbel-kernel : MU (LOCATION): -0.9701324701309204 | BETA (SCALE): 1.2444918155670166
2023-10-11 00:51:13,732 | INFO | hi-lo.gumbel-kernel : TOP-LEFT
tensor([[9.9746e-01, 1.2679e-03, 1.1639e-09],
        [1.2679e-03, 1.1639e-09, 1.0297e-22],
        [1.1639e-09, 1.0297e-22, 0.0000e+00]])
2023-10-11 00:51:13,732 | INFO | hi-lo.kernel-accessor : Fetching kernel: gumbel
2023-10-11 00:51:13,732 | INFO | hi-lo.gumbel-kernel : MU (LOCATION): -0.7289599180221558 | BETA (SCALE): 0.9952495098114014
2023-10-11 00:51:13,733 | INFO | hi-lo.gumbel-kernel : BOTTOM-LEFT
tensor([[9.7180e-14, 1.9090e-38, 0.0000e+00],
        [2.0418e-04, 9.7181e-14, 1.9090e-38],
        [9.9959e-01, 2.0418e-04, 9.7180e-14]])
2023-10-11 00:51:22,411 | INFO | hi-lo : END EPOCH:   2 | ACCURACY: 43.75 | LOSS: 1.6997851133346558
2023-10-11 00:51:22,412 | INFO | hi-lo : BEGIN EPOCH 3 =========================================================================
2023-10-11 00:51:22,412 | INFO | hi-lo.kernel-accessor : Fetching kernel: gumbel
2023-10-11 00:51:22,412 | INFO | hi-lo.gumbel-kernel : MU (LOCATION): -0.1684781014919281 | BETA (SCALE): 0.416808545589447
2023-10-11 00:51:22,413 | INFO | hi-lo.gumbel-kernel : BOTTOM-LEFT
tensor([[0.0000e+00, 0.0000e+00, 0.0000e+00],
        [1.5744e-11, 0.0000e+00, 0.0000e+00],
        [1.0000e+00, 1.5744e-11, 0.0000e+00]])
2023-10-11 00:51:22,413 | INFO | hi-lo.kernel-accessor : Fetching kernel: gumbel
2023-10-11 00:51:22,414 | INFO | hi-lo.gumbel-kernel : MU (LOCATION): -0.5758723020553589 | BETA (SCALE): 0.7942193746566772
2023-10-11 00:51:22,414 | INFO | hi-lo.gumbel-kernel : TOP-LEFT
tensor([[9.9999e-01, 6.0622e-06, 6.0957e-23],
        [6.0622e-06, 6.0957e-23, 0.0000e+00],
        [6.0957e-23, 0.0000e+00, 0.0000e+00]])
2023-10-11 00:51:22,414 | INFO | hi-lo.kernel-accessor : Fetching kernel: gumbel
2023-10-11 00:51:22,415 | INFO | hi-lo.gumbel-kernel : MU (LOCATION): -1.518934726715088 | BETA (SCALE): 2.4122798442840576
2023-10-11 00:51:22,415 | INFO | hi-lo.gumbel-kernel : TOP-LEFT
tensor([[8.1285e-01, 8.7905e-02, 3.7522e-03],
        [8.7905e-02, 3.7522e-03, 3.9212e-05],
        [3.7522e-03, 3.9212e-05, 4.8698e-08]])
2023-10-11 00:51:22,415 | INFO | hi-lo.kernel-accessor : Fetching kernel: gumbel
2023-10-11 00:51:22,416 | INFO | hi-lo.gumbel-kernel : MU (LOCATION): -1.4214286804199219 | BETA (SCALE): 1.7194361686706543
2023-10-11 00:51:22,416 | INFO | hi-lo.gumbel-kernel : TOP-LEFT
tensor([[9.8218e-01, 8.9057e-03, 3.1268e-06],
        [8.9057e-03, 3.1268e-06, 3.2703e-12],
        [3.1268e-06, 3.2703e-12, 1.0362e-22]])
2023-10-11 00:51:31,027 | INFO | hi-lo : END EPOCH:   3 | ACCURACY: 48.44 | LOSS: 1.7320857048034668
2023-10-11 00:51:31,027 | INFO | hi-lo : BEGIN EPOCH 4 =========================================================================
2023-10-11 00:51:31,028 | INFO | hi-lo.kernel-accessor : Fetching kernel: gumbel
2023-10-11 00:51:31,028 | INFO | hi-lo.gumbel-kernel : MU (LOCATION): -0.07982264459133148 | BETA (SCALE): 0.47031328082084656
2023-10-11 00:51:31,029 | INFO | hi-lo.gumbel-kernel : BOTTOM-LEFT
tensor([[7.0065e-45, 0.0000e+00, 0.0000e+00],
        [3.7504e-06, 7.0065e-45, 0.0000e+00],
        [9.9999e-01, 3.7504e-06, 7.0065e-45]])
2023-10-11 00:51:31,029 | INFO | hi-lo.kernel-accessor : Fetching kernel: gumbel
2023-10-11 00:51:31,030 | INFO | hi-lo.gumbel-kernel : MU (LOCATION): 1 | BETA (SCALE): 1
2023-10-11 00:51:31,030 | INFO | hi-lo.gumbel-kernel : STATIC
tensor([[5.6765e-01, 1.6550e-01, 3.2357e-02],
        [1.6550e-01, 3.2357e-02, 2.1352e-03],
        [3.2357e-02, 2.1352e-03, 7.3562e-06]])
2023-10-11 00:51:31,030 | INFO | hi-lo.kernel-accessor : Fetching kernel: gumbel
2023-10-11 00:51:31,031 | INFO | hi-lo.gumbel-kernel : MU (LOCATION): -1.8293819427490234 | BETA (SCALE): 2.369842052459717
2023-10-11 00:51:31,031 | INFO | hi-lo.gumbel-kernel : BOTTOM-LEFT
tensor([[7.7731e-04, 1.6773e-06, 1.8000e-10],
        [5.0340e-02, 7.7731e-04, 1.6773e-06],
        [8.9698e-01, 5.0340e-02, 7.7731e-04]])
2023-10-11 00:51:31,031 | INFO | hi-lo.kernel-accessor : Fetching kernel: gumbel
2023-10-11 00:51:31,032 | INFO | hi-lo.gumbel-kernel : MU (LOCATION): -0.8246154189109802 | BETA (SCALE): 1.111390471458435
2023-10-11 00:51:31,032 | INFO | hi-lo.gumbel-kernel : BOTTOM-LEFT
tensor([[3.5586e-11, 1.8276e-28, 0.0000e+00],
        [6.5174e-04, 3.5586e-11, 1.8276e-28],
        [9.9870e-01, 6.5174e-04, 3.5586e-11]])
2023-10-11 00:51:39,683 | INFO | hi-lo : END EPOCH:   4 | ACCURACY: 53.91 | LOSS: 1.6185601949691772
2023-10-11 00:51:39,683 | INFO | hi-lo : BEGIN EPOCH 5 =========================================================================
2023-10-11 00:51:39,684 | INFO | hi-lo.kernel-accessor : Fetching kernel: gumbel
2023-10-11 00:51:39,684 | INFO | hi-lo.gumbel-kernel : MU (LOCATION): 0.10299576818943024 | BETA (SCALE): 0.5587401986122131
2023-10-11 00:51:39,685 | INFO | hi-lo.gumbel-kernel : BOTTOM-LEFT
tensor([[9.3565e-13, 0.0000e+00, 0.0000e+00],
        [5.2466e-03, 9.3565e-13, 0.0000e+00],
        [9.8951e-01, 5.2466e-03, 9.3565e-13]])
2023-10-11 00:51:39,685 | INFO | hi-lo.kernel-accessor : Fetching kernel: gumbel
2023-10-11 00:51:39,685 | INFO | hi-lo.gumbel-kernel : MU (LOCATION): -0.6791503429412842 | BETA (SCALE): 1.020019769668579
2023-10-11 00:51:39,686 | INFO | hi-lo.gumbel-kernel : BOTTOM-LEFT
tensor([[1.2796e-11, 1.6579e-31, 0.0000e+00],
        [6.8286e-04, 1.2796e-11, 1.6579e-31],
        [9.9863e-01, 6.8286e-04, 1.2796e-11]])
2023-10-11 00:51:39,686 | INFO | hi-lo.kernel-accessor : Fetching kernel: gumbel
2023-10-11 00:51:39,687 | INFO | hi-lo.gumbel-kernel : MU (LOCATION): -2.0672831535339355 | BETA (SCALE): 2.873853921890259
2023-10-11 00:51:39,687 | INFO | hi-lo.gumbel-kernel : TOP-LEFT
tensor([[7.8973e-01, 9.6492e-02, 5.6810e-03],
        [9.6492e-02, 5.6810e-03, 1.1894e-04],
        [5.6810e-03, 1.1894e-04, 5.7584e-07]])
2023-10-11 00:51:39,687 | INFO | hi-lo.kernel-accessor : Fetching kernel: gumbel
2023-10-11 00:51:39,688 | INFO | hi-lo.gumbel-kernel : MU (LOCATION): -1.1742216348648071 | BETA (SCALE): 1.5228041410446167
2023-10-11 00:51:39,688 | INFO | hi-lo.gumbel-kernel : BOTTOM-LEFT
tensor([[8.0212e-07, 4.0733e-14, 6.4343e-28],
        [6.6701e-03, 8.0212e-07, 4.0733e-14],
        [9.8666e-01, 6.6701e-03, 8.0212e-07]])
2023-10-11 00:51:48,378 | INFO | hi-lo : END EPOCH:   5 | ACCURACY: 60.94 | LOSS: 1.5034435987472534
2023-10-11 00:51:48,378 | INFO | hi-lo : BEGIN EPOCH 6 =========================================================================
2023-10-11 00:51:48,378 | INFO | hi-lo.kernel-accessor : Fetching kernel: gumbel
2023-10-11 00:51:48,379 | INFO | hi-lo.gumbel-kernel : MU (LOCATION): -0.14816606044769287 | BETA (SCALE): 0.4956364035606384
2023-10-11 00:51:48,380 | INFO | hi-lo.gumbel-kernel : BOTTOM-LEFT
tensor([[0.0000e+00, 0.0000e+00, 0.0000e+00],
        [9.4388e-07, 0.0000e+00, 0.0000e+00],
        [1.0000e+00, 9.4388e-07, 0.0000e+00]])
2023-10-11 00:51:48,380 | INFO | hi-lo.kernel-accessor : Fetching kernel: gumbel
2023-10-11 00:51:48,380 | INFO | hi-lo.gumbel-kernel : MU (LOCATION): 1 | BETA (SCALE): 1
2023-10-11 00:51:48,381 | INFO | hi-lo.gumbel-kernel : STATIC
tensor([[5.6765e-01, 1.6550e-01, 3.2357e-02],
        [1.6550e-01, 3.2357e-02, 2.1352e-03],
        [3.2357e-02, 2.1352e-03, 7.3562e-06]])
2023-10-11 00:51:48,381 | INFO | hi-lo.kernel-accessor : Fetching kernel: gumbel
2023-10-11 00:51:48,381 | INFO | hi-lo.gumbel-kernel : MU (LOCATION): 1 | BETA (SCALE): 1
2023-10-11 00:51:48,382 | INFO | hi-lo.gumbel-kernel : STATIC
tensor([[5.6765e-01, 1.6550e-01, 3.2357e-02],
        [1.6550e-01, 3.2357e-02, 2.1352e-03],
        [3.2357e-02, 2.1352e-03, 7.3562e-06]])
2023-10-11 00:51:48,382 | INFO | hi-lo.kernel-accessor : Fetching kernel: gumbel
2023-10-11 00:51:48,382 | INFO | hi-lo.gumbel-kernel : MU (LOCATION): -1.4218579530715942 | BETA (SCALE): 1.6582783460617065
2023-10-11 00:51:48,383 | INFO | hi-lo.gumbel-kernel : BOTTOM-LEFT
tensor([[6.6753e-07, 7.7940e-14, 2.7410e-26],
        [5.4487e-03, 6.6753e-07, 7.7940e-14],
        [9.8910e-01, 5.4487e-03, 6.6753e-07]])
2023-10-11 00:51:57,005 | INFO | hi-lo : END EPOCH:   6 | ACCURACY: 55.08 | LOSS: 1.2201565504074097
2023-10-11 00:51:57,005 | INFO | hi-lo : BEGIN EPOCH 7 =========================================================================
2023-10-11 00:51:57,006 | INFO | hi-lo.kernel-accessor : Fetching kernel: gumbel
2023-10-11 00:51:57,006 | INFO | hi-lo.gumbel-kernel : MU (LOCATION): -0.017670022323727608 | BETA (SCALE): 0.5117060542106628
2023-10-11 00:51:57,007 | INFO | hi-lo.gumbel-kernel : TOP-LEFT
tensor([[9.9957e-01, 2.1465e-04, 3.8220e-25],
        [2.1465e-04, 3.8219e-25, 0.0000e+00],
        [3.8220e-25, 0.0000e+00, 0.0000e+00]])
2023-10-11 00:51:57,007 | INFO | hi-lo.kernel-accessor : Fetching kernel: gumbel
2023-10-11 00:51:57,008 | INFO | hi-lo.gumbel-kernel : MU (LOCATION): -0.6999160051345825 | BETA (SCALE): 0.8672401309013367
2023-10-11 00:51:57,008 | INFO | hi-lo.gumbel-kernel : TOP-LEFT
tensor([[9.9999e-01, 5.8814e-06, 1.9282e-21],
        [5.8814e-06, 1.9282e-21, 0.0000e+00],
        [1.9282e-21, 0.0000e+00, 0.0000e+00]])
2023-10-11 00:51:57,008 | INFO | hi-lo.kernel-accessor : Fetching kernel: gumbel
2023-10-11 00:51:57,009 | INFO | hi-lo.gumbel-kernel : MU (LOCATION): -1.604243516921997 | BETA (SCALE): 2.6069130897521973
2023-10-11 00:51:57,009 | INFO | hi-lo.gumbel-kernel : BOTTOM-LEFT
tensor([[6.8652e-03, 1.4885e-04, 6.4381e-07],
        [1.0557e-01, 6.8652e-03, 1.4885e-04],
        [7.6797e-01, 1.0557e-01, 6.8652e-03]])
2023-10-11 00:51:57,009 | INFO | hi-lo.kernel-accessor : Fetching kernel: gumbel
2023-10-11 00:51:57,010 | INFO | hi-lo.gumbel-kernel : MU (LOCATION): -1.32443106174469 | BETA (SCALE): 1.7655962705612183
2023-10-11 00:51:57,010 | INFO | hi-lo.gumbel-kernel : BOTTOM-LEFT
tensor([[2.4856e-05, 3.5074e-10, 1.5364e-18],
        [1.7980e-02, 2.4856e-05, 3.5074e-10],
        [9.6397e-01, 1.7980e-02, 2.4856e-05]])
2023-10-11 00:52:05,561 | INFO | hi-lo : END EPOCH:   7 | ACCURACY: 59.38 | LOSS: 1.1524982452392578
2023-10-11 00:52:05,562 | INFO | hi-lo : BEGIN EPOCH 8 =========================================================================
2023-10-11 00:52:05,562 | INFO | hi-lo.kernel-accessor : Fetching kernel: gumbel
2023-10-11 00:52:05,562 | INFO | hi-lo.gumbel-kernel : MU (LOCATION): 1 | BETA (SCALE): 1
2023-10-11 00:52:05,563 | INFO | hi-lo.gumbel-kernel : STATIC
tensor([[5.6765e-01, 1.6550e-01, 3.2357e-02],
        [1.6550e-01, 3.2357e-02, 2.1352e-03],
        [3.2357e-02, 2.1352e-03, 7.3562e-06]])
2023-10-11 00:52:05,563 | INFO | hi-lo.kernel-accessor : Fetching kernel: gumbel
2023-10-11 00:52:05,564 | INFO | hi-lo.gumbel-kernel : MU (LOCATION): -0.7555403113365173 | BETA (SCALE): 0.9738816022872925
2023-10-11 00:52:05,564 | INFO | hi-lo.gumbel-kernel : TOP-LEFT
tensor([[9.9985e-01, 7.6036e-05, 1.5119e-15],
        [7.6036e-05, 1.5119e-15, 0.0000e+00],
        [1.5119e-15, 0.0000e+00, 0.0000e+00]])
2023-10-11 00:52:05,564 | INFO | hi-lo.kernel-accessor : Fetching kernel: gumbel
2023-10-11 00:52:05,565 | INFO | hi-lo.gumbel-kernel : MU (LOCATION): -2.15859055519104 | BETA (SCALE): 3.3181169033050537
2023-10-11 00:52:05,565 | INFO | hi-lo.gumbel-kernel : BOTTOM-LEFT
tensor([[1.7613e-02, 1.2296e-03, 3.7419e-05],
        [1.3651e-01, 1.7613e-02, 1.2296e-03],
        [6.7165e-01, 1.3651e-01, 1.7613e-02]])
2023-10-11 00:52:05,565 | INFO | hi-lo.kernel-accessor : Fetching kernel: gumbel
2023-10-11 00:52:05,566 | INFO | hi-lo.gumbel-kernel : MU (LOCATION): 1 | BETA (SCALE): 1
2023-10-11 00:52:05,566 | INFO | hi-lo.gumbel-kernel : STATIC
tensor([[5.6765e-01, 1.6550e-01, 3.2357e-02],
        [1.6550e-01, 3.2357e-02, 2.1352e-03],
        [3.2357e-02, 2.1352e-03, 7.3562e-06]])
2023-10-11 00:52:14,097 | INFO | hi-lo : END EPOCH:   8 | ACCURACY: 59.77 | LOSS: 1.2690523862838745
2023-10-11 00:52:14,098 | INFO | hi-lo : BEGIN EPOCH 9 =========================================================================
2023-10-11 00:52:14,098 | INFO | hi-lo.kernel-accessor : Fetching kernel: gumbel
2023-10-11 00:52:14,098 | INFO | hi-lo.gumbel-kernel : MU (LOCATION): -0.03950656205415726 | BETA (SCALE): 0.4709453284740448
2023-10-11 00:52:14,099 | INFO | hi-lo.gumbel-kernel : TOP-LEFT
tensor([[9.9996e-01, 1.9852e-05, 5.9843e-38],
        [1.9852e-05, 5.9846e-38, 0.0000e+00],
        [5.9843e-38, 0.0000e+00, 0.0000e+00]])
2023-10-11 00:52:14,099 | INFO | hi-lo.kernel-accessor : Fetching kernel: gumbel
2023-10-11 00:52:14,100 | INFO | hi-lo.gumbel-kernel : MU (LOCATION): -0.6337551474571228 | BETA (SCALE): 0.8860493898391724
2023-10-11 00:52:14,100 | INFO | hi-lo.gumbel-kernel : TOP-LEFT
tensor([[9.9990e-01, 5.1582e-05, 3.0449e-17],
        [5.1582e-05, 3.0449e-17, 0.0000e+00],
        [3.0449e-17, 0.0000e+00, 0.0000e+00]])
2023-10-11 00:52:14,100 | INFO | hi-lo.kernel-accessor : Fetching kernel: gumbel
2023-10-11 00:52:14,101 | INFO | hi-lo.gumbel-kernel : MU (LOCATION): 1 | BETA (SCALE): 1
2023-10-11 00:52:14,101 | INFO | hi-lo.gumbel-kernel : STATIC
tensor([[5.6765e-01, 1.6550e-01, 3.2357e-02],
        [1.6550e-01, 3.2357e-02, 2.1352e-03],
        [3.2357e-02, 2.1352e-03, 7.3562e-06]])
2023-10-11 00:52:14,102 | INFO | hi-lo.kernel-accessor : Fetching kernel: gumbel
2023-10-11 00:52:14,102 | INFO | hi-lo.gumbel-kernel : MU (LOCATION): -1.7018463611602783 | BETA (SCALE): 2.024460554122925
2023-10-11 00:52:14,103 | INFO | hi-lo.gumbel-kernel : TOP-LEFT
tensor([[9.6193e-01, 1.8975e-02, 4.1795e-05],
        [1.8975e-02, 4.1795e-05, 2.5341e-09],
        [4.1795e-05, 2.5341e-09, 4.2615e-16]])
2023-10-11 00:52:22,766 | INFO | hi-lo : END EPOCH:   9 | ACCURACY: 63.48 | LOSS: 1.0021188259124756
2023-10-11 00:52:22,766 | INFO | hi-lo : BEGIN EPOCH 10 =========================================================================
2023-10-11 00:52:22,766 | INFO | hi-lo.kernel-accessor : Fetching kernel: gumbel
2023-10-11 00:52:22,767 | INFO | hi-lo.gumbel-kernel : MU (LOCATION): 1 | BETA (SCALE): 1
2023-10-11 00:52:22,767 | INFO | hi-lo.gumbel-kernel : STATIC
tensor([[5.6765e-01, 1.6550e-01, 3.2357e-02],
        [1.6550e-01, 3.2357e-02, 2.1352e-03],
        [3.2357e-02, 2.1352e-03, 7.3562e-06]])
2023-10-11 00:52:22,768 | INFO | hi-lo.kernel-accessor : Fetching kernel: gumbel
2023-10-11 00:52:22,768 | INFO | hi-lo.gumbel-kernel : MU (LOCATION): 1 | BETA (SCALE): 1
2023-10-11 00:52:22,768 | INFO | hi-lo.gumbel-kernel : STATIC
tensor([[5.6765e-01, 1.6550e-01, 3.2357e-02],
        [1.6550e-01, 3.2357e-02, 2.1352e-03],
        [3.2357e-02, 2.1352e-03, 7.3562e-06]])
2023-10-11 00:52:22,769 | INFO | hi-lo.kernel-accessor : Fetching kernel: gumbel
2023-10-11 00:52:22,769 | INFO | hi-lo.gumbel-kernel : MU (LOCATION): -2.1390881538391113 | BETA (SCALE): 2.8722612857818604
2023-10-11 00:52:22,769 | INFO | hi-lo.gumbel-kernel : BOTTOM-LEFT
tensor([[4.6333e-03, 8.0428e-05, 2.9835e-07],
        [8.9790e-02, 4.6333e-03, 8.0428e-05],
        [8.0636e-01, 8.9790e-02, 4.6333e-03]])
2023-10-11 00:52:22,770 | INFO | hi-lo.kernel-accessor : Fetching kernel: gumbel
2023-10-11 00:52:22,770 | INFO | hi-lo.gumbel-kernel : MU (LOCATION): -1.6797528266906738 | BETA (SCALE): 2.1023664474487305
2023-10-11 00:52:22,770 | INFO | hi-lo.gumbel-kernel : BOTTOM-LEFT
tensor([[1.4111e-04, 3.6122e-08, 8.0201e-14],
        [2.8837e-02, 1.4111e-04, 3.6122e-08],
        [9.4190e-01, 2.8837e-02, 1.4111e-04]])
2023-10-11 00:52:31,318 | INFO | hi-lo : END EPOCH:  10 | ACCURACY: 63.02 | LOSS: 1.363067388534546
2023-10-11 00:52:31,318 | INFO | hi-lo : BEGIN EPOCH 11 =========================================================================
2023-10-11 00:52:31,318 | INFO | hi-lo.kernel-accessor : Fetching kernel: gumbel
2023-10-11 00:52:31,319 | INFO | hi-lo.gumbel-kernel : MU (LOCATION): -0.16745780408382416 | BETA (SCALE): 0.48332634568214417
2023-10-11 00:52:31,319 | INFO | hi-lo.gumbel-kernel : TOP-LEFT
tensor([[1.0000e+00, 1.2439e-07, 0.0000e+00],
        [1.2439e-07, 0.0000e+00, 0.0000e+00],
        [0.0000e+00, 0.0000e+00, 0.0000e+00]])
2023-10-11 00:52:31,320 | INFO | hi-lo.kernel-accessor : Fetching kernel: gumbel
2023-10-11 00:52:31,320 | INFO | hi-lo.gumbel-kernel : MU (LOCATION): -0.7898975610733032 | BETA (SCALE): 0.9770616292953491
2023-10-11 00:52:31,320 | INFO | hi-lo.gumbel-kernel : TOP-LEFT
tensor([[9.9991e-01, 4.5198e-05, 2.2726e-16],
        [4.5198e-05, 2.2726e-16, 0.0000e+00],
        [2.2726e-16, 0.0000e+00, 0.0000e+00]])
2023-10-11 00:52:31,321 | INFO | hi-lo.kernel-accessor : Fetching kernel: gumbel
2023-10-11 00:52:31,321 | INFO | hi-lo.gumbel-kernel : MU (LOCATION): -1.3139877319335938 | BETA (SCALE): 2.1269147396087646
2023-10-11 00:52:31,322 | INFO | hi-lo.gumbel-kernel : TOP-LEFT
tensor([[8.5915e-01, 6.8079e-02, 1.5617e-03],
        [6.8079e-02, 1.5617e-03, 4.9283e-06],
        [1.5617e-03, 4.9283e-06, 6.5038e-10]])
2023-10-11 00:52:31,322 | INFO | hi-lo.kernel-accessor : Fetching kernel: gumbel
2023-10-11 00:52:31,322 | INFO | hi-lo.gumbel-kernel : MU (LOCATION): 1 | BETA (SCALE): 1
2023-10-11 00:52:31,323 | INFO | hi-lo.gumbel-kernel : STATIC
tensor([[5.6765e-01, 1.6550e-01, 3.2357e-02],
        [1.6550e-01, 3.2357e-02, 2.1352e-03],
        [3.2357e-02, 2.1352e-03, 7.3562e-06]])
2023-10-11 00:52:39,911 | INFO | hi-lo : END EPOCH:  11 | ACCURACY: 64.96 | LOSS: 1.0800482034683228
2023-10-11 00:52:39,912 | INFO | hi-lo : BEGIN EPOCH 12 =========================================================================
2023-10-11 00:52:39,912 | INFO | hi-lo.kernel-accessor : Fetching kernel: gumbel
2023-10-11 00:52:39,912 | INFO | hi-lo.gumbel-kernel : MU (LOCATION): 1 | BETA (SCALE): 1
2023-10-11 00:52:39,913 | INFO | hi-lo.gumbel-kernel : STATIC
tensor([[5.6765e-01, 1.6550e-01, 3.2357e-02],
        [1.6550e-01, 3.2357e-02, 2.1352e-03],
        [3.2357e-02, 2.1352e-03, 7.3562e-06]])
2023-10-11 00:52:39,913 | INFO | hi-lo.kernel-accessor : Fetching kernel: gumbel
2023-10-11 00:52:39,914 | INFO | hi-lo.gumbel-kernel : MU (LOCATION): -0.6093795299530029 | BETA (SCALE): 0.884939968585968
2023-10-11 00:52:39,914 | INFO | hi-lo.gumbel-kernel : BOTTOM-LEFT
tensor([[1.7460e-16, 0.0000e+00, 0.0000e+00],
        [7.9691e-05, 1.7460e-16, 0.0000e+00],
        [9.9984e-01, 7.9691e-05, 1.7460e-16]])
2023-10-11 00:52:39,914 | INFO | hi-lo.kernel-accessor : Fetching kernel: gumbel
2023-10-11 00:52:39,915 | INFO | hi-lo.gumbel-kernel : MU (LOCATION): 1 | BETA (SCALE): 1
2023-10-11 00:52:39,915 | INFO | hi-lo.gumbel-kernel : STATIC
tensor([[5.6765e-01, 1.6550e-01, 3.2357e-02],
        [1.6550e-01, 3.2357e-02, 2.1352e-03],
        [3.2357e-02, 2.1352e-03, 7.3562e-06]])
2023-10-11 00:52:39,915 | INFO | hi-lo.kernel-accessor : Fetching kernel: gumbel
2023-10-11 00:52:39,916 | INFO | hi-lo.gumbel-kernel : MU (LOCATION): 1 | BETA (SCALE): 1
2023-10-11 00:52:39,916 | INFO | hi-lo.gumbel-kernel : STATIC
tensor([[5.6765e-01, 1.6550e-01, 3.2357e-02],
        [1.6550e-01, 3.2357e-02, 2.1352e-03],
        [3.2357e-02, 2.1352e-03, 7.3562e-06]])
2023-10-11 00:52:48,507 | INFO | hi-lo : END EPOCH:  12 | ACCURACY: 67.19 | LOSS: 1.2483431100845337
2023-10-11 00:52:48,507 | INFO | hi-lo : BEGIN EPOCH 13 =========================================================================
2023-10-11 00:52:48,507 | INFO | hi-lo.kernel-accessor : Fetching kernel: gumbel
2023-10-11 00:52:48,508 | INFO | hi-lo.gumbel-kernel : MU (LOCATION): 1 | BETA (SCALE): 1
2023-10-11 00:52:48,509 | INFO | hi-lo.gumbel-kernel : STATIC
tensor([[5.6765e-01, 1.6550e-01, 3.2357e-02],
        [1.6550e-01, 3.2357e-02, 2.1352e-03],
        [3.2357e-02, 2.1352e-03, 7.3562e-06]])
2023-10-11 00:52:48,509 | INFO | hi-lo.kernel-accessor : Fetching kernel: gumbel
2023-10-11 00:52:48,509 | INFO | hi-lo.gumbel-kernel : MU (LOCATION): -0.6046211123466492 | BETA (SCALE): 0.9595215320587158
2023-10-11 00:52:48,510 | INFO | hi-lo.gumbel-kernel : TOP-LEFT
tensor([[9.9891e-01, 5.4457e-04, 2.0583e-12],
        [5.4457e-04, 2.0583e-12, 1.8318e-35],
        [2.0583e-12, 1.8318e-35, 0.0000e+00]])
2023-10-11 00:52:48,510 | INFO | hi-lo.kernel-accessor : Fetching kernel: gumbel
2023-10-11 00:52:48,510 | INFO | hi-lo.gumbel-kernel : MU (LOCATION): -1.5422701835632324 | BETA (SCALE): 2.3099000453948975
2023-10-11 00:52:48,511 | INFO | hi-lo.gumbel-kernel : BOTTOM-LEFT
tensor([[1.9128e-03, 9.2838e-06, 3.1771e-09],
        [7.0568e-02, 1.9128e-03, 9.2838e-06],
        [8.5311e-01, 7.0568e-02, 1.9128e-03]])
2023-10-11 00:52:48,511 | INFO | hi-lo.kernel-accessor : Fetching kernel: gumbel
2023-10-11 00:52:48,511 | INFO | hi-lo.gumbel-kernel : MU (LOCATION): -2.130328416824341 | BETA (SCALE): 2.362356424331665
2023-10-11 00:52:48,512 | INFO | hi-lo.gumbel-kernel : BOTTOM-LEFT
tensor([[1.2536e-04, 4.7236e-08, 3.4903e-13],
        [2.5343e-02, 1.2536e-04, 4.7236e-08],
        [9.4894e-01, 2.5343e-02, 1.2536e-04]])
2023-10-11 00:52:57,044 | INFO | hi-lo : END EPOCH:  13 | ACCURACY: 57.92 | LOSS: 1.3264894485473633
2023-10-11 00:52:57,045 | INFO | hi-lo : BEGIN EPOCH 14 =========================================================================
2023-10-11 00:52:57,045 | INFO | hi-lo.kernel-accessor : Fetching kernel: gumbel
2023-10-11 00:52:57,045 | INFO | hi-lo.gumbel-kernel : MU (LOCATION): 0.013887472450733185 | BETA (SCALE): 0.5010653138160706
2023-10-11 00:52:57,046 | INFO | hi-lo.gumbel-kernel : BOTTOM-LEFT
tensor([[2.7166e-24, 0.0000e+00, 0.0000e+00],
        [3.3170e-04, 2.7165e-24, 0.0000e+00],
        [9.9934e-01, 3.3170e-04, 2.7166e-24]])
2023-10-11 00:52:57,046 | INFO | hi-lo.kernel-accessor : Fetching kernel: gumbel
2023-10-11 00:52:57,046 | INFO | hi-lo.gumbel-kernel : MU (LOCATION): 1 | BETA (SCALE): 1
2023-10-11 00:52:57,046 | INFO | hi-lo.gumbel-kernel : STATIC
tensor([[5.6765e-01, 1.6550e-01, 3.2357e-02],
        [1.6550e-01, 3.2357e-02, 2.1352e-03],
        [3.2357e-02, 2.1352e-03, 7.3562e-06]])
2023-10-11 00:52:57,046 | INFO | hi-lo.kernel-accessor : Fetching kernel: gumbel
2023-10-11 00:52:57,046 | INFO | hi-lo.gumbel-kernel : MU (LOCATION): 1 | BETA (SCALE): 1
2023-10-11 00:52:57,047 | INFO | hi-lo.gumbel-kernel : STATIC
tensor([[5.6765e-01, 1.6550e-01, 3.2357e-02],
        [1.6550e-01, 3.2357e-02, 2.1352e-03],
        [3.2357e-02, 2.1352e-03, 7.3562e-06]])
2023-10-11 00:52:57,047 | INFO | hi-lo.kernel-accessor : Fetching kernel: gumbel
2023-10-11 00:52:57,047 | INFO | hi-lo.gumbel-kernel : MU (LOCATION): 1 | BETA (SCALE): 1
2023-10-11 00:52:57,047 | INFO | hi-lo.gumbel-kernel : STATIC
tensor([[5.6765e-01, 1.6550e-01, 3.2357e-02],
        [1.6550e-01, 3.2357e-02, 2.1352e-03],
        [3.2357e-02, 2.1352e-03, 7.3562e-06]])
2023-10-11 00:53:05,620 | INFO | hi-lo : END EPOCH:  14 | ACCURACY: 67.19 | LOSS: 1.1784863471984863
2023-10-11 00:53:05,620 | INFO | hi-lo : BEGIN EPOCH 15 =========================================================================
2023-10-11 00:53:05,621 | INFO | hi-lo.kernel-accessor : Fetching kernel: gumbel
2023-10-11 00:53:05,621 | INFO | hi-lo.gumbel-kernel : MU (LOCATION): -0.1485876441001892 | BETA (SCALE): 0.48602133989334106
2023-10-11 00:53:05,622 | INFO | hi-lo.gumbel-kernel : TOP-LEFT
tensor([[1.0000e+00, 4.3868e-07, 0.0000e+00],
        [4.3868e-07, 0.0000e+00, 0.0000e+00],
        [0.0000e+00, 0.0000e+00, 0.0000e+00]])
2023-10-11 00:53:05,622 | INFO | hi-lo.kernel-accessor : Fetching kernel: gumbel
2023-10-11 00:53:05,623 | INFO | hi-lo.gumbel-kernel : MU (LOCATION): -0.716863214969635 | BETA (SCALE): 0.9336239695549011
2023-10-11 00:53:05,623 | INFO | hi-lo.gumbel-kernel : BOTTOM-LEFT
tensor([[8.0438e-17, 0.0000e+00, 0.0000e+00],
        [4.6235e-05, 8.0438e-17, 0.0000e+00],
        [9.9991e-01, 4.6235e-05, 8.0438e-17]])
2023-10-11 00:53:05,623 | INFO | hi-lo.kernel-accessor : Fetching kernel: gumbel
2023-10-11 00:53:05,624 | INFO | hi-lo.gumbel-kernel : MU (LOCATION): 1 | BETA (SCALE): 1
2023-10-11 00:53:05,624 | INFO | hi-lo.gumbel-kernel : STATIC
tensor([[5.6765e-01, 1.6550e-01, 3.2357e-02],
        [1.6550e-01, 3.2357e-02, 2.1352e-03],
        [3.2357e-02, 2.1352e-03, 7.3562e-06]])
2023-10-11 00:53:05,625 | INFO | hi-lo.kernel-accessor : Fetching kernel: gumbel
2023-10-11 00:53:05,625 | INFO | hi-lo.gumbel-kernel : MU (LOCATION): -1.7894678115844727 | BETA (SCALE): 2.179245710372925
2023-10-11 00:53:05,626 | INFO | hi-lo.gumbel-kernel : TOP-LEFT
tensor([[9.4083e-01, 2.9348e-02, 1.5878e-04],
        [2.9348e-02, 1.5878e-04, 5.3717e-08],
        [1.5878e-04, 5.3717e-08, 2.2622e-13]])
2023-10-11 00:53:14,445 | INFO | hi-lo : END EPOCH:  15 | ACCURACY: 60.16 | LOSS: 1.5604099035263062
2023-10-11 00:53:14,445 | INFO | hi-lo : BEGIN EPOCH 16 =========================================================================
2023-10-11 00:53:14,445 | INFO | hi-lo.kernel-accessor : Fetching kernel: gumbel
2023-10-11 00:53:14,446 | INFO | hi-lo.gumbel-kernel : MU (LOCATION): -0.004692268557846546 | BETA (SCALE): 0.51132732629776
2023-10-11 00:53:14,446 | INFO | hi-lo.gumbel-kernel : BOTTOM-LEFT
tensor([[4.3699e-24, 0.0000e+00, 0.0000e+00],
        [2.9236e-04, 4.3699e-24, 0.0000e+00],
        [9.9942e-01, 2.9236e-04, 4.3699e-24]])
2023-10-11 00:53:14,447 | INFO | hi-lo.kernel-accessor : Fetching kernel: gumbel
2023-10-11 00:53:14,447 | INFO | hi-lo.gumbel-kernel : MU (LOCATION): -0.7057909965515137 | BETA (SCALE): 0.9995985627174377
2023-10-11 00:53:14,447 | INFO | hi-lo.gumbel-kernel : BOTTOM-LEFT
tensor([[5.3774e-13, 4.2639e-36, 0.0000e+00],
        [3.1635e-04, 5.3774e-13, 4.2639e-36],
        [9.9937e-01, 3.1635e-04, 5.3774e-13]])
2023-10-11 00:53:14,448 | INFO | hi-lo.kernel-accessor : Fetching kernel: gumbel
2023-10-11 00:53:14,448 | INFO | hi-lo.gumbel-kernel : MU (LOCATION): 1 | BETA (SCALE): 1
2023-10-11 00:53:14,448 | INFO | hi-lo.gumbel-kernel : STATIC
tensor([[5.6765e-01, 1.6550e-01, 3.2357e-02],
        [1.6550e-01, 3.2357e-02, 2.1352e-03],
        [3.2357e-02, 2.1352e-03, 7.3562e-06]])
2023-10-11 00:53:14,449 | INFO | hi-lo.kernel-accessor : Fetching kernel: gumbel
2023-10-11 00:53:14,449 | INFO | hi-lo.gumbel-kernel : MU (LOCATION): -2.0398383140563965 | BETA (SCALE): 2.6354105472564697
2023-10-11 00:53:14,449 | INFO | hi-lo.gumbel-kernel : TOP-LEFT
tensor([[8.5983e-01, 6.7178e-02, 1.9282e-03],
        [6.7178e-02, 1.9282e-03, 1.2808e-05],
        [1.9282e-03, 1.2808e-05, 1.0021e-08]])
2023-10-11 00:53:23,115 | INFO | hi-lo : END EPOCH:  16 | ACCURACY: 65.62 | LOSS: 1.1388325691223145
2023-10-11 00:53:23,115 | INFO | hi-lo : BEGIN EPOCH 17 =========================================================================
2023-10-11 00:53:23,116 | INFO | hi-lo.kernel-accessor : Fetching kernel: gumbel
2023-10-11 00:53:23,116 | INFO | hi-lo.gumbel-kernel : MU (LOCATION): 1 | BETA (SCALE): 1
2023-10-11 00:53:23,116 | INFO | hi-lo.gumbel-kernel : STATIC
tensor([[5.6765e-01, 1.6550e-01, 3.2357e-02],
        [1.6550e-01, 3.2357e-02, 2.1352e-03],
        [3.2357e-02, 2.1352e-03, 7.3562e-06]])
2023-10-11 00:53:23,117 | INFO | hi-lo.kernel-accessor : Fetching kernel: gumbel
2023-10-11 00:53:23,117 | INFO | hi-lo.gumbel-kernel : MU (LOCATION): -0.6994388699531555 | BETA (SCALE): 0.9839457273483276
2023-10-11 00:53:23,117 | INFO | hi-lo.gumbel-kernel : TOP-LEFT
tensor([[9.9951e-01, 2.4288e-04, 1.5030e-13],
        [2.4288e-04, 1.5030e-13, 3.2524e-38],
        [1.5030e-13, 3.2524e-38, 0.0000e+00]])
2023-10-11 00:53:23,117 | INFO | hi-lo.kernel-accessor : Fetching kernel: gumbel
2023-10-11 00:53:23,117 | INFO | hi-lo.gumbel-kernel : MU (LOCATION): -2.5006327629089355 | BETA (SCALE): 3.388009786605835
2023-10-11 00:53:23,118 | INFO | hi-lo.gumbel-kernel : TOP-LEFT
tensor([[7.2350e-01, 1.1987e-01, 1.1857e-02],
        [1.1987e-01, 1.1857e-02, 5.8649e-04],
        [1.1857e-02, 5.8649e-04, 1.1436e-05]])
2023-10-11 00:53:23,118 | INFO | hi-lo.kernel-accessor : Fetching kernel: gumbel
2023-10-11 00:53:23,118 | INFO | hi-lo.gumbel-kernel : MU (LOCATION): -1.8959332704544067 | BETA (SCALE): 2.286369562149048
2023-10-11 00:53:23,118 | INFO | hi-lo.gumbel-kernel : BOTTOM-LEFT
tensor([[2.5149e-04, 1.6211e-07, 2.3594e-12],
        [3.3740e-02, 2.5149e-04, 1.6211e-07],
        [9.3177e-01, 3.3740e-02, 2.5149e-04]])
2023-10-11 00:53:31,771 | INFO | hi-lo : END EPOCH:  17 | ACCURACY: 70.31 | LOSS: 0.9565615057945251
2023-10-11 00:53:31,771 | INFO | hi-lo : BEGIN EPOCH 18 =========================================================================
2023-10-11 00:53:31,771 | INFO | hi-lo.kernel-accessor : Fetching kernel: gumbel
2023-10-11 00:53:31,772 | INFO | hi-lo.gumbel-kernel : MU (LOCATION): 0.052049364894628525 | BETA (SCALE): 0.5312603116035461
2023-10-11 00:53:31,773 | INFO | hi-lo.gumbel-kernel : BOTTOM-LEFT
tensor([[2.0715e-17, 0.0000e+00, 0.0000e+00],
        [1.5598e-03, 2.0715e-17, 0.0000e+00],
        [9.9688e-01, 1.5598e-03, 2.0715e-17]])
2023-10-11 00:53:31,773 | INFO | hi-lo.kernel-accessor : Fetching kernel: gumbel
2023-10-11 00:53:31,773 | INFO | hi-lo.gumbel-kernel : MU (LOCATION): -0.6507751941680908 | BETA (SCALE): 1.0415502786636353
2023-10-11 00:53:31,774 | INFO | hi-lo.gumbel-kernel : BOTTOM-LEFT
tensor([[2.1994e-10, 1.8238e-27, 0.0000e+00],
        [1.3780e-03, 2.1994e-10, 1.8238e-27],
        [9.9724e-01, 1.3780e-03, 2.1994e-10]])
2023-10-11 00:53:31,774 | INFO | hi-lo.kernel-accessor : Fetching kernel: gumbel
2023-10-11 00:53:31,774 | INFO | hi-lo.gumbel-kernel : MU (LOCATION): -1.8619396686553955 | BETA (SCALE): 2.651735544204712
2023-10-11 00:53:31,775 | INFO | hi-lo.gumbel-kernel : TOP-LEFT
tensor([[8.1509e-01, 8.6539e-02, 3.9092e-03],
        [8.6539e-02, 3.9092e-03, 5.0795e-05],
        [3.9092e-03, 5.0795e-05, 1.0729e-07]])
2023-10-11 00:53:31,775 | INFO | hi-lo.kernel-accessor : Fetching kernel: gumbel
2023-10-11 00:53:31,776 | INFO | hi-lo.gumbel-kernel : MU (LOCATION): -2.2374634742736816 | BETA (SCALE): 2.5853002071380615
2023-10-11 00:53:31,776 | INFO | hi-lo.gumbel-kernel : BOTTOM-LEFT
tensor([[5.7715e-04, 1.2115e-06, 1.6596e-10],
        [4.3064e-02, 5.7715e-04, 1.2115e-06],
        [9.1214e-01, 4.3064e-02, 5.7715e-04]])
2023-10-11 00:53:40,424 | INFO | hi-lo : END EPOCH:  18 | ACCURACY: 62.5 | LOSS: 1.0820083618164062
2023-10-11 00:53:40,424 | INFO | hi-lo : BEGIN EPOCH 19 =========================================================================
2023-10-11 00:53:40,425 | INFO | hi-lo.kernel-accessor : Fetching kernel: gumbel
2023-10-11 00:53:40,425 | INFO | hi-lo.gumbel-kernel : MU (LOCATION): -0.07324840128421783 | BETA (SCALE): 0.5221402049064636
2023-10-11 00:53:40,426 | INFO | hi-lo.gumbel-kernel : BOTTOM-LEFT
tensor([[2.6132e-28, 0.0000e+00, 0.0000e+00],
        [6.9213e-05, 2.6132e-28, 0.0000e+00],
        [9.9986e-01, 6.9213e-05, 2.6132e-28]])
2023-10-11 00:53:40,426 | INFO | hi-lo.kernel-accessor : Fetching kernel: gumbel
2023-10-11 00:53:40,427 | INFO | hi-lo.gumbel-kernel : MU (LOCATION): 1 | BETA (SCALE): 1
2023-10-11 00:53:40,427 | INFO | hi-lo.gumbel-kernel : STATIC
tensor([[5.6765e-01, 1.6550e-01, 3.2357e-02],
        [1.6550e-01, 3.2357e-02, 2.1352e-03],
        [3.2357e-02, 2.1352e-03, 7.3562e-06]])
2023-10-11 00:53:40,427 | INFO | hi-lo.kernel-accessor : Fetching kernel: gumbel
2023-10-11 00:53:40,428 | INFO | hi-lo.gumbel-kernel : MU (LOCATION): -2.3210482597351074 | BETA (SCALE): 3.240778923034668
2023-10-11 00:53:40,429 | INFO | hi-lo.gumbel-kernel : BOTTOM-LEFT
tensor([[1.1027e-02, 4.8929e-04, 7.8718e-06],
        [1.1796e-01, 1.1027e-02, 4.8929e-04],
        [7.3001e-01, 1.1796e-01, 1.1027e-02]])
2023-10-11 00:53:40,429 | INFO | hi-lo.kernel-accessor : Fetching kernel: gumbel
2023-10-11 00:53:40,429 | INFO | hi-lo.gumbel-kernel : MU (LOCATION): 1 | BETA (SCALE): 1
2023-10-11 00:53:40,430 | INFO | hi-lo.gumbel-kernel : STATIC
tensor([[5.6765e-01, 1.6550e-01, 3.2357e-02],
        [1.6550e-01, 3.2357e-02, 2.1352e-03],
        [3.2357e-02, 2.1352e-03, 7.3562e-06]])
2023-10-11 00:53:49,096 | INFO | hi-lo : END EPOCH:  19 | ACCURACY: 66.46 | LOSS: 1.2376489639282227
2023-10-11 00:53:49,096 | INFO | hi-lo : BEGIN EPOCH 20 =========================================================================
2023-10-11 00:53:49,097 | INFO | hi-lo.kernel-accessor : Fetching kernel: gumbel
2023-10-11 00:53:49,097 | INFO | hi-lo.gumbel-kernel : MU (LOCATION): 0.023717721924185753 | BETA (SCALE): 0.49074146151542664
2023-10-11 00:53:49,098 | INFO | hi-lo.gumbel-kernel : TOP-LEFT
tensor([[9.9939e-01, 3.0454e-04, 2.5685e-25],
        [3.0454e-04, 2.5684e-25, 0.0000e+00],
        [2.5685e-25, 0.0000e+00, 0.0000e+00]])
2023-10-11 00:53:49,098 | INFO | hi-lo.kernel-accessor : Fetching kernel: gumbel
2023-10-11 00:53:49,099 | INFO | hi-lo.gumbel-kernel : MU (LOCATION): -0.6683182716369629 | BETA (SCALE): 0.8906925320625305
2023-10-11 00:53:49,099 | INFO | hi-lo.gumbel-kernel : TOP-LEFT
tensor([[9.9994e-01, 2.9815e-05, 3.7792e-18],
        [2.9815e-05, 3.7792e-18, 0.0000e+00],
        [3.7792e-18, 0.0000e+00, 0.0000e+00]])
2023-10-11 00:53:49,099 | INFO | hi-lo.kernel-accessor : Fetching kernel: gumbel
2023-10-11 00:53:49,100 | INFO | hi-lo.gumbel-kernel : MU (LOCATION): 1 | BETA (SCALE): 1
2023-10-11 00:53:49,100 | INFO | hi-lo.gumbel-kernel : STATIC
tensor([[5.6765e-01, 1.6550e-01, 3.2357e-02],
        [1.6550e-01, 3.2357e-02, 2.1352e-03],
        [3.2357e-02, 2.1352e-03, 7.3562e-06]])
2023-10-11 00:53:49,100 | INFO | hi-lo.kernel-accessor : Fetching kernel: gumbel
2023-10-11 00:53:49,101 | INFO | hi-lo.gumbel-kernel : MU (LOCATION): -2.1257615089416504 | BETA (SCALE): 2.392549753189087
2023-10-11 00:53:49,101 | INFO | hi-lo.gumbel-kernel : TOP-LEFT
tensor([[9.4175e-01, 2.8854e-02, 1.7998e-04],
        [2.8854e-02, 1.7998e-04, 1.0008e-07],
        [1.7998e-04, 1.0008e-07, 1.4152e-12]])
2023-10-11 00:53:57,788 | INFO | hi-lo : END EPOCH:  20 | ACCURACY: 60.94 | LOSS: 1.2400445938110352
2023-10-11 00:53:57,788 | INFO | hi-lo : BEGIN EPOCH 21 =========================================================================
2023-10-11 00:53:57,789 | INFO | hi-lo.kernel-accessor : Fetching kernel: gumbel
2023-10-11 00:53:57,789 | INFO | hi-lo.gumbel-kernel : MU (LOCATION): -0.15299031138420105 | BETA (SCALE): 0.44602686166763306
2023-10-11 00:53:57,790 | INFO | hi-lo.gumbel-kernel : TOP-LEFT
tensor([[1.0000e+00, 5.9076e-09, 0.0000e+00],
        [5.9076e-09, 0.0000e+00, 0.0000e+00],
        [0.0000e+00, 0.0000e+00, 0.0000e+00]])
2023-10-11 00:53:57,790 | INFO | hi-lo.kernel-accessor : Fetching kernel: gumbel
2023-10-11 00:53:57,791 | INFO | hi-lo.gumbel-kernel : MU (LOCATION): -0.7543541193008423 | BETA (SCALE): 0.9465087652206421
2023-10-11 00:53:57,791 | INFO | hi-lo.gumbel-kernel : TOP-LEFT
tensor([[9.9993e-01, 3.3827e-05, 3.3963e-17],
        [3.3827e-05, 3.3963e-17, 0.0000e+00],
        [3.3963e-17, 0.0000e+00, 0.0000e+00]])
2023-10-11 00:53:57,791 | INFO | hi-lo.kernel-accessor : Fetching kernel: gumbel
2023-10-11 00:53:57,792 | INFO | hi-lo.gumbel-kernel : MU (LOCATION): -2.0487427711486816 | BETA (SCALE): 2.8709871768951416
2023-10-11 00:53:57,792 | INFO | hi-lo.gumbel-kernel : TOP-LEFT
tensor([[7.8645e-01, 9.7799e-02, 5.8993e-03],
