2023-12-02 04:40:51,549 | INFO | hi-lo : 
+==============================================================+
|                                                              |
| ██████╗  █████╗ ██████╗ ██╗         ██╗      █████╗ ██████╗  |
| ██╔══██╗██╔══██╗██╔══██╗██║         ██║     ██╔══██╗██╔══██╗ |
| ██║  ██║███████║██║  ██║██║         ██║     ███████║██████╔╝ |
| ██║  ██║██╔══██║██║  ██║██║         ██║     ██╔══██║██╔══██╗ |
| ██████╔╝██║  ██║██████╔╝███████╗    ███████╗██║  ██║██████╔╝ |
| ╚═════╝ ╚═╝  ╚═╝╚═════╝ ╚══════╝    ╚══════╝╚═╝  ╚═╝╚═════╝  |
|                                                              |
+==============================================================+
|             Hi-Lo Resolution Image Classification            |
|             -------------------------------------            |
|                       Gabriel C. Trahan                      |
|                          Sahan Ahmad                         |
|                       MD  Aminual Islam                      |
+==============================================================+
| MODEL:                 normal | LR:                      0.1 |
| DISTRO:                gumbel | KERNEL TYPE:               9 |
| DATASET:              cifar10 | BATCH SIZE:               64 |
+=========================================================================+
2023-12-02 04:40:51,549 | INFO | hi-lo : Output directory: output/normal/gumbel/9/cifar10/20231202_044051
2023-12-02 04:40:51,549 | INFO | hi-lo.dataset-accessor : Fetching dataset: cifar10
2023-12-02 04:40:51,549 | INFO | hi-lo.cifar10-dataset : Initializing transform.
2023-12-02 04:40:51,549 | INFO | hi-lo.cifar10-dataset : Verifying/downloading train data.
2023-12-02 04:40:52,160 | INFO | hi-lo.cifar10-dataset : Verifying/downloading test data.
2023-12-02 04:40:52,654 | INFO | hi-lo.cifar10-dataset : Creating train data loader.
2023-12-02 04:40:52,655 | INFO | hi-lo.cifar10-dataset : Creating test data loader.
2023-12-02 04:40:53,640 | INFO | hi-lo : Using device: NVIDIA GeForce GTX 1060 6GB
2023-12-02 04:40:53,641 | INFO | hi-lo : Commencing training phase...
2023-12-02 04:40:53,641 | INFO | hi-lo : BEGIN EPOCH 1 =========================================================================
2023-12-02 04:40:53,641 | INFO | hi-lo.kernel-accessor : Fetching kernel: gumbel
2023-12-02 04:40:53,642 | INFO | hi-lo.gumbel-kernel : MU (LOCATION): 0.0 | BETA (SCALE): 1.0
2023-12-02 04:40:53,643 | INFO | hi-lo.gumbel-kernel : BOTTOM-LEFT
tensor([[2.0072e-04, 2.2609e-10, 8.5377e-26],
        [5.8259e-02, 2.0072e-04, 2.2609e-10],
        [8.8288e-01, 5.8259e-02, 2.0072e-04]])
2023-12-02 04:40:53,643 | INFO | hi-lo.kernel-accessor : Fetching kernel: gumbel
2023-12-02 04:40:53,643 | INFO | hi-lo.gumbel-kernel : MU (LOCATION): 1 | BETA (SCALE): 1
2023-12-02 04:40:53,644 | INFO | hi-lo.gumbel-kernel : STATIC
tensor([[5.6765e-01, 1.6550e-01, 3.2357e-02],
        [1.6550e-01, 3.2357e-02, 2.1352e-03],
        [3.2357e-02, 2.1352e-03, 7.3562e-06]])
2023-12-02 04:40:53,644 | INFO | hi-lo.kernel-accessor : Fetching kernel: gumbel
2023-12-02 04:40:53,644 | INFO | hi-lo.gumbel-kernel : MU (LOCATION): 1 | BETA (SCALE): 1
2023-12-02 04:40:53,644 | INFO | hi-lo.gumbel-kernel : STATIC
tensor([[5.6765e-01, 1.6550e-01, 3.2357e-02],
        [1.6550e-01, 3.2357e-02, 2.1352e-03],
        [3.2357e-02, 2.1352e-03, 7.3562e-06]])
2023-12-02 04:40:53,644 | INFO | hi-lo.kernel-accessor : Fetching kernel: gumbel
2023-12-02 04:40:53,644 | INFO | hi-lo.gumbel-kernel : MU (LOCATION): 0.0 | BETA (SCALE): 1.0
2023-12-02 04:40:53,645 | INFO | hi-lo.gumbel-kernel : BOTTOM-LEFT
tensor([[2.0072e-04, 2.2609e-10, 8.5377e-26],
        [5.8259e-02, 2.0072e-04, 2.2609e-10],
        [8.8288e-01, 5.8259e-02, 2.0072e-04]])
2023-12-02 04:41:02,881 | INFO | hi-lo : END EPOCH:   1 | ACCURACY: 45.7 | LOSS: 1.6374719142913818
2023-12-02 04:41:02,882 | INFO | hi-lo : BEGIN EPOCH 2 =========================================================================
2023-12-02 04:41:02,882 | INFO | hi-lo.kernel-accessor : Fetching kernel: gumbel
2023-12-02 04:41:02,882 | INFO | hi-lo.gumbel-kernel : MU (LOCATION): 0.025873497128486633 | BETA (SCALE): 0.5118429660797119
2023-12-02 04:41:02,883 | INFO | hi-lo.gumbel-kernel : TOP-LEFT
tensor([[9.9881e-01, 5.9461e-04, 1.4385e-21],
        [5.9461e-04, 1.4385e-21, 0.0000e+00],
        [1.4385e-21, 0.0000e+00, 0.0000e+00]])
2023-12-02 04:41:02,883 | INFO | hi-lo.kernel-accessor : Fetching kernel: gumbel
2023-12-02 04:41:02,884 | INFO | hi-lo.gumbel-kernel : MU (LOCATION): 1 | BETA (SCALE): 1
2023-12-02 04:41:02,884 | INFO | hi-lo.gumbel-kernel : STATIC
tensor([[5.6765e-01, 1.6550e-01, 3.2357e-02],
        [1.6550e-01, 3.2357e-02, 2.1352e-03],
        [3.2357e-02, 2.1352e-03, 7.3562e-06]])
2023-12-02 04:41:02,884 | INFO | hi-lo.kernel-accessor : Fetching kernel: gumbel
2023-12-02 04:41:02,885 | INFO | hi-lo.gumbel-kernel : MU (LOCATION): -0.8655453324317932 | BETA (SCALE): 1.3747011423110962
2023-12-02 04:41:02,885 | INFO | hi-lo.gumbel-kernel : BOTTOM-LEFT
tensor([[2.1601e-06, 1.0171e-13, 1.5135e-28],
        [1.0911e-02, 2.1601e-06, 1.0171e-13],
        [9.7817e-01, 1.0911e-02, 2.1601e-06]])
2023-12-02 04:41:02,885 | INFO | hi-lo.kernel-accessor : Fetching kernel: gumbel
2023-12-02 04:41:02,886 | INFO | hi-lo.gumbel-kernel : MU (LOCATION): -0.4496384263038635 | BETA (SCALE): 0.8456934094429016
2023-12-02 04:41:02,886 | INFO | hi-lo.gumbel-kernel : BOTTOM-LEFT
tensor([[6.9782e-14, 0.0000e+00, 0.0000e+00],
        [4.3707e-04, 6.9782e-14, 0.0000e+00],
        [9.9913e-01, 4.3707e-04, 6.9782e-14]])
2023-12-02 04:41:11,219 | INFO | hi-lo : END EPOCH:   2 | ACCURACY: 50.0 | LOSS: 1.5780932903289795
2023-12-02 04:41:11,219 | INFO | hi-lo : BEGIN EPOCH 3 =========================================================================
2023-12-02 04:41:11,219 | INFO | hi-lo.kernel-accessor : Fetching kernel: gumbel
2023-12-02 04:41:11,220 | INFO | hi-lo.gumbel-kernel : MU (LOCATION): 0.06845115125179291 | BETA (SCALE): 0.4816407263278961
2023-12-02 04:41:11,221 | INFO | hi-lo.gumbel-kernel : BOTTOM-LEFT
tensor([[5.4772e-23, 0.0000e+00, 0.0000e+00],
        [6.5795e-04, 5.4772e-23, 0.0000e+00],
        [9.9868e-01, 6.5795e-04, 5.4772e-23]])
2023-12-02 04:41:11,221 | INFO | hi-lo.kernel-accessor : Fetching kernel: gumbel
2023-12-02 04:41:11,221 | INFO | hi-lo.gumbel-kernel : MU (LOCATION): 1 | BETA (SCALE): 1
2023-12-02 04:41:11,222 | INFO | hi-lo.gumbel-kernel : STATIC
tensor([[5.6765e-01, 1.6550e-01, 3.2357e-02],
        [1.6550e-01, 3.2357e-02, 2.1352e-03],
        [3.2357e-02, 2.1352e-03, 7.3562e-06]])
2023-12-02 04:41:11,222 | INFO | hi-lo.kernel-accessor : Fetching kernel: gumbel
2023-12-02 04:41:11,222 | INFO | hi-lo.gumbel-kernel : MU (LOCATION): -0.9632632732391357 | BETA (SCALE): 1.603036880493164
2023-12-02 04:41:11,223 | INFO | hi-lo.gumbel-kernel : BOTTOM-LEFT
tensor([[7.0360e-05, 1.6609e-09, 6.6201e-18],
        [2.8355e-02, 7.0360e-05, 1.6609e-09],
        [9.4308e-01, 2.8355e-02, 7.0360e-05]])
2023-12-02 04:41:11,223 | INFO | hi-lo.kernel-accessor : Fetching kernel: gumbel
2023-12-02 04:41:11,224 | INFO | hi-lo.gumbel-kernel : MU (LOCATION): -0.9530230760574341 | BETA (SCALE): 1.1995518207550049
2023-12-02 04:41:11,224 | INFO | hi-lo.gumbel-kernel : BOTTOM-LEFT
tensor([[1.3547e-10, 1.2549e-25, 0.0000e+00],
        [7.3791e-04, 1.3547e-10, 1.2549e-25],
        [9.9852e-01, 7.3791e-04, 1.3547e-10]])
2023-12-02 04:41:19,641 | INFO | hi-lo : END EPOCH:   3 | ACCURACY: 57.81 | LOSS: 1.5806993246078491
2023-12-02 04:41:19,641 | INFO | hi-lo : BEGIN EPOCH 4 =========================================================================
2023-12-02 04:41:19,641 | INFO | hi-lo.kernel-accessor : Fetching kernel: gumbel
2023-12-02 04:41:19,642 | INFO | hi-lo.gumbel-kernel : MU (LOCATION): 1 | BETA (SCALE): 1
2023-12-02 04:41:19,643 | INFO | hi-lo.gumbel-kernel : STATIC
tensor([[5.6765e-01, 1.6550e-01, 3.2357e-02],
        [1.6550e-01, 3.2357e-02, 2.1352e-03],
        [3.2357e-02, 2.1352e-03, 7.3562e-06]])
2023-12-02 04:41:19,643 | INFO | hi-lo.kernel-accessor : Fetching kernel: gumbel
2023-12-02 04:41:19,643 | INFO | hi-lo.gumbel-kernel : MU (LOCATION): 1 | BETA (SCALE): 1
2023-12-02 04:41:19,644 | INFO | hi-lo.gumbel-kernel : STATIC
tensor([[5.6765e-01, 1.6550e-01, 3.2357e-02],
        [1.6550e-01, 3.2357e-02, 2.1352e-03],
        [3.2357e-02, 2.1352e-03, 7.3562e-06]])
2023-12-02 04:41:19,644 | INFO | hi-lo.kernel-accessor : Fetching kernel: gumbel
2023-12-02 04:41:19,644 | INFO | hi-lo.gumbel-kernel : MU (LOCATION): -1.3819072246551514 | BETA (SCALE): 2.283909320831299
2023-12-02 04:41:19,645 | INFO | hi-lo.gumbel-kernel : TOP-LEFT
tensor([[8.2240e-01, 8.4088e-02, 3.1245e-03],
        [8.4088e-02, 3.1245e-03, 2.4195e-05],
        [3.1245e-03, 2.4195e-05, 1.6497e-08]])
2023-12-02 04:41:19,645 | INFO | hi-lo.kernel-accessor : Fetching kernel: gumbel
2023-12-02 04:41:19,646 | INFO | hi-lo.gumbel-kernel : MU (LOCATION): -1.536231279373169 | BETA (SCALE): 1.9269126653671265
2023-12-02 04:41:19,646 | INFO | hi-lo.gumbel-kernel : TOP-LEFT
tensor([[9.5983e-01, 2.0021e-02, 4.2731e-05],
        [2.0021e-02, 4.2731e-05, 1.9790e-09],
        [4.2731e-05, 1.9790e-09, 1.4686e-16]])
2023-12-02 04:41:28,084 | INFO | hi-lo : END EPOCH:   4 | ACCURACY: 56.25 | LOSS: 1.6982342004776
2023-12-02 04:41:28,085 | INFO | hi-lo : BEGIN EPOCH 5 =========================================================================
2023-12-02 04:41:28,085 | INFO | hi-lo.kernel-accessor : Fetching kernel: gumbel
2023-12-02 04:41:28,086 | INFO | hi-lo.gumbel-kernel : MU (LOCATION): -0.07816137373447418 | BETA (SCALE): 0.496937096118927
2023-12-02 04:41:28,086 | INFO | hi-lo.gumbel-kernel : TOP-LEFT
tensor([[9.9996e-01, 1.8666e-05, 3.6225e-35],
        [1.8666e-05, 3.6227e-35, 0.0000e+00],
        [3.6225e-35, 0.0000e+00, 0.0000e+00]])
2023-12-02 04:41:28,086 | INFO | hi-lo.kernel-accessor : Fetching kernel: gumbel
2023-12-02 04:41:28,087 | INFO | hi-lo.gumbel-kernel : MU (LOCATION): -0.6815319657325745 | BETA (SCALE): 0.9449269771575928
2023-12-02 04:41:28,087 | INFO | hi-lo.gumbel-kernel : BOTTOM-LEFT
tensor([[4.5844e-15, 0.0000e+00, 0.0000e+00],
        [1.2104e-04, 4.5844e-15, 0.0000e+00],
        [9.9976e-01, 1.2104e-04, 4.5844e-15]])
2023-12-02 04:41:28,088 | INFO | hi-lo.kernel-accessor : Fetching kernel: gumbel
2023-12-02 04:41:28,088 | INFO | hi-lo.gumbel-kernel : MU (LOCATION): -1.384447455406189 | BETA (SCALE): 2.185439348220825
2023-12-02 04:41:28,088 | INFO | hi-lo.gumbel-kernel : TOP-LEFT
tensor([[8.5671e-01, 6.9106e-02, 1.6870e-03],
        [6.9106e-02, 1.6870e-03, 6.2295e-06],
        [1.6870e-03, 6.2295e-06, 1.1630e-09]])
2023-12-02 04:41:28,089 | INFO | hi-lo.kernel-accessor : Fetching kernel: gumbel
2023-12-02 04:41:28,089 | INFO | hi-lo.gumbel-kernel : MU (LOCATION): -1.396801471710205 | BETA (SCALE): 1.645616888999939
2023-12-02 04:41:28,089 | INFO | hi-lo.gumbel-kernel : TOP-LEFT
tensor([[9.8880e-01, 5.5996e-03, 6.9675e-07],
        [5.5996e-03, 6.9675e-07, 7.8235e-14],
        [6.9675e-07, 7.8235e-14, 2.2562e-26]])
2023-12-02 04:41:36,673 | INFO | hi-lo : END EPOCH:   5 | ACCURACY: 71.88 | LOSS: 1.1013562679290771
2023-12-02 04:41:36,674 | INFO | hi-lo : BEGIN EPOCH 6 =========================================================================
2023-12-02 04:41:36,674 | INFO | hi-lo.kernel-accessor : Fetching kernel: gumbel
2023-12-02 04:41:36,674 | INFO | hi-lo.gumbel-kernel : MU (LOCATION): -0.051698438823223114 | BETA (SCALE): 0.49230366945266724
2023-12-02 04:41:36,675 | INFO | hi-lo.gumbel-kernel : TOP-LEFT
tensor([[9.9993e-01, 3.7055e-05, 4.2694e-33],
        [3.7055e-05, 4.2694e-33, 0.0000e+00],
        [4.2694e-33, 0.0000e+00, 0.0000e+00]])
2023-12-02 04:41:36,675 | INFO | hi-lo.kernel-accessor : Fetching kernel: gumbel
2023-12-02 04:41:36,676 | INFO | hi-lo.gumbel-kernel : MU (LOCATION): -0.7960906028747559 | BETA (SCALE): 0.8931050896644592
2023-12-02 04:41:36,676 | INFO | hi-lo.gumbel-kernel : TOP-LEFT
tensor([[1.0000e+00, 1.5273e-06, 2.3317e-23],
        [1.5273e-06, 2.3317e-23, 0.0000e+00],
        [2.3317e-23, 0.0000e+00, 0.0000e+00]])
2023-12-02 04:41:36,676 | INFO | hi-lo.kernel-accessor : Fetching kernel: gumbel
2023-12-02 04:41:36,677 | INFO | hi-lo.gumbel-kernel : MU (LOCATION): -1.752840518951416 | BETA (SCALE): 2.7859292030334473
2023-12-02 04:41:36,677 | INFO | hi-lo.gumbel-kernel : BOTTOM-LEFT
tensor([[9.0182e-03, 2.7928e-04, 2.2523e-06],
        [1.1379e-01, 9.0182e-03, 2.7928e-04],
        [7.4481e-01, 1.1379e-01, 9.0182e-03]])
2023-12-02 04:41:36,677 | INFO | hi-lo.kernel-accessor : Fetching kernel: gumbel
2023-12-02 04:41:36,678 | INFO | hi-lo.gumbel-kernel : MU (LOCATION): -1.9065701961517334 | BETA (SCALE): 2.2998342514038086
2023-12-02 04:41:36,678 | INFO | hi-lo.gumbel-kernel : BOTTOM-LEFT
tensor([[2.7001e-04, 1.9056e-07, 3.2740e-12],
        [3.4523e-02, 2.7001e-04, 1.9056e-07],
        [9.3014e-01, 3.4523e-02, 2.7001e-04]])
2023-12-02 04:41:45,061 | INFO | hi-lo : END EPOCH:   6 | ACCURACY: 61.98 | LOSS: 1.4420616626739502
2023-12-02 04:41:45,061 | INFO | hi-lo : BEGIN EPOCH 7 =========================================================================
2023-12-02 04:41:45,062 | INFO | hi-lo.kernel-accessor : Fetching kernel: gumbel
2023-12-02 04:41:45,062 | INFO | hi-lo.gumbel-kernel : MU (LOCATION): -0.07147988677024841 | BETA (SCALE): 0.4723353087902069
2023-12-02 04:41:45,063 | INFO | hi-lo.gumbel-kernel : TOP-LEFT
tensor([[9.9999e-01, 6.0991e-06, 1.5260e-42],
        [6.0991e-06, 1.5260e-42, 0.0000e+00],
        [1.5260e-42, 0.0000e+00, 0.0000e+00]])
2023-12-02 04:41:45,063 | INFO | hi-lo.kernel-accessor : Fetching kernel: gumbel
2023-12-02 04:41:45,064 | INFO | hi-lo.gumbel-kernel : MU (LOCATION): -0.707507848739624 | BETA (SCALE): 0.7994861006736755
2023-12-02 04:41:45,064 | INFO | hi-lo.gumbel-kernel : TOP-LEFT
tensor([[1.0000e+00, 1.2608e-07, 2.2621e-30],
        [1.2608e-07, 2.2621e-30, 0.0000e+00],
        [2.2621e-30, 0.0000e+00, 0.0000e+00]])
2023-12-02 04:41:45,064 | INFO | hi-lo.kernel-accessor : Fetching kernel: gumbel
2023-12-02 04:41:45,065 | INFO | hi-lo.gumbel-kernel : MU (LOCATION): -1.4869067668914795 | BETA (SCALE): 2.3836305141448975
2023-12-02 04:41:45,065 | INFO | hi-lo.gumbel-kernel : TOP-LEFT
tensor([[8.1464e-01, 8.7206e-02, 3.6246e-03],
        [8.7206e-02, 3.6246e-03, 3.5725e-05],
        [3.6246e-03, 3.5725e-05, 3.9435e-08]])
2023-12-02 04:41:45,065 | INFO | hi-lo.kernel-accessor : Fetching kernel: gumbel
2023-12-02 04:41:45,066 | INFO | hi-lo.gumbel-kernel : MU (LOCATION): 1 | BETA (SCALE): 1
2023-12-02 04:41:45,066 | INFO | hi-lo.gumbel-kernel : STATIC
tensor([[5.6765e-01, 1.6550e-01, 3.2357e-02],
        [1.6550e-01, 3.2357e-02, 2.1352e-03],
        [3.2357e-02, 2.1352e-03, 7.3562e-06]])
2023-12-02 04:41:53,481 | INFO | hi-lo : END EPOCH:   7 | ACCURACY: 62.5 | LOSS: 1.0287307500839233
2023-12-02 04:41:53,482 | INFO | hi-lo : BEGIN EPOCH 8 =========================================================================
2023-12-02 04:41:53,482 | INFO | hi-lo.kernel-accessor : Fetching kernel: gumbel
2023-12-02 04:41:53,482 | INFO | hi-lo.gumbel-kernel : MU (LOCATION): -0.12281070649623871 | BETA (SCALE): 0.4597212076187134
2023-12-02 04:41:53,483 | INFO | hi-lo.gumbel-kernel : BOTTOM-LEFT
tensor([[0.0000e+00, 0.0000e+00, 0.0000e+00],
        [1.8722e-07, 0.0000e+00, 0.0000e+00],
        [1.0000e+00, 1.8722e-07, 0.0000e+00]])
2023-12-02 04:41:53,483 | INFO | hi-lo.kernel-accessor : Fetching kernel: gumbel
2023-12-02 04:41:53,484 | INFO | hi-lo.gumbel-kernel : MU (LOCATION): -0.6650964617729187 | BETA (SCALE): 0.8807318210601807
2023-12-02 04:41:53,484 | INFO | hi-lo.gumbel-kernel : TOP-LEFT
tensor([[9.9995e-01, 2.2518e-05, 8.4934e-19],
        [2.2518e-05, 8.4934e-19, 0.0000e+00],
        [8.4934e-19, 0.0000e+00, 0.0000e+00]])
2023-12-02 04:41:53,484 | INFO | hi-lo.kernel-accessor : Fetching kernel: gumbel
2023-12-02 04:41:53,485 | INFO | hi-lo.gumbel-kernel : MU (LOCATION): 1 | BETA (SCALE): 1
2023-12-02 04:41:53,485 | INFO | hi-lo.gumbel-kernel : STATIC
tensor([[5.6765e-01, 1.6550e-01, 3.2357e-02],
        [1.6550e-01, 3.2357e-02, 2.1352e-03],
        [3.2357e-02, 2.1352e-03, 7.3562e-06]])
2023-12-02 04:41:53,485 | INFO | hi-lo.kernel-accessor : Fetching kernel: gumbel
2023-12-02 04:41:53,486 | INFO | hi-lo.gumbel-kernel : MU (LOCATION): -1.987479329109192 | BETA (SCALE): 2.2803165912628174
2023-12-02 04:41:53,486 | INFO | hi-lo.gumbel-kernel : TOP-LEFT
tensor([[9.4705e-01, 2.6282e-02, 1.2909e-04],
        [2.6282e-02, 1.2909e-04, 4.3265e-08],
        [1.2909e-04, 4.3265e-08, 2.2573e-13]])
2023-12-02 04:42:02,060 | INFO | hi-lo : END EPOCH:   8 | ACCURACY: 61.72 | LOSS: 1.2462650537490845
2023-12-02 04:42:02,061 | INFO | hi-lo : BEGIN EPOCH 9 =========================================================================
2023-12-02 04:42:02,061 | INFO | hi-lo.kernel-accessor : Fetching kernel: gumbel
2023-12-02 04:42:02,061 | INFO | hi-lo.gumbel-kernel : MU (LOCATION): -0.05412324517965317 | BETA (SCALE): 0.5172652006149292
2023-12-02 04:42:02,062 | INFO | hi-lo.gumbel-kernel : TOP-LEFT
tensor([[9.9980e-01, 9.8892e-05, 1.8983e-27],
        [9.8892e-05, 1.8982e-27, 0.0000e+00],
        [1.8983e-27, 0.0000e+00, 0.0000e+00]])
2023-12-02 04:42:02,062 | INFO | hi-lo.kernel-accessor : Fetching kernel: gumbel
2023-12-02 04:42:02,063 | INFO | hi-lo.gumbel-kernel : MU (LOCATION): 1 | BETA (SCALE): 1
2023-12-02 04:42:02,063 | INFO | hi-lo.gumbel-kernel : STATIC
tensor([[5.6765e-01, 1.6550e-01, 3.2357e-02],
        [1.6550e-01, 3.2357e-02, 2.1352e-03],
        [3.2357e-02, 2.1352e-03, 7.3562e-06]])
2023-12-02 04:42:02,063 | INFO | hi-lo.kernel-accessor : Fetching kernel: gumbel
2023-12-02 04:42:02,064 | INFO | hi-lo.gumbel-kernel : MU (LOCATION): -1.83412766456604 | BETA (SCALE): 2.8744022846221924
2023-12-02 04:42:02,064 | INFO | hi-lo.gumbel-kernel : TOP-LEFT
tensor([[7.3540e-01, 1.1694e-01, 1.0001e-02],
        [1.1694e-01, 1.0001e-02, 3.5531e-04],
        [1.0001e-02, 3.5531e-04, 3.6387e-06]])
2023-12-02 04:42:02,064 | INFO | hi-lo.kernel-accessor : Fetching kernel: gumbel
2023-12-02 04:42:02,065 | INFO | hi-lo.gumbel-kernel : MU (LOCATION): -1.7391273975372314 | BETA (SCALE): 2.2102372646331787
2023-12-02 04:42:02,065 | INFO | hi-lo.gumbel-kernel : TOP-LEFT
tensor([[9.2465e-01, 3.7214e-02, 3.0871e-04],
        [3.7214e-02, 3.0871e-04, 2.1385e-07],
        [3.0871e-04, 2.1385e-07, 2.9884e-12]])
2023-12-02 04:42:10,436 | INFO | hi-lo : END EPOCH:   9 | ACCURACY: 63.54 | LOSS: 1.07810378074646
2023-12-02 04:42:10,436 | INFO | hi-lo : BEGIN EPOCH 10 =========================================================================
2023-12-02 04:42:10,436 | INFO | hi-lo.kernel-accessor : Fetching kernel: gumbel
2023-12-02 04:42:10,437 | INFO | hi-lo.gumbel-kernel : MU (LOCATION): 1 | BETA (SCALE): 1
2023-12-02 04:42:10,437 | INFO | hi-lo.gumbel-kernel : STATIC
tensor([[5.6765e-01, 1.6550e-01, 3.2357e-02],
        [1.6550e-01, 3.2357e-02, 2.1352e-03],
        [3.2357e-02, 2.1352e-03, 7.3562e-06]])
2023-12-02 04:42:10,438 | INFO | hi-lo.kernel-accessor : Fetching kernel: gumbel
2023-12-02 04:42:10,438 | INFO | hi-lo.gumbel-kernel : MU (LOCATION): -0.7540965676307678 | BETA (SCALE): 0.9855841398239136
2023-12-02 04:42:10,439 | INFO | hi-lo.gumbel-kernel : TOP-LEFT
tensor([[9.9978e-01, 1.0759e-04, 7.2631e-15],
        [1.0759e-04, 7.2631e-15, 3.8816e-42],
        [7.2631e-15, 3.8816e-42, 0.0000e+00]])
2023-12-02 04:42:10,439 | INFO | hi-lo.kernel-accessor : Fetching kernel: gumbel
2023-12-02 04:42:10,439 | INFO | hi-lo.gumbel-kernel : MU (LOCATION): -1.6855289936065674 | BETA (SCALE): 2.73211669921875
2023-12-02 04:42:10,440 | INFO | hi-lo.gumbel-kernel : TOP-LEFT
tensor([[7.4622e-01, 1.1341e-01, 8.8123e-03],
        [1.1341e-01, 8.8123e-03, 2.6023e-04],
        [8.8123e-03, 2.6023e-04, 1.9045e-06]])
2023-12-02 04:42:10,440 | INFO | hi-lo.kernel-accessor : Fetching kernel: gumbel
2023-12-02 04:42:10,440 | INFO | hi-lo.gumbel-kernel : MU (LOCATION): -1.6923611164093018 | BETA (SCALE): 2.0248970985412598
2023-12-02 04:42:10,441 | INFO | hi-lo.gumbel-kernel : BOTTOM-LEFT
tensor([[4.5714e-05, 3.0442e-09, 5.9791e-16],
        [1.9610e-02, 4.5714e-05, 3.0442e-09],
        [9.6064e-01, 1.9610e-02, 4.5714e-05]])
2023-12-02 04:42:18,869 | INFO | hi-lo : END EPOCH:  10 | ACCURACY: 61.72 | LOSS: 1.211850643157959
2023-12-02 04:42:18,869 | INFO | hi-lo : BEGIN EPOCH 11 =========================================================================
2023-12-02 04:42:18,869 | INFO | hi-lo.kernel-accessor : Fetching kernel: gumbel
2023-12-02 04:42:18,870 | INFO | hi-lo.gumbel-kernel : MU (LOCATION): 0.07066915929317474 | BETA (SCALE): 0.5309058427810669
2023-12-02 04:42:18,871 | INFO | hi-lo.gumbel-kernel : TOP-LEFT
tensor([[9.9578e-01, 2.1096e-03, 1.9940e-16],
        [2.1096e-03, 1.9940e-16, 0.0000e+00],
        [1.9940e-16, 0.0000e+00, 0.0000e+00]])
2023-12-02 04:42:18,871 | INFO | hi-lo.kernel-accessor : Fetching kernel: gumbel
2023-12-02 04:42:18,871 | INFO | hi-lo.gumbel-kernel : MU (LOCATION): -0.7026549577713013 | BETA (SCALE): 0.920190155506134
2023-12-02 04:42:18,872 | INFO | hi-lo.gumbel-kernel : TOP-LEFT
tensor([[9.9992e-01, 3.9701e-05, 3.0093e-17],
        [3.9701e-05, 3.0092e-17, 0.0000e+00],
        [3.0093e-17, 0.0000e+00, 0.0000e+00]])
2023-12-02 04:42:18,872 | INFO | hi-lo.kernel-accessor : Fetching kernel: gumbel
2023-12-02 04:42:18,872 | INFO | hi-lo.gumbel-kernel : MU (LOCATION): 1 | BETA (SCALE): 1
2023-12-02 04:42:18,873 | INFO | hi-lo.gumbel-kernel : STATIC
tensor([[5.6765e-01, 1.6550e-01, 3.2357e-02],
        [1.6550e-01, 3.2357e-02, 2.1352e-03],
        [3.2357e-02, 2.1352e-03, 7.3562e-06]])
2023-12-02 04:42:18,873 | INFO | hi-lo.kernel-accessor : Fetching kernel: gumbel
2023-12-02 04:42:18,874 | INFO | hi-lo.gumbel-kernel : MU (LOCATION): -2.0731613636016846 | BETA (SCALE): 2.2538256645202637
2023-12-02 04:42:18,874 | INFO | hi-lo.gumbel-kernel : BOTTOM-LEFT
tensor([[4.9262e-05, 6.1949e-09, 6.6215e-15],
        [1.8381e-02, 4.9262e-05, 6.1949e-09],
        [9.6309e-01, 1.8381e-02, 4.9262e-05]])
2023-12-02 04:42:27,348 | INFO | hi-lo : END EPOCH:  11 | ACCURACY: 62.1 | LOSS: 1.085035800933838
2023-12-02 04:42:27,348 | INFO | hi-lo : BEGIN EPOCH 12 =========================================================================
2023-12-02 04:42:27,349 | INFO | hi-lo.kernel-accessor : Fetching kernel: gumbel
2023-12-02 04:42:27,349 | INFO | hi-lo.gumbel-kernel : MU (LOCATION): -0.032848864793777466 | BETA (SCALE): 0.5006160140037537
2023-12-02 04:42:27,350 | INFO | hi-lo.gumbel-kernel : BOTTOM-LEFT
tensor([[7.1772e-29, 0.0000e+00, 0.0000e+00],
        [9.4961e-05, 7.1772e-29, 0.0000e+00],
        [9.9981e-01, 9.4961e-05, 7.1772e-29]])
2023-12-02 04:42:27,350 | INFO | hi-lo.kernel-accessor : Fetching kernel: gumbel
2023-12-02 04:42:27,351 | INFO | hi-lo.gumbel-kernel : MU (LOCATION): -0.7032050490379333 | BETA (SCALE): 0.9079209566116333
2023-12-02 04:42:27,351 | INFO | hi-lo.gumbel-kernel : BOTTOM-LEFT
tensor([[3.8556e-18, 0.0000e+00, 0.0000e+00],
        [2.6061e-05, 3.8556e-18, 0.0000e+00],
        [9.9995e-01, 2.6061e-05, 3.8556e-18]])
2023-12-02 04:42:27,351 | INFO | hi-lo.kernel-accessor : Fetching kernel: gumbel
2023-12-02 04:42:27,352 | INFO | hi-lo.gumbel-kernel : MU (LOCATION): 1 | BETA (SCALE): 1
2023-12-02 04:42:27,352 | INFO | hi-lo.gumbel-kernel : STATIC
tensor([[5.6765e-01, 1.6550e-01, 3.2357e-02],
        [1.6550e-01, 3.2357e-02, 2.1352e-03],
        [3.2357e-02, 2.1352e-03, 7.3562e-06]])
2023-12-02 04:42:27,352 | INFO | hi-lo.kernel-accessor : Fetching kernel: gumbel
2023-12-02 04:42:27,353 | INFO | hi-lo.gumbel-kernel : MU (LOCATION): -2.019685745239258 | BETA (SCALE): 2.3839330673217773
2023-12-02 04:42:27,353 | INFO | hi-lo.gumbel-kernel : TOP-LEFT
tensor([[9.2758e-01, 3.5737e-02, 3.1389e-04],
        [3.5737e-02, 3.1389e-04, 2.9086e-07],
        [3.1389e-04, 2.9086e-07, 8.8067e-12]])
2023-12-02 04:42:35,770 | INFO | hi-lo : END EPOCH:  12 | ACCURACY: 64.06 | LOSS: 1.0200966596603394
2023-12-02 04:42:35,770 | INFO | hi-lo : BEGIN EPOCH 13 =========================================================================
2023-12-02 04:42:35,770 | INFO | hi-lo.kernel-accessor : Fetching kernel: gumbel
2023-12-02 04:42:35,771 | INFO | hi-lo.gumbel-kernel : MU (LOCATION): 0.024213023483753204 | BETA (SCALE): 0.48393839597702026
2023-12-02 04:42:35,772 | INFO | hi-lo.gumbel-kernel : TOP-LEFT
tensor([[9.9951e-01, 2.4694e-04, 1.2539e-26],
        [2.4694e-04, 1.2539e-26, 0.0000e+00],
        [1.2539e-26, 0.0000e+00, 0.0000e+00]])
2023-12-02 04:42:35,772 | INFO | hi-lo.kernel-accessor : Fetching kernel: gumbel
2023-12-02 04:42:35,772 | INFO | hi-lo.gumbel-kernel : MU (LOCATION): 1 | BETA (SCALE): 1
2023-12-02 04:42:35,773 | INFO | hi-lo.gumbel-kernel : STATIC
tensor([[5.6765e-01, 1.6550e-01, 3.2357e-02],
        [1.6550e-01, 3.2357e-02, 2.1352e-03],
        [3.2357e-02, 2.1352e-03, 7.3562e-06]])
2023-12-02 04:42:35,773 | INFO | hi-lo.kernel-accessor : Fetching kernel: gumbel
2023-12-02 04:42:35,773 | INFO | hi-lo.gumbel-kernel : MU (LOCATION): -1.793311357498169 | BETA (SCALE): 2.6255881786346436
2023-12-02 04:42:35,774 | INFO | hi-lo.gumbel-kernel : TOP-LEFT
tensor([[8.0765e-01, 8.9681e-02, 4.2892e-03],
        [8.9681e-02, 4.2892e-03, 5.9798e-05],
        [4.2892e-03, 5.9798e-05, 1.3724e-07]])
2023-12-02 04:42:35,774 | INFO | hi-lo.kernel-accessor : Fetching kernel: gumbel
2023-12-02 04:42:35,774 | INFO | hi-lo.gumbel-kernel : MU (LOCATION): -1.86374831199646 | BETA (SCALE): 2.2725329399108887
2023-12-02 04:42:35,775 | INFO | hi-lo.gumbel-kernel : BOTTOM-LEFT
tensor([[2.6685e-04, 1.7807e-07, 2.6614e-12],
        [3.4633e-02, 2.6685e-04, 1.7807e-07],
        [9.2993e-01, 3.4633e-02, 2.6685e-04]])
2023-12-02 04:42:44,277 | INFO | hi-lo : END EPOCH:  13 | ACCURACY: 68.75 | LOSS: 1.0012263059616089
2023-12-02 04:42:44,277 | INFO | hi-lo : BEGIN EPOCH 14 =========================================================================
2023-12-02 04:42:44,277 | INFO | hi-lo.kernel-accessor : Fetching kernel: gumbel
2023-12-02 04:42:44,278 | INFO | hi-lo.gumbel-kernel : MU (LOCATION): -0.00973177794367075 | BETA (SCALE): 0.5096596479415894
2023-12-02 04:42:44,278 | INFO | hi-lo.gumbel-kernel : BOTTOM-LEFT
tensor([[8.1394e-25, 0.0000e+00, 0.0000e+00],
        [2.4486e-04, 8.1394e-25, 0.0000e+00],
        [9.9951e-01, 2.4486e-04, 8.1394e-25]])
2023-12-02 04:42:44,278 | INFO | hi-lo.kernel-accessor : Fetching kernel: gumbel
2023-12-02 04:42:44,279 | INFO | hi-lo.gumbel-kernel : MU (LOCATION): 1 | BETA (SCALE): 1
2023-12-02 04:42:44,279 | INFO | hi-lo.gumbel-kernel : STATIC
tensor([[5.6765e-01, 1.6550e-01, 3.2357e-02],
        [1.6550e-01, 3.2357e-02, 2.1352e-03],
        [3.2357e-02, 2.1352e-03, 7.3562e-06]])
2023-12-02 04:42:44,280 | INFO | hi-lo.kernel-accessor : Fetching kernel: gumbel
2023-12-02 04:42:44,280 | INFO | hi-lo.gumbel-kernel : MU (LOCATION): -1.4946744441986084 | BETA (SCALE): 2.7397406101226807
2023-12-02 04:42:44,280 | INFO | hi-lo.gumbel-kernel : TOP-LEFT
tensor([[6.9702e-01, 1.3034e-01, 1.3677e-02],
        [1.3034e-01, 1.3677e-02, 6.2435e-04],
        [1.3677e-02, 6.2435e-04, 8.5932e-06]])
2023-12-02 04:42:44,281 | INFO | hi-lo.kernel-accessor : Fetching kernel: gumbel
2023-12-02 04:42:44,281 | INFO | hi-lo.gumbel-kernel : MU (LOCATION): -2.3372581005096436 | BETA (SCALE): 2.7008111476898193
2023-12-02 04:42:44,282 | INFO | hi-lo.gumbel-kernel : TOP-LEFT
tensor([[8.9848e-01, 4.9444e-02, 8.7583e-04],
        [4.9444e-02, 8.7583e-04, 3.0050e-06],
        [8.7583e-04, 3.0050e-06, 9.5700e-10]])
2023-12-02 04:42:52,774 | INFO | hi-lo : END EPOCH:  14 | ACCURACY: 65.62 | LOSS: 1.1497503519058228
2023-12-02 04:42:52,774 | INFO | hi-lo : BEGIN EPOCH 15 =========================================================================
2023-12-02 04:42:52,774 | INFO | hi-lo.kernel-accessor : Fetching kernel: gumbel
2023-12-02 04:42:52,775 | INFO | hi-lo.gumbel-kernel : MU (LOCATION): -0.09342845529317856 | BETA (SCALE): 0.4972921907901764
2023-12-02 04:42:52,775 | INFO | hi-lo.gumbel-kernel : BOTTOM-LEFT
tensor([[3.9753e-37, 0.0000e+00, 0.0000e+00],
        [1.0846e-05, 3.9752e-37, 0.0000e+00],
        [9.9998e-01, 1.0846e-05, 3.9753e-37]])
2023-12-02 04:42:52,776 | INFO | hi-lo.kernel-accessor : Fetching kernel: gumbel
2023-12-02 04:42:52,776 | INFO | hi-lo.gumbel-kernel : MU (LOCATION): -0.6657934188842773 | BETA (SCALE): 0.9404183626174927
2023-12-02 04:42:52,776 | INFO | hi-lo.gumbel-kernel : TOP-LEFT
tensor([[9.9972e-01, 1.3967e-04, 7.1945e-15],
        [1.3967e-04, 7.1945e-15, 0.0000e+00],
        [7.1945e-15, 0.0000e+00, 0.0000e+00]])
2023-12-02 04:42:52,777 | INFO | hi-lo.kernel-accessor : Fetching kernel: gumbel
2023-12-02 04:42:52,777 | INFO | hi-lo.gumbel-kernel : MU (LOCATION): -2.0064244270324707 | BETA (SCALE): 3.1126277446746826
2023-12-02 04:42:52,778 | INFO | hi-lo.gumbel-kernel : BOTTOM-LEFT
tensor([[1.3968e-02, 7.4128e-04, 1.4607e-05],
        [1.2831e-01, 1.3968e-02, 7.4128e-04],
        [6.9998e-01, 1.2831e-01, 1.3968e-02]])
2023-12-02 04:42:52,778 | INFO | hi-lo.kernel-accessor : Fetching kernel: gumbel
2023-12-02 04:42:52,778 | INFO | hi-lo.gumbel-kernel : MU (LOCATION): 1 | BETA (SCALE): 1
2023-12-02 04:42:52,779 | INFO | hi-lo.gumbel-kernel : STATIC
tensor([[5.6765e-01, 1.6550e-01, 3.2357e-02],
        [1.6550e-01, 3.2357e-02, 2.1352e-03],
        [3.2357e-02, 2.1352e-03, 7.3562e-06]])
2023-12-02 04:43:01,295 | INFO | hi-lo : END EPOCH:  15 | ACCURACY: 68.75 | LOSS: 1.467215657234192
2023-12-02 04:43:01,295 | INFO | hi-lo : BEGIN EPOCH 16 =========================================================================
2023-12-02 04:43:01,295 | INFO | hi-lo.kernel-accessor : Fetching kernel: gumbel
2023-12-02 04:43:01,296 | INFO | hi-lo.gumbel-kernel : MU (LOCATION): 1 | BETA (SCALE): 1
2023-12-02 04:43:01,296 | INFO | hi-lo.gumbel-kernel : STATIC
tensor([[5.6765e-01, 1.6550e-01, 3.2357e-02],
        [1.6550e-01, 3.2357e-02, 2.1352e-03],
        [3.2357e-02, 2.1352e-03, 7.3562e-06]])
2023-12-02 04:43:01,297 | INFO | hi-lo.kernel-accessor : Fetching kernel: gumbel
2023-12-02 04:43:01,297 | INFO | hi-lo.gumbel-kernel : MU (LOCATION): -0.561862587928772 | BETA (SCALE): 0.886962890625
2023-12-02 04:43:01,297 | INFO | hi-lo.gumbel-kernel : BOTTOM-LEFT
tensor([[7.2968e-15, 0.0000e+00, 0.0000e+00],
        [1.9563e-04, 7.2967e-15, 0.0000e+00],
        [9.9961e-01, 1.9563e-04, 7.2968e-15]])
2023-12-02 04:43:01,298 | INFO | hi-lo.kernel-accessor : Fetching kernel: gumbel
2023-12-02 04:43:01,298 | INFO | hi-lo.gumbel-kernel : MU (LOCATION): -1.9507462978363037 | BETA (SCALE): 2.962937116622925
2023-12-02 04:43:01,299 | INFO | hi-lo.gumbel-kernel : TOP-LEFT
tensor([[7.3421e-01, 1.1714e-01, 1.0243e-02],
        [1.1714e-01, 1.0243e-02, 3.8564e-04],
        [1.0243e-02, 3.8564e-04, 4.4565e-06]])
2023-12-02 04:43:01,299 | INFO | hi-lo.kernel-accessor : Fetching kernel: gumbel
2023-12-02 04:43:01,299 | INFO | hi-lo.gumbel-kernel : MU (LOCATION): -2.3494412899017334 | BETA (SCALE): 2.658327102661133
2023-12-02 04:43:01,300 | INFO | hi-lo.gumbel-kernel : TOP-LEFT
tensor([[9.1191e-01, 4.3143e-02, 6.0163e-04],
        [4.3143e-02, 6.0163e-04, 1.4155e-06],
        [6.0163e-04, 1.4155e-06, 2.4929e-10]])
2023-12-02 04:43:09,839 | INFO | hi-lo : END EPOCH:  16 | ACCURACY: 59.38 | LOSS: 0.9921807646751404
2023-12-02 04:43:09,839 | INFO | hi-lo : BEGIN EPOCH 17 =========================================================================
2023-12-02 04:43:09,839 | INFO | hi-lo.kernel-accessor : Fetching kernel: gumbel
2023-12-02 04:43:09,840 | INFO | hi-lo.gumbel-kernel : MU (LOCATION): -0.11902540922164917 | BETA (SCALE): 0.4756373167037964
2023-12-02 04:43:09,840 | INFO | hi-lo.gumbel-kernel : TOP-LEFT
tensor([[1.0000e+00, 8.6879e-07, 0.0000e+00],
        [8.6879e-07, 0.0000e+00, 0.0000e+00],
        [0.0000e+00, 0.0000e+00, 0.0000e+00]])
2023-12-02 04:43:09,841 | INFO | hi-lo.kernel-accessor : Fetching kernel: gumbel
2023-12-02 04:43:09,841 | INFO | hi-lo.gumbel-kernel : MU (LOCATION): -0.5272030830383301 | BETA (SCALE): 0.9896279573440552
2023-12-02 04:43:09,842 | INFO | hi-lo.gumbel-kernel : TOP-LEFT
tensor([[9.9545e-01, 2.2770e-03, 7.4185e-10],
        [2.2770e-03, 7.4185e-10, 6.5697e-27],
        [7.4185e-10, 6.5697e-27, 0.0000e+00]])
2023-12-02 04:43:09,842 | INFO | hi-lo.kernel-accessor : Fetching kernel: gumbel
2023-12-02 04:43:09,842 | INFO | hi-lo.gumbel-kernel : MU (LOCATION): -2.009550094604492 | BETA (SCALE): 3.019341468811035
2023-12-02 04:43:09,843 | INFO | hi-lo.gumbel-kernel : BOTTOM-LEFT
tensor([[1.0744e-02, 4.3202e-04, 5.6017e-06],
        [1.1855e-01, 1.0744e-02, 4.3202e-04],
        [7.2980e-01, 1.1855e-01, 1.0744e-02]])
2023-12-02 04:43:09,843 | INFO | hi-lo.kernel-accessor : Fetching kernel: gumbel
2023-12-02 04:43:09,843 | INFO | hi-lo.gumbel-kernel : MU (LOCATION): -2.1453285217285156 | BETA (SCALE): 2.651681423187256
2023-12-02 04:43:09,844 | INFO | hi-lo.gumbel-kernel : TOP-LEFT
tensor([[8.7646e-01, 5.9649e-02, 1.4089e-03],
        [5.9649e-02, 1.4089e-03, 7.1118e-06],
        [1.4089e-03, 7.1118e-06, 3.7841e-09]])
2023-12-02 04:43:18,373 | INFO | hi-lo : END EPOCH:  17 | ACCURACY: 60.28 | LOSS: 1.3746027946472168
2023-12-02 04:43:18,373 | INFO | hi-lo : BEGIN EPOCH 18 =========================================================================
2023-12-02 04:43:18,373 | INFO | hi-lo.kernel-accessor : Fetching kernel: gumbel
2023-12-02 04:43:18,374 | INFO | hi-lo.gumbel-kernel : MU (LOCATION): -0.12777090072631836 | BETA (SCALE): 0.48066630959510803
2023-12-02 04:43:18,374 | INFO | hi-lo.gumbel-kernel : TOP-LEFT
tensor([[1.0000e+00, 8.2641e-07, 0.0000e+00],
        [8.2641e-07, 0.0000e+00, 0.0000e+00],
        [0.0000e+00, 0.0000e+00, 0.0000e+00]])
2023-12-02 04:43:18,375 | INFO | hi-lo.kernel-accessor : Fetching kernel: gumbel
2023-12-02 04:43:18,375 | INFO | hi-lo.gumbel-kernel : MU (LOCATION): 1 | BETA (SCALE): 1
2023-12-02 04:43:18,376 | INFO | hi-lo.gumbel-kernel : STATIC
tensor([[5.6765e-01, 1.6550e-01, 3.2357e-02],
        [1.6550e-01, 3.2357e-02, 2.1352e-03],
        [3.2357e-02, 2.1352e-03, 7.3562e-06]])
2023-12-02 04:43:18,376 | INFO | hi-lo.kernel-accessor : Fetching kernel: gumbel
2023-12-02 04:43:18,376 | INFO | hi-lo.gumbel-kernel : MU (LOCATION): 1 | BETA (SCALE): 1
2023-12-02 04:43:18,377 | INFO | hi-lo.gumbel-kernel : STATIC
tensor([[5.6765e-01, 1.6550e-01, 3.2357e-02],
        [1.6550e-01, 3.2357e-02, 2.1352e-03],
        [3.2357e-02, 2.1352e-03, 7.3562e-06]])
2023-12-02 04:43:18,377 | INFO | hi-lo.kernel-accessor : Fetching kernel: gumbel
2023-12-02 04:43:18,377 | INFO | hi-lo.gumbel-kernel : MU (LOCATION): -2.532153606414795 | BETA (SCALE): 2.775465965270996
2023-12-02 04:43:18,378 | INFO | hi-lo.gumbel-kernel : TOP-LEFT
tensor([[9.1172e-01, 4.3181e-02, 6.3688e-04],
        [4.3181e-02, 6.3688e-04, 1.7635e-06],
        [6.3688e-04, 1.7635e-06, 4.4376e-10]])
2023-12-02 04:43:26,973 | INFO | hi-lo : END EPOCH:  18 | ACCURACY: 62.85 | LOSS: 0.9269741773605347
2023-12-02 04:43:26,974 | INFO | hi-lo : BEGIN EPOCH 19 =========================================================================
2023-12-02 04:43:26,974 | INFO | hi-lo.kernel-accessor : Fetching kernel: gumbel
2023-12-02 04:43:26,975 | INFO | hi-lo.gumbel-kernel : MU (LOCATION): -0.06458922475576401 | BETA (SCALE): 0.4778178632259369
2023-12-02 04:43:26,975 | INFO | hi-lo.gumbel-kernel : TOP-LEFT
tensor([[9.9998e-01, 1.1114e-05, 2.1799e-39],
        [1.1114e-05, 2.1799e-39, 0.0000e+00],
        [2.1799e-39, 0.0000e+00, 0.0000e+00]])
2023-12-02 04:43:26,975 | INFO | hi-lo.kernel-accessor : Fetching kernel: gumbel
2023-12-02 04:43:26,976 | INFO | hi-lo.gumbel-kernel : MU (LOCATION): -0.6214022636413574 | BETA (SCALE): 0.9791964888572693
2023-12-02 04:43:26,976 | INFO | hi-lo.gumbel-kernel : TOP-LEFT
tensor([[9.9871e-01, 6.4651e-04, 5.5487e-12],
        [6.4651e-04, 5.5487e-12, 1.3635e-33],
        [5.5487e-12, 1.3635e-33, 0.0000e+00]])
2023-12-02 04:43:26,977 | INFO | hi-lo.kernel-accessor : Fetching kernel: gumbel
2023-12-02 04:43:26,977 | INFO | hi-lo.gumbel-kernel : MU (LOCATION): 1 | BETA (SCALE): 1
2023-12-02 04:43:26,977 | INFO | hi-lo.gumbel-kernel : STATIC
tensor([[5.6765e-01, 1.6550e-01, 3.2357e-02],
        [1.6550e-01, 3.2357e-02, 2.1352e-03],
        [3.2357e-02, 2.1352e-03, 7.3562e-06]])
2023-12-02 04:43:26,978 | INFO | hi-lo.kernel-accessor : Fetching kernel: gumbel
2023-12-02 04:43:26,978 | INFO | hi-lo.gumbel-kernel : MU (LOCATION): -1.9650686979293823 | BETA (SCALE): 2.424539804458618
2023-12-02 04:43:26,979 | INFO | hi-lo.gumbel-kernel : BOTTOM-LEFT
tensor([[6.0833e-04, 1.1125e-06, 1.0050e-10],
        [4.5416e-02, 6.0833e-04, 1.1125e-06],
        [9.0734e-01, 4.5416e-02, 6.0833e-04]])
2023-12-02 04:43:35,585 | INFO | hi-lo : END EPOCH:  19 | ACCURACY: 60.27 | LOSS: 1.0747599601745605
2023-12-02 04:43:35,585 | INFO | hi-lo : BEGIN EPOCH 20 =========================================================================
2023-12-02 04:43:35,585 | INFO | hi-lo.kernel-accessor : Fetching kernel: gumbel
2023-12-02 04:43:35,586 | INFO | hi-lo.gumbel-kernel : MU (LOCATION): -0.01935650408267975 | BETA (SCALE): 0.516157329082489
2023-12-02 04:43:35,586 | INFO | hi-lo.gumbel-kernel : BOTTOM-LEFT
tensor([[1.7164e-24, 0.0000e+00, 0.0000e+00],
        [2.3848e-04, 1.7164e-24, 0.0000e+00],
        [9.9952e-01, 2.3848e-04, 1.7164e-24]])
2023-12-02 04:43:35,586 | INFO | hi-lo.kernel-accessor : Fetching kernel: gumbel
2023-12-02 04:43:35,587 | INFO | hi-lo.gumbel-kernel : MU (LOCATION): -0.5947414636611938 | BETA (SCALE): 0.9824438691139221
2023-12-02 04:43:35,587 | INFO | hi-lo.gumbel-kernel : TOP-LEFT
tensor([[9.9808e-01, 9.5791e-04, 2.5781e-11],
        [9.5791e-04, 2.5781e-11, 1.7542e-31],
        [2.5781e-11, 1.7542e-31, 0.0000e+00]])
2023-12-02 04:43:35,587 | INFO | hi-lo.kernel-accessor : Fetching kernel: gumbel
2023-12-02 04:43:35,588 | INFO | hi-lo.gumbel-kernel : MU (LOCATION): 1 | BETA (SCALE): 1
2023-12-02 04:43:35,588 | INFO | hi-lo.gumbel-kernel : STATIC
tensor([[5.6765e-01, 1.6550e-01, 3.2357e-02],
        [1.6550e-01, 3.2357e-02, 2.1352e-03],
        [3.2357e-02, 2.1352e-03, 7.3562e-06]])
2023-12-02 04:43:35,588 | INFO | hi-lo.kernel-accessor : Fetching kernel: gumbel
2023-12-02 04:43:35,589 | INFO | hi-lo.gumbel-kernel : MU (LOCATION): -2.282104730606079 | BETA (SCALE): 2.576817750930786
2023-12-02 04:43:35,589 | INFO | hi-lo.gumbel-kernel : TOP-LEFT
tensor([[9.2168e-01, 3.8514e-02, 4.2927e-04],
        [3.8514e-02, 4.2927e-04, 6.8205e-07],
        [4.2927e-04, 6.8205e-07, 6.1338e-11]])
2023-12-02 04:43:44,143 | INFO | hi-lo : END EPOCH:  20 | ACCURACY: 66.18 | LOSS: 0.955777108669281
2023-12-02 04:43:44,143 | INFO | hi-lo : BEGIN EPOCH 21 =========================================================================
2023-12-02 04:43:44,143 | INFO | hi-lo.kernel-accessor : Fetching kernel: gumbel
2023-12-02 04:43:44,144 | INFO | hi-lo.gumbel-kernel : MU (LOCATION): 1 | BETA (SCALE): 1
2023-12-02 04:43:44,145 | INFO | hi-lo.gumbel-kernel : STATIC
tensor([[5.6765e-01, 1.6550e-01, 3.2357e-02],
        [1.6550e-01, 3.2357e-02, 2.1352e-03],
        [3.2357e-02, 2.1352e-03, 7.3562e-06]])
2023-12-02 04:43:44,145 | INFO | hi-lo.kernel-accessor : Fetching kernel: gumbel
2023-12-02 04:43:44,145 | INFO | hi-lo.gumbel-kernel : MU (LOCATION): -0.5762547254562378 | BETA (SCALE): 0.9112449288368225
2023-12-02 04:43:44,146 | INFO | hi-lo.gumbel-kernel : BOTTOM-LEFT
tensor([[5.9298e-14, 5.3095e-42, 0.0000e+00],
        [2.8313e-04, 5.9298e-14, 5.3095e-42],
        [9.9943e-01, 2.8313e-04, 5.9298e-14]])
2023-12-02 04:43:44,146 | INFO | hi-lo.kernel-accessor : Fetching kernel: gumbel
2023-12-02 04:43:44,146 | INFO | hi-lo.gumbel-kernel : MU (LOCATION): -1.9186880588531494 | BETA (SCALE): 2.6724801063537598
2023-12-02 04:43:44,147 | INFO | hi-lo.gumbel-kernel : BOTTOM-LEFT
tensor([[3.6036e-03, 4.3987e-05, 8.6167e-08],
        [8.3870e-02, 3.6036e-03, 4.3987e-05],
