2023-11-30 12:43:37,904 | INFO | hi-lo : 
+==============================================================+
|                                                              |
| ██████╗  █████╗ ██████╗ ██╗         ██╗      █████╗ ██████╗  |
| ██╔══██╗██╔══██╗██╔══██╗██║         ██║     ██╔══██╗██╔══██╗ |
| ██║  ██║███████║██║  ██║██║         ██║     ███████║██████╔╝ |
| ██║  ██║██╔══██║██║  ██║██║         ██║     ██╔══██║██╔══██╗ |
| ██████╔╝██║  ██║██████╔╝███████╗    ███████╗██║  ██║██████╔╝ |
| ╚═════╝ ╚═╝  ╚═╝╚═════╝ ╚══════╝    ╚══════╝╚═╝  ╚═╝╚═════╝  |
|                                                              |
+==============================================================+
|             Hi-Lo Resolution Image Classification            |
|             -------------------------------------            |
|                       Gabriel C. Trahan                      |
|                          Sahan Ahmad                         |
|                       MD  Aminual Islam                      |
+==============================================================+
| MODEL:                 normal | LR:                      0.1 |
| DISTRO:                gumbel | KERNEL TYPE:               9 |
| DATASET:              cifar10 | BATCH SIZE:               64 |
+=========================================================================+
2023-11-30 12:43:37,905 | INFO | hi-lo : Output directory: output/normal/gumbel/9/cifar10/20231130_124337
2023-11-30 12:43:37,905 | INFO | hi-lo.dataset-accessor : Fetching dataset: cifar10
2023-11-30 12:43:37,905 | INFO | hi-lo.cifar10-dataset : Initializing transform.
2023-11-30 12:43:37,905 | INFO | hi-lo.cifar10-dataset : Verifying/downloading train data.
2023-11-30 12:43:38,504 | INFO | hi-lo.cifar10-dataset : Verifying/downloading test data.
2023-11-30 12:43:38,988 | INFO | hi-lo.cifar10-dataset : Creating train data loader.
2023-11-30 12:43:38,988 | INFO | hi-lo.cifar10-dataset : Creating test data loader.
2023-11-30 12:43:39,973 | INFO | hi-lo : Using device: NVIDIA GeForce GTX 1060 6GB
2023-11-30 12:43:39,974 | INFO | hi-lo : Commencing training phase...
2023-11-30 12:43:39,974 | INFO | hi-lo : BEGIN EPOCH 1 =========================================================================
2023-11-30 12:43:39,974 | INFO | hi-lo.kernel-accessor : Fetching kernel: gumbel
2023-11-30 12:43:39,975 | INFO | hi-lo.gumbel-kernel : MU (LOCATION): 0.0 | BETA (SCALE): 1.0
2023-11-30 12:43:39,976 | INFO | hi-lo.gumbel-kernel : BOTTOM-LEFT
tensor([[2.0072e-04, 2.2609e-10, 8.5377e-26],
        [5.8259e-02, 2.0072e-04, 2.2609e-10],
        [8.8288e-01, 5.8259e-02, 2.0072e-04]])
2023-11-30 12:43:39,976 | INFO | hi-lo.kernel-accessor : Fetching kernel: gumbel
2023-11-30 12:43:39,976 | INFO | hi-lo.gumbel-kernel : MU (LOCATION): 0.0 | BETA (SCALE): 1.0
2023-11-30 12:43:39,976 | INFO | hi-lo.gumbel-kernel : BOTTOM-LEFT
tensor([[2.0072e-04, 2.2609e-10, 8.5377e-26],
        [5.8259e-02, 2.0072e-04, 2.2609e-10],
        [8.8288e-01, 5.8259e-02, 2.0072e-04]])
2023-11-30 12:43:39,977 | INFO | hi-lo.kernel-accessor : Fetching kernel: gumbel
2023-11-30 12:43:39,977 | INFO | hi-lo.gumbel-kernel : MU (LOCATION): 0.0 | BETA (SCALE): 1.0
2023-11-30 12:43:39,977 | INFO | hi-lo.gumbel-kernel : BOTTOM-LEFT
tensor([[2.0072e-04, 2.2609e-10, 8.5377e-26],
        [5.8259e-02, 2.0072e-04, 2.2609e-10],
        [8.8288e-01, 5.8259e-02, 2.0072e-04]])
2023-11-30 12:43:39,977 | INFO | hi-lo.kernel-accessor : Fetching kernel: gumbel
2023-11-30 12:43:39,977 | INFO | hi-lo.gumbel-kernel : MU (LOCATION): 0.0 | BETA (SCALE): 1.0
2023-11-30 12:43:39,978 | INFO | hi-lo.gumbel-kernel : BOTTOM-LEFT
tensor([[2.0072e-04, 2.2609e-10, 8.5377e-26],
        [5.8259e-02, 2.0072e-04, 2.2609e-10],
        [8.8288e-01, 5.8259e-02, 2.0072e-04]])
2023-11-30 12:43:49,104 | INFO | hi-lo : END EPOCH:   1 | ACCURACY: 45.73 | LOSS: 1.6783385276794434
2023-11-30 12:43:49,104 | INFO | hi-lo : BEGIN EPOCH 2 =========================================================================
2023-11-30 12:43:49,105 | INFO | hi-lo.kernel-accessor : Fetching kernel: gumbel
2023-11-30 12:43:49,105 | INFO | hi-lo.gumbel-kernel : MU (LOCATION): 0.034391455352306366 | BETA (SCALE): 0.4927998483181
2023-11-30 12:43:49,106 | INFO | hi-lo.gumbel-kernel : BOTTOM-LEFT
tensor([[5.6355e-24, 0.0000e+00, 0.0000e+00],
        [4.1912e-04, 5.6356e-24, 0.0000e+00],
        [9.9916e-01, 4.1912e-04, 5.6355e-24]])
2023-11-30 12:43:49,106 | INFO | hi-lo.kernel-accessor : Fetching kernel: gumbel
2023-11-30 12:43:49,107 | INFO | hi-lo.gumbel-kernel : MU (LOCATION): 1 | BETA (SCALE): 1
2023-11-30 12:43:49,107 | INFO | hi-lo.gumbel-kernel : STATIC
tensor([[5.6765e-01, 1.6550e-01, 3.2357e-02],
        [1.6550e-01, 3.2357e-02, 2.1352e-03],
        [3.2357e-02, 2.1352e-03, 7.3562e-06]])
2023-11-30 12:43:49,107 | INFO | hi-lo.kernel-accessor : Fetching kernel: gumbel
2023-11-30 12:43:49,108 | INFO | hi-lo.gumbel-kernel : MU (LOCATION): -1.0597645044326782 | BETA (SCALE): 1.3580855131149292
2023-11-30 12:43:49,108 | INFO | hi-lo.gumbel-kernel : TOP-LEFT
tensor([[9.9465e-01, 2.6744e-03, 2.5556e-08],
        [2.6744e-03, 2.5556e-08, 1.8750e-18],
        [2.5556e-08, 1.8750e-18, 2.8682e-39]])
2023-11-30 12:43:49,108 | INFO | hi-lo.kernel-accessor : Fetching kernel: gumbel
2023-11-30 12:43:49,109 | INFO | hi-lo.gumbel-kernel : MU (LOCATION): 1 | BETA (SCALE): 1
2023-11-30 12:43:49,109 | INFO | hi-lo.gumbel-kernel : STATIC
tensor([[5.6765e-01, 1.6550e-01, 3.2357e-02],
        [1.6550e-01, 3.2357e-02, 2.1352e-03],
        [3.2357e-02, 2.1352e-03, 7.3562e-06]])
2023-11-30 12:43:57,455 | INFO | hi-lo : END EPOCH:   2 | ACCURACY: 55.47 | LOSS: 1.1039615869522095
2023-11-30 12:43:57,455 | INFO | hi-lo : BEGIN EPOCH 3 =========================================================================
2023-11-30 12:43:57,455 | INFO | hi-lo.kernel-accessor : Fetching kernel: gumbel
2023-11-30 12:43:57,456 | INFO | hi-lo.gumbel-kernel : MU (LOCATION): -0.06280109286308289 | BETA (SCALE): 0.5059186220169067
2023-11-30 12:43:57,457 | INFO | hi-lo.gumbel-kernel : BOTTOM-LEFT
tensor([[6.8493e-31, 0.0000e+00, 0.0000e+00],
        [4.7863e-05, 6.8493e-31, 0.0000e+00],
        [9.9990e-01, 4.7863e-05, 6.8493e-31]])
2023-11-30 12:43:57,457 | INFO | hi-lo.kernel-accessor : Fetching kernel: gumbel
2023-11-30 12:43:57,457 | INFO | hi-lo.gumbel-kernel : MU (LOCATION): -0.6191190481185913 | BETA (SCALE): 0.8561845421791077
2023-11-30 12:43:57,458 | INFO | hi-lo.gumbel-kernel : BOTTOM-LEFT
tensor([[5.7478e-19, 0.0000e+00, 0.0000e+00],
        [2.5489e-05, 5.7478e-19, 0.0000e+00],
        [9.9995e-01, 2.5489e-05, 5.7478e-19]])
2023-11-30 12:43:57,458 | INFO | hi-lo.kernel-accessor : Fetching kernel: gumbel
2023-11-30 12:43:57,458 | INFO | hi-lo.gumbel-kernel : MU (LOCATION): -1.5690515041351318 | BETA (SCALE): 2.0630218982696533
2023-11-30 12:43:57,459 | INFO | hi-lo.gumbel-kernel : BOTTOM-LEFT
tensor([[1.9758e-04, 6.5491e-08, 1.9843e-13],
        [3.3080e-02, 1.9758e-04, 6.5491e-08],
        [9.3325e-01, 3.3080e-02, 1.9758e-04]])
2023-11-30 12:43:57,459 | INFO | hi-lo.kernel-accessor : Fetching kernel: gumbel
2023-11-30 12:43:57,459 | INFO | hi-lo.gumbel-kernel : MU (LOCATION): -1.285935640335083 | BETA (SCALE): 1.3943580389022827
2023-11-30 12:43:57,460 | INFO | hi-lo.gumbel-kernel : TOP-LEFT
tensor([[9.9872e-01, 6.4199e-04, 3.9361e-10],
        [6.4199e-04, 3.9361e-10, 1.5653e-22],
        [3.9361e-10, 1.5653e-22, 0.0000e+00]])
2023-11-30 12:44:05,810 | INFO | hi-lo : END EPOCH:   3 | ACCURACY: 71.88 | LOSS: 1.3172087669372559
2023-11-30 12:44:05,810 | INFO | hi-lo : BEGIN EPOCH 4 =========================================================================
2023-11-30 12:44:05,810 | INFO | hi-lo.kernel-accessor : Fetching kernel: gumbel
2023-11-30 12:44:05,811 | INFO | hi-lo.gumbel-kernel : MU (LOCATION): -0.07173281162977219 | BETA (SCALE): 0.5153340101242065
2023-11-30 12:44:05,812 | INFO | hi-lo.gumbel-kernel : BOTTOM-LEFT
tensor([[1.2016e-29, 0.0000e+00, 0.0000e+00],
        [5.4537e-05, 1.2016e-29, 0.0000e+00],
        [9.9989e-01, 5.4537e-05, 1.2016e-29]])
2023-11-30 12:44:05,812 | INFO | hi-lo.kernel-accessor : Fetching kernel: gumbel
2023-11-30 12:44:05,813 | INFO | hi-lo.gumbel-kernel : MU (LOCATION): -0.7143559455871582 | BETA (SCALE): 0.8493159413337708
2023-11-30 12:44:05,813 | INFO | hi-lo.gumbel-kernel : BOTTOM-LEFT
tensor([[5.0879e-24, 0.0000e+00, 0.0000e+00],
        [1.7519e-06, 5.0879e-24, 0.0000e+00],
        [1.0000e+00, 1.7519e-06, 5.0879e-24]])
2023-11-30 12:44:05,813 | INFO | hi-lo.kernel-accessor : Fetching kernel: gumbel
2023-11-30 12:44:05,814 | INFO | hi-lo.gumbel-kernel : MU (LOCATION): 1 | BETA (SCALE): 1
2023-11-30 12:44:05,814 | INFO | hi-lo.gumbel-kernel : STATIC
tensor([[5.6765e-01, 1.6550e-01, 3.2357e-02],
        [1.6550e-01, 3.2357e-02, 2.1352e-03],
        [3.2357e-02, 2.1352e-03, 7.3562e-06]])
2023-11-30 12:44:05,814 | INFO | hi-lo.kernel-accessor : Fetching kernel: gumbel
2023-11-30 12:44:05,815 | INFO | hi-lo.gumbel-kernel : MU (LOCATION): 1 | BETA (SCALE): 1
2023-11-30 12:44:05,815 | INFO | hi-lo.gumbel-kernel : STATIC
tensor([[5.6765e-01, 1.6550e-01, 3.2357e-02],
        [1.6550e-01, 3.2357e-02, 2.1352e-03],
        [3.2357e-02, 2.1352e-03, 7.3562e-06]])
2023-11-30 12:44:14,177 | INFO | hi-lo : END EPOCH:   4 | ACCURACY: 58.59 | LOSS: 1.0516282320022583
2023-11-30 12:44:14,177 | INFO | hi-lo : BEGIN EPOCH 5 =========================================================================
2023-11-30 12:44:14,178 | INFO | hi-lo.kernel-accessor : Fetching kernel: gumbel
2023-11-30 12:44:14,178 | INFO | hi-lo.gumbel-kernel : MU (LOCATION): -0.09719141572713852 | BETA (SCALE): 0.47205039858818054
2023-11-30 12:44:14,179 | INFO | hi-lo.gumbel-kernel : TOP-LEFT
tensor([[1.0000e+00, 1.9166e-06, 0.0000e+00],
        [1.9166e-06, 0.0000e+00, 0.0000e+00],
        [0.0000e+00, 0.0000e+00, 0.0000e+00]])
2023-11-30 12:44:14,179 | INFO | hi-lo.kernel-accessor : Fetching kernel: gumbel
2023-11-30 12:44:14,180 | INFO | hi-lo.gumbel-kernel : MU (LOCATION): -0.656851589679718 | BETA (SCALE): 0.9177863001823425
2023-11-30 12:44:14,180 | INFO | hi-lo.gumbel-kernel : BOTTOM-LEFT
tensor([[6.4272e-16, 0.0000e+00, 0.0000e+00],
        [8.7330e-05, 6.4272e-16, 0.0000e+00],
        [9.9983e-01, 8.7330e-05, 6.4272e-16]])
2023-11-30 12:44:14,180 | INFO | hi-lo.kernel-accessor : Fetching kernel: gumbel
2023-11-30 12:44:14,181 | INFO | hi-lo.gumbel-kernel : MU (LOCATION): -2.2259368896484375 | BETA (SCALE): 2.724839925765991
2023-11-30 12:44:14,181 | INFO | hi-lo.gumbel-kernel : TOP-LEFT
tensor([[8.7067e-01, 6.2217e-02, 1.6238e-03],
        [6.2217e-02, 1.6238e-03, 9.9031e-06],
        [1.6238e-03, 9.9031e-06, 7.4076e-09]])
2023-11-30 12:44:14,181 | INFO | hi-lo.kernel-accessor : Fetching kernel: gumbel
2023-11-30 12:44:14,182 | INFO | hi-lo.gumbel-kernel : MU (LOCATION): -1.2520651817321777 | BETA (SCALE): 1.5321234464645386
2023-11-30 12:44:14,182 | INFO | hi-lo.gumbel-kernel : TOP-LEFT
tensor([[9.9080e-01, 4.5992e-03, 2.7675e-07],
        [4.5992e-03, 2.7675e-07, 3.9500e-15],
        [2.7675e-07, 3.9500e-15, 6.1481e-30]])
2023-11-30 12:44:22,582 | INFO | hi-lo : END EPOCH:   5 | ACCURACY: 53.44 | LOSS: 1.3090362548828125
2023-11-30 12:44:22,582 | INFO | hi-lo : BEGIN EPOCH 6 =========================================================================
2023-11-30 12:44:22,582 | INFO | hi-lo.kernel-accessor : Fetching kernel: gumbel
2023-11-30 12:44:22,583 | INFO | hi-lo.gumbel-kernel : MU (LOCATION): -0.07995747774839401 | BETA (SCALE): 0.4573054909706116
2023-11-30 12:44:22,583 | INFO | hi-lo.gumbel-kernel : TOP-LEFT
tensor([[1.0000e+00, 1.5116e-06, 0.0000e+00],
        [1.5116e-06, 0.0000e+00, 0.0000e+00],
        [0.0000e+00, 0.0000e+00, 0.0000e+00]])
2023-11-30 12:44:22,583 | INFO | hi-lo.kernel-accessor : Fetching kernel: gumbel
2023-11-30 12:44:22,584 | INFO | hi-lo.gumbel-kernel : MU (LOCATION): 1 | BETA (SCALE): 1
2023-11-30 12:44:22,584 | INFO | hi-lo.gumbel-kernel : STATIC
tensor([[5.6765e-01, 1.6550e-01, 3.2357e-02],
        [1.6550e-01, 3.2357e-02, 2.1352e-03],
        [3.2357e-02, 2.1352e-03, 7.3562e-06]])
2023-11-30 12:44:22,584 | INFO | hi-lo.kernel-accessor : Fetching kernel: gumbel
2023-11-30 12:44:22,585 | INFO | hi-lo.gumbel-kernel : MU (LOCATION): 1 | BETA (SCALE): 1
2023-11-30 12:44:22,585 | INFO | hi-lo.gumbel-kernel : STATIC
tensor([[5.6765e-01, 1.6550e-01, 3.2357e-02],
        [1.6550e-01, 3.2357e-02, 2.1352e-03],
        [3.2357e-02, 2.1352e-03, 7.3562e-06]])
2023-11-30 12:44:22,585 | INFO | hi-lo.kernel-accessor : Fetching kernel: gumbel
2023-11-30 12:44:22,586 | INFO | hi-lo.gumbel-kernel : MU (LOCATION): -2.3544154167175293 | BETA (SCALE): 2.728694200515747
2023-11-30 12:44:22,586 | INFO | hi-lo.gumbel-kernel : TOP-LEFT
tensor([[8.9387e-01, 5.1577e-02, 9.9024e-04],
        [5.1577e-02, 9.9024e-04, 3.8867e-06],
        [9.9024e-04, 3.8867e-06, 1.5446e-09]])
2023-11-30 12:44:30,942 | INFO | hi-lo : END EPOCH:   6 | ACCURACY: 60.09 | LOSS: 1.0742374658584595
2023-11-30 12:44:30,942 | INFO | hi-lo : BEGIN EPOCH 7 =========================================================================
2023-11-30 12:44:30,942 | INFO | hi-lo.kernel-accessor : Fetching kernel: gumbel
2023-11-30 12:44:30,943 | INFO | hi-lo.gumbel-kernel : MU (LOCATION): 0.012549005448818207 | BETA (SCALE): 0.5211183428764343
2023-11-30 12:44:30,944 | INFO | hi-lo.gumbel-kernel : TOP-LEFT
tensor([[9.9885e-01, 5.7535e-04, 3.3988e-21],
        [5.7535e-04, 3.3987e-21, 0.0000e+00],
        [3.3988e-21, 0.0000e+00, 0.0000e+00]])
2023-11-30 12:44:30,944 | INFO | hi-lo.kernel-accessor : Fetching kernel: gumbel
2023-11-30 12:44:30,944 | INFO | hi-lo.gumbel-kernel : MU (LOCATION): -0.7357878684997559 | BETA (SCALE): 0.9724527597427368
2023-11-30 12:44:30,945 | INFO | hi-lo.gumbel-kernel : BOTTOM-LEFT
tensor([[4.5258e-15, 5.8014e-43, 0.0000e+00],
        [1.0238e-04, 4.5258e-15, 5.8014e-43],
        [9.9980e-01, 1.0238e-04, 4.5258e-15]])
2023-11-30 12:44:30,945 | INFO | hi-lo.kernel-accessor : Fetching kernel: gumbel
2023-11-30 12:44:30,945 | INFO | hi-lo.gumbel-kernel : MU (LOCATION): 1 | BETA (SCALE): 1
2023-11-30 12:44:30,946 | INFO | hi-lo.gumbel-kernel : STATIC
tensor([[5.6765e-01, 1.6550e-01, 3.2357e-02],
        [1.6550e-01, 3.2357e-02, 2.1352e-03],
        [3.2357e-02, 2.1352e-03, 7.3562e-06]])
2023-11-30 12:44:30,946 | INFO | hi-lo.kernel-accessor : Fetching kernel: gumbel
2023-11-30 12:44:30,946 | INFO | hi-lo.gumbel-kernel : MU (LOCATION): -1.7147295475006104 | BETA (SCALE): 2.1868233680725098
2023-11-30 12:44:30,947 | INFO | hi-lo.gumbel-kernel : TOP-LEFT
tensor([[9.2652e-01, 3.6316e-02, 2.8372e-04],
        [3.6316e-02, 2.8372e-04, 1.7342e-07],
        [2.8372e-04, 1.7342e-07, 1.8931e-12]])
2023-11-30 12:44:39,320 | INFO | hi-lo : END EPOCH:   7 | ACCURACY: 61.2 | LOSS: 1.2240842580795288
2023-11-30 12:44:39,320 | INFO | hi-lo : BEGIN EPOCH 8 =========================================================================
2023-11-30 12:44:39,320 | INFO | hi-lo.kernel-accessor : Fetching kernel: gumbel
2023-11-30 12:44:39,321 | INFO | hi-lo.gumbel-kernel : MU (LOCATION): 1 | BETA (SCALE): 1
2023-11-30 12:44:39,322 | INFO | hi-lo.gumbel-kernel : STATIC
tensor([[5.6765e-01, 1.6550e-01, 3.2357e-02],
        [1.6550e-01, 3.2357e-02, 2.1352e-03],
        [3.2357e-02, 2.1352e-03, 7.3562e-06]])
2023-11-30 12:44:39,322 | INFO | hi-lo.kernel-accessor : Fetching kernel: gumbel
2023-11-30 12:44:39,322 | INFO | hi-lo.gumbel-kernel : MU (LOCATION): -0.6660664677619934 | BETA (SCALE): 0.8190104961395264
2023-11-30 12:44:39,323 | INFO | hi-lo.gumbel-kernel : TOP-LEFT
tensor([[1.0000e+00, 1.5465e-06, 5.6995e-25],
        [1.5465e-06, 5.6995e-25, 0.0000e+00],
        [5.6995e-25, 0.0000e+00, 0.0000e+00]])
2023-11-30 12:44:39,323 | INFO | hi-lo.kernel-accessor : Fetching kernel: gumbel
2023-11-30 12:44:39,323 | INFO | hi-lo.gumbel-kernel : MU (LOCATION): -1.8356266021728516 | BETA (SCALE): 2.5358357429504395
2023-11-30 12:44:39,324 | INFO | hi-lo.gumbel-kernel : TOP-LEFT
tensor([[8.4689e-01, 7.3040e-02, 2.3313e-03],
        [7.3040e-02, 2.3313e-03, 1.7032e-05],
        [2.3313e-03, 1.7032e-05, 1.3962e-08]])
2023-11-30 12:44:39,324 | INFO | hi-lo.kernel-accessor : Fetching kernel: gumbel
2023-11-30 12:44:39,324 | INFO | hi-lo.gumbel-kernel : MU (LOCATION): 1 | BETA (SCALE): 1
2023-11-30 12:44:39,325 | INFO | hi-lo.gumbel-kernel : STATIC
tensor([[5.6765e-01, 1.6550e-01, 3.2357e-02],
        [1.6550e-01, 3.2357e-02, 2.1352e-03],
        [3.2357e-02, 2.1352e-03, 7.3562e-06]])
2023-11-30 12:44:47,687 | INFO | hi-lo : END EPOCH:   8 | ACCURACY: 64.06 | LOSS: 1.0396950244903564
2023-11-30 12:44:47,687 | INFO | hi-lo : BEGIN EPOCH 9 =========================================================================
2023-11-30 12:44:47,687 | INFO | hi-lo.kernel-accessor : Fetching kernel: gumbel
2023-11-30 12:44:47,688 | INFO | hi-lo.gumbel-kernel : MU (LOCATION): -0.11886360496282578 | BETA (SCALE): 0.5096171498298645
2023-11-30 12:44:47,688 | INFO | hi-lo.gumbel-kernel : TOP-LEFT
tensor([[9.9998e-01, 8.1910e-06, 8.5393e-37],
        [8.1910e-06, 8.5393e-37, 0.0000e+00],
        [8.5393e-37, 0.0000e+00, 0.0000e+00]])
2023-11-30 12:44:47,689 | INFO | hi-lo.kernel-accessor : Fetching kernel: gumbel
2023-11-30 12:44:47,689 | INFO | hi-lo.gumbel-kernel : MU (LOCATION): 1 | BETA (SCALE): 1
2023-11-30 12:44:47,690 | INFO | hi-lo.gumbel-kernel : STATIC
tensor([[5.6765e-01, 1.6550e-01, 3.2357e-02],
        [1.6550e-01, 3.2357e-02, 2.1352e-03],
        [3.2357e-02, 2.1352e-03, 7.3562e-06]])
2023-11-30 12:44:47,690 | INFO | hi-lo.kernel-accessor : Fetching kernel: gumbel
2023-11-30 12:44:47,690 | INFO | hi-lo.gumbel-kernel : MU (LOCATION): -1.9404325485229492 | BETA (SCALE): 2.5645925998687744
2023-11-30 12:44:47,691 | INFO | hi-lo.gumbel-kernel : BOTTOM-LEFT
tensor([[1.8475e-03, 1.1112e-05, 7.0255e-09],
        [6.6834e-02, 1.8475e-03, 1.1112e-05],
        [8.6077e-01, 6.6834e-02, 1.8475e-03]])
2023-11-30 12:44:47,691 | INFO | hi-lo.kernel-accessor : Fetching kernel: gumbel
2023-11-30 12:44:47,691 | INFO | hi-lo.gumbel-kernel : MU (LOCATION): 1 | BETA (SCALE): 1
2023-11-30 12:44:47,692 | INFO | hi-lo.gumbel-kernel : STATIC
tensor([[5.6765e-01, 1.6550e-01, 3.2357e-02],
        [1.6550e-01, 3.2357e-02, 2.1352e-03],
        [3.2357e-02, 2.1352e-03, 7.3562e-06]])
2023-11-30 12:44:56,236 | INFO | hi-lo : END EPOCH:   9 | ACCURACY: 64.27 | LOSS: 1.4747222661972046
2023-11-30 12:44:56,236 | INFO | hi-lo : BEGIN EPOCH 10 =========================================================================
2023-11-30 12:44:56,236 | INFO | hi-lo.kernel-accessor : Fetching kernel: gumbel
2023-11-30 12:44:56,237 | INFO | hi-lo.gumbel-kernel : MU (LOCATION): -0.07881639897823334 | BETA (SCALE): 0.5202696323394775
2023-11-30 12:44:56,237 | INFO | hi-lo.gumbel-kernel : TOP-LEFT
tensor([[9.9989e-01, 5.4225e-05, 2.8054e-29],
        [5.4225e-05, 2.8054e-29, 0.0000e+00],
        [2.8054e-29, 0.0000e+00, 0.0000e+00]])
2023-11-30 12:44:56,237 | INFO | hi-lo.kernel-accessor : Fetching kernel: gumbel
2023-11-30 12:44:56,237 | INFO | hi-lo.gumbel-kernel : MU (LOCATION): -0.6938316822052002 | BETA (SCALE): 0.9200946092605591
2023-11-30 12:44:56,238 | INFO | hi-lo.gumbel-kernel : TOP-LEFT
tensor([[9.9991e-01, 4.7003e-05, 5.8607e-17],
        [4.7003e-05, 5.8607e-17, 0.0000e+00],
        [5.8607e-17, 0.0000e+00, 0.0000e+00]])
2023-11-30 12:44:56,238 | INFO | hi-lo.kernel-accessor : Fetching kernel: gumbel
2023-11-30 12:44:56,238 | INFO | hi-lo.gumbel-kernel : MU (LOCATION): -1.867658257484436 | BETA (SCALE): 2.83013916015625
2023-11-30 12:44:56,238 | INFO | hi-lo.gumbel-kernel : BOTTOM-LEFT
tensor([[7.9951e-03, 2.2532e-04, 1.6251e-06],
        [1.0893e-01, 7.9951e-03, 2.2532e-04],
        [7.5770e-01, 1.0893e-01, 7.9951e-03]])
2023-11-30 12:44:56,238 | INFO | hi-lo.kernel-accessor : Fetching kernel: gumbel
2023-11-30 12:44:56,239 | INFO | hi-lo.gumbel-kernel : MU (LOCATION): 1 | BETA (SCALE): 1
2023-11-30 12:44:56,239 | INFO | hi-lo.gumbel-kernel : STATIC
tensor([[5.6765e-01, 1.6550e-01, 3.2357e-02],
        [1.6550e-01, 3.2357e-02, 2.1352e-03],
        [3.2357e-02, 2.1352e-03, 7.3562e-06]])
2023-11-30 12:45:04,736 | INFO | hi-lo : END EPOCH:  10 | ACCURACY: 67.19 | LOSS: 0.9522746801376343
2023-11-30 12:45:04,736 | INFO | hi-lo : BEGIN EPOCH 11 =========================================================================
2023-11-30 12:45:04,736 | INFO | hi-lo.kernel-accessor : Fetching kernel: gumbel
2023-11-30 12:45:04,737 | INFO | hi-lo.gumbel-kernel : MU (LOCATION): -0.06443364918231964 | BETA (SCALE): 0.4964655339717865
2023-11-30 12:45:04,737 | INFO | hi-lo.gumbel-kernel : TOP-LEFT
tensor([[9.9994e-01, 2.9408e-05, 1.5359e-33],
        [2.9408e-05, 1.5358e-33, 0.0000e+00],
        [1.5359e-33, 0.0000e+00, 0.0000e+00]])
2023-11-30 12:45:04,737 | INFO | hi-lo.kernel-accessor : Fetching kernel: gumbel
2023-11-30 12:45:04,738 | INFO | hi-lo.gumbel-kernel : MU (LOCATION): -0.6394962072372437 | BETA (SCALE): 0.9273318648338318
2023-11-30 12:45:04,738 | INFO | hi-lo.gumbel-kernel : TOP-LEFT
tensor([[9.9969e-01, 1.5326e-04, 7.5850e-15],
        [1.5326e-04, 7.5850e-15, 0.0000e+00],
        [7.5850e-15, 0.0000e+00, 0.0000e+00]])
2023-11-30 12:45:04,738 | INFO | hi-lo.kernel-accessor : Fetching kernel: gumbel
2023-11-30 12:45:04,739 | INFO | hi-lo.gumbel-kernel : MU (LOCATION): 1 | BETA (SCALE): 1
2023-11-30 12:45:04,739 | INFO | hi-lo.gumbel-kernel : STATIC
tensor([[5.6765e-01, 1.6550e-01, 3.2357e-02],
        [1.6550e-01, 3.2357e-02, 2.1352e-03],
        [3.2357e-02, 2.1352e-03, 7.3562e-06]])
2023-11-30 12:45:04,739 | INFO | hi-lo.kernel-accessor : Fetching kernel: gumbel
2023-11-30 12:45:04,740 | INFO | hi-lo.gumbel-kernel : MU (LOCATION): -2.7407212257385254 | BETA (SCALE): 2.8924026489257812
2023-11-30 12:45:04,740 | INFO | hi-lo.gumbel-kernel : TOP-LEFT
tensor([[9.1521e-01, 4.1489e-02, 6.0453e-04],
        [4.1489e-02, 6.0453e-04, 1.7717e-06],
        [6.0453e-04, 1.7717e-06, 5.3850e-10]])
2023-11-30 12:45:13,166 | INFO | hi-lo : END EPOCH:  11 | ACCURACY: 71.09 | LOSS: 1.1645363569259644
2023-11-30 12:45:13,166 | INFO | hi-lo : BEGIN EPOCH 12 =========================================================================
2023-11-30 12:45:13,166 | INFO | hi-lo.kernel-accessor : Fetching kernel: gumbel
2023-11-30 12:45:13,167 | INFO | hi-lo.gumbel-kernel : MU (LOCATION): -0.10167019814252853 | BETA (SCALE): 0.5027204155921936
2023-11-30 12:45:13,168 | INFO | hi-lo.gumbel-kernel : BOTTOM-LEFT
tensor([[1.4170e-36, 0.0000e+00, 0.0000e+00],
        [1.0712e-05, 1.4170e-36, 0.0000e+00],
        [9.9998e-01, 1.0712e-05, 1.4170e-36]])
2023-11-30 12:45:13,168 | INFO | hi-lo.kernel-accessor : Fetching kernel: gumbel
2023-11-30 12:45:13,168 | INFO | hi-lo.gumbel-kernel : MU (LOCATION): -0.6791728734970093 | BETA (SCALE): 0.9518661499023438
2023-11-30 12:45:13,169 | INFO | hi-lo.gumbel-kernel : BOTTOM-LEFT
tensor([[1.2706e-14, 1.4335e-42, 0.0000e+00],
        [1.5115e-04, 1.2706e-14, 1.4335e-42],
        [9.9970e-01, 1.5115e-04, 1.2706e-14]])
2023-11-30 12:45:13,169 | INFO | hi-lo.kernel-accessor : Fetching kernel: gumbel
2023-11-30 12:45:13,169 | INFO | hi-lo.gumbel-kernel : MU (LOCATION): 1 | BETA (SCALE): 1
2023-11-30 12:45:13,170 | INFO | hi-lo.gumbel-kernel : STATIC
tensor([[5.6765e-01, 1.6550e-01, 3.2357e-02],
        [1.6550e-01, 3.2357e-02, 2.1352e-03],
        [3.2357e-02, 2.1352e-03, 7.3562e-06]])
2023-11-30 12:45:13,170 | INFO | hi-lo.kernel-accessor : Fetching kernel: gumbel
2023-11-30 12:45:13,170 | INFO | hi-lo.gumbel-kernel : MU (LOCATION): -2.4374728202819824 | BETA (SCALE): 2.966111660003662
2023-11-30 12:45:13,171 | INFO | hi-lo.gumbel-kernel : TOP-LEFT
tensor([[8.4036e-01, 7.5372e-02, 2.9429e-03],
        [7.5372e-02, 2.9429e-03, 3.5839e-05],
        [2.9429e-03, 3.5839e-05, 8.5326e-08]])
2023-11-30 12:45:21,648 | INFO | hi-lo : END EPOCH:  12 | ACCURACY: 63.28 | LOSS: 1.1596081256866455
2023-11-30 12:45:21,648 | INFO | hi-lo : BEGIN EPOCH 13 =========================================================================
2023-11-30 12:45:21,648 | INFO | hi-lo.kernel-accessor : Fetching kernel: gumbel
2023-11-30 12:45:21,649 | INFO | hi-lo.gumbel-kernel : MU (LOCATION): 0.004546141717582941 | BETA (SCALE): 0.4761032462120056
2023-11-30 12:45:21,649 | INFO | hi-lo.gumbel-kernel : BOTTOM-LEFT
tensor([[1.4658e-30, 0.0000e+00, 0.0000e+00],
        [1.0790e-04, 1.4658e-30, 0.0000e+00],
        [9.9978e-01, 1.0790e-04, 1.4658e-30]])
2023-11-30 12:45:21,650 | INFO | hi-lo.kernel-accessor : Fetching kernel: gumbel
2023-11-30 12:45:21,650 | INFO | hi-lo.gumbel-kernel : MU (LOCATION): -0.6300340890884399 | BETA (SCALE): 0.9439045786857605
2023-11-30 12:45:21,650 | INFO | hi-lo.gumbel-kernel : BOTTOM-LEFT
tensor([[9.9338e-14, 4.5171e-40, 0.0000e+00],
        [2.6879e-04, 9.9337e-14, 4.5171e-40],
        [9.9946e-01, 2.6879e-04, 9.9338e-14]])
2023-11-30 12:45:21,651 | INFO | hi-lo.kernel-accessor : Fetching kernel: gumbel
2023-11-30 12:45:21,651 | INFO | hi-lo.gumbel-kernel : MU (LOCATION): -2.4631733894348145 | BETA (SCALE): 2.8831443786621094
2023-11-30 12:45:21,651 | INFO | hi-lo.gumbel-kernel : TOP-LEFT
tensor([[8.7012e-01, 6.2336e-02, 1.7287e-03],
        [6.2336e-02, 1.7287e-03, 1.2520e-05],
        [1.7287e-03, 1.2520e-05, 1.3572e-08]])
2023-11-30 12:45:21,652 | INFO | hi-lo.kernel-accessor : Fetching kernel: gumbel
2023-11-30 12:45:21,652 | INFO | hi-lo.gumbel-kernel : MU (LOCATION): -1.8185828924179077 | BETA (SCALE): 2.280034065246582
2023-11-30 12:45:21,652 | INFO | hi-lo.gumbel-kernel : TOP-LEFT
tensor([[9.2019e-01, 3.9340e-02, 3.7754e-04],
        [3.9340e-02, 3.7754e-04, 3.5734e-07],
        [3.7754e-04, 3.5734e-07, 9.3188e-12]])
2023-11-30 12:45:30,069 | INFO | hi-lo : END EPOCH:  13 | ACCURACY: 56.35 | LOSS: 1.2216449975967407
2023-11-30 12:45:30,069 | INFO | hi-lo : BEGIN EPOCH 14 =========================================================================
2023-11-30 12:45:30,069 | INFO | hi-lo.kernel-accessor : Fetching kernel: gumbel
2023-11-30 12:45:30,070 | INFO | hi-lo.gumbel-kernel : MU (LOCATION): -0.18247531354427338 | BETA (SCALE): 0.4753890037536621
2023-11-30 12:45:30,071 | INFO | hi-lo.gumbel-kernel : TOP-LEFT
tensor([[1.0000e+00, 2.2551e-08, 0.0000e+00],
        [2.2551e-08, 0.0000e+00, 0.0000e+00],
        [0.0000e+00, 0.0000e+00, 0.0000e+00]])
2023-11-30 12:45:30,071 | INFO | hi-lo.kernel-accessor : Fetching kernel: gumbel
2023-11-30 12:45:30,071 | INFO | hi-lo.gumbel-kernel : MU (LOCATION): 1 | BETA (SCALE): 1
2023-11-30 12:45:30,072 | INFO | hi-lo.gumbel-kernel : STATIC
tensor([[5.6765e-01, 1.6550e-01, 3.2357e-02],
        [1.6550e-01, 3.2357e-02, 2.1352e-03],
        [3.2357e-02, 2.1352e-03, 7.3562e-06]])
2023-11-30 12:45:30,072 | INFO | hi-lo.kernel-accessor : Fetching kernel: gumbel
2023-11-30 12:45:30,072 | INFO | hi-lo.gumbel-kernel : MU (LOCATION): -2.6520886421203613 | BETA (SCALE): 3.3077640533447266
2023-11-30 12:45:30,073 | INFO | hi-lo.gumbel-kernel : TOP-LEFT
tensor([[7.7966e-01, 9.9676e-02, 6.8595e-03],
        [9.9676e-02, 6.8595e-03, 2.0420e-04],
        [6.8595e-03, 2.0420e-04, 1.9562e-06]])
2023-11-30 12:45:30,073 | INFO | hi-lo.kernel-accessor : Fetching kernel: gumbel
2023-11-30 12:45:30,073 | INFO | hi-lo.gumbel-kernel : MU (LOCATION): -1.9156476259231567 | BETA (SCALE): 2.4401936531066895
2023-11-30 12:45:30,074 | INFO | hi-lo.gumbel-kernel : BOTTOM-LEFT
tensor([[8.8024e-04, 2.3261e-06, 3.7413e-10],
        [5.1957e-02, 8.8024e-04, 2.3261e-06],
        [8.9344e-01, 5.1957e-02, 8.8024e-04]])
2023-11-30 12:45:38,514 | INFO | hi-lo : END EPOCH:  14 | ACCURACY: 69.53 | LOSS: 1.1380538940429688
2023-11-30 12:45:38,514 | INFO | hi-lo : BEGIN EPOCH 15 =========================================================================
2023-11-30 12:45:38,514 | INFO | hi-lo.kernel-accessor : Fetching kernel: gumbel
2023-11-30 12:45:38,515 | INFO | hi-lo.gumbel-kernel : MU (LOCATION): 1 | BETA (SCALE): 1
2023-11-30 12:45:38,516 | INFO | hi-lo.gumbel-kernel : STATIC
tensor([[5.6765e-01, 1.6550e-01, 3.2357e-02],
        [1.6550e-01, 3.2357e-02, 2.1352e-03],
        [3.2357e-02, 2.1352e-03, 7.3562e-06]])
2023-11-30 12:45:38,516 | INFO | hi-lo.kernel-accessor : Fetching kernel: gumbel
2023-11-30 12:45:38,516 | INFO | hi-lo.gumbel-kernel : MU (LOCATION): 1 | BETA (SCALE): 1
2023-11-30 12:45:38,517 | INFO | hi-lo.gumbel-kernel : STATIC
tensor([[5.6765e-01, 1.6550e-01, 3.2357e-02],
        [1.6550e-01, 3.2357e-02, 2.1352e-03],
        [3.2357e-02, 2.1352e-03, 7.3562e-06]])
2023-11-30 12:45:38,517 | INFO | hi-lo.kernel-accessor : Fetching kernel: gumbel
2023-11-30 12:45:38,517 | INFO | hi-lo.gumbel-kernel : MU (LOCATION): 1 | BETA (SCALE): 1
2023-11-30 12:45:38,518 | INFO | hi-lo.gumbel-kernel : STATIC
tensor([[5.6765e-01, 1.6550e-01, 3.2357e-02],
        [1.6550e-01, 3.2357e-02, 2.1352e-03],
        [3.2357e-02, 2.1352e-03, 7.3562e-06]])
2023-11-30 12:45:38,518 | INFO | hi-lo.kernel-accessor : Fetching kernel: gumbel
2023-11-30 12:45:38,518 | INFO | hi-lo.gumbel-kernel : MU (LOCATION): 1 | BETA (SCALE): 1
2023-11-30 12:45:38,519 | INFO | hi-lo.gumbel-kernel : STATIC
tensor([[5.6765e-01, 1.6550e-01, 3.2357e-02],
        [1.6550e-01, 3.2357e-02, 2.1352e-03],
        [3.2357e-02, 2.1352e-03, 7.3562e-06]])
2023-11-30 12:45:46,925 | INFO | hi-lo : END EPOCH:  15 | ACCURACY: 67.19 | LOSS: 0.8858351707458496
2023-11-30 12:45:46,925 | INFO | hi-lo : BEGIN EPOCH 16 =========================================================================
2023-11-30 12:45:46,925 | INFO | hi-lo.kernel-accessor : Fetching kernel: gumbel
2023-11-30 12:45:46,926 | INFO | hi-lo.gumbel-kernel : MU (LOCATION): -0.025951813906431198 | BETA (SCALE): 0.5021926760673523
2023-11-30 12:45:46,926 | INFO | hi-lo.gumbel-kernel : BOTTOM-LEFT
tensor([[8.1961e-28, 0.0000e+00, 0.0000e+00],
        [1.2279e-04, 8.1961e-28, 0.0000e+00],
        [9.9975e-01, 1.2279e-04, 8.1961e-28]])
2023-11-30 12:45:46,926 | INFO | hi-lo.kernel-accessor : Fetching kernel: gumbel
2023-11-30 12:45:46,927 | INFO | hi-lo.gumbel-kernel : MU (LOCATION): -0.6138412952423096 | BETA (SCALE): 0.9747240543365479
2023-11-30 12:45:46,927 | INFO | hi-lo.gumbel-kernel : TOP-LEFT
tensor([[9.9869e-01, 6.5321e-04, 5.3581e-12],
        [6.5321e-04, 5.3581e-12, 9.3080e-34],
        [5.3581e-12, 9.3080e-34, 0.0000e+00]])
2023-11-30 12:45:46,927 | INFO | hi-lo.kernel-accessor : Fetching kernel: gumbel
2023-11-30 12:45:46,928 | INFO | hi-lo.gumbel-kernel : MU (LOCATION): 1 | BETA (SCALE): 1
2023-11-30 12:45:46,928 | INFO | hi-lo.gumbel-kernel : STATIC
tensor([[5.6765e-01, 1.6550e-01, 3.2357e-02],
        [1.6550e-01, 3.2357e-02, 2.1352e-03],
        [3.2357e-02, 2.1352e-03, 7.3562e-06]])
2023-11-30 12:45:46,928 | INFO | hi-lo.kernel-accessor : Fetching kernel: gumbel
2023-11-30 12:45:46,929 | INFO | hi-lo.gumbel-kernel : MU (LOCATION): -1.6992300748825073 | BETA (SCALE): 2.0519301891326904
2023-11-30 12:45:46,929 | INFO | hi-lo.gumbel-kernel : TOP-LEFT
tensor([[9.5607e-01, 2.1870e-02, 6.3363e-05],
        [2.1870e-02, 6.3363e-05, 6.3515e-09],
        [6.3363e-05, 6.3515e-09, 2.6640e-15]])
2023-11-30 12:45:55,424 | INFO | hi-lo : END EPOCH:  16 | ACCURACY: 64.09 | LOSS: 1.1053745746612549
2023-11-30 12:45:55,425 | INFO | hi-lo : BEGIN EPOCH 17 =========================================================================
2023-11-30 12:45:55,425 | INFO | hi-lo.kernel-accessor : Fetching kernel: gumbel
2023-11-30 12:45:55,426 | INFO | hi-lo.gumbel-kernel : MU (LOCATION): -0.10075267404317856 | BETA (SCALE): 0.5155619382858276
2023-11-30 12:45:55,426 | INFO | hi-lo.gumbel-kernel : TOP-LEFT
tensor([[9.9996e-01, 2.1568e-05, 7.8057e-33],
        [2.1568e-05, 7.8054e-33, 0.0000e+00],
        [7.8057e-33, 0.0000e+00, 0.0000e+00]])
2023-11-30 12:45:55,426 | INFO | hi-lo.kernel-accessor : Fetching kernel: gumbel
2023-11-30 12:45:55,427 | INFO | hi-lo.gumbel-kernel : MU (LOCATION): 1 | BETA (SCALE): 1
2023-11-30 12:45:55,427 | INFO | hi-lo.gumbel-kernel : STATIC
tensor([[5.6765e-01, 1.6550e-01, 3.2357e-02],
        [1.6550e-01, 3.2357e-02, 2.1352e-03],
        [3.2357e-02, 2.1352e-03, 7.3562e-06]])
2023-11-30 12:45:55,427 | INFO | hi-lo.kernel-accessor : Fetching kernel: gumbel
2023-11-30 12:45:55,428 | INFO | hi-lo.gumbel-kernel : MU (LOCATION): -2.3860931396484375 | BETA (SCALE): 3.190678119659424
2023-11-30 12:45:55,428 | INFO | hi-lo.gumbel-kernel : TOP-LEFT
tensor([[7.5965e-01, 1.0744e-01, 8.3014e-03],
        [1.0744e-01, 8.3014e-03, 2.8049e-04],
        [8.3014e-03, 2.8049e-04, 3.0566e-06]])
2023-11-30 12:45:55,428 | INFO | hi-lo.kernel-accessor : Fetching kernel: gumbel
2023-11-30 12:45:55,429 | INFO | hi-lo.gumbel-kernel : MU (LOCATION): -2.197625160217285 | BETA (SCALE): 2.5103402137756348
2023-11-30 12:45:55,429 | INFO | hi-lo.gumbel-kernel : BOTTOM-LEFT
tensor([[3.7397e-04, 4.8369e-07, 2.9345e-11],
        [3.7063e-02, 3.7397e-04, 4.8369e-07],
        [9.2475e-01, 3.7063e-02, 3.7397e-04]])
2023-11-30 12:46:03,848 | INFO | hi-lo : END EPOCH:  17 | ACCURACY: 67.97 | LOSS: 1.1349985599517822
2023-11-30 12:46:03,848 | INFO | hi-lo : BEGIN EPOCH 18 =========================================================================
2023-11-30 12:46:03,849 | INFO | hi-lo.kernel-accessor : Fetching kernel: gumbel
2023-11-30 12:46:03,849 | INFO | hi-lo.gumbel-kernel : MU (LOCATION): -0.0926724225282669 | BETA (SCALE): 0.4614349603652954
2023-11-30 12:46:03,850 | INFO | hi-lo.gumbel-kernel : BOTTOM-LEFT
tensor([[0.0000e+00, 0.0000e+00, 0.0000e+00],
        [1.0966e-06, 0.0000e+00, 0.0000e+00],
        [1.0000e+00, 1.0966e-06, 0.0000e+00]])
2023-11-30 12:46:03,850 | INFO | hi-lo.kernel-accessor : Fetching kernel: gumbel
2023-11-30 12:46:03,851 | INFO | hi-lo.gumbel-kernel : MU (LOCATION): -0.6629735231399536 | BETA (SCALE): 0.8865150809288025
2023-11-30 12:46:03,851 | INFO | hi-lo.gumbel-kernel : TOP-LEFT
tensor([[9.9994e-01, 2.8882e-05, 2.8835e-18],
        [2.8882e-05, 2.8835e-18, 0.0000e+00],
        [2.8835e-18, 0.0000e+00, 0.0000e+00]])
2023-11-30 12:46:03,851 | INFO | hi-lo.kernel-accessor : Fetching kernel: gumbel
2023-11-30 12:46:03,852 | INFO | hi-lo.gumbel-kernel : MU (LOCATION): -1.6311300992965698 | BETA (SCALE): 2.5449583530426025
2023-11-30 12:46:03,852 | INFO | hi-lo.gumbel-kernel : BOTTOM-LEFT
tensor([[4.9023e-03, 7.3614e-05, 1.7701e-07],
        [9.4798e-02, 4.9023e-03, 7.3614e-05],
        [7.9555e-01, 9.4798e-02, 4.9023e-03]])
2023-11-30 12:46:03,852 | INFO | hi-lo.kernel-accessor : Fetching kernel: gumbel
2023-11-30 12:46:03,853 | INFO | hi-lo.gumbel-kernel : MU (LOCATION): -2.175837993621826 | BETA (SCALE): 2.2316513061523438
2023-11-30 12:46:03,853 | INFO | hi-lo.gumbel-kernel : TOP-LEFT
tensor([[9.7649e-01, 1.1733e-02, 1.4913e-05],
        [1.1733e-02, 1.4913e-05, 5.6317e-10],
        [1.4913e-05, 5.6317e-10, 8.6558e-17]])
2023-11-30 12:46:12,425 | INFO | hi-lo : END EPOCH:  18 | ACCURACY: 59.38 | LOSS: 1.2857425212860107
2023-11-30 12:46:12,425 | INFO | hi-lo : BEGIN EPOCH 19 =========================================================================
2023-11-30 12:46:12,426 | INFO | hi-lo.kernel-accessor : Fetching kernel: gumbel
2023-11-30 12:46:12,426 | INFO | hi-lo.gumbel-kernel : MU (LOCATION): -0.06403902918100357 | BETA (SCALE): 0.5454995036125183
2023-11-30 12:46:12,427 | INFO | hi-lo.gumbel-kernel : BOTTOM-LEFT
tensor([[2.9975e-23, 0.0000e+00, 0.0000e+00],
        [2.0805e-04, 2.9975e-23, 0.0000e+00],
        [9.9958e-01, 2.0805e-04, 2.9975e-23]])
2023-11-30 12:46:12,427 | INFO | hi-lo.kernel-accessor : Fetching kernel: gumbel
2023-11-30 12:46:12,428 | INFO | hi-lo.gumbel-kernel : MU (LOCATION): 1 | BETA (SCALE): 1
2023-11-30 12:46:12,428 | INFO | hi-lo.gumbel-kernel : STATIC
tensor([[5.6765e-01, 1.6550e-01, 3.2357e-02],
        [1.6550e-01, 3.2357e-02, 2.1352e-03],
        [3.2357e-02, 2.1352e-03, 7.3562e-06]])
2023-11-30 12:46:12,428 | INFO | hi-lo.kernel-accessor : Fetching kernel: gumbel
2023-11-30 12:46:12,429 | INFO | hi-lo.gumbel-kernel : MU (LOCATION): -3.0166335105895996 | BETA (SCALE): 3.372743844985962
2023-11-30 12:46:12,429 | INFO | hi-lo.gumbel-kernel : TOP-LEFT
tensor([[8.3206e-01, 7.8465e-02, 3.6284e-03],
        [7.8465e-02, 3.6284e-03, 6.4335e-05],
        [3.6284e-03, 6.4335e-05, 3.1420e-07]])
2023-11-30 12:46:12,429 | INFO | hi-lo.kernel-accessor : Fetching kernel: gumbel
2023-11-30 12:46:12,430 | INFO | hi-lo.gumbel-kernel : MU (LOCATION): -2.0541038513183594 | BETA (SCALE): 2.292501449584961
2023-11-30 12:46:12,430 | INFO | hi-lo.gumbel-kernel : TOP-LEFT
tensor([[9.5342e-01, 2.3151e-02, 9.3430e-05],
        [2.3151e-02, 9.3430e-05, 2.3488e-08],
        [9.3430e-05, 2.3488e-08, 8.0616e-14]])
2023-11-30 12:46:20,942 | INFO | hi-lo : END EPOCH:  19 | ACCURACY: 65.62 | LOSS: 1.0186500549316406
2023-11-30 12:46:20,942 | INFO | hi-lo : BEGIN EPOCH 20 =========================================================================
2023-11-30 12:46:20,942 | INFO | hi-lo.kernel-accessor : Fetching kernel: gumbel
2023-11-30 12:46:20,943 | INFO | hi-lo.gumbel-kernel : MU (LOCATION): 1 | BETA (SCALE): 1
2023-11-30 12:46:20,944 | INFO | hi-lo.gumbel-kernel : STATIC
tensor([[5.6765e-01, 1.6550e-01, 3.2357e-02],
        [1.6550e-01, 3.2357e-02, 2.1352e-03],
        [3.2357e-02, 2.1352e-03, 7.3562e-06]])
2023-11-30 12:46:20,944 | INFO | hi-lo.kernel-accessor : Fetching kernel: gumbel
2023-11-30 12:46:20,944 | INFO | hi-lo.gumbel-kernel : MU (LOCATION): 1 | BETA (SCALE): 1
2023-11-30 12:46:20,945 | INFO | hi-lo.gumbel-kernel : STATIC
tensor([[5.6765e-01, 1.6550e-01, 3.2357e-02],
        [1.6550e-01, 3.2357e-02, 2.1352e-03],
        [3.2357e-02, 2.1352e-03, 7.3562e-06]])
2023-11-30 12:46:20,945 | INFO | hi-lo.kernel-accessor : Fetching kernel: gumbel
2023-11-30 12:46:20,945 | INFO | hi-lo.gumbel-kernel : MU (LOCATION): -1.8313663005828857 | BETA (SCALE): 2.7618398666381836
2023-11-30 12:46:20,946 | INFO | hi-lo.gumbel-kernel : BOTTOM-LEFT
tensor([[6.8230e-03, 1.6006e-04, 8.5542e-07],
        [1.0384e-01, 6.8230e-03, 1.6006e-04],
        [7.7153e-01, 1.0384e-01, 6.8230e-03]])
2023-11-30 12:46:20,946 | INFO | hi-lo.kernel-accessor : Fetching kernel: gumbel
2023-11-30 12:46:20,946 | INFO | hi-lo.gumbel-kernel : MU (LOCATION): -2.1562752723693848 | BETA (SCALE): 2.277878522872925
2023-11-30 12:46:20,947 | INFO | hi-lo.gumbel-kernel : BOTTOM-LEFT
tensor([[3.5414e-05, 3.4182e-09, 2.5727e-15],
        [1.6052e-02, 3.5414e-05, 3.4182e-09],
        [9.6779e-01, 1.6052e-02, 3.5414e-05]])
2023-11-30 12:46:29,443 | INFO | hi-lo : END EPOCH:  20 | ACCURACY: 64.06 | LOSS: 1.2228072881698608
2023-11-30 12:46:29,444 | INFO | hi-lo : BEGIN EPOCH 21 =========================================================================
2023-11-30 12:46:29,444 | INFO | hi-lo.kernel-accessor : Fetching kernel: gumbel
2023-11-30 12:46:29,444 | INFO | hi-lo.gumbel-kernel : MU (LOCATION): 1 | BETA (SCALE): 1
2023-11-30 12:46:29,445 | INFO | hi-lo.gumbel-kernel : STATIC
tensor([[5.6765e-01, 1.6550e-01, 3.2357e-02],
        [1.6550e-01, 3.2357e-02, 2.1352e-03],
        [3.2357e-02, 2.1352e-03, 7.3562e-06]])
2023-11-30 12:46:29,445 | INFO | hi-lo.kernel-accessor : Fetching kernel: gumbel
2023-11-30 12:46:29,446 | INFO | hi-lo.gumbel-kernel : MU (LOCATION): 1 | BETA (SCALE): 1
2023-11-30 12:46:29,446 | INFO | hi-lo.gumbel-kernel : STATIC
tensor([[5.6765e-01, 1.6550e-01, 3.2357e-02],
        [1.6550e-01, 3.2357e-02, 2.1352e-03],
        [3.2357e-02, 2.1352e-03, 7.3562e-06]])
2023-11-30 12:46:29,446 | INFO | hi-lo.kernel-accessor : Fetching kernel: gumbel
2023-11-30 12:46:29,447 | INFO | hi-lo.gumbel-kernel : MU (LOCATION): 1 | BETA (SCALE): 1
2023-11-30 12:46:29,447 | INFO | hi-lo.gumbel-kernel : STATIC
tensor([[5.6765e-01, 1.6550e-01, 3.2357e-02],
        [1.6550e-01, 3.2357e-02, 2.1352e-03],
        [3.2357e-02, 2.1352e-03, 7.3562e-06]])
2023-11-30 12:46:29,447 | INFO | hi-lo.kernel-accessor : Fetching kernel: gumbel
2023-11-30 12:46:29,448 | INFO | hi-lo.gumbel-kernel : MU (LOCATION): 1 | BETA (SCALE): 1
