2023-10-25 13:37:54,314 | INFO | hi-lo : 
+=========================================================================+
|  ______     ______   ______    ___         ___        ______   _______  |
| /| ___ \  // ____ \ /| ___ \  /| |        /| |      // ____ \ /| ___  \ |
| /| |//\ \ /| |//| | /| |//\ \ /| |        /| |      /| |//| | /| |//| | |
| /| | /| | /| ____ | /| | /| | /| |        /| |      /| ____ | /| ___  / |
| /| |_// / /| |//| | /| |_// / /| |____    /| |____  /| |//| | /| |//\ \ |
| /|_____/  /|_| /|_| /|_____/  /|______|   /|______| /|_| /|_| /|______/ |
| ///////   ///  ///  //////    ////////    ////////  ///  ///  ////////  |
+=========================================================================+
|                  Hi-Lo Resolution Image Classification                  |
|                  -------------------------------------                  |
|                            Gabriel C. Trahan                            |
|                               Sahan Ahmad                               |
|                            MD  Aminual Islam                            |
+=========================================================================+
| MODEL:                      normal | LR:                            0.1 |
| DISTRO:                     gumbel | KERNEL TYPE:                     5 |
| DATASET:                  imagenet | BATCH SIZE:                     64 |
+=========================================================================+
2023-10-25 13:37:54,315 | INFO | hi-lo : Output directory: output/gumbel//5/normal/imagenet/20231025_133754
2023-10-25 13:37:54,315 | INFO | hi-lo.dataset-accessor : Fetching dataset: imagenet
2023-10-25 13:37:54,315 | INFO | hi-lo.imagenet-dataset : Initializing transform.
2023-10-25 13:37:54,315 | INFO | hi-lo.imagenet-dataset : Verifying/downloading train data.
2023-10-25 13:37:57,399 | INFO | hi-lo.imagenet-dataset : Verifying/downloading test data.
2023-10-25 13:37:57,432 | INFO | hi-lo.imagenet-dataset : Creating train data loader.
2023-10-25 13:37:57,432 | INFO | hi-lo.imagenet-dataset : Creating test data loader.
2023-10-25 13:37:58,437 | INFO | hi-lo : Using device: NVIDIA GeForce GTX 1060 6GB
2023-10-25 13:37:58,437 | INFO | hi-lo : Commencing training phase...
2023-10-25 13:37:58,438 | INFO | hi-lo : BEGIN EPOCH 1 =========================================================================
2023-10-25 13:37:58,438 | INFO | hi-lo.kernel-accessor : Fetching kernel: gumbel
2023-10-25 13:37:58,439 | INFO | hi-lo.gumbel-kernel : MU (LOCATION): 0.0 | BETA (SCALE): 1.0
2023-10-25 13:37:58,439 | INFO | hi-lo.gumbel-kernel : TOP-LEFT
tensor([[8.8288e-01, 5.8259e-02, 2.0072e-04],
        [5.8259e-02, 2.0072e-04, 2.2609e-10],
        [2.0072e-04, 2.2609e-10, 8.5377e-26]])
2023-10-25 13:37:58,439 | INFO | hi-lo.kernel-accessor : Fetching kernel: gumbel
2023-10-25 13:37:58,439 | INFO | hi-lo.gumbel-kernel : MU (LOCATION): 0.0 | BETA (SCALE): 1.0
2023-10-25 13:37:58,440 | INFO | hi-lo.gumbel-kernel : TOP-RIGHT
tensor([[2.0072e-04, 5.8259e-02, 8.8288e-01],
        [2.2609e-10, 2.0072e-04, 5.8259e-02],
        [8.5377e-26, 2.2609e-10, 2.0072e-04]])
2023-10-25 13:37:58,440 | INFO | hi-lo.kernel-accessor : Fetching kernel: gumbel
2023-10-25 13:37:58,440 | INFO | hi-lo.gumbel-kernel : MU (LOCATION): 0.0 | BETA (SCALE): 1.0
2023-10-25 13:37:58,440 | INFO | hi-lo.gumbel-kernel : TOP-RIGHT
tensor([[2.0072e-04, 5.8259e-02, 8.8288e-01],
        [2.2609e-10, 2.0072e-04, 5.8259e-02],
        [8.5377e-26, 2.2609e-10, 2.0072e-04]])
2023-10-25 13:37:58,440 | INFO | hi-lo.kernel-accessor : Fetching kernel: gumbel
2023-10-25 13:37:58,440 | INFO | hi-lo.gumbel-kernel : MU (LOCATION): 0.0 | BETA (SCALE): 1.0
2023-10-25 13:37:58,441 | INFO | hi-lo.gumbel-kernel : TOP-RIGHT
tensor([[2.0072e-04, 5.8259e-02, 8.8288e-01],
        [2.2609e-10, 2.0072e-04, 5.8259e-02],
        [8.5377e-26, 2.2609e-10, 2.0072e-04]])
2023-10-25 13:38:23,257 | INFO | hi-lo : END EPOCH:   1 | ACCURACY: 4.69 | LOSS: 4.629548072814941
2023-10-25 13:38:23,257 | INFO | hi-lo : BEGIN EPOCH 2 =========================================================================
2023-10-25 13:38:23,257 | INFO | hi-lo.kernel-accessor : Fetching kernel: gumbel
2023-10-25 13:38:23,258 | INFO | hi-lo.gumbel-kernel : MU (LOCATION): -0.035559624433517456 | BETA (SCALE): 0.5098079442977905
2023-10-25 13:38:23,258 | INFO | hi-lo.gumbel-kernel : TOP-RIGHT
tensor([[3.5750e-27, 1.2507e-04, 9.9975e-01],
        [0.0000e+00, 3.5750e-27, 1.2507e-04],
        [0.0000e+00, 0.0000e+00, 3.5750e-27]])
2023-10-25 13:38:23,258 | INFO | hi-lo.kernel-accessor : Fetching kernel: gumbel
2023-10-25 13:38:23,259 | INFO | hi-lo.gumbel-kernel : MU (LOCATION): -0.335391640663147 | BETA (SCALE): 0.6491822600364685
2023-10-25 13:38:23,259 | INFO | hi-lo.gumbel-kernel : TOP-RIGHT
tensor([[2.0214e-27, 7.1810e-06, 9.9999e-01],
        [0.0000e+00, 2.0213e-27, 7.1810e-06],
        [0.0000e+00, 0.0000e+00, 2.0214e-27]])
2023-10-25 13:38:23,259 | INFO | hi-lo.kernel-accessor : Fetching kernel: gumbel
2023-10-25 13:38:23,260 | INFO | hi-lo.gumbel-kernel : MU (LOCATION): -0.528023898601532 | BETA (SCALE): 0.9297652244567871
2023-10-25 13:38:23,260 | INFO | hi-lo.gumbel-kernel : TOP-LEFT
tensor([[9.9834e-01, 8.3205e-04, 6.2473e-12],
        [8.3205e-04, 6.2473e-12, 7.5941e-35],
        [6.2473e-12, 7.5941e-35, 0.0000e+00]])
2023-10-25 13:38:23,260 | INFO | hi-lo.kernel-accessor : Fetching kernel: gumbel
2023-10-25 13:38:23,261 | INFO | hi-lo.gumbel-kernel : MU (LOCATION): -0.34139278531074524 | BETA (SCALE): 0.6606545448303223
2023-10-25 13:38:23,261 | INFO | hi-lo.gumbel-kernel : TOP-RIGHT
tensor([[5.1045e-26, 1.0403e-05, 9.9998e-01],
        [0.0000e+00, 5.1045e-26, 1.0403e-05],
        [0.0000e+00, 0.0000e+00, 5.1045e-26]])
2023-10-25 13:38:47,319 | INFO | hi-lo : END EPOCH:   2 | ACCURACY: 1.56 | LOSS: 4.598129749298096
2023-10-25 13:38:47,320 | INFO | hi-lo : BEGIN EPOCH 3 =========================================================================
2023-10-25 13:38:47,320 | INFO | hi-lo.kernel-accessor : Fetching kernel: gumbel
2023-10-25 13:38:47,320 | INFO | hi-lo.gumbel-kernel : MU (LOCATION): -0.14964845776557922 | BETA (SCALE): 0.5040658116340637
2023-10-25 13:38:47,321 | INFO | hi-lo.gumbel-kernel : TOP-LEFT
tensor([[1.0000e+00, 1.6104e-06, 3.1249e-43],
        [1.6104e-06, 3.1249e-43, 0.0000e+00],
        [3.1249e-43, 0.0000e+00, 0.0000e+00]])
2023-10-25 13:38:47,321 | INFO | hi-lo.kernel-accessor : Fetching kernel: gumbel
2023-10-25 13:38:47,321 | INFO | hi-lo.gumbel-kernel : MU (LOCATION): -0.5496358871459961 | BETA (SCALE): 0.6620059609413147
2023-10-25 13:38:47,322 | INFO | hi-lo.gumbel-kernel : TOP-RIGHT
tensor([[0.0000e+00, 1.8995e-09, 1.0000e+00],
        [0.0000e+00, 0.0000e+00, 1.8995e-09],
        [0.0000e+00, 0.0000e+00, 0.0000e+00]])
2023-10-25 13:38:47,322 | INFO | hi-lo.kernel-accessor : Fetching kernel: gumbel
2023-10-25 13:38:47,322 | INFO | hi-lo.gumbel-kernel : MU (LOCATION): -0.83421790599823 | BETA (SCALE): 1.0864408016204834
2023-10-25 13:38:47,323 | INFO | hi-lo.gumbel-kernel : TOP-LEFT
tensor([[9.9928e-01, 3.5757e-04, 3.2026e-12],
        [3.5757e-04, 3.2026e-12, 8.0543e-32],
        [3.2026e-12, 8.0543e-32, 0.0000e+00]])
2023-10-25 13:38:47,323 | INFO | hi-lo.kernel-accessor : Fetching kernel: gumbel
2023-10-25 13:38:47,323 | INFO | hi-lo.gumbel-kernel : MU (LOCATION): -0.6707279682159424 | BETA (SCALE): 0.8540869355201721
2023-10-25 13:38:47,324 | INFO | hi-lo.gumbel-kernel : TOP-RIGHT
tensor([[2.2428e-21, 6.9904e-06, 9.9999e-01],
        [0.0000e+00, 2.2428e-21, 6.9904e-06],
        [0.0000e+00, 0.0000e+00, 2.2428e-21]])
2023-10-25 13:39:11,494 | INFO | hi-lo : END EPOCH:   3 | ACCURACY: 3.12 | LOSS: 4.4795403480529785
2023-10-25 13:39:11,495 | INFO | hi-lo : BEGIN EPOCH 4 =========================================================================
2023-10-25 13:39:11,495 | INFO | hi-lo.kernel-accessor : Fetching kernel: gumbel
2023-10-25 13:39:11,495 | INFO | hi-lo.gumbel-kernel : MU (LOCATION): -0.17223307490348816 | BETA (SCALE): 0.531317412853241
2023-10-25 13:39:11,496 | INFO | hi-lo.gumbel-kernel : TOP-LEFT
tensor([[9.9999e-01, 3.6208e-06, 2.3726e-37],
        [3.6208e-06, 2.3726e-37, 0.0000e+00],
        [2.3726e-37, 0.0000e+00, 0.0000e+00]])
2023-10-25 13:39:11,496 | INFO | hi-lo.kernel-accessor : Fetching kernel: gumbel
2023-10-25 13:39:11,497 | INFO | hi-lo.gumbel-kernel : MU (LOCATION): -0.7483744621276855 | BETA (SCALE): 0.8417339324951172
2023-10-25 13:39:11,497 | INFO | hi-lo.gumbel-kernel : TOP-LEFT
tensor([[1.0000e+00, 4.1836e-07, 7.4668e-27],
        [4.1836e-07, 7.4668e-27, 0.0000e+00],
        [7.4668e-27, 0.0000e+00, 0.0000e+00]])
2023-10-25 13:39:11,497 | INFO | hi-lo.kernel-accessor : Fetching kernel: gumbel
2023-10-25 13:39:11,498 | INFO | hi-lo.gumbel-kernel : MU (LOCATION): -1.0751638412475586 | BETA (SCALE): 1.3592655658721924
2023-10-25 13:39:11,498 | INFO | hi-lo.gumbel-kernel : TOP-RIGHT
tensor([[1.8638e-08, 2.4105e-03, 9.9518e-01],
        [8.9113e-19, 1.8638e-08, 2.4105e-03],
        [5.7369e-40, 8.9113e-19, 1.8638e-08]])
2023-10-25 13:39:11,498 | INFO | hi-lo.kernel-accessor : Fetching kernel: gumbel
2023-10-25 13:39:11,499 | INFO | hi-lo.gumbel-kernel : MU (LOCATION): -0.9568771123886108 | BETA (SCALE): 1.1237818002700806
2023-10-25 13:39:11,499 | INFO | hi-lo.gumbel-kernel : TOP-RIGHT
tensor([[2.9965e-13, 1.5574e-04, 9.9969e-01],
        [6.4584e-34, 2.9965e-13, 1.5574e-04],
        [0.0000e+00, 6.4584e-34, 2.9965e-13]])
2023-10-25 13:39:35,581 | INFO | hi-lo : END EPOCH:   4 | ACCURACY: 1.17 | LOSS: 4.313404560089111
2023-10-25 13:39:35,581 | INFO | hi-lo : BEGIN EPOCH 5 =========================================================================
2023-10-25 13:39:35,581 | INFO | hi-lo.kernel-accessor : Fetching kernel: gumbel
2023-10-25 13:39:35,582 | INFO | hi-lo.gumbel-kernel : MU (LOCATION): -0.07024179399013519 | BETA (SCALE): 0.4883343279361725
2023-10-25 13:39:35,583 | INFO | hi-lo.gumbel-kernel : TOP-RIGHT
tensor([[1.0348e-36, 1.5908e-05, 9.9997e-01],
        [0.0000e+00, 1.0347e-36, 1.5908e-05],
        [0.0000e+00, 0.0000e+00, 1.0348e-36]])
2023-10-25 13:39:35,583 | INFO | hi-lo.kernel-accessor : Fetching kernel: gumbel
2023-10-25 13:39:35,583 | INFO | hi-lo.gumbel-kernel : MU (LOCATION): -0.7354167103767395 | BETA (SCALE): 0.8311940431594849
2023-10-25 13:39:35,584 | INFO | hi-lo.gumbel-kernel : TOP-RIGHT
tensor([[1.7248e-27, 3.4553e-07, 1.0000e+00],
        [0.0000e+00, 1.7248e-27, 3.4553e-07],
        [0.0000e+00, 0.0000e+00, 1.7248e-27]])
2023-10-25 13:39:35,584 | INFO | hi-lo.kernel-accessor : Fetching kernel: gumbel
2023-10-25 13:39:35,584 | INFO | hi-lo.gumbel-kernel : MU (LOCATION): -1.1223937273025513 | BETA (SCALE): 1.565663456916809
2023-10-25 13:39:35,585 | INFO | hi-lo.gumbel-kernel : TOP-RIGHT
tensor([[5.2649e-06, 1.2116e-02, 9.7575e-01],
        [3.9966e-12, 5.2649e-06, 1.2116e-02],
        [1.8146e-23, 3.9966e-12, 5.2649e-06]])
2023-10-25 13:39:35,585 | INFO | hi-lo.kernel-accessor : Fetching kernel: gumbel
2023-10-25 13:39:35,585 | INFO | hi-lo.gumbel-kernel : MU (LOCATION): -0.9032226204872131 | BETA (SCALE): 1.0149492025375366
2023-10-25 13:39:35,586 | INFO | hi-lo.gumbel-kernel : TOP-LEFT
tensor([[9.9996e-01, 1.7785e-05, 1.7595e-17],
        [1.7785e-05, 1.7595e-17, 0.0000e+00],
        [1.7595e-17, 0.0000e+00, 0.0000e+00]])
2023-10-25 13:39:59,681 | INFO | hi-lo : END EPOCH:   5 | ACCURACY: 0.31 | LOSS: 4.736323356628418
2023-10-25 13:39:59,681 | INFO | hi-lo : BEGIN EPOCH 6 =========================================================================
2023-10-25 13:39:59,681 | INFO | hi-lo.kernel-accessor : Fetching kernel: gumbel
2023-10-25 13:39:59,682 | INFO | hi-lo.gumbel-kernel : MU (LOCATION): -0.16699934005737305 | BETA (SCALE): 0.5158997774124146
2023-10-25 13:39:59,682 | INFO | hi-lo.gumbel-kernel : TOP-RIGHT
tensor([[1.2515e-41, 1.6723e-06, 1.0000e+00],
        [0.0000e+00, 1.2515e-41, 1.6723e-06],
        [0.0000e+00, 0.0000e+00, 1.2515e-41]])
2023-10-25 13:39:59,683 | INFO | hi-lo.kernel-accessor : Fetching kernel: gumbel
2023-10-25 13:39:59,683 | INFO | hi-lo.gumbel-kernel : MU (LOCATION): -0.6777309775352478 | BETA (SCALE): 0.8731665015220642
2023-10-25 13:39:59,683 | INFO | hi-lo.gumbel-kernel : TOP-LEFT
tensor([[9.9997e-01, 1.2789e-05, 6.2010e-20],
        [1.2789e-05, 6.2010e-20, 0.0000e+00],
        [6.2010e-20, 0.0000e+00, 0.0000e+00]])
2023-10-25 13:39:59,684 | INFO | hi-lo.kernel-accessor : Fetching kernel: gumbel
2023-10-25 13:39:59,684 | INFO | hi-lo.gumbel-kernel : MU (LOCATION): -1.465118408203125 | BETA (SCALE): 2.0324292182922363
2023-10-25 13:39:59,684 | INFO | hi-lo.gumbel-kernel : TOP-LEFT
tensor([[9.2238e-01, 3.8378e-02, 2.8934e-04],
        [3.8378e-02, 2.8934e-04, 1.3346e-07],
        [2.8934e-04, 1.3346e-07, 6.3769e-13]])
2023-10-25 13:39:59,685 | INFO | hi-lo.kernel-accessor : Fetching kernel: gumbel
2023-10-25 13:39:59,685 | INFO | hi-lo.gumbel-kernel : MU (LOCATION): -0.9024732112884521 | BETA (SCALE): 1.1648681163787842
2023-10-25 13:39:59,685 | INFO | hi-lo.gumbel-kernel : TOP-RIGHT
tensor([[8.1815e-11, 7.0170e-04, 9.9860e-01],
        [1.1489e-26, 8.1815e-11, 7.0170e-04],
        [0.0000e+00, 1.1489e-26, 8.1815e-11]])
2023-10-25 13:40:23,824 | INFO | hi-lo : END EPOCH:   6 | ACCURACY: 1.51 | LOSS: 4.558040142059326
2023-10-25 13:40:23,824 | INFO | hi-lo : BEGIN EPOCH 7 =========================================================================
2023-10-25 13:40:23,824 | INFO | hi-lo.kernel-accessor : Fetching kernel: gumbel
2023-10-25 13:40:23,825 | INFO | hi-lo.gumbel-kernel : MU (LOCATION): -0.16507846117019653 | BETA (SCALE): 0.519574761390686
2023-10-25 13:40:23,825 | INFO | hi-lo.gumbel-kernel : TOP-RIGHT
tensor([[4.4290e-40, 2.3204e-06, 1.0000e+00],
        [0.0000e+00, 4.4290e-40, 2.3204e-06],
        [0.0000e+00, 0.0000e+00, 4.4290e-40]])
2023-10-25 13:40:23,826 | INFO | hi-lo.kernel-accessor : Fetching kernel: gumbel
2023-10-25 13:40:23,826 | INFO | hi-lo.gumbel-kernel : MU (LOCATION): -0.6036502122879028 | BETA (SCALE): 1.0163359642028809
2023-10-25 13:40:23,827 | INFO | hi-lo.gumbel-kernel : TOP-LEFT
tensor([[9.9694e-01, 1.5322e-03, 2.3738e-10],
        [1.5322e-03, 2.3738e-10, 7.5031e-28],
        [2.3738e-10, 7.5031e-28, 0.0000e+00]])
2023-10-25 13:40:23,827 | INFO | hi-lo.kernel-accessor : Fetching kernel: gumbel
2023-10-25 13:40:23,827 | INFO | hi-lo.gumbel-kernel : MU (LOCATION): -1.6591006517410278 | BETA (SCALE): 2.3380706310272217
2023-10-25 13:40:23,828 | INFO | hi-lo.gumbel-kernel : TOP-RIGHT
tensor([[1.3823e-03, 6.2513e-02, 8.7082e-01],
        [5.0214e-06, 1.3823e-03, 6.2513e-02],
        [1.1429e-09, 5.0214e-06, 1.3823e-03]])
2023-10-25 13:40:23,828 | INFO | hi-lo.kernel-accessor : Fetching kernel: gumbel
2023-10-25 13:40:23,828 | INFO | hi-lo.gumbel-kernel : MU (LOCATION): -1.138588309288025 | BETA (SCALE): 1.5463615655899048
2023-10-25 13:40:23,829 | INFO | hi-lo.gumbel-kernel : TOP-RIGHT
tensor([[2.6346e-06, 9.7454e-03, 9.8050e-01],
        [7.3094e-13, 2.6346e-06, 9.7454e-03],
        [3.9903e-25, 7.3094e-13, 2.6346e-06]])
2023-10-25 13:40:47,998 | INFO | hi-lo : END EPOCH:   7 | ACCURACY: 1.22 | LOSS: 4.037331581115723
2023-10-25 13:40:47,998 | INFO | hi-lo : BEGIN EPOCH 8 =========================================================================
2023-10-25 13:40:47,998 | INFO | hi-lo.kernel-accessor : Fetching kernel: gumbel
2023-10-25 13:40:47,999 | INFO | hi-lo.gumbel-kernel : MU (LOCATION): -0.07217737287282944 | BETA (SCALE): 0.5198078751564026
2023-10-25 13:40:47,999 | INFO | hi-lo.gumbel-kernel : TOP-RIGHT
tensor([[1.0612e-28, 6.4921e-05, 9.9987e-01],
        [0.0000e+00, 1.0612e-28, 6.4921e-05],
        [0.0000e+00, 0.0000e+00, 1.0612e-28]])
2023-10-25 13:40:48,000 | INFO | hi-lo.kernel-accessor : Fetching kernel: gumbel
2023-10-25 13:40:48,000 | INFO | hi-lo.gumbel-kernel : MU (LOCATION): -0.6357663869857788 | BETA (SCALE): 0.9558590054512024
2023-10-25 13:40:48,001 | INFO | hi-lo.gumbel-kernel : TOP-RIGHT
tensor([[2.6466e-13, 3.2514e-04, 9.9935e-01],
        [2.4350e-38, 2.6466e-13, 3.2514e-04],
        [0.0000e+00, 2.4350e-38, 2.6466e-13]])
2023-10-25 13:40:48,001 | INFO | hi-lo.kernel-accessor : Fetching kernel: gumbel
2023-10-25 13:40:48,001 | INFO | hi-lo.gumbel-kernel : MU (LOCATION): -1.4752538204193115 | BETA (SCALE): 2.044395685195923
2023-10-25 13:40:48,002 | INFO | hi-lo.gumbel-kernel : TOP-RIGHT
tensor([[3.0688e-04, 3.9049e-02, 9.2098e-01],
        [1.5435e-07, 3.0688e-04, 3.9049e-02],
        [8.7699e-13, 1.5435e-07, 3.0688e-04]])
2023-10-25 13:40:48,002 | INFO | hi-lo.kernel-accessor : Fetching kernel: gumbel
2023-10-25 13:40:48,003 | INFO | hi-lo.gumbel-kernel : MU (LOCATION): -1.2668464183807373 | BETA (SCALE): 1.4921302795410156
2023-10-25 13:40:48,003 | INFO | hi-lo.gumbel-kernel : TOP-RIGHT
tensor([[5.2915e-08, 2.7645e-03, 9.9447e-01],
        [6.0195e-17, 5.2915e-08, 2.7645e-03],
        [3.7624e-34, 6.0195e-17, 5.2915e-08]])
2023-10-25 13:41:12,169 | INFO | hi-lo : END EPOCH:   8 | ACCURACY: 1.56 | LOSS: 4.4420695304870605
2023-10-25 13:41:12,169 | INFO | hi-lo : BEGIN EPOCH 9 =========================================================================
2023-10-25 13:41:12,169 | INFO | hi-lo.kernel-accessor : Fetching kernel: gumbel
2023-10-25 13:41:12,170 | INFO | hi-lo.gumbel-kernel : MU (LOCATION): -0.03489470109343529 | BETA (SCALE): 0.5421096682548523
2023-10-25 13:41:12,171 | INFO | hi-lo.gumbel-kernel : TOP-LEFT
tensor([[9.9926e-01, 3.6965e-04, 1.3329e-21],
        [3.6965e-04, 1.3329e-21, 0.0000e+00],
        [1.3329e-21, 0.0000e+00, 0.0000e+00]])
2023-10-25 13:41:12,171 | INFO | hi-lo.kernel-accessor : Fetching kernel: gumbel
2023-10-25 13:41:12,171 | INFO | hi-lo.gumbel-kernel : MU (LOCATION): -0.6213217973709106 | BETA (SCALE): 0.8925622701644897
2023-10-25 13:41:12,172 | INFO | hi-lo.gumbel-kernel : TOP-LEFT
tensor([[9.9984e-01, 7.9990e-05, 2.2247e-16],
        [7.9990e-05, 2.2247e-16, 0.0000e+00],
        [2.2247e-16, 0.0000e+00, 0.0000e+00]])
2023-10-25 13:41:12,172 | INFO | hi-lo.kernel-accessor : Fetching kernel: gumbel
2023-10-25 13:41:12,172 | INFO | hi-lo.gumbel-kernel : MU (LOCATION): -1.2342910766601562 | BETA (SCALE): 1.577867031097412
2023-10-25 13:41:12,173 | INFO | hi-lo.gumbel-kernel : TOP-RIGHT
tensor([[1.3950e-06, 7.6104e-03, 9.8477e-01],
        [2.2145e-13, 1.3950e-06, 7.6104e-03],
        [5.9450e-26, 2.2145e-13, 1.3950e-06]])
2023-10-25 13:41:12,173 | INFO | hi-lo.kernel-accessor : Fetching kernel: gumbel
2023-10-25 13:41:12,173 | INFO | hi-lo.gumbel-kernel : MU (LOCATION): -1.022146224975586 | BETA (SCALE): 1.096197485923767
2023-10-25 13:41:12,174 | INFO | hi-lo.gumbel-kernel : TOP-RIGHT
tensor([[4.2713e-16, 2.6722e-05, 9.9995e-01],
        [0.0000e+00, 4.2713e-16, 2.6722e-05],
        [0.0000e+00, 0.0000e+00, 4.2713e-16]])
2023-10-25 13:41:36,352 | INFO | hi-lo : END EPOCH:   9 | ACCURACY: 3.12 | LOSS: 4.10607385635376
2023-10-25 13:41:36,352 | INFO | hi-lo : BEGIN EPOCH 10 =========================================================================
2023-10-25 13:41:36,352 | INFO | hi-lo.kernel-accessor : Fetching kernel: gumbel
2023-10-25 13:41:36,352 | INFO | hi-lo.gumbel-kernel : MU (LOCATION): -0.12383832782506943 | BETA (SCALE): 0.5418757200241089
2023-10-25 13:41:36,353 | INFO | hi-lo.gumbel-kernel : TOP-LEFT
tensor([[9.9993e-01, 3.4819e-05, 3.8921e-29],
        [3.4819e-05, 3.8923e-29, 0.0000e+00],
        [3.8921e-29, 0.0000e+00, 0.0000e+00]])
2023-10-25 13:41:36,353 | INFO | hi-lo.kernel-accessor : Fetching kernel: gumbel
2023-10-25 13:41:36,354 | INFO | hi-lo.gumbel-kernel : MU (LOCATION): -0.6374975442886353 | BETA (SCALE): 1.0686432123184204
2023-10-25 13:41:36,354 | INFO | hi-lo.gumbel-kernel : TOP-LEFT
tensor([[9.9528e-01, 2.3613e-03, 2.0499e-09],
        [2.3613e-03, 2.0498e-09, 3.0882e-24],
        [2.0499e-09, 3.0882e-24, 0.0000e+00]])
2023-10-25 13:41:36,354 | INFO | hi-lo.kernel-accessor : Fetching kernel: gumbel
2023-10-25 13:41:36,355 | INFO | hi-lo.gumbel-kernel : MU (LOCATION): -1.6615986824035645 | BETA (SCALE): 2.7431535720825195
2023-10-25 13:41:36,355 | INFO | hi-lo.gumbel-kernel : TOP-RIGHT
tensor([[9.6698e-03, 1.1681e-01, 7.3675e-01],
        [3.1410e-04, 9.6698e-03, 1.1681e-01],
        [2.6527e-06, 3.1410e-04, 9.6698e-03]])
2023-10-25 13:41:36,355 | INFO | hi-lo.kernel-accessor : Fetching kernel: gumbel
2023-10-25 13:41:36,356 | INFO | hi-lo.gumbel-kernel : MU (LOCATION): -1.036715030670166 | BETA (SCALE): 1.3374685049057007
2023-10-25 13:41:36,356 | INFO | hi-lo.gumbel-kernel : TOP-RIGHT
tensor([[1.8401e-08, 2.4945e-03, 9.9501e-01],
        [6.1150e-19, 1.8401e-08, 2.4945e-03],
        [1.0374e-40, 6.1150e-19, 1.8401e-08]])
2023-10-25 13:42:00,471 | INFO | hi-lo : END EPOCH:  10 | ACCURACY: 1.76 | LOSS: 4.29482364654541
2023-10-25 13:42:00,471 | INFO | hi-lo : BEGIN EPOCH 11 =========================================================================
2023-10-25 13:42:00,471 | INFO | hi-lo.kernel-accessor : Fetching kernel: gumbel
2023-10-25 13:42:00,472 | INFO | hi-lo.gumbel-kernel : MU (LOCATION): -0.08388383686542511 | BETA (SCALE): 0.5381229519844055
2023-10-25 13:42:00,473 | INFO | hi-lo.gumbel-kernel : TOP-LEFT
tensor([[9.9981e-01, 9.5956e-05, 3.8420e-26],
        [9.5956e-05, 3.8419e-26, 0.0000e+00],
        [3.8420e-26, 0.0000e+00, 0.0000e+00]])
2023-10-25 13:42:00,473 | INFO | hi-lo.kernel-accessor : Fetching kernel: gumbel
2023-10-25 13:42:00,474 | INFO | hi-lo.gumbel-kernel : MU (LOCATION): -0.6017493009567261 | BETA (SCALE): 0.904670774936676
2023-10-25 13:42:00,474 | INFO | hi-lo.gumbel-kernel : TOP-LEFT
tensor([[9.9968e-01, 1.5891e-04, 4.9842e-15],
        [1.5891e-04, 4.9842e-15, 0.0000e+00],
        [4.9842e-15, 0.0000e+00, 0.0000e+00]])
2023-10-25 13:42:00,474 | INFO | hi-lo.kernel-accessor : Fetching kernel: gumbel
2023-10-25 13:42:00,475 | INFO | hi-lo.gumbel-kernel : MU (LOCATION): -1.245581030845642 | BETA (SCALE): 1.6847413778305054
2023-10-25 13:42:00,475 | INFO | hi-lo.gumbel-kernel : TOP-LEFT
tensor([[9.6936e-01, 1.5297e-02, 1.3532e-05],
        [1.5297e-02, 1.3532e-05, 6.4953e-11],
        [1.3532e-05, 6.4953e-11, 2.4676e-20]])
2023-10-25 13:42:00,475 | INFO | hi-lo.kernel-accessor : Fetching kernel: gumbel
2023-10-25 13:42:00,476 | INFO | hi-lo.gumbel-kernel : MU (LOCATION): -1.2218449115753174 | BETA (SCALE): 1.3977960348129272
2023-10-25 13:42:00,476 | INFO | hi-lo.gumbel-kernel : TOP-RIGHT
tensor([[2.7461e-09, 1.2053e-03, 9.9759e-01],
        [1.6770e-20, 2.7461e-09, 1.2053e-03],
        [0.0000e+00, 1.6770e-20, 2.7461e-09]])
2023-10-25 13:42:24,570 | INFO | hi-lo : END EPOCH:  11 | ACCURACY: 0.21 | LOSS: 4.217470645904541
2023-10-25 13:42:24,570 | INFO | hi-lo : BEGIN EPOCH 12 =========================================================================
2023-10-25 13:42:24,570 | INFO | hi-lo.kernel-accessor : Fetching kernel: gumbel
2023-10-25 13:42:24,571 | INFO | hi-lo.gumbel-kernel : MU (LOCATION): -0.07121133804321289 | BETA (SCALE): 0.5327970385551453
2023-10-25 13:42:24,571 | INFO | hi-lo.gumbel-kernel : TOP-LEFT
tensor([[9.9978e-01, 1.1101e-04, 5.2491e-26],
        [1.1101e-04, 5.2491e-26, 0.0000e+00],
        [5.2491e-26, 0.0000e+00, 0.0000e+00]])
2023-10-25 13:42:24,571 | INFO | hi-lo.kernel-accessor : Fetching kernel: gumbel
2023-10-25 13:42:24,572 | INFO | hi-lo.gumbel-kernel : MU (LOCATION): -0.6314660906791687 | BETA (SCALE): 0.8801593780517578
2023-10-25 13:42:24,572 | INFO | hi-lo.gumbel-kernel : TOP-LEFT
tensor([[9.9991e-01, 4.4653e-05, 1.3922e-17],
        [4.4653e-05, 1.3922e-17, 0.0000e+00],
        [1.3922e-17, 0.0000e+00, 0.0000e+00]])
2023-10-25 13:42:24,572 | INFO | hi-lo.kernel-accessor : Fetching kernel: gumbel
2023-10-25 13:42:24,573 | INFO | hi-lo.gumbel-kernel : MU (LOCATION): -1.1379079818725586 | BETA (SCALE): 1.6079035997390747
2023-10-25 13:42:24,573 | INFO | hi-lo.gumbel-kernel : TOP-LEFT
tensor([[9.7010e-01, 1.4933e-02, 1.0739e-05],
        [1.4933e-02, 1.0739e-05, 2.5685e-11],
        [1.0739e-05, 2.5685e-11, 1.4892e-21]])
2023-10-25 13:42:24,573 | INFO | hi-lo.kernel-accessor : Fetching kernel: gumbel
2023-10-25 13:42:24,574 | INFO | hi-lo.gumbel-kernel : MU (LOCATION): -1.508419394493103 | BETA (SCALE): 1.6606160402297974
2023-10-25 13:42:24,574 | INFO | hi-lo.gumbel-kernel : TOP-LEFT
tensor([[9.9325e-01, 3.3770e-03, 1.7250e-07],
        [3.3770e-03, 1.7250e-07, 4.1271e-15],
        [1.7250e-07, 4.1271e-15, 8.2165e-29]])
2023-10-25 13:42:48,683 | INFO | hi-lo : END EPOCH:  12 | ACCURACY: 2.34 | LOSS: 4.050286293029785
2023-10-25 13:42:48,683 | INFO | hi-lo : BEGIN EPOCH 13 =========================================================================
2023-10-25 13:42:48,684 | INFO | hi-lo.kernel-accessor : Fetching kernel: gumbel
2023-10-25 13:42:48,684 | INFO | hi-lo.gumbel-kernel : MU (LOCATION): -0.11312788724899292 | BETA (SCALE): 0.5244261622428894
2023-10-25 13:42:48,685 | INFO | hi-lo.gumbel-kernel : TOP-LEFT
tensor([[9.9996e-01, 2.1860e-05, 5.1747e-32],
        [2.1860e-05, 5.1747e-32, 0.0000e+00],
        [5.1747e-32, 0.0000e+00, 0.0000e+00]])
2023-10-25 13:42:48,685 | INFO | hi-lo.kernel-accessor : Fetching kernel: gumbel
2023-10-25 13:42:48,686 | INFO | hi-lo.gumbel-kernel : MU (LOCATION): -0.5786648988723755 | BETA (SCALE): 0.9134517312049866
2023-10-25 13:42:48,686 | INFO | hi-lo.gumbel-kernel : TOP-RIGHT
tensor([[6.6260e-14, 2.8743e-04, 9.9943e-01],
        [9.1715e-42, 6.6260e-14, 2.8743e-04],
        [0.0000e+00, 9.1715e-42, 6.6260e-14]])
2023-10-25 13:42:48,686 | INFO | hi-lo.kernel-accessor : Fetching kernel: gumbel
2023-10-25 13:42:48,687 | INFO | hi-lo.gumbel-kernel : MU (LOCATION): -1.2880432605743408 | BETA (SCALE): 1.8143588304519653
2023-10-25 13:42:48,687 | INFO | hi-lo.gumbel-kernel : TOP-RIGHT
tensor([[7.6741e-05, 2.6086e-02, 9.4760e-01],
        [4.6603e-09, 7.6741e-05, 2.6086e-02],
        [3.3687e-16, 4.6603e-09, 7.6741e-05]])
2023-10-25 13:42:48,687 | INFO | hi-lo.kernel-accessor : Fetching kernel: gumbel
2023-10-25 13:42:48,688 | INFO | hi-lo.gumbel-kernel : MU (LOCATION): -1.599172592163086 | BETA (SCALE): 1.4500592947006226
2023-10-25 13:42:48,688 | INFO | hi-lo.gumbel-kernel : TOP-RIGHT
tensor([[4.8553e-13, 6.1146e-05, 9.9988e-01],
        [6.9222e-29, 4.8553e-13, 6.1146e-05],
        [0.0000e+00, 6.9222e-29, 4.8553e-13]])
2023-10-25 13:43:12,777 | INFO | hi-lo : END EPOCH:  13 | ACCURACY: 0 | LOSS: 3.98172926902771
2023-10-25 13:43:12,778 | INFO | hi-lo : BEGIN EPOCH 14 =========================================================================
2023-10-25 13:43:12,778 | INFO | hi-lo.kernel-accessor : Fetching kernel: gumbel
2023-10-25 13:43:12,778 | INFO | hi-lo.gumbel-kernel : MU (LOCATION): -0.0917150005698204 | BETA (SCALE): 0.42692816257476807
2023-10-25 13:43:12,779 | INFO | hi-lo.gumbel-kernel : TOP-LEFT
tensor([[1.0000e+00, 5.0787e-08, 0.0000e+00],
        [5.0787e-08, 0.0000e+00, 0.0000e+00],
        [0.0000e+00, 0.0000e+00, 0.0000e+00]])
2023-10-25 13:43:12,779 | INFO | hi-lo.kernel-accessor : Fetching kernel: gumbel
2023-10-25 13:43:12,779 | INFO | hi-lo.gumbel-kernel : MU (LOCATION): -0.6427625417709351 | BETA (SCALE): 0.7971944808959961
2023-10-25 13:43:12,780 | INFO | hi-lo.gumbel-kernel : TOP-RIGHT
tensor([[2.0773e-26, 9.9328e-07, 1.0000e+00],
        [0.0000e+00, 2.0773e-26, 9.9328e-07],
        [0.0000e+00, 0.0000e+00, 2.0773e-26]])
2023-10-25 13:43:12,780 | INFO | hi-lo.kernel-accessor : Fetching kernel: gumbel
2023-10-25 13:43:12,780 | INFO | hi-lo.gumbel-kernel : MU (LOCATION): -0.8877619504928589 | BETA (SCALE): 1.2750283479690552
2023-10-25 13:43:12,781 | INFO | hi-lo.gumbel-kernel : TOP-RIGHT
tensor([[4.7106e-08, 3.7533e-03, 9.9249e-01],
        [2.1905e-18, 4.7106e-08, 3.7533e-03],
        [1.2867e-40, 2.1905e-18, 4.7106e-08]])
2023-10-25 13:43:12,781 | INFO | hi-lo.kernel-accessor : Fetching kernel: gumbel
2023-10-25 13:43:12,782 | INFO | hi-lo.gumbel-kernel : MU (LOCATION): -1.1656488180160522 | BETA (SCALE): 1.2282618284225464
2023-10-25 13:43:12,782 | INFO | hi-lo.gumbel-kernel : TOP-RIGHT
tensor([[2.6587e-13, 1.0064e-04, 9.9980e-01],
        [3.2068e-32, 2.6587e-13, 1.0064e-04],
        [0.0000e+00, 3.2068e-32, 2.6587e-13]])
2023-10-25 13:43:36,975 | INFO | hi-lo : END EPOCH:  14 | ACCURACY: 2.34 | LOSS: 4.156639099121094
2023-10-25 13:43:36,975 | INFO | hi-lo : BEGIN EPOCH 15 =========================================================================
2023-10-25 13:43:36,976 | INFO | hi-lo.kernel-accessor : Fetching kernel: gumbel
2023-10-25 13:43:36,976 | INFO | hi-lo.gumbel-kernel : MU (LOCATION): -0.09151394665241241 | BETA (SCALE): 0.5121263265609741
2023-10-25 13:43:36,977 | INFO | hi-lo.gumbel-kernel : TOP-RIGHT
tensor([[1.2304e-32, 2.4970e-05, 9.9995e-01],
        [0.0000e+00, 1.2304e-32, 2.4970e-05],
        [0.0000e+00, 0.0000e+00, 1.2304e-32]])
2023-10-25 13:43:36,977 | INFO | hi-lo.kernel-accessor : Fetching kernel: gumbel
2023-10-25 13:43:36,978 | INFO | hi-lo.gumbel-kernel : MU (LOCATION): -0.6497607231140137 | BETA (SCALE): 0.9587641358375549
2023-10-25 13:43:36,978 | INFO | hi-lo.gumbel-kernel : TOP-LEFT
tensor([[9.9943e-01, 2.8273e-04, 1.6384e-13],
        [2.8273e-04, 1.6384e-13, 6.8359e-39],
        [1.6384e-13, 6.8359e-39, 0.0000e+00]])
2023-10-25 13:43:36,978 | INFO | hi-lo.kernel-accessor : Fetching kernel: gumbel
2023-10-25 13:43:36,979 | INFO | hi-lo.gumbel-kernel : MU (LOCATION): -1.163804531097412 | BETA (SCALE): 1.5715278387069702
2023-10-25 13:43:36,979 | INFO | hi-lo.gumbel-kernel : TOP-LEFT
tensor([[9.7926e-01, 1.0366e-02, 3.3811e-06],
        [1.0366e-02, 3.3811e-06, 1.5381e-12],
        [3.3811e-06, 1.5381e-12, 2.8139e-24]])
2023-10-25 13:43:36,979 | INFO | hi-lo.kernel-accessor : Fetching kernel: gumbel
2023-10-25 13:43:36,980 | INFO | hi-lo.gumbel-kernel : MU (LOCATION): -1.6300694942474365 | BETA (SCALE): 1.6573797464370728
2023-10-25 13:43:36,980 | INFO | hi-lo.gumbel-kernel : TOP-LEFT
tensor([[9.9708e-01, 1.4621e-03, 1.5891e-08],
        [1.4621e-03, 1.5891e-08, 2.2033e-17],
        [1.5891e-08, 2.2033e-17, 2.3189e-33]])
2023-10-25 13:44:01,169 | INFO | hi-lo : END EPOCH:  15 | ACCURACY: 0.37 | LOSS: 4.287426471710205
2023-10-25 13:44:01,169 | INFO | hi-lo : BEGIN EPOCH 16 =========================================================================
2023-10-25 13:44:01,169 | INFO | hi-lo.kernel-accessor : Fetching kernel: gumbel
2023-10-25 13:44:01,170 | INFO | hi-lo.gumbel-kernel : MU (LOCATION): -0.1692703664302826 | BETA (SCALE): 0.5367003083229065
2023-10-25 13:44:01,170 | INFO | hi-lo.gumbel-kernel : TOP-LEFT
tensor([[9.9999e-01, 5.5929e-06, 2.0145e-35],
        [5.5929e-06, 2.0145e-35, 0.0000e+00],
        [2.0145e-35, 0.0000e+00, 0.0000e+00]])
2023-10-25 13:44:01,171 | INFO | hi-lo.kernel-accessor : Fetching kernel: gumbel
2023-10-25 13:44:01,171 | INFO | hi-lo.gumbel-kernel : MU (LOCATION): -0.62849360704422 | BETA (SCALE): 0.9211696982383728
2023-10-25 13:44:01,171 | INFO | hi-lo.gumbel-kernel : TOP-RIGHT
tensor([[7.1135e-15, 1.5661e-04, 9.9969e-01],
        [0.0000e+00, 7.1135e-15, 1.5661e-04],
        [0.0000e+00, 0.0000e+00, 7.1135e-15]])
2023-10-25 13:44:01,172 | INFO | hi-lo.kernel-accessor : Fetching kernel: gumbel
2023-10-25 13:44:01,172 | INFO | hi-lo.gumbel-kernel : MU (LOCATION): -1.1498481035232544 | BETA (SCALE): 1.5311760902404785
2023-10-25 13:44:01,173 | INFO | hi-lo.gumbel-kernel : TOP-RIGHT
tensor([[1.4989e-06, 8.1703e-03, 9.8365e-01],
        [1.8097e-13, 1.4989e-06, 8.1703e-03],
        [1.6823e-26, 1.8097e-13, 1.4989e-06]])
2023-10-25 13:44:01,173 | INFO | hi-lo.kernel-accessor : Fetching kernel: gumbel
2023-10-25 13:44:01,173 | INFO | hi-lo.gumbel-kernel : MU (LOCATION): -1.325244426727295 | BETA (SCALE): 1.4032034873962402
2023-10-25 13:44:01,174 | INFO | hi-lo.gumbel-kernel : TOP-RIGHT
tensor([[2.0366e-10, 5.0743e-04, 9.9899e-01],
        [3.8518e-23, 2.0366e-10, 5.0743e-04],
        [0.0000e+00, 3.8518e-23, 2.0366e-10]])
2023-10-25 13:44:25,425 | INFO | hi-lo : END EPOCH:  16 | ACCURACY: 1.09 | LOSS: 4.320119380950928
2023-10-25 13:44:25,426 | INFO | hi-lo : BEGIN EPOCH 17 =========================================================================
2023-10-25 13:44:25,426 | INFO | hi-lo.kernel-accessor : Fetching kernel: gumbel
2023-10-25 13:44:25,426 | INFO | hi-lo.gumbel-kernel : MU (LOCATION): -0.22635667026042938 | BETA (SCALE): 0.5148962140083313
2023-10-25 13:44:25,427 | INFO | hi-lo.gumbel-kernel : TOP-LEFT
tensor([[1.0000e+00, 8.0665e-08, 0.0000e+00],
        [8.0665e-08, 0.0000e+00, 0.0000e+00],
        [0.0000e+00, 0.0000e+00, 0.0000e+00]])
2023-10-25 13:44:25,427 | INFO | hi-lo.kernel-accessor : Fetching kernel: gumbel
2023-10-25 13:44:25,428 | INFO | hi-lo.gumbel-kernel : MU (LOCATION): -0.6326220631599426 | BETA (SCALE): 0.8967357277870178
2023-10-25 13:44:25,428 | INFO | hi-lo.gumbel-kernel : TOP-LEFT
tensor([[9.9985e-01, 7.3361e-05, 1.7701e-16],
        [7.3361e-05, 1.7701e-16, 0.0000e+00],
        [1.7701e-16, 0.0000e+00, 0.0000e+00]])
2023-10-25 13:44:25,428 | INFO | hi-lo.kernel-accessor : Fetching kernel: gumbel
2023-10-25 13:44:25,429 | INFO | hi-lo.gumbel-kernel : MU (LOCATION): -1.121828317642212 | BETA (SCALE): 1.6081645488739014
2023-10-25 13:44:25,429 | INFO | hi-lo.gumbel-kernel : TOP-RIGHT
tensor([[1.3174e-05, 1.6011e-02, 9.6794e-01],
        [4.0537e-11, 1.3174e-05, 1.6011e-02],
        [3.7655e-21, 4.0537e-11, 1.3174e-05]])
2023-10-25 13:44:25,429 | INFO | hi-lo.kernel-accessor : Fetching kernel: gumbel
2023-10-25 13:44:25,430 | INFO | hi-lo.gumbel-kernel : MU (LOCATION): -1.6017957925796509 | BETA (SCALE): 1.5529674291610718
2023-10-25 13:44:25,430 | INFO | hi-lo.gumbel-kernel : TOP-RIGHT
tensor([[2.9503e-10, 4.2748e-04, 9.9914e-01],
        [9.8254e-22, 2.9503e-10, 4.2748e-04],
        [0.0000e+00, 9.8254e-22, 2.9503e-10]])
2023-10-25 13:44:49,616 | INFO | hi-lo : END EPOCH:  17 | ACCURACY: 0.28 | LOSS: 4.467392921447754
2023-10-25 13:44:49,616 | INFO | hi-lo : BEGIN EPOCH 18 =========================================================================
2023-10-25 13:44:49,616 | INFO | hi-lo.kernel-accessor : Fetching kernel: gumbel
2023-10-25 13:44:49,617 | INFO | hi-lo.gumbel-kernel : MU (LOCATION): -0.04866614565253258 | BETA (SCALE): 0.5089726448059082
2023-10-25 13:44:49,617 | INFO | hi-lo.gumbel-kernel : TOP-RIGHT
tensor([[1.1619e-28, 8.3516e-05, 9.9983e-01],
        [0.0000e+00, 1.1619e-28, 8.3516e-05],
        [0.0000e+00, 0.0000e+00, 1.1619e-28]])
2023-10-25 13:44:49,617 | INFO | hi-lo.kernel-accessor : Fetching kernel: gumbel
2023-10-25 13:44:49,618 | INFO | hi-lo.gumbel-kernel : MU (LOCATION): -0.6586296558380127 | BETA (SCALE): 0.957318902015686
2023-10-25 13:44:49,618 | INFO | hi-lo.gumbel-kernel : TOP-LEFT
tensor([[9.9952e-01, 2.3916e-04, 8.3652e-14],
        [2.3916e-04, 8.3652e-14, 7.6138e-40],
        [8.3652e-14, 7.6138e-40, 0.0000e+00]])
2023-10-25 13:44:49,618 | INFO | hi-lo.kernel-accessor : Fetching kernel: gumbel
2023-10-25 13:44:49,619 | INFO | hi-lo.gumbel-kernel : MU (LOCATION): -1.167248249053955 | BETA (SCALE): 1.6346144676208496
2023-10-25 13:44:49,619 | INFO | hi-lo.gumbel-kernel : TOP-RIGHT
tensor([[1.2850e-05, 1.5569e-02, 9.6882e-01],
        [4.4492e-11, 1.2850e-05, 1.5569e-02],
        [6.3796e-21, 4.4492e-11, 1.2850e-05]])
2023-10-25 13:44:49,619 | INFO | hi-lo.kernel-accessor : Fetching kernel: gumbel
2023-10-25 13:44:49,620 | INFO | hi-lo.gumbel-kernel : MU (LOCATION): -1.4066890478134155 | BETA (SCALE): 1.4624561071395874
2023-10-25 13:44:49,620 | INFO | hi-lo.gumbel-kernel : TOP-LEFT
tensor([[9.9878e-01, 6.0891e-04, 5.0826e-10],
        [6.0891e-04, 5.0826e-10, 8.9933e-22],
        [5.0826e-10, 8.9933e-22, 0.0000e+00]])
2023-10-25 13:45:13,807 | INFO | hi-lo : END EPOCH:  18 | ACCURACY: 0.28 | LOSS: 4.6109466552734375
2023-10-25 13:45:13,807 | INFO | hi-lo : BEGIN EPOCH 19 =========================================================================
2023-10-25 13:45:13,808 | INFO | hi-lo.kernel-accessor : Fetching kernel: gumbel
2023-10-25 13:45:13,808 | INFO | hi-lo.gumbel-kernel : MU (LOCATION): -0.20367519557476044 | BETA (SCALE): 0.49455884099006653
2023-10-25 13:45:13,809 | INFO | hi-lo.gumbel-kernel : TOP-RIGHT
tensor([[0.0000e+00, 4.3252e-08, 1.0000e+00],
        [0.0000e+00, 0.0000e+00, 4.3252e-08],
        [0.0000e+00, 0.0000e+00, 0.0000e+00]])
2023-10-25 13:45:13,809 | INFO | hi-lo.kernel-accessor : Fetching kernel: gumbel
2023-10-25 13:45:13,809 | INFO | hi-lo.gumbel-kernel : MU (LOCATION): -0.5867244601249695 | BETA (SCALE): 0.9943738579750061
2023-10-25 13:45:13,810 | INFO | hi-lo.gumbel-kernel : TOP-LEFT
tensor([[9.9741e-01, 1.2929e-03, 9.4558e-11],
        [1.2929e-03, 9.4558e-11, 1.6809e-29],
        [9.4558e-11, 1.6809e-29, 0.0000e+00]])
2023-10-25 13:45:13,810 | INFO | hi-lo.kernel-accessor : Fetching kernel: gumbel
2023-10-25 13:45:13,810 | INFO | hi-lo.gumbel-kernel : MU (LOCATION): -1.7456870079040527 | BETA (SCALE): 2.3566503524780273
2023-10-25 13:45:13,811 | INFO | hi-lo.gumbel-kernel : TOP-LEFT
tensor([[8.8380e-01, 5.6512e-02, 1.0571e-03],
        [5.6512e-02, 1.0571e-03, 3.0207e-06],
        [1.0571e-03, 3.0207e-06, 4.8845e-10]])
2023-10-25 13:45:13,811 | INFO | hi-lo.kernel-accessor : Fetching kernel: gumbel
2023-10-25 13:45:13,811 | INFO | hi-lo.gumbel-kernel : MU (LOCATION): -1.1949867010116577 | BETA (SCALE): 1.2023850679397583
2023-10-25 13:45:13,812 | INFO | hi-lo.gumbel-kernel : TOP-RIGHT
tensor([[5.2528e-15, 3.3653e-05, 9.9993e-01],
        [4.5854e-37, 5.2528e-15, 3.3653e-05],
        [0.0000e+00, 4.5854e-37, 5.2528e-15]])
2023-10-25 13:45:37,989 | INFO | hi-lo : END EPOCH:  19 | ACCURACY: 1.56 | LOSS: 4.177084445953369
2023-10-25 13:45:37,990 | INFO | hi-lo : BEGIN EPOCH 20 =========================================================================
2023-10-25 13:45:37,990 | INFO | hi-lo.kernel-accessor : Fetching kernel: gumbel
2023-10-25 13:45:37,990 | INFO | hi-lo.gumbel-kernel : MU (LOCATION): -0.13084134459495544 | BETA (SCALE): 0.46629905700683594
2023-10-25 13:45:37,991 | INFO | hi-lo.gumbel-kernel : TOP-RIGHT
tensor([[0.0000e+00, 2.1403e-07, 1.0000e+00],
        [0.0000e+00, 0.0000e+00, 2.1403e-07],
        [0.0000e+00, 0.0000e+00, 0.0000e+00]])
2023-10-25 13:45:37,991 | INFO | hi-lo.kernel-accessor : Fetching kernel: gumbel
2023-10-25 13:45:37,992 | INFO | hi-lo.gumbel-kernel : MU (LOCATION): -0.6062335968017578 | BETA (SCALE): 0.9675592184066772
2023-10-25 13:45:37,992 | INFO | hi-lo.gumbel-kernel : TOP-RIGHT
tensor([[4.0500e-12, 6.2646e-04, 9.9875e-01],
        [2.5124e-34, 4.0500e-12, 6.2646e-04],
        [0.0000e+00, 2.5124e-34, 4.0500e-12]])
2023-10-25 13:45:37,992 | INFO | hi-lo.kernel-accessor : Fetching kernel: gumbel
2023-10-25 13:45:37,993 | INFO | hi-lo.gumbel-kernel : MU (LOCATION): -1.2801343202590942 | BETA (SCALE): 1.6894981861114502
2023-10-25 13:45:37,993 | INFO | hi-lo.gumbel-kernel : TOP-RIGHT
tensor([[9.8519e-06, 1.3646e-02, 9.7268e-01],
        [3.3352e-11, 9.8519e-06, 1.3646e-02],
        [6.9733e-21, 3.3352e-11, 9.8519e-06]])
2023-10-25 13:45:37,993 | INFO | hi-lo.kernel-accessor : Fetching kernel: gumbel
2023-10-25 13:45:37,994 | INFO | hi-lo.gumbel-kernel : MU (LOCATION): -1.2991411685943604 | BETA (SCALE): 1.2356399297714233
2023-10-25 13:45:37,994 | INFO | hi-lo.gumbel-kernel : TOP-LEFT
tensor([[9.9997e-01, 1.6446e-05, 8.0881e-16],
        [1.6446e-05, 8.0881e-16, 1.5470e-38],
        [8.0881e-16, 1.5470e-38, 0.0000e+00]])
2023-10-25 13:46:02,140 | INFO | hi-lo : END EPOCH:  20 | ACCURACY: 1.56 | LOSS: 4.0034356117248535
2023-10-25 13:46:02,140 | INFO | hi-lo : BEGIN EPOCH 21 =========================================================================
2023-10-25 13:46:02,140 | INFO | hi-lo.kernel-accessor : Fetching kernel: gumbel
2023-10-25 13:46:02,141 | INFO | hi-lo.gumbel-kernel : MU (LOCATION): -0.21090301871299744 | BETA (SCALE): 0.5155256986618042
2023-10-25 13:46:02,142 | INFO | hi-lo.gumbel-kernel : TOP-RIGHT
tensor([[0.0000e+00, 1.9678e-07, 1.0000e+00],
        [0.0000e+00, 0.0000e+00, 1.9678e-07],
