2023-12-09 03:04:59,604 | INFO | hi-lo : 
+==============================================================+
|                                                              |
| ██████╗  █████╗ ██████╗ ██╗         ██╗      █████╗ ██████╗  |
| ██╔══██╗██╔══██╗██╔══██╗██║         ██║     ██╔══██╗██╔══██╗ |
| ██║  ██║███████║██║  ██║██║         ██║     ███████║██████╔╝ |
| ██║  ██║██╔══██║██║  ██║██║         ██║     ██╔══██║██╔══██╗ |
| ██████╔╝██║  ██║██████╔╝███████╗    ███████╗██║  ██║██████╔╝ |
| ╚═════╝ ╚═╝  ╚═╝╚═════╝ ╚══════╝    ╚══════╝╚═╝  ╚═╝╚═════╝  |
|                                                              |
+==============================================================+
|             Hi-Lo Resolution Image Classification            |
|             -------------------------------------            |
|                       Gabriel C. Trahan                      |
|                          Sahan Ahmad                         |
|                       MD  Aminual Islam                      |
+==============================================================+
| MODEL:                 normal | LR:                      0.1 |
| DISTRO:              gaussian | KERNEL TYPE:               5 |
| DATASET:                mnist | BATCH SIZE:               64 |
+=========================================================================+
2023-12-09 03:04:59,605 | INFO | hi-lo : Output directory: output/normal/gaussian/5/mnist/20231209_030459
2023-12-09 03:04:59,605 | INFO | hi-lo.dataset-accessor : Fetching dataset: mnist
2023-12-09 03:04:59,605 | INFO | hi-lo.mnist-dataset : Initializing transform.
2023-12-09 03:04:59,605 | INFO | hi-lo.mnist-dataset : Verifying/downloading train data.
2023-12-09 03:04:59,660 | INFO | hi-lo.mnist-dataset : Verifying/downloading test data.
2023-12-09 03:04:59,666 | INFO | hi-lo.mnist-dataset : Creating train data loader.
2023-12-09 03:04:59,666 | INFO | hi-lo.mnist-dataset : Creating test data loader.
2023-12-09 03:05:00,743 | INFO | hi-lo : Using device: NVIDIA GeForce GTX 1060 6GB
2023-12-09 03:05:00,743 | INFO | hi-lo : Commencing training phase...
2023-12-09 03:05:00,744 | INFO | hi-lo : BEGIN EPOCH 1 =========================================================================
2023-12-09 03:05:00,744 | INFO | hi-lo.kernel-accessor : Fetching kernel: gaussian
2023-12-09 03:05:00,745 | INFO | hi-lo.gaussian-kernel : MU (LOCATION): 0.0 | SIGMA (SCALE): 1.0 | VARIANCE: 1.0
2023-12-09 03:05:00,745 | INFO | hi-lo.gaussian-kernel : TOP-LEFT
tensor([[0.3296, 0.1999, 0.0446],
        [0.1999, 0.1212, 0.0271],
        [0.0446, 0.0271, 0.0060]])
2023-12-09 03:05:00,745 | INFO | hi-lo.kernel-accessor : Fetching kernel: gaussian
2023-12-09 03:05:00,745 | INFO | hi-lo.gaussian-kernel : MU (LOCATION): 0.0 | SIGMA (SCALE): 1.0 | VARIANCE: 1.0
2023-12-09 03:05:00,746 | INFO | hi-lo.gaussian-kernel : TOP-RIGHT
tensor([[0.0446, 0.1999, 0.3296],
        [0.0271, 0.1212, 0.1999],
        [0.0060, 0.0271, 0.0446]])
2023-12-09 03:05:00,746 | INFO | hi-lo.kernel-accessor : Fetching kernel: gaussian
2023-12-09 03:05:00,746 | INFO | hi-lo.gaussian-kernel : MU (LOCATION): 0.0 | SIGMA (SCALE): 1.0 | VARIANCE: 1.0
2023-12-09 03:05:00,746 | INFO | hi-lo.gaussian-kernel : TOP-RIGHT
tensor([[0.0446, 0.1999, 0.3296],
        [0.0271, 0.1212, 0.1999],
        [0.0060, 0.0271, 0.0446]])
2023-12-09 03:05:00,746 | INFO | hi-lo.kernel-accessor : Fetching kernel: gaussian
2023-12-09 03:05:00,746 | INFO | hi-lo.gaussian-kernel : MU (LOCATION): 0.0 | SIGMA (SCALE): 1.0 | VARIANCE: 1.0
2023-12-09 03:05:00,747 | INFO | hi-lo.gaussian-kernel : TOP-RIGHT
tensor([[0.0446, 0.1999, 0.3296],
        [0.0271, 0.1212, 0.1999],
        [0.0060, 0.0271, 0.0446]])
2023-12-09 03:05:09,608 | INFO | hi-lo : END EPOCH:   1 | ACCURACY: 96.68 | LOSS: 0.13556891679763794
2023-12-09 03:05:09,609 | INFO | hi-lo : BEGIN EPOCH 2 =========================================================================
2023-12-09 03:05:09,609 | INFO | hi-lo.kernel-accessor : Fetching kernel: gaussian
2023-12-09 03:05:09,609 | INFO | hi-lo.gaussian-kernel : MU (LOCATION): -0.7714260220527649 | SIGMA (SCALE): 0.580292284488678 | VARIANCE: 0.3367391354370888
2023-12-09 03:05:09,610 | INFO | hi-lo.gaussian-kernel : TOP-LEFT
tensor([[9.5564e-01, 2.1904e-02, 2.5766e-05],
        [2.1904e-02, 5.0207e-04, 5.9059e-07],
        [2.5766e-05, 5.9059e-07, 6.9473e-10]])
2023-12-09 03:05:09,610 | INFO | hi-lo.kernel-accessor : Fetching kernel: gaussian
2023-12-09 03:05:09,611 | INFO | hi-lo.gaussian-kernel : MU (LOCATION): -0.7832240462303162 | SIGMA (SCALE): 0.7677602767944336 | VARIANCE: 0.5894558426234653
2023-12-09 03:05:09,611 | INFO | hi-lo.gaussian-kernel : TOP-LEFT
tensor([[8.0329e-01, 9.1081e-02, 1.8933e-03],
        [9.1081e-02, 1.0327e-02, 2.1467e-04],
        [1.8933e-03, 2.1467e-04, 4.4623e-06]])
2023-12-09 03:05:09,611 | INFO | hi-lo.kernel-accessor : Fetching kernel: gaussian
2023-12-09 03:05:09,612 | INFO | hi-lo.gaussian-kernel : MU (LOCATION): -0.30212122201919556 | SIGMA (SCALE): 0.8901162147521973 | VARIANCE: 0.7923068757647798
2023-12-09 03:05:09,612 | INFO | hi-lo.gaussian-kernel : TOP-LEFT
tensor([[0.5097, 0.1852, 0.0190],
        [0.1852, 0.0673, 0.0069],
        [0.0190, 0.0069, 0.0007]])
2023-12-09 03:05:09,612 | INFO | hi-lo.kernel-accessor : Fetching kernel: gaussian
2023-12-09 03:05:09,613 | INFO | hi-lo.gaussian-kernel : MU (LOCATION): -0.7290199995040894 | SIGMA (SCALE): 1.7328507900238037 | VARIANCE: 3.0027718604861207
2023-12-09 03:05:09,613 | INFO | hi-lo.gaussian-kernel : TOP-LEFT
tensor([[0.2550, 0.1694, 0.0806],
        [0.1694, 0.1125, 0.0535],
        [0.0806, 0.0535, 0.0255]])
2023-12-09 03:05:17,657 | INFO | hi-lo : END EPOCH:   2 | ACCURACY: 97.89 | LOSS: 0.07403066009283066
2023-12-09 03:05:17,657 | INFO | hi-lo : BEGIN EPOCH 3 =========================================================================
2023-12-09 03:05:17,657 | INFO | hi-lo.kernel-accessor : Fetching kernel: gaussian
2023-12-09 03:05:17,658 | INFO | hi-lo.gaussian-kernel : MU (LOCATION): -0.7250850200653076 | SIGMA (SCALE): 0.6313192248344421 | VARIANCE: 0.3985639636455609
2023-12-09 03:05:17,659 | INFO | hi-lo.gaussian-kernel : TOP-LEFT
tensor([[9.1324e-01, 4.2235e-02, 1.5890e-04],
        [4.2235e-02, 1.9533e-03, 7.3486e-06],
        [1.5890e-04, 7.3486e-06, 2.7647e-08]])
2023-12-09 03:05:17,659 | INFO | hi-lo.kernel-accessor : Fetching kernel: gaussian
2023-12-09 03:05:17,659 | INFO | hi-lo.gaussian-kernel : MU (LOCATION): -0.9711856245994568 | SIGMA (SCALE): 0.8302684426307678 | VARIANCE: 0.6893456868285206
2023-12-09 03:05:17,660 | INFO | hi-lo.gaussian-kernel : TOP-LEFT
tensor([[7.9489e-01, 9.4068e-02, 2.6096e-03],
        [9.4068e-02, 1.1132e-02, 3.0882e-04],
        [2.6096e-03, 3.0882e-04, 8.5672e-06]])
2023-12-09 03:05:17,660 | INFO | hi-lo.kernel-accessor : Fetching kernel: gaussian
2023-12-09 03:05:17,660 | INFO | hi-lo.gaussian-kernel : MU (LOCATION): -0.5623458623886108 | SIGMA (SCALE): 1.351825475692749 | VARIANCE: 1.8274321167319272
2023-12-09 03:05:17,661 | INFO | hi-lo.gaussian-kernel : TOP-RIGHT
tensor([[0.0597, 0.1847, 0.3303],
        [0.0334, 0.1033, 0.1847],
        [0.0108, 0.0334, 0.0597]])
2023-12-09 03:05:17,661 | INFO | hi-lo.kernel-accessor : Fetching kernel: gaussian
2023-12-09 03:05:17,661 | INFO | hi-lo.gaussian-kernel : MU (LOCATION): -1.3967620134353638 | SIGMA (SCALE): 3.4722328186035156 | VARIANCE: 12.056400746587315
2023-12-09 03:05:17,662 | INFO | hi-lo.gaussian-kernel : TOP-RIGHT
tensor([[0.1053, 0.1339, 0.1567],
        [0.0900, 0.1144, 0.1339],
        [0.0707, 0.0900, 0.1053]])
2023-12-09 03:05:25,732 | INFO | hi-lo : END EPOCH:   3 | ACCURACY: 99.48 | LOSS: 0.20424522459506989
2023-12-09 03:05:25,732 | INFO | hi-lo : BEGIN EPOCH 4 =========================================================================
2023-12-09 03:05:25,732 | INFO | hi-lo.kernel-accessor : Fetching kernel: gaussian
2023-12-09 03:05:25,733 | INFO | hi-lo.gaussian-kernel : MU (LOCATION): -0.6977297067642212 | SIGMA (SCALE): 0.6592859029769897 | VARIANCE: 0.43465790186418474
2023-12-09 03:05:25,734 | INFO | hi-lo.gaussian-kernel : TOP-LEFT
tensor([[8.8335e-01, 5.6157e-02, 3.5770e-04],
        [5.6157e-02, 3.5701e-03, 2.2740e-05],
        [3.5770e-04, 2.2740e-05, 1.4484e-07]])
2023-12-09 03:05:25,734 | INFO | hi-lo.kernel-accessor : Fetching kernel: gaussian
2023-12-09 03:05:25,734 | INFO | hi-lo.gaussian-kernel : MU (LOCATION): -0.7620763778686523 | SIGMA (SCALE): 0.7591198086738586 | VARIANCE: 0.5762628839210358
2023-12-09 03:05:25,735 | INFO | hi-lo.gaussian-kernel : TOP-LEFT
tensor([[8.0564e-01, 9.0155e-02, 1.7791e-03],
        [9.0155e-02, 1.0089e-02, 1.9909e-04],
        [1.7791e-03, 1.9909e-04, 3.9288e-06]])
2023-12-09 03:05:25,735 | INFO | hi-lo.kernel-accessor : Fetching kernel: gaussian
2023-12-09 03:05:25,735 | INFO | hi-lo.gaussian-kernel : MU (LOCATION): -0.5267348885536194 | SIGMA (SCALE): 1.1964235305786133 | VARIANCE: 1.431429264522194
2023-12-09 03:05:25,736 | INFO | hi-lo.gaussian-kernel : TOP-LEFT
tensor([[0.3875, 0.1891, 0.0459],
        [0.1891, 0.0923, 0.0224],
        [0.0459, 0.0224, 0.0054]])
2023-12-09 03:05:25,736 | INFO | hi-lo.kernel-accessor : Fetching kernel: gaussian
2023-12-09 03:05:25,736 | INFO | hi-lo.gaussian-kernel : MU (LOCATION): -0.8516683578491211 | SIGMA (SCALE): 2.0516233444213867 | VARIANCE: 4.209158347374796
2023-12-09 03:05:25,737 | INFO | hi-lo.gaussian-kernel : TOP-RIGHT
tensor([[0.0906, 0.1584, 0.2183],
        [0.0657, 0.1149, 0.1584],
        [0.0376, 0.0657, 0.0906]])
2023-12-09 03:05:33,915 | INFO | hi-lo : END EPOCH:   4 | ACCURACY: 98.2 | LOSS: 0.03072304092347622
2023-12-09 03:05:33,915 | INFO | hi-lo : BEGIN EPOCH 5 =========================================================================
2023-12-09 03:05:33,915 | INFO | hi-lo.kernel-accessor : Fetching kernel: gaussian
2023-12-09 03:05:33,916 | INFO | hi-lo.gaussian-kernel : MU (LOCATION): -0.7192314267158508 | SIGMA (SCALE): 0.6309455037117004 | VARIANCE: 0.3980922286540114
2023-12-09 03:05:33,916 | INFO | hi-lo.gaussian-kernel : TOP-RIGHT
tensor([[1.6181e-04, 4.2663e-02, 9.1234e-01],
        [7.5665e-06, 1.9950e-03, 4.2663e-02],
        [2.8698e-08, 7.5665e-06, 1.6181e-04]])
2023-12-09 03:05:33,916 | INFO | hi-lo.kernel-accessor : Fetching kernel: gaussian
2023-12-09 03:05:33,917 | INFO | hi-lo.gaussian-kernel : MU (LOCATION): -0.7202927470207214 | SIGMA (SCALE): 0.7516027092933655 | VARIANCE: 0.5649066326171273
2023-12-09 03:05:33,917 | INFO | hi-lo.gaussian-kernel : TOP-RIGHT
tensor([[1.8129e-03, 9.2321e-02, 8.0066e-01],
        [2.0903e-04, 1.0645e-02, 9.2321e-02],
        [4.1047e-06, 2.0903e-04, 1.8129e-03]])
2023-12-09 03:05:33,917 | INFO | hi-lo.kernel-accessor : Fetching kernel: gaussian
2023-12-09 03:05:33,918 | INFO | hi-lo.gaussian-kernel : MU (LOCATION): -0.49350205063819885 | SIGMA (SCALE): 1.1598923206329346 | VARIANCE: 1.3453501954632543
2023-12-09 03:05:33,918 | INFO | hi-lo.gaussian-kernel : TOP-LEFT
tensor([[0.3973, 0.1899, 0.0431],
        [0.1899, 0.0907, 0.0206],
        [0.0431, 0.0206, 0.0047]])
2023-12-09 03:05:33,918 | INFO | hi-lo.kernel-accessor : Fetching kernel: gaussian
2023-12-09 03:05:33,919 | INFO | hi-lo.gaussian-kernel : MU (LOCATION): -0.8533591032028198 | SIGMA (SCALE): 2.125389814376831 | VARIANCE: 4.51728186305678
2023-12-09 03:05:33,919 | INFO | hi-lo.gaussian-kernel : TOP-RIGHT
tensor([[0.0925, 0.1558, 0.2102],
        [0.0686, 0.1154, 0.1558],
        [0.0407, 0.0686, 0.0925]])
2023-12-09 03:05:42,014 | INFO | hi-lo : END EPOCH:   5 | ACCURACY: 98.44 | LOSS: 0.017681464552879333
2023-12-09 03:05:42,014 | INFO | hi-lo : BEGIN EPOCH 6 =========================================================================
2023-12-09 03:05:42,015 | INFO | hi-lo.kernel-accessor : Fetching kernel: gaussian
2023-12-09 03:05:42,015 | INFO | hi-lo.gaussian-kernel : MU (LOCATION): -0.7155212163925171 | SIGMA (SCALE): 0.6398287415504456 | VARIANCE: 0.40938081851402686
2023-12-09 03:05:42,016 | INFO | hi-lo.gaussian-kernel : TOP-RIGHT
tensor([[2.0724e-04, 4.6433e-02, 9.0431e-01],
        [1.0641e-05, 2.3841e-03, 4.6433e-02],
        [4.7493e-08, 1.0641e-05, 2.0724e-04]])
2023-12-09 03:05:42,016 | INFO | hi-lo.kernel-accessor : Fetching kernel: gaussian
2023-12-09 03:05:42,017 | INFO | hi-lo.gaussian-kernel : MU (LOCATION): -0.6554818153381348 | SIGMA (SCALE): 0.7223703265190125 | VARIANCE: 0.5218188886351847
2023-12-09 03:05:42,017 | INFO | hi-lo.gaussian-kernel : TOP-LEFT
tensor([[8.1019e-01, 8.8494e-02, 1.4222e-03],
        [8.8494e-02, 9.6658e-03, 1.5534e-04],
        [1.4222e-03, 1.5534e-04, 2.4966e-06]])
2023-12-09 03:05:42,017 | INFO | hi-lo.kernel-accessor : Fetching kernel: gaussian
2023-12-09 03:05:42,018 | INFO | hi-lo.gaussian-kernel : MU (LOCATION): -0.470581591129303 | SIGMA (SCALE): 1.0325796604156494 | VARIANCE: 1.0662207551040979
2023-12-09 03:05:42,018 | INFO | hi-lo.gaussian-kernel : TOP-LEFT
tensor([[0.4654, 0.1873, 0.0295],
        [0.1873, 0.0754, 0.0119],
        [0.0295, 0.0119, 0.0019]])
2023-12-09 03:05:42,018 | INFO | hi-lo.kernel-accessor : Fetching kernel: gaussian
2023-12-09 03:05:42,019 | INFO | hi-lo.gaussian-kernel : MU (LOCATION): -0.5185997486114502 | SIGMA (SCALE): 1.458258867263794 | VARIANCE: 2.1265189239534834
2023-12-09 03:05:42,019 | INFO | hi-lo.gaussian-kernel : TOP-LEFT
tensor([[0.2893, 0.1792, 0.0694],
        [0.1792, 0.1110, 0.0430],
        [0.0694, 0.0430, 0.0166]])
2023-12-09 03:05:50,019 | INFO | hi-lo : END EPOCH:   6 | ACCURACY: 100.0 | LOSS: 0.016177384182810783
2023-12-09 03:05:50,019 | INFO | hi-lo : BEGIN EPOCH 7 =========================================================================
2023-12-09 03:05:50,019 | INFO | hi-lo.kernel-accessor : Fetching kernel: gaussian
2023-12-09 03:05:50,019 | INFO | hi-lo.gaussian-kernel : MU (LOCATION): -0.7319715619087219 | SIGMA (SCALE): 0.6271345019340515 | VARIANCE: 0.39329768351607086
2023-12-09 03:05:50,020 | INFO | hi-lo.gaussian-kernel : TOP-LEFT
tensor([[9.1790e-01, 4.0032e-02, 1.3733e-04],
        [4.0032e-02, 1.7459e-03, 5.9894e-06],
        [1.3733e-04, 5.9894e-06, 2.0547e-08]])
2023-12-09 03:05:50,020 | INFO | hi-lo.kernel-accessor : Fetching kernel: gaussian
2023-12-09 03:05:50,020 | INFO | hi-lo.gaussian-kernel : MU (LOCATION): -0.6564120650291443 | SIGMA (SCALE): 0.7167309522628784 | VARIANCE: 0.5137032579316525
2023-12-09 03:05:50,020 | INFO | hi-lo.gaussian-kernel : TOP-LEFT
tensor([[8.1623e-01, 8.5933e-02, 1.2915e-03],
        [8.5933e-02, 9.0470e-03, 1.3597e-04],
        [1.2915e-03, 1.3597e-04, 2.0434e-06]])
2023-12-09 03:05:50,020 | INFO | hi-lo.kernel-accessor : Fetching kernel: gaussian
2023-12-09 03:05:50,021 | INFO | hi-lo.gaussian-kernel : MU (LOCATION): -0.5055153965950012 | SIGMA (SCALE): 1.1053704023361206 | VARIANCE: 1.2218437263607171
2023-12-09 03:05:50,021 | INFO | hi-lo.gaussian-kernel : TOP-LEFT
tensor([[0.4304, 0.1890, 0.0366],
        [0.1890, 0.0830, 0.0161],
        [0.0366, 0.0161, 0.0031]])
2023-12-09 03:05:50,021 | INFO | hi-lo.kernel-accessor : Fetching kernel: gaussian
2023-12-09 03:05:50,021 | INFO | hi-lo.gaussian-kernel : MU (LOCATION): -0.48762333393096924 | SIGMA (SCALE): 1.4222571849822998 | VARIANCE: 2.0228155002337758
2023-12-09 03:05:50,021 | INFO | hi-lo.gaussian-kernel : TOP-LEFT
tensor([[0.2943, 0.1806, 0.0676],
        [0.1806, 0.1108, 0.0415],
        [0.0676, 0.0415, 0.0155]])
2023-12-09 03:05:58,128 | INFO | hi-lo : END EPOCH:   7 | ACCURACY: 98.66 | LOSS: 0.04601740464568138
2023-12-09 03:05:58,128 | INFO | hi-lo : BEGIN EPOCH 8 =========================================================================
2023-12-09 03:05:58,128 | INFO | hi-lo.kernel-accessor : Fetching kernel: gaussian
2023-12-09 03:05:58,129 | INFO | hi-lo.gaussian-kernel : MU (LOCATION): -0.7470968961715698 | SIGMA (SCALE): 0.602271318435669 | VARIANCE: 0.36273074101023894
2023-12-09 03:05:58,129 | INFO | hi-lo.gaussian-kernel : TOP-LEFT
tensor([[9.3860e-01, 3.0154e-02, 6.1505e-05],
        [3.0154e-02, 9.6873e-04, 1.9759e-06],
        [6.1505e-05, 1.9759e-06, 4.0303e-09]])
2023-12-09 03:05:58,129 | INFO | hi-lo.kernel-accessor : Fetching kernel: gaussian
2023-12-09 03:05:58,130 | INFO | hi-lo.gaussian-kernel : MU (LOCATION): -0.5784755349159241 | SIGMA (SCALE): 0.7316989898681641 | VARIANCE: 0.5353834117740917
2023-12-09 03:05:58,130 | INFO | hi-lo.gaussian-kernel : TOP-LEFT
tensor([[7.7469e-01, 1.0334e-01, 2.1294e-03],
        [1.0334e-01, 1.3786e-02, 2.8407e-04],
        [2.1294e-03, 2.8407e-04, 5.8532e-06]])
2023-12-09 03:05:58,130 | INFO | hi-lo.kernel-accessor : Fetching kernel: gaussian
2023-12-09 03:05:58,130 | INFO | hi-lo.gaussian-kernel : MU (LOCATION): -0.5084269046783447 | SIGMA (SCALE): 1.11636221408844 | VARIANCE: 1.2462645930444438
2023-12-09 03:05:58,130 | INFO | hi-lo.gaussian-kernel : TOP-LEFT
tensor([[0.4249, 0.1892, 0.0378],
        [0.1892, 0.0842, 0.0168],
        [0.0378, 0.0168, 0.0034]])
2023-12-09 03:05:58,131 | INFO | hi-lo.kernel-accessor : Fetching kernel: gaussian
2023-12-09 03:05:58,131 | INFO | hi-lo.gaussian-kernel : MU (LOCATION): -0.6196671724319458 | SIGMA (SCALE): 1.8212532997131348 | VARIANCE: 3.3169635817159815
2023-12-09 03:05:58,131 | INFO | hi-lo.gaussian-kernel : TOP-RIGHT
tensor([[0.0862, 0.1633, 0.2289],
        [0.0615, 0.1165, 0.1633],
        [0.0325, 0.0615, 0.0862]])
2023-12-09 03:06:06,275 | INFO | hi-lo : END EPOCH:   8 | ACCURACY: 98.7 | LOSS: 0.23104484379291534
2023-12-09 03:06:06,275 | INFO | hi-lo : BEGIN EPOCH 9 =========================================================================
2023-12-09 03:06:06,275 | INFO | hi-lo.kernel-accessor : Fetching kernel: gaussian
2023-12-09 03:06:06,276 | INFO | hi-lo.gaussian-kernel : MU (LOCATION): -0.6733555793762207 | SIGMA (SCALE): 0.6857043504714966 | VARIANCE: 0.470190456255537
2023-12-09 03:06:06,277 | INFO | hi-lo.gaussian-kernel : TOP-RIGHT
tensor([[6.9074e-04, 7.0267e-02, 8.5218e-01],
        [5.6956e-05, 5.7939e-03, 7.0267e-02],
        [5.5989e-07, 5.6956e-05, 6.9074e-04]])
2023-12-09 03:06:06,277 | INFO | hi-lo.kernel-accessor : Fetching kernel: gaussian
2023-12-09 03:06:06,278 | INFO | hi-lo.gaussian-kernel : MU (LOCATION): -0.5334829092025757 | SIGMA (SCALE): 0.7105624079704285 | VARIANCE: 0.5048989356207336
2023-12-09 03:06:06,278 | INFO | hi-lo.gaussian-kernel : TOP-RIGHT
tensor([[1.7974e-03, 1.0087e-01, 7.8116e-01],
        [2.3211e-04, 1.3026e-02, 1.0087e-01],
        [4.1359e-06, 2.3211e-04, 1.7974e-03]])
2023-12-09 03:06:06,278 | INFO | hi-lo.kernel-accessor : Fetching kernel: gaussian
2023-12-09 03:06:06,279 | INFO | hi-lo.gaussian-kernel : MU (LOCATION): -0.4826250672340393 | SIGMA (SCALE): 1.0628018379211426 | VARIANCE: 1.1295477466885586
2023-12-09 03:06:06,279 | INFO | hi-lo.gaussian-kernel : TOP-RIGHT
tensor([[0.0326, 0.1884, 0.4496],
        [0.0136, 0.0789, 0.1884],
        [0.0024, 0.0136, 0.0326]])
2023-12-09 03:06:06,280 | INFO | hi-lo.kernel-accessor : Fetching kernel: gaussian
2023-12-09 03:06:06,280 | INFO | hi-lo.gaussian-kernel : MU (LOCATION): -0.47696855664253235 | SIGMA (SCALE): 1.463816523551941 | VARIANCE: 2.14275881462369
2023-12-09 03:06:06,281 | INFO | hi-lo.gaussian-kernel : TOP-RIGHT
tensor([[0.0708, 0.1782, 0.2812],
        [0.0449, 0.1130, 0.1782],
        [0.0178, 0.0449, 0.0708]])
2023-12-09 03:06:14,396 | INFO | hi-lo : END EPOCH:   9 | ACCURACY: 100.0 | LOSS: 0.05327159911394119
2023-12-09 03:06:14,396 | INFO | hi-lo : BEGIN EPOCH 10 =========================================================================
2023-12-09 03:06:14,396 | INFO | hi-lo.kernel-accessor : Fetching kernel: gaussian
2023-12-09 03:06:14,397 | INFO | hi-lo.gaussian-kernel : MU (LOCATION): -0.6922556161880493 | SIGMA (SCALE): 0.6623086333274841 | VARIANCE: 0.4386527257801198
2023-12-09 03:06:14,397 | INFO | hi-lo.gaussian-kernel : TOP-RIGHT
tensor([[3.9195e-04, 5.8037e-02, 8.7926e-01],
        [2.5872e-05, 3.8309e-03, 5.8037e-02],
        [1.7472e-07, 2.5872e-05, 3.9195e-04]])
2023-12-09 03:06:14,397 | INFO | hi-lo.kernel-accessor : Fetching kernel: gaussian
2023-12-09 03:06:14,397 | INFO | hi-lo.gaussian-kernel : MU (LOCATION): -0.6132581830024719 | SIGMA (SCALE): 0.7243655323982239 | VARIANCE: 0.5247054245265623
2023-12-09 03:06:14,398 | INFO | hi-lo.gaussian-kernel : TOP-LEFT
tensor([[7.9440e-01, 9.5193e-02, 1.6962e-03],
        [9.5193e-02, 1.1407e-02, 2.0326e-04],
        [1.6962e-03, 2.0326e-04, 3.6217e-06]])
2023-12-09 03:06:14,398 | INFO | hi-lo.kernel-accessor : Fetching kernel: gaussian
2023-12-09 03:06:14,398 | INFO | hi-lo.gaussian-kernel : MU (LOCATION): -0.5206964612007141 | SIGMA (SCALE): 1.0828001499176025 | VARIANCE: 1.1724561646615825
2023-12-09 03:06:14,398 | INFO | hi-lo.gaussian-kernel : TOP-LEFT
tensor([[0.4484, 0.1877, 0.0335],
        [0.1877, 0.0786, 0.0140],
        [0.0335, 0.0140, 0.0025]])
2023-12-09 03:06:14,398 | INFO | hi-lo.kernel-accessor : Fetching kernel: gaussian
2023-12-09 03:06:14,398 | INFO | hi-lo.gaussian-kernel : MU (LOCATION): -0.543907642364502 | SIGMA (SCALE): 1.4842230081558228 | VARIANCE: 2.2029179379391195
2023-12-09 03:06:14,399 | INFO | hi-lo.gaussian-kernel : TOP-RIGHT
tensor([[0.0705, 0.1783, 0.2863],
        [0.0439, 0.1110, 0.1783],
        [0.0174, 0.0439, 0.0705]])
2023-12-09 03:06:22,537 | INFO | hi-lo : END EPOCH:  10 | ACCURACY: 100.0 | LOSS: 0.013707195408642292
2023-12-09 03:06:22,537 | INFO | hi-lo : BEGIN EPOCH 11 =========================================================================
2023-12-09 03:06:22,537 | INFO | hi-lo.kernel-accessor : Fetching kernel: gaussian
2023-12-09 03:06:22,538 | INFO | hi-lo.gaussian-kernel : MU (LOCATION): -0.7467943429946899 | SIGMA (SCALE): 0.6102274060249329 | VARIANCE: 0.37237748706391827
2023-12-09 03:06:22,538 | INFO | hi-lo.gaussian-kernel : TOP-LEFT
tensor([[9.3309e-01, 3.2796e-02, 7.8603e-05],
        [3.2796e-02, 1.1527e-03, 2.7627e-06],
        [7.8603e-05, 2.7627e-06, 6.6215e-09]])
2023-12-09 03:06:22,538 | INFO | hi-lo.kernel-accessor : Fetching kernel: gaussian
2023-12-09 03:06:22,539 | INFO | hi-lo.gaussian-kernel : MU (LOCATION): -0.5787233710289001 | SIGMA (SCALE): 0.6673727631568909 | VARIANCE: 0.44538640500366355
2023-12-09 03:06:22,539 | INFO | hi-lo.gaussian-kernel : TOP-LEFT
tensor([[8.4233e-01, 7.4752e-02, 7.0254e-04],
        [7.4752e-02, 6.6338e-03, 6.2346e-05],
        [7.0254e-04, 6.2346e-05, 5.8594e-07]])
2023-12-09 03:06:22,539 | INFO | hi-lo.kernel-accessor : Fetching kernel: gaussian
2023-12-09 03:06:22,539 | INFO | hi-lo.gaussian-kernel : MU (LOCATION): -0.4546166658401489 | SIGMA (SCALE): 1.0087645053863525 | VARIANCE: 1.0176058273273725
2023-12-09 03:06:22,539 | INFO | hi-lo.gaussian-kernel : TOP-LEFT
tensor([[0.4765, 0.1865, 0.0273],
        [0.1865, 0.0730, 0.0107],
        [0.0273, 0.0107, 0.0016]])
2023-12-09 03:06:22,540 | INFO | hi-lo.kernel-accessor : Fetching kernel: gaussian
2023-12-09 03:06:22,540 | INFO | hi-lo.gaussian-kernel : MU (LOCATION): -0.5410829782485962 | SIGMA (SCALE): 1.4363219738006592 | VARIANCE: 2.0630208124226215
2023-12-09 03:06:22,540 | INFO | hi-lo.gaussian-kernel : TOP-RIGHT
tensor([[0.0672, 0.1806, 0.2992],
        [0.0405, 0.1091, 0.1806],
        [0.0151, 0.0405, 0.0672]])
2023-12-09 03:06:30,726 | INFO | hi-lo : END EPOCH:  11 | ACCURACY: 100.0 | LOSS: 0.10339590162038803
2023-12-09 03:06:30,726 | INFO | hi-lo : BEGIN EPOCH 12 =========================================================================
2023-12-09 03:06:30,726 | INFO | hi-lo.kernel-accessor : Fetching kernel: gaussian
2023-12-09 03:06:30,727 | INFO | hi-lo.gaussian-kernel : MU (LOCATION): -0.7239370346069336 | SIGMA (SCALE): 0.6313182711601257 | VARIANCE: 0.39856275950061004
2023-12-09 03:06:30,728 | INFO | hi-lo.gaussian-kernel : TOP-LEFT
tensor([[9.1301e-01, 4.2346e-02, 1.5977e-04],
        [4.2346e-02, 1.9640e-03, 7.4102e-06],
        [1.5977e-04, 7.4102e-06, 2.7958e-08]])
2023-12-09 03:06:30,728 | INFO | hi-lo.kernel-accessor : Fetching kernel: gaussian
2023-12-09 03:06:30,728 | INFO | hi-lo.gaussian-kernel : MU (LOCATION): -0.5683245658874512 | SIGMA (SCALE): 0.698563814163208 | VARIANCE: 0.487991402458249
2023-12-09 03:06:30,729 | INFO | hi-lo.gaussian-kernel : TOP-LEFT
tensor([[8.0636e-01, 9.0314e-02, 1.3032e-03],
        [9.0314e-02, 1.0115e-02, 1.4597e-04],
        [1.3032e-03, 1.4597e-04, 2.1063e-06]])
2023-12-09 03:06:30,729 | INFO | hi-lo.kernel-accessor : Fetching kernel: gaussian
2023-12-09 03:06:30,729 | INFO | hi-lo.gaussian-kernel : MU (LOCATION): -0.4910734295845032 | SIGMA (SCALE): 1.0145947933197021 | VARIANCE: 1.0294025946314491
2023-12-09 03:06:30,730 | INFO | hi-lo.gaussian-kernel : TOP-LEFT
tensor([[0.4843, 0.1849, 0.0267],
        [0.1849, 0.0706, 0.0102],
        [0.0267, 0.0102, 0.0015]])
2023-12-09 03:06:30,730 | INFO | hi-lo.kernel-accessor : Fetching kernel: gaussian
2023-12-09 03:06:30,730 | INFO | hi-lo.gaussian-kernel : MU (LOCATION): -0.5112884044647217 | SIGMA (SCALE): 1.3518282175064087 | VARIANCE: 1.8274395296465542
2023-12-09 03:06:30,731 | INFO | hi-lo.gaussian-kernel : TOP-RIGHT
tensor([[0.0613, 0.1843, 0.3205],
        [0.0353, 0.1060, 0.1843],
        [0.0117, 0.0353, 0.0613]])
2023-12-09 03:06:38,911 | INFO | hi-lo : END EPOCH:  12 | ACCURACY: 98.22 | LOSS: 0.13510441780090332
2023-12-09 03:06:38,912 | INFO | hi-lo : BEGIN EPOCH 13 =========================================================================
2023-12-09 03:06:38,912 | INFO | hi-lo.kernel-accessor : Fetching kernel: gaussian
2023-12-09 03:06:38,912 | INFO | hi-lo.gaussian-kernel : MU (LOCATION): -0.7317401170730591 | SIGMA (SCALE): 0.6274117231369019 | VARIANCE: 0.3936454703296164
2023-12-09 03:06:38,913 | INFO | hi-lo.gaussian-kernel : TOP-RIGHT
tensor([[1.3853e-04, 4.0155e-02, 9.1764e-01],
        [6.0619e-06, 1.7571e-03, 4.0155e-02],
        [2.0913e-08, 6.0619e-06, 1.3853e-04]])
2023-12-09 03:06:38,913 | INFO | hi-lo.kernel-accessor : Fetching kernel: gaussian
2023-12-09 03:06:38,914 | INFO | hi-lo.gaussian-kernel : MU (LOCATION): -0.5282801389694214 | SIGMA (SCALE): 0.6600274443626404 | VARIANCE: 0.43563622731187834
2023-12-09 03:06:38,914 | INFO | hi-lo.gaussian-kernel : TOP-RIGHT
tensor([[7.4783e-04, 7.8675e-02, 8.3359e-01],
        [7.0582e-05, 7.4255e-03, 7.8675e-02],
        [6.7090e-07, 7.0582e-05, 7.4783e-04]])
2023-12-09 03:06:38,914 | INFO | hi-lo.kernel-accessor : Fetching kernel: gaussian
2023-12-09 03:06:38,915 | INFO | hi-lo.gaussian-kernel : MU (LOCATION): -0.4621429443359375 | SIGMA (SCALE): 0.9465330839157104 | VARIANCE: 0.8959248789469854
2023-12-09 03:06:38,915 | INFO | hi-lo.gaussian-kernel : TOP-RIGHT
tensor([[0.0201, 0.1794, 0.5252],
        [0.0069, 0.0613, 0.1794],
        [0.0008, 0.0069, 0.0201]])
2023-12-09 03:06:38,915 | INFO | hi-lo.kernel-accessor : Fetching kernel: gaussian
2023-12-09 03:06:38,916 | INFO | hi-lo.gaussian-kernel : MU (LOCATION): -0.38934722542762756 | SIGMA (SCALE): 1.0833150148391724 | VARIANCE: 1.1735714213759962
2023-12-09 03:06:38,916 | INFO | hi-lo.gaussian-kernel : TOP-LEFT
tensor([[0.4097, 0.1920, 0.0384],
        [0.1920, 0.0900, 0.0180],
        [0.0384, 0.0180, 0.0036]])
2023-12-09 03:06:47,113 | INFO | hi-lo : END EPOCH:  13 | ACCURACY: 98.63 | LOSS: 0.1246047094464302
2023-12-09 03:06:47,113 | INFO | hi-lo : BEGIN EPOCH 14 =========================================================================
2023-12-09 03:06:47,113 | INFO | hi-lo.kernel-accessor : Fetching kernel: gaussian
2023-12-09 03:06:47,114 | INFO | hi-lo.gaussian-kernel : MU (LOCATION): -0.7275922298431396 | SIGMA (SCALE): 0.6249040961265564 | VARIANCE: 0.39050512935574844
2023-12-09 03:06:47,114 | INFO | hi-lo.gaussian-kernel : TOP-RIGHT
tensor([[1.3200e-04, 3.9624e-02, 9.1877e-01],
        [5.6928e-06, 1.7089e-03, 3.9624e-02],
        [1.8965e-08, 5.6928e-06, 1.3200e-04]])
2023-12-09 03:06:47,114 | INFO | hi-lo.kernel-accessor : Fetching kernel: gaussian
2023-12-09 03:06:47,115 | INFO | hi-lo.gaussian-kernel : MU (LOCATION): -0.5917050838470459 | SIGMA (SCALE): 0.6801553964614868 | VARIANCE: 0.4626113633356823
2023-12-09 03:06:47,115 | INFO | hi-lo.gaussian-kernel : TOP-LEFT
tensor([[8.3331e-01, 7.8691e-02, 8.5557e-04],
        [7.8691e-02, 7.4310e-03, 8.0794e-05],
        [8.5557e-04, 8.0794e-05, 8.7843e-07]])
2023-12-09 03:06:47,115 | INFO | hi-lo.kernel-accessor : Fetching kernel: gaussian
2023-12-09 03:06:47,115 | INFO | hi-lo.gaussian-kernel : MU (LOCATION): -0.5290902256965637 | SIGMA (SCALE): 1.0705715417861938 | VARIANCE: 1.1461234260824682
2023-12-09 03:06:47,116 | INFO | hi-lo.gaussian-kernel : TOP-RIGHT
tensor([[0.0318, 0.1868, 0.4585],
        [0.0130, 0.0761, 0.1868],
        [0.0022, 0.0130, 0.0318]])
2023-12-09 03:06:47,116 | INFO | hi-lo.kernel-accessor : Fetching kernel: gaussian
2023-12-09 03:06:47,116 | INFO | hi-lo.gaussian-kernel : MU (LOCATION): -0.5968195796012878 | SIGMA (SCALE): 1.3148221969604492 | VARIANCE: 1.7287574096199023
2023-12-09 03:06:47,117 | INFO | hi-lo.gaussian-kernel : TOP-LEFT
tensor([[0.3510, 0.1861, 0.0553],
        [0.1861, 0.0987, 0.0293],
        [0.0553, 0.0293, 0.0087]])
2023-12-09 03:06:55,352 | INFO | hi-lo : END EPOCH:  14 | ACCURACY: 99.22 | LOSS: 0.09834381937980652
2023-12-09 03:06:55,352 | INFO | hi-lo : BEGIN EPOCH 15 =========================================================================
2023-12-09 03:06:55,352 | INFO | hi-lo.kernel-accessor : Fetching kernel: gaussian
2023-12-09 03:06:55,353 | INFO | hi-lo.gaussian-kernel : MU (LOCATION): -0.7619766592979431 | SIGMA (SCALE): 0.5943501591682434 | VARIANCE: 0.3532521117033163
2023-12-09 03:06:55,353 | INFO | hi-lo.gaussian-kernel : TOP-RIGHT
tensor([[4.4004e-05, 2.6571e-02, 9.4602e-01],
        [1.2359e-06, 7.4629e-04, 2.6571e-02],
        [2.0468e-09, 1.2359e-06, 4.4004e-05]])
2023-12-09 03:06:55,353 | INFO | hi-lo.kernel-accessor : Fetching kernel: gaussian
2023-12-09 03:06:55,354 | INFO | hi-lo.gaussian-kernel : MU (LOCATION): -0.5496372580528259 | SIGMA (SCALE): 0.6640904545783997 | VARIANCE: 0.4410161318621455
2023-12-09 03:06:55,354 | INFO | hi-lo.gaussian-kernel : TOP-LEFT
tensor([[8.3640e-01, 7.7406e-02, 7.4195e-04],
        [7.7406e-02, 7.1637e-03, 6.8665e-05],
        [7.4195e-04, 6.8665e-05, 6.5817e-07]])
2023-12-09 03:06:55,355 | INFO | hi-lo.kernel-accessor : Fetching kernel: gaussian
2023-12-09 03:06:55,355 | INFO | hi-lo.gaussian-kernel : MU (LOCATION): -0.5059604644775391 | SIGMA (SCALE): 0.946355402469635 | VARIANCE: 0.8955885477834649
2023-12-09 03:06:55,355 | INFO | hi-lo.gaussian-kernel : TOP-RIGHT
tensor([[0.0187, 0.1759, 0.5408],
        [0.0061, 0.0572, 0.1759],
        [0.0006, 0.0061, 0.0187]])
2023-12-09 03:06:55,356 | INFO | hi-lo.kernel-accessor : Fetching kernel: gaussian
2023-12-09 03:06:55,356 | INFO | hi-lo.gaussian-kernel : MU (LOCATION): -0.416639506816864 | SIGMA (SCALE): 1.0844413042068481 | VARIANCE: 1.1760129422698498
2023-12-09 03:06:55,357 | INFO | hi-lo.gaussian-kernel : TOP-RIGHT
tensor([[0.0375, 0.1913, 0.4170],
        [0.0172, 0.0877, 0.1913],
        [0.0034, 0.0172, 0.0375]])
2023-12-09 03:07:03,765 | INFO | hi-lo : END EPOCH:  15 | ACCURACY: 99.22 | LOSS: 0.11979147791862488
2023-12-09 03:07:03,765 | INFO | hi-lo : BEGIN EPOCH 16 =========================================================================
2023-12-09 03:07:03,765 | INFO | hi-lo.kernel-accessor : Fetching kernel: gaussian
2023-12-09 03:07:03,766 | INFO | hi-lo.gaussian-kernel : MU (LOCATION): -0.730156421661377 | SIGMA (SCALE): 0.6285418272018433 | VARIANCE: 0.3950648285422318
2023-12-09 03:07:03,766 | INFO | hi-lo.gaussian-kernel : TOP-LEFT
tensor([[9.1645e-01, 4.0719e-02, 1.4394e-04],
        [4.0719e-02, 1.8092e-03, 6.3956e-06],
        [1.4394e-04, 6.3956e-06, 2.2608e-08]])
2023-12-09 03:07:03,766 | INFO | hi-lo.kernel-accessor : Fetching kernel: gaussian
2023-12-09 03:07:03,767 | INFO | hi-lo.gaussian-kernel : MU (LOCATION): -0.5232211947441101 | SIGMA (SCALE): 0.6867468357086182 | VARIANCE: 0.4716212163557998
2023-12-09 03:07:03,767 | INFO | hi-lo.gaussian-kernel : TOP-LEFT
tensor([[8.0322e-01, 9.1748e-02, 1.2575e-03],
        [9.1748e-02, 1.0480e-02, 1.4364e-04],
        [1.2575e-03, 1.4364e-04, 1.9687e-06]])
2023-12-09 03:07:03,767 | INFO | hi-lo.kernel-accessor : Fetching kernel: gaussian
2023-12-09 03:07:03,768 | INFO | hi-lo.gaussian-kernel : MU (LOCATION): -0.5702730417251587 | SIGMA (SCALE): 1.0828735828399658 | VARIANCE: 1.1726151964126643
2023-12-09 03:07:03,768 | INFO | hi-lo.gaussian-kernel : TOP-RIGHT
tensor([[0.0318, 0.1857, 0.4627],
        [0.0128, 0.0746, 0.1857],
        [0.0022, 0.0128, 0.0318]])
2023-12-09 03:07:03,768 | INFO | hi-lo.kernel-accessor : Fetching kernel: gaussian
2023-12-09 03:07:03,769 | INFO | hi-lo.gaussian-kernel : MU (LOCATION): -0.5434779524803162 | SIGMA (SCALE): 1.2654169797897339 | VARIANCE: 1.6012801327401718
2023-12-09 03:07:03,769 | INFO | hi-lo.gaussian-kernel : TOP-LEFT
tensor([[0.3600, 0.1876, 0.0524],
        [0.1876, 0.0978, 0.0273],
        [0.0524, 0.0273, 0.0076]])
2023-12-09 03:07:12,004 | INFO | hi-lo : END EPOCH:  16 | ACCURACY: 99.22 | LOSS: 0.05533643811941147
2023-12-09 03:07:12,004 | INFO | hi-lo : BEGIN EPOCH 17 =========================================================================
2023-12-09 03:07:12,004 | INFO | hi-lo.kernel-accessor : Fetching kernel: gaussian
2023-12-09 03:07:12,005 | INFO | hi-lo.gaussian-kernel : MU (LOCATION): -0.7548538446426392 | SIGMA (SCALE): 0.5976033806800842 | VARIANCE: 0.35712980060026567
2023-12-09 03:07:12,006 | INFO | hi-lo.gaussian-kernel : TOP-LEFT
tensor([[9.4289e-01, 2.8085e-02, 5.0864e-05],
        [2.8085e-02, 8.3653e-04, 1.5150e-06],
        [5.0864e-05, 1.5150e-06, 2.7439e-09]])
2023-12-09 03:07:12,006 | INFO | hi-lo.kernel-accessor : Fetching kernel: gaussian
2023-12-09 03:07:12,006 | INFO | hi-lo.gaussian-kernel : MU (LOCATION): -0.5881213545799255 | SIGMA (SCALE): 0.7014421820640564 | VARIANCE: 0.49202113477878484
2023-12-09 03:07:12,007 | INFO | hi-lo.gaussian-kernel : TOP-RIGHT
tensor([[1.2732e-03, 8.8722e-02, 8.1001e-01],
        [1.3946e-04, 9.7180e-03, 8.8722e-02],
        [2.0013e-06, 1.3946e-04, 1.2732e-03]])
2023-12-09 03:07:12,007 | INFO | hi-lo.kernel-accessor : Fetching kernel: gaussian
2023-12-09 03:07:12,007 | INFO | hi-lo.gaussian-kernel : MU (LOCATION): -0.47416871786117554 | SIGMA (SCALE): 1.0000898838043213 | VARIANCE: 1.0001797756877409
2023-12-09 03:07:12,008 | INFO | hi-lo.gaussian-kernel : TOP-LEFT
tensor([[0.4890, 0.1846, 0.0257],
        [0.1846, 0.0697, 0.0097],
        [0.0257, 0.0097, 0.0013]])
2023-12-09 03:07:12,008 | INFO | hi-lo.kernel-accessor : Fetching kernel: gaussian
2023-12-09 03:07:12,009 | INFO | hi-lo.gaussian-kernel : MU (LOCATION): -0.5392242074012756 | SIGMA (SCALE): 1.315229058265686 | VARIANCE: 1.7298274757064434
2023-12-09 03:07:12,009 | INFO | hi-lo.gaussian-kernel : TOP-LEFT
tensor([[0.3392, 0.1860, 0.0572],
        [0.1860, 0.1020, 0.0314],
        [0.0572, 0.0314, 0.0097]])
2023-12-09 03:07:20,243 | INFO | hi-lo : END EPOCH:  17 | ACCURACY: 98.6 | LOSS: 0.009204626083374023
2023-12-09 03:07:20,243 | INFO | hi-lo : BEGIN EPOCH 18 =========================================================================
2023-12-09 03:07:20,244 | INFO | hi-lo.kernel-accessor : Fetching kernel: gaussian
2023-12-09 03:07:20,244 | INFO | hi-lo.gaussian-kernel : MU (LOCATION): -0.7219318151473999 | SIGMA (SCALE): 0.6355149745941162 | VARIANCE: 0.4038792829333602
2023-12-09 03:07:20,245 | INFO | hi-lo.gaussian-kernel : TOP-RIGHT
tensor([[1.8008e-04, 4.4128e-02, 9.0922e-01],
        [8.7399e-06, 2.1417e-03, 4.4128e-02],
        [3.5665e-08, 8.7399e-06, 1.8008e-04]])
2023-12-09 03:07:20,245 | INFO | hi-lo.kernel-accessor : Fetching kernel: gaussian
2023-12-09 03:07:20,246 | INFO | hi-lo.gaussian-kernel : MU (LOCATION): -0.579633891582489 | SIGMA (SCALE): 0.7003427147865295 | VARIANCE: 0.49047991815456626
2023-12-09 03:07:20,246 | INFO | hi-lo.gaussian-kernel : TOP-LEFT
tensor([[8.0832e-01, 8.9459e-02, 1.2889e-03],
        [8.9459e-02, 9.9006e-03, 1.4264e-04],
        [1.2889e-03, 1.4264e-04, 2.0552e-06]])
2023-12-09 03:07:20,246 | INFO | hi-lo.kernel-accessor : Fetching kernel: gaussian
2023-12-09 03:07:20,247 | INFO | hi-lo.gaussian-kernel : MU (LOCATION): -0.5320102572441101 | SIGMA (SCALE): 1.049851894378662 | VARIANCE: 1.1021890001304655
2023-12-09 03:07:20,247 | INFO | hi-lo.gaussian-kernel : TOP-LEFT
tensor([[0.4729, 0.1854, 0.0293],
        [0.1854, 0.0727, 0.0115],
        [0.0293, 0.0115, 0.0018]])
2023-12-09 03:07:20,247 | INFO | hi-lo.kernel-accessor : Fetching kernel: gaussian
2023-12-09 03:07:20,248 | INFO | hi-lo.gaussian-kernel : MU (LOCATION): -0.5351024270057678 | SIGMA (SCALE): 1.2474472522735596 | VARIANCE: 1.5561246472048538
2023-12-09 03:07:20,248 | INFO | hi-lo.gaussian-kernel : TOP-LEFT
tensor([[0.3659, 0.1881, 0.0509],
        [0.1881, 0.0967, 0.0262],
        [0.0509, 0.0262, 0.0071]])
2023-12-09 03:07:28,494 | INFO | hi-lo : END EPOCH:  18 | ACCURACY: 98.96 | LOSS: 0.011409074068069458
2023-12-09 03:07:28,494 | INFO | hi-lo : BEGIN EPOCH 19 =========================================================================
2023-12-09 03:07:28,494 | INFO | hi-lo.kernel-accessor : Fetching kernel: gaussian
2023-12-09 03:07:28,495 | INFO | hi-lo.gaussian-kernel : MU (LOCATION): -0.7251518964767456 | SIGMA (SCALE): 0.6336252093315125 | VARIANCE: 0.401480905900403
2023-12-09 03:07:28,495 | INFO | hi-lo.gaussian-kernel : TOP-LEFT
tensor([[9.1142e-01, 4.3096e-02, 1.6882e-04],
        [4.3096e-02, 2.0377e-03, 7.9823e-06],
        [1.6882e-04, 7.9823e-06, 3.1269e-08]])
2023-12-09 03:07:28,496 | INFO | hi-lo.kernel-accessor : Fetching kernel: gaussian
2023-12-09 03:07:28,496 | INFO | hi-lo.gaussian-kernel : MU (LOCATION): -0.5271100997924805 | SIGMA (SCALE): 0.714829683303833 | VARIANCE: 0.5109814761322582
2023-12-09 03:07:28,497 | INFO | hi-lo.gaussian-kernel : TOP-LEFT
tensor([[7.7419e-01, 1.0373e-01, 1.9634e-03],
        [1.0373e-01, 1.3897e-02, 2.6305e-04],
        [1.9634e-03, 2.6305e-04, 4.9791e-06]])
2023-12-09 03:07:28,497 | INFO | hi-lo.kernel-accessor : Fetching kernel: gaussian
2023-12-09 03:07:28,497 | INFO | hi-lo.gaussian-kernel : MU (LOCATION): -0.5806761384010315 | SIGMA (SCALE): 1.1175224781036377 | VARIANCE: 1.2488564890668954
2023-12-09 03:07:28,498 | INFO | hi-lo.gaussian-kernel : TOP-LEFT
tensor([[0.4442, 0.1870, 0.0353],
        [0.1870, 0.0787, 0.0149],
        [0.0353, 0.0149, 0.0028]])
2023-12-09 03:07:28,498 | INFO | hi-lo.kernel-accessor : Fetching kernel: gaussian
2023-12-09 03:07:28,498 | INFO | hi-lo.gaussian-kernel : MU (LOCATION): -0.48752352595329285 | SIGMA (SCALE): 1.2526322603225708 | VARIANCE: 1.5690875796008328
2023-12-09 03:07:28,499 | INFO | hi-lo.gaussian-kernel : TOP-LEFT
tensor([[0.3530, 0.1881, 0.0530],
        [0.1881, 0.1003, 0.0282],
        [0.0530, 0.0282, 0.0080]])
2023-12-09 03:07:36,799 | INFO | hi-lo : END EPOCH:  19 | ACCURACY: 98.88 | LOSS: 0.01966254785656929
2023-12-09 03:07:36,799 | INFO | hi-lo : BEGIN EPOCH 20 =========================================================================
2023-12-09 03:07:36,800 | INFO | hi-lo.kernel-accessor : Fetching kernel: gaussian
2023-12-09 03:07:36,800 | INFO | hi-lo.gaussian-kernel : MU (LOCATION): -0.7668967843055725 | SIGMA (SCALE): 0.5876069068908691 | VARIANCE: 0.34528187702585456
2023-12-09 03:07:36,801 | INFO | hi-lo.gaussian-kernel : TOP-LEFT
tensor([[9.5082e-01, 2.4244e-02, 3.4143e-05],
        [2.4244e-02, 6.1816e-04, 8.7058e-07],
        [3.4143e-05, 8.7058e-07, 1.2261e-09]])
2023-12-09 03:07:36,801 | INFO | hi-lo.kernel-accessor : Fetching kernel: gaussian
2023-12-09 03:07:36,801 | INFO | hi-lo.gaussian-kernel : MU (LOCATION): -0.5838829278945923 | SIGMA (SCALE): 0.7215715050697327 | VARIANCE: 0.5206654369285992
2023-12-09 03:07:36,802 | INFO | hi-lo.gaussian-kernel : TOP-RIGHT
tensor([[1.7942e-03, 9.8192e-02, 7.8733e-01],
        [2.2377e-04, 1.2246e-02, 9.8192e-02],
        [4.0888e-06, 2.2377e-04, 1.7942e-03]])
2023-12-09 03:07:36,802 | INFO | hi-lo.kernel-accessor : Fetching kernel: gaussian
