2024-02-28 03:20:07,104 | INFO | hilo : 
+==============================================================+
|                                                              |
| ██████╗  █████╗ ██████╗ ██╗         ██╗      █████╗ ██████╗  |
| ██╔══██╗██╔══██╗██╔══██╗██║         ██║     ██╔══██╗██╔══██╗ |
| ██║  ██║███████║██║  ██║██║         ██║     ███████║██████╔╝ |
| ██║  ██║██╔══██║██║  ██║██║         ██║     ██╔══██║██╔══██╗ |
| ██████╔╝██║  ██║██████╔╝███████╗    ███████╗██║  ██║██████╔╝ |
| ╚═════╝ ╚═╝  ╚═╝╚═════╝ ╚══════╝    ╚══════╝╚═╝  ╚═╝╚═════╝  |
+==============================================================+
|             Hi-Lo Resolution Image Classification            |
|             -------------------------------------            |
|                       Gabriel C. Trahan                      |
|                          Sahan Ahmad                         |
|                       MD  Aminual Islam                      |
+==============================================================+
2024-02-28 03:20:08,691 | INFO | hilo.dataset-accessor : Fetching dataset: cifar10
2024-02-28 03:20:08,691 | INFO | hilo.cifar10-dataset : Initializing transform
2024-02-28 03:20:08,691 | INFO | hilo.cifar10-dataset : Verifying/downloading train data
2024-02-28 03:20:09,291 | INFO | hilo.cifar10-dataset : Verifying/downloading test data
2024-02-28 03:20:09,783 | INFO | hilo.cifar10-dataset : Creating train data loader.
2024-02-28 03:20:09,783 | INFO | hilo.cifar10-dataset : Creating test data loader.
2024-02-28 03:20:09,895 | INFO | hilo : Output directory: output/resnet/cifar10/cauchy/3/20240228_032008/
2024-02-28 03:20:10,844 | INFO | hilo : Using device: NVIDIA GeForce GTX 1060 6GB
2024-02-28 03:20:10,845 | INFO | hilo : Exeucting job: MODEL resnet | DATASET cifar10 | KERNEL cauchy | TYPE 3
2024-02-28 03:20:10,845 | INFO | hilo : Commencing training phase...
2024-02-28 03:20:10,845 | INFO | hilo.kernel-accessor : Fetching kernel: cauchy
2024-02-28 03:20:10,845 | INFO | hilo.cauchy-kernel : Calculating Cauchy distribution (location: 0.0, scale 1.0)
2024-02-28 03:20:10,846 | INFO | hilo.cauchy-kernel : BOTTOM-LEFT:
tensor([[0.0700, 0.0350, 0.0206],
        [0.1749, 0.0700, 0.0350],
        [0.3498, 0.1749, 0.0700]])
2024-02-28 03:20:10,846 | INFO | hilo.kernel-accessor : Fetching kernel: cauchy
2024-02-28 03:20:10,846 | INFO | hilo.cauchy-kernel : Calculating Cauchy distribution (location: 0.0, scale 1.0)
2024-02-28 03:20:10,847 | INFO | hilo.cauchy-kernel : BOTTOM-LEFT:
tensor([[0.0700, 0.0350, 0.0206],
        [0.1749, 0.0700, 0.0350],
        [0.3498, 0.1749, 0.0700]])
2024-02-28 03:20:10,847 | INFO | hilo.kernel-accessor : Fetching kernel: cauchy
2024-02-28 03:20:10,847 | INFO | hilo.cauchy-kernel : Calculating Cauchy distribution (location: 0.0, scale 1.0)
2024-02-28 03:20:10,847 | INFO | hilo.cauchy-kernel : TOP-LEFT:
tensor([[0.3498, 0.1749, 0.0700],
        [0.1749, 0.0700, 0.0350],
        [0.0700, 0.0350, 0.0206]])
2024-02-28 03:20:10,847 | INFO | hilo.kernel-accessor : Fetching kernel: cauchy
2024-02-28 03:20:10,847 | INFO | hilo.cauchy-kernel : Calculating Cauchy distribution (location: 0.0, scale 1.0)
2024-02-28 03:20:10,848 | INFO | hilo.cauchy-kernel : BOTTOM-LEFT:
tensor([[0.0700, 0.0350, 0.0206],
        [0.1749, 0.0700, 0.0350],
        [0.3498, 0.1749, 0.0700]])
2024-02-28 03:20:10,848 | INFO | hilo.kernel-accessor : Fetching kernel: cauchy
2024-02-28 03:20:10,848 | INFO | hilo.cauchy-kernel : Calculating Cauchy distribution (location: 0.0, scale 1.0)
2024-02-28 03:20:10,848 | INFO | hilo.cauchy-kernel : TOP-LEFT:
tensor([[0.3498, 0.1749, 0.0700],
        [0.1749, 0.0700, 0.0350],
        [0.0700, 0.0350, 0.0206]])
2024-02-28 03:20:10,848 | INFO | hilo.kernel-accessor : Fetching kernel: cauchy
2024-02-28 03:20:10,848 | INFO | hilo.cauchy-kernel : Calculating Cauchy distribution (location: 0.0, scale 1.0)
2024-02-28 03:20:10,849 | INFO | hilo.cauchy-kernel : TOP-LEFT:
tensor([[0.3498, 0.1749, 0.0700],
        [0.1749, 0.0700, 0.0350],
        [0.0700, 0.0350, 0.0206]])
2024-02-28 03:20:10,849 | INFO | hilo.kernel-accessor : Fetching kernel: cauchy
2024-02-28 03:20:10,849 | INFO | hilo.cauchy-kernel : Calculating Cauchy distribution (location: 0.0, scale 1.0)
2024-02-28 03:20:10,849 | INFO | hilo.cauchy-kernel : BOTTOM-LEFT:
tensor([[0.0700, 0.0350, 0.0206],
        [0.1749, 0.0700, 0.0350],
        [0.3498, 0.1749, 0.0700]])
2024-02-28 03:20:10,849 | INFO | hilo.kernel-accessor : Fetching kernel: cauchy
2024-02-28 03:20:10,849 | INFO | hilo.cauchy-kernel : Calculating Cauchy distribution (location: 0.0, scale 1.0)
2024-02-28 03:20:10,850 | INFO | hilo.cauchy-kernel : BOTTOM-LEFT:
tensor([[0.0700, 0.0350, 0.0206],
        [0.1749, 0.0700, 0.0350],
        [0.3498, 0.1749, 0.0700]])
2024-02-28 03:20:10,850 | INFO | hilo.kernel-accessor : Fetching kernel: cauchy
2024-02-28 03:20:10,850 | INFO | hilo.cauchy-kernel : Calculating Cauchy distribution (location: 0.0, scale 1.0)
2024-02-28 03:20:10,850 | INFO | hilo.cauchy-kernel : TOP-LEFT:
tensor([[0.3498, 0.1749, 0.0700],
        [0.1749, 0.0700, 0.0350],
        [0.0700, 0.0350, 0.0206]])
2024-02-28 03:20:10,850 | INFO | hilo.kernel-accessor : Fetching kernel: cauchy
2024-02-28 03:20:10,851 | INFO | hilo.cauchy-kernel : Calculating Cauchy distribution (location: 0.0, scale 1.0)
2024-02-28 03:20:10,851 | INFO | hilo.cauchy-kernel : BOTTOM-LEFT:
tensor([[0.0700, 0.0350, 0.0206],
        [0.1749, 0.0700, 0.0350],
        [0.3498, 0.1749, 0.0700]])
2024-02-28 03:20:10,851 | INFO | hilo.kernel-accessor : Fetching kernel: cauchy
2024-02-28 03:20:10,851 | INFO | hilo.cauchy-kernel : Calculating Cauchy distribution (location: 0.0, scale 1.0)
2024-02-28 03:20:10,851 | INFO | hilo.cauchy-kernel : TOP-LEFT:
tensor([[0.3498, 0.1749, 0.0700],
        [0.1749, 0.0700, 0.0350],
        [0.0700, 0.0350, 0.0206]])
2024-02-28 03:20:10,851 | INFO | hilo.kernel-accessor : Fetching kernel: cauchy
2024-02-28 03:20:10,852 | INFO | hilo.cauchy-kernel : Calculating Cauchy distribution (location: 0.0, scale 1.0)
2024-02-28 03:20:10,852 | INFO | hilo.cauchy-kernel : BOTTOM-LEFT:
tensor([[0.0700, 0.0350, 0.0206],
        [0.1749, 0.0700, 0.0350],
        [0.3498, 0.1749, 0.0700]])
2024-02-28 03:20:10,852 | INFO | hilo.kernel-accessor : Fetching kernel: cauchy
2024-02-28 03:20:10,852 | INFO | hilo.cauchy-kernel : Calculating Cauchy distribution (location: 0.0, scale 1.0)
2024-02-28 03:20:10,852 | INFO | hilo.cauchy-kernel : TOP-LEFT:
tensor([[0.3498, 0.1749, 0.0700],
        [0.1749, 0.0700, 0.0350],
        [0.0700, 0.0350, 0.0206]])
2024-02-28 03:20:10,853 | INFO | hilo.kernel-accessor : Fetching kernel: cauchy
2024-02-28 03:20:10,853 | INFO | hilo.cauchy-kernel : Calculating Cauchy distribution (location: 0.0, scale 1.0)
2024-02-28 03:20:10,853 | INFO | hilo.cauchy-kernel : TOP-LEFT:
tensor([[0.3498, 0.1749, 0.0700],
        [0.1749, 0.0700, 0.0350],
        [0.0700, 0.0350, 0.0206]])
2024-02-28 03:20:10,853 | INFO | hilo.kernel-accessor : Fetching kernel: cauchy
2024-02-28 03:20:10,853 | INFO | hilo.cauchy-kernel : Calculating Cauchy distribution (location: 0.0, scale 1.0)
2024-02-28 03:20:10,854 | INFO | hilo.cauchy-kernel : TOP-LEFT:
tensor([[0.3498, 0.1749, 0.0700],
        [0.1749, 0.0700, 0.0350],
        [0.0700, 0.0350, 0.0206]])
2024-02-28 03:20:10,854 | INFO | hilo.kernel-accessor : Fetching kernel: cauchy
2024-02-28 03:20:10,854 | INFO | hilo.cauchy-kernel : Calculating Cauchy distribution (location: 0.0, scale 1.0)
2024-02-28 03:20:10,854 | INFO | hilo.cauchy-kernel : BOTTOM-LEFT:
tensor([[0.0700, 0.0350, 0.0206],
        [0.1749, 0.0700, 0.0350],
        [0.3498, 0.1749, 0.0700]])
2024-02-28 03:20:10,854 | INFO | hilo.kernel-accessor : Fetching kernel: cauchy
2024-02-28 03:20:10,854 | INFO | hilo.cauchy-kernel : Calculating Cauchy distribution (location: 0.0, scale 1.0)
2024-02-28 03:20:10,855 | INFO | hilo.cauchy-kernel : TOP-LEFT:
tensor([[0.3498, 0.1749, 0.0700],
        [0.1749, 0.0700, 0.0350],
        [0.0700, 0.0350, 0.0206]])
2024-02-28 03:21:32,429 | INFO | hilo : Epoch   1/200 | Accuracy:  36.8000 | Loss:   1.6047
2024-02-28 03:21:32,429 | INFO | hilo.kernel-accessor : Fetching kernel: cauchy
2024-02-28 03:21:32,430 | INFO | hilo.cauchy-kernel : Calculating Cauchy distribution (location: -0.04473309591412544, scale 0.6781168580055237)
2024-02-28 03:21:32,431 | INFO | hilo.cauchy-kernel : BOTTOM-LEFT:
tensor([[0.0494, 0.0235, 0.0136],
        [0.1476, 0.0494, 0.0235],
        [0.4959, 0.1476, 0.0494]])
2024-02-28 03:21:32,431 | INFO | hilo.kernel-accessor : Fetching kernel: cauchy
2024-02-28 03:21:32,431 | INFO | hilo.cauchy-kernel : Calculating Cauchy distribution (location: -0.3347446918487549, scale 1.9313212633132935)
2024-02-28 03:21:32,432 | INFO | hilo.cauchy-kernel : BOTTOM-LEFT:
tensor([[0.0965, 0.0596, 0.0393],
        [0.1607, 0.0965, 0.0596],
        [0.2305, 0.1607, 0.0965]])
2024-02-28 03:21:32,432 | INFO | hilo.kernel-accessor : Fetching kernel: cauchy
2024-02-28 03:21:32,432 | INFO | hilo.cauchy-kernel : Calculating Cauchy distribution (location: -0.195598304271698, scale 1.843923807144165)
2024-02-28 03:21:32,433 | INFO | hilo.cauchy-kernel : BOTTOM-LEFT:
tensor([[0.0962, 0.0581, 0.0377],
        [0.1638, 0.0962, 0.0581],
        [0.2300, 0.1638, 0.0962]])
2024-02-28 03:21:32,433 | INFO | hilo.kernel-accessor : Fetching kernel: cauchy
2024-02-28 03:21:32,433 | INFO | hilo.cauchy-kernel : Calculating Cauchy distribution (location: -0.22371995449066162, scale 1.8406211137771606)
2024-02-28 03:21:32,434 | INFO | hilo.cauchy-kernel : BOTTOM-LEFT:
tensor([[0.0958, 0.0579, 0.0376],
        [0.1634, 0.0958, 0.0579],
        [0.2322, 0.1634, 0.0958]])
2024-02-28 03:21:32,434 | INFO | hilo.kernel-accessor : Fetching kernel: cauchy
2024-02-28 03:21:32,434 | INFO | hilo.cauchy-kernel : Calculating Cauchy distribution (location: -0.22192874550819397, scale 1.677541971206665)
2024-02-28 03:21:32,435 | INFO | hilo.cauchy-kernel : BOTTOM-LEFT:
tensor([[0.0921, 0.0541, 0.0346],
        [0.1658, 0.0921, 0.0541],
        [0.2493, 0.1658, 0.0921]])
2024-02-28 03:21:32,435 | INFO | hilo.kernel-accessor : Fetching kernel: cauchy
2024-02-28 03:21:32,435 | INFO | hilo.cauchy-kernel : Calculating Cauchy distribution (location: -0.0690399706363678, scale 1.1959065198898315)
2024-02-28 03:21:32,436 | INFO | hilo.cauchy-kernel : BOTTOM-LEFT:
tensor([[0.0782, 0.0412, 0.0248],
        [0.1735, 0.0782, 0.0412],
        [0.3112, 0.1735, 0.0782]])
2024-02-28 03:21:32,436 | INFO | hilo.kernel-accessor : Fetching kernel: cauchy
2024-02-28 03:21:32,436 | INFO | hilo.cauchy-kernel : Calculating Cauchy distribution (location: -0.09330150485038757, scale 1.430274248123169)
2024-02-28 03:21:32,437 | INFO | hilo.cauchy-kernel : BOTTOM-LEFT:
tensor([[0.0866, 0.0479, 0.0296],
        [0.1718, 0.0866, 0.0479],
        [0.2710, 0.1718, 0.0866]])
2024-02-28 03:21:32,437 | INFO | hilo.kernel-accessor : Fetching kernel: cauchy
2024-02-28 03:21:32,437 | INFO | hilo.cauchy-kernel : Calculating Cauchy distribution (location: -0.18209148943424225, scale 1.4315704107284546)
2024-02-28 03:21:32,438 | INFO | hilo.cauchy-kernel : TOP-LEFT:
tensor([[0.2798, 0.1690, 0.0855],
        [0.1690, 0.0855, 0.0479],
        [0.0855, 0.0479, 0.0298]])
2024-02-28 03:21:32,438 | INFO | hilo.kernel-accessor : Fetching kernel: cauchy
2024-02-28 03:21:32,438 | INFO | hilo.cauchy-kernel : Calculating Cauchy distribution (location: -0.2806943356990814, scale 1.4578533172607422)
2024-02-28 03:21:32,439 | INFO | hilo.cauchy-kernel : TOP-LEFT:
tensor([[0.2838, 0.1662, 0.0854],
        [0.1662, 0.0854, 0.0485],
        [0.0854, 0.0485, 0.0306]])
2024-02-28 03:21:32,439 | INFO | hilo.kernel-accessor : Fetching kernel: cauchy
2024-02-28 03:21:32,439 | INFO | hilo.cauchy-kernel : Calculating Cauchy distribution (location: -0.09691588580608368, scale 1.1248462200164795)
2024-02-28 03:21:32,440 | INFO | hilo.cauchy-kernel : BOTTOM-LEFT:
tensor([[0.0747, 0.0390, 0.0234],
        [0.1714, 0.0747, 0.0390],
        [0.3318, 0.1714, 0.0747]])
2024-02-28 03:21:32,440 | INFO | hilo.kernel-accessor : Fetching kernel: cauchy
2024-02-28 03:21:32,440 | INFO | hilo.cauchy-kernel : Calculating Cauchy distribution (location: -0.08412159979343414, scale 1.371259331703186)
2024-02-28 03:21:32,441 | INFO | hilo.cauchy-kernel : BOTTOM-LEFT:
tensor([[0.0848, 0.0463, 0.0284],
        [0.1726, 0.0848, 0.0463],
        [0.2795, 0.1726, 0.0848]])
2024-02-28 03:21:32,441 | INFO | hilo.kernel-accessor : Fetching kernel: cauchy
2024-02-28 03:21:32,441 | INFO | hilo.cauchy-kernel : Calculating Cauchy distribution (location: -0.07410398870706558, scale 1.3826797008514404)
2024-02-28 03:21:32,442 | INFO | hilo.cauchy-kernel : TOP-LEFT:
tensor([[0.2764, 0.1729, 0.0853],
        [0.1729, 0.0853, 0.0466],
        [0.0853, 0.0466, 0.0286]])
2024-02-28 03:21:32,442 | INFO | hilo.kernel-accessor : Fetching kernel: cauchy
2024-02-28 03:21:32,442 | INFO | hilo.cauchy-kernel : Calculating Cauchy distribution (location: 0.04896952211856842, scale 1.4851442575454712)
2024-02-28 03:21:32,443 | INFO | hilo.cauchy-kernel : TOP-LEFT:
tensor([[0.2469, 0.1753, 0.0907],
        [0.1753, 0.0907, 0.0499],
        [0.0907, 0.0499, 0.0306]])
2024-02-28 03:21:32,443 | INFO | hilo.kernel-accessor : Fetching kernel: cauchy
2024-02-28 03:21:32,443 | INFO | hilo.cauchy-kernel : Calculating Cauchy distribution (location: 0.0321294404566288, scale 1.2428691387176514)
2024-02-28 03:21:32,443 | INFO | hilo.cauchy-kernel : TOP-LEFT:
tensor([[0.2865, 0.1785, 0.0818],
        [0.1785, 0.0818, 0.0428],
        [0.0818, 0.0428, 0.0256]])
2024-02-28 03:21:32,443 | INFO | hilo.kernel-accessor : Fetching kernel: cauchy
2024-02-28 03:21:32,443 | INFO | hilo.cauchy-kernel : Calculating Cauchy distribution (location: 0.007571696303784847, scale 1.4707757234573364)
2024-02-28 03:21:32,444 | INFO | hilo.cauchy-kernel : TOP-LEFT:
tensor([[0.2537, 0.1744, 0.0895],
        [0.1744, 0.0895, 0.0494],
        [0.0895, 0.0494, 0.0303]])
2024-02-28 03:21:32,444 | INFO | hilo.kernel-accessor : Fetching kernel: cauchy
2024-02-28 03:21:32,444 | INFO | hilo.cauchy-kernel : Calculating Cauchy distribution (location: -0.08334575593471527, scale 1.7945939302444458)
2024-02-28 03:21:32,444 | INFO | hilo.cauchy-kernel : BOTTOM-LEFT:
tensor([[0.0966, 0.0574, 0.0367],
        [0.1662, 0.0966, 0.0574],
        [0.2263, 0.1662, 0.0966]])
2024-02-28 03:21:32,444 | INFO | hilo.kernel-accessor : Fetching kernel: cauchy
2024-02-28 03:21:32,445 | INFO | hilo.cauchy-kernel : Calculating Cauchy distribution (location: -0.7351315021514893, scale 2.7088088989257812)
2024-02-28 03:21:32,445 | INFO | hilo.cauchy-kernel : TOP-LEFT:
tensor([[0.1952, 0.1486, 0.1038],
        [0.1486, 0.1038, 0.0722],
        [0.1038, 0.0722, 0.0517]])
2024-02-28 03:22:53,076 | INFO | hilo : Epoch   2/200 | Accuracy:  40.6250 | Loss:   1.8688
2024-02-28 03:22:53,076 | INFO | hilo.kernel-accessor : Fetching kernel: cauchy
2024-02-28 03:22:53,076 | INFO | hilo.cauchy-kernel : Calculating Cauchy distribution (location: -0.01691613532602787, scale 0.6628838777542114)
2024-02-28 03:22:53,077 | INFO | hilo.cauchy-kernel : BOTTOM-LEFT:
tensor([[0.0486, 0.0229, 0.0132],
        [0.1486, 0.0486, 0.0229],
        [0.4980, 0.1486, 0.0486]])
2024-02-28 03:22:53,077 | INFO | hilo.kernel-accessor : Fetching kernel: cauchy
2024-02-28 03:22:53,077 | INFO | hilo.cauchy-kernel : Calculating Cauchy distribution (location: -0.4560503363609314, scale 1.7241206169128418)
2024-02-28 03:22:53,078 | INFO | hilo.cauchy-kernel : BOTTOM-LEFT:
tensor([[0.0912, 0.0550, 0.0360],
        [0.1612, 0.0912, 0.0550],
        [0.2581, 0.1612, 0.0912]])
2024-02-28 03:22:53,078 | INFO | hilo.kernel-accessor : Fetching kernel: cauchy
2024-02-28 03:22:53,078 | INFO | hilo.cauchy-kernel : Calculating Cauchy distribution (location: -0.16811096668243408, scale 1.3101128339767456)
2024-02-28 03:22:53,078 | INFO | hilo.cauchy-kernel : TOP-LEFT:
tensor([[0.2997, 0.1697, 0.0815],
        [0.1697, 0.0815, 0.0445],
        [0.0815, 0.0445, 0.0274]])
2024-02-28 03:22:53,078 | INFO | hilo.kernel-accessor : Fetching kernel: cauchy
2024-02-28 03:22:53,078 | INFO | hilo.cauchy-kernel : Calculating Cauchy distribution (location: -0.20753590762615204, scale 1.3280062675476074)
2024-02-28 03:22:53,079 | INFO | hilo.cauchy-kernel : TOP-LEFT:
tensor([[0.3002, 0.1684, 0.0817],
        [0.1684, 0.0817, 0.0450],
        [0.0817, 0.0450, 0.0279]])
2024-02-28 03:22:53,079 | INFO | hilo.kernel-accessor : Fetching kernel: cauchy
2024-02-28 03:22:53,079 | INFO | hilo.cauchy-kernel : Calculating Cauchy distribution (location: -0.2176371067762375, scale 1.2871187925338745)
2024-02-28 03:22:53,079 | INFO | hilo.cauchy-kernel : BOTTOM-LEFT:
tensor([[0.0801, 0.0439, 0.0271],
        [0.1678, 0.0801, 0.0439],
        [0.3092, 0.1678, 0.0801]])
2024-02-28 03:22:53,079 | INFO | hilo.kernel-accessor : Fetching kernel: cauchy
2024-02-28 03:22:53,080 | INFO | hilo.cauchy-kernel : Calculating Cauchy distribution (location: -0.05257031321525574, scale 0.940660297870636)
2024-02-28 03:22:53,080 | INFO | hilo.cauchy-kernel : TOP-LEFT:
tensor([[0.3790, 0.1688, 0.0660],
        [0.1688, 0.0660, 0.0330],
        [0.0660, 0.0330, 0.0194]])
2024-02-28 03:22:53,080 | INFO | hilo.kernel-accessor : Fetching kernel: cauchy
2024-02-28 03:22:53,080 | INFO | hilo.cauchy-kernel : Calculating Cauchy distribution (location: -0.12008099257946014, scale 1.129801869392395)
2024-02-28 03:22:53,080 | INFO | hilo.cauchy-kernel : BOTTOM-LEFT:
tensor([[0.0747, 0.0391, 0.0236],
        [0.1702, 0.0747, 0.0391],
        [0.3338, 0.1702, 0.0747]])
2024-02-28 03:22:53,081 | INFO | hilo.kernel-accessor : Fetching kernel: cauchy
2024-02-28 03:22:53,081 | INFO | hilo.cauchy-kernel : Calculating Cauchy distribution (location: -0.18620765209197998, scale 1.063481330871582)
2024-02-28 03:22:53,081 | INFO | hilo.cauchy-kernel : TOP-LEFT:
tensor([[0.3598, 0.1652, 0.0710],
        [0.1652, 0.0710, 0.0372],
        [0.0710, 0.0372, 0.0225]])
2024-02-28 03:22:53,081 | INFO | hilo.kernel-accessor : Fetching kernel: cauchy
2024-02-28 03:22:53,081 | INFO | hilo.cauchy-kernel : Calculating Cauchy distribution (location: -0.2349020391702652, scale 1.000896692276001)
2024-02-28 03:22:53,082 | INFO | hilo.cauchy-kernel : BOTTOM-LEFT:
tensor([[0.0676, 0.0354, 0.0214],
        [0.1605, 0.0676, 0.0354],
        [0.3838, 0.1605, 0.0676]])
2024-02-28 03:22:53,082 | INFO | hilo.kernel-accessor : Fetching kernel: cauchy
2024-02-28 03:22:53,082 | INFO | hilo.cauchy-kernel : Calculating Cauchy distribution (location: -0.07352733612060547, scale 0.8358513712882996)
2024-02-28 03:22:53,082 | INFO | hilo.cauchy-kernel : BOTTOM-LEFT:
tensor([[0.0596, 0.0294, 0.0172],
        [0.1610, 0.0596, 0.0294],
        [0.4232, 0.1610, 0.0596]])
2024-02-28 03:22:53,082 | INFO | hilo.kernel-accessor : Fetching kernel: cauchy
2024-02-28 03:22:53,082 | INFO | hilo.cauchy-kernel : Calculating Cauchy distribution (location: -0.08647055923938751, scale 1.0644915103912354)
2024-02-28 03:22:53,083 | INFO | hilo.cauchy-kernel : TOP-LEFT:
tensor([[0.3463, 0.1707, 0.0720],
        [0.1707, 0.0720, 0.0371],
        [0.0720, 0.0371, 0.0222]])
2024-02-28 03:22:53,083 | INFO | hilo.kernel-accessor : Fetching kernel: cauchy
2024-02-28 03:22:53,083 | INFO | hilo.cauchy-kernel : Calculating Cauchy distribution (location: -0.09144343435764313, scale 1.044790267944336)
2024-02-28 03:22:53,083 | INFO | hilo.cauchy-kernel : TOP-LEFT:
tensor([[0.3526, 0.1699, 0.0710],
        [0.1699, 0.0710, 0.0364],
        [0.0710, 0.0364, 0.0218]])
2024-02-28 03:22:53,083 | INFO | hilo.kernel-accessor : Fetching kernel: cauchy
2024-02-28 03:22:53,083 | INFO | hilo.cauchy-kernel : Calculating Cauchy distribution (location: 0.017446041107177734, scale 1.0318808555603027)
2024-02-28 03:22:53,084 | INFO | hilo.cauchy-kernel : BOTTOM-LEFT:
tensor([[0.0719, 0.0361, 0.0212],
        [0.1769, 0.0719, 0.0361],
        [0.3372, 0.1769, 0.0719]])
2024-02-28 03:22:53,084 | INFO | hilo.kernel-accessor : Fetching kernel: cauchy
2024-02-28 03:22:53,084 | INFO | hilo.cauchy-kernel : Calculating Cauchy distribution (location: 0.01872532069683075, scale 0.8144479393959045)
2024-02-28 03:22:53,084 | INFO | hilo.cauchy-kernel : TOP-LEFT:
tensor([[0.4116, 0.1680, 0.0595],
        [0.1680, 0.0595, 0.0286],
        [0.0595, 0.0286, 0.0165]])
2024-02-28 03:22:53,084 | INFO | hilo.kernel-accessor : Fetching kernel: cauchy
2024-02-28 03:22:53,085 | INFO | hilo.cauchy-kernel : Calculating Cauchy distribution (location: -0.011935234069824219, scale 0.9163134694099426)
2024-02-28 03:22:53,085 | INFO | hilo.cauchy-kernel : TOP-LEFT:
tensor([[0.3794, 0.1710, 0.0652],
        [0.1710, 0.0652, 0.0321],
        [0.0652, 0.0321, 0.0188]])
2024-02-28 03:22:53,085 | INFO | hilo.kernel-accessor : Fetching kernel: cauchy
2024-02-28 03:22:53,085 | INFO | hilo.cauchy-kernel : Calculating Cauchy distribution (location: -0.15123778581619263, scale 1.1476891040802002)
2024-02-28 03:22:53,085 | INFO | hilo.cauchy-kernel : TOP-LEFT:
tensor([[0.3332, 0.1690, 0.0751],
        [0.1690, 0.0751, 0.0397],
        [0.0751, 0.0397, 0.0241]])
2024-02-28 03:22:53,086 | INFO | hilo.kernel-accessor : Fetching kernel: cauchy
2024-02-28 03:22:53,086 | INFO | hilo.cauchy-kernel : Calculating Cauchy distribution (location: -0.4391148090362549, scale 1.5971242189407349)
2024-02-28 03:22:53,086 | INFO | hilo.cauchy-kernel : BOTTOM-LEFT:
tensor([[0.0882, 0.0521, 0.0337],
        [0.1622, 0.0882, 0.0521],
        [0.2732, 0.1622, 0.0882]])
2024-02-28 03:24:13,719 | INFO | hilo : Epoch   3/200 | Accuracy:  48.4375 | Loss:   1.5464
2024-02-28 03:24:13,719 | INFO | hilo.kernel-accessor : Fetching kernel: cauchy
2024-02-28 03:24:13,720 | INFO | hilo.cauchy-kernel : Calculating Cauchy distribution (location: -0.03497961908578873, scale 0.67866450548172)
2024-02-28 03:24:13,720 | INFO | hilo.cauchy-kernel : TOP-LEFT:
tensor([[0.4933, 0.1487, 0.0495],
        [0.1487, 0.0495, 0.0236],
        [0.0495, 0.0236, 0.0136]])
2024-02-28 03:24:13,721 | INFO | hilo.kernel-accessor : Fetching kernel: cauchy
2024-02-28 03:24:13,721 | INFO | hilo.cauchy-kernel : Calculating Cauchy distribution (location: -0.6270189881324768, scale 1.77760910987854)
2024-02-28 03:24:13,721 | INFO | hilo.cauchy-kernel : TOP-LEFT:
tensor([[0.2588, 0.1584, 0.0914],
        [0.1584, 0.0914, 0.0564],
        [0.0914, 0.0564, 0.0374]])
2024-02-28 03:24:13,721 | INFO | hilo.kernel-accessor : Fetching kernel: cauchy
2024-02-28 03:24:13,721 | INFO | hilo.cauchy-kernel : Calculating Cauchy distribution (location: -0.3498585820198059, scale 1.0923703908920288)
2024-02-28 03:24:13,722 | INFO | hilo.cauchy-kernel : TOP-LEFT:
tensor([[0.3653, 0.1594, 0.0716],
        [0.1594, 0.0716, 0.0387],
        [0.0716, 0.0387, 0.0239]])
2024-02-28 03:24:13,722 | INFO | hilo.kernel-accessor : Fetching kernel: cauchy
2024-02-28 03:24:13,722 | INFO | hilo.cauchy-kernel : Calculating Cauchy distribution (location: -0.22003445029258728, scale 0.845226526260376)
2024-02-28 03:24:13,722 | INFO | hilo.cauchy-kernel : BOTTOM-LEFT:
tensor([[0.0594, 0.0302, 0.0181],
        [0.1521, 0.0594, 0.0302],
        [0.4392, 0.1521, 0.0594]])
2024-02-28 03:24:13,722 | INFO | hilo.kernel-accessor : Fetching kernel: cauchy
2024-02-28 03:24:13,722 | INFO | hilo.cauchy-kernel : Calculating Cauchy distribution (location: -0.052833590656518936, scale 0.8267703652381897)
2024-02-28 03:24:13,723 | INFO | hilo.cauchy-kernel : BOTTOM-LEFT:
tensor([[0.0593, 0.0290, 0.0170],
        [0.1620, 0.0593, 0.0290],
        [0.4231, 0.1620, 0.0593]])
2024-02-28 03:24:13,723 | INFO | hilo.kernel-accessor : Fetching kernel: cauchy
2024-02-28 03:24:13,723 | INFO | hilo.cauchy-kernel : Calculating Cauchy distribution (location: -0.0573345348238945, scale 0.7959555983543396)
2024-02-28 03:24:13,723 | INFO | hilo.cauchy-kernel : TOP-LEFT:
tensor([[0.4377, 0.1591, 0.0573],
        [0.1591, 0.0573, 0.0279],
        [0.0573, 0.0279, 0.0163]])
2024-02-28 03:24:13,723 | INFO | hilo.kernel-accessor : Fetching kernel: cauchy
2024-02-28 03:24:13,724 | INFO | hilo.cauchy-kernel : Calculating Cauchy distribution (location: -0.08096557855606079, scale 0.8214274644851685)
2024-02-28 03:24:13,724 | INFO | hilo.cauchy-kernel : BOTTOM-LEFT:
tensor([[0.0586, 0.0289, 0.0169],
        [0.1593, 0.0586, 0.0289],
        [0.4309, 0.1593, 0.0586]])
2024-02-28 03:24:13,724 | INFO | hilo.kernel-accessor : Fetching kernel: cauchy
2024-02-28 03:24:13,724 | INFO | hilo.cauchy-kernel : Calculating Cauchy distribution (location: -0.10144662857055664, scale 0.7739328145980835)
2024-02-28 03:24:13,724 | INFO | hilo.cauchy-kernel : TOP-LEFT:
tensor([[0.4564, 0.1534, 0.0554],
        [0.1534, 0.0554, 0.0272],
        [0.0554, 0.0272, 0.0160]])
2024-02-28 03:24:13,725 | INFO | hilo.kernel-accessor : Fetching kernel: cauchy
2024-02-28 03:24:13,725 | INFO | hilo.cauchy-kernel : Calculating Cauchy distribution (location: -0.1902259886264801, scale 0.7398435473442078)
2024-02-28 03:24:13,725 | INFO | hilo.cauchy-kernel : TOP-LEFT:
tensor([[0.4848, 0.1440, 0.0529],
        [0.1440, 0.0529, 0.0264],
        [0.0529, 0.0264, 0.0156]])
2024-02-28 03:24:13,725 | INFO | hilo.kernel-accessor : Fetching kernel: cauchy
2024-02-28 03:24:13,725 | INFO | hilo.cauchy-kernel : Calculating Cauchy distribution (location: -0.09128962457180023, scale 0.6046169400215149)
2024-02-28 03:24:13,726 | INFO | hilo.cauchy-kernel : TOP-LEFT:
tensor([[0.5512, 0.1324, 0.0435],
        [0.1324, 0.0435, 0.0208],
        [0.0435, 0.0208, 0.0120]])
2024-02-28 03:24:13,726 | INFO | hilo.kernel-accessor : Fetching kernel: cauchy
2024-02-28 03:24:13,726 | INFO | hilo.cauchy-kernel : Calculating Cauchy distribution (location: -0.08151614665985107, scale 0.7556130290031433)
2024-02-28 03:24:13,726 | INFO | hilo.cauchy-kernel : TOP-LEFT:
tensor([[0.4618, 0.1532, 0.0544],
        [0.1532, 0.0544, 0.0265],
        [0.0544, 0.0265, 0.0155]])
2024-02-28 03:24:13,726 | INFO | hilo.kernel-accessor : Fetching kernel: cauchy
2024-02-28 03:24:13,726 | INFO | hilo.cauchy-kernel : Calculating Cauchy distribution (location: -0.04368705302476883, scale 0.7536662817001343)
2024-02-28 03:24:13,727 | INFO | hilo.cauchy-kernel : BOTTOM-LEFT:
tensor([[0.0547, 0.0264, 0.0153],
        [0.1565, 0.0547, 0.0264],
        [0.4550, 0.1565, 0.0547]])
2024-02-28 03:24:13,727 | INFO | hilo.kernel-accessor : Fetching kernel: cauchy
2024-02-28 03:24:13,727 | INFO | hilo.cauchy-kernel : Calculating Cauchy distribution (location: 0.016551263630390167, scale 0.7439103722572327)
2024-02-28 03:24:13,727 | INFO | hilo.cauchy-kernel : TOP-LEFT:
tensor([[0.4446, 0.1619, 0.0549],
        [0.1619, 0.0549, 0.0260],
        [0.0549, 0.0260, 0.0150]])
2024-02-28 03:24:13,727 | INFO | hilo.kernel-accessor : Fetching kernel: cauchy
2024-02-28 03:24:13,727 | INFO | hilo.cauchy-kernel : Calculating Cauchy distribution (location: 0.039634913206100464, scale 0.5877454876899719)
2024-02-28 03:24:13,728 | INFO | hilo.cauchy-kernel : TOP-LEFT:
tensor([[0.5280, 0.1445, 0.0437],
        [0.1445, 0.0437, 0.0201],
        [0.0437, 0.0201, 0.0114]])
2024-02-28 03:24:13,728 | INFO | hilo.kernel-accessor : Fetching kernel: cauchy
2024-02-28 03:24:13,728 | INFO | hilo.cauchy-kernel : Calculating Cauchy distribution (location: 0.017552312463521957, scale 0.6482145190238953)
2024-02-28 03:24:13,728 | INFO | hilo.cauchy-kernel : BOTTOM-LEFT:
tensor([[0.0480, 0.0224, 0.0128],
        [0.1508, 0.0480, 0.0224],
        [0.4967, 0.1508, 0.0480]])
2024-02-28 03:24:13,728 | INFO | hilo.kernel-accessor : Fetching kernel: cauchy
2024-02-28 03:24:13,729 | INFO | hilo.cauchy-kernel : Calculating Cauchy distribution (location: -0.04965217784047127, scale 0.7172207236289978)
2024-02-28 03:24:13,729 | INFO | hilo.cauchy-kernel : BOTTOM-LEFT:
tensor([[0.0521, 0.0250, 0.0145],
        [0.1520, 0.0521, 0.0250],
        [0.4752, 0.1520, 0.0521]])
2024-02-28 03:24:13,729 | INFO | hilo.kernel-accessor : Fetching kernel: cauchy
2024-02-28 03:24:13,729 | INFO | hilo.cauchy-kernel : Calculating Cauchy distribution (location: -0.14470620453357697, scale 0.7975905537605286)
2024-02-28 03:24:13,729 | INFO | hilo.cauchy-kernel : BOTTOM-LEFT:
tensor([[0.0567, 0.0282, 0.0167],
        [0.1525, 0.0567, 0.0282],
        [0.4518, 0.1525, 0.0567]])
2024-02-28 03:25:34,432 | INFO | hilo : Epoch   4/200 | Accuracy:  44.1840 | Loss:   1.5103
2024-02-28 03:25:34,433 | INFO | hilo.kernel-accessor : Fetching kernel: cauchy
2024-02-28 03:25:34,433 | INFO | hilo.cauchy-kernel : Calculating Cauchy distribution (location: -0.02330787293612957, scale 0.6896827816963196)
2024-02-28 03:25:34,434 | INFO | hilo.cauchy-kernel : TOP-LEFT:
tensor([[0.4841, 0.1514, 0.0505],
        [0.1514, 0.0505, 0.0240],
        [0.0505, 0.0240, 0.0138]])
2024-02-28 03:25:34,434 | INFO | hilo.kernel-accessor : Fetching kernel: cauchy
2024-02-28 03:25:34,434 | INFO | hilo.cauchy-kernel : Calculating Cauchy distribution (location: -0.6915402412414551, scale 1.8280943632125854)
2024-02-28 03:25:34,434 | INFO | hilo.cauchy-kernel : BOTTOM-LEFT:
tensor([[0.0922, 0.0575, 0.0385],
        [0.1573, 0.0922, 0.0575],
        [0.2554, 0.1573, 0.0922]])
2024-02-28 03:25:34,434 | INFO | hilo.kernel-accessor : Fetching kernel: cauchy
2024-02-28 03:25:34,434 | INFO | hilo.cauchy-kernel : Calculating Cauchy distribution (location: -0.535282552242279, scale 1.182568907737732)
2024-02-28 03:25:34,435 | INFO | hilo.cauchy-kernel : BOTTOM-LEFT:
tensor([[0.0752, 0.0424, 0.0268],
        [0.1567, 0.0752, 0.0424],
        [0.3494, 0.1567, 0.0752]])
2024-02-28 03:25:34,435 | INFO | hilo.kernel-accessor : Fetching kernel: cauchy
2024-02-28 03:25:34,435 | INFO | hilo.cauchy-kernel : Calculating Cauchy distribution (location: -0.24679821729660034, scale 0.857094943523407)
2024-02-28 03:25:34,435 | INFO | hilo.cauchy-kernel : TOP-LEFT:
tensor([[0.4364, 0.1517, 0.0600],
        [0.1517, 0.0600, 0.0308],
        [0.0600, 0.0308, 0.0185]])
2024-02-28 03:25:34,435 | INFO | hilo.kernel-accessor : Fetching kernel: cauchy
2024-02-28 03:25:34,436 | INFO | hilo.cauchy-kernel : Calculating Cauchy distribution (location: -0.053530484437942505, scale 0.7585852146148682)
2024-02-28 03:25:34,436 | INFO | hilo.cauchy-kernel : TOP-LEFT:
tensor([[0.4547, 0.1560, 0.0549],
        [0.1560, 0.0549, 0.0266],
        [0.0549, 0.0266, 0.0155]])
2024-02-28 03:25:34,436 | INFO | hilo.kernel-accessor : Fetching kernel: cauchy
2024-02-28 03:25:34,436 | INFO | hilo.cauchy-kernel : Calculating Cauchy distribution (location: -0.046398282051086426, scale 0.7842180132865906)
2024-02-28 03:25:34,436 | INFO | hilo.cauchy-kernel : TOP-LEFT:
tensor([[0.4408, 0.1591, 0.0566],
        [0.1591, 0.0566, 0.0275],
        [0.0566, 0.0275, 0.0160]])
2024-02-28 03:25:34,436 | INFO | hilo.kernel-accessor : Fetching kernel: cauchy
2024-02-28 03:25:34,437 | INFO | hilo.cauchy-kernel : Calculating Cauchy distribution (location: -0.07414624840021133, scale 0.5964550375938416)
2024-02-28 03:25:34,437 | INFO | hilo.cauchy-kernel : TOP-LEFT:
tensor([[0.5536, 0.1325, 0.0429],
        [0.1325, 0.0429, 0.0204],
        [0.0429, 0.0204, 0.0118]])
2024-02-28 03:25:34,437 | INFO | hilo.kernel-accessor : Fetching kernel: cauchy
2024-02-28 03:25:34,437 | INFO | hilo.cauchy-kernel : Calculating Cauchy distribution (location: -0.10976662486791611, scale 0.5303115248680115)
2024-02-28 03:25:34,437 | INFO | hilo.cauchy-kernel : TOP-LEFT:
tensor([[0.6062, 0.1175, 0.0376],
        [0.1175, 0.0376, 0.0179],
        [0.0376, 0.0179, 0.0104]])
2024-02-28 03:25:34,438 | INFO | hilo.kernel-accessor : Fetching kernel: cauchy
2024-02-28 03:25:34,438 | INFO | hilo.cauchy-kernel : Calculating Cauchy distribution (location: -0.13192516565322876, scale 0.49905192852020264)
2024-02-28 03:25:34,438 | INFO | hilo.cauchy-kernel : BOTTOM-LEFT:
tensor([[0.0351, 0.0167, 0.0097],
        [0.1100, 0.0351, 0.0167],
        [0.6316, 0.1100, 0.0351]])
2024-02-28 03:25:34,438 | INFO | hilo.kernel-accessor : Fetching kernel: cauchy
2024-02-28 03:25:34,438 | INFO | hilo.cauchy-kernel : Calculating Cauchy distribution (location: -0.04797027260065079, scale 0.44302603602409363)
2024-02-28 03:25:34,439 | INFO | hilo.cauchy-kernel : BOTTOM-LEFT:
tensor([[0.0302, 0.0140, 0.0080],
        [0.1025, 0.0302, 0.0140],
        [0.6683, 0.1025, 0.0302]])
2024-02-28 03:25:34,439 | INFO | hilo.kernel-accessor : Fetching kernel: cauchy
2024-02-28 03:25:34,439 | INFO | hilo.cauchy-kernel : Calculating Cauchy distribution (location: -0.08166301995515823, scale 0.4987036883831024)
2024-02-28 03:25:34,439 | INFO | hilo.cauchy-kernel : TOP-LEFT:
tensor([[0.6271, 0.1129, 0.0349],
        [0.1129, 0.0349, 0.0164],
        [0.0349, 0.0164, 0.0095]])
2024-02-28 03:25:34,439 | INFO | hilo.kernel-accessor : Fetching kernel: cauchy
2024-02-28 03:25:34,439 | INFO | hilo.cauchy-kernel : Calculating Cauchy distribution (location: -0.0290400180965662, scale 0.4620567262172699)
2024-02-28 03:25:34,440 | INFO | hilo.cauchy-kernel : BOTTOM-LEFT:
tensor([[0.0321, 0.0148, 0.0084],
        [0.1091, 0.0321, 0.0148],
        [0.6476, 0.1091, 0.0321]])
2024-02-28 03:25:34,440 | INFO | hilo.kernel-accessor : Fetching kernel: cauchy
2024-02-28 03:25:34,440 | INFO | hilo.cauchy-kernel : Calculating Cauchy distribution (location: 0.07572567462921143, scale 0.46760913729667664)
2024-02-28 03:25:34,440 | INFO | hilo.cauchy-kernel : TOP-LEFT:
tensor([[0.6041, 0.1263, 0.0346],
        [0.1263, 0.0346, 0.0155],
        [0.0346, 0.0155, 0.0087]])
2024-02-28 03:25:34,440 | INFO | hilo.kernel-accessor : Fetching kernel: cauchy
2024-02-28 03:25:34,441 | INFO | hilo.cauchy-kernel : Calculating Cauchy distribution (location: 0.07279810309410095, scale 0.3720555007457733)
2024-02-28 03:25:34,441 | INFO | hilo.cauchy-kernel : TOP-LEFT:
tensor([[0.6934, 0.0998, 0.0259],
        [0.0998, 0.0259, 0.0114],
        [0.0259, 0.0114, 0.0064]])
2024-02-28 03:25:34,441 | INFO | hilo.kernel-accessor : Fetching kernel: cauchy
2024-02-28 03:25:34,441 | INFO | hilo.cauchy-kernel : Calculating Cauchy distribution (location: 0.0042817248031497, scale 0.3884764015674591)
2024-02-28 03:25:34,441 | INFO | hilo.cauchy-kernel : BOTTOM-LEFT:
tensor([[0.0258, 0.0117, 0.0066],
        [0.0933, 0.0258, 0.0117],
        [0.7061, 0.0933, 0.0258]])
2024-02-28 03:25:34,441 | INFO | hilo.kernel-accessor : Fetching kernel: cauchy
2024-02-28 03:25:34,442 | INFO | hilo.cauchy-kernel : Calculating Cauchy distribution (location: -0.019277630373835564, scale 0.4526532292366028)
2024-02-28 03:25:34,442 | INFO | hilo.cauchy-kernel : BOTTOM-LEFT:
tensor([[0.0313, 0.0144, 0.0082],
        [0.1078, 0.0313, 0.0144],
        [0.6534, 0.1078, 0.0313]])
2024-02-28 03:25:34,442 | INFO | hilo.kernel-accessor : Fetching kernel: cauchy
2024-02-28 03:25:34,442 | INFO | hilo.cauchy-kernel : Calculating Cauchy distribution (location: 0.0672910213470459, scale 0.5105739831924438)
2024-02-28 03:25:34,443 | INFO | hilo.cauchy-kernel : TOP-LEFT:
tensor([[0.5731, 0.1344, 0.0380],
        [0.1344, 0.0380, 0.0172],
        [0.0380, 0.0172, 0.0097]])
2024-02-28 03:26:55,052 | INFO | hilo : Epoch   5/200 | Accuracy:  45.8333 | Loss:   1.4542
2024-02-28 03:26:55,052 | INFO | hilo.kernel-accessor : Fetching kernel: cauchy
2024-02-28 03:26:55,052 | INFO | hilo.cauchy-kernel : Calculating Cauchy distribution (location: -0.03884630650281906, scale 0.704985499382019)
2024-02-28 03:26:55,053 | INFO | hilo.cauchy-kernel : TOP-LEFT:
tensor([[0.4794, 0.1516, 0.0514],
        [0.1516, 0.0514, 0.0246],
        [0.0514, 0.0246, 0.0142]])
2024-02-28 03:26:55,053 | INFO | hilo.kernel-accessor : Fetching kernel: cauchy
2024-02-28 03:26:55,053 | INFO | hilo.cauchy-kernel : Calculating Cauchy distribution (location: -0.8018980026245117, scale 1.8727022409439087)
2024-02-28 03:26:55,053 | INFO | hilo.cauchy-kernel : TOP-LEFT:
tensor([[0.2536, 0.1558, 0.0927],
        [0.1558, 0.0927, 0.0586],
        [0.0927, 0.0586, 0.0396]])
2024-02-28 03:26:55,053 | INFO | hilo.kernel-accessor : Fetching kernel: cauchy
2024-02-28 03:26:55,053 | INFO | hilo.cauchy-kernel : Calculating Cauchy distribution (location: -0.5054844617843628, scale 1.0859869718551636)
2024-02-28 03:26:55,054 | INFO | hilo.cauchy-kernel : TOP-LEFT:
tensor([[0.3717, 0.1548, 0.0715],
        [0.1548, 0.0715, 0.0396],
        [0.0715, 0.0396, 0.0248]])
2024-02-28 03:26:55,054 | INFO | hilo.kernel-accessor : Fetching kernel: cauchy
2024-02-28 03:26:55,054 | INFO | hilo.cauchy-kernel : Calculating Cauchy distribution (location: -0.24959735572338104, scale 0.8064724802970886)
2024-02-28 03:26:55,054 | INFO | hilo.cauchy-kernel : BOTTOM-LEFT:
tensor([[0.0571, 0.0291, 0.0174],
        [0.1475, 0.0571, 0.0291],
        [0.4579, 0.1475, 0.0571]])
2024-02-28 03:26:55,054 | INFO | hilo.kernel-accessor : Fetching kernel: cauchy
2024-02-28 03:26:55,055 | INFO | hilo.cauchy-kernel : Calculating Cauchy distribution (location: -0.0035605821758508682, scale 0.6654067039489746)
2024-02-28 03:26:55,055 | INFO | hilo.cauchy-kernel : TOP-LEFT:
tensor([[0.4928, 0.1505, 0.0490],
        [0.1505, 0.0490, 0.0231],
        [0.0490, 0.0231, 0.0132]])
2024-02-28 03:26:55,055 | INFO | hilo.kernel-accessor : Fetching kernel: cauchy
2024-02-28 03:26:55,055 | INFO | hilo.cauchy-kernel : Calculating Cauchy distribution (location: -0.11125083267688751, scale 0.7077287435531616)
2024-02-28 03:26:55,055 | INFO | hilo.cauchy-kernel : BOTTOM-LEFT:
tensor([[0.0509, 0.0248, 0.0145],
        [0.1455, 0.0509, 0.0248],
        [0.4921, 0.1455, 0.0509]])
2024-02-28 03:26:55,055 | INFO | hilo.kernel-accessor : Fetching kernel: cauchy
2024-02-28 03:26:55,056 | INFO | hilo.cauchy-kernel : Calculating Cauchy distribution (location: -0.06697595119476318, scale 0.5598795413970947)
2024-02-28 03:26:55,056 | INFO | hilo.cauchy-kernel : TOP-LEFT:
tensor([[0.5779, 0.1266, 0.0401],
        [0.1266, 0.0401, 0.0189],
        [0.0401, 0.0189, 0.0109]])
2024-02-28 03:26:55,056 | INFO | hilo.kernel-accessor : Fetching kernel: cauchy
2024-02-28 03:26:55,056 | INFO | hilo.cauchy-kernel : Calculating Cauchy distribution (location: -0.11902789771556854, scale 0.5496178865432739)
2024-02-28 03:26:55,056 | INFO | hilo.cauchy-kernel : TOP-LEFT:
tensor([[0.5930, 0.1207, 0.0391],
        [0.1207, 0.0391, 0.0187],
        [0.0391, 0.0187, 0.0109]])
2024-02-28 03:26:55,057 | INFO | hilo.kernel-accessor : Fetching kernel: cauchy
2024-02-28 03:26:55,057 | INFO | hilo.cauchy-kernel : Calculating Cauchy distribution (location: -0.13244788348674774, scale 0.48950499296188354)
2024-02-28 03:26:55,057 | INFO | hilo.cauchy-kernel : BOTTOM-LEFT:
tensor([[0.0343, 0.0163, 0.0095],
        [0.1080, 0.0343, 0.0163],
        [0.6389, 0.1080, 0.0343]])
2024-02-28 03:26:55,057 | INFO | hilo.kernel-accessor : Fetching kernel: cauchy
2024-02-28 03:26:55,057 | INFO | hilo.cauchy-kernel : Calculating Cauchy distribution (location: -0.03335817530751228, scale 0.40877991914749146)
2024-02-28 03:26:55,058 | INFO | hilo.cauchy-kernel : TOP-LEFT:
tensor([[0.6964, 0.0949, 0.0272],
        [0.0949, 0.0272, 0.0125],
        [0.0272, 0.0125, 0.0071]])
2024-02-28 03:26:55,058 | INFO | hilo.kernel-accessor : Fetching kernel: cauchy
2024-02-28 03:26:55,058 | INFO | hilo.cauchy-kernel : Calculating Cauchy distribution (location: -0.08176729083061218, scale 0.4155326783657074)
2024-02-28 03:26:55,058 | INFO | hilo.cauchy-kernel : TOP-LEFT:
tensor([[0.6972, 0.0931, 0.0277],
        [0.0931, 0.0277, 0.0129],
        [0.0277, 0.0129, 0.0074]])
2024-02-28 03:26:55,058 | INFO | hilo.kernel-accessor : Fetching kernel: cauchy
2024-02-28 03:26:55,058 | INFO | hilo.cauchy-kernel : Calculating Cauchy distribution (location: 0.027290040627121925, scale 0.34649762511253357)
2024-02-28 03:26:55,059 | INFO | hilo.cauchy-kernel : TOP-LEFT:
tensor([[0.7399, 0.0838, 0.0223],
        [0.0838, 0.0223, 0.0100],
        [0.0223, 0.0100, 0.0056]])
