2023-12-06 12:39:13,925 | INFO | hi-lo : 
+==============================================================+
|                                                              |
| ██████╗  █████╗ ██████╗ ██╗         ██╗      █████╗ ██████╗  |
| ██╔══██╗██╔══██╗██╔══██╗██║         ██║     ██╔══██╗██╔══██╗ |
| ██║  ██║███████║██║  ██║██║         ██║     ███████║██████╔╝ |
| ██║  ██║██╔══██║██║  ██║██║         ██║     ██╔══██║██╔══██╗ |
| ██████╔╝██║  ██║██████╔╝███████╗    ███████╗██║  ██║██████╔╝ |
| ╚═════╝ ╚═╝  ╚═╝╚═════╝ ╚══════╝    ╚══════╝╚═╝  ╚═╝╚═════╝  |
|                                                              |
+==============================================================+
|             Hi-Lo Resolution Image Classification            |
|             -------------------------------------            |
|                       Gabriel C. Trahan                      |
|                          Sahan Ahmad                         |
|                       MD  Aminual Islam                      |
+==============================================================+
| MODEL:                 normal | LR:                      0.1 |
| DISTRO:                gumbel | KERNEL TYPE:               6 |
| DATASET:             imagenet | BATCH SIZE:               64 |
+=========================================================================+
2023-12-06 12:39:13,925 | INFO | hi-lo : Output directory: output/normal/gumbel/6/imagenet/20231206_123913
2023-12-06 12:39:13,925 | INFO | hi-lo.dataset-accessor : Fetching dataset: imagenet
2023-12-06 12:39:13,925 | INFO | hi-lo.imagenet-dataset : Initializing transform.
2023-12-06 12:39:13,925 | INFO | hi-lo.imagenet-dataset : Verifying/downloading train data.
2023-12-06 12:39:16,821 | INFO | hi-lo.imagenet-dataset : Verifying/downloading test data.
2023-12-06 12:39:16,941 | INFO | hi-lo.imagenet-dataset : Creating train data loader.
2023-12-06 12:39:16,941 | INFO | hi-lo.imagenet-dataset : Creating test data loader.
2023-12-06 12:39:18,001 | INFO | hi-lo : Using device: NVIDIA GeForce GTX 1060 6GB
2023-12-06 12:39:18,001 | INFO | hi-lo : Commencing training phase...
2023-12-06 12:39:18,002 | INFO | hi-lo : BEGIN EPOCH 1 =========================================================================
2023-12-06 12:39:18,002 | INFO | hi-lo.kernel-accessor : Fetching kernel: gumbel
2023-12-06 12:39:18,003 | INFO | hi-lo.gumbel-kernel : MU (LOCATION): 0.0 | BETA (SCALE): 1.0
2023-12-06 12:39:18,003 | INFO | hi-lo.gumbel-kernel : BOTTOM-RIGHT
tensor([[8.5377e-26, 2.2609e-10, 2.0072e-04],
        [2.2609e-10, 2.0072e-04, 5.8259e-02],
        [2.0072e-04, 5.8259e-02, 8.8288e-01]])
2023-12-06 12:39:18,003 | INFO | hi-lo.kernel-accessor : Fetching kernel: gumbel
2023-12-06 12:39:18,004 | INFO | hi-lo.gumbel-kernel : MU (LOCATION): 0.0 | BETA (SCALE): 1.0
2023-12-06 12:39:18,004 | INFO | hi-lo.gumbel-kernel : BOTTOM-LEFT
tensor([[2.0072e-04, 2.2609e-10, 8.5377e-26],
        [5.8259e-02, 2.0072e-04, 2.2609e-10],
        [8.8288e-01, 5.8259e-02, 2.0072e-04]])
2023-12-06 12:39:18,004 | INFO | hi-lo.kernel-accessor : Fetching kernel: gumbel
2023-12-06 12:39:18,004 | INFO | hi-lo.gumbel-kernel : MU (LOCATION): 0.0 | BETA (SCALE): 1.0
2023-12-06 12:39:18,004 | INFO | hi-lo.gumbel-kernel : BOTTOM-RIGHT
tensor([[8.5377e-26, 2.2609e-10, 2.0072e-04],
        [2.2609e-10, 2.0072e-04, 5.8259e-02],
        [2.0072e-04, 5.8259e-02, 8.8288e-01]])
2023-12-06 12:39:18,004 | INFO | hi-lo.kernel-accessor : Fetching kernel: gumbel
2023-12-06 12:39:18,005 | INFO | hi-lo.gumbel-kernel : MU (LOCATION): 0.0 | BETA (SCALE): 1.0
2023-12-06 12:39:18,005 | INFO | hi-lo.gumbel-kernel : BOTTOM-LEFT
tensor([[2.0072e-04, 2.2609e-10, 8.5377e-26],
        [5.8259e-02, 2.0072e-04, 2.2609e-10],
        [8.8288e-01, 5.8259e-02, 2.0072e-04]])
2023-12-06 12:39:42,908 | INFO | hi-lo : END EPOCH:   1 | ACCURACY: 0.1 | LOSS: 4.785978317260742
2023-12-06 12:39:42,908 | INFO | hi-lo : BEGIN EPOCH 2 =========================================================================
2023-12-06 12:39:42,908 | INFO | hi-lo.kernel-accessor : Fetching kernel: gumbel
2023-12-06 12:39:42,909 | INFO | hi-lo.gumbel-kernel : MU (LOCATION): -0.16288965940475464 | BETA (SCALE): 0.5014461874961853
2023-12-06 12:39:42,909 | INFO | hi-lo.gumbel-kernel : BOTTOM-LEFT
tensor([[0.0000e+00, 0.0000e+00, 0.0000e+00],
        [7.1754e-07, 0.0000e+00, 0.0000e+00],
        [1.0000e+00, 7.1754e-07, 0.0000e+00]])
2023-12-06 12:39:42,909 | INFO | hi-lo.kernel-accessor : Fetching kernel: gumbel
2023-12-06 12:39:42,909 | INFO | hi-lo.gumbel-kernel : MU (LOCATION): -0.42254793643951416 | BETA (SCALE): 0.7851197123527527
2023-12-06 12:39:42,909 | INFO | hi-lo.gumbel-kernel : BOTTOM-RIGHT
tensor([[0.0000e+00, 0.0000e+00, 7.7806e-17],
        [0.0000e+00, 7.7805e-17, 1.4681e-04],
        [7.7806e-17, 1.4681e-04, 9.9971e-01]])
2023-12-06 12:39:42,910 | INFO | hi-lo.kernel-accessor : Fetching kernel: gumbel
2023-12-06 12:39:42,910 | INFO | hi-lo.gumbel-kernel : MU (LOCATION): -0.5596609711647034 | BETA (SCALE): 0.8255698084831238
2023-12-06 12:39:42,910 | INFO | hi-lo.gumbel-kernel : BOTTOM-LEFT
tensor([[4.3103e-19, 0.0000e+00, 0.0000e+00],
        [3.1693e-05, 4.3103e-19, 0.0000e+00],
        [9.9994e-01, 3.1693e-05, 4.3103e-19]])
2023-12-06 12:39:42,910 | INFO | hi-lo.kernel-accessor : Fetching kernel: gumbel
2023-12-06 12:39:42,910 | INFO | hi-lo.gumbel-kernel : MU (LOCATION): -0.32569432258605957 | BETA (SCALE): 0.5295444130897522
2023-12-06 12:39:42,911 | INFO | hi-lo.gumbel-kernel : BOTTOM-LEFT
tensor([[0.0000e+00, 0.0000e+00, 0.0000e+00],
        [7.0031e-10, 0.0000e+00, 0.0000e+00],
        [1.0000e+00, 7.0031e-10, 0.0000e+00]])
2023-12-06 12:40:07,111 | INFO | hi-lo : END EPOCH:   2 | ACCURACY: 1.24 | LOSS: 4.5060343742370605
2023-12-06 12:40:07,112 | INFO | hi-lo : BEGIN EPOCH 3 =========================================================================
2023-12-06 12:40:07,112 | INFO | hi-lo.kernel-accessor : Fetching kernel: gumbel
2023-12-06 12:40:07,112 | INFO | hi-lo.gumbel-kernel : MU (LOCATION): -0.10874101519584656 | BETA (SCALE): 0.4719048738479614
2023-12-06 12:40:07,113 | INFO | hi-lo.gumbel-kernel : BOTTOM-RIGHT
tensor([[0.0000e+00, 0.0000e+00, 0.0000e+00],
        [0.0000e+00, 0.0000e+00, 1.0894e-06],
        [0.0000e+00, 1.0894e-06, 1.0000e+00]])
2023-12-06 12:40:07,113 | INFO | hi-lo.kernel-accessor : Fetching kernel: gumbel
2023-12-06 12:40:07,113 | INFO | hi-lo.gumbel-kernel : MU (LOCATION): -0.5993883013725281 | BETA (SCALE): 0.6878038048744202
2023-12-06 12:40:07,113 | INFO | hi-lo.gumbel-kernel : BOTTOM-LEFT
tensor([[0.0000e+00, 0.0000e+00, 0.0000e+00],
        [1.6971e-09, 0.0000e+00, 0.0000e+00],
        [1.0000e+00, 1.6971e-09, 0.0000e+00]])
2023-12-06 12:40:07,113 | INFO | hi-lo.kernel-accessor : Fetching kernel: gumbel
2023-12-06 12:40:07,114 | INFO | hi-lo.gumbel-kernel : MU (LOCATION): -0.5923179388046265 | BETA (SCALE): 1.0109480619430542
2023-12-06 12:40:07,114 | INFO | hi-lo.gumbel-kernel : BOTTOM-RIGHT
tensor([[0.0000e+00, 7.1669e-28, 2.5412e-10],
        [7.1669e-28, 2.5412e-10, 1.5898e-03],
        [2.5412e-10, 1.5898e-03, 9.9682e-01]])
2023-12-06 12:40:07,114 | INFO | hi-lo.kernel-accessor : Fetching kernel: gumbel
2023-12-06 12:40:07,114 | INFO | hi-lo.gumbel-kernel : MU (LOCATION): -0.8855764865875244 | BETA (SCALE): 1.0669002532958984
2023-12-06 12:40:07,114 | INFO | hi-lo.gumbel-kernel : BOTTOM-LEFT
tensor([[3.8079e-14, 1.1205e-37, 0.0000e+00],
        [1.1096e-04, 3.8079e-14, 1.1205e-37],
        [9.9978e-01, 1.1096e-04, 3.8079e-14]])
2023-12-06 12:40:31,325 | INFO | hi-lo : END EPOCH:   3 | ACCURACY: 0.39 | LOSS: 4.698846340179443
2023-12-06 12:40:31,325 | INFO | hi-lo : BEGIN EPOCH 4 =========================================================================
2023-12-06 12:40:31,326 | INFO | hi-lo.kernel-accessor : Fetching kernel: gumbel
2023-12-06 12:40:31,326 | INFO | hi-lo.gumbel-kernel : MU (LOCATION): -0.0673532783985138 | BETA (SCALE): 0.5480411648750305
2023-12-06 12:40:31,327 | INFO | hi-lo.gumbel-kernel : BOTTOM-RIGHT
tensor([[0.0000e+00, 0.0000e+00, 4.1560e-23],
        [0.0000e+00, 4.1560e-23, 2.0861e-04],
        [4.1560e-23, 2.0861e-04, 9.9958e-01]])
2023-12-06 12:40:31,327 | INFO | hi-lo.kernel-accessor : Fetching kernel: gumbel
2023-12-06 12:40:31,328 | INFO | hi-lo.gumbel-kernel : MU (LOCATION): -0.6670624613761902 | BETA (SCALE): 0.962165892124176
2023-12-06 12:40:31,328 | INFO | hi-lo.gumbel-kernel : BOTTOM-LEFT
tensor([[8.7975e-14, 1.2916e-39, 0.0000e+00],
        [2.3613e-04, 8.7975e-14, 1.2916e-39],
        [9.9953e-01, 2.3613e-04, 8.7975e-14]])
2023-12-06 12:40:31,328 | INFO | hi-lo.kernel-accessor : Fetching kernel: gumbel
2023-12-06 12:40:31,329 | INFO | hi-lo.gumbel-kernel : MU (LOCATION): -1.2883707284927368 | BETA (SCALE): 2.8615617752075195
2023-12-06 12:40:31,329 | INFO | hi-lo.gumbel-kernel : BOTTOM-LEFT
tensor([[2.5228e-02, 2.2432e-03, 8.3890e-05],
        [1.5406e-01, 2.5228e-02, 2.2432e-03],
        [6.1163e-01, 1.5406e-01, 2.5228e-02]])
2023-12-06 12:40:31,329 | INFO | hi-lo.kernel-accessor : Fetching kernel: gumbel
2023-12-06 12:40:31,330 | INFO | hi-lo.gumbel-kernel : MU (LOCATION): -1.0614242553710938 | BETA (SCALE): 1.4533565044403076
2023-12-06 12:40:31,331 | INFO | hi-lo.gumbel-kernel : BOTTOM-LEFT
tensor([[7.2140e-07, 1.6794e-14, 2.1493e-29],
        [6.9629e-03, 7.2140e-07, 1.6794e-14],
        [9.8607e-01, 6.9629e-03, 7.2140e-07]])
2023-12-06 12:40:55,541 | INFO | hi-lo : END EPOCH:   4 | ACCURACY: 0.71 | LOSS: 4.32398796081543
2023-12-06 12:40:55,541 | INFO | hi-lo : BEGIN EPOCH 5 =========================================================================
2023-12-06 12:40:55,542 | INFO | hi-lo.kernel-accessor : Fetching kernel: gumbel
2023-12-06 12:40:55,542 | INFO | hi-lo.gumbel-kernel : MU (LOCATION): -0.16404765844345093 | BETA (SCALE): 0.4900960326194763
2023-12-06 12:40:55,543 | INFO | hi-lo.gumbel-kernel : BOTTOM-LEFT
tensor([[0.0000e+00, 0.0000e+00, 0.0000e+00],
        [2.7280e-07, 0.0000e+00, 0.0000e+00],
        [1.0000e+00, 2.7280e-07, 0.0000e+00]])
2023-12-06 12:40:55,543 | INFO | hi-lo.kernel-accessor : Fetching kernel: gumbel
2023-12-06 12:40:55,544 | INFO | hi-lo.gumbel-kernel : MU (LOCATION): -0.6443527936935425 | BETA (SCALE): 0.8946661353111267
2023-12-06 12:40:55,544 | INFO | hi-lo.gumbel-kernel : BOTTOM-RIGHT
tensor([[0.0000e+00, 0.0000e+00, 5.1893e-17],
        [0.0000e+00, 5.1893e-17, 5.5040e-05],
        [5.1893e-17, 5.5040e-05, 9.9989e-01]])
2023-12-06 12:40:55,544 | INFO | hi-lo.kernel-accessor : Fetching kernel: gumbel
2023-12-06 12:40:55,545 | INFO | hi-lo.gumbel-kernel : MU (LOCATION): -1.1425065994262695 | BETA (SCALE): 1.4814949035644531
2023-12-06 12:40:55,545 | INFO | hi-lo.gumbel-kernel : BOTTOM-LEFT
tensor([[4.0423e-07, 5.7871e-15, 4.3546e-30],
        [5.5520e-03, 4.0423e-07, 5.7871e-15],
        [9.8889e-01, 5.5520e-03, 4.0423e-07]])
2023-12-06 12:40:55,545 | INFO | hi-lo.kernel-accessor : Fetching kernel: gumbel
2023-12-06 12:40:55,546 | INFO | hi-lo.gumbel-kernel : MU (LOCATION): -0.8849204182624817 | BETA (SCALE): 1.1838500499725342
2023-12-06 12:40:55,546 | INFO | hi-lo.gumbel-kernel : BOTTOM-LEFT
tensor([[5.1596e-10, 2.6514e-24, 0.0000e+00],
        [1.1526e-03, 5.1596e-10, 2.6514e-24],
        [9.9769e-01, 1.1526e-03, 5.1596e-10]])
2023-12-06 12:41:19,743 | INFO | hi-lo : END EPOCH:   5 | ACCURACY: 0 | LOSS: 4.5330963134765625
2023-12-06 12:41:19,743 | INFO | hi-lo : BEGIN EPOCH 6 =========================================================================
2023-12-06 12:41:19,743 | INFO | hi-lo.kernel-accessor : Fetching kernel: gumbel
2023-12-06 12:41:19,743 | INFO | hi-lo.gumbel-kernel : MU (LOCATION): -0.08185459673404694 | BETA (SCALE): 0.5208752751350403
2023-12-06 12:41:19,744 | INFO | hi-lo.gumbel-kernel : BOTTOM-LEFT
tensor([[1.8535e-29, 0.0000e+00, 0.0000e+00],
        [5.0724e-05, 1.8535e-29, 0.0000e+00],
        [9.9990e-01, 5.0724e-05, 1.8535e-29]])
2023-12-06 12:41:19,744 | INFO | hi-lo.kernel-accessor : Fetching kernel: gumbel
2023-12-06 12:41:19,744 | INFO | hi-lo.gumbel-kernel : MU (LOCATION): -0.7169850468635559 | BETA (SCALE): 0.9096484184265137
2023-12-06 12:41:19,744 | INFO | hi-lo.gumbel-kernel : BOTTOM-RIGHT
tensor([[0.0000e+00, 0.0000e+00, 1.6251e-18],
        [0.0000e+00, 1.6251e-18, 2.0713e-05],
        [1.6251e-18, 2.0713e-05, 9.9996e-01]])
2023-12-06 12:41:19,745 | INFO | hi-lo.kernel-accessor : Fetching kernel: gumbel
2023-12-06 12:41:19,745 | INFO | hi-lo.gumbel-kernel : MU (LOCATION): -1.0826592445373535 | BETA (SCALE): 1.5548276901245117
2023-12-06 12:41:19,745 | INFO | hi-lo.gumbel-kernel : BOTTOM-LEFT
tensor([[7.0803e-06, 7.2473e-12, 5.2076e-23],
        [1.3521e-02, 7.0803e-06, 7.2473e-12],
        [9.7294e-01, 1.3521e-02, 7.0803e-06]])
2023-12-06 12:41:19,745 | INFO | hi-lo.kernel-accessor : Fetching kernel: gumbel
2023-12-06 12:41:19,745 | INFO | hi-lo.gumbel-kernel : MU (LOCATION): -1.4785652160644531 | BETA (SCALE): 1.6091582775115967
2023-12-06 12:41:19,746 | INFO | hi-lo.gumbel-kernel : BOTTOM-LEFT
tensor([[5.3877e-08, 2.0654e-16, 7.5761e-32],
        [2.3843e-03, 5.3877e-08, 2.0654e-16],
        [9.9523e-01, 2.3843e-03, 5.3877e-08]])
2023-12-06 12:41:43,901 | INFO | hi-lo : END EPOCH:   6 | ACCURACY: 0.18 | LOSS: 4.453821182250977
2023-12-06 12:41:43,902 | INFO | hi-lo : BEGIN EPOCH 7 =========================================================================
2023-12-06 12:41:43,902 | INFO | hi-lo.kernel-accessor : Fetching kernel: gumbel
2023-12-06 12:41:43,902 | INFO | hi-lo.gumbel-kernel : MU (LOCATION): -0.07896463572978973 | BETA (SCALE): 0.5192368626594543
2023-12-06 12:41:43,903 | INFO | hi-lo.gumbel-kernel : BOTTOM-LEFT
tensor([[1.5922e-29, 0.0000e+00, 0.0000e+00],
        [5.1654e-05, 1.5923e-29, 0.0000e+00],
        [9.9990e-01, 5.1654e-05, 1.5922e-29]])
2023-12-06 12:41:43,903 | INFO | hi-lo.kernel-accessor : Fetching kernel: gumbel
2023-12-06 12:41:43,904 | INFO | hi-lo.gumbel-kernel : MU (LOCATION): -0.7267320156097412 | BETA (SCALE): 0.8649125099182129
2023-12-06 12:41:43,904 | INFO | hi-lo.gumbel-kernel : BOTTOM-LEFT
tensor([[6.0869e-23, 0.0000e+00, 0.0000e+00],
        [2.6345e-06, 6.0869e-23, 0.0000e+00],
        [9.9999e-01, 2.6345e-06, 6.0869e-23]])
2023-12-06 12:41:43,904 | INFO | hi-lo.kernel-accessor : Fetching kernel: gumbel
2023-12-06 12:41:43,905 | INFO | hi-lo.gumbel-kernel : MU (LOCATION): -1.1112358570098877 | BETA (SCALE): 1.4968661069869995
2023-12-06 12:41:43,906 | INFO | hi-lo.gumbel-kernel : BOTTOM-RIGHT
tensor([[1.0166e-27, 6.5496e-14, 1.0902e-06],
        [6.5496e-14, 1.0902e-06, 7.6079e-03],
        [1.0902e-06, 7.6079e-03, 9.8478e-01]])
2023-12-06 12:41:43,906 | INFO | hi-lo.kernel-accessor : Fetching kernel: gumbel
2023-12-06 12:41:43,906 | INFO | hi-lo.gumbel-kernel : MU (LOCATION): -0.9978778958320618 | BETA (SCALE): 1.3521625995635986
2023-12-06 12:41:43,907 | INFO | hi-lo.gumbel-kernel : BOTTOM-RIGHT
tensor([[1.0179e-36, 2.8908e-17, 8.2121e-08],
        [2.8908e-17, 8.2121e-08, 3.9327e-03],
        [8.2121e-08, 3.9327e-03, 9.9213e-01]])
2023-12-06 12:42:08,122 | INFO | hi-lo : END EPOCH:   7 | ACCURACY: 1.43 | LOSS: 4.336484909057617
2023-12-06 12:42:08,122 | INFO | hi-lo : BEGIN EPOCH 8 =========================================================================
2023-12-06 12:42:08,122 | INFO | hi-lo.kernel-accessor : Fetching kernel: gumbel
2023-12-06 12:42:08,123 | INFO | hi-lo.gumbel-kernel : MU (LOCATION): -0.12837104499340057 | BETA (SCALE): 0.49853673577308655
2023-12-06 12:42:08,124 | INFO | hi-lo.gumbel-kernel : BOTTOM-RIGHT
tensor([[0.0000e+00, 0.0000e+00, 6.7879e-42],
        [0.0000e+00, 6.7879e-42, 2.8404e-06],
        [6.7879e-42, 2.8404e-06, 9.9999e-01]])
2023-12-06 12:42:08,124 | INFO | hi-lo.kernel-accessor : Fetching kernel: gumbel
2023-12-06 12:42:08,125 | INFO | hi-lo.gumbel-kernel : MU (LOCATION): -0.8223539590835571 | BETA (SCALE): 0.9945217967033386
2023-12-06 12:42:08,125 | INFO | hi-lo.gumbel-kernel : BOTTOM-LEFT
tensor([[2.7434e-16, 0.0000e+00, 0.0000e+00],
        [4.2547e-05, 2.7433e-16, 0.0000e+00],
        [9.9991e-01, 4.2547e-05, 2.7434e-16]])
2023-12-06 12:42:08,125 | INFO | hi-lo.kernel-accessor : Fetching kernel: gumbel
2023-12-06 12:42:08,126 | INFO | hi-lo.gumbel-kernel : MU (LOCATION): -1.0617256164550781 | BETA (SCALE): 2.8007309436798096
2023-12-06 12:42:08,126 | INFO | hi-lo.gumbel-kernel : BOTTOM-RIGHT
tensor([[1.5924e-04, 3.2966e-03, 3.0584e-02],
        [3.2966e-03, 3.0584e-02, 1.6181e-01],
        [3.0584e-02, 1.6181e-01, 5.7787e-01]])
2023-12-06 12:42:08,127 | INFO | hi-lo.kernel-accessor : Fetching kernel: gumbel
2023-12-06 12:42:08,127 | INFO | hi-lo.gumbel-kernel : MU (LOCATION): -1.449155569076538 | BETA (SCALE): 1.3884660005569458
2023-12-06 12:42:08,128 | INFO | hi-lo.gumbel-kernel : BOTTOM-RIGHT
tensor([[0.0000e+00, 1.4991e-28, 1.2257e-12],
        [1.4991e-28, 1.2257e-12, 9.8340e-05],
        [1.2257e-12, 9.8340e-05, 9.9980e-01]])
2023-12-06 12:42:32,335 | INFO | hi-lo : END EPOCH:   8 | ACCURACY: 1.47 | LOSS: 4.1785993576049805
2023-12-06 12:42:32,335 | INFO | hi-lo : BEGIN EPOCH 9 =========================================================================
2023-12-06 12:42:32,336 | INFO | hi-lo.kernel-accessor : Fetching kernel: gumbel
2023-12-06 12:42:32,336 | INFO | hi-lo.gumbel-kernel : MU (LOCATION): -0.15091240406036377 | BETA (SCALE): 0.5391181707382202
2023-12-06 12:42:32,337 | INFO | hi-lo.gumbel-kernel : BOTTOM-RIGHT
tensor([[0.0000e+00, 0.0000e+00, 1.2581e-32],
        [0.0000e+00, 1.2580e-32, 1.2482e-05],
        [1.2581e-32, 1.2482e-05, 9.9998e-01]])
2023-12-06 12:42:32,337 | INFO | hi-lo.kernel-accessor : Fetching kernel: gumbel
2023-12-06 12:42:32,338 | INFO | hi-lo.gumbel-kernel : MU (LOCATION): -0.7096718549728394 | BETA (SCALE): 0.9820011854171753
2023-12-06 12:42:32,338 | INFO | hi-lo.gumbel-kernel : BOTTOM-LEFT
tensor([[6.8024e-14, 2.5613e-39, 0.0000e+00],
        [1.9876e-04, 6.8025e-14, 2.5613e-39],
        [9.9960e-01, 1.9876e-04, 6.8024e-14]])
2023-12-06 12:42:32,338 | INFO | hi-lo.kernel-accessor : Fetching kernel: gumbel
2023-12-06 12:42:32,339 | INFO | hi-lo.gumbel-kernel : MU (LOCATION): -1.1071823835372925 | BETA (SCALE): 1.7245742082595825
2023-12-06 12:42:32,339 | INFO | hi-lo.gumbel-kernel : BOTTOM-RIGHT
tensor([[3.8403e-16, 7.1450e-09, 1.0856e-04],
        [7.1450e-09, 1.0856e-04, 3.0770e-02],
        [1.0856e-04, 3.0770e-02, 9.3813e-01]])
2023-12-06 12:42:32,339 | INFO | hi-lo.kernel-accessor : Fetching kernel: gumbel
2023-12-06 12:42:32,340 | INFO | hi-lo.gumbel-kernel : MU (LOCATION): -1.2208924293518066 | BETA (SCALE): 1.4775974750518799
2023-12-06 12:42:32,340 | INFO | hi-lo.gumbel-kernel : BOTTOM-RIGHT
tensor([[1.3013e-33, 1.3032e-16, 7.9463e-08],
        [1.3032e-16, 7.9463e-08, 3.2344e-03],
        [7.9463e-08, 3.2344e-03, 9.9353e-01]])
2023-12-06 12:42:56,552 | INFO | hi-lo : END EPOCH:   9 | ACCURACY: 1.95 | LOSS: 4.272931098937988
2023-12-06 12:42:56,552 | INFO | hi-lo : BEGIN EPOCH 10 =========================================================================
2023-12-06 12:42:56,552 | INFO | hi-lo.kernel-accessor : Fetching kernel: gumbel
2023-12-06 12:42:56,553 | INFO | hi-lo.gumbel-kernel : MU (LOCATION): -0.05791860073804855 | BETA (SCALE): 0.5132296085357666
2023-12-06 12:42:56,553 | INFO | hi-lo.gumbel-kernel : BOTTOM-RIGHT
tensor([[0.0000e+00, 0.0000e+00, 1.1157e-28],
        [0.0000e+00, 1.1157e-28, 7.5598e-05],
        [1.1157e-28, 7.5598e-05, 9.9985e-01]])
2023-12-06 12:42:56,554 | INFO | hi-lo.kernel-accessor : Fetching kernel: gumbel
2023-12-06 12:42:56,554 | INFO | hi-lo.gumbel-kernel : MU (LOCATION): -0.8140172958374023 | BETA (SCALE): 1.1064294576644897
2023-12-06 12:42:56,554 | INFO | hi-lo.gumbel-kernel : BOTTOM-RIGHT
tensor([[0.0000e+00, 1.7547e-28, 3.7602e-11],
        [1.7547e-28, 3.7602e-11, 6.7333e-04],
        [3.7602e-11, 6.7333e-04, 9.9865e-01]])
2023-12-06 12:42:56,555 | INFO | hi-lo.kernel-accessor : Fetching kernel: gumbel
2023-12-06 12:42:56,555 | INFO | hi-lo.gumbel-kernel : MU (LOCATION): -1.1389822959899902 | BETA (SCALE): 1.6999621391296387
2023-12-06 12:42:56,556 | INFO | hi-lo.gumbel-kernel : BOTTOM-LEFT
tensor([[5.5804e-05, 1.5263e-09, 1.4825e-17],
        [2.4781e-02, 5.5804e-05, 1.5263e-09],
        [9.5027e-01, 2.4781e-02, 5.5804e-05]])
2023-12-06 12:42:56,556 | INFO | hi-lo.kernel-accessor : Fetching kernel: gumbel
2023-12-06 12:42:56,556 | INFO | hi-lo.gumbel-kernel : MU (LOCATION): -1.7172610759735107 | BETA (SCALE): 1.7347791194915771
2023-12-06 12:42:56,557 | INFO | hi-lo.gumbel-kernel : BOTTOM-RIGHT
tensor([[3.9157e-30, 4.6232e-16, 4.8047e-08],
        [4.6232e-16, 4.8047e-08, 1.9765e-03],
        [4.8047e-08, 1.9765e-03, 9.9605e-01]])
2023-12-06 12:43:20,829 | INFO | hi-lo : END EPOCH:  10 | ACCURACY: 6.25 | LOSS: 4.68120813369751
2023-12-06 12:43:20,829 | INFO | hi-lo : BEGIN EPOCH 11 =========================================================================
2023-12-06 12:43:20,829 | INFO | hi-lo.kernel-accessor : Fetching kernel: gumbel
2023-12-06 12:43:20,830 | INFO | hi-lo.gumbel-kernel : MU (LOCATION): -0.11512170732021332 | BETA (SCALE): 0.48507606983184814
2023-12-06 12:43:20,830 | INFO | hi-lo.gumbel-kernel : BOTTOM-LEFT
tensor([[1.1210e-44, 0.0000e+00, 0.0000e+00],
        [2.0751e-06, 1.1210e-44, 0.0000e+00],
        [1.0000e+00, 2.0751e-06, 1.1210e-44]])
2023-12-06 12:43:20,830 | INFO | hi-lo.kernel-accessor : Fetching kernel: gumbel
2023-12-06 12:43:20,831 | INFO | hi-lo.gumbel-kernel : MU (LOCATION): -0.6791221499443054 | BETA (SCALE): 0.9693065285682678
2023-12-06 12:43:20,831 | INFO | hi-lo.gumbel-kernel : BOTTOM-RIGHT
tensor([[0.0000e+00, 2.9605e-39, 9.6746e-14],
        [2.9605e-39, 9.6746e-14, 2.3313e-04],
        [9.6746e-14, 2.3313e-04, 9.9953e-01]])
2023-12-06 12:43:20,832 | INFO | hi-lo.kernel-accessor : Fetching kernel: gumbel
2023-12-06 12:43:20,832 | INFO | hi-lo.gumbel-kernel : MU (LOCATION): -1.1431015729904175 | BETA (SCALE): 1.6140594482421875
2023-12-06 12:43:20,833 | INFO | hi-lo.gumbel-kernel : BOTTOM-RIGHT
tensor([[2.2899e-21, 3.0510e-11, 1.1418e-05],
        [3.0510e-11, 1.1418e-05, 1.5179e-02],
        [1.1418e-05, 1.5179e-02, 9.6961e-01]])
2023-12-06 12:43:20,833 | INFO | hi-lo.kernel-accessor : Fetching kernel: gumbel
2023-12-06 12:43:20,833 | INFO | hi-lo.gumbel-kernel : MU (LOCATION): -1.2331138849258423 | BETA (SCALE): 1.390857219696045
2023-12-06 12:43:20,834 | INFO | hi-lo.gumbel-kernel : BOTTOM-RIGHT
tensor([[0.0000e+00, 3.2287e-21, 1.4414e-09],
        [3.2287e-21, 1.4414e-09, 9.8909e-04],
        [1.4414e-09, 9.8909e-04, 9.9802e-01]])
2023-12-06 12:43:45,100 | INFO | hi-lo : END EPOCH:  11 | ACCURACY: 0.39 | LOSS: 4.001171112060547
2023-12-06 12:43:45,101 | INFO | hi-lo : BEGIN EPOCH 12 =========================================================================
2023-12-06 12:43:45,101 | INFO | hi-lo.kernel-accessor : Fetching kernel: gumbel
2023-12-06 12:43:45,101 | INFO | hi-lo.gumbel-kernel : MU (LOCATION): -0.08300300687551498 | BETA (SCALE): 0.504935085773468
2023-12-06 12:43:45,102 | INFO | hi-lo.gumbel-kernel : BOTTOM-RIGHT
tensor([[0.0000e+00, 0.0000e+00, 1.6017e-33],
        [0.0000e+00, 1.6017e-33, 2.3516e-05],
        [1.6017e-33, 2.3516e-05, 9.9995e-01]])
2023-12-06 12:43:45,102 | INFO | hi-lo.kernel-accessor : Fetching kernel: gumbel
2023-12-06 12:43:45,103 | INFO | hi-lo.gumbel-kernel : MU (LOCATION): -0.6198164224624634 | BETA (SCALE): 0.9703661799430847
2023-12-06 12:43:45,103 | INFO | hi-lo.gumbel-kernel : BOTTOM-LEFT
tensor([[2.6584e-12, 8.2680e-35, 0.0000e+00],
        [5.5386e-04, 2.6584e-12, 8.2680e-35],
        [9.9889e-01, 5.5386e-04, 2.6584e-12]])
2023-12-06 12:43:45,103 | INFO | hi-lo.kernel-accessor : Fetching kernel: gumbel
2023-12-06 12:43:45,104 | INFO | hi-lo.gumbel-kernel : MU (LOCATION): -1.374288558959961 | BETA (SCALE): 2.466301918029785
2023-12-06 12:43:45,104 | INFO | hi-lo.gumbel-kernel : BOTTOM-LEFT
tensor([[7.4558e-03, 1.6116e-04, 6.2725e-07],
        [1.0999e-01, 7.4558e-03, 1.6116e-04],
        [7.5733e-01, 1.0999e-01, 7.4558e-03]])
2023-12-06 12:43:45,104 | INFO | hi-lo.kernel-accessor : Fetching kernel: gumbel
2023-12-06 12:43:45,105 | INFO | hi-lo.gumbel-kernel : MU (LOCATION): -0.8728924989700317 | BETA (SCALE): 1.2438069581985474
2023-12-06 12:43:45,105 | INFO | hi-lo.gumbel-kernel : BOTTOM-RIGHT
tensor([[0.0000e+00, 1.0002e-19, 1.7468e-08],
        [1.0002e-19, 1.7467e-08, 2.9274e-03],
        [1.7468e-08, 2.9274e-03, 9.9415e-01]])
2023-12-06 12:44:09,270 | INFO | hi-lo : END EPOCH:  12 | ACCURACY: 0.62 | LOSS: 4.179662227630615
2023-12-06 12:44:09,270 | INFO | hi-lo : BEGIN EPOCH 13 =========================================================================
2023-12-06 12:44:09,270 | INFO | hi-lo.kernel-accessor : Fetching kernel: gumbel
2023-12-06 12:44:09,271 | INFO | hi-lo.gumbel-kernel : MU (LOCATION): -0.07520327717065811 | BETA (SCALE): 0.5298686027526855
2023-12-06 12:44:09,272 | INFO | hi-lo.gumbel-kernel : BOTTOM-RIGHT
tensor([[0.0000e+00, 0.0000e+00, 6.3158e-27],
        [0.0000e+00, 6.3157e-27, 8.8965e-05],
        [6.3158e-27, 8.8965e-05, 9.9982e-01]])
2023-12-06 12:44:09,272 | INFO | hi-lo.kernel-accessor : Fetching kernel: gumbel
2023-12-06 12:44:09,272 | INFO | hi-lo.gumbel-kernel : MU (LOCATION): -0.6223573088645935 | BETA (SCALE): 1.104610562324524
2023-12-06 12:44:09,273 | INFO | hi-lo.gumbel-kernel : BOTTOM-RIGHT
tensor([[0.0000e+00, 7.8718e-21, 2.2708e-08],
        [7.8718e-21, 2.2708e-08, 4.2607e-03],
        [2.2708e-08, 4.2607e-03, 9.9148e-01]])
2023-12-06 12:44:09,273 | INFO | hi-lo.kernel-accessor : Fetching kernel: gumbel
2023-12-06 12:44:09,273 | INFO | hi-lo.gumbel-kernel : MU (LOCATION): -1.571743369102478 | BETA (SCALE): 2.4164223670959473
2023-12-06 12:44:09,274 | INFO | hi-lo.gumbel-kernel : BOTTOM-RIGHT
tensor([[2.7722e-08, 2.8319e-05, 3.1801e-03],
        [2.8319e-05, 3.1801e-03, 8.2959e-02],
        [3.1801e-03, 8.2959e-02, 8.2448e-01]])
2023-12-06 12:44:09,274 | INFO | hi-lo.kernel-accessor : Fetching kernel: gumbel
2023-12-06 12:44:09,274 | INFO | hi-lo.gumbel-kernel : MU (LOCATION): -1.3705825805664062 | BETA (SCALE): 1.7135968208312988
2023-12-06 12:44:09,275 | INFO | hi-lo.gumbel-kernel : BOTTOM-LEFT
tensor([[5.3140e-06, 9.9426e-12, 8.5403e-22],
        [1.0792e-02, 5.3140e-06, 9.9426e-12],
        [9.7840e-01, 1.0792e-02, 5.3140e-06]])
2023-12-06 12:44:33,475 | INFO | hi-lo : END EPOCH:  13 | ACCURACY: 6.25 | LOSS: 4.140378475189209
2023-12-06 12:44:33,475 | INFO | hi-lo : BEGIN EPOCH 14 =========================================================================
2023-12-06 12:44:33,475 | INFO | hi-lo.kernel-accessor : Fetching kernel: gumbel
2023-12-06 12:44:33,476 | INFO | hi-lo.gumbel-kernel : MU (LOCATION): -0.014580447226762772 | BETA (SCALE): 0.5653359889984131
2023-12-06 12:44:33,476 | INFO | hi-lo.gumbel-kernel : BOTTOM-RIGHT
tensor([[0.0000e+00, 0.0000e+00, 1.5658e-17],
        [0.0000e+00, 1.5658e-17, 1.0153e-03],
        [1.5658e-17, 1.0153e-03, 9.9797e-01]])
2023-12-06 12:44:33,477 | INFO | hi-lo.kernel-accessor : Fetching kernel: gumbel
2023-12-06 12:44:33,477 | INFO | hi-lo.gumbel-kernel : MU (LOCATION): -0.6537188291549683 | BETA (SCALE): 0.9998348355293274
2023-12-06 12:44:33,477 | INFO | hi-lo.gumbel-kernel : BOTTOM-RIGHT
tensor([[0.0000e+00, 1.0785e-32, 7.3663e-12],
        [1.0785e-32, 7.3664e-12, 6.3847e-04],
        [7.3663e-12, 6.3847e-04, 9.9872e-01]])
2023-12-06 12:44:33,478 | INFO | hi-lo.kernel-accessor : Fetching kernel: gumbel
2023-12-06 12:44:33,478 | INFO | hi-lo.gumbel-kernel : MU (LOCATION): -1.2582051753997803 | BETA (SCALE): 1.8118056058883667
2023-12-06 12:44:33,479 | INFO | hi-lo.gumbel-kernel : BOTTOM-RIGHT
tensor([[8.2485e-16, 7.5045e-09, 9.6426e-05],
        [7.5045e-09, 9.6426e-05, 2.8307e-02],
        [9.6426e-05, 2.8307e-02, 9.4310e-01]])
2023-12-06 12:44:33,479 | INFO | hi-lo.kernel-accessor : Fetching kernel: gumbel
2023-12-06 12:44:33,479 | INFO | hi-lo.gumbel-kernel : MU (LOCATION): -1.2436351776123047 | BETA (SCALE): 1.351709246635437
2023-12-06 12:44:33,480 | INFO | hi-lo.gumbel-kernel : BOTTOM-LEFT
tensor([[1.2096e-10, 4.0276e-24, 0.0000e+00],
        [4.8111e-04, 1.2096e-10, 4.0276e-24],
        [9.9904e-01, 4.8111e-04, 1.2096e-10]])
2023-12-06 12:44:57,688 | INFO | hi-lo : END EPOCH:  14 | ACCURACY: 1.56 | LOSS: 4.004355430603027
2023-12-06 12:44:57,688 | INFO | hi-lo : BEGIN EPOCH 15 =========================================================================
2023-12-06 12:44:57,688 | INFO | hi-lo.kernel-accessor : Fetching kernel: gumbel
2023-12-06 12:44:57,689 | INFO | hi-lo.gumbel-kernel : MU (LOCATION): -0.1319228857755661 | BETA (SCALE): 0.49244511127471924
2023-12-06 12:44:57,690 | INFO | hi-lo.gumbel-kernel : BOTTOM-LEFT
tensor([[1.2612e-44, 0.0000e+00, 0.0000e+00],
        [1.6061e-06, 1.2612e-44, 0.0000e+00],
        [1.0000e+00, 1.6061e-06, 1.2612e-44]])
2023-12-06 12:44:57,690 | INFO | hi-lo.kernel-accessor : Fetching kernel: gumbel
2023-12-06 12:44:57,691 | INFO | hi-lo.gumbel-kernel : MU (LOCATION): -0.7045572996139526 | BETA (SCALE): 1.0893722772598267
2023-12-06 12:44:57,691 | INFO | hi-lo.gumbel-kernel : BOTTOM-RIGHT
tensor([[0.0000e+00, 3.3372e-25, 7.1794e-10],
        [3.3372e-25, 7.1795e-10, 1.6535e-03],
        [7.1794e-10, 1.6535e-03, 9.9669e-01]])
2023-12-06 12:44:57,691 | INFO | hi-lo.kernel-accessor : Fetching kernel: gumbel
2023-12-06 12:44:57,692 | INFO | hi-lo.gumbel-kernel : MU (LOCATION): -1.3696141242980957 | BETA (SCALE): 2.1818134784698486
2023-12-06 12:44:57,692 | INFO | hi-lo.gumbel-kernel : BOTTOM-LEFT
tensor([[1.7612e-03, 6.7670e-06, 1.3375e-09],
        [7.0202e-02, 1.7612e-03, 6.7670e-06],
        [8.5430e-01, 7.0202e-02, 1.7612e-03]])
2023-12-06 12:44:57,692 | INFO | hi-lo.kernel-accessor : Fetching kernel: gumbel
2023-12-06 12:44:57,692 | INFO | hi-lo.gumbel-kernel : MU (LOCATION): -1.3804987668991089 | BETA (SCALE): 1.3914916515350342
2023-12-06 12:44:57,693 | INFO | hi-lo.gumbel-kernel : BOTTOM-LEFT
tensor([[1.7305e-11, 8.7685e-26, 0.0000e+00],
        [2.3215e-04, 1.7305e-11, 8.7685e-26],
        [9.9954e-01, 2.3215e-04, 1.7305e-11]])
2023-12-06 12:45:21,978 | INFO | hi-lo : END EPOCH:  15 | ACCURACY: 3.12 | LOSS: 4.102939128875732
2023-12-06 12:45:21,979 | INFO | hi-lo : BEGIN EPOCH 16 =========================================================================
2023-12-06 12:45:21,979 | INFO | hi-lo.kernel-accessor : Fetching kernel: gumbel
2023-12-06 12:45:21,980 | INFO | hi-lo.gumbel-kernel : MU (LOCATION): -0.1684144139289856 | BETA (SCALE): 0.47808903455734253
2023-12-06 12:45:21,980 | INFO | hi-lo.gumbel-kernel : BOTTOM-LEFT
tensor([[0.0000e+00, 0.0000e+00, 0.0000e+00],
        [7.1691e-08, 0.0000e+00, 0.0000e+00],
        [1.0000e+00, 7.1691e-08, 0.0000e+00]])
2023-12-06 12:45:21,980 | INFO | hi-lo.kernel-accessor : Fetching kernel: gumbel
2023-12-06 12:45:21,981 | INFO | hi-lo.gumbel-kernel : MU (LOCATION): -0.6596471667289734 | BETA (SCALE): 0.9109109044075012
2023-12-06 12:45:21,981 | INFO | hi-lo.gumbel-kernel : BOTTOM-RIGHT
tensor([[0.0000e+00, 0.0000e+00, 1.9344e-16],
        [0.0000e+00, 1.9344e-16, 6.7759e-05],
        [1.9344e-16, 6.7759e-05, 9.9986e-01]])
2023-12-06 12:45:21,981 | INFO | hi-lo.kernel-accessor : Fetching kernel: gumbel
2023-12-06 12:45:21,982 | INFO | hi-lo.gumbel-kernel : MU (LOCATION): -1.1293011903762817 | BETA (SCALE): 1.6868462562561035
2023-12-06 12:45:21,982 | INFO | hi-lo.gumbel-kernel : BOTTOM-RIGHT
tensor([[7.2234e-18, 1.1303e-09, 4.9883e-05],
        [1.1303e-09, 4.9883e-05, 2.4019e-02],
        [4.9883e-05, 2.4019e-02, 9.5181e-01]])
2023-12-06 12:45:21,982 | INFO | hi-lo.kernel-accessor : Fetching kernel: gumbel
2023-12-06 12:45:21,983 | INFO | hi-lo.gumbel-kernel : MU (LOCATION): -1.5080621242523193 | BETA (SCALE): 1.5854369401931763
2023-12-06 12:45:21,983 | INFO | hi-lo.gumbel-kernel : BOTTOM-RIGHT
tensor([[3.4003e-35, 6.0022e-18, 1.2166e-08],
        [6.0022e-18, 1.2166e-08, 1.4668e-03],
        [1.2166e-08, 1.4668e-03, 9.9707e-01]])
2023-12-06 12:45:46,158 | INFO | hi-lo : END EPOCH:  16 | ACCURACY: 2.5 | LOSS: 4.542305946350098
2023-12-06 12:45:46,158 | INFO | hi-lo : BEGIN EPOCH 17 =========================================================================
2023-12-06 12:45:46,158 | INFO | hi-lo.kernel-accessor : Fetching kernel: gumbel
2023-12-06 12:45:46,159 | INFO | hi-lo.gumbel-kernel : MU (LOCATION): -0.12084975093603134 | BETA (SCALE): 0.5160163640975952
2023-12-06 12:45:46,160 | INFO | hi-lo.gumbel-kernel : BOTTOM-LEFT
tensor([[3.5911e-35, 0.0000e+00, 0.0000e+00],
        [1.0826e-05, 3.5912e-35, 0.0000e+00],
        [9.9998e-01, 1.0826e-05, 3.5911e-35]])
2023-12-06 12:45:46,160 | INFO | hi-lo.kernel-accessor : Fetching kernel: gumbel
2023-12-06 12:45:46,160 | INFO | hi-lo.gumbel-kernel : MU (LOCATION): -0.6508748531341553 | BETA (SCALE): 0.9950621128082275
2023-12-06 12:45:46,161 | INFO | hi-lo.gumbel-kernel : BOTTOM-LEFT
tensor([[5.5325e-12, 3.4796e-33, 0.0000e+00],
        [6.0332e-04, 5.5325e-12, 3.4796e-33],
        [9.9879e-01, 6.0332e-04, 5.5325e-12]])
2023-12-06 12:45:46,161 | INFO | hi-lo.kernel-accessor : Fetching kernel: gumbel
2023-12-06 12:45:46,161 | INFO | hi-lo.gumbel-kernel : MU (LOCATION): -1.2562026977539062 | BETA (SCALE): 1.7387030124664307
2023-12-06 12:45:46,162 | INFO | hi-lo.gumbel-kernel : BOTTOM-LEFT
tensor([[3.2007e-05, 5.3874e-10, 2.7579e-18],
        [1.9970e-02, 3.2007e-05, 5.3874e-10],
        [9.5996e-01, 1.9970e-02, 3.2007e-05]])
2023-12-06 12:45:46,162 | INFO | hi-lo.kernel-accessor : Fetching kernel: gumbel
2023-12-06 12:45:46,162 | INFO | hi-lo.gumbel-kernel : MU (LOCATION): -1.0438306331634521 | BETA (SCALE): 1.2305622100830078
2023-12-06 12:45:46,163 | INFO | hi-lo.gumbel-kernel : BOTTOM-LEFT
tensor([[4.2519e-11, 1.5370e-26, 0.0000e+00],
        [4.7455e-04, 4.2519e-11, 1.5370e-26],
        [9.9905e-01, 4.7455e-04, 4.2519e-11]])
2023-12-06 12:46:10,369 | INFO | hi-lo : END EPOCH:  17 | ACCURACY: 0.29 | LOSS: 4.3678178787231445
2023-12-06 12:46:10,369 | INFO | hi-lo : BEGIN EPOCH 18 =========================================================================
2023-12-06 12:46:10,369 | INFO | hi-lo.kernel-accessor : Fetching kernel: gumbel
2023-12-06 12:46:10,370 | INFO | hi-lo.gumbel-kernel : MU (LOCATION): -0.12351280450820923 | BETA (SCALE): 0.4801252782344818
2023-12-06 12:46:10,371 | INFO | hi-lo.gumbel-kernel : BOTTOM-RIGHT
tensor([[0.0000e+00, 0.0000e+00, 0.0000e+00],
        [0.0000e+00, 0.0000e+00, 9.7843e-07],
        [0.0000e+00, 9.7843e-07, 1.0000e+00]])
2023-12-06 12:46:10,371 | INFO | hi-lo.kernel-accessor : Fetching kernel: gumbel
2023-12-06 12:46:10,371 | INFO | hi-lo.gumbel-kernel : MU (LOCATION): -0.5408027768135071 | BETA (SCALE): 1.0488911867141724
2023-12-06 12:46:10,372 | INFO | hi-lo.gumbel-kernel : BOTTOM-RIGHT
tensor([[0.0000e+00, 5.0291e-22, 1.5406e-08],
        [5.0291e-22, 1.5406e-08, 4.3668e-03],
        [1.5406e-08, 4.3668e-03, 9.9127e-01]])
2023-12-06 12:46:10,372 | INFO | hi-lo.kernel-accessor : Fetching kernel: gumbel
2023-12-06 12:46:10,373 | INFO | hi-lo.gumbel-kernel : MU (LOCATION): -1.7597312927246094 | BETA (SCALE): 2.6526873111724854
2023-12-06 12:46:10,373 | INFO | hi-lo.gumbel-kernel : BOTTOM-RIGHT
tensor([[3.0632e-07, 9.3758e-05, 5.3523e-03],
        [9.3758e-05, 5.3523e-03, 9.6566e-02],
        [5.3523e-03, 9.6566e-02, 7.9062e-01]])
2023-12-06 12:46:10,373 | INFO | hi-lo.kernel-accessor : Fetching kernel: gumbel
2023-12-06 12:46:10,374 | INFO | hi-lo.gumbel-kernel : MU (LOCATION): -1.185651421546936 | BETA (SCALE): 1.4098464250564575
2023-12-06 12:46:10,374 | INFO | hi-lo.gumbel-kernel : BOTTOM-LEFT
tensor([[1.1784e-08, 6.3588e-19, 1.7840e-39],
        [1.9032e-03, 1.1784e-08, 6.3588e-19],
        [9.9619e-01, 1.9032e-03, 1.1784e-08]])
2023-12-06 12:46:34,672 | INFO | hi-lo : END EPOCH:  18 | ACCURACY: 0.2 | LOSS: 4.491206169128418
2023-12-06 12:46:34,672 | INFO | hi-lo : BEGIN EPOCH 19 =========================================================================
2023-12-06 12:46:34,672 | INFO | hi-lo.kernel-accessor : Fetching kernel: gumbel
2023-12-06 12:46:34,673 | INFO | hi-lo.gumbel-kernel : MU (LOCATION): -0.17578554153442383 | BETA (SCALE): 0.49354422092437744
2023-12-06 12:46:34,674 | INFO | hi-lo.gumbel-kernel : BOTTOM-LEFT
tensor([[0.0000e+00, 0.0000e+00, 0.0000e+00],
        [1.9482e-07, 0.0000e+00, 0.0000e+00],
        [1.0000e+00, 1.9482e-07, 0.0000e+00]])
2023-12-06 12:46:34,674 | INFO | hi-lo.kernel-accessor : Fetching kernel: gumbel
2023-12-06 12:46:34,674 | INFO | hi-lo.gumbel-kernel : MU (LOCATION): -0.5480012893676758 | BETA (SCALE): 0.849388837814331
2023-12-06 12:46:34,674 | INFO | hi-lo.gumbel-kernel : BOTTOM-LEFT
tensor([[8.5103e-17, 0.0000e+00, 0.0000e+00],
        [8.7991e-05, 8.5103e-17, 0.0000e+00],
        [9.9982e-01, 8.7991e-05, 8.5103e-17]])
2023-12-06 12:46:34,675 | INFO | hi-lo.kernel-accessor : Fetching kernel: gumbel
2023-12-06 12:46:34,675 | INFO | hi-lo.gumbel-kernel : MU (LOCATION): -0.96394282579422 | BETA (SCALE): 1.5562934875488281
2023-12-06 12:46:34,675 | INFO | hi-lo.gumbel-kernel : BOTTOM-LEFT
tensor([[3.1787e-05, 2.1840e-10, 5.9458e-20],
        [2.2387e-02, 3.1787e-05, 2.1840e-10],
        [9.5513e-01, 2.2387e-02, 3.1787e-05]])
2023-12-06 12:46:34,675 | INFO | hi-lo.kernel-accessor : Fetching kernel: gumbel
2023-12-06 12:46:34,676 | INFO | hi-lo.gumbel-kernel : MU (LOCATION): -1.0108002424240112 | BETA (SCALE): 1.2165826559066772
2023-12-06 12:46:34,676 | INFO | hi-lo.gumbel-kernel : BOTTOM-RIGHT
tensor([[0.0000e+00, 1.8925e-26, 5.3943e-11],
        [1.8925e-26, 5.3943e-11, 5.3138e-04],
        [5.3943e-11, 5.3138e-04, 9.9894e-01]])
2023-12-06 12:46:58,899 | INFO | hi-lo : END EPOCH:  19 | ACCURACY: 0 | LOSS: 4.654751777648926
2023-12-06 12:46:58,899 | INFO | hi-lo : BEGIN EPOCH 20 =========================================================================
2023-12-06 12:46:58,899 | INFO | hi-lo.kernel-accessor : Fetching kernel: gumbel
2023-12-06 12:46:58,900 | INFO | hi-lo.gumbel-kernel : MU (LOCATION): -0.2754996120929718 | BETA (SCALE): 0.4513258635997772
2023-12-06 12:46:58,901 | INFO | hi-lo.gumbel-kernel : BOTTOM-LEFT
tensor([[0.0000e+00, 0.0000e+00, 0.0000e+00],
        [1.0292e-13, 0.0000e+00, 0.0000e+00],
        [1.0000e+00, 1.0292e-13, 0.0000e+00]])
2023-12-06 12:46:58,901 | INFO | hi-lo.kernel-accessor : Fetching kernel: gumbel
2023-12-06 12:46:58,901 | INFO | hi-lo.gumbel-kernel : MU (LOCATION): -0.650100588798523 | BETA (SCALE): 0.944558322429657
2023-12-06 12:46:58,901 | INFO | hi-lo.gumbel-kernel : BOTTOM-LEFT
tensor([[3.2063e-14, 1.3761e-41, 0.0000e+00],
        [2.0018e-04, 3.2063e-14, 1.3761e-41],
        [9.9960e-01, 2.0018e-04, 3.2063e-14]])
2023-12-06 12:46:58,902 | INFO | hi-lo.kernel-accessor : Fetching kernel: gumbel
2023-12-06 12:46:58,902 | INFO | hi-lo.gumbel-kernel : MU (LOCATION): -1.1062175035476685 | BETA (SCALE): 1.7024636268615723
2023-12-06 12:46:58,902 | INFO | hi-lo.gumbel-kernel : BOTTOM-LEFT
tensor([[7.9597e-05, 3.3437e-09, 7.1331e-17],
        [2.7969e-02, 7.9597e-05, 3.3437e-09],
        [9.4382e-01, 2.7969e-02, 7.9597e-05]])
2023-12-06 12:46:58,903 | INFO | hi-lo.kernel-accessor : Fetching kernel: gumbel
2023-12-06 12:46:58,903 | INFO | hi-lo.gumbel-kernel : MU (LOCATION): -1.41835618019104 | BETA (SCALE): 1.5272634029388428
2023-12-06 12:46:58,903 | INFO | hi-lo.gumbel-kernel : BOTTOM-RIGHT
tensor([[2.8838e-37, 1.2281e-18, 8.0347e-09],
        [1.2281e-18, 8.0347e-09, 1.3851e-03],
        [8.0347e-09, 1.3851e-03, 9.9723e-01]])
2023-12-06 12:47:23,044 | INFO | hi-lo : END EPOCH:  20 | ACCURACY: 1.76 | LOSS: 4.604903221130371
2023-12-06 12:47:23,044 | INFO | hi-lo : BEGIN EPOCH 21 =========================================================================
2023-12-06 12:47:23,044 | INFO | hi-lo.kernel-accessor : Fetching kernel: gumbel
2023-12-06 12:47:23,045 | INFO | hi-lo.gumbel-kernel : MU (LOCATION): -0.21587614715099335 | BETA (SCALE): 0.49000948667526245
2023-12-06 12:47:23,046 | INFO | hi-lo.gumbel-kernel : BOTTOM-LEFT
