2023-12-28 22:36:09,289 | INFO | hilo : 
+==============================================================+
|                                                              |
| ██████╗  █████╗ ██████╗ ██╗         ██╗      █████╗ ██████╗  |
| ██╔══██╗██╔══██╗██╔══██╗██║         ██║     ██╔══██╗██╔══██╗ |
| ██║  ██║███████║██║  ██║██║         ██║     ███████║██████╔╝ |
| ██║  ██║██╔══██║██║  ██║██║         ██║     ██╔══██║██╔══██╗ |
| ██████╔╝██║  ██║██████╔╝███████╗    ███████╗██║  ██║██████╔╝ |
| ╚═════╝ ╚═╝  ╚═╝╚═════╝ ╚══════╝    ╚══════╝╚═╝  ╚═╝╚═════╝  |
+==============================================================+
|             Hi-Lo Resolution Image Classification            |
|             -------------------------------------            |
|                       Gabriel C. Trahan                      |
|                          Sahan Ahmad                         |
|                       MD  Aminual Islam                      |
+==============================================================+
2023-12-28 22:36:10,872 | INFO | hilo.dataset-accessor : Fetching dataset: cifar10
2023-12-28 22:36:10,872 | INFO | hilo.cifar10-dataset : Initializing transform
2023-12-28 22:36:10,872 | INFO | hilo.cifar10-dataset : Verifying/downloading train data
2023-12-28 22:36:11,482 | INFO | hilo.cifar10-dataset : Verifying/downloading test data
2023-12-28 22:36:11,969 | INFO | hilo.cifar10-dataset : Creating train data loader.
2023-12-28 22:36:11,969 | INFO | hilo.cifar10-dataset : Creating test data loader.
2023-12-28 22:36:11,995 | INFO | hilo : Output directory: output/normal/cifar10/gaussian/12/20231228_223610/
2023-12-28 22:36:12,018 | INFO | hilo : Using device: NVIDIA GeForce GTX 1060 6GB
2023-12-28 22:36:12,963 | INFO | hilo : Exeucting job: MODEL normal | DATASET cifar10 | KERNEL gaussian | TYPE 12
2023-12-28 22:36:12,963 | INFO | hilo : Commencing training phase...
2023-12-28 22:36:12,963 | INFO | hilo.kernel-accessor : Fetching kernel: gaussian
2023-12-28 22:36:12,964 | INFO | hilo.gaussian-kernel : Calculating Gaussian distribution (location: 0, scale 1.0)
2023-12-28 22:36:12,965 | INFO | hilo.gaussian-kernel : BOTTOM-LEFT:
tensor([[0.0446, 0.0271, 0.0060],
        [0.1999, 0.1212, 0.0271],
        [0.3296, 0.1999, 0.0446]])
2023-12-28 22:36:12,965 | INFO | hilo.kernel-accessor : Fetching kernel: gaussian
2023-12-28 22:36:12,965 | INFO | hilo.gaussian-kernel : Calculating Gaussian distribution (location: 0, scale 1.0)
2023-12-28 22:36:12,965 | INFO | hilo.gaussian-kernel : BOTTOM-RIGHT:
tensor([[0.0060, 0.0271, 0.0446],
        [0.0271, 0.1212, 0.1999],
        [0.0446, 0.1999, 0.3296]])
2023-12-28 22:36:12,965 | INFO | hilo.kernel-accessor : Fetching kernel: gaussian
2023-12-28 22:36:12,965 | INFO | hilo.gaussian-kernel : Calculating Gaussian distribution (location: 0, scale 1.0)
2023-12-28 22:36:12,966 | INFO | hilo.gaussian-kernel : STATIC:
tensor([[0.3296, 0.1999, 0.0446],
        [0.1999, 0.1212, 0.0271],
        [0.0446, 0.0271, 0.0060]])
2023-12-28 22:36:12,966 | INFO | hilo.kernel-accessor : Fetching kernel: gaussian
2023-12-28 22:36:12,966 | INFO | hilo.gaussian-kernel : Calculating Gaussian distribution (location: 0, scale 1.0)
2023-12-28 22:36:12,966 | INFO | hilo.gaussian-kernel : BOTTOM-RIGHT:
tensor([[0.0060, 0.0271, 0.0446],
        [0.0271, 0.1212, 0.1999],
        [0.0446, 0.1999, 0.3296]])
2023-12-28 22:36:22,060 | INFO | hilo : Epoch   1/200 | Accuracy:  56.2500 | Loss:   1.6132
2023-12-28 22:36:22,061 | INFO | hilo.kernel-accessor : Fetching kernel: gaussian
2023-12-28 22:36:22,061 | INFO | hilo.gaussian-kernel : Calculating Gaussian distribution (location: -0.04208185523748398, scale 0.547141432762146)
2023-12-28 22:36:22,062 | INFO | hilo.gaussian-kernel : BOTTOM-RIGHT:
tensor([[6.6167e-07, 1.1423e-04, 6.9854e-04],
        [1.1423e-04, 1.9720e-02, 1.2059e-01],
        [6.9854e-04, 1.2059e-01, 7.3746e-01]])
2023-12-28 22:36:22,062 | INFO | hilo.kernel-accessor : Fetching kernel: gaussian
2023-12-28 22:36:22,062 | INFO | hilo.gaussian-kernel : Calculating Gaussian distribution (location: -0.4207678437232971, scale 0.8585081100463867)
2023-12-28 22:36:22,063 | INFO | hilo.gaussian-kernel : BOTTOM-LEFT:
tensor([[1.2374e-02, 3.5477e-03, 2.6191e-04],
        [1.6761e-01, 4.8057e-02, 3.5477e-03],
        [5.8461e-01, 1.6761e-01, 1.2374e-02]])
2023-12-28 22:36:22,063 | INFO | hilo.kernel-accessor : Fetching kernel: gaussian
2023-12-28 22:36:22,063 | INFO | hilo.gaussian-kernel : Calculating Gaussian distribution (location: -0.8511942625045776, scale 1.172173023223877)
2023-12-28 22:36:22,064 | INFO | hilo.gaussian-kernel : STATIC:
tensor([[0.4812, 0.1800, 0.0325],
        [0.1800, 0.0673, 0.0122],
        [0.0325, 0.0122, 0.0022]])
2023-12-28 22:36:22,064 | INFO | hilo.kernel-accessor : Fetching kernel: gaussian
2023-12-28 22:36:22,064 | INFO | hilo.gaussian-kernel : Calculating Gaussian distribution (location: -0.5228389501571655, scale 0.8710559606552124)
2023-12-28 22:36:22,065 | INFO | hilo.gaussian-kernel : BOTTOM-LEFT:
tensor([[1.1060e-02, 2.8727e-03, 1.9973e-04],
        [1.5908e-01, 4.1319e-02, 2.8727e-03],
        [6.1246e-01, 1.5908e-01, 1.1060e-02]])
2023-12-28 22:36:30,201 | INFO | hilo : Epoch   2/200 | Accuracy:  56.7708 | Loss:   1.5295
2023-12-28 22:36:30,202 | INFO | hilo.kernel-accessor : Fetching kernel: gaussian
2023-12-28 22:36:30,202 | INFO | hilo.gaussian-kernel : Calculating Gaussian distribution (location: -0.06656309217214584, scale 0.46718156337738037)
2023-12-28 22:36:30,203 | INFO | hilo.gaussian-kernel : BOTTOM-LEFT:
tensor([[4.9311e-05, 3.6778e-06, 2.8081e-09],
        [6.4583e-02, 4.8168e-03, 3.6778e-06],
        [8.6591e-01, 6.4583e-02, 4.9311e-05]])
2023-12-28 22:36:30,203 | INFO | hilo.kernel-accessor : Fetching kernel: gaussian
2023-12-28 22:36:30,203 | INFO | hilo.gaussian-kernel : Calculating Gaussian distribution (location: -0.5362939238548279, scale 0.8147938251495361)
2023-12-28 22:36:30,204 | INFO | hilo.gaussian-kernel : BOTTOM-LEFT:
tensor([[6.5690e-03, 1.3791e-03, 6.4197e-05],
        [1.4112e-01, 2.9626e-02, 1.3791e-03],
        [6.7218e-01, 1.4112e-01, 6.5690e-03]])
2023-12-28 22:36:30,204 | INFO | hilo.kernel-accessor : Fetching kernel: gaussian
2023-12-28 22:36:30,205 | INFO | hilo.gaussian-kernel : Calculating Gaussian distribution (location: -1.2011133432388306, scale 1.707216501235962)
2023-12-28 22:36:30,205 | INFO | hilo.gaussian-kernel : BOTTOM-LEFT:
tensor([[0.0698, 0.0389, 0.0154],
        [0.1763, 0.0984, 0.0389],
        [0.3161, 0.1763, 0.0698]])
2023-12-28 22:36:30,205 | INFO | hilo.kernel-accessor : Fetching kernel: gaussian
2023-12-28 22:36:30,206 | INFO | hilo.gaussian-kernel : Calculating Gaussian distribution (location: -0.5654058456420898, scale 0.9069747924804688)
2023-12-28 22:36:30,206 | INFO | hilo.gaussian-kernel : STATIC:
tensor([[5.9529e-01, 1.6302e-01, 1.3238e-02],
        [1.6302e-01, 4.4644e-02, 3.6252e-03],
        [1.3238e-02, 3.6252e-03, 2.9437e-04]])
2023-12-28 22:36:38,464 | INFO | hilo : Epoch   3/200 | Accuracy:  52.2727 | Loss:   1.2996
2023-12-28 22:36:38,464 | INFO | hilo.kernel-accessor : Fetching kernel: gaussian
2023-12-28 22:36:38,465 | INFO | hilo.gaussian-kernel : Calculating Gaussian distribution (location: -0.08455753326416016, scale 0.48940983414649963)
2023-12-28 22:36:38,466 | INFO | hilo.gaussian-kernel : STATIC:
tensor([[8.4597e-01, 7.3697e-02, 9.8714e-05],
        [7.3697e-02, 6.4202e-03, 8.5995e-06],
        [9.8714e-05, 8.5995e-06, 1.1519e-08]])
2023-12-28 22:36:38,466 | INFO | hilo.kernel-accessor : Fetching kernel: gaussian
2023-12-28 22:36:38,466 | INFO | hilo.gaussian-kernel : Calculating Gaussian distribution (location: -0.5499069094657898, scale 0.8776354789733887)
2023-12-28 22:36:38,467 | INFO | hilo.gaussian-kernel : STATIC:
tensor([[6.1636e-01, 1.5771e-01, 1.1016e-02],
        [1.5771e-01, 4.0353e-02, 2.8188e-03],
        [1.1016e-02, 2.8188e-03, 1.9690e-04]])
2023-12-28 22:36:38,467 | INFO | hilo.kernel-accessor : Fetching kernel: gaussian
2023-12-28 22:36:38,467 | INFO | hilo.gaussian-kernel : Calculating Gaussian distribution (location: -1.5350844860076904, scale 2.256737232208252)
2023-12-28 22:36:38,468 | INFO | hilo.gaussian-kernel : BOTTOM-LEFT:
tensor([[0.0888, 0.0595, 0.0328],
        [0.1611, 0.1080, 0.0595],
        [0.2403, 0.1611, 0.0888]])
2023-12-28 22:36:38,468 | INFO | hilo.kernel-accessor : Fetching kernel: gaussian
2023-12-28 22:36:38,468 | INFO | hilo.gaussian-kernel : Calculating Gaussian distribution (location: -0.739113450050354, scale 1.2679520845413208)
2023-12-28 22:36:38,469 | INFO | hilo.gaussian-kernel : BOTTOM-RIGHT:
tensor([[0.0053, 0.0214, 0.0462],
        [0.0214, 0.0860, 0.1859],
        [0.0462, 0.1859, 0.4018]])
2023-12-28 22:36:46,637 | INFO | hilo : Epoch   4/200 | Accuracy:  62.5000 | Loss:   1.1354
2023-12-28 22:36:46,638 | INFO | hilo.kernel-accessor : Fetching kernel: gaussian
2023-12-28 22:36:46,638 | INFO | hilo.gaussian-kernel : Calculating Gaussian distribution (location: -0.1185142993927002, scale 0.47231191396713257)
2023-12-28 22:36:46,639 | INFO | hilo.gaussian-kernel : BOTTOM-LEFT:
tensor([[3.9103e-05, 2.4438e-06, 1.7263e-09],
        [5.5357e-02, 3.4597e-03, 2.4438e-06],
        [8.8574e-01, 5.5357e-02, 3.9103e-05]])
2023-12-28 22:36:46,639 | INFO | hilo.kernel-accessor : Fetching kernel: gaussian
2023-12-28 22:36:46,640 | INFO | hilo.gaussian-kernel : Calculating Gaussian distribution (location: -0.6031272411346436, scale 0.8381941318511963)
2023-12-28 22:36:46,640 | INFO | hilo.gaussian-kernel : BOTTOM-LEFT:
tensor([[7.0216e-03, 1.4606e-03, 7.3196e-05],
        [1.4012e-01, 2.9147e-02, 1.4606e-03],
        [6.7358e-01, 1.4012e-01, 7.0216e-03]])
2023-12-28 22:36:46,640 | INFO | hilo.kernel-accessor : Fetching kernel: gaussian
2023-12-28 22:36:46,641 | INFO | hilo.gaussian-kernel : Calculating Gaussian distribution (location: -1.3758667707443237, scale 2.2457938194274902)
2023-12-28 22:36:46,641 | INFO | hilo.gaussian-kernel : STATIC:
tensor([[0.2313, 0.1595, 0.0902],
        [0.1595, 0.1099, 0.0622],
        [0.0902, 0.0622, 0.0351]])
2023-12-28 22:36:46,641 | INFO | hilo.kernel-accessor : Fetching kernel: gaussian
2023-12-28 22:36:46,642 | INFO | hilo.gaussian-kernel : Calculating Gaussian distribution (location: -1.045892357826233, scale 1.765885829925537)
2023-12-28 22:36:46,642 | INFO | hilo.gaussian-kernel : BOTTOM-LEFT:
tensor([[0.0763, 0.0465, 0.0205],
        [0.1726, 0.1052, 0.0465],
        [0.2834, 0.1726, 0.0763]])
2023-12-28 22:36:54,924 | INFO | hilo : Epoch   5/200 | Accuracy:  57.8390 | Loss:   1.0908
2023-12-28 22:36:54,924 | INFO | hilo.kernel-accessor : Fetching kernel: gaussian
2023-12-28 22:36:54,925 | INFO | hilo.gaussian-kernel : Calculating Gaussian distribution (location: -0.0424654558300972, scale 0.5390607118606567)
2023-12-28 22:36:54,926 | INFO | hilo.gaussian-kernel : BOTTOM-LEFT:
tensor([[5.7349e-04, 8.8672e-05, 4.3904e-07],
        [1.1583e-01, 1.7909e-02, 8.8672e-05],
        [7.4911e-01, 1.1583e-01, 5.7349e-04]])
2023-12-28 22:36:54,926 | INFO | hilo.kernel-accessor : Fetching kernel: gaussian
2023-12-28 22:36:54,926 | INFO | hilo.gaussian-kernel : Calculating Gaussian distribution (location: -0.5688225030899048, scale 0.9215733408927917)
2023-12-28 22:36:54,927 | INFO | hilo.gaussian-kernel : BOTTOM-RIGHT:
tensor([[3.6078e-04, 4.1224e-03, 1.4511e-02],
        [4.1224e-03, 4.7104e-02, 1.6581e-01],
        [1.4511e-02, 1.6581e-01, 5.8365e-01]])
2023-12-28 22:36:54,927 | INFO | hilo.kernel-accessor : Fetching kernel: gaussian
2023-12-28 22:36:54,927 | INFO | hilo.gaussian-kernel : Calculating Gaussian distribution (location: -1.694404125213623, scale 2.9107980728149414)
2023-12-28 22:36:54,928 | INFO | hilo.gaussian-kernel : BOTTOM-LEFT:
tensor([[0.1000, 0.0772, 0.0529],
        [0.1457, 0.1125, 0.0772],
        [0.1888, 0.1457, 0.1000]])
2023-12-28 22:36:54,928 | INFO | hilo.kernel-accessor : Fetching kernel: gaussian
2023-12-28 22:36:54,928 | INFO | hilo.gaussian-kernel : Calculating Gaussian distribution (location: -1.223732352256775, scale 2.1574866771698)
2023-12-28 22:36:54,929 | INFO | hilo.gaussian-kernel : BOTTOM-LEFT:
tensor([[0.0893, 0.0617, 0.0344],
        [0.1604, 0.1107, 0.0617],
        [0.2322, 0.1604, 0.0893]])
2023-12-28 22:37:03,216 | INFO | hilo : Epoch   6/200 | Accuracy:  62.5000 | Loss:   1.0259
2023-12-28 22:37:03,217 | INFO | hilo.kernel-accessor : Fetching kernel: gaussian
2023-12-28 22:37:03,217 | INFO | hilo.gaussian-kernel : Calculating Gaussian distribution (location: -0.13480280339717865, scale 0.46370479464530945)
2023-12-28 22:37:03,218 | INFO | hilo.gaussian-kernel : BOTTOM-LEFT:
tensor([[2.3534e-05, 1.2290e-06, 6.1322e-10],
        [4.7164e-02, 2.4630e-03, 1.2290e-06],
        [9.0316e-01, 4.7164e-02, 2.3534e-05]])
2023-12-28 22:37:03,218 | INFO | hilo.kernel-accessor : Fetching kernel: gaussian
2023-12-28 22:37:03,219 | INFO | hilo.gaussian-kernel : Calculating Gaussian distribution (location: -0.6374241709709167, scale 0.9329119920730591)
2023-12-28 22:37:03,219 | INFO | hilo.gaussian-kernel : BOTTOM-RIGHT:
tensor([[3.2203e-04, 3.7539e-03, 1.3869e-02],
        [3.7539e-03, 4.3758e-02, 1.6167e-01],
        [1.3869e-02, 1.6167e-01, 5.9733e-01]])
2023-12-28 22:37:03,219 | INFO | hilo.kernel-accessor : Fetching kernel: gaussian
2023-12-28 22:37:03,220 | INFO | hilo.gaussian-kernel : Calculating Gaussian distribution (location: -1.3744182586669922, scale 2.4246459007263184)
2023-12-28 22:37:03,220 | INFO | hilo.gaussian-kernel : BOTTOM-LEFT:
tensor([[0.0944, 0.0687, 0.0421],
        [0.1540, 0.1119, 0.0687],
        [0.2118, 0.1540, 0.0944]])
2023-12-28 22:37:03,220 | INFO | hilo.kernel-accessor : Fetching kernel: gaussian
2023-12-28 22:37:03,221 | INFO | hilo.gaussian-kernel : Calculating Gaussian distribution (location: -1.0189763307571411, scale 1.9536463022232056)
2023-12-28 22:37:03,221 | INFO | hilo.gaussian-kernel : BOTTOM-LEFT:
tensor([[0.0852, 0.0572, 0.0296],
        [0.1648, 0.1107, 0.0572],
        [0.2454, 0.1648, 0.0852]])
2023-12-28 22:37:11,518 | INFO | hilo : Epoch   7/200 | Accuracy:  67.1875 | Loss:   1.3916
2023-12-28 22:37:11,518 | INFO | hilo.kernel-accessor : Fetching kernel: gaussian
2023-12-28 22:37:11,518 | INFO | hilo.gaussian-kernel : Calculating Gaussian distribution (location: -0.055142730474472046, scale 0.47970086336135864)
2023-12-28 22:37:11,519 | INFO | hilo.gaussian-kernel : BOTTOM-RIGHT:
tensor([[9.1172e-09, 7.8505e-06, 8.7624e-05],
        [7.8505e-06, 6.7598e-03, 7.5450e-02],
        [8.7624e-05, 7.5450e-02, 8.4215e-01]])
2023-12-28 22:37:11,519 | INFO | hilo.kernel-accessor : Fetching kernel: gaussian
2023-12-28 22:37:11,520 | INFO | hilo.gaussian-kernel : Calculating Gaussian distribution (location: -0.611311674118042, scale 0.9708248972892761)
2023-12-28 22:37:11,520 | INFO | hilo.gaussian-kernel : STATIC:
tensor([[0.5567, 0.1712, 0.0182],
        [0.1712, 0.0527, 0.0056],
        [0.0182, 0.0056, 0.0006]])
2023-12-28 22:37:11,521 | INFO | hilo.kernel-accessor : Fetching kernel: gaussian
2023-12-28 22:37:11,521 | INFO | hilo.gaussian-kernel : Calculating Gaussian distribution (location: -1.8440208435058594, scale 3.048548698425293)
2023-12-28 22:37:11,522 | INFO | hilo.gaussian-kernel : BOTTOM-LEFT:
tensor([[0.1008, 0.0783, 0.0547],
        [0.1445, 0.1123, 0.0783],
        [0.1859, 0.1445, 0.1008]])
2023-12-28 22:37:11,522 | INFO | hilo.kernel-accessor : Fetching kernel: gaussian
2023-12-28 22:37:11,522 | INFO | hilo.gaussian-kernel : Calculating Gaussian distribution (location: -1.3092637062072754, scale 2.464144706726074)
2023-12-28 22:37:11,523 | INFO | hilo.gaussian-kernel : STATIC:
tensor([[0.2048, 0.1520, 0.0957],
        [0.1520, 0.1129, 0.0711],
        [0.0957, 0.0711, 0.0447]])
2023-12-28 22:37:19,773 | INFO | hilo : Epoch   8/200 | Accuracy:  66.5625 | Loss:   1.2551
2023-12-28 22:37:19,773 | INFO | hilo.kernel-accessor : Fetching kernel: gaussian
2023-12-28 22:37:19,774 | INFO | hilo.gaussian-kernel : Calculating Gaussian distribution (location: 0.05177267640829086, scale 0.4867572486400604)
2023-12-28 22:37:19,774 | INFO | hilo.gaussian-kernel : BOTTOM-RIGHT:
tensor([[8.4216e-08, 3.8017e-05, 2.5210e-04],
        [3.8017e-05, 1.7162e-02, 1.1380e-01],
        [2.5210e-04, 1.1380e-01, 7.5465e-01]])
2023-12-28 22:37:19,775 | INFO | hilo.kernel-accessor : Fetching kernel: gaussian
2023-12-28 22:37:19,775 | INFO | hilo.gaussian-kernel : Calculating Gaussian distribution (location: -0.5055491924285889, scale 1.000972032546997)
2023-12-28 22:37:19,776 | INFO | hilo.gaussian-kernel : BOTTOM-LEFT:
tensor([[0.0247, 0.0091, 0.0012],
        [0.1828, 0.0670, 0.0091],
        [0.4987, 0.1828, 0.0247]])
2023-12-28 22:37:19,776 | INFO | hilo.kernel-accessor : Fetching kernel: gaussian
2023-12-28 22:37:19,776 | INFO | hilo.gaussian-kernel : Calculating Gaussian distribution (location: -2.107876777648926, scale 3.3144986629486084)
2023-12-28 22:37:19,777 | INFO | hilo.gaussian-kernel : BOTTOM-RIGHT:
tensor([[0.0581, 0.0807, 0.1023],
        [0.0807, 0.1120, 0.1420],
        [0.1023, 0.1420, 0.1801]])
2023-12-28 22:37:19,777 | INFO | hilo.kernel-accessor : Fetching kernel: gaussian
2023-12-28 22:37:19,777 | INFO | hilo.gaussian-kernel : Calculating Gaussian distribution (location: -0.7855347394943237, scale 1.8838555812835693)
2023-12-28 22:37:19,778 | INFO | hilo.gaussian-kernel : STATIC:
tensor([[0.2353, 0.1638, 0.0860],
        [0.1638, 0.1140, 0.0599],
        [0.0860, 0.0599, 0.0314]])
2023-12-28 22:37:28,238 | INFO | hilo : Epoch   9/200 | Accuracy:  63.7153 | Loss:   0.9467
2023-12-28 22:37:28,238 | INFO | hilo.kernel-accessor : Fetching kernel: gaussian
2023-12-28 22:37:28,238 | INFO | hilo.gaussian-kernel : Calculating Gaussian distribution (location: -0.051762741059064865, scale 0.5059729814529419)
2023-12-28 22:37:28,239 | INFO | hilo.gaussian-kernel : STATIC:
tensor([[8.0271e-01, 9.3014e-02, 2.1683e-04],
        [9.3014e-02, 1.0778e-02, 2.5125e-05],
        [2.1683e-04, 2.5125e-05, 5.8573e-08]])
2023-12-28 22:37:28,239 | INFO | hilo.kernel-accessor : Fetching kernel: gaussian
2023-12-28 22:37:28,240 | INFO | hilo.gaussian-kernel : Calculating Gaussian distribution (location: -0.6131783723831177, scale 0.9770922660827637)
2023-12-28 22:37:28,240 | INFO | hilo.gaussian-kernel : BOTTOM-LEFT:
tensor([[0.0188, 0.0059, 0.0006],
        [0.1721, 0.0536, 0.0059],
        [0.5522, 0.1721, 0.0188]])
2023-12-28 22:37:28,240 | INFO | hilo.kernel-accessor : Fetching kernel: gaussian
2023-12-28 22:37:28,241 | INFO | hilo.gaussian-kernel : Calculating Gaussian distribution (location: -1.517068862915039, scale 2.8795790672302246)
2023-12-28 22:37:28,241 | INFO | hilo.gaussian-kernel : STATIC:
tensor([[0.1844, 0.1446, 0.1005],
        [0.1446, 0.1133, 0.0788],
        [0.1005, 0.0788, 0.0547]])
2023-12-28 22:37:28,241 | INFO | hilo.kernel-accessor : Fetching kernel: gaussian
2023-12-28 22:37:28,242 | INFO | hilo.gaussian-kernel : Calculating Gaussian distribution (location: -1.358457326889038, scale 2.7242114543914795)
2023-12-28 22:37:28,242 | INFO | hilo.gaussian-kernel : BOTTOM-RIGHT:
tensor([[0.0527, 0.0774, 0.0994],
        [0.0774, 0.1138, 0.1461],
        [0.0994, 0.1461, 0.1877]])
2023-12-28 22:37:36,583 | INFO | hilo : Epoch  10/200 | Accuracy:  70.3125 | Loss:   1.1110
2023-12-28 22:37:36,583 | INFO | hilo.kernel-accessor : Fetching kernel: gaussian
2023-12-28 22:37:36,583 | INFO | hilo.gaussian-kernel : Calculating Gaussian distribution (location: -0.04551944136619568, scale 0.5541440844535828)
2023-12-28 22:37:36,584 | INFO | hilo.gaussian-kernel : STATIC:
tensor([[7.3010e-01, 1.2355e-01, 8.0546e-04],
        [1.2355e-01, 2.0909e-02, 1.3631e-04],
        [8.0546e-04, 1.3631e-04, 8.8860e-07]])
2023-12-28 22:37:36,584 | INFO | hilo.kernel-accessor : Fetching kernel: gaussian
2023-12-28 22:37:36,585 | INFO | hilo.gaussian-kernel : Calculating Gaussian distribution (location: -0.5832492709159851, scale 0.9966296553611755)
2023-12-28 22:37:36,585 | INFO | hilo.gaussian-kernel : STATIC:
tensor([[0.5272, 0.1771, 0.0217],
        [0.1771, 0.0595, 0.0073],
        [0.0217, 0.0073, 0.0009]])
2023-12-28 22:37:36,586 | INFO | hilo.kernel-accessor : Fetching kernel: gaussian
2023-12-28 22:37:36,586 | INFO | hilo.gaussian-kernel : Calculating Gaussian distribution (location: -1.698461890220642, scale 2.798102378845215)
2023-12-28 22:37:36,586 | INFO | hilo.gaussian-kernel : BOTTOM-LEFT:
tensor([[0.0985, 0.0744, 0.0494],
        [0.1482, 0.1119, 0.0744],
        [0.1963, 0.1482, 0.0985]])
2023-12-28 22:37:36,587 | INFO | hilo.kernel-accessor : Fetching kernel: gaussian
2023-12-28 22:37:36,587 | INFO | hilo.gaussian-kernel : Calculating Gaussian distribution (location: -1.455817461013794, scale 2.8159523010253906)
2023-12-28 22:37:36,587 | INFO | hilo.gaussian-kernel : BOTTOM-LEFT:
tensor([[0.1000, 0.0782, 0.0538],
        [0.1452, 0.1135, 0.0782],
        [0.1858, 0.1452, 0.1000]])
2023-12-28 22:37:44,969 | INFO | hilo : Epoch  11/200 | Accuracy:  61.6071 | Loss:   1.1814
2023-12-28 22:37:44,969 | INFO | hilo.kernel-accessor : Fetching kernel: gaussian
2023-12-28 22:37:44,970 | INFO | hilo.gaussian-kernel : Calculating Gaussian distribution (location: -0.05406149476766586, scale 0.4811684787273407)
2023-12-28 22:37:44,971 | INFO | hilo.gaussian-kernel : STATIC:
tensor([[8.3944e-01, 7.6678e-02, 9.3227e-05],
        [7.6678e-02, 7.0041e-03, 8.5157e-06],
        [9.3227e-05, 8.5157e-06, 1.0354e-08]])
2023-12-28 22:37:44,971 | INFO | hilo.kernel-accessor : Fetching kernel: gaussian
2023-12-28 22:37:44,971 | INFO | hilo.gaussian-kernel : Calculating Gaussian distribution (location: -0.5582419037818909, scale 0.9210000038146973)
2023-12-28 22:37:44,972 | INFO | hilo.gaussian-kernel : STATIC:
tensor([[5.8043e-01, 1.6670e-01, 1.4728e-02],
        [1.6670e-01, 4.7877e-02, 4.2298e-03],
        [1.4728e-02, 4.2298e-03, 3.7369e-04]])
2023-12-28 22:37:44,972 | INFO | hilo.kernel-accessor : Fetching kernel: gaussian
2023-12-28 22:37:44,972 | INFO | hilo.gaussian-kernel : Calculating Gaussian distribution (location: -1.7923576831817627, scale 2.873321771621704)
2023-12-28 22:37:44,973 | INFO | hilo.gaussian-kernel : STATIC:
tensor([[0.1948, 0.1475, 0.0990],
        [0.1475, 0.1118, 0.0750],
        [0.0990, 0.0750, 0.0503]])
2023-12-28 22:37:44,973 | INFO | hilo.kernel-accessor : Fetching kernel: gaussian
2023-12-28 22:37:44,973 | INFO | hilo.gaussian-kernel : Calculating Gaussian distribution (location: -1.0492699146270752, scale 2.1195504665374756)
2023-12-28 22:37:44,974 | INFO | hilo.gaussian-kernel : STATIC:
tensor([[0.2246, 0.1591, 0.0902],
        [0.1591, 0.1127, 0.0639],
        [0.0902, 0.0639, 0.0362]])
2023-12-28 22:37:53,265 | INFO | hilo : Epoch  12/200 | Accuracy:  62.8265 | Loss:   0.9145
2023-12-28 22:37:53,265 | INFO | hilo.kernel-accessor : Fetching kernel: gaussian
2023-12-28 22:37:53,265 | INFO | hilo.gaussian-kernel : Calculating Gaussian distribution (location: -0.02326945960521698, scale 0.5325987339019775)
2023-12-28 22:37:53,266 | INFO | hilo.gaussian-kernel : STATIC:
tensor([[7.4469e-01, 1.1772e-01, 5.4785e-04],
        [1.1772e-01, 1.8608e-02, 8.6600e-05],
        [5.4785e-04, 8.6600e-05, 4.0304e-07]])
2023-12-28 22:37:53,266 | INFO | hilo.kernel-accessor : Fetching kernel: gaussian
2023-12-28 22:37:53,267 | INFO | hilo.gaussian-kernel : Calculating Gaussian distribution (location: -0.570945680141449, scale 0.9103477597236633)
2023-12-28 22:37:53,267 | INFO | hilo.gaussian-kernel : BOTTOM-RIGHT:
tensor([[3.0268e-04, 3.6834e-03, 1.3412e-02],
        [3.6834e-03, 4.4826e-02, 1.6321e-01],
        [1.3412e-02, 1.6321e-01, 5.9426e-01]])
2023-12-28 22:37:53,268 | INFO | hilo.kernel-accessor : Fetching kernel: gaussian
2023-12-28 22:37:53,268 | INFO | hilo.gaussian-kernel : Calculating Gaussian distribution (location: -1.5830827951431274, scale 2.732696294784546)
2023-12-28 22:37:53,269 | INFO | hilo.gaussian-kernel : BOTTOM-LEFT:
tensor([[0.0983, 0.0743, 0.0492],
        [0.1485, 0.1123, 0.0743],
        [0.1963, 0.1485, 0.0983]])
2023-12-28 22:37:53,269 | INFO | hilo.kernel-accessor : Fetching kernel: gaussian
2023-12-28 22:37:53,269 | INFO | hilo.gaussian-kernel : Calculating Gaussian distribution (location: -1.1053540706634521, scale 2.319551944732666)
2023-12-28 22:37:53,270 | INFO | hilo.gaussian-kernel : STATIC:
tensor([[0.2068, 0.1534, 0.0945],
        [0.1534, 0.1138, 0.0701],
        [0.0945, 0.0701, 0.0432]])
2023-12-28 22:38:01,819 | INFO | hilo : Epoch  13/200 | Accuracy:  67.1875 | Loss:   1.1531
2023-12-28 22:38:01,820 | INFO | hilo.kernel-accessor : Fetching kernel: gaussian
2023-12-28 22:38:01,820 | INFO | hilo.gaussian-kernel : Calculating Gaussian distribution (location: -0.12633877992630005, scale 0.4571031928062439)
2023-12-28 22:38:01,821 | INFO | hilo.gaussian-kernel : BOTTOM-LEFT:
tensor([[1.8855e-05, 9.4095e-07, 3.9190e-10],
        [4.5271e-02, 2.2592e-03, 9.4095e-07],
        [9.0716e-01, 4.5271e-02, 1.8855e-05]])
2023-12-28 22:38:01,821 | INFO | hilo.kernel-accessor : Fetching kernel: gaussian
2023-12-28 22:38:01,822 | INFO | hilo.gaussian-kernel : Calculating Gaussian distribution (location: -0.5957285761833191, scale 0.8660264611244202)
2023-12-28 22:38:01,822 | INFO | hilo.gaussian-kernel : BOTTOM-LEFT:
tensor([[9.1366e-03, 2.1198e-03, 1.2964e-04],
        [1.4939e-01, 3.4661e-02, 2.1198e-03],
        [6.4391e-01, 1.4939e-01, 9.1366e-03]])
2023-12-28 22:38:01,822 | INFO | hilo.kernel-accessor : Fetching kernel: gaussian
2023-12-28 22:38:01,823 | INFO | hilo.gaussian-kernel : Calculating Gaussian distribution (location: -1.4499850273132324, scale 2.4053595066070557)
2023-12-28 22:38:01,823 | INFO | hilo.gaussian-kernel : BOTTOM-LEFT:
tensor([[0.0934, 0.0667, 0.0400],
        [0.1555, 0.1110, 0.0667],
        [0.2178, 0.1555, 0.0934]])
2023-12-28 22:38:01,823 | INFO | hilo.kernel-accessor : Fetching kernel: gaussian
2023-12-28 22:38:01,824 | INFO | hilo.gaussian-kernel : Calculating Gaussian distribution (location: -1.238227367401123, scale 2.2829906940460205)
2023-12-28 22:38:01,824 | INFO | hilo.gaussian-kernel : BOTTOM-LEFT:
tensor([[0.0925, 0.0663, 0.0392],
        [0.1564, 0.1121, 0.0663],
        [0.2183, 0.1564, 0.0925]])
2023-12-28 22:38:10,224 | INFO | hilo : Epoch  14/200 | Accuracy:  66.1458 | Loss:   1.2589
2023-12-28 22:38:10,224 | INFO | hilo.kernel-accessor : Fetching kernel: gaussian
2023-12-28 22:38:10,224 | INFO | hilo.gaussian-kernel : Calculating Gaussian distribution (location: 0.05423688888549805, scale 0.5384988188743591)
2023-12-28 22:38:10,225 | INFO | hilo.gaussian-kernel : BOTTOM-RIGHT:
tensor([[1.4590e-06, 2.1347e-04, 9.9298e-04],
        [2.1347e-04, 3.1232e-02, 1.4528e-01],
        [9.9298e-04, 1.4528e-01, 6.7579e-01]])
2023-12-28 22:38:10,225 | INFO | hilo.kernel-accessor : Fetching kernel: gaussian
2023-12-28 22:38:10,226 | INFO | hilo.gaussian-kernel : Calculating Gaussian distribution (location: -0.5742175579071045, scale 1.002677083015442)
2023-12-28 22:38:10,226 | INFO | hilo.gaussian-kernel : BOTTOM-LEFT:
tensor([[0.0227, 0.0078, 0.0010],
        [0.1785, 0.0613, 0.0078],
        [0.5197, 0.1785, 0.0227]])
2023-12-28 22:38:10,227 | INFO | hilo.kernel-accessor : Fetching kernel: gaussian
2023-12-28 22:38:10,227 | INFO | hilo.gaussian-kernel : Calculating Gaussian distribution (location: -2.3199384212493896, scale 3.5692121982574463)
2023-12-28 22:38:10,228 | INFO | hilo.gaussian-kernel : BOTTOM-RIGHT:
tensor([[0.0615, 0.0829, 0.1035],
        [0.0829, 0.1120, 0.1397],
        [0.1035, 0.1397, 0.1743]])
2023-12-28 22:38:10,228 | INFO | hilo.kernel-accessor : Fetching kernel: gaussian
2023-12-28 22:38:10,228 | INFO | hilo.gaussian-kernel : Calculating Gaussian distribution (location: -1.0895590782165527, scale 2.546194076538086)
2023-12-28 22:38:10,229 | INFO | hilo.gaussian-kernel : BOTTOM-LEFT:
tensor([[0.0986, 0.0771, 0.0517],
        [0.1470, 0.1150, 0.0771],
        [0.1878, 0.1470, 0.0986]])
2023-12-28 22:38:18,741 | INFO | hilo : Epoch  15/200 | Accuracy:  66.7824 | Loss:   1.0657
2023-12-28 22:38:18,741 | INFO | hilo.kernel-accessor : Fetching kernel: gaussian
2023-12-28 22:38:18,741 | INFO | hilo.gaussian-kernel : Calculating Gaussian distribution (location: -0.059296637773513794, scale 0.4915634095668793)
2023-12-28 22:38:18,742 | INFO | hilo.gaussian-kernel : BOTTOM-RIGHT:
tensor([[2.0066e-08, 1.2735e-05, 1.2890e-04],
        [1.2735e-05, 8.0829e-03, 8.1809e-02],
        [1.2890e-04, 8.1809e-02, 8.2801e-01]])
2023-12-28 22:38:18,742 | INFO | hilo.kernel-accessor : Fetching kernel: gaussian
2023-12-28 22:38:18,743 | INFO | hilo.gaussian-kernel : Calculating Gaussian distribution (location: -0.5910664796829224, scale 1.0166454315185547)
2023-12-28 22:38:18,743 | INFO | hilo.gaussian-kernel : BOTTOM-LEFT:
tensor([[0.0237, 0.0082, 0.0011],
        [0.1791, 0.0623, 0.0082],
        [0.5146, 0.1791, 0.0237]])
2023-12-28 22:38:18,743 | INFO | hilo.kernel-accessor : Fetching kernel: gaussian
2023-12-28 22:38:18,744 | INFO | hilo.gaussian-kernel : Calculating Gaussian distribution (location: -1.7840237617492676, scale 2.8914074897766113)
2023-12-28 22:38:18,744 | INFO | hilo.gaussian-kernel : STATIC:
tensor([[0.1933, 0.1471, 0.0993],
        [0.1471, 0.1119, 0.0756],
        [0.0993, 0.0756, 0.0510]])
2023-12-28 22:38:18,744 | INFO | hilo.kernel-accessor : Fetching kernel: gaussian
2023-12-28 22:38:18,745 | INFO | hilo.gaussian-kernel : Calculating Gaussian distribution (location: -1.0652656555175781, scale 2.1340885162353516)
2023-12-28 22:38:18,745 | INFO | hilo.gaussian-kernel : STATIC:
tensor([[0.2240, 0.1588, 0.0904],
        [0.1588, 0.1126, 0.0641],
        [0.0904, 0.0641, 0.0365]])
2023-12-28 22:38:27,276 | INFO | hilo : Epoch  16/200 | Accuracy:  64.8253 | Loss:   1.1337
2023-12-28 22:38:27,276 | INFO | hilo.kernel-accessor : Fetching kernel: gaussian
2023-12-28 22:38:27,277 | INFO | hilo.gaussian-kernel : Calculating Gaussian distribution (location: -0.07064327597618103, scale 0.5057356953620911)
2023-12-28 22:38:27,278 | INFO | hilo.gaussian-kernel : BOTTOM-RIGHT:
tensor([[4.3592e-08, 2.0247e-05, 1.8850e-04],
        [2.0247e-05, 9.4037e-03, 8.7549e-02],
        [1.8850e-04, 8.7549e-02, 8.1508e-01]])
2023-12-28 22:38:27,278 | INFO | hilo.kernel-accessor : Fetching kernel: gaussian
2023-12-28 22:38:27,278 | INFO | hilo.gaussian-kernel : Calculating Gaussian distribution (location: -0.5768898129463196, scale 0.9598793387413025)
2023-12-28 22:38:27,279 | INFO | hilo.gaussian-kernel : BOTTOM-LEFT:
tensor([[0.0181, 0.0056, 0.0006],
        [0.1722, 0.0535, 0.0056],
        [0.5541, 0.1722, 0.0181]])
2023-12-28 22:38:27,279 | INFO | hilo.kernel-accessor : Fetching kernel: gaussian
2023-12-28 22:38:27,280 | INFO | hilo.gaussian-kernel : Calculating Gaussian distribution (location: -1.8996601104736328, scale 3.014202117919922)
2023-12-28 22:38:27,280 | INFO | hilo.gaussian-kernel : STATIC:
tensor([[0.1897, 0.1457, 0.1002],
        [0.1457, 0.1118, 0.0769],
        [0.1002, 0.0769, 0.0529]])
2023-12-28 22:38:27,280 | INFO | hilo.kernel-accessor : Fetching kernel: gaussian
2023-12-28 22:38:27,281 | INFO | hilo.gaussian-kernel : Calculating Gaussian distribution (location: -1.0906755924224854, scale 2.2450382709503174)
2023-12-28 22:38:27,281 | INFO | hilo.gaussian-kernel : STATIC:
tensor([[0.2132, 0.1555, 0.0930],
        [0.1555, 0.1134, 0.0678],
        [0.0930, 0.0678, 0.0406]])
2023-12-28 22:38:35,763 | INFO | hilo : Epoch  17/200 | Accuracy:  69.4196 | Loss:   1.0162
2023-12-28 22:38:35,763 | INFO | hilo.kernel-accessor : Fetching kernel: gaussian
2023-12-28 22:38:35,764 | INFO | hilo.gaussian-kernel : Calculating Gaussian distribution (location: -0.07262703776359558, scale 0.4781186580657959)
2023-12-28 22:38:35,764 | INFO | hilo.gaussian-kernel : BOTTOM-RIGHT:
tensor([[6.0330e-09, 5.8647e-06, 7.1802e-05],
        [5.8647e-06, 5.7011e-03, 6.9799e-02],
        [7.1802e-05, 6.9799e-02, 8.5455e-01]])
2023-12-28 22:38:35,765 | INFO | hilo.kernel-accessor : Fetching kernel: gaussian
2023-12-28 22:38:35,765 | INFO | hilo.gaussian-kernel : Calculating Gaussian distribution (location: -0.6473663449287415, scale 0.9612319469451904)
2023-12-28 22:38:35,766 | INFO | hilo.gaussian-kernel : STATIC:
tensor([[5.7641e-01, 1.6651e-01, 1.6297e-02],
        [1.6651e-01, 4.8099e-02, 4.7077e-03],
        [1.6297e-02, 4.7077e-03, 4.6076e-04]])
2023-12-28 22:38:35,766 | INFO | hilo.kernel-accessor : Fetching kernel: gaussian
2023-12-28 22:38:35,766 | INFO | hilo.gaussian-kernel : Calculating Gaussian distribution (location: -1.7441388368606567, scale 2.885991096496582)
2023-12-28 22:38:35,767 | INFO | hilo.gaussian-kernel : STATIC:
tensor([[0.1922, 0.1468, 0.0994],
        [0.1468, 0.1121, 0.0759],
        [0.0994, 0.0759, 0.0514]])
2023-12-28 22:38:35,767 | INFO | hilo.kernel-accessor : Fetching kernel: gaussian
2023-12-28 22:38:35,767 | INFO | hilo.gaussian-kernel : Calculating Gaussian distribution (location: -1.3634793758392334, scale 2.574814558029175)
2023-12-28 22:38:35,768 | INFO | hilo.gaussian-kernel : STATIC:
tensor([[0.1984, 0.1498, 0.0972],
        [0.1498, 0.1131, 0.0734],
        [0.0972, 0.0734, 0.0477]])
2023-12-28 22:38:44,385 | INFO | hilo : Epoch  18/200 | Accuracy:  68.6875 | Loss:   1.0365
2023-12-28 22:38:44,385 | INFO | hilo.kernel-accessor : Fetching kernel: gaussian
2023-12-28 22:38:44,386 | INFO | hilo.gaussian-kernel : Calculating Gaussian distribution (location: -0.10620658099651337, scale 0.45314911007881165)
2023-12-28 22:38:44,387 | INFO | hilo.gaussian-kernel : BOTTOM-RIGHT:
tensor([[3.9576e-10, 9.8741e-07, 1.8906e-05],
        [9.8741e-07, 2.4635e-03, 4.7170e-02],
        [1.8906e-05, 4.7170e-02, 9.0316e-01]])
2023-12-28 22:38:44,387 | INFO | hilo.kernel-accessor : Fetching kernel: gaussian
2023-12-28 22:38:44,387 | INFO | hilo.gaussian-kernel : Calculating Gaussian distribution (location: -0.5976750254631042, scale 0.9177930355072021)
2023-12-28 22:38:44,388 | INFO | hilo.gaussian-kernel : BOTTOM-RIGHT:
tensor([[3.0275e-04, 3.6526e-03, 1.3444e-02],
        [3.6526e-03, 4.4068e-02, 1.6220e-01],
        [1.3444e-02, 1.6220e-01, 5.9703e-01]])
2023-12-28 22:38:44,388 | INFO | hilo.kernel-accessor : Fetching kernel: gaussian
2023-12-28 22:38:44,388 | INFO | hilo.gaussian-kernel : Calculating Gaussian distribution (location: -1.647262692451477, scale 2.6887176036834717)
2023-12-28 22:38:44,389 | INFO | hilo.gaussian-kernel : STATIC:
tensor([[0.2022, 0.1503, 0.0972],
        [0.1503, 0.1116, 0.0722],
        [0.0972, 0.0722, 0.0467]])
2023-12-28 22:38:44,389 | INFO | hilo.kernel-accessor : Fetching kernel: gaussian
2023-12-28 22:38:44,389 | INFO | hilo.gaussian-kernel : Calculating Gaussian distribution (location: -1.397545337677002, scale 2.609654664993286)
2023-12-28 22:38:44,390 | INFO | hilo.gaussian-kernel : STATIC:
tensor([[0.1973, 0.1493, 0.0976],
        [0.1493, 0.1130, 0.0738],
        [0.0976, 0.0738, 0.0483]])
2023-12-28 22:38:52,859 | INFO | hilo : Epoch  19/200 | Accuracy:  65.6250 | Loss:   1.0829
2023-12-28 22:38:52,860 | INFO | hilo.kernel-accessor : Fetching kernel: gaussian
2023-12-28 22:38:52,860 | INFO | hilo.gaussian-kernel : Calculating Gaussian distribution (location: -0.01957623101770878, scale 0.48816272616386414)
2023-12-28 22:38:52,861 | INFO | hilo.gaussian-kernel : BOTTOM-RIGHT:
tensor([[2.9810e-08, 1.7527e-05, 1.5510e-04],
        [1.7527e-05, 1.0305e-02, 9.1192e-02],
        [1.5510e-04, 9.1192e-02, 8.0697e-01]])
2023-12-28 22:38:52,861 | INFO | hilo.kernel-accessor : Fetching kernel: gaussian
2023-12-28 22:38:52,862 | INFO | hilo.gaussian-kernel : Calculating Gaussian distribution (location: -0.6380508542060852, scale 0.9071566462516785)
2023-12-28 22:38:52,862 | INFO | hilo.gaussian-kernel : STATIC:
tensor([[6.2048e-01, 1.5564e-01, 1.1582e-02],
        [1.5564e-01, 3.9042e-02, 2.9054e-03],
        [1.1582e-02, 2.9054e-03, 2.1621e-04]])
2023-12-28 22:38:52,862 | INFO | hilo.kernel-accessor : Fetching kernel: gaussian
2023-12-28 22:38:52,863 | INFO | hilo.gaussian-kernel : Calculating Gaussian distribution (location: -1.5210168361663818, scale 2.5985100269317627)
2023-12-28 22:38:52,863 | INFO | hilo.gaussian-kernel : BOTTOM-LEFT:
tensor([[0.0966, 0.0716, 0.0458],
        [0.1511, 0.1120, 0.0716],
        [0.2038, 0.1511, 0.0966]])
2023-12-28 22:38:52,863 | INFO | hilo.kernel-accessor : Fetching kernel: gaussian
2023-12-28 22:38:52,864 | INFO | hilo.gaussian-kernel : Calculating Gaussian distribution (location: -1.1966779232025146, scale 2.431277275085449)
2023-12-28 22:38:52,864 | INFO | hilo.gaussian-kernel : BOTTOM-RIGHT:
tensor([[0.0456, 0.0720, 0.0960],
        [0.0720, 0.1137, 0.1515],
        [0.0960, 0.1515, 0.2018]])
2023-12-28 22:39:01,376 | INFO | hilo : Epoch  20/200 | Accuracy:  76.5625 | Loss:   0.9522
2023-12-28 22:39:01,376 | INFO | hilo.kernel-accessor : Fetching kernel: gaussian
2023-12-28 22:39:01,376 | INFO | hilo.gaussian-kernel : Calculating Gaussian distribution (location: -0.0028524405788630247, scale 0.5667781233787537)
2023-12-28 22:39:01,377 | INFO | hilo.gaussian-kernel : STATIC:
tensor([[6.8194e-01, 1.4253e-01, 1.3248e-03],
        [1.4253e-01, 2.9791e-02, 2.7690e-04],
        [1.3248e-03, 2.7690e-04, 2.5737e-06]])
2023-12-28 22:39:01,378 | INFO | hilo.kernel-accessor : Fetching kernel: gaussian
2023-12-28 22:39:01,378 | INFO | hilo.gaussian-kernel : Calculating Gaussian distribution (location: -0.5630941390991211, scale 1.049227237701416)
2023-12-28 22:39:01,379 | INFO | hilo.gaussian-kernel : BOTTOM-RIGHT:
tensor([[0.0016, 0.0107, 0.0282],
        [0.0107, 0.0700, 0.1838],
        [0.0282, 0.1838, 0.4828]])
2023-12-28 22:39:01,379 | INFO | hilo.kernel-accessor : Fetching kernel: gaussian
2023-12-28 22:39:01,379 | INFO | hilo.gaussian-kernel : Calculating Gaussian distribution (location: -2.1103768348693848, scale 3.2163074016571045)
2023-12-28 22:39:01,380 | INFO | hilo.gaussian-kernel : STATIC:
tensor([[0.1850, 0.1437, 0.1014],
        [0.1437, 0.1117, 0.0788],
        [0.1014, 0.0788, 0.0556]])
2023-12-28 22:39:01,380 | INFO | hilo.kernel-accessor : Fetching kernel: gaussian
2023-12-28 22:39:01,380 | INFO | hilo.gaussian-kernel : Calculating Gaussian distribution (location: -1.1176064014434814, scale 2.3577098846435547)
2023-12-28 22:39:01,381 | INFO | hilo.gaussian-kernel : BOTTOM-LEFT:
tensor([[0.0952, 0.0712, 0.0444],
        [0.1525, 0.1140, 0.0712],
        [0.2040, 0.1525, 0.0952]])
2023-12-28 22:39:10,007 | INFO | hilo : Epoch  21/200 | Accuracy:  66.6440 | Loss:   1.3170
2023-12-28 22:39:10,007 | INFO | hilo.kernel-accessor : Fetching kernel: gaussian
2023-12-28 22:39:10,008 | INFO | hilo.gaussian-kernel : Calculating Gaussian distribution (location: -0.03526186943054199, scale 0.4864928722381592)
2023-12-28 22:39:10,009 | INFO | hilo.gaussian-kernel : BOTTOM-LEFT:
tensor([[1.3014e-04, 1.3559e-05, 2.0656e-08],
        [8.5427e-02, 8.9002e-03, 1.3559e-05],
        [8.1996e-01, 8.5427e-02, 1.3014e-04]])
2023-12-28 22:39:10,009 | INFO | hilo.kernel-accessor : Fetching kernel: gaussian
2023-12-28 22:39:10,009 | INFO | hilo.gaussian-kernel : Calculating Gaussian distribution (location: -0.6003383994102478, scale 0.9651486277580261)
2023-12-28 22:39:10,010 | INFO | hilo.gaussian-kernel : STATIC:
tensor([[0.5577, 0.1711, 0.0180],
        [0.1711, 0.0525, 0.0055],
        [0.0180, 0.0055, 0.0006]])
2023-12-28 22:39:10,010 | INFO | hilo.kernel-accessor : Fetching kernel: gaussian
2023-12-28 22:39:10,010 | INFO | hilo.gaussian-kernel : Calculating Gaussian distribution (location: -1.4759373664855957, scale 2.6290316581726074)
2023-12-28 22:39:10,011 | INFO | hilo.gaussian-kernel : BOTTOM-LEFT:
tensor([[0.0974, 0.0732, 0.0476],
        [0.1498, 0.1125, 0.0732],
        [0.1993, 0.1498, 0.0974]])
2023-12-28 22:39:10,011 | INFO | hilo.kernel-accessor : Fetching kernel: gaussian
