2024-03-01 22:37:38,641 | INFO | hilo : 
+==============================================================+
|                                                              |
| ██████╗  █████╗ ██████╗ ██╗         ██╗      █████╗ ██████╗  |
| ██╔══██╗██╔══██╗██╔══██╗██║         ██║     ██╔══██╗██╔══██╗ |
| ██║  ██║███████║██║  ██║██║         ██║     ███████║██████╔╝ |
| ██║  ██║██╔══██║██║  ██║██║         ██║     ██╔══██║██╔══██╗ |
| ██████╔╝██║  ██║██████╔╝███████╗    ███████╗██║  ██║██████╔╝ |
| ╚═════╝ ╚═╝  ╚═╝╚═════╝ ╚══════╝    ╚══════╝╚═╝  ╚═╝╚═════╝  |
+==============================================================+
|             Hi-Lo Resolution Image Classification            |
|             -------------------------------------            |
|                       Gabriel C. Trahan                      |
|                          Sahan Ahmad                         |
|                       MD  Aminual Islam                      |
+==============================================================+
2024-03-01 22:37:40,224 | INFO | hilo.dataset-accessor : Fetching dataset: cifar10
2024-03-01 22:37:40,224 | INFO | hilo.cifar10-dataset : Initializing transform
2024-03-01 22:37:40,224 | INFO | hilo.cifar10-dataset : Verifying/downloading train data
2024-03-01 22:37:40,824 | INFO | hilo.cifar10-dataset : Verifying/downloading test data
2024-03-01 22:37:41,303 | INFO | hilo.cifar10-dataset : Creating train data loader.
2024-03-01 22:37:41,303 | INFO | hilo.cifar10-dataset : Creating test data loader.
2024-03-01 22:37:41,413 | INFO | hilo : Output directory: output/resnet/cifar10/gaussian/4/20240301_223740/
2024-03-01 22:37:42,392 | INFO | hilo : Using device: NVIDIA GeForce GTX 1060 6GB
2024-03-01 22:37:42,392 | INFO | hilo : Exeucting job: MODEL resnet | DATASET cifar10 | KERNEL gaussian | TYPE 4
2024-03-01 22:37:42,392 | INFO | hilo : Commencing training phase...
2024-03-01 22:37:42,392 | INFO | hilo.kernel-accessor : Fetching kernel: gaussian
2024-03-01 22:37:42,393 | INFO | hilo.gaussian-kernel : Calculating Gaussian distribution (location: 0, scale 1.0)
2024-03-01 22:37:42,393 | INFO | hilo.gaussian-kernel : TOP-RIGHT:
tensor([[0.0446, 0.1999, 0.3296],
        [0.0271, 0.1212, 0.1999],
        [0.0060, 0.0271, 0.0446]])
2024-03-01 22:37:42,394 | INFO | hilo.kernel-accessor : Fetching kernel: gaussian
2024-03-01 22:37:42,394 | INFO | hilo.gaussian-kernel : Calculating Gaussian distribution (location: 0, scale 1.0)
2024-03-01 22:37:42,394 | INFO | hilo.gaussian-kernel : TOP-RIGHT:
tensor([[0.0446, 0.1999, 0.3296],
        [0.0271, 0.1212, 0.1999],
        [0.0060, 0.0271, 0.0446]])
2024-03-01 22:37:42,394 | INFO | hilo.kernel-accessor : Fetching kernel: gaussian
2024-03-01 22:37:42,394 | INFO | hilo.gaussian-kernel : Calculating Gaussian distribution (location: 0, scale 1.0)
2024-03-01 22:37:42,395 | INFO | hilo.gaussian-kernel : BOTTOM-RIGHT:
tensor([[0.0060, 0.0271, 0.0446],
        [0.0271, 0.1212, 0.1999],
        [0.0446, 0.1999, 0.3296]])
2024-03-01 22:37:42,395 | INFO | hilo.kernel-accessor : Fetching kernel: gaussian
2024-03-01 22:37:42,395 | INFO | hilo.gaussian-kernel : Calculating Gaussian distribution (location: 0, scale 1.0)
2024-03-01 22:37:42,395 | INFO | hilo.gaussian-kernel : TOP-RIGHT:
tensor([[0.0446, 0.1999, 0.3296],
        [0.0271, 0.1212, 0.1999],
        [0.0060, 0.0271, 0.0446]])
2024-03-01 22:37:42,395 | INFO | hilo.kernel-accessor : Fetching kernel: gaussian
2024-03-01 22:37:42,395 | INFO | hilo.gaussian-kernel : Calculating Gaussian distribution (location: 0, scale 1.0)
2024-03-01 22:37:42,396 | INFO | hilo.gaussian-kernel : TOP-RIGHT:
tensor([[0.0446, 0.1999, 0.3296],
        [0.0271, 0.1212, 0.1999],
        [0.0060, 0.0271, 0.0446]])
2024-03-01 22:37:42,396 | INFO | hilo.kernel-accessor : Fetching kernel: gaussian
2024-03-01 22:37:42,396 | INFO | hilo.gaussian-kernel : Calculating Gaussian distribution (location: 0, scale 1.0)
2024-03-01 22:37:42,396 | INFO | hilo.gaussian-kernel : BOTTOM-RIGHT:
tensor([[0.0060, 0.0271, 0.0446],
        [0.0271, 0.1212, 0.1999],
        [0.0446, 0.1999, 0.3296]])
2024-03-01 22:37:42,396 | INFO | hilo.kernel-accessor : Fetching kernel: gaussian
2024-03-01 22:37:42,396 | INFO | hilo.gaussian-kernel : Calculating Gaussian distribution (location: 0, scale 1.0)
2024-03-01 22:37:42,397 | INFO | hilo.gaussian-kernel : TOP-RIGHT:
tensor([[0.0446, 0.1999, 0.3296],
        [0.0271, 0.1212, 0.1999],
        [0.0060, 0.0271, 0.0446]])
2024-03-01 22:37:42,397 | INFO | hilo.kernel-accessor : Fetching kernel: gaussian
2024-03-01 22:37:42,397 | INFO | hilo.gaussian-kernel : Calculating Gaussian distribution (location: 0, scale 1.0)
2024-03-01 22:37:42,397 | INFO | hilo.gaussian-kernel : BOTTOM-RIGHT:
tensor([[0.0060, 0.0271, 0.0446],
        [0.0271, 0.1212, 0.1999],
        [0.0446, 0.1999, 0.3296]])
2024-03-01 22:37:42,397 | INFO | hilo.kernel-accessor : Fetching kernel: gaussian
2024-03-01 22:37:42,397 | INFO | hilo.gaussian-kernel : Calculating Gaussian distribution (location: 0, scale 1.0)
2024-03-01 22:37:42,398 | INFO | hilo.gaussian-kernel : TOP-RIGHT:
tensor([[0.0446, 0.1999, 0.3296],
        [0.0271, 0.1212, 0.1999],
        [0.0060, 0.0271, 0.0446]])
2024-03-01 22:37:42,398 | INFO | hilo.kernel-accessor : Fetching kernel: gaussian
2024-03-01 22:37:42,398 | INFO | hilo.gaussian-kernel : Calculating Gaussian distribution (location: 0, scale 1.0)
2024-03-01 22:37:42,398 | INFO | hilo.gaussian-kernel : BOTTOM-RIGHT:
tensor([[0.0060, 0.0271, 0.0446],
        [0.0271, 0.1212, 0.1999],
        [0.0446, 0.1999, 0.3296]])
2024-03-01 22:37:42,398 | INFO | hilo.kernel-accessor : Fetching kernel: gaussian
2024-03-01 22:37:42,398 | INFO | hilo.gaussian-kernel : Calculating Gaussian distribution (location: 0, scale 1.0)
2024-03-01 22:37:42,399 | INFO | hilo.gaussian-kernel : BOTTOM-RIGHT:
tensor([[0.0060, 0.0271, 0.0446],
        [0.0271, 0.1212, 0.1999],
        [0.0446, 0.1999, 0.3296]])
2024-03-01 22:37:42,399 | INFO | hilo.kernel-accessor : Fetching kernel: gaussian
2024-03-01 22:37:42,399 | INFO | hilo.gaussian-kernel : Calculating Gaussian distribution (location: 0, scale 1.0)
2024-03-01 22:37:42,399 | INFO | hilo.gaussian-kernel : TOP-RIGHT:
tensor([[0.0446, 0.1999, 0.3296],
        [0.0271, 0.1212, 0.1999],
        [0.0060, 0.0271, 0.0446]])
2024-03-01 22:37:42,399 | INFO | hilo.kernel-accessor : Fetching kernel: gaussian
2024-03-01 22:37:42,399 | INFO | hilo.gaussian-kernel : Calculating Gaussian distribution (location: 0, scale 1.0)
2024-03-01 22:37:42,400 | INFO | hilo.gaussian-kernel : TOP-RIGHT:
tensor([[0.0446, 0.1999, 0.3296],
        [0.0271, 0.1212, 0.1999],
        [0.0060, 0.0271, 0.0446]])
2024-03-01 22:37:42,400 | INFO | hilo.kernel-accessor : Fetching kernel: gaussian
2024-03-01 22:37:42,400 | INFO | hilo.gaussian-kernel : Calculating Gaussian distribution (location: 0, scale 1.0)
2024-03-01 22:37:42,400 | INFO | hilo.gaussian-kernel : TOP-RIGHT:
tensor([[0.0446, 0.1999, 0.3296],
        [0.0271, 0.1212, 0.1999],
        [0.0060, 0.0271, 0.0446]])
2024-03-01 22:37:42,400 | INFO | hilo.kernel-accessor : Fetching kernel: gaussian
2024-03-01 22:37:42,400 | INFO | hilo.gaussian-kernel : Calculating Gaussian distribution (location: 0, scale 1.0)
2024-03-01 22:37:42,401 | INFO | hilo.gaussian-kernel : TOP-RIGHT:
tensor([[0.0446, 0.1999, 0.3296],
        [0.0271, 0.1212, 0.1999],
        [0.0060, 0.0271, 0.0446]])
2024-03-01 22:37:42,401 | INFO | hilo.kernel-accessor : Fetching kernel: gaussian
2024-03-01 22:37:42,401 | INFO | hilo.gaussian-kernel : Calculating Gaussian distribution (location: 0, scale 1.0)
2024-03-01 22:37:42,401 | INFO | hilo.gaussian-kernel : BOTTOM-RIGHT:
tensor([[0.0060, 0.0271, 0.0446],
        [0.0271, 0.1212, 0.1999],
        [0.0446, 0.1999, 0.3296]])
2024-03-01 22:37:42,401 | INFO | hilo.kernel-accessor : Fetching kernel: gaussian
2024-03-01 22:37:42,401 | INFO | hilo.gaussian-kernel : Calculating Gaussian distribution (location: 0, scale 1.0)
2024-03-01 22:37:42,402 | INFO | hilo.gaussian-kernel : TOP-RIGHT:
tensor([[0.0446, 0.1999, 0.3296],
        [0.0271, 0.1212, 0.1999],
        [0.0060, 0.0271, 0.0446]])
2024-03-01 22:39:03,827 | INFO | hilo : Epoch   1/200 | Accuracy:  45.3125 | Loss:   1.5886
2024-03-01 22:39:03,827 | INFO | hilo.kernel-accessor : Fetching kernel: gaussian
2024-03-01 22:39:03,828 | INFO | hilo.gaussian-kernel : Calculating Gaussian distribution (location: -0.005687639117240906, scale 0.6883527040481567)
2024-03-01 22:39:03,829 | INFO | hilo.gaussian-kernel : BOTTOM-RIGHT:
tensor([[1.1141e-04, 2.6728e-03, 7.7707e-03],
        [2.6728e-03, 6.4124e-02, 1.8643e-01],
        [7.7707e-03, 1.8643e-01, 5.4202e-01]])
2024-03-01 22:39:03,829 | INFO | hilo.kernel-accessor : Fetching kernel: gaussian
2024-03-01 22:39:03,829 | INFO | hilo.gaussian-kernel : Calculating Gaussian distribution (location: -0.6657901406288147, scale 1.7691175937652588)
2024-03-01 22:39:03,830 | INFO | hilo.gaussian-kernel : TOP-RIGHT:
tensor([[0.0834, 0.1666, 0.2417],
        [0.0574, 0.1148, 0.1666],
        [0.0288, 0.0574, 0.0834]])
2024-03-01 22:39:03,830 | INFO | hilo.kernel-accessor : Fetching kernel: gaussian
2024-03-01 22:39:03,830 | INFO | hilo.gaussian-kernel : Calculating Gaussian distribution (location: -0.3114125728607178, scale 1.4888981580734253)
2024-03-01 22:39:03,830 | INFO | hilo.gaussian-kernel : TOP-RIGHT:
tensor([[0.0766, 0.1734, 0.2501],
        [0.0531, 0.1203, 0.1734],
        [0.0235, 0.0531, 0.0766]])
2024-03-01 22:39:03,831 | INFO | hilo.kernel-accessor : Fetching kernel: gaussian
2024-03-01 22:39:03,831 | INFO | hilo.gaussian-kernel : Calculating Gaussian distribution (location: -0.4529355764389038, scale 1.5650115013122559)
2024-03-01 22:39:03,831 | INFO | hilo.gaussian-kernel : TOP-RIGHT:
tensor([[0.0776, 0.1723, 0.2543],
        [0.0526, 0.1168, 0.1723],
        [0.0237, 0.0526, 0.0776]])
2024-03-01 22:39:03,831 | INFO | hilo.kernel-accessor : Fetching kernel: gaussian
2024-03-01 22:39:03,832 | INFO | hilo.gaussian-kernel : Calculating Gaussian distribution (location: -0.278810054063797, scale 1.4580295085906982)
2024-03-01 22:39:03,832 | INFO | hilo.gaussian-kernel : TOP-RIGHT:
tensor([[0.0756, 0.1744, 0.2516],
        [0.0524, 0.1209, 0.1744],
        [0.0227, 0.0524, 0.0756]])
2024-03-01 22:39:03,832 | INFO | hilo.kernel-accessor : Fetching kernel: gaussian
2024-03-01 22:39:03,832 | INFO | hilo.gaussian-kernel : Calculating Gaussian distribution (location: -0.1730150431394577, scale 1.1771236658096313)
2024-03-01 22:39:03,833 | INFO | hilo.gaussian-kernel : BOTTOM-RIGHT:
tensor([[0.0105, 0.0350, 0.0568],
        [0.0350, 0.1169, 0.1901],
        [0.0568, 0.1901, 0.3089]])
2024-03-01 22:39:03,833 | INFO | hilo.kernel-accessor : Fetching kernel: gaussian
2024-03-01 22:39:03,833 | INFO | hilo.gaussian-kernel : Calculating Gaussian distribution (location: -0.3032548427581787, scale 1.4460995197296143)
2024-03-01 22:39:03,834 | INFO | hilo.gaussian-kernel : TOP-RIGHT:
tensor([[0.0742, 0.1757, 0.2580],
        [0.0505, 0.1197, 0.1757],
        [0.0213, 0.0505, 0.0742]])
2024-03-01 22:39:03,834 | INFO | hilo.kernel-accessor : Fetching kernel: gaussian
2024-03-01 22:39:03,834 | INFO | hilo.gaussian-kernel : Calculating Gaussian distribution (location: -0.2437485158443451, scale 1.3135381937026978)
2024-03-01 22:39:03,835 | INFO | hilo.gaussian-kernel : TOP-RIGHT:
tensor([[0.0665, 0.1826, 0.2810],
        [0.0432, 0.1187, 0.1826],
        [0.0157, 0.0432, 0.0665]])
2024-03-01 22:39:03,835 | INFO | hilo.kernel-accessor : Fetching kernel: gaussian
2024-03-01 22:39:03,835 | INFO | hilo.gaussian-kernel : Calculating Gaussian distribution (location: -0.2360096275806427, scale 1.3489593267440796)
2024-03-01 22:39:03,835 | INFO | hilo.gaussian-kernel : BOTTOM-RIGHT:
tensor([[0.0178, 0.0463, 0.0694],
        [0.0463, 0.1203, 0.1802],
        [0.0694, 0.1802, 0.2700]])
2024-03-01 22:39:03,835 | INFO | hilo.kernel-accessor : Fetching kernel: gaussian
2024-03-01 22:39:03,836 | INFO | hilo.gaussian-kernel : Calculating Gaussian distribution (location: -0.1467074751853943, scale 1.1669461727142334)
2024-03-01 22:39:03,836 | INFO | hilo.gaussian-kernel : TOP-RIGHT:
tensor([[0.0568, 0.1904, 0.3061],
        [0.0353, 0.1184, 0.1904],
        [0.0105, 0.0353, 0.0568]])
2024-03-01 22:39:03,836 | INFO | hilo.kernel-accessor : Fetching kernel: gaussian
2024-03-01 22:39:03,836 | INFO | hilo.gaussian-kernel : Calculating Gaussian distribution (location: -0.21004793047904968, scale 1.379045844078064)
2024-03-01 22:39:03,837 | INFO | hilo.gaussian-kernel : BOTTOM-RIGHT:
tensor([[0.0202, 0.0498, 0.0723],
        [0.0498, 0.1223, 0.1777],
        [0.0723, 0.1777, 0.2581]])
2024-03-01 22:39:03,837 | INFO | hilo.kernel-accessor : Fetching kernel: gaussian
2024-03-01 22:39:03,837 | INFO | hilo.gaussian-kernel : Calculating Gaussian distribution (location: -0.13957852125167847, scale 1.2796869277954102)
2024-03-01 22:39:03,838 | INFO | hilo.gaussian-kernel : TOP-RIGHT:
tensor([[0.0671, 0.1825, 0.2698],
        [0.0454, 0.1235, 0.1825],
        [0.0167, 0.0454, 0.0671]])
2024-03-01 22:39:03,838 | INFO | hilo.kernel-accessor : Fetching kernel: gaussian
2024-03-01 22:39:03,838 | INFO | hilo.gaussian-kernel : Calculating Gaussian distribution (location: -0.07227202504873276, scale 1.2682305574417114)
2024-03-01 22:39:03,839 | INFO | hilo.gaussian-kernel : TOP-RIGHT:
tensor([[0.0683, 0.1816, 0.2592],
        [0.0479, 0.1272, 0.1816],
        [0.0180, 0.0479, 0.0683]])
2024-03-01 22:39:03,839 | INFO | hilo.kernel-accessor : Fetching kernel: gaussian
2024-03-01 22:39:03,839 | INFO | hilo.gaussian-kernel : Calculating Gaussian distribution (location: -0.024225670844316483, scale 0.9740555286407471)
2024-03-01 22:39:03,839 | INFO | hilo.gaussian-kernel : BOTTOM-RIGHT:
tensor([[0.0047, 0.0232, 0.0404],
        [0.0232, 0.1158, 0.2013],
        [0.0404, 0.2013, 0.3497]])
2024-03-01 22:39:03,839 | INFO | hilo.kernel-accessor : Fetching kernel: gaussian
2024-03-01 22:39:03,840 | INFO | hilo.gaussian-kernel : Calculating Gaussian distribution (location: -0.01111594308167696, scale 1.0821560621261597)
2024-03-01 22:39:03,840 | INFO | hilo.gaussian-kernel : BOTTOM-RIGHT:
tensor([[0.0095, 0.0345, 0.0534],
        [0.0345, 0.1255, 0.1942],
        [0.0534, 0.1942, 0.3005]])
2024-03-01 22:39:03,840 | INFO | hilo.kernel-accessor : Fetching kernel: gaussian
2024-03-01 22:39:03,841 | INFO | hilo.gaussian-kernel : Calculating Gaussian distribution (location: -0.08141651749610901, scale 1.2553589344024658)
2024-03-01 22:39:03,841 | INFO | hilo.gaussian-kernel : BOTTOM-RIGHT:
tensor([[0.0170, 0.0463, 0.0670],
        [0.0463, 0.1264, 0.1828],
        [0.0670, 0.1828, 0.2643]])
2024-03-01 22:39:03,841 | INFO | hilo.kernel-accessor : Fetching kernel: gaussian
2024-03-01 22:39:03,841 | INFO | hilo.gaussian-kernel : Calculating Gaussian distribution (location: -0.363872766494751, scale 1.8516440391540527)
2024-03-01 22:39:03,842 | INFO | hilo.gaussian-kernel : TOP-RIGHT:
tensor([[0.0909, 0.1565, 0.2013],
        [0.0706, 0.1216, 0.1565],
        [0.0410, 0.0706, 0.0909]])
2024-03-01 22:40:24,411 | INFO | hilo : Epoch   2/200 | Accuracy:  42.6758 | Loss:   1.6448
2024-03-01 22:40:24,412 | INFO | hilo.kernel-accessor : Fetching kernel: gaussian
2024-03-01 22:40:24,412 | INFO | hilo.gaussian-kernel : Calculating Gaussian distribution (location: 0.005846275947988033, scale 0.6558906435966492)
2024-03-01 22:40:24,413 | INFO | hilo.gaussian-kernel : TOP-RIGHT:
tensor([[5.5855e-03, 1.8008e-01, 5.6798e-01],
        [1.7709e-03, 5.7095e-02, 1.8008e-01],
        [5.4929e-05, 1.7709e-03, 5.5855e-03]])
2024-03-01 22:40:24,413 | INFO | hilo.kernel-accessor : Fetching kernel: gaussian
2024-03-01 22:40:24,413 | INFO | hilo.gaussian-kernel : Calculating Gaussian distribution (location: -0.7269265055656433, scale 1.7256824970245361)
2024-03-01 22:40:24,414 | INFO | hilo.gaussian-kernel : BOTTOM-RIGHT:
tensor([[0.0252, 0.0532, 0.0803],
        [0.0532, 0.1124, 0.1696],
        [0.0803, 0.1696, 0.2561]])
2024-03-01 22:40:24,414 | INFO | hilo.kernel-accessor : Fetching kernel: gaussian
2024-03-01 22:40:24,414 | INFO | hilo.gaussian-kernel : Calculating Gaussian distribution (location: -0.41836270689964294, scale 1.1117697954177856)
2024-03-01 22:40:24,415 | INFO | hilo.gaussian-kernel : BOTTOM-RIGHT:
tensor([[0.0041, 0.0193, 0.0405],
        [0.0193, 0.0911, 0.1914],
        [0.0405, 0.1914, 0.4024]])
2024-03-01 22:40:24,415 | INFO | hilo.kernel-accessor : Fetching kernel: gaussian
2024-03-01 22:40:24,415 | INFO | hilo.gaussian-kernel : Calculating Gaussian distribution (location: -0.40963923931121826, scale 1.1250550746917725)
2024-03-01 22:40:24,416 | INFO | hilo.gaussian-kernel : BOTTOM-RIGHT:
tensor([[0.0046, 0.0207, 0.0424],
        [0.0207, 0.0934, 0.1915],
        [0.0424, 0.1915, 0.3930]])
2024-03-01 22:40:24,416 | INFO | hilo.kernel-accessor : Fetching kernel: gaussian
2024-03-01 22:40:24,416 | INFO | hilo.gaussian-kernel : Calculating Gaussian distribution (location: -0.28137505054473877, scale 1.1292475461959839)
2024-03-01 22:40:24,417 | INFO | hilo.gaussian-kernel : TOP-RIGHT:
tensor([[0.0477, 0.1929, 0.3560],
        [0.0259, 0.1045, 0.1929],
        [0.0064, 0.0259, 0.0477]])
2024-03-01 22:40:24,417 | INFO | hilo.kernel-accessor : Fetching kernel: gaussian
2024-03-01 22:40:24,417 | INFO | hilo.gaussian-kernel : Calculating Gaussian distribution (location: -0.15421780943870544, scale 0.9586299061775208)
2024-03-01 22:40:24,418 | INFO | hilo.gaussian-kernel : BOTTOM-RIGHT:
tensor([[0.0027, 0.0161, 0.0328],
        [0.0161, 0.0975, 0.1986],
        [0.0328, 0.1986, 0.4048]])
2024-03-01 22:40:24,418 | INFO | hilo.kernel-accessor : Fetching kernel: gaussian
2024-03-01 22:40:24,418 | INFO | hilo.gaussian-kernel : Calculating Gaussian distribution (location: -0.41300076246261597, scale 1.1930803060531616)
2024-03-01 22:40:24,419 | INFO | hilo.gaussian-kernel : TOP-RIGHT:
tensor([[0.0496, 0.1902, 0.3612],
        [0.0261, 0.1001, 0.1902],
        [0.0068, 0.0261, 0.0496]])
2024-03-01 22:40:24,419 | INFO | hilo.kernel-accessor : Fetching kernel: gaussian
2024-03-01 22:40:24,419 | INFO | hilo.gaussian-kernel : Calculating Gaussian distribution (location: -0.2671157121658325, scale 1.0158714056015015)
2024-03-01 22:40:24,420 | INFO | hilo.gaussian-kernel : BOTTOM-RIGHT:
tensor([[0.0030, 0.0167, 0.0352],
        [0.0167, 0.0928, 0.1951],
        [0.0352, 0.1951, 0.4102]])
2024-03-01 22:40:24,420 | INFO | hilo.kernel-accessor : Fetching kernel: gaussian
2024-03-01 22:40:24,420 | INFO | hilo.gaussian-kernel : Calculating Gaussian distribution (location: -0.2684394121170044, scale 1.1479946374893188)
2024-03-01 22:40:24,421 | INFO | hilo.gaussian-kernel : TOP-RIGHT:
tensor([[0.0502, 0.1922, 0.3444],
        [0.0280, 0.1073, 0.1922],
        [0.0073, 0.0280, 0.0502]])
2024-03-01 22:40:24,421 | INFO | hilo.kernel-accessor : Fetching kernel: gaussian
2024-03-01 22:40:24,421 | INFO | hilo.gaussian-kernel : Calculating Gaussian distribution (location: -0.12189508974552155, scale 0.9160517454147339)
2024-03-01 22:40:24,422 | INFO | hilo.gaussian-kernel : TOP-RIGHT:
tensor([[0.0289, 0.1995, 0.4186],
        [0.0138, 0.0951, 0.1995],
        [0.0020, 0.0138, 0.0289]])
2024-03-01 22:40:24,422 | INFO | hilo.kernel-accessor : Fetching kernel: gaussian
2024-03-01 22:40:24,422 | INFO | hilo.gaussian-kernel : Calculating Gaussian distribution (location: -0.21251827478408813, scale 1.2037162780761719)
2024-03-01 22:40:24,423 | INFO | hilo.gaussian-kernel : TOP-RIGHT:
tensor([[0.0579, 0.1889, 0.3089],
        [0.0354, 0.1155, 0.1889],
        [0.0109, 0.0354, 0.0579]])
2024-03-01 22:40:24,423 | INFO | hilo.kernel-accessor : Fetching kernel: gaussian
2024-03-01 22:40:24,423 | INFO | hilo.gaussian-kernel : Calculating Gaussian distribution (location: -0.09373040497303009, scale 1.3018659353256226)
2024-03-01 22:40:24,424 | INFO | hilo.gaussian-kernel : TOP-RIGHT:
tensor([[0.0702, 0.1798, 0.2552],
        [0.0495, 0.1266, 0.1798],
        [0.0193, 0.0495, 0.0702]])
2024-03-01 22:40:24,424 | INFO | hilo.kernel-accessor : Fetching kernel: gaussian
2024-03-01 22:40:24,424 | INFO | hilo.gaussian-kernel : Calculating Gaussian distribution (location: -0.056849122047424316, scale 1.4046530723571777)
2024-03-01 22:40:24,425 | INFO | hilo.gaussian-kernel : TOP-RIGHT:
tensor([[0.0779, 0.1715, 0.2275],
        [0.0588, 0.1294, 0.1715],
        [0.0267, 0.0588, 0.0779]])
2024-03-01 22:40:24,425 | INFO | hilo.kernel-accessor : Fetching kernel: gaussian
2024-03-01 22:40:24,426 | INFO | hilo.gaussian-kernel : Calculating Gaussian distribution (location: -0.06748851388692856, scale 1.099712610244751)
2024-03-01 22:40:24,426 | INFO | hilo.gaussian-kernel : TOP-RIGHT:
tensor([[0.0530, 0.1938, 0.3098],
        [0.0332, 0.1212, 0.1938],
        [0.0091, 0.0332, 0.0530]])
2024-03-01 22:40:24,426 | INFO | hilo.kernel-accessor : Fetching kernel: gaussian
2024-03-01 22:40:24,427 | INFO | hilo.gaussian-kernel : Calculating Gaussian distribution (location: -0.04240825027227402, scale 1.223897099494934)
2024-03-01 22:40:24,427 | INFO | hilo.gaussian-kernel : BOTTOM-RIGHT:
tensor([[0.0163, 0.0458, 0.0657],
        [0.0458, 0.1281, 0.1841],
        [0.0657, 0.1841, 0.2644]])
2024-03-01 22:40:24,427 | INFO | hilo.kernel-accessor : Fetching kernel: gaussian
2024-03-01 22:40:24,428 | INFO | hilo.gaussian-kernel : Calculating Gaussian distribution (location: -0.12269993126392365, scale 1.1907719373703003)
2024-03-01 22:40:24,428 | INFO | hilo.gaussian-kernel : TOP-RIGHT:
tensor([[0.0600, 0.1884, 0.2922],
        [0.0387, 0.1214, 0.1884],
        [0.0123, 0.0387, 0.0600]])
2024-03-01 22:40:24,428 | INFO | hilo.kernel-accessor : Fetching kernel: gaussian
2024-03-01 22:40:24,429 | INFO | hilo.gaussian-kernel : Calculating Gaussian distribution (location: -0.13356313109397888, scale 1.1151905059814453)
2024-03-01 22:40:24,429 | INFO | hilo.gaussian-kernel : BOTTOM-RIGHT:
tensor([[0.0084, 0.0313, 0.0520],
        [0.0313, 0.1162, 0.1934],
        [0.0520, 0.1934, 0.3220]])
2024-03-01 22:41:44,946 | INFO | hilo : Epoch   3/200 | Accuracy:  40.0000 | Loss:   1.3611
2024-03-01 22:41:44,946 | INFO | hilo.kernel-accessor : Fetching kernel: gaussian
2024-03-01 22:41:44,947 | INFO | hilo.gaussian-kernel : Calculating Gaussian distribution (location: -0.025418326258659363, scale 0.6278911232948303)
2024-03-01 22:41:44,948 | INFO | hilo.gaussian-kernel : BOTTOM-RIGHT:
tensor([[1.8818e-05, 9.0146e-04, 3.4177e-03],
        [9.0146e-04, 4.3183e-02, 1.6372e-01],
        [3.4177e-03, 1.6372e-01, 6.2072e-01]])
2024-03-01 22:41:44,948 | INFO | hilo.kernel-accessor : Fetching kernel: gaussian
2024-03-01 22:41:44,948 | INFO | hilo.gaussian-kernel : Calculating Gaussian distribution (location: -0.794678807258606, scale 1.7226508855819702)
2024-03-01 22:41:44,949 | INFO | hilo.gaussian-kernel : BOTTOM-RIGHT:
tensor([[0.0235, 0.0510, 0.0789],
        [0.0510, 0.1105, 0.1709],
        [0.0789, 0.1709, 0.2644]])
2024-03-01 22:41:44,949 | INFO | hilo.kernel-accessor : Fetching kernel: gaussian
2024-03-01 22:41:44,949 | INFO | hilo.gaussian-kernel : Calculating Gaussian distribution (location: -0.3639105260372162, scale 1.0245105028152466)
2024-03-01 22:41:44,950 | INFO | hilo.gaussian-kernel : BOTTOM-RIGHT:
tensor([[0.0024, 0.0143, 0.0325],
        [0.0143, 0.0842, 0.1917],
        [0.0325, 0.1917, 0.4366]])
2024-03-01 22:41:44,950 | INFO | hilo.kernel-accessor : Fetching kernel: gaussian
2024-03-01 22:41:44,950 | INFO | hilo.gaussian-kernel : Calculating Gaussian distribution (location: -0.26289114356040955, scale 0.9016296863555908)
2024-03-01 22:41:44,951 | INFO | hilo.gaussian-kernel : TOP-RIGHT:
tensor([[0.0217, 0.1897, 0.4850],
        [0.0085, 0.0742, 0.1897],
        [0.0010, 0.0085, 0.0217]])
2024-03-01 22:41:44,951 | INFO | hilo.kernel-accessor : Fetching kernel: gaussian
2024-03-01 22:41:44,951 | INFO | hilo.gaussian-kernel : Calculating Gaussian distribution (location: -0.16208112239837646, scale 0.9669387340545654)
2024-03-01 22:41:44,952 | INFO | hilo.gaussian-kernel : TOP-RIGHT:
tensor([[0.0335, 0.1984, 0.4027],
        [0.0165, 0.0977, 0.1984],
        [0.0028, 0.0165, 0.0335]])
2024-03-01 22:41:44,952 | INFO | hilo.kernel-accessor : Fetching kernel: gaussian
2024-03-01 22:41:44,952 | INFO | hilo.gaussian-kernel : Calculating Gaussian distribution (location: -0.11011260747909546, scale 0.8476064205169678)
2024-03-01 22:41:44,953 | INFO | hilo.gaussian-kernel : BOTTOM-RIGHT:
tensor([[0.0010, 0.0090, 0.0210],
        [0.0090, 0.0843, 0.1971],
        [0.0210, 0.1971, 0.4607]])
2024-03-01 22:41:44,953 | INFO | hilo.kernel-accessor : Fetching kernel: gaussian
2024-03-01 22:41:44,953 | INFO | hilo.gaussian-kernel : Calculating Gaussian distribution (location: -0.3540957570075989, scale 1.1270016431808472)
2024-03-01 22:41:44,954 | INFO | hilo.gaussian-kernel : BOTTOM-RIGHT:
tensor([[0.0053, 0.0228, 0.0447],
        [0.0228, 0.0982, 0.1924],
        [0.0447, 0.1924, 0.3768]])
2024-03-01 22:41:44,954 | INFO | hilo.kernel-accessor : Fetching kernel: gaussian
2024-03-01 22:41:44,954 | INFO | hilo.gaussian-kernel : Calculating Gaussian distribution (location: -0.18783274292945862, scale 0.8353897333145142)
2024-03-01 22:41:44,955 | INFO | hilo.gaussian-kernel : TOP-RIGHT:
tensor([[0.0168, 0.1887, 0.5055],
        [0.0063, 0.0704, 0.1887],
        [0.0006, 0.0063, 0.0168]])
2024-03-01 22:41:44,955 | INFO | hilo.kernel-accessor : Fetching kernel: gaussian
2024-03-01 22:41:44,955 | INFO | hilo.gaussian-kernel : Calculating Gaussian distribution (location: -0.21273159980773926, scale 0.9366207122802734)
2024-03-01 22:41:44,956 | INFO | hilo.gaussian-kernel : BOTTOM-RIGHT:
tensor([[0.0017, 0.0123, 0.0277],
        [0.0123, 0.0867, 0.1955],
        [0.0277, 0.1955, 0.4405]])
2024-03-01 22:41:44,956 | INFO | hilo.kernel-accessor : Fetching kernel: gaussian
2024-03-01 22:41:44,956 | INFO | hilo.gaussian-kernel : Calculating Gaussian distribution (location: -0.14458531141281128, scale 0.8076528310775757)
2024-03-01 22:41:44,957 | INFO | hilo.gaussian-kernel : BOTTOM-RIGHT:
tensor([[4.5520e-04, 5.6642e-03, 1.5216e-02],
        [5.6642e-03, 7.0483e-02, 1.8934e-01],
        [1.5216e-02, 1.8934e-01, 5.0862e-01]])
2024-03-01 22:41:44,957 | INFO | hilo.kernel-accessor : Fetching kernel: gaussian
2024-03-01 22:41:44,957 | INFO | hilo.gaussian-kernel : Calculating Gaussian distribution (location: -0.32078221440315247, scale 1.0136100053787231)
2024-03-01 22:41:44,958 | INFO | hilo.gaussian-kernel : TOP-RIGHT:
tensor([[0.0328, 0.1931, 0.4293],
        [0.0148, 0.0869, 0.1931],
        [0.0025, 0.0148, 0.0328]])
2024-03-01 22:41:44,958 | INFO | hilo.kernel-accessor : Fetching kernel: gaussian
2024-03-01 22:41:44,958 | INFO | hilo.gaussian-kernel : Calculating Gaussian distribution (location: -0.05253110080957413, scale 0.8300068378448486)
2024-03-01 22:41:44,959 | INFO | hilo.gaussian-kernel : TOP-RIGHT:
tensor([[0.0211, 0.2005, 0.4471],
        [0.0094, 0.0899, 0.2005],
        [0.0010, 0.0094, 0.0211]])
2024-03-01 22:41:44,959 | INFO | hilo.kernel-accessor : Fetching kernel: gaussian
2024-03-01 22:41:44,959 | INFO | hilo.gaussian-kernel : Calculating Gaussian distribution (location: 0.05167904496192932, scale 0.9545484781265259)
2024-03-01 22:41:44,960 | INFO | hilo.gaussian-kernel : TOP-RIGHT:
tensor([[0.0414, 0.2028, 0.3318],
        [0.0253, 0.1240, 0.2028],
        [0.0052, 0.0253, 0.0414]])
2024-03-01 22:41:44,960 | INFO | hilo.kernel-accessor : Fetching kernel: gaussian
2024-03-01 22:41:44,960 | INFO | hilo.gaussian-kernel : Calculating Gaussian distribution (location: 0.10902895033359528, scale 0.7759763598442078)
2024-03-01 22:41:44,961 | INFO | hilo.gaussian-kernel : TOP-RIGHT:
tensor([[0.0209, 0.2108, 0.4035],
        [0.0109, 0.1101, 0.2108],
        [0.0011, 0.0109, 0.0209]])
2024-03-01 22:41:44,961 | INFO | hilo.kernel-accessor : Fetching kernel: gaussian
2024-03-01 22:41:44,961 | INFO | hilo.gaussian-kernel : Calculating Gaussian distribution (location: 0.06628179550170898, scale 1.005871057510376)
2024-03-01 22:41:44,962 | INFO | hilo.gaussian-kernel : BOTTOM-RIGHT:
tensor([[0.0076, 0.0314, 0.0482],
        [0.0314, 0.1296, 0.1990],
        [0.0482, 0.1990, 0.3055]])
2024-03-01 22:41:44,962 | INFO | hilo.kernel-accessor : Fetching kernel: gaussian
2024-03-01 22:41:44,962 | INFO | hilo.gaussian-kernel : Calculating Gaussian distribution (location: 0.08971783518791199, scale 1.2172421216964722)
2024-03-01 22:41:44,963 | INFO | hilo.gaussian-kernel : TOP-RIGHT:
tensor([[0.0696, 0.1803, 0.2378],
        [0.0528, 0.1367, 0.1803],
        [0.0204, 0.0528, 0.0696]])
2024-03-01 22:41:44,963 | INFO | hilo.kernel-accessor : Fetching kernel: gaussian
2024-03-01 22:41:44,963 | INFO | hilo.gaussian-kernel : Calculating Gaussian distribution (location: -0.8132691383361816, scale 1.9234259128570557)
2024-03-01 22:41:44,964 | INFO | hilo.gaussian-kernel : TOP-RIGHT:
tensor([[0.0870, 0.1626, 0.2319],
        [0.0610, 0.1140, 0.1626],
        [0.0327, 0.0610, 0.0870]])
2024-03-01 22:43:05,523 | INFO | hilo : Epoch   4/200 | Accuracy:  53.1250 | Loss:   1.4199
2024-03-01 22:43:05,523 | INFO | hilo.kernel-accessor : Fetching kernel: gaussian
2024-03-01 22:43:05,523 | INFO | hilo.gaussian-kernel : Calculating Gaussian distribution (location: -0.006552680861204863, scale 0.669927716255188)
2024-03-01 22:43:05,524 | INFO | hilo.gaussian-kernel : BOTTOM-RIGHT:
tensor([[7.1311e-05, 2.0465e-03, 6.3268e-03],
        [2.0465e-03, 5.8730e-02, 1.8157e-01],
        [6.3268e-03, 1.8157e-01, 5.6132e-01]])
2024-03-01 22:43:05,524 | INFO | hilo.kernel-accessor : Fetching kernel: gaussian
2024-03-01 22:43:05,525 | INFO | hilo.gaussian-kernel : Calculating Gaussian distribution (location: -0.9435834884643555, scale 1.9419063329696655)
2024-03-01 22:43:05,525 | INFO | hilo.gaussian-kernel : BOTTOM-RIGHT:
tensor([[0.0306, 0.0585, 0.0858],
        [0.0585, 0.1119, 0.1641],
        [0.0858, 0.1641, 0.2406]])
2024-03-01 22:43:05,526 | INFO | hilo.kernel-accessor : Fetching kernel: gaussian
2024-03-01 22:43:05,526 | INFO | hilo.gaussian-kernel : Calculating Gaussian distribution (location: -0.4407663643360138, scale 1.2015810012817383)
2024-03-01 22:43:05,526 | INFO | hilo.gaussian-kernel : TOP-RIGHT:
tensor([[0.0495, 0.1898, 0.3642],
        [0.0258, 0.0989, 0.1898],
        [0.0067, 0.0258, 0.0495]])
2024-03-01 22:43:05,527 | INFO | hilo.kernel-accessor : Fetching kernel: gaussian
2024-03-01 22:43:05,527 | INFO | hilo.gaussian-kernel : Calculating Gaussian distribution (location: -0.32923054695129395, scale 0.9513142108917236)
2024-03-01 22:43:05,527 | INFO | hilo.gaussian-kernel : TOP-RIGHT:
tensor([[0.0251, 0.1895, 0.4737],
        [0.0100, 0.0758, 0.1895],
        [0.0013, 0.0100, 0.0251]])
2024-03-01 22:43:05,528 | INFO | hilo.kernel-accessor : Fetching kernel: gaussian
2024-03-01 22:43:05,528 | INFO | hilo.gaussian-kernel : Calculating Gaussian distribution (location: -0.11518275737762451, scale 0.8782322406768799)
2024-03-01 22:43:05,528 | INFO | hilo.gaussian-kernel : BOTTOM-RIGHT:
tensor([[0.0014, 0.0110, 0.0245],
        [0.0110, 0.0895, 0.1986],
        [0.0245, 0.1986, 0.4410]])
2024-03-01 22:43:05,529 | INFO | hilo.kernel-accessor : Fetching kernel: gaussian
2024-03-01 22:43:05,529 | INFO | hilo.gaussian-kernel : Calculating Gaussian distribution (location: -0.08381117880344391, scale 0.7380849123001099)
2024-03-01 22:43:05,530 | INFO | hilo.gaussian-kernel : BOTTOM-RIGHT:
tensor([[1.8884e-04, 3.4572e-03, 1.0096e-02],
        [3.4572e-03, 6.3293e-02, 1.8483e-01],
        [1.0096e-02, 1.8483e-01, 5.3975e-01]])
2024-03-01 22:43:05,530 | INFO | hilo.kernel-accessor : Fetching kernel: gaussian
2024-03-01 22:43:05,530 | INFO | hilo.gaussian-kernel : Calculating Gaussian distribution (location: -0.3229004442691803, scale 0.8899109363555908)
2024-03-01 22:43:05,531 | INFO | hilo.gaussian-kernel : TOP-RIGHT:
tensor([[0.0183, 0.1833, 0.5182],
        [0.0065, 0.0649, 0.1833],
        [0.0006, 0.0065, 0.0183]])
2024-03-01 22:43:05,531 | INFO | hilo.kernel-accessor : Fetching kernel: gaussian
2024-03-01 22:43:05,531 | INFO | hilo.gaussian-kernel : Calculating Gaussian distribution (location: -0.12790925800800323, scale 0.601975679397583)
2024-03-01 22:43:05,532 | INFO | hilo.gaussian-kernel : TOP-RIGHT:
tensor([[1.4243e-03, 1.2724e-01, 7.1968e-01],
        [2.5182e-04, 2.2495e-02, 1.2724e-01],
        [2.8189e-06, 2.5182e-04, 1.4243e-03]])
2024-03-01 22:43:05,532 | INFO | hilo.kernel-accessor : Fetching kernel: gaussian
2024-03-01 22:43:05,532 | INFO | hilo.gaussian-kernel : Calculating Gaussian distribution (location: -0.10500651597976685, scale 0.6329535841941833)
2024-03-01 22:43:05,533 | INFO | hilo.gaussian-kernel : TOP-RIGHT:
tensor([[2.6797e-03, 1.4722e-01, 6.6650e-01],
        [5.9189e-04, 3.2517e-02, 1.4722e-01],
        [1.0774e-05, 5.9189e-04, 2.6797e-03]])
2024-03-01 22:43:05,533 | INFO | hilo.kernel-accessor : Fetching kernel: gaussian
2024-03-01 22:43:05,533 | INFO | hilo.gaussian-kernel : Calculating Gaussian distribution (location: -0.08870522677898407, scale 0.5560240745544434)
2024-03-01 22:43:05,534 | INFO | hilo.gaussian-kernel : TOP-RIGHT:
tensor([[6.6075e-04, 1.1266e-01, 7.5638e-01],
        [9.8414e-05, 1.6780e-02, 1.1266e-01],
        [5.7721e-07, 9.8414e-05, 6.6075e-04]])
2024-03-01 22:43:05,534 | INFO | hilo.kernel-accessor : Fetching kernel: gaussian
2024-03-01 22:43:05,534 | INFO | hilo.gaussian-kernel : Calculating Gaussian distribution (location: -0.13718682527542114, scale 0.6017922759056091)
2024-03-01 22:43:05,535 | INFO | hilo.gaussian-kernel : BOTTOM-RIGHT:
tensor([[2.5457e-06, 2.3395e-04, 1.3590e-03],
        [2.3395e-04, 2.1499e-02, 1.2489e-01],
        [1.3590e-03, 1.2489e-01, 7.2553e-01]])
2024-03-01 22:43:05,535 | INFO | hilo.kernel-accessor : Fetching kernel: gaussian
2024-03-01 22:43:05,535 | INFO | hilo.gaussian-kernel : Calculating Gaussian distribution (location: -0.013312079943716526, scale 0.5397190451622009)
2024-03-01 22:43:05,536 | INFO | hilo.gaussian-kernel : TOP-RIGHT:
tensor([[6.9213e-04, 1.2485e-01, 7.2725e-01],
        [1.1882e-04, 2.1433e-02, 1.2485e-01],
        [6.5870e-07, 1.1882e-04, 6.9213e-04]])
2024-03-01 22:43:05,536 | INFO | hilo.kernel-accessor : Fetching kernel: gaussian
2024-03-01 22:43:05,536 | INFO | hilo.gaussian-kernel : Calculating Gaussian distribution (location: 0.026401914656162262, scale 0.6126149296760559)
2024-03-01 22:43:05,537 | INFO | hilo.gaussian-kernel : TOP-RIGHT:
tensor([[3.3605e-03, 1.7047e-01, 6.0215e-01],
        [9.5138e-04, 4.8262e-02, 1.7047e-01],
        [1.8754e-05, 9.5138e-04, 3.3605e-03]])
2024-03-01 22:43:05,537 | INFO | hilo.kernel-accessor : Fetching kernel: gaussian
2024-03-01 22:43:05,537 | INFO | hilo.gaussian-kernel : Calculating Gaussian distribution (location: 0.05876579508185387, scale 0.4990745186805725)
2024-03-01 22:43:05,538 | INFO | hilo.gaussian-kernel : TOP-RIGHT:
tensor([[3.8094e-04, 1.2412e-01, 7.2976e-01],
        [6.4791e-05, 2.1110e-02, 1.2412e-01],
        [1.9886e-07, 6.4791e-05, 3.8094e-04]])
2024-03-01 22:43:05,538 | INFO | hilo.kernel-accessor : Fetching kernel: gaussian
2024-03-01 22:43:05,538 | INFO | hilo.gaussian-kernel : Calculating Gaussian distribution (location: 0.01916053518652916, scale 0.49980607628822327)
2024-03-01 22:43:05,539 | INFO | hilo.gaussian-kernel : BOTTOM-RIGHT:
tensor([[1.1496e-07, 4.3155e-05, 2.9579e-04],
        [4.3155e-05, 1.6200e-02, 1.1104e-01],
        [2.9579e-04, 1.1104e-01, 7.6105e-01]])
2024-03-01 22:43:05,539 | INFO | hilo.kernel-accessor : Fetching kernel: gaussian
2024-03-01 22:43:05,539 | INFO | hilo.gaussian-kernel : Calculating Gaussian distribution (location: -0.022231973707675934, scale 0.5479936003684998)
2024-03-01 22:43:05,540 | INFO | hilo.gaussian-kernel : BOTTOM-RIGHT:
tensor([[8.8130e-07, 1.4015e-04, 7.9774e-04],
        [1.4015e-04, 2.2288e-02, 1.2686e-01],
        [7.9774e-04, 1.2686e-01, 7.2211e-01]])
2024-03-01 22:43:05,540 | INFO | hilo.kernel-accessor : Fetching kernel: gaussian
2024-03-01 22:43:05,540 | INFO | hilo.gaussian-kernel : Calculating Gaussian distribution (location: -0.018954487517476082, scale 0.639376699924469)
2024-03-01 22:43:05,541 | INFO | hilo.gaussian-kernel : TOP-RIGHT:
tensor([[4.1238e-03, 1.6942e-01, 6.0296e-01],
        [1.1587e-03, 4.7605e-02, 1.6942e-01],
        [2.8204e-05, 1.1587e-03, 4.1238e-03]])
2024-03-01 22:44:26,115 | INFO | hilo : Epoch   5/200 | Accuracy:  53.9062 | Loss:   1.3147
2024-03-01 22:44:26,116 | INFO | hilo.kernel-accessor : Fetching kernel: gaussian
2024-03-01 22:44:26,116 | INFO | hilo.gaussian-kernel : Calculating Gaussian distribution (location: -0.03817670792341232, scale 0.7350349426269531)
2024-03-01 22:44:26,117 | INFO | hilo.gaussian-kernel : TOP-RIGHT:
tensor([[1.1078e-02, 1.9094e-01, 5.1702e-01],
        [4.0912e-03, 7.0517e-02, 1.9094e-01],
        [2.3736e-04, 4.0912e-03, 1.1078e-02]])
2024-03-01 22:44:26,117 | INFO | hilo.kernel-accessor : Fetching kernel: gaussian
2024-03-01 22:44:26,117 | INFO | hilo.gaussian-kernel : Calculating Gaussian distribution (location: -1.0238795280456543, scale 2.1348187923431396)
2024-03-01 22:44:26,118 | INFO | hilo.gaussian-kernel : BOTTOM-RIGHT:
tensor([[0.0374, 0.0651, 0.0909],
        [0.0651, 0.1132, 0.1582],
        [0.0909, 0.1582, 0.2210]])
2024-03-01 22:44:26,118 | INFO | hilo.kernel-accessor : Fetching kernel: gaussian
2024-03-01 22:44:26,118 | INFO | hilo.gaussian-kernel : Calculating Gaussian distribution (location: -0.44058746099472046, scale 1.2089346647262573)
2024-03-01 22:44:26,118 | INFO | hilo.gaussian-kernel : TOP-RIGHT:
tensor([[0.0503, 0.1896, 0.3609],
        [0.0264, 0.0996, 0.1896],
        [0.0070, 0.0264, 0.0503]])
2024-03-01 22:44:26,119 | INFO | hilo.kernel-accessor : Fetching kernel: gaussian
2024-03-01 22:44:26,119 | INFO | hilo.gaussian-kernel : Calculating Gaussian distribution (location: -0.3040758967399597, scale 0.9784168601036072)
2024-03-01 22:44:26,119 | INFO | hilo.gaussian-kernel : BOTTOM-RIGHT:
tensor([[0.0019, 0.0126, 0.0293],
        [0.0126, 0.0831, 0.1926],
        [0.0293, 0.1926, 0.4460]])
2024-03-01 22:44:26,119 | INFO | hilo.kernel-accessor : Fetching kernel: gaussian
2024-03-01 22:44:26,120 | INFO | hilo.gaussian-kernel : Calculating Gaussian distribution (location: -0.14305968582630157, scale 0.8916761875152588)
2024-03-01 22:44:26,120 | INFO | hilo.gaussian-kernel : TOP-RIGHT:
tensor([[0.0250, 0.1975, 0.4434],
        [0.0111, 0.0880, 0.1975],
        [0.0014, 0.0111, 0.0250]])
2024-03-01 22:44:26,120 | INFO | hilo.kernel-accessor : Fetching kernel: gaussian
2024-03-01 22:44:26,120 | INFO | hilo.gaussian-kernel : Calculating Gaussian distribution (location: -0.16040262579917908, scale 0.7398533821105957)
2024-03-01 22:44:26,121 | INFO | hilo.gaussian-kernel : BOTTOM-RIGHT:
tensor([[1.2033e-04, 2.4988e-03, 8.3503e-03],
        [2.4988e-03, 5.1892e-02, 1.7341e-01],
        [8.3503e-03, 1.7341e-01, 5.7947e-01]])
2024-03-01 22:44:26,121 | INFO | hilo.kernel-accessor : Fetching kernel: gaussian
2024-03-01 22:44:26,121 | INFO | hilo.gaussian-kernel : Calculating Gaussian distribution (location: -0.33976683020591736, scale 0.8671959042549133)
2024-03-01 22:44:26,122 | INFO | hilo.gaussian-kernel : BOTTOM-RIGHT:
tensor([[4.3733e-04, 5.0498e-03, 1.5425e-02],
        [5.0498e-03, 5.8309e-02, 1.7811e-01],
        [1.5425e-02, 1.7811e-01, 5.4408e-01]])
2024-03-01 22:44:26,122 | INFO | hilo.kernel-accessor : Fetching kernel: gaussian
2024-03-01 22:44:26,122 | INFO | hilo.gaussian-kernel : Calculating Gaussian distribution (location: -0.13395220041275024, scale 0.6682758927345276)
2024-03-01 22:44:26,123 | INFO | hilo.gaussian-kernel : TOP-RIGHT:
tensor([[4.0002e-03, 1.5525e-01, 6.4199e-01],
        [9.6735e-04, 3.7544e-02, 1.5525e-01],
        [2.4925e-05, 9.6735e-04, 4.0002e-03]])
2024-03-01 22:44:26,123 | INFO | hilo.kernel-accessor : Fetching kernel: gaussian
