2024-03-06 02:39:43,759 | INFO | hilo : 
+==============================================================+
|                                                              |
| ██████╗  █████╗ ██████╗ ██╗         ██╗      █████╗ ██████╗  |
| ██╔══██╗██╔══██╗██╔══██╗██║         ██║     ██╔══██╗██╔══██╗ |
| ██║  ██║███████║██║  ██║██║         ██║     ███████║██████╔╝ |
| ██║  ██║██╔══██║██║  ██║██║         ██║     ██╔══██║██╔══██╗ |
| ██████╔╝██║  ██║██████╔╝███████╗    ███████╗██║  ██║██████╔╝ |
| ╚═════╝ ╚═╝  ╚═╝╚═════╝ ╚══════╝    ╚══════╝╚═╝  ╚═╝╚═════╝  |
+==============================================================+
|             Hi-Lo Resolution Image Classification            |
|             -------------------------------------            |
|                       Gabriel C. Trahan                      |
|                          Sahan Ahmad                         |
|                       MD  Aminual Islam                      |
+==============================================================+
2024-03-06 02:39:45,347 | INFO | hilo.dataset-accessor : Fetching dataset: cifar10
2024-03-06 02:39:45,347 | INFO | hilo.cifar10-dataset : Initializing transform
2024-03-06 02:39:45,347 | INFO | hilo.cifar10-dataset : Verifying/downloading train data
2024-03-06 02:39:45,948 | INFO | hilo.cifar10-dataset : Verifying/downloading test data
2024-03-06 02:39:46,434 | INFO | hilo.cifar10-dataset : Creating train data loader.
2024-03-06 02:39:46,434 | INFO | hilo.cifar10-dataset : Creating test data loader.
2024-03-06 02:39:46,541 | INFO | hilo : Output directory: output/resnet/cifar10/gumbel/13/20240306_023945/
2024-03-06 02:39:47,544 | INFO | hilo : Using device: NVIDIA GeForce GTX 1060 6GB
2024-03-06 02:39:47,545 | INFO | hilo : Exeucting job: MODEL resnet | DATASET cifar10 | KERNEL gumbel | TYPE 13
2024-03-06 02:39:47,545 | INFO | hilo : Commencing training phase...
2024-03-06 02:39:47,545 | INFO | hilo.kernel-accessor : Fetching kernel: gumbel
2024-03-06 02:39:47,546 | INFO | hilo.gumbel-kernel : Calculating Gumbel distribution (location: 0.0, scale 1.0)
2024-03-06 02:39:47,546 | INFO | hilo.gumbel-kernel : TOP-LEFT:
tensor([[8.8288e-01, 5.8259e-02, 2.0072e-04],
        [5.8259e-02, 2.0072e-04, 2.2609e-10],
        [2.0072e-04, 2.2609e-10, 8.5377e-26]])
2024-03-06 02:39:47,546 | INFO | hilo.kernel-accessor : Fetching kernel: gumbel
2024-03-06 02:39:47,547 | INFO | hilo.gumbel-kernel : Calculating Gumbel distribution (location: 0.0, scale 1.0)
2024-03-06 02:39:47,547 | INFO | hilo.gumbel-kernel : BOTTOM-LEFT:
tensor([[2.0072e-04, 2.2609e-10, 8.5377e-26],
        [5.8259e-02, 2.0072e-04, 2.2609e-10],
        [8.8288e-01, 5.8259e-02, 2.0072e-04]])
2024-03-06 02:39:47,547 | INFO | hilo.kernel-accessor : Fetching kernel: gumbel
2024-03-06 02:39:47,547 | INFO | hilo.gumbel-kernel : Calculating Gumbel distribution (location: 0.0, scale 1.0)
2024-03-06 02:39:47,547 | INFO | hilo.gumbel-kernel : TOP-LEFT:
tensor([[8.8288e-01, 5.8259e-02, 2.0072e-04],
        [5.8259e-02, 2.0072e-04, 2.2609e-10],
        [2.0072e-04, 2.2609e-10, 8.5377e-26]])
2024-03-06 02:39:47,548 | INFO | hilo.kernel-accessor : Fetching kernel: gumbel
2024-03-06 02:39:47,548 | INFO | hilo.gumbel-kernel : Calculating Gumbel distribution (location: 0.0, scale 1.0)
2024-03-06 02:39:47,548 | INFO | hilo.gumbel-kernel : BOTTOM-RIGHT:
tensor([[8.5377e-26, 2.2609e-10, 2.0072e-04],
        [2.2609e-10, 2.0072e-04, 5.8259e-02],
        [2.0072e-04, 5.8259e-02, 8.8288e-01]])
2024-03-06 02:39:47,548 | INFO | hilo.kernel-accessor : Fetching kernel: gumbel
2024-03-06 02:39:47,548 | INFO | hilo.gumbel-kernel : Calculating Gumbel distribution (location: 0.0, scale 1.0)
2024-03-06 02:39:47,549 | INFO | hilo.gumbel-kernel : TOP-RIGHT:
tensor([[2.0072e-04, 5.8259e-02, 8.8288e-01],
        [2.2609e-10, 2.0072e-04, 5.8259e-02],
        [8.5377e-26, 2.2609e-10, 2.0072e-04]])
2024-03-06 02:39:47,549 | INFO | hilo.kernel-accessor : Fetching kernel: gumbel
2024-03-06 02:39:47,549 | INFO | hilo.gumbel-kernel : Calculating Gumbel distribution (location: 0.0, scale 1.0)
2024-03-06 02:39:47,549 | INFO | hilo.gumbel-kernel : TOP-LEFT:
tensor([[8.8288e-01, 5.8259e-02, 2.0072e-04],
        [5.8259e-02, 2.0072e-04, 2.2609e-10],
        [2.0072e-04, 2.2609e-10, 8.5377e-26]])
2024-03-06 02:39:47,549 | INFO | hilo.kernel-accessor : Fetching kernel: gumbel
2024-03-06 02:39:47,549 | INFO | hilo.gumbel-kernel : Calculating Gumbel distribution (location: 0.0, scale 1.0)
2024-03-06 02:39:47,550 | INFO | hilo.gumbel-kernel : TOP-LEFT:
tensor([[8.8288e-01, 5.8259e-02, 2.0072e-04],
        [5.8259e-02, 2.0072e-04, 2.2609e-10],
        [2.0072e-04, 2.2609e-10, 8.5377e-26]])
2024-03-06 02:39:47,550 | INFO | hilo.kernel-accessor : Fetching kernel: gumbel
2024-03-06 02:39:47,550 | INFO | hilo.gumbel-kernel : Calculating Gumbel distribution (location: 0.0, scale 1.0)
2024-03-06 02:39:47,550 | INFO | hilo.gumbel-kernel : BOTTOM-LEFT:
tensor([[2.0072e-04, 2.2609e-10, 8.5377e-26],
        [5.8259e-02, 2.0072e-04, 2.2609e-10],
        [8.8288e-01, 5.8259e-02, 2.0072e-04]])
2024-03-06 02:39:47,550 | INFO | hilo.kernel-accessor : Fetching kernel: gumbel
2024-03-06 02:39:47,550 | INFO | hilo.gumbel-kernel : Calculating Gumbel distribution (location: 0.0, scale 1.0)
2024-03-06 02:39:47,551 | INFO | hilo.gumbel-kernel : TOP-LEFT:
tensor([[8.8288e-01, 5.8259e-02, 2.0072e-04],
        [5.8259e-02, 2.0072e-04, 2.2609e-10],
        [2.0072e-04, 2.2609e-10, 8.5377e-26]])
2024-03-06 02:39:47,551 | INFO | hilo.kernel-accessor : Fetching kernel: gumbel
2024-03-06 02:39:47,551 | INFO | hilo.gumbel-kernel : Calculating Gumbel distribution (location: 0.0, scale 1.0)
2024-03-06 02:39:47,551 | INFO | hilo.gumbel-kernel : BOTTOM-LEFT:
tensor([[2.0072e-04, 2.2609e-10, 8.5377e-26],
        [5.8259e-02, 2.0072e-04, 2.2609e-10],
        [8.8288e-01, 5.8259e-02, 2.0072e-04]])
2024-03-06 02:39:47,551 | INFO | hilo.kernel-accessor : Fetching kernel: gumbel
2024-03-06 02:39:47,551 | INFO | hilo.gumbel-kernel : Calculating Gumbel distribution (location: 0.0, scale 1.0)
2024-03-06 02:39:47,552 | INFO | hilo.gumbel-kernel : TOP-RIGHT:
tensor([[2.0072e-04, 5.8259e-02, 8.8288e-01],
        [2.2609e-10, 2.0072e-04, 5.8259e-02],
        [8.5377e-26, 2.2609e-10, 2.0072e-04]])
2024-03-06 02:39:47,552 | INFO | hilo.kernel-accessor : Fetching kernel: gumbel
2024-03-06 02:39:47,552 | INFO | hilo.gumbel-kernel : Calculating Gumbel distribution (location: 0.0, scale 1.0)
2024-03-06 02:39:47,552 | INFO | hilo.gumbel-kernel : BOTTOM-RIGHT:
tensor([[8.5377e-26, 2.2609e-10, 2.0072e-04],
        [2.2609e-10, 2.0072e-04, 5.8259e-02],
        [2.0072e-04, 5.8259e-02, 8.8288e-01]])
2024-03-06 02:39:47,552 | INFO | hilo.kernel-accessor : Fetching kernel: gumbel
2024-03-06 02:39:47,552 | INFO | hilo.gumbel-kernel : Calculating Gumbel distribution (location: 0.0, scale 1.0)
2024-03-06 02:39:47,553 | INFO | hilo.gumbel-kernel : BOTTOM-LEFT:
tensor([[2.0072e-04, 2.2609e-10, 8.5377e-26],
        [5.8259e-02, 2.0072e-04, 2.2609e-10],
        [8.8288e-01, 5.8259e-02, 2.0072e-04]])
2024-03-06 02:39:47,553 | INFO | hilo.kernel-accessor : Fetching kernel: gumbel
2024-03-06 02:39:47,553 | INFO | hilo.gumbel-kernel : Calculating Gumbel distribution (location: 0.0, scale 1.0)
2024-03-06 02:39:47,553 | INFO | hilo.gumbel-kernel : TOP-LEFT:
tensor([[8.8288e-01, 5.8259e-02, 2.0072e-04],
        [5.8259e-02, 2.0072e-04, 2.2609e-10],
        [2.0072e-04, 2.2609e-10, 8.5377e-26]])
2024-03-06 02:39:47,553 | INFO | hilo.kernel-accessor : Fetching kernel: gumbel
2024-03-06 02:39:47,553 | INFO | hilo.gumbel-kernel : Calculating Gumbel distribution (location: 0.0, scale 1.0)
2024-03-06 02:39:47,554 | INFO | hilo.gumbel-kernel : TOP-RIGHT:
tensor([[2.0072e-04, 5.8259e-02, 8.8288e-01],
        [2.2609e-10, 2.0072e-04, 5.8259e-02],
        [8.5377e-26, 2.2609e-10, 2.0072e-04]])
2024-03-06 02:39:47,554 | INFO | hilo.kernel-accessor : Fetching kernel: gumbel
2024-03-06 02:39:47,554 | INFO | hilo.gumbel-kernel : Calculating Gumbel distribution (location: 0.0, scale 1.0)
2024-03-06 02:39:47,554 | INFO | hilo.gumbel-kernel : TOP-RIGHT:
tensor([[2.0072e-04, 5.8259e-02, 8.8288e-01],
        [2.2609e-10, 2.0072e-04, 5.8259e-02],
        [8.5377e-26, 2.2609e-10, 2.0072e-04]])
2024-03-06 02:39:47,554 | INFO | hilo.kernel-accessor : Fetching kernel: gumbel
2024-03-06 02:39:47,555 | INFO | hilo.gumbel-kernel : Calculating Gumbel distribution (location: 0.0, scale 1.0)
2024-03-06 02:39:47,555 | INFO | hilo.gumbel-kernel : BOTTOM-RIGHT:
tensor([[8.5377e-26, 2.2609e-10, 2.0072e-04],
        [2.2609e-10, 2.0072e-04, 5.8259e-02],
        [2.0072e-04, 5.8259e-02, 8.8288e-01]])
2024-03-06 02:41:09,080 | INFO | hilo : Epoch   1/200 | Accuracy:  38.1886 | Loss:   1.3020
2024-03-06 02:41:09,080 | INFO | hilo.kernel-accessor : Fetching kernel: gumbel
2024-03-06 02:41:09,081 | INFO | hilo.gumbel-kernel : Calculating Gumbel distribution (location: -0.0021169036626815796, scale 0.5411211848258972)
2024-03-06 02:41:09,082 | INFO | hilo.gumbel-kernel : BOTTOM-RIGHT:
tensor([[0.0000e+00, 0.0000e+00, 1.5778e-19],
        [0.0000e+00, 1.5778e-19, 7.1827e-04],
        [1.5778e-19, 7.1827e-04, 9.9856e-01]])
2024-03-06 02:41:09,082 | INFO | hilo.kernel-accessor : Fetching kernel: gumbel
2024-03-06 02:41:09,082 | INFO | hilo.gumbel-kernel : Calculating Gumbel distribution (location: -0.49186015129089355, scale 1.8247339725494385)
2024-03-06 02:41:09,083 | INFO | hilo.gumbel-kernel : BOTTOM-LEFT:
tensor([[8.0483e-03, 1.1005e-04, 9.7887e-08],
        [1.2127e-01, 8.0483e-03, 1.1005e-04],
        [7.3310e-01, 1.2127e-01, 8.0483e-03]])
2024-03-06 02:41:09,083 | INFO | hilo.kernel-accessor : Fetching kernel: gumbel
2024-03-06 02:41:09,083 | INFO | hilo.gumbel-kernel : Calculating Gumbel distribution (location: -0.33092600107192993, scale 1.5113145112991333)
2024-03-06 02:41:09,084 | INFO | hilo.gumbel-kernel : BOTTOM-LEFT:
tensor([[2.9711e-03, 6.5256e-06, 8.5566e-11],
        [9.6306e-02, 2.9711e-03, 6.5256e-06],
        [7.9846e-01, 9.6306e-02, 2.9711e-03]])
2024-03-06 02:41:09,084 | INFO | hilo.kernel-accessor : Fetching kernel: gumbel
2024-03-06 02:41:09,085 | INFO | hilo.gumbel-kernel : Calculating Gumbel distribution (location: -0.45003554224967957, scale 1.398192286491394)
2024-03-06 02:41:09,085 | INFO | hilo.gumbel-kernel : BOTTOM-RIGHT:
tensor([[1.2057e-15, 5.9344e-08, 4.9457e-04],
        [5.9344e-08, 4.9457e-04, 5.8961e-02],
        [4.9457e-04, 5.8961e-02, 8.8059e-01]])
2024-03-06 02:41:09,086 | INFO | hilo.kernel-accessor : Fetching kernel: gumbel
2024-03-06 02:41:09,086 | INFO | hilo.gumbel-kernel : Calculating Gumbel distribution (location: -0.32159554958343506, scale 1.2925742864608765)
2024-03-06 02:41:09,086 | INFO | hilo.gumbel-kernel : TOP-RIGHT:
tensor([[4.2687e-04, 5.9470e-02, 8.7978e-01],
        [2.3722e-08, 4.2687e-04, 5.9470e-02],
        [3.4973e-17, 2.3722e-08, 4.2687e-04]])
2024-03-06 02:41:09,087 | INFO | hilo.kernel-accessor : Fetching kernel: gumbel
2024-03-06 02:41:09,087 | INFO | hilo.gumbel-kernel : Calculating Gumbel distribution (location: -0.2388058602809906, scale 1.1054226160049438)
2024-03-06 02:41:09,088 | INFO | hilo.gumbel-kernel : TOP-RIGHT:
tensor([[5.7980e-05, 3.8719e-02, 9.2239e-01],
        [2.2986e-11, 5.7980e-05, 3.8719e-02],
        [1.3193e-26, 2.2986e-11, 5.7980e-05]])
2024-03-06 02:41:09,088 | INFO | hilo.kernel-accessor : Fetching kernel: gumbel
2024-03-06 02:41:09,088 | INFO | hilo.gumbel-kernel : Calculating Gumbel distribution (location: -0.25110504031181335, scale 1.2325259447097778)
2024-03-06 02:41:09,089 | INFO | hilo.gumbel-kernel : TOP-LEFT:
tensor([[8.7961e-01, 5.9620e-02, 3.8465e-04],
        [5.9620e-02, 3.8465e-04, 1.2462e-08],
        [3.8465e-04, 1.2462e-08, 2.6969e-18]])
2024-03-06 02:41:09,089 | INFO | hilo.kernel-accessor : Fetching kernel: gumbel
2024-03-06 02:41:09,089 | INFO | hilo.gumbel-kernel : Calculating Gumbel distribution (location: -0.2699792683124542, scale 1.2756768465042114)
2024-03-06 02:41:09,090 | INFO | hilo.gumbel-kernel : TOP-RIGHT:
tensor([[5.5076e-04, 6.4507e-02, 8.6933e-01],
        [4.1282e-08, 5.5076e-04, 6.4507e-02],
        [9.6994e-17, 4.1282e-08, 5.5076e-04]])
2024-03-06 02:41:09,090 | INFO | hilo.kernel-accessor : Fetching kernel: gumbel
2024-03-06 02:41:09,090 | INFO | hilo.gumbel-kernel : Calculating Gumbel distribution (location: -0.241376131772995, scale 1.2681127786636353)
2024-03-06 02:41:09,091 | INFO | hilo.gumbel-kernel : BOTTOM-RIGHT:
tensor([[2.0306e-16, 5.9536e-08, 6.4546e-04],
        [5.9536e-08, 6.4546e-04, 6.7703e-02],
        [6.4546e-04, 6.7703e-02, 8.6266e-01]])
2024-03-06 02:41:09,091 | INFO | hilo.kernel-accessor : Fetching kernel: gumbel
2024-03-06 02:41:09,092 | INFO | hilo.gumbel-kernel : Calculating Gumbel distribution (location: -0.1051042377948761, scale 1.0327937602996826)
2024-03-06 02:41:09,092 | INFO | hilo.gumbel-kernel : TOP-RIGHT:
tensor([[9.0662e-05, 4.6506e-02, 9.0672e-01],
        [3.2190e-11, 9.0662e-05, 4.6506e-02],
        [1.6232e-27, 3.2190e-11, 9.0662e-05]])
2024-03-06 02:41:09,092 | INFO | hilo.kernel-accessor : Fetching kernel: gumbel
2024-03-06 02:41:09,093 | INFO | hilo.gumbel-kernel : Calculating Gumbel distribution (location: -0.16035324335098267, scale 1.200331449508667)
2024-03-06 02:41:09,093 | INFO | hilo.gumbel-kernel : BOTTOM-LEFT:
tensor([[5.9784e-04, 3.2399e-08, 1.4697e-17],
        [6.8480e-02, 5.9784e-04, 3.2399e-08],
        [8.6125e-01, 6.8480e-02, 5.9784e-04]])
2024-03-06 02:41:09,094 | INFO | hilo.kernel-accessor : Fetching kernel: gumbel
2024-03-06 02:41:09,094 | INFO | hilo.gumbel-kernel : Calculating Gumbel distribution (location: -0.084405317902565, scale 1.1781563758850098)
2024-03-06 02:41:09,095 | INFO | hilo.gumbel-kernel : BOTTOM-LEFT:
tensor([[8.9728e-04, 8.4262e-08, 1.0172e-16],
        [7.7130e-02, 8.9728e-04, 8.4262e-08],
        [8.4305e-01, 7.7130e-02, 8.9728e-04]])
2024-03-06 02:41:09,095 | INFO | hilo.kernel-accessor : Fetching kernel: gumbel
2024-03-06 02:41:09,095 | INFO | hilo.gumbel-kernel : Calculating Gumbel distribution (location: 0.008553674444556236, scale 1.210052251815796)
2024-03-06 02:41:09,096 | INFO | hilo.gumbel-kernel : BOTTOM-RIGHT:
tensor([[1.6539e-13, 1.3912e-06, 2.3750e-03],
        [1.3912e-06, 2.3750e-03, 9.8177e-02],
        [2.3750e-03, 9.8177e-02, 7.9652e-01]])
2024-03-06 02:41:09,096 | INFO | hilo.kernel-accessor : Fetching kernel: gumbel
2024-03-06 02:41:09,096 | INFO | hilo.gumbel-kernel : Calculating Gumbel distribution (location: 0.07891871780157089, scale 0.9492946267127991)
2024-03-06 02:41:09,097 | INFO | hilo.gumbel-kernel : BOTTOM-RIGHT:
tensor([[4.1393e-27, 1.8456e-10, 2.3465e-04],
        [1.8456e-10, 2.3465e-04, 6.2690e-02],
        [2.3465e-04, 6.2690e-02, 8.7392e-01]])
2024-03-06 02:41:09,097 | INFO | hilo.kernel-accessor : Fetching kernel: gumbel
2024-03-06 02:41:09,097 | INFO | hilo.gumbel-kernel : Calculating Gumbel distribution (location: 0.10842759907245636, scale 0.9689670205116272)
2024-03-06 02:41:09,098 | INFO | hilo.gumbel-kernel : BOTTOM-RIGHT:
tensor([[8.6801e-24, 1.8088e-09, 4.4413e-04],
        [1.8088e-09, 4.4412e-04, 7.1850e-02],
        [4.4413e-04, 7.1850e-02, 8.5497e-01]])
2024-03-06 02:41:09,098 | INFO | hilo.kernel-accessor : Fetching kernel: gumbel
2024-03-06 02:41:09,099 | INFO | hilo.gumbel-kernel : Calculating Gumbel distribution (location: 0.04024828225374222, scale 1.034826636314392)
2024-03-06 02:41:09,099 | INFO | hilo.gumbel-kernel : TOP-RIGHT:
tensor([[5.2293e-04, 7.2059e-02, 8.5431e-01],
        [6.0142e-09, 5.2293e-04, 7.2059e-02],
        [3.0239e-21, 6.0142e-09, 5.2293e-04]])
2024-03-06 02:41:09,100 | INFO | hilo.kernel-accessor : Fetching kernel: gumbel
2024-03-06 02:41:09,100 | INFO | hilo.gumbel-kernel : Calculating Gumbel distribution (location: -0.06315850466489792, scale 1.174849510192871)
2024-03-06 02:41:09,101 | INFO | hilo.gumbel-kernel : BOTTOM-RIGHT:
tensor([[2.3388e-16, 1.2076e-07, 1.0315e-03],
        [1.2076e-07, 1.0315e-03, 8.0117e-02],
        [1.0315e-03, 8.0117e-02, 8.3667e-01]])
2024-03-06 02:42:29,861 | INFO | hilo : Epoch   2/200 | Accuracy:  46.1875 | Loss:   1.2454
2024-03-06 02:42:29,862 | INFO | hilo.kernel-accessor : Fetching kernel: gumbel
2024-03-06 02:42:29,862 | INFO | hilo.gumbel-kernel : Calculating Gumbel distribution (location: -0.01421439927071333, scale 0.5154666900634766)
2024-03-06 02:42:29,862 | INFO | hilo.gumbel-kernel : BOTTOM-RIGHT:
tensor([[0.0000e+00, 0.0000e+00, 3.5586e-24],
        [0.0000e+00, 3.5587e-24, 2.6466e-04],
        [3.5586e-24, 2.6466e-04, 9.9947e-01]])
2024-03-06 02:42:29,863 | INFO | hilo.kernel-accessor : Fetching kernel: gumbel
2024-03-06 02:42:29,863 | INFO | hilo.gumbel-kernel : Calculating Gumbel distribution (location: -0.5331630110740662, scale 1.7025067806243896)
2024-03-06 02:42:29,863 | INFO | hilo.gumbel-kernel : TOP-LEFT:
tensor([[7.9154e-01, 9.8635e-02, 3.7205e-03],
        [9.8635e-02, 3.7205e-03, 1.6345e-05],
        [3.7205e-03, 1.6345e-05, 1.4998e-09]])
2024-03-06 02:42:29,863 | INFO | hilo.kernel-accessor : Fetching kernel: gumbel
2024-03-06 02:42:29,863 | INFO | hilo.gumbel-kernel : Calculating Gumbel distribution (location: -0.4493938684463501, scale 1.40201997756958)
2024-03-06 02:42:29,864 | INFO | hilo.gumbel-kernel : TOP-RIGHT:
tensor([[5.1949e-04, 5.9732e-02, 8.7898e-01],
        [6.8068e-08, 5.1949e-04, 5.9732e-02],
        [1.7072e-15, 6.8068e-08, 5.1949e-04]])
2024-03-06 02:42:29,864 | INFO | hilo.kernel-accessor : Fetching kernel: gumbel
2024-03-06 02:42:29,864 | INFO | hilo.gumbel-kernel : Calculating Gumbel distribution (location: -0.361706018447876, scale 0.9153671860694885)
2024-03-06 02:42:29,864 | INFO | hilo.gumbel-kernel : BOTTOM-RIGHT:
tensor([[0.0000e+00, 1.4401e-26, 3.1272e-09],
        [1.4401e-26, 3.1272e-09, 4.2177e-03],
        [3.1272e-09, 4.2177e-03, 9.9156e-01]])
2024-03-06 02:42:29,864 | INFO | hilo.kernel-accessor : Fetching kernel: gumbel
2024-03-06 02:42:29,864 | INFO | hilo.gumbel-kernel : Calculating Gumbel distribution (location: -0.3385453224182129, scale 0.9610209465026855)
2024-03-06 02:42:29,865 | INFO | hilo.gumbel-kernel : TOP-LEFT:
tensor([[9.8289e-01, 8.5534e-03, 8.4530e-08],
        [8.5534e-03, 8.4530e-08, 3.8533e-21],
        [8.4530e-08, 3.8533e-21, 0.0000e+00]])
2024-03-06 02:42:29,865 | INFO | hilo.kernel-accessor : Fetching kernel: gumbel
2024-03-06 02:42:29,865 | INFO | hilo.gumbel-kernel : Calculating Gumbel distribution (location: -0.07596571743488312, scale 0.9004809856414795)
2024-03-06 02:42:29,865 | INFO | hilo.gumbel-kernel : BOTTOM-RIGHT:
tensor([[0.0000e+00, 4.5337e-16, 6.1100e-06],
        [4.5337e-16, 6.1100e-06, 2.7928e-02],
        [6.1100e-06, 2.7928e-02, 9.4413e-01]])
2024-03-06 02:42:29,865 | INFO | hilo.kernel-accessor : Fetching kernel: gumbel
2024-03-06 02:42:29,866 | INFO | hilo.gumbel-kernel : Calculating Gumbel distribution (location: -0.24551896750926971, scale 1.087249517440796)
2024-03-06 02:42:29,866 | INFO | hilo.gumbel-kernel : TOP-LEFT:
tensor([[9.3054e-01, 3.4677e-02, 3.6188e-05],
        [3.4677e-02, 3.6188e-05, 4.8043e-12],
        [3.6188e-05, 4.8043e-12, 1.0773e-28]])
2024-03-06 02:42:29,866 | INFO | hilo.kernel-accessor : Fetching kernel: gumbel
2024-03-06 02:42:29,866 | INFO | hilo.gumbel-kernel : Calculating Gumbel distribution (location: -0.2399372011423111, scale 0.9751466512680054)
2024-03-06 02:42:29,866 | INFO | hilo.gumbel-kernel : BOTTOM-RIGHT:
tensor([[1.1210e-44, 9.0233e-17, 1.9036e-06],
        [9.0233e-17, 1.9036e-06, 1.8524e-02],
        [1.9036e-06, 1.8524e-02, 9.6295e-01]])
2024-03-06 02:42:29,867 | INFO | hilo.kernel-accessor : Fetching kernel: gumbel
2024-03-06 02:42:29,867 | INFO | hilo.gumbel-kernel : Calculating Gumbel distribution (location: -0.1254315972328186, scale 0.9834851026535034)
2024-03-06 02:42:29,867 | INFO | hilo.gumbel-kernel : TOP-RIGHT:
tensor([[2.3083e-05, 3.4548e-02, 9.3084e-01],
        [2.3193e-13, 2.3083e-05, 3.4548e-02],
        [1.0855e-34, 2.3193e-13, 2.3083e-05]])
2024-03-06 02:42:29,867 | INFO | hilo.kernel-accessor : Fetching kernel: gumbel
2024-03-06 02:42:29,867 | INFO | hilo.gumbel-kernel : Calculating Gumbel distribution (location: -0.03901504725217819, scale 0.8199154138565063)
2024-03-06 02:42:29,868 | INFO | hilo.gumbel-kernel : TOP-RIGHT:
tensor([[8.3922e-07, 2.0532e-02, 9.5893e-01],
        [2.1290e-20, 8.3922e-07, 2.0532e-02],
        [0.0000e+00, 2.1290e-20, 8.3922e-07]])
2024-03-06 02:42:29,868 | INFO | hilo.kernel-accessor : Fetching kernel: gumbel
2024-03-06 02:42:29,868 | INFO | hilo.gumbel-kernel : Calculating Gumbel distribution (location: -0.21002143621444702, scale 1.0292701721191406)
2024-03-06 02:42:29,868 | INFO | hilo.gumbel-kernel : TOP-LEFT:
tensor([[9.3975e-01, 3.0098e-02, 1.6707e-05],
        [3.0098e-02, 1.6707e-05, 2.0611e-13],
        [1.6707e-05, 2.0611e-13, 1.2925e-33]])
2024-03-06 02:42:29,868 | INFO | hilo.kernel-accessor : Fetching kernel: gumbel
2024-03-06 02:42:29,868 | INFO | hilo.gumbel-kernel : Calculating Gumbel distribution (location: -0.06052868813276291, scale 0.9046260714530945)
2024-03-06 02:42:29,869 | INFO | hilo.gumbel-kernel : TOP-RIGHT:
tensor([[9.5279e-06, 3.0840e-02, 9.3829e-01],
        [2.2215e-15, 9.5279e-06, 3.0840e-02],
        [1.6675e-43, 2.2215e-15, 9.5279e-06]])
2024-03-06 02:42:29,869 | INFO | hilo.kernel-accessor : Fetching kernel: gumbel
2024-03-06 02:42:29,869 | INFO | hilo.gumbel-kernel : Calculating Gumbel distribution (location: -0.02544178068637848, scale 0.9943417906761169)
2024-03-06 02:42:29,869 | INFO | hilo.gumbel-kernel : TOP-LEFT:
tensor([[8.9413e-01, 5.2738e-02, 1.3146e-04],
        [5.2738e-02, 1.3146e-04, 5.7422e-11],
        [1.3146e-04, 5.7422e-11, 1.3496e-27]])
2024-03-06 02:42:29,869 | INFO | hilo.kernel-accessor : Fetching kernel: gumbel
2024-03-06 02:42:29,870 | INFO | hilo.gumbel-kernel : Calculating Gumbel distribution (location: 0.0449516661465168, scale 0.8041327595710754)
2024-03-06 02:42:29,870 | INFO | hilo.gumbel-kernel : TOP-LEFT:
tensor([[9.4032e-01, 2.9836e-02, 4.0807e-06],
        [2.9836e-02, 4.0807e-06, 3.4939e-18],
        [4.0807e-06, 3.4939e-18, 0.0000e+00]])
2024-03-06 02:42:29,870 | INFO | hilo.kernel-accessor : Fetching kernel: gumbel
2024-03-06 02:42:29,870 | INFO | hilo.gumbel-kernel : Calculating Gumbel distribution (location: 0.10747748613357544, scale 0.8709604740142822)
2024-03-06 02:42:29,871 | INFO | hilo.gumbel-kernel : BOTTOM-RIGHT:
tensor([[6.1344e-36, 1.4631e-12, 8.3474e-05],
        [1.4631e-12, 8.3474e-05, 5.2779e-02],
        [8.3474e-05, 5.2779e-02, 8.9419e-01]])
2024-03-06 02:42:29,871 | INFO | hilo.kernel-accessor : Fetching kernel: gumbel
2024-03-06 02:42:29,871 | INFO | hilo.gumbel-kernel : Calculating Gumbel distribution (location: 0.0797446146607399, scale 0.8172499537467957)
2024-03-06 02:42:29,871 | INFO | hilo.gumbel-kernel : TOP-LEFT:
tensor([[9.2442e-01, 3.7769e-02, 1.3530e-05],
        [3.7769e-02, 1.3530e-05, 4.9253e-16],
        [1.3530e-05, 4.9253e-16, 0.0000e+00]])
2024-03-06 02:42:29,871 | INFO | hilo.kernel-accessor : Fetching kernel: gumbel
2024-03-06 02:42:29,872 | INFO | hilo.gumbel-kernel : Calculating Gumbel distribution (location: 0.055101148784160614, scale 1.0877147912979126)
2024-03-06 02:42:29,872 | INFO | hilo.gumbel-kernel : TOP-RIGHT:
tensor([[1.1063e-03, 8.4507e-02, 8.2767e-01],
        [8.3901e-08, 1.1063e-03, 8.4507e-02],
        [1.5627e-17, 8.3901e-08, 1.1063e-03]])
2024-03-06 02:43:50,607 | INFO | hilo : Epoch   3/200 | Accuracy:  48.2812 | Loss:   1.0054
2024-03-06 02:43:50,607 | INFO | hilo.kernel-accessor : Fetching kernel: gumbel
2024-03-06 02:43:50,607 | INFO | hilo.gumbel-kernel : Calculating Gumbel distribution (location: -0.004716031718999147, scale 0.45161619782447815)
2024-03-06 02:43:50,608 | INFO | hilo.gumbel-kernel : BOTTOM-LEFT:
tensor([[2.2608e-39, 0.0000e+00, 0.0000e+00],
        [2.6426e-05, 2.2607e-39, 0.0000e+00],
        [9.9995e-01, 2.6426e-05, 2.2608e-39]])
2024-03-06 02:43:50,608 | INFO | hilo.kernel-accessor : Fetching kernel: gumbel
2024-03-06 02:43:50,608 | INFO | hilo.gumbel-kernel : Calculating Gumbel distribution (location: -0.4565058946609497, scale 1.4498889446258545)
2024-03-06 02:43:50,608 | INFO | hilo.gumbel-kernel : BOTTOM-LEFT:
tensor([[8.2000e-04, 2.5007e-07, 4.8774e-14],
        [6.7143e-02, 8.2000e-04, 2.5007e-07],
        [8.6325e-01, 6.7143e-02, 8.2000e-04]])
2024-03-06 02:43:50,608 | INFO | hilo.kernel-accessor : Fetching kernel: gumbel
2024-03-06 02:43:50,608 | INFO | hilo.gumbel-kernel : Calculating Gumbel distribution (location: -0.37545260787010193, scale 1.2784425020217896)
2024-03-06 02:43:50,609 | INFO | hilo.gumbel-kernel : TOP-RIGHT:
tensor([[2.0996e-04, 4.8802e-02, 9.0177e-01],
        [3.5625e-09, 2.0996e-04, 4.8802e-02],
        [3.3523e-19, 3.5625e-09, 2.0996e-04]])
2024-03-06 02:43:50,609 | INFO | hilo.kernel-accessor : Fetching kernel: gumbel
2024-03-06 02:43:50,609 | INFO | hilo.gumbel-kernel : Calculating Gumbel distribution (location: -0.32148289680480957, scale 0.7747422456741333)
2024-03-06 02:43:50,609 | INFO | hilo.gumbel-kernel : BOTTOM-LEFT:
tensor([[5.1472e-14, 0.0000e+00, 0.0000e+00],
        [6.5192e-04, 5.1472e-14, 0.0000e+00],
        [9.9870e-01, 6.5192e-04, 5.1472e-14]])
2024-03-06 02:43:50,609 | INFO | hilo.kernel-accessor : Fetching kernel: gumbel
2024-03-06 02:43:50,610 | INFO | hilo.gumbel-kernel : Calculating Gumbel distribution (location: -0.2460109293460846, scale 0.782769501209259)
2024-03-06 02:43:50,610 | INFO | hilo.gumbel-kernel : TOP-LEFT:
tensor([[9.9566e-01, 2.1687e-03, 1.6663e-11],
        [2.1687e-03, 1.6663e-11, 3.5084e-39],
        [1.6663e-11, 3.5084e-39, 0.0000e+00]])
2024-03-06 02:43:50,610 | INFO | hilo.kernel-accessor : Fetching kernel: gumbel
2024-03-06 02:43:50,610 | INFO | hilo.gumbel-kernel : Calculating Gumbel distribution (location: -0.05841316282749176, scale 0.7776914834976196)
2024-03-06 02:43:50,610 | INFO | hilo.gumbel-kernel : BOTTOM-LEFT:
tensor([[5.9019e-08, 8.3344e-26, 0.0000e+00],
        [1.2855e-02, 5.9019e-08, 8.3344e-26],
        [9.7429e-01, 1.2855e-02, 5.9019e-08]])
2024-03-06 02:43:50,610 | INFO | hilo.kernel-accessor : Fetching kernel: gumbel
2024-03-06 02:43:50,611 | INFO | hilo.gumbel-kernel : Calculating Gumbel distribution (location: -0.3983549177646637, scale 0.9534131288528442)
2024-03-06 02:43:50,611 | INFO | hilo.gumbel-kernel : BOTTOM-LEFT:
tensor([[8.4264e-09, 2.1718e-24, 0.0000e+00],
        [4.8183e-03, 8.4264e-09, 2.1718e-24],
        [9.9036e-01, 4.8183e-03, 8.4264e-09]])
2024-03-06 02:43:50,611 | INFO | hilo.kernel-accessor : Fetching kernel: gumbel
2024-03-06 02:43:50,611 | INFO | hilo.gumbel-kernel : Calculating Gumbel distribution (location: -0.22001278400421143, scale 0.7033963799476624)
2024-03-06 02:43:50,611 | INFO | hilo.gumbel-kernel : TOP-RIGHT:
tensor([[4.3118e-15, 6.7537e-04, 9.9865e-01],
        [0.0000e+00, 4.3118e-15, 6.7537e-04],
        [0.0000e+00, 0.0000e+00, 4.3118e-15]])
2024-03-06 02:43:50,612 | INFO | hilo.kernel-accessor : Fetching kernel: gumbel
2024-03-06 02:43:50,612 | INFO | hilo.gumbel-kernel : Calculating Gumbel distribution (location: -0.12801724672317505, scale 0.6270133256912231)
2024-03-06 02:43:50,612 | INFO | hilo.gumbel-kernel : TOP-RIGHT:
tensor([[2.5344e-17, 5.5066e-04, 9.9890e-01],
        [0.0000e+00, 2.5344e-17, 5.5066e-04],
        [0.0000e+00, 0.0000e+00, 2.5344e-17]])
2024-03-06 02:43:50,612 | INFO | hilo.kernel-accessor : Fetching kernel: gumbel
2024-03-06 02:43:50,612 | INFO | hilo.gumbel-kernel : Calculating Gumbel distribution (location: -0.09592859447002411, scale 0.5345896482467651)
2024-03-06 02:43:50,613 | INFO | hilo.gumbel-kernel : TOP-LEFT:
tensor([[9.9988e-01, 5.9234e-05, 6.1598e-28],
        [5.9234e-05, 6.1600e-28, 0.0000e+00],
        [6.1598e-28, 0.0000e+00, 0.0000e+00]])
2024-03-06 02:43:50,613 | INFO | hilo.kernel-accessor : Fetching kernel: gumbel
2024-03-06 02:43:50,613 | INFO | hilo.gumbel-kernel : Calculating Gumbel distribution (location: -0.19901427626609802, scale 0.5988261699676514)
2024-03-06 02:43:50,613 | INFO | hilo.gumbel-kernel : BOTTOM-LEFT:
tensor([[3.7490e-25, 0.0000e+00, 0.0000e+00],
        [4.3115e-05, 3.7490e-25, 0.0000e+00],
        [9.9991e-01, 4.3115e-05, 3.7490e-25]])
2024-03-06 02:43:50,613 | INFO | hilo.kernel-accessor : Fetching kernel: gumbel
2024-03-06 02:43:50,613 | INFO | hilo.gumbel-kernel : Calculating Gumbel distribution (location: -0.062031544744968414, scale 0.5103819966316223)
2024-03-06 02:43:50,614 | INFO | hilo.gumbel-kernel : TOP-RIGHT:
tensor([[9.5129e-30, 5.9417e-05, 9.9988e-01],
        [0.0000e+00, 9.5129e-30, 5.9417e-05],
        [0.0000e+00, 0.0000e+00, 9.5129e-30]])
2024-03-06 02:43:50,614 | INFO | hilo.kernel-accessor : Fetching kernel: gumbel
2024-03-06 02:43:50,614 | INFO | hilo.gumbel-kernel : Calculating Gumbel distribution (location: -0.10479635000228882, scale 0.5081108212471008)
2024-03-06 02:43:50,614 | INFO | hilo.gumbel-kernel : BOTTOM-LEFT:
tensor([[2.2066e-35, 0.0000e+00, 0.0000e+00],
        [1.2768e-05, 2.2066e-35, 0.0000e+00],
        [9.9997e-01, 1.2768e-05, 2.2066e-35]])
2024-03-06 02:43:50,614 | INFO | hilo.kernel-accessor : Fetching kernel: gumbel
2024-03-06 02:43:50,614 | INFO | hilo.gumbel-kernel : Calculating Gumbel distribution (location: 0.06410640478134155, scale 0.3712600767612457)
2024-03-06 02:43:50,615 | INFO | hilo.gumbel-kernel : BOTTOM-LEFT:
tensor([[0.0000e+00, 0.0000e+00, 0.0000e+00],
        [3.9095e-06, 0.0000e+00, 0.0000e+00],
        [9.9999e-01, 3.9095e-06, 0.0000e+00]])
2024-03-06 02:43:50,615 | INFO | hilo.kernel-accessor : Fetching kernel: gumbel
2024-03-06 02:43:50,615 | INFO | hilo.gumbel-kernel : Calculating Gumbel distribution (location: 0.1288878321647644, scale 0.3851580023765564)
2024-03-06 02:43:50,615 | INFO | hilo.gumbel-kernel : TOP-LEFT:
tensor([[9.9974e-01, 1.2924e-04, 8.8562e-43],
        [1.2924e-04, 8.8562e-43, 0.0000e+00],
        [8.8562e-43, 0.0000e+00, 0.0000e+00]])
2024-03-06 02:43:50,615 | INFO | hilo.kernel-accessor : Fetching kernel: gumbel
2024-03-06 02:43:50,615 | INFO | hilo.gumbel-kernel : Calculating Gumbel distribution (location: 0.08075319230556488, scale 0.4807611405849457)
2024-03-06 02:43:50,616 | INFO | hilo.gumbel-kernel : TOP-LEFT:
tensor([[9.9833e-01, 8.3526e-04, 4.1239e-22],
        [8.3526e-04, 4.1239e-22, 0.0000e+00],
        [4.1239e-22, 0.0000e+00, 0.0000e+00]])
2024-03-06 02:43:50,616 | INFO | hilo.kernel-accessor : Fetching kernel: gumbel
2024-03-06 02:43:50,616 | INFO | hilo.gumbel-kernel : Calculating Gumbel distribution (location: 0.013941765762865543, scale 0.6688877940177917)
2024-03-06 02:43:50,616 | INFO | hilo.gumbel-kernel : TOP-LEFT:
tensor([[9.8402e-01, 7.9921e-03, 6.7153e-10],
        [7.9921e-03, 6.7153e-10, 3.3122e-39],
        [6.7153e-10, 3.3122e-39, 0.0000e+00]])
2024-03-06 02:45:11,382 | INFO | hilo : Epoch   4/200 | Accuracy:  65.6250 | Loss:   1.0344
2024-03-06 02:45:11,382 | INFO | hilo.kernel-accessor : Fetching kernel: gumbel
2024-03-06 02:45:11,382 | INFO | hilo.gumbel-kernel : Calculating Gumbel distribution (location: -0.011612082831561565, scale 0.48655620217323303)
2024-03-06 02:45:11,383 | INFO | hilo.gumbel-kernel : TOP-LEFT:
tensor([[9.9980e-01, 1.0132e-04, 7.8143e-30],
        [1.0132e-04, 7.8145e-30, 0.0000e+00],
        [7.8143e-30, 0.0000e+00, 0.0000e+00]])
2024-03-06 02:45:11,383 | INFO | hilo.kernel-accessor : Fetching kernel: gumbel
2024-03-06 02:45:11,383 | INFO | hilo.gumbel-kernel : Calculating Gumbel distribution (location: -0.6191234588623047, scale 1.4210286140441895)
2024-03-06 02:45:11,384 | INFO | hilo.gumbel-kernel : BOTTOM-RIGHT:
tensor([[2.8416e-18, 3.2600e-09, 1.4120e-04],
        [3.2600e-09, 1.4120e-04, 3.9646e-02],
        [1.4120e-04, 3.9646e-02, 9.2028e-01]])
2024-03-06 02:45:11,384 | INFO | hilo.kernel-accessor : Fetching kernel: gumbel
2024-03-06 02:45:11,384 | INFO | hilo.gumbel-kernel : Calculating Gumbel distribution (location: -0.37623852491378784, scale 1.3662915229797363)
2024-03-06 02:45:11,384 | INFO | hilo.gumbel-kernel : BOTTOM-LEFT:
tensor([[6.3199e-04, 9.3191e-08, 2.2226e-15],
        [6.4345e-02, 6.3199e-04, 9.3191e-08],
        [8.6941e-01, 6.4345e-02, 6.3199e-04]])
2024-03-06 02:45:11,384 | INFO | hilo.kernel-accessor : Fetching kernel: gumbel
2024-03-06 02:45:11,384 | INFO | hilo.gumbel-kernel : Calculating Gumbel distribution (location: -0.4185754954814911, scale 0.8485913276672363)
2024-03-06 02:45:11,385 | INFO | hilo.gumbel-kernel : BOTTOM-RIGHT:
tensor([[0.0000e+00, 4.7137e-41, 6.9790e-13],
        [4.7137e-41, 6.9790e-13, 7.3760e-04],
        [6.9790e-13, 7.3760e-04, 9.9852e-01]])
2024-03-06 02:45:11,385 | INFO | hilo.kernel-accessor : Fetching kernel: gumbel
2024-03-06 02:45:11,385 | INFO | hilo.gumbel-kernel : Calculating Gumbel distribution (location: -0.2877231538295746, scale 0.8060449957847595)
2024-03-06 02:45:11,385 | INFO | hilo.gumbel-kernel : TOP-RIGHT:
tensor([[1.6018e-11, 1.9053e-03, 9.9619e-01],
        [4.0380e-38, 1.6018e-11, 1.9053e-03],
        [0.0000e+00, 4.0380e-38, 1.6018e-11]])
2024-03-06 02:45:11,385 | INFO | hilo.kernel-accessor : Fetching kernel: gumbel
2024-03-06 02:45:11,385 | INFO | hilo.gumbel-kernel : Calculating Gumbel distribution (location: -0.04481400549411774, scale 0.7687224745750427)
2024-03-06 02:45:11,386 | INFO | hilo.gumbel-kernel : BOTTOM-LEFT:
tensor([[5.8195e-08, 4.0820e-26, 0.0000e+00],
        [1.3161e-02, 5.8195e-08, 4.0820e-26],
        [9.7368e-01, 1.3161e-02, 5.8195e-08]])
2024-03-06 02:45:11,386 | INFO | hilo.kernel-accessor : Fetching kernel: gumbel
2024-03-06 02:45:11,386 | INFO | hilo.gumbel-kernel : Calculating Gumbel distribution (location: -0.3114035725593567, scale 0.8599540591239929)
2024-03-06 02:45:11,386 | INFO | hilo.gumbel-kernel : TOP-LEFT:
tensor([[9.9335e-01, 3.3244e-03, 5.1685e-10],
        [3.3244e-03, 5.1685e-10, 1.1059e-30],
        [5.1685e-10, 1.1059e-30, 0.0000e+00]])
2024-03-06 02:45:11,386 | INFO | hilo.kernel-accessor : Fetching kernel: gumbel
2024-03-06 02:45:11,386 | INFO | hilo.gumbel-kernel : Calculating Gumbel distribution (location: -0.21797028183937073, scale 0.7073025703430176)
2024-03-06 02:45:11,387 | INFO | hilo.gumbel-kernel : TOP-LEFT:
tensor([[9.9847e-01, 7.6278e-04, 9.4897e-15],
        [7.6278e-04, 9.4898e-15, 0.0000e+00],
        [9.4897e-15, 0.0000e+00, 0.0000e+00]])
2024-03-06 02:45:11,387 | INFO | hilo.kernel-accessor : Fetching kernel: gumbel
2024-03-06 02:45:11,387 | INFO | hilo.gumbel-kernel : Calculating Gumbel distribution (location: -0.0898924320936203, scale 0.6194082498550415)
2024-03-06 02:45:11,387 | INFO | hilo.gumbel-kernel : BOTTOM-RIGHT:
tensor([[0.0000e+00, 0.0000e+00, 3.2937e-16],
        [0.0000e+00, 3.2937e-16, 9.1473e-04],
        [3.2937e-16, 9.1473e-04, 9.9817e-01]])
2024-03-06 02:45:11,387 | INFO | hilo.kernel-accessor : Fetching kernel: gumbel
2024-03-06 02:45:11,387 | INFO | hilo.gumbel-kernel : Calculating Gumbel distribution (location: -0.04671235382556915, scale 0.5298455953598022)
2024-03-06 02:45:11,388 | INFO | hilo.gumbel-kernel : BOTTOM-RIGHT:
tensor([[0.0000e+00, 0.0000e+00, 1.9977e-24],
        [0.0000e+00, 1.9977e-24, 1.8977e-04],
        [1.9977e-24, 1.8977e-04, 9.9962e-01]])
2024-03-06 02:45:11,388 | INFO | hilo.kernel-accessor : Fetching kernel: gumbel
2024-03-06 02:45:11,388 | INFO | hilo.gumbel-kernel : Calculating Gumbel distribution (location: -0.1343468725681305, scale 0.5891340970993042)
2024-03-06 02:45:11,388 | INFO | hilo.gumbel-kernel : BOTTOM-LEFT:
tensor([[6.0766e-22, 0.0000e+00, 0.0000e+00],
        [1.6090e-04, 6.0767e-22, 0.0000e+00],
        [9.9968e-01, 1.6090e-04, 6.0766e-22]])
2024-03-06 02:45:11,388 | INFO | hilo.kernel-accessor : Fetching kernel: gumbel
2024-03-06 02:45:11,389 | INFO | hilo.gumbel-kernel : Calculating Gumbel distribution (location: -0.06353824585676193, scale 0.4716772139072418)
2024-03-06 02:45:11,389 | INFO | hilo.gumbel-kernel : BOTTOM-LEFT:
tensor([[1.8032e-41, 0.0000e+00, 0.0000e+00],
        [8.1374e-06, 1.8032e-41, 0.0000e+00],
        [9.9998e-01, 8.1374e-06, 1.8032e-41]])
2024-03-06 02:45:11,389 | INFO | hilo.kernel-accessor : Fetching kernel: gumbel
2024-03-06 02:45:11,389 | INFO | hilo.gumbel-kernel : Calculating Gumbel distribution (location: -0.021279532462358475, scale 0.5171703696250916)
2024-03-06 02:45:11,389 | INFO | hilo.gumbel-kernel : BOTTOM-LEFT:
tensor([[1.7705e-24, 0.0000e+00, 0.0000e+00],
        [2.3505e-04, 1.7705e-24, 0.0000e+00],
        [9.9953e-01, 2.3505e-04, 1.7705e-24]])
2024-03-06 02:45:11,389 | INFO | hilo.kernel-accessor : Fetching kernel: gumbel
2024-03-06 02:45:11,390 | INFO | hilo.gumbel-kernel : Calculating Gumbel distribution (location: 0.09439262747764587, scale 0.4091365933418274)
2024-03-06 02:45:11,390 | INFO | hilo.gumbel-kernel : TOP-LEFT:
tensor([[9.9977e-01, 1.1430e-04, 6.4842e-39],
        [1.1430e-04, 6.4842e-39, 0.0000e+00],
        [6.4842e-39, 0.0000e+00, 0.0000e+00]])
2024-03-06 02:45:11,390 | INFO | hilo.kernel-accessor : Fetching kernel: gumbel
2024-03-06 02:45:11,390 | INFO | hilo.gumbel-kernel : Calculating Gumbel distribution (location: 0.07676444202661514, scale 0.37715059518814087)
2024-03-06 02:45:11,390 | INFO | hilo.gumbel-kernel : TOP-LEFT:
tensor([[9.9998e-01, 1.0968e-05, 0.0000e+00],
        [1.0968e-05, 0.0000e+00, 0.0000e+00],
        [0.0000e+00, 0.0000e+00, 0.0000e+00]])
2024-03-06 02:45:11,390 | INFO | hilo.kernel-accessor : Fetching kernel: gumbel
2024-03-06 02:45:11,391 | INFO | hilo.gumbel-kernel : Calculating Gumbel distribution (location: 0.06402835249900818, scale 0.35194775462150574)
2024-03-06 02:45:11,391 | INFO | hilo.gumbel-kernel : TOP-RIGHT:
tensor([[0.0000e+00, 7.8503e-07, 1.0000e+00],
        [0.0000e+00, 0.0000e+00, 7.8503e-07],
        [0.0000e+00, 0.0000e+00, 0.0000e+00]])
2024-03-06 02:45:11,391 | INFO | hilo.kernel-accessor : Fetching kernel: gumbel
2024-03-06 02:45:11,391 | INFO | hilo.gumbel-kernel : Calculating Gumbel distribution (location: 0.10752904415130615, scale 0.4411301016807556)
2024-03-06 02:45:11,391 | INFO | hilo.gumbel-kernel : BOTTOM-RIGHT:
tensor([[0.0000e+00, 0.0000e+00, 2.8979e-27],
        [0.0000e+00, 2.8979e-27, 5.1056e-04],
        [2.8979e-27, 5.1056e-04, 9.9898e-01]])
2024-03-06 02:46:32,247 | INFO | hilo : Epoch   5/200 | Accuracy:  54.6875 | Loss:   0.8490
2024-03-06 02:46:32,247 | INFO | hilo.kernel-accessor : Fetching kernel: gumbel
2024-03-06 02:46:32,248 | INFO | hilo.gumbel-kernel : Calculating Gumbel distribution (location: -0.01011385302990675, scale 0.5349841117858887)
2024-03-06 02:46:32,248 | INFO | hilo.gumbel-kernel : TOP-LEFT:
tensor([[9.9896e-01, 5.1841e-04, 7.4023e-21],
        [5.1841e-04, 7.4024e-21, 0.0000e+00],
        [7.4023e-21, 0.0000e+00, 0.0000e+00]])
2024-03-06 02:46:32,248 | INFO | hilo.kernel-accessor : Fetching kernel: gumbel
2024-03-06 02:46:32,248 | INFO | hilo.gumbel-kernel : Calculating Gumbel distribution (location: -0.41848519444465637, scale 1.434779405593872)
2024-03-06 02:46:32,249 | INFO | hilo.gumbel-kernel : BOTTOM-LEFT:
tensor([[9.3080e-04, 3.2001e-07, 7.1823e-14],
        [7.0148e-02, 9.3080e-04, 3.2001e-07],
        [8.5691e-01, 7.0148e-02, 9.3080e-04]])
2024-03-06 02:46:32,249 | INFO | hilo.kernel-accessor : Fetching kernel: gumbel
2024-03-06 02:46:32,249 | INFO | hilo.gumbel-kernel : Calculating Gumbel distribution (location: -0.5857132077217102, scale 1.4274643659591675)
2024-03-06 02:46:32,249 | INFO | hilo.gumbel-kernel : TOP-LEFT:
tensor([[9.0937e-01, 4.4994e-02, 2.1447e-04],
        [4.4994e-02, 2.1447e-04, 9.1640e-09],
        [2.1447e-04, 9.1640e-09, 2.9336e-17]])
2024-03-06 02:46:32,249 | INFO | hilo.kernel-accessor : Fetching kernel: gumbel
2024-03-06 02:46:32,249 | INFO | hilo.gumbel-kernel : Calculating Gumbel distribution (location: -0.47258779406547546, scale 0.9158839583396912)
2024-03-06 02:46:32,250 | INFO | hilo.gumbel-kernel : TOP-LEFT:
tensor([[9.9741e-01, 1.2929e-03, 2.7981e-11],
        [1.2929e-03, 2.7981e-11, 3.5210e-33],
