2024-02-28 12:19:06,255 | INFO | hilo : 
+==============================================================+
|                                                              |
| ██████╗  █████╗ ██████╗ ██╗         ██╗      █████╗ ██████╗  |
| ██╔══██╗██╔══██╗██╔══██╗██║         ██║     ██╔══██╗██╔══██╗ |
| ██║  ██║███████║██║  ██║██║         ██║     ███████║██████╔╝ |
| ██║  ██║██╔══██║██║  ██║██║         ██║     ██╔══██║██╔══██╗ |
| ██████╔╝██║  ██║██████╔╝███████╗    ███████╗██║  ██║██████╔╝ |
| ╚═════╝ ╚═╝  ╚═╝╚═════╝ ╚══════╝    ╚══════╝╚═╝  ╚═╝╚═════╝  |
+==============================================================+
|             Hi-Lo Resolution Image Classification            |
|             -------------------------------------            |
|                       Gabriel C. Trahan                      |
|                          Sahan Ahmad                         |
|                       MD  Aminual Islam                      |
+==============================================================+
2024-02-28 12:19:07,881 | INFO | hilo.dataset-accessor : Fetching dataset: cifar10
2024-02-28 12:19:07,881 | INFO | hilo.cifar10-dataset : Initializing transform
2024-02-28 12:19:07,881 | INFO | hilo.cifar10-dataset : Verifying/downloading train data
2024-02-28 12:19:08,495 | INFO | hilo.cifar10-dataset : Verifying/downloading test data
2024-02-28 12:19:08,984 | INFO | hilo.cifar10-dataset : Creating train data loader.
2024-02-28 12:19:08,984 | INFO | hilo.cifar10-dataset : Creating test data loader.
2024-02-28 12:19:09,094 | INFO | hilo : Output directory: output/resnet/cifar10/cauchy/5/20240228_121907/
2024-02-28 12:19:10,059 | INFO | hilo : Using device: NVIDIA GeForce GTX 1060 6GB
2024-02-28 12:19:10,059 | INFO | hilo : Exeucting job: MODEL resnet | DATASET cifar10 | KERNEL cauchy | TYPE 5
2024-02-28 12:19:10,059 | INFO | hilo : Commencing training phase...
2024-02-28 12:19:10,059 | INFO | hilo.kernel-accessor : Fetching kernel: cauchy
2024-02-28 12:19:10,060 | INFO | hilo.cauchy-kernel : Calculating Cauchy distribution (location: 0.0, scale 1.0)
2024-02-28 12:19:10,061 | INFO | hilo.cauchy-kernel : TOP-RIGHT:
tensor([[0.0700, 0.1749, 0.3498],
        [0.0350, 0.0700, 0.1749],
        [0.0206, 0.0350, 0.0700]])
2024-02-28 12:19:10,061 | INFO | hilo.kernel-accessor : Fetching kernel: cauchy
2024-02-28 12:19:10,061 | INFO | hilo.cauchy-kernel : Calculating Cauchy distribution (location: 0.0, scale 1.0)
2024-02-28 12:19:10,061 | INFO | hilo.cauchy-kernel : TOP-RIGHT:
tensor([[0.0700, 0.1749, 0.3498],
        [0.0350, 0.0700, 0.1749],
        [0.0206, 0.0350, 0.0700]])
2024-02-28 12:19:10,061 | INFO | hilo.kernel-accessor : Fetching kernel: cauchy
2024-02-28 12:19:10,061 | INFO | hilo.cauchy-kernel : Calculating Cauchy distribution (location: 0.0, scale 1.0)
2024-02-28 12:19:10,062 | INFO | hilo.cauchy-kernel : TOP-LEFT:
tensor([[0.3498, 0.1749, 0.0700],
        [0.1749, 0.0700, 0.0350],
        [0.0700, 0.0350, 0.0206]])
2024-02-28 12:19:10,062 | INFO | hilo.kernel-accessor : Fetching kernel: cauchy
2024-02-28 12:19:10,062 | INFO | hilo.cauchy-kernel : Calculating Cauchy distribution (location: 0.0, scale 1.0)
2024-02-28 12:19:10,062 | INFO | hilo.cauchy-kernel : TOP-RIGHT:
tensor([[0.0700, 0.1749, 0.3498],
        [0.0350, 0.0700, 0.1749],
        [0.0206, 0.0350, 0.0700]])
2024-02-28 12:19:10,062 | INFO | hilo.kernel-accessor : Fetching kernel: cauchy
2024-02-28 12:19:10,062 | INFO | hilo.cauchy-kernel : Calculating Cauchy distribution (location: 0.0, scale 1.0)
2024-02-28 12:19:10,063 | INFO | hilo.cauchy-kernel : TOP-LEFT:
tensor([[0.3498, 0.1749, 0.0700],
        [0.1749, 0.0700, 0.0350],
        [0.0700, 0.0350, 0.0206]])
2024-02-28 12:19:10,063 | INFO | hilo.kernel-accessor : Fetching kernel: cauchy
2024-02-28 12:19:10,063 | INFO | hilo.cauchy-kernel : Calculating Cauchy distribution (location: 0.0, scale 1.0)
2024-02-28 12:19:10,063 | INFO | hilo.cauchy-kernel : TOP-LEFT:
tensor([[0.3498, 0.1749, 0.0700],
        [0.1749, 0.0700, 0.0350],
        [0.0700, 0.0350, 0.0206]])
2024-02-28 12:19:10,063 | INFO | hilo.kernel-accessor : Fetching kernel: cauchy
2024-02-28 12:19:10,063 | INFO | hilo.cauchy-kernel : Calculating Cauchy distribution (location: 0.0, scale 1.0)
2024-02-28 12:19:10,064 | INFO | hilo.cauchy-kernel : TOP-RIGHT:
tensor([[0.0700, 0.1749, 0.3498],
        [0.0350, 0.0700, 0.1749],
        [0.0206, 0.0350, 0.0700]])
2024-02-28 12:19:10,064 | INFO | hilo.kernel-accessor : Fetching kernel: cauchy
2024-02-28 12:19:10,064 | INFO | hilo.cauchy-kernel : Calculating Cauchy distribution (location: 0.0, scale 1.0)
2024-02-28 12:19:10,064 | INFO | hilo.cauchy-kernel : TOP-RIGHT:
tensor([[0.0700, 0.1749, 0.3498],
        [0.0350, 0.0700, 0.1749],
        [0.0206, 0.0350, 0.0700]])
2024-02-28 12:19:10,064 | INFO | hilo.kernel-accessor : Fetching kernel: cauchy
2024-02-28 12:19:10,064 | INFO | hilo.cauchy-kernel : Calculating Cauchy distribution (location: 0.0, scale 1.0)
2024-02-28 12:19:10,065 | INFO | hilo.cauchy-kernel : TOP-LEFT:
tensor([[0.3498, 0.1749, 0.0700],
        [0.1749, 0.0700, 0.0350],
        [0.0700, 0.0350, 0.0206]])
2024-02-28 12:19:10,065 | INFO | hilo.kernel-accessor : Fetching kernel: cauchy
2024-02-28 12:19:10,065 | INFO | hilo.cauchy-kernel : Calculating Cauchy distribution (location: 0.0, scale 1.0)
2024-02-28 12:19:10,065 | INFO | hilo.cauchy-kernel : TOP-RIGHT:
tensor([[0.0700, 0.1749, 0.3498],
        [0.0350, 0.0700, 0.1749],
        [0.0206, 0.0350, 0.0700]])
2024-02-28 12:19:10,065 | INFO | hilo.kernel-accessor : Fetching kernel: cauchy
2024-02-28 12:19:10,065 | INFO | hilo.cauchy-kernel : Calculating Cauchy distribution (location: 0.0, scale 1.0)
2024-02-28 12:19:10,066 | INFO | hilo.cauchy-kernel : TOP-LEFT:
tensor([[0.3498, 0.1749, 0.0700],
        [0.1749, 0.0700, 0.0350],
        [0.0700, 0.0350, 0.0206]])
2024-02-28 12:19:10,066 | INFO | hilo.kernel-accessor : Fetching kernel: cauchy
2024-02-28 12:19:10,066 | INFO | hilo.cauchy-kernel : Calculating Cauchy distribution (location: 0.0, scale 1.0)
2024-02-28 12:19:10,066 | INFO | hilo.cauchy-kernel : TOP-LEFT:
tensor([[0.3498, 0.1749, 0.0700],
        [0.1749, 0.0700, 0.0350],
        [0.0700, 0.0350, 0.0206]])
2024-02-28 12:19:10,066 | INFO | hilo.kernel-accessor : Fetching kernel: cauchy
2024-02-28 12:19:10,066 | INFO | hilo.cauchy-kernel : Calculating Cauchy distribution (location: 0.0, scale 1.0)
2024-02-28 12:19:10,067 | INFO | hilo.cauchy-kernel : TOP-RIGHT:
tensor([[0.0700, 0.1749, 0.3498],
        [0.0350, 0.0700, 0.1749],
        [0.0206, 0.0350, 0.0700]])
2024-02-28 12:19:10,067 | INFO | hilo.kernel-accessor : Fetching kernel: cauchy
2024-02-28 12:19:10,067 | INFO | hilo.cauchy-kernel : Calculating Cauchy distribution (location: 0.0, scale 1.0)
2024-02-28 12:19:10,067 | INFO | hilo.cauchy-kernel : TOP-LEFT:
tensor([[0.3498, 0.1749, 0.0700],
        [0.1749, 0.0700, 0.0350],
        [0.0700, 0.0350, 0.0206]])
2024-02-28 12:19:10,067 | INFO | hilo.kernel-accessor : Fetching kernel: cauchy
2024-02-28 12:19:10,068 | INFO | hilo.cauchy-kernel : Calculating Cauchy distribution (location: 0.0, scale 1.0)
2024-02-28 12:19:10,068 | INFO | hilo.cauchy-kernel : TOP-LEFT:
tensor([[0.3498, 0.1749, 0.0700],
        [0.1749, 0.0700, 0.0350],
        [0.0700, 0.0350, 0.0206]])
2024-02-28 12:19:10,068 | INFO | hilo.kernel-accessor : Fetching kernel: cauchy
2024-02-28 12:19:10,068 | INFO | hilo.cauchy-kernel : Calculating Cauchy distribution (location: 0.0, scale 1.0)
2024-02-28 12:19:10,068 | INFO | hilo.cauchy-kernel : TOP-RIGHT:
tensor([[0.0700, 0.1749, 0.3498],
        [0.0350, 0.0700, 0.1749],
        [0.0206, 0.0350, 0.0700]])
2024-02-28 12:19:10,068 | INFO | hilo.kernel-accessor : Fetching kernel: cauchy
2024-02-28 12:19:10,069 | INFO | hilo.cauchy-kernel : Calculating Cauchy distribution (location: 0.0, scale 1.0)
2024-02-28 12:19:10,069 | INFO | hilo.cauchy-kernel : TOP-RIGHT:
tensor([[0.0700, 0.1749, 0.3498],
        [0.0350, 0.0700, 0.1749],
        [0.0206, 0.0350, 0.0700]])
2024-02-28 12:20:31,699 | INFO | hilo : Epoch   1/200 | Accuracy:  45.3125 | Loss:   1.8378
2024-02-28 12:20:31,699 | INFO | hilo.kernel-accessor : Fetching kernel: cauchy
2024-02-28 12:20:31,700 | INFO | hilo.cauchy-kernel : Calculating Cauchy distribution (location: -0.017770271748304367, scale 0.8125360608100891)
2024-02-28 12:20:31,700 | INFO | hilo.cauchy-kernel : TOP-RIGHT:
tensor([[0.0588, 0.1642, 0.4215],
        [0.0285, 0.0588, 0.1642],
        [0.0166, 0.0285, 0.0588]])
2024-02-28 12:20:31,701 | INFO | hilo.kernel-accessor : Fetching kernel: cauchy
2024-02-28 12:20:31,701 | INFO | hilo.cauchy-kernel : Calculating Cauchy distribution (location: -0.5897071361541748, scale 2.6027956008911133)
2024-02-28 12:20:31,701 | INFO | hilo.cauchy-kernel : TOP-RIGHT:
tensor([[0.1037, 0.1502, 0.1962],
        [0.0711, 0.1037, 0.1502],
        [0.0502, 0.0711, 0.1037]])
2024-02-28 12:20:31,701 | INFO | hilo.kernel-accessor : Fetching kernel: cauchy
2024-02-28 12:20:31,701 | INFO | hilo.cauchy-kernel : Calculating Cauchy distribution (location: -0.15928693115711212, scale 2.208406925201416)
2024-02-28 12:20:31,702 | INFO | hilo.cauchy-kernel : TOP-LEFT:
tensor([[0.2000, 0.1576, 0.1028],
        [0.1576, 0.1028, 0.0660],
        [0.1028, 0.0660, 0.0442]])
2024-02-28 12:20:31,702 | INFO | hilo.kernel-accessor : Fetching kernel: cauchy
2024-02-28 12:20:31,702 | INFO | hilo.cauchy-kernel : Calculating Cauchy distribution (location: -0.3237720727920532, scale 2.2387053966522217)
2024-02-28 12:20:31,702 | INFO | hilo.cauchy-kernel : TOP-RIGHT:
tensor([[0.1015, 0.1563, 0.2066],
        [0.0658, 0.1015, 0.1563],
        [0.0446, 0.0658, 0.1015]])
2024-02-28 12:20:31,702 | INFO | hilo.kernel-accessor : Fetching kernel: cauchy
2024-02-28 12:20:31,703 | INFO | hilo.cauchy-kernel : Calculating Cauchy distribution (location: -0.1816876381635666, scale 2.0938568115234375)
2024-02-28 12:20:31,703 | INFO | hilo.cauchy-kernel : TOP-RIGHT:
tensor([[0.1009, 0.1596, 0.2088],
        [0.0636, 0.1009, 0.1596],
        [0.0422, 0.0636, 0.1009]])
2024-02-28 12:20:31,703 | INFO | hilo.kernel-accessor : Fetching kernel: cauchy
2024-02-28 12:20:31,703 | INFO | hilo.cauchy-kernel : Calculating Cauchy distribution (location: -0.09381290525197983, scale 1.4696474075317383)
2024-02-28 12:20:31,703 | INFO | hilo.cauchy-kernel : TOP-LEFT:
tensor([[0.2652, 0.1714, 0.0879],
        [0.1714, 0.0879, 0.0490],
        [0.0879, 0.0490, 0.0304]])
2024-02-28 12:20:31,703 | INFO | hilo.kernel-accessor : Fetching kernel: cauchy
2024-02-28 12:20:31,704 | INFO | hilo.cauchy-kernel : Calculating Cauchy distribution (location: -0.14813533425331116, scale 1.9207854270935059)
2024-02-28 12:20:31,704 | INFO | hilo.cauchy-kernel : TOP-LEFT:
tensor([[0.2199, 0.1630, 0.0983],
        [0.1630, 0.0983, 0.0600],
        [0.0983, 0.0600, 0.0391]])
2024-02-28 12:20:31,704 | INFO | hilo.kernel-accessor : Fetching kernel: cauchy
2024-02-28 12:20:31,704 | INFO | hilo.cauchy-kernel : Calculating Cauchy distribution (location: -0.24686603248119354, scale 1.8150500059127808)
2024-02-28 12:20:31,705 | INFO | hilo.cauchy-kernel : TOP-RIGHT:
tensor([[0.0950, 0.1635, 0.2363],
        [0.0573, 0.0950, 0.1635],
        [0.0372, 0.0573, 0.0950]])
2024-02-28 12:20:31,705 | INFO | hilo.kernel-accessor : Fetching kernel: cauchy
2024-02-28 12:20:31,705 | INFO | hilo.cauchy-kernel : Calculating Cauchy distribution (location: -0.020563829690217972, scale 1.6595474481582642)
2024-02-28 12:20:31,705 | INFO | hilo.cauchy-kernel : TOP-RIGHT:
tensor([[0.0944, 0.1700, 0.2342],
        [0.0543, 0.0944, 0.1700],
        [0.0341, 0.0543, 0.0944]])
2024-02-28 12:20:31,705 | INFO | hilo.kernel-accessor : Fetching kernel: cauchy
2024-02-28 12:20:31,705 | INFO | hilo.cauchy-kernel : Calculating Cauchy distribution (location: 0.02320127561688423, scale 1.3079172372817993)
2024-02-28 12:20:31,706 | INFO | hilo.cauchy-kernel : TOP-RIGHT:
tensor([[0.0841, 0.1774, 0.2763],
        [0.0447, 0.0841, 0.1774],
        [0.0270, 0.0447, 0.0841]])
2024-02-28 12:20:31,706 | INFO | hilo.kernel-accessor : Fetching kernel: cauchy
2024-02-28 12:20:31,706 | INFO | hilo.cauchy-kernel : Calculating Cauchy distribution (location: 0.003776922821998596, scale 1.6832071542739868)
2024-02-28 12:20:31,706 | INFO | hilo.cauchy-kernel : TOP-LEFT:
tensor([[0.2295, 0.1699, 0.0953],
        [0.1699, 0.0953, 0.0550],
        [0.0953, 0.0550, 0.0346]])
2024-02-28 12:20:31,706 | INFO | hilo.kernel-accessor : Fetching kernel: cauchy
2024-02-28 12:20:31,706 | INFO | hilo.cauchy-kernel : Calculating Cauchy distribution (location: 0.08122808486223221, scale 1.6367710828781128)
2024-02-28 12:20:31,707 | INFO | hilo.cauchy-kernel : TOP-LEFT:
tensor([[0.2263, 0.1725, 0.0955],
        [0.1725, 0.0955, 0.0543],
        [0.0955, 0.0543, 0.0337]])
2024-02-28 12:20:31,707 | INFO | hilo.kernel-accessor : Fetching kernel: cauchy
2024-02-28 12:20:31,707 | INFO | hilo.cauchy-kernel : Calculating Cauchy distribution (location: 0.13564109802246094, scale 1.8215930461883545)
2024-02-28 12:20:31,707 | INFO | hilo.cauchy-kernel : TOP-RIGHT:
tensor([[0.1007, 0.1683, 0.2051],
        [0.0594, 0.1007, 0.1683],
        [0.0375, 0.0594, 0.1007]])
2024-02-28 12:20:31,707 | INFO | hilo.kernel-accessor : Fetching kernel: cauchy
2024-02-28 12:20:31,708 | INFO | hilo.cauchy-kernel : Calculating Cauchy distribution (location: 0.02109326422214508, scale 1.4411183595657349)
2024-02-28 12:20:31,708 | INFO | hilo.cauchy-kernel : TOP-RIGHT:
tensor([[0.0888, 0.1753, 0.2561],
        [0.0486, 0.0888, 0.1753],
        [0.0297, 0.0486, 0.0888]])
2024-02-28 12:20:31,708 | INFO | hilo.kernel-accessor : Fetching kernel: cauchy
2024-02-28 12:20:31,708 | INFO | hilo.cauchy-kernel : Calculating Cauchy distribution (location: 0.010841317474842072, scale 1.5301316976547241)
2024-02-28 12:20:31,708 | INFO | hilo.cauchy-kernel : TOP-LEFT:
tensor([[0.2457, 0.1733, 0.0914],
        [0.1733, 0.0914, 0.0510],
        [0.0914, 0.0510, 0.0315]])
2024-02-28 12:20:31,709 | INFO | hilo.kernel-accessor : Fetching kernel: cauchy
2024-02-28 12:20:31,709 | INFO | hilo.cauchy-kernel : Calculating Cauchy distribution (location: -0.08366627991199493, scale 1.989303708076477)
2024-02-28 12:20:31,709 | INFO | hilo.cauchy-kernel : TOP-LEFT:
tensor([[0.2101, 0.1623, 0.1004],
        [0.1623, 0.1004, 0.0619],
        [0.1004, 0.0619, 0.0404]])
2024-02-28 12:20:31,709 | INFO | hilo.kernel-accessor : Fetching kernel: cauchy
2024-02-28 12:20:31,709 | INFO | hilo.cauchy-kernel : Calculating Cauchy distribution (location: -0.653553307056427, scale 3.1963558197021484)
2024-02-28 12:20:31,710 | INFO | hilo.cauchy-kernel : TOP-LEFT:
tensor([[0.1745, 0.1434, 0.1076],
        [0.1434, 0.1076, 0.0788],
        [0.1076, 0.0788, 0.0583]])
2024-02-28 12:21:52,488 | INFO | hilo : Epoch   2/200 | Accuracy:  46.8750 | Loss:   1.6520
2024-02-28 12:21:52,488 | INFO | hilo.kernel-accessor : Fetching kernel: cauchy
2024-02-28 12:21:52,488 | INFO | hilo.cauchy-kernel : Calculating Cauchy distribution (location: -0.024345092475414276, scale 0.7192682027816772)
2024-02-28 12:21:52,489 | INFO | hilo.cauchy-kernel : TOP-LEFT:
tensor([[0.4682, 0.1548, 0.0525],
        [0.1548, 0.0525, 0.0251],
        [0.0525, 0.0251, 0.0145]])
2024-02-28 12:21:52,489 | INFO | hilo.kernel-accessor : Fetching kernel: cauchy
2024-02-28 12:21:52,489 | INFO | hilo.cauchy-kernel : Calculating Cauchy distribution (location: -0.4315595030784607, scale 1.4479315280914307)
2024-02-28 12:21:52,490 | INFO | hilo.cauchy-kernel : TOP-LEFT:
tensor([[0.2949, 0.1624, 0.0841],
        [0.1624, 0.0841, 0.0485],
        [0.0841, 0.0485, 0.0310]])
2024-02-28 12:21:52,490 | INFO | hilo.kernel-accessor : Fetching kernel: cauchy
2024-02-28 12:21:52,490 | INFO | hilo.cauchy-kernel : Calculating Cauchy distribution (location: -0.27087631821632385, scale 1.2435295581817627)
2024-02-28 12:21:52,490 | INFO | hilo.cauchy-kernel : TOP-RIGHT:
tensor([[0.0780, 0.1655, 0.3230],
        [0.0427, 0.0780, 0.1655],
        [0.0264, 0.0427, 0.0780]])
2024-02-28 12:21:52,490 | INFO | hilo.kernel-accessor : Fetching kernel: cauchy
2024-02-28 12:21:52,490 | INFO | hilo.cauchy-kernel : Calculating Cauchy distribution (location: -0.2576802968978882, scale 1.1530733108520508)
2024-02-28 12:21:52,491 | INFO | hilo.cauchy-kernel : TOP-LEFT:
tensor([[0.3429, 0.1644, 0.0745],
        [0.1644, 0.0745, 0.0401],
        [0.0745, 0.0401, 0.0246]])
2024-02-28 12:21:52,491 | INFO | hilo.kernel-accessor : Fetching kernel: cauchy
2024-02-28 12:21:52,491 | INFO | hilo.cauchy-kernel : Calculating Cauchy distribution (location: -0.11224810034036636, scale 1.1374318599700928)
2024-02-28 12:21:52,491 | INFO | hilo.cauchy-kernel : TOP-LEFT:
tensor([[0.3308, 0.1707, 0.0751],
        [0.1707, 0.0751, 0.0394],
        [0.0751, 0.0394, 0.0237]])
2024-02-28 12:21:52,491 | INFO | hilo.kernel-accessor : Fetching kernel: cauchy
2024-02-28 12:21:52,491 | INFO | hilo.cauchy-kernel : Calculating Cauchy distribution (location: -0.06548468768596649, scale 0.9032829403877258)
2024-02-28 12:21:52,492 | INFO | hilo.cauchy-kernel : TOP-LEFT:
tensor([[0.3948, 0.1660, 0.0637],
        [0.1660, 0.0637, 0.0317],
        [0.0637, 0.0317, 0.0187]])
2024-02-28 12:21:52,492 | INFO | hilo.kernel-accessor : Fetching kernel: cauchy
2024-02-28 12:21:52,492 | INFO | hilo.cauchy-kernel : Calculating Cauchy distribution (location: -0.15175482630729675, scale 1.0048058032989502)
2024-02-28 12:21:52,492 | INFO | hilo.cauchy-kernel : TOP-LEFT:
tensor([[0.3733, 0.1650, 0.0684],
        [0.1650, 0.0684, 0.0352],
        [0.0684, 0.0352, 0.0211]])
2024-02-28 12:21:52,492 | INFO | hilo.kernel-accessor : Fetching kernel: cauchy
2024-02-28 12:21:52,492 | INFO | hilo.cauchy-kernel : Calculating Cauchy distribution (location: -0.16970303654670715, scale 0.9803204536437988)
2024-02-28 12:21:52,493 | INFO | hilo.cauchy-kernel : TOP-LEFT:
tensor([[0.3835, 0.1630, 0.0670],
        [0.1630, 0.0670, 0.0345],
        [0.0670, 0.0345, 0.0207]])
2024-02-28 12:21:52,493 | INFO | hilo.kernel-accessor : Fetching kernel: cauchy
2024-02-28 12:21:52,493 | INFO | hilo.cauchy-kernel : Calculating Cauchy distribution (location: -0.10040372610092163, scale 0.9920052289962769)
2024-02-28 12:21:52,493 | INFO | hilo.cauchy-kernel : TOP-RIGHT:
tensor([[0.0682, 0.1676, 0.3701],
        [0.0347, 0.0682, 0.1676],
        [0.0207, 0.0347, 0.0682]])
2024-02-28 12:21:52,493 | INFO | hilo.kernel-accessor : Fetching kernel: cauchy
2024-02-28 12:21:52,493 | INFO | hilo.cauchy-kernel : Calculating Cauchy distribution (location: -0.06793111562728882, scale 0.8136276602745056)
2024-02-28 12:21:52,494 | INFO | hilo.cauchy-kernel : TOP-RIGHT:
tensor([[0.0583, 0.1597, 0.4318],
        [0.0286, 0.0583, 0.1597],
        [0.0167, 0.0286, 0.0583]])
2024-02-28 12:21:52,494 | INFO | hilo.kernel-accessor : Fetching kernel: cauchy
2024-02-28 12:21:52,494 | INFO | hilo.cauchy-kernel : Calculating Cauchy distribution (location: -0.14232251048088074, scale 0.9879128336906433)
2024-02-28 12:21:52,494 | INFO | hilo.cauchy-kernel : TOP-LEFT:
tensor([[0.3775, 0.1649, 0.0676],
        [0.1649, 0.0676, 0.0347],
        [0.0676, 0.0347, 0.0207]])
2024-02-28 12:21:52,494 | INFO | hilo.kernel-accessor : Fetching kernel: cauchy
2024-02-28 12:21:52,495 | INFO | hilo.cauchy-kernel : Calculating Cauchy distribution (location: -0.09323481470346451, scale 0.980573296546936)
2024-02-28 12:21:52,495 | INFO | hilo.cauchy-kernel : TOP-LEFT:
tensor([[0.3726, 0.1676, 0.0677],
        [0.1676, 0.0677, 0.0343],
        [0.0677, 0.0343, 0.0204]])
2024-02-28 12:21:52,495 | INFO | hilo.kernel-accessor : Fetching kernel: cauchy
2024-02-28 12:21:52,495 | INFO | hilo.cauchy-kernel : Calculating Cauchy distribution (location: -0.01622661203145981, scale 0.987466037273407)
2024-02-28 12:21:52,495 | INFO | hilo.cauchy-kernel : TOP-RIGHT:
tensor([[0.0690, 0.1733, 0.3568],
        [0.0345, 0.0690, 0.1733],
        [0.0203, 0.0345, 0.0690]])
2024-02-28 12:21:52,495 | INFO | hilo.kernel-accessor : Fetching kernel: cauchy
2024-02-28 12:21:52,496 | INFO | hilo.cauchy-kernel : Calculating Cauchy distribution (location: -0.005243288818746805, scale 0.7652243375778198)
2024-02-28 12:21:52,496 | INFO | hilo.cauchy-kernel : TOP-RIGHT:
tensor([[0.0559, 0.1615, 0.4401],
        [0.0268, 0.0559, 0.1615],
        [0.0155, 0.0268, 0.0559]])
2024-02-28 12:21:52,496 | INFO | hilo.kernel-accessor : Fetching kernel: cauchy
2024-02-28 12:21:52,496 | INFO | hilo.cauchy-kernel : Calculating Cauchy distribution (location: 0.011934641748666763, scale 0.8917459845542908)
2024-02-28 12:21:52,496 | INFO | hilo.cauchy-kernel : TOP-RIGHT:
tensor([[0.0641, 0.1719, 0.3829],
        [0.0313, 0.0641, 0.1719],
        [0.0182, 0.0313, 0.0641]])
2024-02-28 12:21:52,496 | INFO | hilo.kernel-accessor : Fetching kernel: cauchy
2024-02-28 12:21:52,497 | INFO | hilo.cauchy-kernel : Calculating Cauchy distribution (location: -0.043715961277484894, scale 1.1220300197601318)
2024-02-28 12:21:52,497 | INFO | hilo.cauchy-kernel : TOP-RIGHT:
tensor([[0.0753, 0.1743, 0.3246],
        [0.0389, 0.0753, 0.1743],
        [0.0232, 0.0389, 0.0753]])
2024-02-28 12:21:52,497 | INFO | hilo.kernel-accessor : Fetching kernel: cauchy
2024-02-28 12:21:52,497 | INFO | hilo.cauchy-kernel : Calculating Cauchy distribution (location: -0.5659964680671692, scale 1.9460705518722534)
2024-02-28 12:21:52,497 | INFO | hilo.cauchy-kernel : TOP-RIGHT:
tensor([[0.0950, 0.1579, 0.2399],
        [0.0597, 0.0950, 0.1579],
        [0.0400, 0.0597, 0.0950]])
2024-02-28 12:23:13,303 | INFO | hilo : Epoch   3/200 | Accuracy:  42.5045 | Loss:   1.2845
2024-02-28 12:23:13,303 | INFO | hilo.kernel-accessor : Fetching kernel: cauchy
2024-02-28 12:23:13,303 | INFO | hilo.cauchy-kernel : Calculating Cauchy distribution (location: -0.02204020507633686, scale 0.6183838248252869)
2024-02-28 12:23:13,304 | INFO | hilo.cauchy-kernel : TOP-RIGHT:
tensor([[0.0451, 0.1414, 0.5271],
        [0.0212, 0.0451, 0.1414],
        [0.0122, 0.0212, 0.0451]])
2024-02-28 12:23:13,304 | INFO | hilo.kernel-accessor : Fetching kernel: cauchy
2024-02-28 12:23:13,304 | INFO | hilo.cauchy-kernel : Calculating Cauchy distribution (location: -0.4473839998245239, scale 1.361199975013733)
2024-02-28 12:23:13,305 | INFO | hilo.cauchy-kernel : TOP-RIGHT:
tensor([[0.0813, 0.1615, 0.3106],
        [0.0464, 0.0813, 0.1615],
        [0.0295, 0.0464, 0.0813]])
2024-02-28 12:23:13,305 | INFO | hilo.kernel-accessor : Fetching kernel: cauchy
2024-02-28 12:23:13,305 | INFO | hilo.cauchy-kernel : Calculating Cauchy distribution (location: -0.20465970039367676, scale 1.0124125480651855)
2024-02-28 12:23:13,306 | INFO | hilo.cauchy-kernel : TOP-RIGHT:
tensor([[0.0684, 0.1625, 0.3772],
        [0.0356, 0.0684, 0.1625],
        [0.0215, 0.0356, 0.0684]])
2024-02-28 12:23:13,306 | INFO | hilo.kernel-accessor : Fetching kernel: cauchy
2024-02-28 12:23:13,306 | INFO | hilo.cauchy-kernel : Calculating Cauchy distribution (location: -0.21656294167041779, scale 0.8675805926322937)
2024-02-28 12:23:13,307 | INFO | hilo.cauchy-kernel : TOP-RIGHT:
tensor([[0.0607, 0.1539, 0.4298],
        [0.0310, 0.0607, 0.1539],
        [0.0185, 0.0310, 0.0607]])
2024-02-28 12:23:13,307 | INFO | hilo.kernel-accessor : Fetching kernel: cauchy
2024-02-28 12:23:13,307 | INFO | hilo.cauchy-kernel : Calculating Cauchy distribution (location: -0.07155969738960266, scale 0.90855872631073)
2024-02-28 12:23:13,307 | INFO | hilo.cauchy-kernel : TOP-RIGHT:
tensor([[0.0640, 0.1658, 0.3940],
        [0.0319, 0.0640, 0.1658],
        [0.0188, 0.0319, 0.0640]])
2024-02-28 12:23:13,307 | INFO | hilo.kernel-accessor : Fetching kernel: cauchy
2024-02-28 12:23:13,308 | INFO | hilo.cauchy-kernel : Calculating Cauchy distribution (location: -0.03555213287472725, scale 0.8116592168807983)
2024-02-28 12:23:13,308 | INFO | hilo.cauchy-kernel : TOP-RIGHT:
tensor([[0.0585, 0.1624, 0.4260],
        [0.0285, 0.0585, 0.1624],
        [0.0166, 0.0285, 0.0585]])
2024-02-28 12:23:13,308 | INFO | hilo.kernel-accessor : Fetching kernel: cauchy
2024-02-28 12:23:13,308 | INFO | hilo.cauchy-kernel : Calculating Cauchy distribution (location: -0.2272263765335083, scale 0.8654500842094421)
2024-02-28 12:23:13,309 | INFO | hilo.cauchy-kernel : TOP-RIGHT:
tensor([[0.0605, 0.1532, 0.4316],
        [0.0309, 0.0605, 0.1532],
        [0.0186, 0.0309, 0.0605]])
2024-02-28 12:23:13,309 | INFO | hilo.kernel-accessor : Fetching kernel: cauchy
2024-02-28 12:23:13,309 | INFO | hilo.cauchy-kernel : Calculating Cauchy distribution (location: -0.1850266009569168, scale 0.7331749200820923)
2024-02-28 12:23:13,310 | INFO | hilo.cauchy-kernel : TOP-RIGHT:
tensor([[0.0525, 0.1436, 0.4877],
        [0.0261, 0.0525, 0.1436],
        [0.0154, 0.0261, 0.0525]])
2024-02-28 12:23:13,310 | INFO | hilo.kernel-accessor : Fetching kernel: cauchy
2024-02-28 12:23:13,310 | INFO | hilo.cauchy-kernel : Calculating Cauchy distribution (location: -0.13943693041801453, scale 0.7359617352485657)
2024-02-28 12:23:13,310 | INFO | hilo.cauchy-kernel : TOP-LEFT:
tensor([[0.4811, 0.1467, 0.0527],
        [0.1467, 0.0527, 0.0260],
        [0.0527, 0.0260, 0.0153]])
2024-02-28 12:23:13,311 | INFO | hilo.kernel-accessor : Fetching kernel: cauchy
2024-02-28 12:23:13,311 | INFO | hilo.cauchy-kernel : Calculating Cauchy distribution (location: -0.07019950449466705, scale 0.6206669807434082)
2024-02-28 12:23:13,311 | INFO | hilo.cauchy-kernel : TOP-LEFT:
tensor([[0.5368, 0.1368, 0.0448],
        [0.1368, 0.0448, 0.0213],
        [0.0448, 0.0213, 0.0124]])
2024-02-28 12:23:13,311 | INFO | hilo.kernel-accessor : Fetching kernel: cauchy
2024-02-28 12:23:13,312 | INFO | hilo.cauchy-kernel : Calculating Cauchy distribution (location: -0.1679248809814453, scale 0.7430457472801208)
2024-02-28 12:23:13,312 | INFO | hilo.cauchy-kernel : TOP-RIGHT:
tensor([[0.0531, 0.1457, 0.4810],
        [0.0264, 0.0531, 0.1457],
        [0.0156, 0.0264, 0.0531]])
2024-02-28 12:23:13,312 | INFO | hilo.kernel-accessor : Fetching kernel: cauchy
2024-02-28 12:23:13,312 | INFO | hilo.cauchy-kernel : Calculating Cauchy distribution (location: -0.08783987164497375, scale 0.7237315773963928)
2024-02-28 12:23:13,313 | INFO | hilo.cauchy-kernel : TOP-LEFT:
tensor([[0.4794, 0.1493, 0.0522],
        [0.1493, 0.0522, 0.0253],
        [0.0522, 0.0253, 0.0148]])
2024-02-28 12:23:13,313 | INFO | hilo.kernel-accessor : Fetching kernel: cauchy
2024-02-28 12:23:13,313 | INFO | hilo.cauchy-kernel : Calculating Cauchy distribution (location: -0.0032164957374334335, scale 0.7421032786369324)
2024-02-28 12:23:13,314 | INFO | hilo.cauchy-kernel : TOP-RIGHT:
tensor([[0.0544, 0.1595, 0.4509],
        [0.0259, 0.0544, 0.1595],
        [0.0150, 0.0259, 0.0544]])
2024-02-28 12:23:13,314 | INFO | hilo.kernel-accessor : Fetching kernel: cauchy
2024-02-28 12:23:13,314 | INFO | hilo.cauchy-kernel : Calculating Cauchy distribution (location: 0.009721776470541954, scale 0.5855591893196106)
2024-02-28 12:23:13,314 | INFO | hilo.cauchy-kernel : TOP-RIGHT:
tensor([[0.0430, 0.1399, 0.5399],
        [0.0199, 0.0430, 0.1399],
        [0.0114, 0.0199, 0.0430]])
2024-02-28 12:23:13,315 | INFO | hilo.kernel-accessor : Fetching kernel: cauchy
2024-02-28 12:23:13,315 | INFO | hilo.cauchy-kernel : Calculating Cauchy distribution (location: 0.009256144985556602, scale 0.7113096117973328)
2024-02-28 12:23:13,315 | INFO | hilo.cauchy-kernel : TOP-RIGHT:
tensor([[0.0525, 0.1576, 0.4634],
        [0.0248, 0.0525, 0.1576],
        [0.0143, 0.0248, 0.0525]])
2024-02-28 12:23:13,315 | INFO | hilo.kernel-accessor : Fetching kernel: cauchy
2024-02-28 12:23:13,316 | INFO | hilo.cauchy-kernel : Calculating Cauchy distribution (location: -0.051283709704875946, scale 0.7300592064857483)
2024-02-28 12:23:13,316 | INFO | hilo.cauchy-kernel : TOP-LEFT:
tensor([[0.4688, 0.1533, 0.0530],
        [0.1533, 0.0530, 0.0255],
        [0.0530, 0.0255, 0.0148]])
2024-02-28 12:23:13,316 | INFO | hilo.kernel-accessor : Fetching kernel: cauchy
2024-02-28 12:23:13,316 | INFO | hilo.cauchy-kernel : Calculating Cauchy distribution (location: -0.060496557503938675, scale 0.8249956965446472)
2024-02-28 12:23:13,317 | INFO | hilo.cauchy-kernel : TOP-RIGHT:
tensor([[0.0591, 0.1612, 0.4254],
        [0.0290, 0.0591, 0.1612],
        [0.0170, 0.0290, 0.0591]])
2024-02-28 12:24:34,120 | INFO | hilo : Epoch   4/200 | Accuracy:  44.9013 | Loss:   1.3743
2024-02-28 12:24:34,120 | INFO | hilo.kernel-accessor : Fetching kernel: cauchy
2024-02-28 12:24:34,120 | INFO | hilo.cauchy-kernel : Calculating Cauchy distribution (location: -0.022852923721075058, scale 0.6774410009384155)
2024-02-28 12:24:34,121 | INFO | hilo.cauchy-kernel : TOP-RIGHT:
tensor([[0.0496, 0.1499, 0.4910],
        [0.0235, 0.0496, 0.1499],
        [0.0136, 0.0235, 0.0496]])
2024-02-28 12:24:34,121 | INFO | hilo.kernel-accessor : Fetching kernel: cauchy
2024-02-28 12:24:34,121 | INFO | hilo.cauchy-kernel : Calculating Cauchy distribution (location: -0.7928178310394287, scale 1.7849020957946777)
2024-02-28 12:24:34,121 | INFO | hilo.cauchy-kernel : TOP-LEFT:
tensor([[0.2622, 0.1563, 0.0910],
        [0.1563, 0.0910, 0.0569],
        [0.0910, 0.0569, 0.0382]])
2024-02-28 12:24:34,121 | INFO | hilo.kernel-accessor : Fetching kernel: cauchy
2024-02-28 12:24:34,121 | INFO | hilo.cauchy-kernel : Calculating Cauchy distribution (location: -0.1883459985256195, scale 0.9521872401237488)
2024-02-28 12:24:34,122 | INFO | hilo.cauchy-kernel : TOP-RIGHT:
tensor([[0.0654, 0.1606, 0.3952],
        [0.0336, 0.0654, 0.1606],
        [0.0202, 0.0336, 0.0654]])
2024-02-28 12:24:34,122 | INFO | hilo.kernel-accessor : Fetching kernel: cauchy
2024-02-28 12:24:34,122 | INFO | hilo.cauchy-kernel : Calculating Cauchy distribution (location: -0.26463040709495544, scale 0.7976393699645996)
2024-02-28 12:24:34,122 | INFO | hilo.cauchy-kernel : TOP-RIGHT:
tensor([[0.0567, 0.1461, 0.4625],
        [0.0289, 0.0567, 0.1461],
        [0.0174, 0.0289, 0.0567]])
2024-02-28 12:24:34,123 | INFO | hilo.kernel-accessor : Fetching kernel: cauchy
2024-02-28 12:24:34,123 | INFO | hilo.cauchy-kernel : Calculating Cauchy distribution (location: -0.097941555082798, scale 0.6727184057235718)
2024-02-28 12:24:34,123 | INFO | hilo.cauchy-kernel : TOP-LEFT:
tensor([[0.5097, 0.1421, 0.0485],
        [0.1421, 0.0485, 0.0234],
        [0.0485, 0.0234, 0.0137]])
2024-02-28 12:24:34,123 | INFO | hilo.kernel-accessor : Fetching kernel: cauchy
2024-02-28 12:24:34,123 | INFO | hilo.cauchy-kernel : Calculating Cauchy distribution (location: -0.09065944701433182, scale 0.6813607215881348)
2024-02-28 12:24:34,124 | INFO | hilo.cauchy-kernel : TOP-LEFT:
tensor([[0.5034, 0.1438, 0.0492],
        [0.1438, 0.0492, 0.0237],
        [0.0492, 0.0237, 0.0138]])
2024-02-28 12:24:34,124 | INFO | hilo.kernel-accessor : Fetching kernel: cauchy
2024-02-28 12:24:34,124 | INFO | hilo.cauchy-kernel : Calculating Cauchy distribution (location: -0.16618037223815918, scale 0.6409388184547424)
2024-02-28 12:24:34,124 | INFO | hilo.cauchy-kernel : TOP-LEFT:
tensor([[0.5372, 0.1330, 0.0461],
        [0.1330, 0.0461, 0.0226],
        [0.0461, 0.0226, 0.0133]])
2024-02-28 12:24:34,124 | INFO | hilo.kernel-accessor : Fetching kernel: cauchy
2024-02-28 12:24:34,125 | INFO | hilo.cauchy-kernel : Calculating Cauchy distribution (location: -0.14376717805862427, scale 0.5964266061782837)
2024-02-28 12:24:34,125 | INFO | hilo.cauchy-kernel : TOP-LEFT:
tensor([[0.5632, 0.1274, 0.0428],
        [0.1274, 0.0428, 0.0207],
        [0.0428, 0.0207, 0.0121]])
2024-02-28 12:24:34,125 | INFO | hilo.kernel-accessor : Fetching kernel: cauchy
2024-02-28 12:24:34,125 | INFO | hilo.cauchy-kernel : Calculating Cauchy distribution (location: -0.1336258053779602, scale 0.6168880462646484)
2024-02-28 12:24:34,125 | INFO | hilo.cauchy-kernel : TOP-LEFT:
tensor([[0.5490, 0.1313, 0.0443],
        [0.1313, 0.0443, 0.0214],
        [0.0443, 0.0214, 0.0125]])
2024-02-28 12:24:34,126 | INFO | hilo.kernel-accessor : Fetching kernel: cauchy
2024-02-28 12:24:34,126 | INFO | hilo.cauchy-kernel : Calculating Cauchy distribution (location: -0.0831795185804367, scale 0.493088960647583)
2024-02-28 12:24:34,126 | INFO | hilo.cauchy-kernel : TOP-RIGHT:
tensor([[0.0345, 0.1115, 0.6318],
        [0.0162, 0.0345, 0.1115],
        [0.0093, 0.0162, 0.0345]])
2024-02-28 12:24:34,126 | INFO | hilo.kernel-accessor : Fetching kernel: cauchy
2024-02-28 12:24:34,126 | INFO | hilo.cauchy-kernel : Calculating Cauchy distribution (location: -0.08471204340457916, scale 0.5043772459030151)
2024-02-28 12:24:34,127 | INFO | hilo.cauchy-kernel : TOP-RIGHT:
tensor([[0.0354, 0.1139, 0.6230],
        [0.0167, 0.0354, 0.1139],
        [0.0096, 0.0167, 0.0354]])
2024-02-28 12:24:34,127 | INFO | hilo.kernel-accessor : Fetching kernel: cauchy
2024-02-28 12:24:34,127 | INFO | hilo.cauchy-kernel : Calculating Cauchy distribution (location: -0.059667155146598816, scale 0.5084004998207092)
2024-02-28 12:24:34,127 | INFO | hilo.cauchy-kernel : TOP-LEFT:
tensor([[0.6157, 0.1168, 0.0358],
        [0.1168, 0.0358, 0.0168],
        [0.0358, 0.0168, 0.0096]])
2024-02-28 12:24:34,127 | INFO | hilo.kernel-accessor : Fetching kernel: cauchy
2024-02-28 12:24:34,128 | INFO | hilo.cauchy-kernel : Calculating Cauchy distribution (location: 0.02177102491259575, scale 0.5145171880722046)
2024-02-28 12:24:34,128 | INFO | hilo.cauchy-kernel : TOP-RIGHT:
tensor([[0.0374, 0.1278, 0.5885],
        [0.0171, 0.0374, 0.1278],
        [0.0097, 0.0171, 0.0374]])
2024-02-28 12:24:34,128 | INFO | hilo.kernel-accessor : Fetching kernel: cauchy
2024-02-28 12:24:34,128 | INFO | hilo.cauchy-kernel : Calculating Cauchy distribution (location: 0.025442764163017273, scale 0.42104318737983704)
2024-02-28 12:24:34,129 | INFO | hilo.cauchy-kernel : TOP-LEFT:
tensor([[0.6679, 0.1054, 0.0292],
        [0.1054, 0.0292, 0.0132],
        [0.0292, 0.0132, 0.0074]])
2024-02-28 12:24:34,129 | INFO | hilo.kernel-accessor : Fetching kernel: cauchy
2024-02-28 12:24:34,129 | INFO | hilo.cauchy-kernel : Calculating Cauchy distribution (location: 0.041436515748500824, scale 0.4251304864883423)
2024-02-28 12:24:34,129 | INFO | hilo.cauchy-kernel : TOP-LEFT:
tensor([[0.6577, 0.1091, 0.0299],
        [0.1091, 0.0299, 0.0134],
        [0.0299, 0.0134, 0.0076]])
2024-02-28 12:24:34,129 | INFO | hilo.kernel-accessor : Fetching kernel: cauchy
2024-02-28 12:24:34,129 | INFO | hilo.cauchy-kernel : Calculating Cauchy distribution (location: -0.016177557408809662, scale 0.46504202485084534)
2024-02-28 12:24:34,130 | INFO | hilo.cauchy-kernel : TOP-RIGHT:
tensor([[0.0325, 0.1113, 0.6418],
        [0.0149, 0.0325, 0.1113],
        [0.0085, 0.0149, 0.0325]])
2024-02-28 12:24:34,130 | INFO | hilo.kernel-accessor : Fetching kernel: cauchy
2024-02-28 12:24:34,130 | INFO | hilo.cauchy-kernel : Calculating Cauchy distribution (location: 0.05143937095999718, scale 0.5509169697761536)
2024-02-28 12:24:34,130 | INFO | hilo.cauchy-kernel : TOP-LEFT:
tensor([[0.5494, 0.1398, 0.0410],
        [0.1398, 0.0410, 0.0187],
        [0.0410, 0.0187, 0.0106]])
2024-02-28 12:25:54,945 | INFO | hilo : Epoch   5/200 | Accuracy:  42.9688 | Loss:   1.5273
2024-02-28 12:25:54,945 | INFO | hilo.kernel-accessor : Fetching kernel: cauchy
2024-02-28 12:25:54,946 | INFO | hilo.cauchy-kernel : Calculating Cauchy distribution (location: -0.004453491419553757, scale 0.6723449230194092)
2024-02-28 12:25:54,947 | INFO | hilo.cauchy-kernel : TOP-RIGHT:
tensor([[0.0495, 0.1513, 0.4890],
        [0.0233, 0.0495, 0.1513],
        [0.0134, 0.0233, 0.0495]])
2024-02-28 12:25:54,947 | INFO | hilo.kernel-accessor : Fetching kernel: cauchy
2024-02-28 12:25:54,947 | INFO | hilo.cauchy-kernel : Calculating Cauchy distribution (location: -0.7505189180374146, scale 1.8238041400909424)
2024-02-28 12:25:54,948 | INFO | hilo.cauchy-kernel : TOP-RIGHT:
tensor([[0.0919, 0.1566, 0.2573],
        [0.0575, 0.0919, 0.1566],
        [0.0387, 0.0575, 0.0919]])
2024-02-28 12:25:54,948 | INFO | hilo.kernel-accessor : Fetching kernel: cauchy
2024-02-28 12:25:54,948 | INFO | hilo.cauchy-kernel : Calculating Cauchy distribution (location: -0.23417039215564728, scale 1.18287193775177)
2024-02-28 12:25:54,948 | INFO | hilo.cauchy-kernel : TOP-RIGHT:
tensor([[0.0759, 0.1660, 0.3335],
        [0.0409, 0.0759, 0.1660],
        [0.0251, 0.0409, 0.0759]])
2024-02-28 12:25:54,948 | INFO | hilo.kernel-accessor : Fetching kernel: cauchy
2024-02-28 12:25:54,949 | INFO | hilo.cauchy-kernel : Calculating Cauchy distribution (location: -0.28180569410324097, scale 0.875296950340271)
2024-02-28 12:25:54,949 | INFO | hilo.cauchy-kernel : TOP-RIGHT:
tensor([[0.0611, 0.1514, 0.4315],
        [0.0316, 0.0611, 0.1514],
        [0.0191, 0.0316, 0.0611]])
2024-02-28 12:25:54,949 | INFO | hilo.kernel-accessor : Fetching kernel: cauchy
2024-02-28 12:25:54,949 | INFO | hilo.cauchy-kernel : Calculating Cauchy distribution (location: -0.021284809336066246, scale 0.6499291062355042)
2024-02-28 12:25:54,950 | INFO | hilo.cauchy-kernel : TOP-LEFT:
tensor([[0.5070, 0.1463, 0.0476],
        [0.1463, 0.0476, 0.0224],
        [0.0476, 0.0224, 0.0129]])
2024-02-28 12:25:54,950 | INFO | hilo.kernel-accessor : Fetching kernel: cauchy
2024-02-28 12:25:54,950 | INFO | hilo.cauchy-kernel : Calculating Cauchy distribution (location: -0.06865909695625305, scale 0.6881253123283386)
2024-02-28 12:25:54,951 | INFO | hilo.cauchy-kernel : TOP-RIGHT:
tensor([[0.0498, 0.1466, 0.4954],
        [0.0240, 0.0498, 0.1466],
        [0.0139, 0.0240, 0.0498]])
2024-02-28 12:25:54,951 | INFO | hilo.kernel-accessor : Fetching kernel: cauchy
2024-02-28 12:25:54,951 | INFO | hilo.cauchy-kernel : Calculating Cauchy distribution (location: -0.10381264239549637, scale 0.6282196640968323)
2024-02-28 12:25:54,952 | INFO | hilo.cauchy-kernel : TOP-LEFT:
tensor([[0.5378, 0.1352, 0.0452],
        [0.1352, 0.0452, 0.0217],
        [0.0452, 0.0217, 0.0127]])
2024-02-28 12:25:54,952 | INFO | hilo.kernel-accessor : Fetching kernel: cauchy
2024-02-28 12:25:54,952 | INFO | hilo.cauchy-kernel : Calculating Cauchy distribution (location: -0.17186108231544495, scale 0.5861418843269348)
2024-02-28 12:25:54,953 | INFO | hilo.cauchy-kernel : TOP-RIGHT:
tensor([[0.0422, 0.1243, 0.5719],
        [0.0205, 0.0422, 0.1243],
        [0.0120, 0.0205, 0.0422]])
2024-02-28 12:25:54,953 | INFO | hilo.kernel-accessor : Fetching kernel: cauchy
2024-02-28 12:25:54,953 | INFO | hilo.cauchy-kernel : Calculating Cauchy distribution (location: -0.09113717079162598, scale 0.5508999824523926)
2024-02-28 12:25:54,954 | INFO | hilo.cauchy-kernel : TOP-RIGHT:
tensor([[0.0392, 0.1228, 0.5886],
        [0.0186, 0.0392, 0.1228],
        [0.0108, 0.0186, 0.0392]])
2024-02-28 12:25:54,954 | INFO | hilo.kernel-accessor : Fetching kernel: cauchy
2024-02-28 12:25:54,954 | INFO | hilo.cauchy-kernel : Calculating Cauchy distribution (location: -0.014335538260638714, scale 0.4343256652355194)
2024-02-28 12:25:54,954 | INFO | hilo.cauchy-kernel : TOP-RIGHT:
tensor([[0.0297, 0.1037, 0.6685],
        [0.0136, 0.0297, 0.1037],
        [0.0077, 0.0136, 0.0297]])
2024-02-28 12:25:54,955 | INFO | hilo.kernel-accessor : Fetching kernel: cauchy
2024-02-28 12:25:54,955 | INFO | hilo.cauchy-kernel : Calculating Cauchy distribution (location: -0.025668293237686157, scale 0.4758838713169098)
2024-02-28 12:25:54,955 | INFO | hilo.cauchy-kernel : TOP-RIGHT:
tensor([[0.0333, 0.1128, 0.6350],
        [0.0154, 0.0333, 0.1128],
        [0.0088, 0.0154, 0.0333]])
2024-02-28 12:25:54,955 | INFO | hilo.kernel-accessor : Fetching kernel: cauchy
2024-02-28 12:25:54,956 | INFO | hilo.cauchy-kernel : Calculating Cauchy distribution (location: 0.03261072188615799, scale 0.44340968132019043)
2024-02-28 12:25:54,956 | INFO | hilo.cauchy-kernel : TOP-LEFT:
tensor([[0.6446, 0.1125, 0.0313],
        [0.1125, 0.0313, 0.0142],
        [0.0313, 0.0142, 0.0080]])
2024-02-28 12:25:54,956 | INFO | hilo.kernel-accessor : Fetching kernel: cauchy
