2023-12-28 21:29:34,293 | INFO | hilo : 
+==============================================================+
|                                                              |
| ██████╗  █████╗ ██████╗ ██╗         ██╗      █████╗ ██████╗  |
| ██╔══██╗██╔══██╗██╔══██╗██║         ██║     ██╔══██╗██╔══██╗ |
| ██║  ██║███████║██║  ██║██║         ██║     ███████║██████╔╝ |
| ██║  ██║██╔══██║██║  ██║██║         ██║     ██╔══██║██╔══██╗ |
| ██████╔╝██║  ██║██████╔╝███████╗    ███████╗██║  ██║██████╔╝ |
| ╚═════╝ ╚═╝  ╚═╝╚═════╝ ╚══════╝    ╚══════╝╚═╝  ╚═╝╚═════╝  |
+==============================================================+
|             Hi-Lo Resolution Image Classification            |
|             -------------------------------------            |
|                       Gabriel C. Trahan                      |
|                          Sahan Ahmad                         |
|                       MD  Aminual Islam                      |
+==============================================================+
2023-12-28 21:29:35,909 | INFO | hilo.dataset-accessor : Fetching dataset: cifar10
2023-12-28 21:29:35,909 | INFO | hilo.cifar10-dataset : Initializing transform
2023-12-28 21:29:35,909 | INFO | hilo.cifar10-dataset : Verifying/downloading train data
2023-12-28 21:29:36,530 | INFO | hilo.cifar10-dataset : Verifying/downloading test data
2023-12-28 21:29:37,023 | INFO | hilo.cifar10-dataset : Creating train data loader.
2023-12-28 21:29:37,024 | INFO | hilo.cifar10-dataset : Creating test data loader.
2023-12-28 21:29:37,051 | INFO | hilo : Output directory: output/normal/cifar10/gaussian/10/20231228_212935/
2023-12-28 21:29:37,091 | INFO | hilo : Using device: NVIDIA GeForce GTX 1060 6GB
2023-12-28 21:29:38,056 | INFO | hilo : Exeucting job: MODEL normal | DATASET cifar10 | KERNEL gaussian | TYPE 10
2023-12-28 21:29:38,057 | INFO | hilo : Commencing training phase...
2023-12-28 21:29:38,057 | INFO | hilo.kernel-accessor : Fetching kernel: gaussian
2023-12-28 21:29:38,057 | INFO | hilo.gaussian-kernel : Calculating Gaussian distribution (location: 0, scale 1.0)
2023-12-28 21:29:38,058 | INFO | hilo.gaussian-kernel : BOTTOM-RIGHT:
tensor([[0.0060, 0.0271, 0.0446],
        [0.0271, 0.1212, 0.1999],
        [0.0446, 0.1999, 0.3296]])
2023-12-28 21:29:38,058 | INFO | hilo.kernel-accessor : Fetching kernel: gaussian
2023-12-28 21:29:38,058 | INFO | hilo.gaussian-kernel : Calculating Gaussian distribution (location: 0, scale 1.0)
2023-12-28 21:29:38,059 | INFO | hilo.gaussian-kernel : BOTTOM-RIGHT:
tensor([[0.0060, 0.0271, 0.0446],
        [0.0271, 0.1212, 0.1999],
        [0.0446, 0.1999, 0.3296]])
2023-12-28 21:29:38,059 | INFO | hilo.kernel-accessor : Fetching kernel: gaussian
2023-12-28 21:29:38,059 | INFO | hilo.gaussian-kernel : Calculating Gaussian distribution (location: 0, scale 1.0)
2023-12-28 21:29:38,059 | INFO | hilo.gaussian-kernel : BOTTOM-RIGHT:
tensor([[0.0060, 0.0271, 0.0446],
        [0.0271, 0.1212, 0.1999],
        [0.0446, 0.1999, 0.3296]])
2023-12-28 21:29:38,059 | INFO | hilo.kernel-accessor : Fetching kernel: gaussian
2023-12-28 21:29:38,059 | INFO | hilo.gaussian-kernel : Calculating Gaussian distribution (location: 0, scale 1.0)
2023-12-28 21:29:38,060 | INFO | hilo.gaussian-kernel : BOTTOM-RIGHT:
tensor([[0.0060, 0.0271, 0.0446],
        [0.0271, 0.1212, 0.1999],
        [0.0446, 0.1999, 0.3296]])
2023-12-28 21:29:47,062 | INFO | hilo : Epoch   1/200 | Accuracy:  39.0625 | Loss:   1.7972
2023-12-28 21:29:47,062 | INFO | hilo.kernel-accessor : Fetching kernel: gaussian
2023-12-28 21:29:47,062 | INFO | hilo.gaussian-kernel : Calculating Gaussian distribution (location: -0.1038995310664177, scale 0.5086256265640259)
2023-12-28 21:29:47,063 | INFO | hilo.gaussian-kernel : STATIC:
tensor([[8.3087e-01, 8.0488e-02, 1.6337e-04],
        [8.0488e-02, 7.7971e-03, 1.5826e-05],
        [1.6337e-04, 1.5826e-05, 3.2123e-08]])
2023-12-28 21:29:47,063 | INFO | hilo.kernel-accessor : Fetching kernel: gaussian
2023-12-28 21:29:47,064 | INFO | hilo.gaussian-kernel : Calculating Gaussian distribution (location: -0.35938650369644165, scale 0.781795084476471)
2023-12-28 21:29:47,064 | INFO | hilo.gaussian-kernel : BOTTOM-RIGHT:
tensor([[8.6652e-05, 1.8154e-03, 7.4066e-03],
        [1.8154e-03, 3.8035e-02, 1.5517e-01],
        [7.4066e-03, 1.5517e-01, 6.3309e-01]])
2023-12-28 21:29:47,064 | INFO | hilo.kernel-accessor : Fetching kernel: gaussian
2023-12-28 21:29:47,065 | INFO | hilo.gaussian-kernel : Calculating Gaussian distribution (location: -0.9257581830024719, scale 1.3003284931182861)
2023-12-28 21:29:47,065 | INFO | hilo.gaussian-kernel : STATIC:
tensor([[0.4256, 0.1832, 0.0436],
        [0.1832, 0.0788, 0.0188],
        [0.0436, 0.0188, 0.0045]])
2023-12-28 21:29:47,065 | INFO | hilo.kernel-accessor : Fetching kernel: gaussian
2023-12-28 21:29:47,066 | INFO | hilo.gaussian-kernel : Calculating Gaussian distribution (location: -0.33762529492378235, scale 0.7204110622406006)
2023-12-28 21:29:47,066 | INFO | hilo.gaussian-kernel : STATIC:
tensor([[6.8884e-01, 1.3715e-01, 3.9761e-03],
        [1.3715e-01, 2.7306e-02, 7.9165e-04],
        [3.9761e-03, 7.9165e-04, 2.2951e-05]])
2023-12-28 21:29:55,219 | INFO | hilo : Epoch   2/200 | Accuracy:  45.1637 | Loss:   1.4727
2023-12-28 21:29:55,219 | INFO | hilo.kernel-accessor : Fetching kernel: gaussian
2023-12-28 21:29:55,219 | INFO | hilo.gaussian-kernel : Calculating Gaussian distribution (location: -0.08960612863302231, scale 0.4296356737613678)
2023-12-28 21:29:55,220 | INFO | hilo.gaussian-kernel : BOTTOM-RIGHT:
tensor([[5.1360e-11, 2.8225e-07, 6.8843e-06],
        [2.8225e-07, 1.5511e-03, 3.7833e-02],
        [6.8843e-06, 3.7833e-02, 9.2277e-01]])
2023-12-28 21:29:55,220 | INFO | hilo.kernel-accessor : Fetching kernel: gaussian
2023-12-28 21:29:55,221 | INFO | hilo.gaussian-kernel : Calculating Gaussian distribution (location: -0.587489902973175, scale 0.7922964096069336)
2023-12-28 21:29:55,221 | INFO | hilo.gaussian-kernel : STATIC:
tensor([[7.1428e-01, 1.2633e-01, 4.5423e-03],
        [1.2633e-01, 2.2342e-02, 8.0334e-04],
        [4.5423e-03, 8.0334e-04, 2.8886e-05]])
2023-12-28 21:29:55,221 | INFO | hilo.kernel-accessor : Fetching kernel: gaussian
2023-12-28 21:29:55,222 | INFO | hilo.gaussian-kernel : Calculating Gaussian distribution (location: -1.0903708934783936, scale 1.6851286888122559)
2023-12-28 21:29:55,222 | INFO | hilo.gaussian-kernel : STATIC:
tensor([[0.3084, 0.1762, 0.0708],
        [0.1762, 0.1006, 0.0404],
        [0.0708, 0.0404, 0.0162]])
2023-12-28 21:29:55,222 | INFO | hilo.kernel-accessor : Fetching kernel: gaussian
2023-12-28 21:29:55,223 | INFO | hilo.gaussian-kernel : Calculating Gaussian distribution (location: -0.7080322504043579, scale 1.134609341621399)
2023-12-28 21:29:55,223 | INFO | hilo.gaussian-kernel : TOP-RIGHT:
tensor([[0.0330, 0.1831, 0.4681],
        [0.0129, 0.0717, 0.1831],
        [0.0023, 0.0129, 0.0330]])
2023-12-28 21:30:03,710 | INFO | hilo : Epoch   3/200 | Accuracy:  52.7739 | Loss:   1.2888
2023-12-28 21:30:03,710 | INFO | hilo.kernel-accessor : Fetching kernel: gaussian
2023-12-28 21:30:03,711 | INFO | hilo.gaussian-kernel : Calculating Gaussian distribution (location: -0.06964500993490219, scale 0.47375255823135376)
2023-12-28 21:30:03,712 | INFO | hilo.gaussian-kernel : BOTTOM-RIGHT:
tensor([[4.5168e-09, 4.9214e-06, 6.2281e-05],
        [4.9214e-06, 5.3624e-03, 6.7861e-02],
        [6.2281e-05, 6.7861e-02, 8.5878e-01]])
2023-12-28 21:30:03,712 | INFO | hilo.kernel-accessor : Fetching kernel: gaussian
2023-12-28 21:30:03,712 | INFO | hilo.gaussian-kernel : Calculating Gaussian distribution (location: -0.5838626623153687, scale 0.8287514448165894)
2023-12-28 21:30:03,713 | INFO | hilo.gaussian-kernel : STATIC:
tensor([[6.7595e-01, 1.3950e-01, 6.7128e-03],
        [1.3950e-01, 2.8789e-02, 1.3853e-03],
        [6.7128e-03, 1.3853e-03, 6.6664e-05]])
2023-12-28 21:30:03,713 | INFO | hilo.kernel-accessor : Fetching kernel: gaussian
2023-12-28 21:30:03,713 | INFO | hilo.gaussian-kernel : Calculating Gaussian distribution (location: -1.598387360572815, scale 2.3569955825805664)
2023-12-28 21:30:03,714 | INFO | hilo.gaussian-kernel : BOTTOM-RIGHT:
tensor([[0.0357, 0.0623, 0.0909],
        [0.0623, 0.1088, 0.1588],
        [0.0909, 0.1588, 0.2316]])
2023-12-28 21:30:03,714 | INFO | hilo.kernel-accessor : Fetching kernel: gaussian
2023-12-28 21:30:03,714 | INFO | hilo.gaussian-kernel : Calculating Gaussian distribution (location: -0.892773449420929, scale 1.5102354288101196)
2023-12-28 21:30:03,715 | INFO | hilo.gaussian-kernel : BOTTOM-RIGHT:
tensor([[0.0120, 0.0344, 0.0633],
        [0.0344, 0.0982, 0.1808],
        [0.0633, 0.1808, 0.3329]])
2023-12-28 21:30:11,818 | INFO | hilo : Epoch   4/200 | Accuracy:  53.9062 | Loss:   1.3968
2023-12-28 21:30:11,818 | INFO | hilo.kernel-accessor : Fetching kernel: gaussian
2023-12-28 21:30:11,819 | INFO | hilo.gaussian-kernel : Calculating Gaussian distribution (location: 0.0639340728521347, scale 0.5277961492538452)
2023-12-28 21:30:11,819 | INFO | hilo.gaussian-kernel : STATIC:
tensor([[6.8277e-01, 1.4271e-01, 8.2335e-04],
        [1.4271e-01, 2.9827e-02, 1.7209e-04],
        [8.2335e-04, 1.7209e-04, 9.9287e-07]])
2023-12-28 21:30:11,820 | INFO | hilo.kernel-accessor : Fetching kernel: gaussian
2023-12-28 21:30:11,820 | INFO | hilo.gaussian-kernel : Calculating Gaussian distribution (location: -0.5403540730476379, scale 0.9762493371963501)
2023-12-28 21:30:11,821 | INFO | hilo.gaussian-kernel : STATIC:
tensor([[0.5288, 0.1775, 0.0209],
        [0.1775, 0.0596, 0.0070],
        [0.0209, 0.0070, 0.0008]])
2023-12-28 21:30:11,821 | INFO | hilo.kernel-accessor : Fetching kernel: gaussian
2023-12-28 21:30:11,821 | INFO | hilo.gaussian-kernel : Calculating Gaussian distribution (location: -2.1154580116271973, scale 3.0714149475097656)
2023-12-28 21:30:11,822 | INFO | hilo.gaussian-kernel : BOTTOM-RIGHT:
tensor([[0.0516, 0.0757, 0.0999],
        [0.0757, 0.1110, 0.1465],
        [0.0999, 0.1465, 0.1933]])
2023-12-28 21:30:11,822 | INFO | hilo.kernel-accessor : Fetching kernel: gaussian
2023-12-28 21:30:11,822 | INFO | hilo.gaussian-kernel : Calculating Gaussian distribution (location: -0.9020435810089111, scale 1.7155815362930298)
2023-12-28 21:30:11,823 | INFO | hilo.gaussian-kernel : STATIC:
tensor([[0.2783, 0.1728, 0.0764],
        [0.1728, 0.1073, 0.0475],
        [0.0764, 0.0475, 0.0210]])
2023-12-28 21:30:20,045 | INFO | hilo : Epoch   5/200 | Accuracy:  59.3750 | Loss:   1.4659
2023-12-28 21:30:20,045 | INFO | hilo.kernel-accessor : Fetching kernel: gaussian
2023-12-28 21:30:20,046 | INFO | hilo.gaussian-kernel : Calculating Gaussian distribution (location: -0.10407920926809311, scale 0.44929423928260803)
2023-12-28 21:30:20,047 | INFO | hilo.gaussian-kernel : BOTTOM-RIGHT:
tensor([[2.8588e-10, 8.0761e-07, 1.6100e-05],
        [8.0761e-07, 2.2816e-03, 4.5483e-02],
        [1.6100e-05, 4.5483e-02, 9.0672e-01]])
2023-12-28 21:30:20,047 | INFO | hilo.kernel-accessor : Fetching kernel: gaussian
2023-12-28 21:30:20,047 | INFO | hilo.gaussian-kernel : Calculating Gaussian distribution (location: -0.6017628908157349, scale 0.884006917476654)
2023-12-28 21:30:20,048 | INFO | hilo.gaussian-kernel : TOP-RIGHT:
tensor([[1.0433e-02, 1.5362e-01, 6.2912e-01],
        [2.5475e-03, 3.7510e-02, 1.5362e-01],
        [1.7301e-04, 2.5475e-03, 1.0433e-02]])
2023-12-28 21:30:20,048 | INFO | hilo.kernel-accessor : Fetching kernel: gaussian
2023-12-28 21:30:20,048 | INFO | hilo.gaussian-kernel : Calculating Gaussian distribution (location: -1.3576247692108154, scale 2.1954972743988037)
2023-12-28 21:30:20,049 | INFO | hilo.gaussian-kernel : TOP-RIGHT:
tensor([[0.0889, 0.1609, 0.2365],
        [0.0605, 0.1094, 0.1609],
        [0.0334, 0.0605, 0.0889]])
2023-12-28 21:30:20,049 | INFO | hilo.kernel-accessor : Fetching kernel: gaussian
2023-12-28 21:30:20,049 | INFO | hilo.gaussian-kernel : Calculating Gaussian distribution (location: -0.9171968698501587, scale 1.7314046621322632)
2023-12-28 21:30:20,050 | INFO | hilo.gaussian-kernel : STATIC:
tensor([[0.2765, 0.1724, 0.0770],
        [0.1724, 0.1074, 0.0480],
        [0.0770, 0.0480, 0.0214]])
2023-12-28 21:30:28,348 | INFO | hilo : Epoch   6/200 | Accuracy:  71.8750 | Loss:   1.4116
2023-12-28 21:30:28,348 | INFO | hilo.kernel-accessor : Fetching kernel: gaussian
2023-12-28 21:30:28,349 | INFO | hilo.gaussian-kernel : Calculating Gaussian distribution (location: 0.006391236558556557, scale 0.4723418951034546)
2023-12-28 21:30:28,350 | INFO | hilo.gaussian-kernel : BOTTOM-RIGHT:
tensor([[1.4899e-08, 1.2039e-05, 1.1001e-04],
        [1.2039e-05, 9.7274e-03, 8.8888e-02],
        [1.1001e-04, 8.8888e-02, 8.1225e-01]])
2023-12-28 21:30:28,350 | INFO | hilo.kernel-accessor : Fetching kernel: gaussian
2023-12-28 21:30:28,350 | INFO | hilo.gaussian-kernel : Calculating Gaussian distribution (location: -0.6393882036209106, scale 0.9327430129051208)
2023-12-28 21:30:28,351 | INFO | hilo.gaussian-kernel : STATIC:
tensor([[5.9814e-01, 1.6145e-01, 1.3807e-02],
        [1.6145e-01, 4.3579e-02, 3.7267e-03],
        [1.3807e-02, 3.7267e-03, 3.1870e-04]])
2023-12-28 21:30:28,351 | INFO | hilo.kernel-accessor : Fetching kernel: gaussian
2023-12-28 21:30:28,351 | INFO | hilo.gaussian-kernel : Calculating Gaussian distribution (location: -1.7268376350402832, scale 2.650944232940674)
2023-12-28 21:30:28,352 | INFO | hilo.gaussian-kernel : BOTTOM-RIGHT:
tensor([[0.0442, 0.0700, 0.0961],
        [0.0700, 0.1108, 0.1521],
        [0.0961, 0.1521, 0.2088]])
2023-12-28 21:30:28,352 | INFO | hilo.kernel-accessor : Fetching kernel: gaussian
2023-12-28 21:30:28,353 | INFO | hilo.gaussian-kernel : Calculating Gaussian distribution (location: -1.1826108694076538, scale 2.0471956729888916)
2023-12-28 21:30:28,353 | INFO | hilo.gaussian-kernel : TOP-RIGHT:
tensor([[0.0863, 0.1637, 0.2445],
        [0.0578, 0.1096, 0.1637],
        [0.0305, 0.0578, 0.0863]])
2023-12-28 21:30:36,706 | INFO | hilo : Epoch   7/200 | Accuracy:  64.0625 | Loss:   1.1148
2023-12-28 21:30:36,706 | INFO | hilo.kernel-accessor : Fetching kernel: gaussian
2023-12-28 21:30:36,707 | INFO | hilo.gaussian-kernel : Calculating Gaussian distribution (location: -0.006097271107137203, scale 0.4362173080444336)
2023-12-28 21:30:36,708 | INFO | hilo.gaussian-kernel : BOTTOM-RIGHT:
tensor([[5.7049e-10, 1.5619e-06, 2.2322e-05],
        [1.5619e-06, 4.2763e-03, 6.1116e-02],
        [2.2322e-05, 6.1116e-02, 8.7344e-01]])
2023-12-28 21:30:36,708 | INFO | hilo.kernel-accessor : Fetching kernel: gaussian
2023-12-28 21:30:36,708 | INFO | hilo.gaussian-kernel : Calculating Gaussian distribution (location: -0.5841137170791626, scale 0.925421416759491)
2023-12-28 21:30:36,709 | INFO | hilo.gaussian-kernel : STATIC:
tensor([[5.8564e-01, 1.6514e-01, 1.4487e-02],
        [1.6514e-01, 4.6569e-02, 4.0852e-03],
        [1.4487e-02, 4.0852e-03, 3.5837e-04]])
2023-12-28 21:30:36,709 | INFO | hilo.kernel-accessor : Fetching kernel: gaussian
2023-12-28 21:30:36,709 | INFO | hilo.gaussian-kernel : Calculating Gaussian distribution (location: -1.5895544290542603, scale 2.4069042205810547)
2023-12-28 21:30:36,710 | INFO | hilo.gaussian-kernel : TOP-RIGHT:
tensor([[0.0922, 0.1572, 0.2254],
        [0.0643, 0.1096, 0.1572],
        [0.0377, 0.0643, 0.0922]])
2023-12-28 21:30:36,710 | INFO | hilo.kernel-accessor : Fetching kernel: gaussian
2023-12-28 21:30:36,710 | INFO | hilo.gaussian-kernel : Calculating Gaussian distribution (location: -1.1075137853622437, scale 1.9600027799606323)
2023-12-28 21:30:36,711 | INFO | hilo.gaussian-kernel : STATIC:
tensor([[0.2520, 0.1659, 0.0841],
        [0.1659, 0.1091, 0.0554],
        [0.0841, 0.0554, 0.0281]])
2023-12-28 21:30:45,164 | INFO | hilo : Epoch   8/200 | Accuracy:  66.4062 | Loss:   1.3544
2023-12-28 21:30:45,164 | INFO | hilo.kernel-accessor : Fetching kernel: gaussian
2023-12-28 21:30:45,164 | INFO | hilo.gaussian-kernel : Calculating Gaussian distribution (location: -0.13391289114952087, scale 0.44187963008880615)
2023-12-28 21:30:45,165 | INFO | hilo.gaussian-kernel : STATIC:
tensor([[9.2648e-01, 3.6048e-02, 8.3697e-06],
        [3.6048e-02, 1.4026e-03, 3.2565e-07],
        [8.3697e-06, 3.2565e-07, 7.5611e-11]])
2023-12-28 21:30:45,165 | INFO | hilo.kernel-accessor : Fetching kernel: gaussian
2023-12-28 21:30:45,166 | INFO | hilo.gaussian-kernel : Calculating Gaussian distribution (location: -0.6057897806167603, scale 0.908726155757904)
2023-12-28 21:30:45,166 | INFO | hilo.gaussian-kernel : BOTTOM-RIGHT:
tensor([[2.5456e-04, 3.2604e-03, 1.2440e-02],
        [3.2604e-03, 4.1758e-02, 1.5933e-01],
        [1.2440e-02, 1.5933e-01, 6.0793e-01]])
2023-12-28 21:30:45,167 | INFO | hilo.kernel-accessor : Fetching kernel: gaussian
2023-12-28 21:30:45,167 | INFO | hilo.gaussian-kernel : Calculating Gaussian distribution (location: -1.8107693195343018, scale 2.764221429824829)
2023-12-28 21:30:45,167 | INFO | hilo.gaussian-kernel : STATIC:
tensor([[0.2032, 0.1502, 0.0974],
        [0.1502, 0.1110, 0.0720],
        [0.0974, 0.0720, 0.0467]])
2023-12-28 21:30:45,168 | INFO | hilo.kernel-accessor : Fetching kernel: gaussian
2023-12-28 21:30:45,168 | INFO | hilo.gaussian-kernel : Calculating Gaussian distribution (location: -0.9952115416526794, scale 2.147531270980835)
2023-12-28 21:30:45,169 | INFO | hilo.gaussian-kernel : BOTTOM-RIGHT:
tensor([[0.0385, 0.0662, 0.0916],
        [0.0662, 0.1137, 0.1573],
        [0.0916, 0.1573, 0.2175]])
2023-12-28 21:30:53,510 | INFO | hilo : Epoch   9/200 | Accuracy:  71.8750 | Loss:   1.2007
2023-12-28 21:30:53,510 | INFO | hilo.kernel-accessor : Fetching kernel: gaussian
2023-12-28 21:30:53,510 | INFO | hilo.gaussian-kernel : Calculating Gaussian distribution (location: -0.07535263150930405, scale 0.502395749092102)
2023-12-28 21:30:53,511 | INFO | hilo.gaussian-kernel : STATIC:
tensor([[8.2265e-01, 8.4185e-02, 1.6391e-04],
        [8.4185e-02, 8.6150e-03, 1.6774e-05],
        [1.6391e-04, 1.6774e-05, 3.2659e-08]])
2023-12-28 21:30:53,511 | INFO | hilo.kernel-accessor : Fetching kernel: gaussian
2023-12-28 21:30:53,512 | INFO | hilo.gaussian-kernel : Calculating Gaussian distribution (location: -0.6024001836776733, scale 1.0040340423583984)
2023-12-28 21:30:53,512 | INFO | hilo.gaussian-kernel : TOP-RIGHT:
tensor([[0.0220, 0.1768, 0.5277],
        [0.0074, 0.0592, 0.1768],
        [0.0009, 0.0074, 0.0220]])
2023-12-28 21:30:53,512 | INFO | hilo.kernel-accessor : Fetching kernel: gaussian
2023-12-28 21:30:53,513 | INFO | hilo.gaussian-kernel : Calculating Gaussian distribution (location: -2.0754146575927734, scale 3.113638162612915)
2023-12-28 21:30:53,513 | INFO | hilo.gaussian-kernel : STATIC:
tensor([[0.1895, 0.1453, 0.1005],
        [0.1453, 0.1114, 0.0771],
        [0.1005, 0.0771, 0.0533]])
2023-12-28 21:30:53,513 | INFO | hilo.kernel-accessor : Fetching kernel: gaussian
2023-12-28 21:30:53,514 | INFO | hilo.gaussian-kernel : Calculating Gaussian distribution (location: -0.891945481300354, scale 1.8897960186004639)
2023-12-28 21:30:53,514 | INFO | hilo.gaussian-kernel : STATIC:
tensor([[0.2441, 0.1653, 0.0846],
        [0.1653, 0.1120, 0.0573],
        [0.0846, 0.0573, 0.0293]])
2023-12-28 21:31:01,666 | INFO | hilo : Epoch  10/200 | Accuracy:  64.5433 | Loss:   1.4618
2023-12-28 21:31:01,666 | INFO | hilo.kernel-accessor : Fetching kernel: gaussian
2023-12-28 21:31:01,666 | INFO | hilo.gaussian-kernel : Calculating Gaussian distribution (location: 0.022085970267653465, scale 0.46852806210517883)
2023-12-28 21:31:01,667 | INFO | hilo.gaussian-kernel : BOTTOM-RIGHT:
tensor([[1.4717e-08, 1.2351e-05, 1.0895e-04],
        [1.2351e-05, 1.0366e-02, 9.1435e-02],
        [1.0895e-04, 9.1435e-02, 8.0652e-01]])
2023-12-28 21:31:01,667 | INFO | hilo.kernel-accessor : Fetching kernel: gaussian
2023-12-28 21:31:01,668 | INFO | hilo.gaussian-kernel : Calculating Gaussian distribution (location: -0.5704278945922852, scale 1.011527419090271)
2023-12-28 21:31:01,668 | INFO | hilo.gaussian-kernel : STATIC:
tensor([[0.5119, 0.1798, 0.0238],
        [0.1798, 0.0632, 0.0083],
        [0.0238, 0.0083, 0.0011]])
2023-12-28 21:31:01,668 | INFO | hilo.kernel-accessor : Fetching kernel: gaussian
2023-12-28 21:31:01,669 | INFO | hilo.gaussian-kernel : Calculating Gaussian distribution (location: -1.9332044124603271, scale 3.097960948944092)
2023-12-28 21:31:01,669 | INFO | hilo.gaussian-kernel : BOTTOM-RIGHT:
tensor([[0.0548, 0.0783, 0.1009],
        [0.0783, 0.1120, 0.1443],
        [0.1009, 0.1443, 0.1860]])
2023-12-28 21:31:01,670 | INFO | hilo.kernel-accessor : Fetching kernel: gaussian
2023-12-28 21:31:01,670 | INFO | hilo.gaussian-kernel : Calculating Gaussian distribution (location: -1.1917181015014648, scale 2.231638193130493)
2023-12-28 21:31:01,670 | INFO | hilo.gaussian-kernel : STATIC:
tensor([[0.2211, 0.1574, 0.0917],
        [0.1574, 0.1121, 0.0653],
        [0.0917, 0.0653, 0.0380]])
2023-12-28 21:31:10,059 | INFO | hilo : Epoch  11/200 | Accuracy:  71.8750 | Loss:   0.7825
2023-12-28 21:31:10,059 | INFO | hilo.kernel-accessor : Fetching kernel: gaussian
2023-12-28 21:31:10,059 | INFO | hilo.gaussian-kernel : Calculating Gaussian distribution (location: -0.012091167271137238, scale 0.5172456502914429)
2023-12-28 21:31:10,060 | INFO | hilo.gaussian-kernel : TOP-RIGHT:
tensor([[3.9294e-04, 1.1191e-01, 7.5878e-01],
        [5.7951e-05, 1.6504e-02, 1.1191e-01],
        [2.0348e-07, 5.7951e-05, 3.9294e-04]])
2023-12-28 21:31:10,061 | INFO | hilo.kernel-accessor : Fetching kernel: gaussian
2023-12-28 21:31:10,061 | INFO | hilo.gaussian-kernel : Calculating Gaussian distribution (location: -0.5316349267959595, scale 1.034778356552124)
2023-12-28 21:31:10,061 | INFO | hilo.gaussian-kernel : STATIC:
tensor([[0.4831, 0.1843, 0.0276],
        [0.1843, 0.0703, 0.0105],
        [0.0276, 0.0105, 0.0016]])
2023-12-28 21:31:10,062 | INFO | hilo.kernel-accessor : Fetching kernel: gaussian
2023-12-28 21:31:10,062 | INFO | hilo.gaussian-kernel : Calculating Gaussian distribution (location: -2.2128775119781494, scale 3.4214179515838623)
2023-12-28 21:31:10,062 | INFO | hilo.gaussian-kernel : STATIC:
tensor([[0.1779, 0.1411, 0.1028],
        [0.1411, 0.1119, 0.0815],
        [0.1028, 0.0815, 0.0594]])
2023-12-28 21:31:10,063 | INFO | hilo.kernel-accessor : Fetching kernel: gaussian
2023-12-28 21:31:10,063 | INFO | hilo.gaussian-kernel : Calculating Gaussian distribution (location: -1.214057445526123, scale 2.2260279655456543)
2023-12-28 21:31:10,063 | INFO | hilo.gaussian-kernel : BOTTOM-RIGHT:
tensor([[0.0374, 0.0646, 0.0913],
        [0.0646, 0.1117, 0.1579],
        [0.0913, 0.1579, 0.2232]])
2023-12-28 21:31:18,527 | INFO | hilo : Epoch  12/200 | Accuracy:  68.7500 | Loss:   1.3639
2023-12-28 21:31:18,527 | INFO | hilo.kernel-accessor : Fetching kernel: gaussian
2023-12-28 21:31:18,527 | INFO | hilo.gaussian-kernel : Calculating Gaussian distribution (location: -0.11549493670463562, scale 0.49847277998924255)
2023-12-28 21:31:18,528 | INFO | hilo.gaussian-kernel : BOTTOM-RIGHT:
tensor([[1.3522e-08, 9.0085e-06, 1.0726e-04],
        [9.0085e-06, 6.0018e-03, 7.1460e-02],
        [1.0726e-04, 7.1460e-02, 8.5085e-01]])
2023-12-28 21:31:18,528 | INFO | hilo.kernel-accessor : Fetching kernel: gaussian
2023-12-28 21:31:18,529 | INFO | hilo.gaussian-kernel : Calculating Gaussian distribution (location: -0.6195712685585022, scale 0.9988465905189514)
2023-12-28 21:31:18,529 | INFO | hilo.gaussian-kernel : STATIC:
tensor([[0.5371, 0.1749, 0.0209],
        [0.1749, 0.0569, 0.0068],
        [0.0209, 0.0068, 0.0008]])
2023-12-28 21:31:18,530 | INFO | hilo.kernel-accessor : Fetching kernel: gaussian
2023-12-28 21:31:18,530 | INFO | hilo.gaussian-kernel : Calculating Gaussian distribution (location: -1.8596545457839966, scale 2.916351795196533)
2023-12-28 21:31:18,530 | INFO | hilo.gaussian-kernel : STATIC:
tensor([[0.1944, 0.1473, 0.0992],
        [0.1473, 0.1116, 0.0752],
        [0.0992, 0.0752, 0.0506]])
2023-12-28 21:31:18,531 | INFO | hilo.kernel-accessor : Fetching kernel: gaussian
2023-12-28 21:31:18,531 | INFO | hilo.gaussian-kernel : Calculating Gaussian distribution (location: -0.9094554781913757, scale 1.8692818880081177)
2023-12-28 21:31:18,531 | INFO | hilo.gaussian-kernel : BOTTOM-RIGHT:
tensor([[0.0280, 0.0558, 0.0835],
        [0.0558, 0.1112, 0.1665],
        [0.0835, 0.1665, 0.2492]])
2023-12-28 21:31:27,000 | INFO | hilo : Epoch  13/200 | Accuracy:  66.0156 | Loss:   1.0548
2023-12-28 21:31:27,000 | INFO | hilo.kernel-accessor : Fetching kernel: gaussian
2023-12-28 21:31:27,001 | INFO | hilo.gaussian-kernel : Calculating Gaussian distribution (location: 0.04247267171740532, scale 0.516635000705719)
2023-12-28 21:31:27,001 | INFO | hilo.gaussian-kernel : TOP-RIGHT:
tensor([[5.4902e-04, 1.2916e-01, 7.1711e-01],
        [9.8887e-05, 2.3264e-02, 1.2916e-01],
        [4.2032e-07, 9.8887e-05, 5.4902e-04]])
2023-12-28 21:31:27,002 | INFO | hilo.kernel-accessor : Fetching kernel: gaussian
2023-12-28 21:31:27,002 | INFO | hilo.gaussian-kernel : Calculating Gaussian distribution (location: -0.5692404508590698, scale 0.9924957752227783)
2023-12-28 21:31:27,003 | INFO | hilo.gaussian-kernel : TOP-RIGHT:
tensor([[0.0217, 0.1776, 0.5258],
        [0.0073, 0.0600, 0.1776],
        [0.0009, 0.0073, 0.0217]])
2023-12-28 21:31:27,003 | INFO | hilo.kernel-accessor : Fetching kernel: gaussian
2023-12-28 21:31:27,003 | INFO | hilo.gaussian-kernel : Calculating Gaussian distribution (location: -1.8866591453552246, scale 3.0087058544158936)
2023-12-28 21:31:27,004 | INFO | hilo.gaussian-kernel : BOTTOM-RIGHT:
tensor([[0.0529, 0.0770, 0.1002],
        [0.0770, 0.1119, 0.1456],
        [0.1002, 0.1456, 0.1896]])
2023-12-28 21:31:27,004 | INFO | hilo.kernel-accessor : Fetching kernel: gaussian
2023-12-28 21:31:27,004 | INFO | hilo.gaussian-kernel : Calculating Gaussian distribution (location: -1.213183045387268, scale 2.284207582473755)
2023-12-28 21:31:27,005 | INFO | hilo.gaussian-kernel : BOTTOM-RIGHT:
tensor([[0.0397, 0.0668, 0.0928],
        [0.0668, 0.1124, 0.1560],
        [0.0928, 0.1560, 0.2167]])
2023-12-28 21:31:35,449 | INFO | hilo : Epoch  14/200 | Accuracy:  70.3125 | Loss:   1.1346
2023-12-28 21:31:35,449 | INFO | hilo.kernel-accessor : Fetching kernel: gaussian
2023-12-28 21:31:35,449 | INFO | hilo.gaussian-kernel : Calculating Gaussian distribution (location: -0.055269114673137665, scale 0.47087836265563965)
2023-12-28 21:31:35,450 | INFO | hilo.gaussian-kernel : TOP-RIGHT:
tensor([[6.2777e-05, 6.9839e-02, 8.5448e-01],
        [5.1309e-06, 5.7081e-03, 6.9839e-02],
        [4.6121e-09, 5.1309e-06, 6.2777e-05]])
2023-12-28 21:31:35,450 | INFO | hilo.kernel-accessor : Fetching kernel: gaussian
2023-12-28 21:31:35,450 | INFO | hilo.gaussian-kernel : Calculating Gaussian distribution (location: -0.5923593640327454, scale 0.9726594686508179)
2023-12-28 21:31:35,450 | INFO | hilo.gaussian-kernel : BOTTOM-RIGHT:
tensor([[0.0007, 0.0060, 0.0189],
        [0.0060, 0.0545, 0.1730],
        [0.0189, 0.1730, 0.5489]])
2023-12-28 21:31:35,450 | INFO | hilo.kernel-accessor : Fetching kernel: gaussian
2023-12-28 21:31:35,451 | INFO | hilo.gaussian-kernel : Calculating Gaussian distribution (location: -1.9449931383132935, scale 3.0680198669433594)
2023-12-28 21:31:35,451 | INFO | hilo.gaussian-kernel : BOTTOM-RIGHT:
tensor([[0.0538, 0.0776, 0.1006],
        [0.0776, 0.1118, 0.1450],
        [0.1006, 0.1450, 0.1880]])
2023-12-28 21:31:35,451 | INFO | hilo.kernel-accessor : Fetching kernel: gaussian
2023-12-28 21:31:35,451 | INFO | hilo.gaussian-kernel : Calculating Gaussian distribution (location: -0.9407877326011658, scale 1.895561695098877)
2023-12-28 21:31:35,451 | INFO | hilo.gaussian-kernel : STATIC:
tensor([[0.2477, 0.1659, 0.0841],
        [0.1659, 0.1111, 0.0563],
        [0.0841, 0.0563, 0.0286]])
2023-12-28 21:31:43,926 | INFO | hilo : Epoch  15/200 | Accuracy:  67.9688 | Loss:   0.9145
2023-12-28 21:31:43,926 | INFO | hilo.kernel-accessor : Fetching kernel: gaussian
2023-12-28 21:31:43,926 | INFO | hilo.gaussian-kernel : Calculating Gaussian distribution (location: 0.0017651704838499427, scale 0.48798447847366333)
2023-12-28 21:31:43,927 | INFO | hilo.gaussian-kernel : TOP-RIGHT:
tensor([[1.8098e-04, 9.7742e-02, 7.9205e-01],
        [2.2334e-05, 1.2062e-02, 9.7742e-02],
        [4.1353e-08, 2.2334e-05, 1.8098e-04]])
2023-12-28 21:31:43,928 | INFO | hilo.kernel-accessor : Fetching kernel: gaussian
2023-12-28 21:31:43,928 | INFO | hilo.gaussian-kernel : Calculating Gaussian distribution (location: -0.580095112323761, scale 0.9961697459220886)
2023-12-28 21:31:43,929 | INFO | hilo.gaussian-kernel : STATIC:
tensor([[0.5265, 0.1773, 0.0218],
        [0.1773, 0.0597, 0.0073],
        [0.0218, 0.0073, 0.0009]])
2023-12-28 21:31:43,929 | INFO | hilo.kernel-accessor : Fetching kernel: gaussian
2023-12-28 21:31:43,929 | INFO | hilo.gaussian-kernel : Calculating Gaussian distribution (location: -2.0734379291534424, scale 3.4453206062316895)
2023-12-28 21:31:43,930 | INFO | hilo.gaussian-kernel : BOTTOM-RIGHT:
tensor([[0.0616, 0.0832, 0.1034],
        [0.0832, 0.1124, 0.1397],
        [0.1034, 0.1397, 0.1735]])
2023-12-28 21:31:43,930 | INFO | hilo.kernel-accessor : Fetching kernel: gaussian
2023-12-28 21:31:43,930 | INFO | hilo.gaussian-kernel : Calculating Gaussian distribution (location: -1.2736601829528809, scale 2.362706422805786)
2023-12-28 21:31:43,931 | INFO | hilo.gaussian-kernel : STATIC:
tensor([[0.2122, 0.1545, 0.0940],
        [0.1545, 0.1124, 0.0684],
        [0.0940, 0.0684, 0.0416]])
2023-12-28 21:31:52,409 | INFO | hilo : Epoch  16/200 | Accuracy:  64.7569 | Loss:   0.8691
2023-12-28 21:31:52,409 | INFO | hilo.kernel-accessor : Fetching kernel: gaussian
2023-12-28 21:31:52,409 | INFO | hilo.gaussian-kernel : Calculating Gaussian distribution (location: -0.060788288712501526, scale 0.5119238495826721)
2023-12-28 21:31:52,410 | INFO | hilo.gaussian-kernel : STATIC:
tensor([[8.0009e-01, 9.4146e-02, 2.4393e-04],
        [9.4146e-02, 1.1078e-02, 2.8703e-05],
        [2.4393e-04, 2.8703e-05, 7.4371e-08]])
2023-12-28 21:31:52,411 | INFO | hilo.kernel-accessor : Fetching kernel: gaussian
2023-12-28 21:31:52,411 | INFO | hilo.gaussian-kernel : Calculating Gaussian distribution (location: -0.6209887266159058, scale 0.9333667755126953)
2023-12-28 21:31:52,412 | INFO | hilo.gaussian-kernel : BOTTOM-RIGHT:
tensor([[3.4635e-04, 3.9524e-03, 1.4312e-02],
        [3.9524e-03, 4.5103e-02, 1.6332e-01],
        [1.4312e-02, 1.6332e-01, 5.9138e-01]])
2023-12-28 21:31:52,412 | INFO | hilo.kernel-accessor : Fetching kernel: gaussian
2023-12-28 21:31:52,412 | INFO | hilo.gaussian-kernel : Calculating Gaussian distribution (location: -1.632828712463379, scale 2.7316842079162598)
2023-12-28 21:31:52,413 | INFO | hilo.gaussian-kernel : BOTTOM-RIGHT:
tensor([[0.0484, 0.0736, 0.0980],
        [0.0736, 0.1120, 0.1491],
        [0.0980, 0.1491, 0.1984]])
2023-12-28 21:31:52,413 | INFO | hilo.kernel-accessor : Fetching kernel: gaussian
2023-12-28 21:31:52,413 | INFO | hilo.gaussian-kernel : Calculating Gaussian distribution (location: -1.0185832977294922, scale 2.0572383403778076)
2023-12-28 21:31:52,414 | INFO | hilo.gaussian-kernel : STATIC:
tensor([[0.2303, 0.1609, 0.0887],
        [0.1609, 0.1124, 0.0620],
        [0.0887, 0.0620, 0.0342]])
2023-12-28 21:32:00,882 | INFO | hilo : Epoch  17/200 | Accuracy:  68.7500 | Loss:   1.0213
2023-12-28 21:32:00,882 | INFO | hilo.kernel-accessor : Fetching kernel: gaussian
2023-12-28 21:32:00,882 | INFO | hilo.gaussian-kernel : Calculating Gaussian distribution (location: 0.07286020368337631, scale 0.4965674877166748)
2023-12-28 21:32:00,883 | INFO | hilo.gaussian-kernel : STATIC:
tensor([[7.2133e-01, 1.2759e-01, 3.9105e-04],
        [1.2759e-01, 2.2569e-02, 6.9170e-05],
        [3.9105e-04, 6.9170e-05, 2.1200e-07]])
2023-12-28 21:32:00,883 | INFO | hilo.kernel-accessor : Fetching kernel: gaussian
2023-12-28 21:32:00,883 | INFO | hilo.gaussian-kernel : Calculating Gaussian distribution (location: -0.5796650648117065, scale 0.9448143839836121)
2023-12-28 21:32:00,884 | INFO | hilo.gaussian-kernel : TOP-RIGHT:
tensor([[1.6480e-02, 1.6933e-01, 5.6755e-01],
        [4.9169e-03, 5.0520e-02, 1.6933e-01],
        [4.7853e-04, 4.9169e-03, 1.6480e-02]])
2023-12-28 21:32:00,884 | INFO | hilo.kernel-accessor : Fetching kernel: gaussian
2023-12-28 21:32:00,885 | INFO | hilo.gaussian-kernel : Calculating Gaussian distribution (location: -1.752819538116455, scale 3.061048984527588)
2023-12-28 21:32:00,885 | INFO | hilo.gaussian-kernel : TOP-RIGHT:
tensor([[0.1013, 0.1434, 0.1823],
        [0.0797, 0.1127, 0.1434],
        [0.0563, 0.0797, 0.1013]])
2023-12-28 21:32:00,885 | INFO | hilo.kernel-accessor : Fetching kernel: gaussian
2023-12-28 21:32:00,886 | INFO | hilo.gaussian-kernel : Calculating Gaussian distribution (location: -1.4395267963409424, scale 2.4913666248321533)
2023-12-28 21:32:00,886 | INFO | hilo.gaussian-kernel : TOP-RIGHT:
tensor([[0.0952, 0.1529, 0.2090],
        [0.0697, 0.1119, 0.1529],
        [0.0434, 0.0697, 0.0952]])
2023-12-28 21:32:09,452 | INFO | hilo : Epoch  18/200 | Accuracy:  68.7500 | Loss:   1.1049
2023-12-28 21:32:09,452 | INFO | hilo.kernel-accessor : Fetching kernel: gaussian
2023-12-28 21:32:09,453 | INFO | hilo.gaussian-kernel : Calculating Gaussian distribution (location: -0.08077462762594223, scale 0.536567211151123)
2023-12-28 21:32:09,454 | INFO | hilo.gaussian-kernel : STATIC:
tensor([[7.7822e-01, 1.0352e-01, 4.2705e-04],
        [1.0352e-01, 1.3770e-02, 5.6806e-05],
        [4.2705e-04, 5.6806e-05, 2.3434e-07]])
2023-12-28 21:32:09,454 | INFO | hilo.kernel-accessor : Fetching kernel: gaussian
2023-12-28 21:32:09,454 | INFO | hilo.gaussian-kernel : Calculating Gaussian distribution (location: -0.6163839101791382, scale 0.9667878150939941)
2023-12-28 21:32:09,455 | INFO | hilo.gaussian-kernel : BOTTOM-RIGHT:
tensor([[5.5625e-04, 5.3536e-03, 1.7675e-02],
        [5.3536e-03, 5.1524e-02, 1.7011e-01],
        [1.7675e-02, 1.7011e-01, 5.6164e-01]])
2023-12-28 21:32:09,455 | INFO | hilo.kernel-accessor : Fetching kernel: gaussian
2023-12-28 21:32:09,455 | INFO | hilo.gaussian-kernel : Calculating Gaussian distribution (location: -1.7538554668426514, scale 3.016791343688965)
2023-12-28 21:32:09,456 | INFO | hilo.gaussian-kernel : BOTTOM-RIGHT:
tensor([[0.0551, 0.0787, 0.1009],
        [0.0787, 0.1126, 0.1442],
        [0.1009, 0.1442, 0.1847]])
2023-12-28 21:32:09,456 | INFO | hilo.kernel-accessor : Fetching kernel: gaussian
2023-12-28 21:32:09,457 | INFO | hilo.gaussian-kernel : Calculating Gaussian distribution (location: -1.3883811235427856, scale 2.616760492324829)
2023-12-28 21:32:09,457 | INFO | hilo.gaussian-kernel : BOTTOM-RIGHT:
tensor([[0.0487, 0.0742, 0.0977],
        [0.0742, 0.1131, 0.1490],
        [0.0977, 0.1490, 0.1963]])
2023-12-28 21:32:17,993 | INFO | hilo : Epoch  19/200 | Accuracy:  67.8125 | Loss:   1.0893
2023-12-28 21:32:17,994 | INFO | hilo.kernel-accessor : Fetching kernel: gaussian
2023-12-28 21:32:17,994 | INFO | hilo.gaussian-kernel : Calculating Gaussian distribution (location: -0.11496883630752563, scale 0.4475744664669037)
2023-12-28 21:32:17,995 | INFO | hilo.gaussian-kernel : STATIC:
tensor([[9.1321e-01, 4.2397e-02, 1.3370e-05],
        [4.2397e-02, 1.9683e-03, 6.2071e-07],
        [1.3370e-05, 6.2071e-07, 1.9574e-10]])
2023-12-28 21:32:17,995 | INFO | hilo.kernel-accessor : Fetching kernel: gaussian
2023-12-28 21:32:17,995 | INFO | hilo.gaussian-kernel : Calculating Gaussian distribution (location: -0.625541627407074, scale 0.948872447013855)
2023-12-28 21:32:17,996 | INFO | hilo.gaussian-kernel : TOP-RIGHT:
tensor([[1.5666e-02, 1.6604e-01, 5.7961e-01],
        [4.4879e-03, 4.7568e-02, 1.6604e-01],
        [4.2342e-04, 4.4879e-03, 1.5666e-02]])
2023-12-28 21:32:17,996 | INFO | hilo.kernel-accessor : Fetching kernel: gaussian
2023-12-28 21:32:17,996 | INFO | hilo.gaussian-kernel : Calculating Gaussian distribution (location: -1.714573621749878, scale 2.9118168354034424)
2023-12-28 21:32:17,997 | INFO | hilo.gaussian-kernel : STATIC:
tensor([[0.1895, 0.1459, 0.0999],
        [0.1459, 0.1124, 0.0769],
        [0.0999, 0.0769, 0.0527]])
2023-12-28 21:32:17,997 | INFO | hilo.kernel-accessor : Fetching kernel: gaussian
2023-12-28 21:32:17,997 | INFO | hilo.gaussian-kernel : Calculating Gaussian distribution (location: -1.359116792678833, scale 2.4547996520996094)
2023-12-28 21:32:17,998 | INFO | hilo.gaussian-kernel : STATIC:
tensor([[0.2082, 0.1529, 0.0952],
        [0.1529, 0.1123, 0.0699],
        [0.0952, 0.0699, 0.0435]])
2023-12-28 21:32:26,460 | INFO | hilo : Epoch  20/200 | Accuracy:  66.9833 | Loss:   0.9212
2023-12-28 21:32:26,461 | INFO | hilo.kernel-accessor : Fetching kernel: gaussian
2023-12-28 21:32:26,461 | INFO | hilo.gaussian-kernel : Calculating Gaussian distribution (location: -0.06539903581142426, scale 0.46019303798675537)
2023-12-28 21:32:26,462 | INFO | hilo.gaussian-kernel : STATIC:
tensor([[8.7457e-01, 6.0579e-02, 3.7337e-05],
        [6.0579e-02, 4.1962e-03, 2.5863e-06],
        [3.7337e-05, 2.5863e-06, 1.5940e-09]])
2023-12-28 21:32:26,462 | INFO | hilo.kernel-accessor : Fetching kernel: gaussian
2023-12-28 21:32:26,462 | INFO | hilo.gaussian-kernel : Calculating Gaussian distribution (location: -0.5982980728149414, scale 0.9315201640129089)
2023-12-28 21:32:26,463 | INFO | hilo.gaussian-kernel : TOP-RIGHT:
tensor([[1.4705e-02, 1.6506e-01, 5.8525e-01],
        [4.1473e-03, 4.6554e-02, 1.6506e-01],
        [3.6947e-04, 4.1473e-03, 1.4705e-02]])
2023-12-28 21:32:26,463 | INFO | hilo.kernel-accessor : Fetching kernel: gaussian
2023-12-28 21:32:26,463 | INFO | hilo.gaussian-kernel : Calculating Gaussian distribution (location: -1.826261043548584, scale 3.0114617347717285)
2023-12-28 21:32:26,464 | INFO | hilo.gaussian-kernel : TOP-RIGHT:
tensor([[0.1005, 0.1450, 0.1874],
        [0.0778, 0.1122, 0.1450],
        [0.0539, 0.0778, 0.1005]])
2023-12-28 21:32:26,464 | INFO | hilo.kernel-accessor : Fetching kernel: gaussian
2023-12-28 21:32:26,465 | INFO | hilo.gaussian-kernel : Calculating Gaussian distribution (location: -1.4465339183807373, scale 2.4845635890960693)
2023-12-28 21:32:26,465 | INFO | hilo.gaussian-kernel : TOP-RIGHT:
tensor([[0.0951, 0.1532, 0.2100],
        [0.0693, 0.1118, 0.1532],
        [0.0430, 0.0693, 0.0951]])
2023-12-28 21:32:34,998 | INFO | hilo : Epoch  21/200 | Accuracy:  79.6875 | Loss:   0.9684
2023-12-28 21:32:34,998 | INFO | hilo.kernel-accessor : Fetching kernel: gaussian
2023-12-28 21:32:34,998 | INFO | hilo.gaussian-kernel : Calculating Gaussian distribution (location: -0.10279291868209839, scale 0.5241132378578186)
2023-12-28 21:32:34,999 | INFO | hilo.gaussian-kernel : TOP-RIGHT:
tensor([[2.6359e-04, 9.0150e-02, 8.0907e-01],
        [2.9371e-05, 1.0045e-02, 9.0150e-02],
        [8.5879e-08, 2.9371e-05, 2.6359e-04]])
2023-12-28 21:32:34,999 | INFO | hilo.kernel-accessor : Fetching kernel: gaussian
2023-12-28 21:32:35,000 | INFO | hilo.gaussian-kernel : Calculating Gaussian distribution (location: -0.6171997785568237, scale 0.9171790480613708)
2023-12-28 21:32:35,000 | INFO | hilo.gaussian-kernel : STATIC:
tensor([[6.0432e-01, 1.6014e-01, 1.2925e-02],
        [1.6014e-01, 4.2434e-02, 3.4251e-03],
        [1.2925e-02, 3.4251e-03, 2.7645e-04]])
2023-12-28 21:32:35,001 | INFO | hilo.kernel-accessor : Fetching kernel: gaussian
2023-12-28 21:32:35,001 | INFO | hilo.gaussian-kernel : Calculating Gaussian distribution (location: -1.772983431816101, scale 3.1387407779693604)
2023-12-28 21:32:35,002 | INFO | hilo.gaussian-kernel : TOP-RIGHT:
tensor([[0.1020, 0.1421, 0.1790],
        [0.0809, 0.1128, 0.1421],
        [0.0581, 0.0809, 0.1020]])
2023-12-28 21:32:35,002 | INFO | hilo.kernel-accessor : Fetching kernel: gaussian
2023-12-28 21:32:35,002 | INFO | hilo.gaussian-kernel : Calculating Gaussian distribution (location: -1.3821390867233276, scale 2.5422794818878174)
