2024-03-05 04:10:46,192 | INFO | hilo : 
+==============================================================+
|                                                              |
| ██████╗  █████╗ ██████╗ ██╗         ██╗      █████╗ ██████╗  |
| ██╔══██╗██╔══██╗██╔══██╗██║         ██║     ██╔══██╗██╔══██╗ |
| ██║  ██║███████║██║  ██║██║         ██║     ███████║██████╔╝ |
| ██║  ██║██╔══██║██║  ██║██║         ██║     ██╔══██║██╔══██╗ |
| ██████╔╝██║  ██║██████╔╝███████╗    ███████╗██║  ██║██████╔╝ |
| ╚═════╝ ╚═╝  ╚═╝╚═════╝ ╚══════╝    ╚══════╝╚═╝  ╚═╝╚═════╝  |
+==============================================================+
|             Hi-Lo Resolution Image Classification            |
|             -------------------------------------            |
|                       Gabriel C. Trahan                      |
|                          Sahan Ahmad                         |
|                       MD  Aminual Islam                      |
+==============================================================+
2024-03-05 04:10:47,769 | INFO | hilo.dataset-accessor : Fetching dataset: cifar10
2024-03-05 04:10:47,769 | INFO | hilo.cifar10-dataset : Initializing transform
2024-03-05 04:10:47,769 | INFO | hilo.cifar10-dataset : Verifying/downloading train data
2024-03-05 04:10:48,371 | INFO | hilo.cifar10-dataset : Verifying/downloading test data
2024-03-05 04:10:48,851 | INFO | hilo.cifar10-dataset : Creating train data loader.
2024-03-05 04:10:48,851 | INFO | hilo.cifar10-dataset : Creating test data loader.
2024-03-05 04:10:48,961 | INFO | hilo : Output directory: output/resnet/cifar10/gumbel/8/20240305_041047/
2024-03-05 04:10:49,956 | INFO | hilo : Using device: NVIDIA GeForce GTX 1060 6GB
2024-03-05 04:10:49,957 | INFO | hilo : Exeucting job: MODEL resnet | DATASET cifar10 | KERNEL gumbel | TYPE 8
2024-03-05 04:10:49,957 | INFO | hilo : Commencing training phase...
2024-03-05 04:10:49,957 | INFO | hilo.kernel-accessor : Fetching kernel: gumbel
2024-03-05 04:10:49,957 | INFO | hilo.gumbel-kernel : Calculating Gumbel distribution (location: 0.0, scale 1.0)
2024-03-05 04:10:49,958 | INFO | hilo.gumbel-kernel : BOTTOM-LEFT:
tensor([[2.0072e-04, 2.2609e-10, 8.5377e-26],
        [5.8259e-02, 2.0072e-04, 2.2609e-10],
        [8.8288e-01, 5.8259e-02, 2.0072e-04]])
2024-03-05 04:10:49,958 | INFO | hilo.kernel-accessor : Fetching kernel: gumbel
2024-03-05 04:10:49,958 | INFO | hilo.gumbel-kernel : Calculating Gumbel distribution (location: 0.0, scale 1.0)
2024-03-05 04:10:49,959 | INFO | hilo.gumbel-kernel : STATIC:
tensor([[8.8288e-01, 5.8259e-02, 2.0072e-04],
        [5.8259e-02, 2.0072e-04, 2.2609e-10],
        [2.0072e-04, 2.2609e-10, 8.5377e-26]])
2024-03-05 04:10:49,959 | INFO | hilo.kernel-accessor : Fetching kernel: gumbel
2024-03-05 04:10:49,959 | INFO | hilo.gumbel-kernel : Calculating Gumbel distribution (location: 0.0, scale 1.0)
2024-03-05 04:10:49,959 | INFO | hilo.gumbel-kernel : BOTTOM-LEFT:
tensor([[2.0072e-04, 2.2609e-10, 8.5377e-26],
        [5.8259e-02, 2.0072e-04, 2.2609e-10],
        [8.8288e-01, 5.8259e-02, 2.0072e-04]])
2024-03-05 04:10:49,959 | INFO | hilo.kernel-accessor : Fetching kernel: gumbel
2024-03-05 04:10:49,959 | INFO | hilo.gumbel-kernel : Calculating Gumbel distribution (location: 0.0, scale 1.0)
2024-03-05 04:10:49,960 | INFO | hilo.gumbel-kernel : TOP-RIGHT:
tensor([[2.0072e-04, 5.8259e-02, 8.8288e-01],
        [2.2609e-10, 2.0072e-04, 5.8259e-02],
        [8.5377e-26, 2.2609e-10, 2.0072e-04]])
2024-03-05 04:10:49,960 | INFO | hilo.kernel-accessor : Fetching kernel: gumbel
2024-03-05 04:10:49,960 | INFO | hilo.gumbel-kernel : Calculating Gumbel distribution (location: 0.0, scale 1.0)
2024-03-05 04:10:49,960 | INFO | hilo.gumbel-kernel : TOP-RIGHT:
tensor([[2.0072e-04, 5.8259e-02, 8.8288e-01],
        [2.2609e-10, 2.0072e-04, 5.8259e-02],
        [8.5377e-26, 2.2609e-10, 2.0072e-04]])
2024-03-05 04:10:49,960 | INFO | hilo.kernel-accessor : Fetching kernel: gumbel
2024-03-05 04:10:49,960 | INFO | hilo.gumbel-kernel : Calculating Gumbel distribution (location: 0.0, scale 1.0)
2024-03-05 04:10:49,961 | INFO | hilo.gumbel-kernel : STATIC:
tensor([[8.8288e-01, 5.8259e-02, 2.0072e-04],
        [5.8259e-02, 2.0072e-04, 2.2609e-10],
        [2.0072e-04, 2.2609e-10, 8.5377e-26]])
2024-03-05 04:10:49,961 | INFO | hilo.kernel-accessor : Fetching kernel: gumbel
2024-03-05 04:10:49,961 | INFO | hilo.gumbel-kernel : Calculating Gumbel distribution (location: 0.0, scale 1.0)
2024-03-05 04:10:49,961 | INFO | hilo.gumbel-kernel : TOP-RIGHT:
tensor([[2.0072e-04, 5.8259e-02, 8.8288e-01],
        [2.2609e-10, 2.0072e-04, 5.8259e-02],
        [8.5377e-26, 2.2609e-10, 2.0072e-04]])
2024-03-05 04:10:49,961 | INFO | hilo.kernel-accessor : Fetching kernel: gumbel
2024-03-05 04:10:49,961 | INFO | hilo.gumbel-kernel : Calculating Gumbel distribution (location: 0.0, scale 1.0)
2024-03-05 04:10:49,962 | INFO | hilo.gumbel-kernel : STATIC:
tensor([[8.8288e-01, 5.8259e-02, 2.0072e-04],
        [5.8259e-02, 2.0072e-04, 2.2609e-10],
        [2.0072e-04, 2.2609e-10, 8.5377e-26]])
2024-03-05 04:10:49,962 | INFO | hilo.kernel-accessor : Fetching kernel: gumbel
2024-03-05 04:10:49,962 | INFO | hilo.gumbel-kernel : Calculating Gumbel distribution (location: 0.0, scale 1.0)
2024-03-05 04:10:49,962 | INFO | hilo.gumbel-kernel : STATIC:
tensor([[8.8288e-01, 5.8259e-02, 2.0072e-04],
        [5.8259e-02, 2.0072e-04, 2.2609e-10],
        [2.0072e-04, 2.2609e-10, 8.5377e-26]])
2024-03-05 04:10:49,962 | INFO | hilo.kernel-accessor : Fetching kernel: gumbel
2024-03-05 04:10:49,962 | INFO | hilo.gumbel-kernel : Calculating Gumbel distribution (location: 0.0, scale 1.0)
2024-03-05 04:10:49,963 | INFO | hilo.gumbel-kernel : TOP-RIGHT:
tensor([[2.0072e-04, 5.8259e-02, 8.8288e-01],
        [2.2609e-10, 2.0072e-04, 5.8259e-02],
        [8.5377e-26, 2.2609e-10, 2.0072e-04]])
2024-03-05 04:10:49,963 | INFO | hilo.kernel-accessor : Fetching kernel: gumbel
2024-03-05 04:10:49,963 | INFO | hilo.gumbel-kernel : Calculating Gumbel distribution (location: 0.0, scale 1.0)
2024-03-05 04:10:49,963 | INFO | hilo.gumbel-kernel : BOTTOM-LEFT:
tensor([[2.0072e-04, 2.2609e-10, 8.5377e-26],
        [5.8259e-02, 2.0072e-04, 2.2609e-10],
        [8.8288e-01, 5.8259e-02, 2.0072e-04]])
2024-03-05 04:10:49,963 | INFO | hilo.kernel-accessor : Fetching kernel: gumbel
2024-03-05 04:10:49,963 | INFO | hilo.gumbel-kernel : Calculating Gumbel distribution (location: 0.0, scale 1.0)
2024-03-05 04:10:49,964 | INFO | hilo.gumbel-kernel : STATIC:
tensor([[8.8288e-01, 5.8259e-02, 2.0072e-04],
        [5.8259e-02, 2.0072e-04, 2.2609e-10],
        [2.0072e-04, 2.2609e-10, 8.5377e-26]])
2024-03-05 04:10:49,964 | INFO | hilo.kernel-accessor : Fetching kernel: gumbel
2024-03-05 04:10:49,964 | INFO | hilo.gumbel-kernel : Calculating Gumbel distribution (location: 0.0, scale 1.0)
2024-03-05 04:10:49,964 | INFO | hilo.gumbel-kernel : STATIC:
tensor([[8.8288e-01, 5.8259e-02, 2.0072e-04],
        [5.8259e-02, 2.0072e-04, 2.2609e-10],
        [2.0072e-04, 2.2609e-10, 8.5377e-26]])
2024-03-05 04:10:49,964 | INFO | hilo.kernel-accessor : Fetching kernel: gumbel
2024-03-05 04:10:49,964 | INFO | hilo.gumbel-kernel : Calculating Gumbel distribution (location: 0.0, scale 1.0)
2024-03-05 04:10:49,965 | INFO | hilo.gumbel-kernel : TOP-RIGHT:
tensor([[2.0072e-04, 5.8259e-02, 8.8288e-01],
        [2.2609e-10, 2.0072e-04, 5.8259e-02],
        [8.5377e-26, 2.2609e-10, 2.0072e-04]])
2024-03-05 04:10:49,965 | INFO | hilo.kernel-accessor : Fetching kernel: gumbel
2024-03-05 04:10:49,965 | INFO | hilo.gumbel-kernel : Calculating Gumbel distribution (location: 0.0, scale 1.0)
2024-03-05 04:10:49,965 | INFO | hilo.gumbel-kernel : BOTTOM-LEFT:
tensor([[2.0072e-04, 2.2609e-10, 8.5377e-26],
        [5.8259e-02, 2.0072e-04, 2.2609e-10],
        [8.8288e-01, 5.8259e-02, 2.0072e-04]])
2024-03-05 04:10:49,965 | INFO | hilo.kernel-accessor : Fetching kernel: gumbel
2024-03-05 04:10:49,965 | INFO | hilo.gumbel-kernel : Calculating Gumbel distribution (location: 0.0, scale 1.0)
2024-03-05 04:10:49,966 | INFO | hilo.gumbel-kernel : STATIC:
tensor([[8.8288e-01, 5.8259e-02, 2.0072e-04],
        [5.8259e-02, 2.0072e-04, 2.2609e-10],
        [2.0072e-04, 2.2609e-10, 8.5377e-26]])
2024-03-05 04:10:49,966 | INFO | hilo.kernel-accessor : Fetching kernel: gumbel
2024-03-05 04:10:49,966 | INFO | hilo.gumbel-kernel : Calculating Gumbel distribution (location: 0.0, scale 1.0)
2024-03-05 04:10:49,966 | INFO | hilo.gumbel-kernel : BOTTOM-LEFT:
tensor([[2.0072e-04, 2.2609e-10, 8.5377e-26],
        [5.8259e-02, 2.0072e-04, 2.2609e-10],
        [8.8288e-01, 5.8259e-02, 2.0072e-04]])
2024-03-05 04:12:11,559 | INFO | hilo : Epoch   1/200 | Accuracy:  32.5893 | Loss:   1.5850
2024-03-05 04:12:11,559 | INFO | hilo.kernel-accessor : Fetching kernel: gumbel
2024-03-05 04:12:11,559 | INFO | hilo.gumbel-kernel : Calculating Gumbel distribution (location: -0.005613119341433048, scale 0.5416339039802551)
2024-03-05 04:12:11,560 | INFO | hilo.gumbel-kernel : STATIC:
tensor([[9.9864e-01, 6.7859e-04, 1.0932e-19],
        [6.7859e-04, 1.0932e-19, 0.0000e+00],
        [1.0932e-19, 0.0000e+00, 0.0000e+00]])
2024-03-05 04:12:11,560 | INFO | hilo.kernel-accessor : Fetching kernel: gumbel
2024-03-05 04:12:11,560 | INFO | hilo.gumbel-kernel : Calculating Gumbel distribution (location: -0.4722854197025299, scale 2.0013368129730225)
2024-03-05 04:12:11,560 | INFO | hilo.gumbel-kernel : TOP-RIGHT:
tensor([[1.5646e-02, 1.4296e-01, 6.6602e-01],
        [5.6431e-04, 1.5646e-02, 1.4296e-01],
        [3.2661e-06, 5.6431e-04, 1.5646e-02]])
2024-03-05 04:12:11,560 | INFO | hilo.kernel-accessor : Fetching kernel: gumbel
2024-03-05 04:12:11,560 | INFO | hilo.gumbel-kernel : Calculating Gumbel distribution (location: -0.23682482540607452, scale 1.5390242338180542)
2024-03-05 04:12:11,561 | INFO | hilo.gumbel-kernel : BOTTOM-LEFT:
tensor([[5.4729e-03, 2.9732e-05, 2.4762e-09],
        [1.1370e-01, 5.4729e-03, 2.9732e-05],
        [7.5612e-01, 1.1370e-01, 5.4729e-03]])
2024-03-05 04:12:11,561 | INFO | hilo.kernel-accessor : Fetching kernel: gumbel
2024-03-05 04:12:11,561 | INFO | hilo.gumbel-kernel : Calculating Gumbel distribution (location: -0.3638768792152405, scale 1.442826747894287)
2024-03-05 04:12:11,561 | INFO | hilo.gumbel-kernel : STATIC:
tensor([[8.3599e-01, 7.9819e-02, 1.4555e-03],
        [7.9819e-02, 1.4555e-03, 9.6828e-07],
        [1.4555e-03, 9.6828e-07, 8.5772e-13]])
2024-03-05 04:12:11,561 | INFO | hilo.kernel-accessor : Fetching kernel: gumbel
2024-03-05 04:12:11,562 | INFO | hilo.gumbel-kernel : Calculating Gumbel distribution (location: -0.16647985577583313, scale 1.4060261249542236)
2024-03-05 04:12:11,562 | INFO | hilo.gumbel-kernel : TOP-RIGHT:
tensor([[3.4980e-03, 1.0336e-01, 7.8278e-01],
        [7.4007e-06, 3.4980e-03, 1.0336e-01],
        [5.5304e-11, 7.4007e-06, 3.4980e-03]])
2024-03-05 04:12:11,562 | INFO | hilo.kernel-accessor : Fetching kernel: gumbel
2024-03-05 04:12:11,562 | INFO | hilo.gumbel-kernel : Calculating Gumbel distribution (location: -0.13180147111415863, scale 1.0939950942993164)
2024-03-05 04:12:11,562 | INFO | hilo.gumbel-kernel : TOP-RIGHT:
tensor([[1.8649e-04, 5.3430e-02, 8.9258e-01],
        [5.4280e-10, 1.8649e-04, 5.3430e-02],
        [3.2996e-23, 5.4280e-10, 1.8649e-04]])
2024-03-05 04:12:11,562 | INFO | hilo.kernel-accessor : Fetching kernel: gumbel
2024-03-05 04:12:11,563 | INFO | hilo.gumbel-kernel : Calculating Gumbel distribution (location: -0.24801062047481537, scale 1.2091659307479858)
2024-03-05 04:12:11,563 | INFO | hilo.gumbel-kernel : STATIC:
tensor([[8.8746e-01, 5.5836e-02, 2.8999e-04],
        [5.5836e-02, 2.8999e-04, 5.0221e-09],
        [2.8999e-04, 5.0221e-09, 1.8874e-19]])
2024-03-05 04:12:11,563 | INFO | hilo.kernel-accessor : Fetching kernel: gumbel
2024-03-05 04:12:11,563 | INFO | hilo.gumbel-kernel : Calculating Gumbel distribution (location: -0.2667156159877777, scale 1.1895126104354858)
2024-03-05 04:12:11,563 | INFO | hilo.gumbel-kernel : TOP-RIGHT:
tensor([[1.7809e-04, 4.9345e-02, 9.0078e-01],
        [1.1749e-09, 1.7809e-04, 4.9345e-02],
        [3.4896e-21, 1.1749e-09, 1.7809e-04]])
2024-03-05 04:12:11,563 | INFO | hilo.kernel-accessor : Fetching kernel: gumbel
2024-03-05 04:12:11,564 | INFO | hilo.gumbel-kernel : Calculating Gumbel distribution (location: -0.2082318365573883, scale 1.2373307943344116)
2024-03-05 04:12:11,564 | INFO | hilo.gumbel-kernel : TOP-RIGHT:
tensor([[6.0352e-04, 6.7426e-02, 8.6334e-01],
        [4.1837e-08, 6.0352e-04, 6.7426e-02],
        [5.3172e-17, 4.1837e-08, 6.0352e-04]])
2024-03-05 04:12:11,564 | INFO | hilo.kernel-accessor : Fetching kernel: gumbel
2024-03-05 04:12:11,564 | INFO | hilo.gumbel-kernel : Calculating Gumbel distribution (location: -0.13230584561824799, scale 0.9807689785957336)
2024-03-05 04:12:11,564 | INFO | hilo.gumbel-kernel : TOP-RIGHT:
tensor([[1.9163e-05, 3.3073e-02, 9.3380e-01],
        [1.2412e-13, 1.9163e-05, 3.3073e-02],
        [1.5092e-35, 1.2412e-13, 1.9163e-05]])
2024-03-05 04:12:11,565 | INFO | hilo.kernel-accessor : Fetching kernel: gumbel
2024-03-05 04:12:11,565 | INFO | hilo.gumbel-kernel : Calculating Gumbel distribution (location: -0.04587865620851517, scale 1.246674656867981)
2024-03-05 04:12:11,565 | INFO | hilo.gumbel-kernel : BOTTOM-LEFT:
tensor([[2.2368e-03, 1.3820e-06, 2.5809e-13],
        [9.5650e-02, 2.2368e-03, 1.3820e-06],
        [8.0199e-01, 9.5650e-02, 2.2368e-03]])
2024-03-05 04:12:11,565 | INFO | hilo.kernel-accessor : Fetching kernel: gumbel
2024-03-05 04:12:11,565 | INFO | hilo.gumbel-kernel : Calculating Gumbel distribution (location: -0.08094146847724915, scale 1.2458429336547852)
2024-03-05 04:12:11,566 | INFO | hilo.gumbel-kernel : STATIC:
tensor([[8.1501e-01, 8.9852e-02, 1.7614e-03],
        [8.9852e-02, 1.7614e-03, 7.3201e-07],
        [1.7614e-03, 7.3201e-07, 5.6024e-14]])
2024-03-05 04:12:11,566 | INFO | hilo.kernel-accessor : Fetching kernel: gumbel
2024-03-05 04:12:11,566 | INFO | hilo.gumbel-kernel : Calculating Gumbel distribution (location: -0.05556226521730423, scale 1.396385669708252)
2024-03-05 04:12:11,566 | INFO | hilo.gumbel-kernel : BOTTOM-LEFT:
tensor([[5.6545e-03, 2.4000e-05, 7.0956e-10],
        [1.1765e-01, 5.6545e-03, 2.4000e-05],
        [7.4770e-01, 1.1765e-01, 5.6545e-03]])
2024-03-05 04:12:11,566 | INFO | hilo.kernel-accessor : Fetching kernel: gumbel
2024-03-05 04:12:11,566 | INFO | hilo.gumbel-kernel : Calculating Gumbel distribution (location: 0.05271647125482559, scale 1.1336678266525269)
2024-03-05 04:12:11,567 | INFO | hilo.gumbel-kernel : TOP-RIGHT:
tensor([[1.6921e-03, 9.2307e-02, 8.1031e-01],
        [3.7567e-07, 1.6921e-03, 9.2307e-02],
        [1.9511e-15, 3.7567e-07, 1.6921e-03]])
2024-03-05 04:12:11,567 | INFO | hilo.kernel-accessor : Fetching kernel: gumbel
2024-03-05 04:12:11,567 | INFO | hilo.gumbel-kernel : Calculating Gumbel distribution (location: -0.044696908444166183, scale 1.3289755582809448)
2024-03-05 04:12:11,567 | INFO | hilo.gumbel-kernel : TOP-RIGHT:
tensor([[4.0281e-03, 1.0918e-01, 7.6953e-01],
        [8.5225e-06, 4.0281e-03, 1.0918e-01],
        [4.1819e-11, 8.5225e-06, 4.0281e-03]])
2024-03-05 04:12:11,567 | INFO | hilo.kernel-accessor : Fetching kernel: gumbel
2024-03-05 04:12:11,567 | INFO | hilo.gumbel-kernel : Calculating Gumbel distribution (location: -0.01828978955745697, scale 1.3859459161758423)
2024-03-05 04:12:11,568 | INFO | hilo.gumbel-kernel : TOP-RIGHT:
tensor([[6.3068e-03, 1.2120e-01, 7.3863e-01],
        [3.0899e-05, 6.3068e-03, 1.2120e-01],
        [1.1712e-09, 3.0899e-05, 6.3068e-03]])
2024-03-05 04:12:11,568 | INFO | hilo.kernel-accessor : Fetching kernel: gumbel
2024-03-05 04:12:11,568 | INFO | hilo.gumbel-kernel : Calculating Gumbel distribution (location: -0.33456677198410034, scale 1.9859018325805664)
2024-03-05 04:12:11,568 | INFO | hilo.gumbel-kernel : TOP-RIGHT:
tensor([[2.0243e-02, 1.5268e-01, 6.3191e-01],
        [9.9426e-04, 2.0243e-02, 1.5268e-01],
        [9.4445e-06, 9.9426e-04, 2.0243e-02]])
2024-03-05 04:13:32,303 | INFO | hilo : Epoch   2/200 | Accuracy:  44.5312 | Loss:   1.4383
2024-03-05 04:13:32,303 | INFO | hilo.kernel-accessor : Fetching kernel: gumbel
2024-03-05 04:13:32,304 | INFO | hilo.gumbel-kernel : Calculating Gumbel distribution (location: -0.0029885515104979277, scale 0.5097571015357971)
2024-03-05 04:13:32,305 | INFO | hilo.gumbel-kernel : TOP-RIGHT:
tensor([[3.2522e-24, 2.8992e-04, 9.9942e-01],
        [0.0000e+00, 3.2522e-24, 2.8992e-04],
        [0.0000e+00, 0.0000e+00, 3.2522e-24]])
2024-03-05 04:13:32,305 | INFO | hilo.kernel-accessor : Fetching kernel: gumbel
2024-03-05 04:13:32,305 | INFO | hilo.gumbel-kernel : Calculating Gumbel distribution (location: -0.42409467697143555, scale 1.5408945083618164)
2024-03-05 04:13:32,306 | INFO | hilo.gumbel-kernel : TOP-RIGHT:
tensor([[2.2107e-03, 8.7681e-02, 8.1800e-01],
        [3.4945e-06, 2.2107e-03, 8.7681e-02],
        [2.7585e-11, 3.4945e-06, 2.2107e-03]])
2024-03-05 04:13:32,306 | INFO | hilo.kernel-accessor : Fetching kernel: gumbel
2024-03-05 04:13:32,306 | INFO | hilo.gumbel-kernel : Calculating Gumbel distribution (location: -0.4442318379878998, scale 1.1486467123031616)
2024-03-05 04:13:32,307 | INFO | hilo.gumbel-kernel : TOP-RIGHT:
tensor([[6.2880e-06, 1.9841e-02, 9.6030e-01],
        [9.2596e-14, 6.2880e-06, 1.9841e-02],
        [6.1148e-32, 9.2596e-14, 6.2880e-06]])
2024-03-05 04:13:32,307 | INFO | hilo.kernel-accessor : Fetching kernel: gumbel
2024-03-05 04:13:32,307 | INFO | hilo.gumbel-kernel : Calculating Gumbel distribution (location: -0.36146438121795654, scale 0.9412606954574585)
2024-03-05 04:13:32,308 | INFO | hilo.gumbel-kernel : BOTTOM-LEFT:
tensor([[1.4845e-08, 7.4603e-24, 0.0000e+00],
        [5.7696e-03, 1.4845e-08, 7.4603e-24],
        [9.8846e-01, 5.7696e-03, 1.4845e-08]])
2024-03-05 04:13:32,308 | INFO | hilo.kernel-accessor : Fetching kernel: gumbel
2024-03-05 04:13:32,308 | INFO | hilo.gumbel-kernel : Calculating Gumbel distribution (location: -0.3033672571182251, scale 0.9358794093132019)
2024-03-05 04:13:32,309 | INFO | hilo.gumbel-kernel : TOP-RIGHT:
tensor([[7.1932e-08, 8.7332e-03, 9.8253e-01],
        [8.7749e-22, 7.1932e-08, 8.7332e-03],
        [0.0000e+00, 8.7749e-22, 7.1932e-08]])
2024-03-05 04:13:32,309 | INFO | hilo.kernel-accessor : Fetching kernel: gumbel
2024-03-05 04:13:32,309 | INFO | hilo.gumbel-kernel : Calculating Gumbel distribution (location: -0.08642779290676117, scale 0.7920130491256714)
2024-03-05 04:13:32,310 | INFO | hilo.gumbel-kernel : BOTTOM-LEFT:
tensor([[4.8299e-08, 1.0688e-25, 0.0000e+00],
        [1.1804e-02, 4.8299e-08, 1.0688e-25],
        [9.7639e-01, 1.1804e-02, 4.8299e-08]])
2024-03-05 04:13:32,310 | INFO | hilo.kernel-accessor : Fetching kernel: gumbel
2024-03-05 04:13:32,310 | INFO | hilo.gumbel-kernel : Calculating Gumbel distribution (location: -0.2998940646648407, scale 1.119704246520996)
2024-03-05 04:13:32,311 | INFO | hilo.gumbel-kernel : STATIC:
tensor([[9.3483e-01, 3.2536e-02, 3.2329e-05],
        [3.2536e-02, 3.2329e-05, 5.4249e-12],
        [3.2329e-05, 5.4249e-12, 5.5507e-28]])
2024-03-05 04:13:32,311 | INFO | hilo.kernel-accessor : Fetching kernel: gumbel
2024-03-05 04:13:32,312 | INFO | hilo.gumbel-kernel : Calculating Gumbel distribution (location: -0.37292325496673584, scale 1.043383240699768)
2024-03-05 04:13:32,312 | INFO | hilo.gumbel-kernel : STATIC:
tensor([[9.7210e-01, 1.3949e-02, 1.0173e-06],
        [1.3949e-02, 1.0173e-06, 7.7420e-17],
        [1.0173e-06, 7.7420e-17, 1.4798e-42]])
2024-03-05 04:13:32,312 | INFO | hilo.kernel-accessor : Fetching kernel: gumbel
2024-03-05 04:13:32,313 | INFO | hilo.gumbel-kernel : Calculating Gumbel distribution (location: -0.26616400480270386, scale 1.030615210533142)
2024-03-05 04:13:32,313 | INFO | hilo.gumbel-kernel : TOP-RIGHT:
tensor([[6.2505e-06, 2.3178e-02, 9.5363e-01],
        [1.1707e-14, 6.2505e-06, 2.3178e-02],
        [5.3660e-37, 1.1707e-14, 6.2505e-06]])
2024-03-05 04:13:32,313 | INFO | hilo.kernel-accessor : Fetching kernel: gumbel
2024-03-05 04:13:32,314 | INFO | hilo.gumbel-kernel : Calculating Gumbel distribution (location: -0.11228105425834656, scale 0.8066344857215881)
2024-03-05 04:13:32,314 | INFO | hilo.gumbel-kernel : BOTTOM-LEFT:
tensor([[4.3678e-08, 1.9730e-25, 0.0000e+00],
        [1.1057e-02, 4.3678e-08, 1.9730e-25],
        [9.7789e-01, 1.1057e-02, 4.3678e-08]])
2024-03-05 04:13:32,314 | INFO | hilo.kernel-accessor : Fetching kernel: gumbel
2024-03-05 04:13:32,315 | INFO | hilo.gumbel-kernel : Calculating Gumbel distribution (location: -0.2095722109079361, scale 1.0421799421310425)
2024-03-05 04:13:32,315 | INFO | hilo.gumbel-kernel : BOTTOM-LEFT:
tensor([[2.3024e-05, 6.6016e-13, 6.3279e-32],
        [3.2256e-02, 2.3024e-05, 6.6016e-13],
        [9.3542e-01, 3.2256e-02, 2.3024e-05]])
2024-03-05 04:13:32,315 | INFO | hilo.kernel-accessor : Fetching kernel: gumbel
2024-03-05 04:13:32,316 | INFO | hilo.gumbel-kernel : Calculating Gumbel distribution (location: -0.1943768858909607, scale 0.9376505017280579)
2024-03-05 04:13:32,316 | INFO | hilo.gumbel-kernel : TOP-RIGHT:
tensor([[1.4655e-06, 1.8532e-02, 9.6293e-01],
        [1.3538e-17, 1.4655e-06, 1.8532e-02],
        [0.0000e+00, 1.3538e-17, 1.4655e-06]])
2024-03-05 04:13:32,317 | INFO | hilo.kernel-accessor : Fetching kernel: gumbel
2024-03-05 04:13:32,317 | INFO | hilo.gumbel-kernel : Calculating Gumbel distribution (location: -0.053246840834617615, scale 0.9717932343482971)
2024-03-05 04:13:32,317 | INFO | hilo.gumbel-kernel : BOTTOM-LEFT:
tensor([[5.7040e-05, 3.0559e-12, 8.7500e-32],
        [4.3825e-02, 5.7040e-05, 3.0559e-12],
        [9.1218e-01, 4.3825e-02, 5.7040e-05]])
2024-03-05 04:13:32,318 | INFO | hilo.kernel-accessor : Fetching kernel: gumbel
2024-03-05 04:13:32,318 | INFO | hilo.gumbel-kernel : Calculating Gumbel distribution (location: 0.055991485714912415, scale 0.8556230068206787)
2024-03-05 04:13:32,318 | INFO | hilo.gumbel-kernel : TOP-RIGHT:
tensor([[2.4178e-05, 4.0773e-02, 9.1838e-01],
        [1.3337e-14, 2.4178e-05, 4.0773e-02],
        [2.8867e-43, 1.3337e-14, 2.4178e-05]])
2024-03-05 04:13:32,319 | INFO | hilo.kernel-accessor : Fetching kernel: gumbel
2024-03-05 04:13:32,319 | INFO | hilo.gumbel-kernel : Calculating Gumbel distribution (location: 0.006691969931125641, scale 0.9981545209884644)
2024-03-05 04:13:32,320 | INFO | hilo.gumbel-kernel : TOP-RIGHT:
tensor([[2.1153e-04, 5.9090e-02, 8.8119e-01],
        [2.5915e-10, 2.1153e-04, 5.9090e-02],
        [1.1579e-25, 2.5915e-10, 2.1153e-04]])
2024-03-05 04:13:32,320 | INFO | hilo.kernel-accessor : Fetching kernel: gumbel
2024-03-05 04:13:32,320 | INFO | hilo.gumbel-kernel : Calculating Gumbel distribution (location: 0.11582215875387192, scale 0.9941988587379456)
2024-03-05 04:13:32,321 | INFO | hilo.gumbel-kernel : BOTTOM-LEFT:
tensor([[6.6654e-04, 8.4499e-09, 1.9731e-21],
        [7.7966e-02, 6.6654e-04, 8.4499e-09],
        [8.4207e-01, 7.7966e-02, 6.6654e-04]])
2024-03-05 04:13:32,321 | INFO | hilo.kernel-accessor : Fetching kernel: gumbel
2024-03-05 04:13:32,321 | INFO | hilo.gumbel-kernel : Calculating Gumbel distribution (location: -0.19547782838344574, scale 1.7369543313980103)
2024-03-05 04:13:32,322 | INFO | hilo.gumbel-kernel : BOTTOM-LEFT:
tensor([[1.4152e-02, 3.6450e-04, 8.5156e-07],
        [1.4250e-01, 1.4152e-02, 3.6450e-04],
        [6.7181e-01, 1.4250e-01, 1.4152e-02]])
2024-03-05 04:14:53,073 | INFO | hilo : Epoch   3/200 | Accuracy:  64.8438 | Loss:   1.0924
2024-03-05 04:14:53,073 | INFO | hilo.kernel-accessor : Fetching kernel: gumbel
2024-03-05 04:14:53,073 | INFO | hilo.gumbel-kernel : Calculating Gumbel distribution (location: 0.0002217213623225689, scale 0.48273754119873047)
2024-03-05 04:14:53,074 | INFO | hilo.gumbel-kernel : TOP-RIGHT:
tensor([[2.0031e-29, 1.2313e-04, 9.9975e-01],
        [0.0000e+00, 2.0031e-29, 1.2313e-04],
        [0.0000e+00, 0.0000e+00, 2.0031e-29]])
2024-03-05 04:14:53,074 | INFO | hilo.kernel-accessor : Fetching kernel: gumbel
2024-03-05 04:14:53,074 | INFO | hilo.gumbel-kernel : Calculating Gumbel distribution (location: -0.46347030997276306, scale 1.3594493865966797)
2024-03-05 04:14:53,075 | INFO | hilo.gumbel-kernel : TOP-RIGHT:
tensor([[2.7156e-04, 5.0219e-02, 8.9875e-01],
        [1.1231e-08, 2.7155e-04, 5.0219e-02],
        [1.7806e-17, 1.1231e-08, 2.7156e-04]])
2024-03-05 04:14:53,075 | INFO | hilo.kernel-accessor : Fetching kernel: gumbel
2024-03-05 04:14:53,075 | INFO | hilo.gumbel-kernel : Calculating Gumbel distribution (location: -0.45671555399894714, scale 1.0913264751434326)
2024-03-05 04:14:53,075 | INFO | hilo.gumbel-kernel : STATIC:
tensor([[9.7557e-01, 1.2212e-02, 8.4622e-07],
        [1.2212e-02, 8.4622e-07, 1.3362e-16],
        [8.4622e-07, 1.3362e-16, 1.6526e-40]])
2024-03-05 04:14:53,075 | INFO | hilo.kernel-accessor : Fetching kernel: gumbel
2024-03-05 04:14:53,075 | INFO | hilo.gumbel-kernel : Calculating Gumbel distribution (location: -0.3553643226623535, scale 0.9327289462089539)
2024-03-05 04:14:53,076 | INFO | hilo.gumbel-kernel : BOTTOM-LEFT:
tensor([[1.1276e-08, 2.1127e-24, 0.0000e+00],
        [5.5152e-03, 1.1276e-08, 2.1127e-24],
        [9.8897e-01, 5.5152e-03, 1.1276e-08]])
2024-03-05 04:14:53,076 | INFO | hilo.kernel-accessor : Fetching kernel: gumbel
2024-03-05 04:14:53,076 | INFO | hilo.gumbel-kernel : Calculating Gumbel distribution (location: -0.21361450850963593, scale 0.7382014989852905)
2024-03-05 04:14:53,076 | INFO | hilo.gumbel-kernel : TOP-RIGHT:
tensor([[9.1616e-13, 1.5234e-03, 9.9695e-01],
        [0.0000e+00, 9.1616e-13, 1.5234e-03],
        [0.0000e+00, 0.0000e+00, 9.1616e-13]])
2024-03-05 04:14:53,076 | INFO | hilo.kernel-accessor : Fetching kernel: gumbel
2024-03-05 04:14:53,076 | INFO | hilo.gumbel-kernel : Calculating Gumbel distribution (location: -0.11744280904531479, scale 0.690139889717102)
2024-03-05 04:14:53,077 | INFO | hilo.gumbel-kernel : STATIC:
tensor([[9.9521e-01, 2.3964e-03, 1.9024e-12],
        [2.3964e-03, 1.9024e-12, 0.0000e+00],
        [1.9024e-12, 0.0000e+00, 0.0000e+00]])
2024-03-05 04:14:53,077 | INFO | hilo.kernel-accessor : Fetching kernel: gumbel
2024-03-05 04:14:53,077 | INFO | hilo.gumbel-kernel : Calculating Gumbel distribution (location: -0.2577472925186157, scale 0.8000312447547913)
2024-03-05 04:14:53,077 | INFO | hilo.gumbel-kernel : STATIC:
tensor([[9.9503e-01, 2.4836e-03, 4.6004e-11],
        [2.4836e-03, 4.6003e-11, 1.0655e-36],
        [4.6004e-11, 1.0655e-36, 0.0000e+00]])
2024-03-05 04:14:53,077 | INFO | hilo.kernel-accessor : Fetching kernel: gumbel
2024-03-05 04:14:53,077 | INFO | hilo.gumbel-kernel : Calculating Gumbel distribution (location: -0.2665683925151825, scale 0.7218923568725586)
2024-03-05 04:14:53,078 | INFO | hilo.gumbel-kernel : BOTTOM-LEFT:
tensor([[1.5598e-15, 0.0000e+00, 0.0000e+00],
        [4.7320e-04, 1.5598e-15, 0.0000e+00],
        [9.9905e-01, 4.7320e-04, 1.5598e-15]])
2024-03-05 04:14:53,078 | INFO | hilo.kernel-accessor : Fetching kernel: gumbel
2024-03-05 04:14:53,078 | INFO | hilo.gumbel-kernel : Calculating Gumbel distribution (location: -0.16347096860408783, scale 0.7111779451370239)
2024-03-05 04:14:53,078 | INFO | hilo.gumbel-kernel : TOP-RIGHT:
tensor([[1.0365e-12, 1.8593e-03, 9.9628e-01],
        [0.0000e+00, 1.0365e-12, 1.8593e-03],
        [0.0000e+00, 0.0000e+00, 1.0365e-12]])
2024-03-05 04:14:53,078 | INFO | hilo.kernel-accessor : Fetching kernel: gumbel
2024-03-05 04:14:53,078 | INFO | hilo.gumbel-kernel : Calculating Gumbel distribution (location: -0.07800628244876862, scale 0.5665403604507446)
2024-03-05 04:14:53,079 | INFO | hilo.gumbel-kernel : BOTTOM-LEFT:
tensor([[3.2851e-21, 0.0000e+00, 0.0000e+00],
        [2.9078e-04, 3.2851e-21, 0.0000e+00],
        [9.9942e-01, 2.9078e-04, 3.2851e-21]])
2024-03-05 04:14:53,079 | INFO | hilo.kernel-accessor : Fetching kernel: gumbel
2024-03-05 04:14:53,079 | INFO | hilo.gumbel-kernel : Calculating Gumbel distribution (location: -0.1745283007621765, scale 0.6784047484397888)
2024-03-05 04:14:53,079 | INFO | hilo.gumbel-kernel : STATIC:
tensor([[9.9836e-01, 8.1858e-04, 3.9020e-15],
        [8.1858e-04, 3.9020e-15, 0.0000e+00],
        [3.9020e-15, 0.0000e+00, 0.0000e+00]])
2024-03-05 04:14:53,079 | INFO | hilo.kernel-accessor : Fetching kernel: gumbel
2024-03-05 04:14:53,079 | INFO | hilo.gumbel-kernel : Calculating Gumbel distribution (location: -0.09181910008192062, scale 0.5864276885986328)
2024-03-05 04:14:53,080 | INFO | hilo.gumbel-kernel : BOTTOM-LEFT:
tensor([[1.3381e-19, 0.0000e+00, 0.0000e+00],
        [3.8416e-04, 1.3381e-19, 0.0000e+00],
        [9.9923e-01, 3.8416e-04, 1.3381e-19]])
2024-03-05 04:14:53,080 | INFO | hilo.kernel-accessor : Fetching kernel: gumbel
2024-03-05 04:14:53,080 | INFO | hilo.gumbel-kernel : Calculating Gumbel distribution (location: 0.03906405344605446, scale 0.6662161350250244)
2024-03-05 04:14:53,080 | INFO | hilo.gumbel-kernel : STATIC:
tensor([[9.8032e-01, 9.8395e-03, 1.9967e-09],
        [9.8395e-03, 1.9967e-09, 3.5321e-37],
        [1.9967e-09, 3.5321e-37, 0.0000e+00]])
2024-03-05 04:14:53,080 | INFO | hilo.kernel-accessor : Fetching kernel: gumbel
2024-03-05 04:14:53,081 | INFO | hilo.gumbel-kernel : Calculating Gumbel distribution (location: 0.05346066132187843, scale 0.5628455281257629)
2024-03-05 04:14:53,081 | INFO | hilo.gumbel-kernel : BOTTOM-LEFT:
tensor([[1.8525e-14, 0.0000e+00, 0.0000e+00],
        [2.8995e-03, 1.8525e-14, 0.0000e+00],
        [9.9420e-01, 2.8995e-03, 1.8525e-14]])
2024-03-05 04:14:53,081 | INFO | hilo.kernel-accessor : Fetching kernel: gumbel
2024-03-05 04:14:53,081 | INFO | hilo.gumbel-kernel : Calculating Gumbel distribution (location: 0.05145899951457977, scale 0.6364249587059021)
2024-03-05 04:14:53,081 | INFO | hilo.gumbel-kernel : STATIC:
tensor([[9.8404e-01, 7.9797e-03, 2.7552e-10],
        [7.9797e-03, 2.7552e-10, 1.3452e-43],
        [2.7552e-10, 1.3452e-43, 0.0000e+00]])
2024-03-05 04:14:53,081 | INFO | hilo.kernel-accessor : Fetching kernel: gumbel
2024-03-05 04:14:53,082 | INFO | hilo.gumbel-kernel : Calculating Gumbel distribution (location: 0.042181842029094696, scale 0.6197518706321716)
2024-03-05 04:14:53,082 | INFO | hilo.gumbel-kernel : STATIC:
tensor([[9.8822e-01, 5.8911e-03, 2.6215e-11],
        [5.8911e-03, 2.6215e-11, 0.0000e+00],
        [2.6215e-11, 0.0000e+00, 0.0000e+00]])
2024-03-05 04:14:53,082 | INFO | hilo.kernel-accessor : Fetching kernel: gumbel
2024-03-05 04:14:53,082 | INFO | hilo.gumbel-kernel : Calculating Gumbel distribution (location: 0.041919562965631485, scale 0.8097460269927979)
2024-03-05 04:14:53,082 | INFO | hilo.gumbel-kernel : STATIC:
tensor([[9.3935e-01, 3.0320e-02, 4.5998e-06],
        [3.0320e-02, 4.5998e-06, 6.9163e-18],
        [4.5998e-06, 6.9163e-18, 0.0000e+00]])
2024-03-05 04:16:13,754 | INFO | hilo : Epoch   4/200 | Accuracy:  54.6875 | Loss:   0.9093
2024-03-05 04:16:13,754 | INFO | hilo.kernel-accessor : Fetching kernel: gumbel
2024-03-05 04:16:13,755 | INFO | hilo.gumbel-kernel : Calculating Gumbel distribution (location: -0.006471124943345785, scale 0.44327786564826965)
2024-03-05 04:16:13,755 | INFO | hilo.gumbel-kernel : TOP-RIGHT:
tensor([[5.6893e-43, 1.5837e-05, 9.9997e-01],
        [0.0000e+00, 5.6893e-43, 1.5837e-05],
        [0.0000e+00, 0.0000e+00, 5.6893e-43]])
2024-03-05 04:16:13,756 | INFO | hilo.kernel-accessor : Fetching kernel: gumbel
2024-03-05 04:16:13,756 | INFO | hilo.gumbel-kernel : Calculating Gumbel distribution (location: -0.3734094500541687, scale 1.1063565015792847)
2024-03-05 04:16:13,756 | INFO | hilo.gumbel-kernel : TOP-RIGHT:
tensor([[7.0521e-06, 2.1631e-02, 9.5672e-01],
        [6.5424e-14, 7.0521e-06, 2.1631e-02],
        [3.6217e-33, 6.5424e-14, 7.0521e-06]])
2024-03-05 04:16:13,756 | INFO | hilo.kernel-accessor : Fetching kernel: gumbel
2024-03-05 04:16:13,756 | INFO | hilo.gumbel-kernel : Calculating Gumbel distribution (location: -0.3330596685409546, scale 1.0037908554077148)
2024-03-05 04:16:13,757 | INFO | hilo.gumbel-kernel : BOTTOM-LEFT:
tensor([[6.0560e-07, 6.1161e-18, 0.0000e+00],
        [1.3046e-02, 6.0560e-07, 6.1161e-18],
        [9.7391e-01, 1.3046e-02, 6.0560e-07]])
2024-03-05 04:16:13,757 | INFO | hilo.kernel-accessor : Fetching kernel: gumbel
2024-03-05 04:16:13,757 | INFO | hilo.gumbel-kernel : Calculating Gumbel distribution (location: -0.3985796570777893, scale 1.0805176496505737)
2024-03-05 04:16:13,757 | INFO | hilo.gumbel-kernel : BOTTOM-LEFT:
tensor([[2.0356e-06, 1.2613e-15, 3.0250e-38],
        [1.5877e-02, 2.0356e-06, 1.2613e-15],
        [9.6824e-01, 1.5877e-02, 2.0356e-06]])
2024-03-05 04:16:13,757 | INFO | hilo.kernel-accessor : Fetching kernel: gumbel
2024-03-05 04:16:13,757 | INFO | hilo.gumbel-kernel : Calculating Gumbel distribution (location: -0.30602553486824036, scale 0.774127721786499)
2024-03-05 04:16:13,758 | INFO | hilo.gumbel-kernel : STATIC:
tensor([[9.9837e-01, 8.1494e-04, 1.4229e-13],
        [8.1494e-04, 1.4229e-13, 0.0000e+00],
        [1.4229e-13, 0.0000e+00, 0.0000e+00]])
2024-03-05 04:16:13,758 | INFO | hilo.kernel-accessor : Fetching kernel: gumbel
2024-03-05 04:16:13,758 | INFO | hilo.gumbel-kernel : Calculating Gumbel distribution (location: -0.13339057564735413, scale 0.6486760973930359)
2024-03-05 04:16:13,758 | INFO | hilo.gumbel-kernel : STATIC:
tensor([[9.9832e-01, 8.3888e-04, 1.0301e-15],
        [8.3888e-04, 1.0301e-15, 0.0000e+00],
        [1.0301e-15, 0.0000e+00, 0.0000e+00]])
2024-03-05 04:16:13,758 | INFO | hilo.kernel-accessor : Fetching kernel: gumbel
2024-03-05 04:16:13,758 | INFO | hilo.gumbel-kernel : Calculating Gumbel distribution (location: -0.18864953517913818, scale 0.7826242446899414)
2024-03-05 04:16:13,759 | INFO | hilo.gumbel-kernel : BOTTOM-LEFT:
tensor([[3.4086e-10, 3.4066e-34, 0.0000e+00],
        [4.1767e-03, 3.4086e-10, 3.4066e-34],
        [9.9165e-01, 4.1767e-03, 3.4086e-10]])
2024-03-05 04:16:13,759 | INFO | hilo.kernel-accessor : Fetching kernel: gumbel
2024-03-05 04:16:13,759 | INFO | hilo.gumbel-kernel : Calculating Gumbel distribution (location: -0.29595649242401123, scale 0.7732279300689697)
2024-03-05 04:16:13,759 | INFO | hilo.gumbel-kernel : TOP-RIGHT:
tensor([[2.5434e-13, 9.2889e-04, 9.9814e-01],
        [0.0000e+00, 2.5435e-13, 9.2889e-04],
        [0.0000e+00, 0.0000e+00, 2.5434e-13]])
2024-03-05 04:16:13,759 | INFO | hilo.kernel-accessor : Fetching kernel: gumbel
2024-03-05 04:16:13,760 | INFO | hilo.gumbel-kernel : Calculating Gumbel distribution (location: -0.20155030488967896, scale 0.7511571049690247)
2024-03-05 04:16:13,760 | INFO | hilo.gumbel-kernel : STATIC:
tensor([[9.9552e-01, 2.2421e-03, 8.6828e-12],
        [2.2421e-03, 8.6828e-12, 5.0447e-42],
        [8.6828e-12, 5.0447e-42, 0.0000e+00]])
2024-03-05 04:16:13,760 | INFO | hilo.kernel-accessor : Fetching kernel: gumbel
2024-03-05 04:16:13,760 | INFO | hilo.gumbel-kernel : Calculating Gumbel distribution (location: -0.08379334956407547, scale 0.5530262589454651)
2024-03-05 04:16:13,760 | INFO | hilo.gumbel-kernel : BOTTOM-LEFT:
tensor([[1.3790e-23, 0.0000e+00, 0.0000e+00],
        [1.6438e-04, 1.3790e-23, 0.0000e+00],
        [9.9967e-01, 1.6438e-04, 1.3790e-23]])
2024-03-05 04:16:13,760 | INFO | hilo.kernel-accessor : Fetching kernel: gumbel
2024-03-05 04:16:13,761 | INFO | hilo.gumbel-kernel : Calculating Gumbel distribution (location: -0.16715389490127563, scale 0.6013016700744629)
2024-03-05 04:16:13,761 | INFO | hilo.gumbel-kernel : STATIC:
tensor([[9.9978e-01, 1.0967e-04, 1.7308e-22],
        [1.0967e-04, 1.7308e-22, 0.0000e+00],
        [1.7308e-22, 0.0000e+00, 0.0000e+00]])
2024-03-05 04:16:13,761 | INFO | hilo.kernel-accessor : Fetching kernel: gumbel
2024-03-05 04:16:13,761 | INFO | hilo.gumbel-kernel : Calculating Gumbel distribution (location: -0.12733063101768494, scale 0.5308771133422852)
2024-03-05 04:16:13,761 | INFO | hilo.gumbel-kernel : TOP-RIGHT:
tensor([[5.1146e-32, 1.8553e-05, 9.9996e-01],
        [0.0000e+00, 5.1144e-32, 1.8553e-05],
        [0.0000e+00, 0.0000e+00, 5.1146e-32]])
2024-03-05 04:16:13,762 | INFO | hilo.kernel-accessor : Fetching kernel: gumbel
2024-03-05 04:16:13,762 | INFO | hilo.gumbel-kernel : Calculating Gumbel distribution (location: -0.04543273150920868, scale 0.5492324233055115)
2024-03-05 04:16:13,762 | INFO | hilo.gumbel-kernel : TOP-RIGHT:
tensor([[2.4156e-21, 3.6013e-04, 9.9928e-01],
        [0.0000e+00, 2.4157e-21, 3.6013e-04],
        [0.0000e+00, 0.0000e+00, 2.4156e-21]])
2024-03-05 04:16:13,762 | INFO | hilo.kernel-accessor : Fetching kernel: gumbel
2024-03-05 04:16:13,762 | INFO | hilo.gumbel-kernel : Calculating Gumbel distribution (location: 0.038661062717437744, scale 0.4382096827030182)
2024-03-05 04:16:13,763 | INFO | hilo.gumbel-kernel : TOP-RIGHT:
tensor([[2.7860e-37, 6.4064e-05, 9.9987e-01],
        [0.0000e+00, 2.7860e-37, 6.4064e-05],
        [0.0000e+00, 0.0000e+00, 2.7860e-37]])
2024-03-05 04:16:13,763 | INFO | hilo.kernel-accessor : Fetching kernel: gumbel
2024-03-05 04:16:13,763 | INFO | hilo.gumbel-kernel : Calculating Gumbel distribution (location: 0.0705488920211792, scale 0.4086902439594269)
2024-03-05 04:16:13,763 | INFO | hilo.gumbel-kernel : BOTTOM-LEFT:
tensor([[1.4013e-43, 0.0000e+00, 0.0000e+00],
        [4.9274e-05, 1.4013e-43, 0.0000e+00],
        [9.9990e-01, 4.9274e-05, 1.4013e-43]])
2024-03-05 04:16:13,763 | INFO | hilo.kernel-accessor : Fetching kernel: gumbel
2024-03-05 04:16:13,763 | INFO | hilo.gumbel-kernel : Calculating Gumbel distribution (location: 0.044967591762542725, scale 0.42834484577178955)
2024-03-05 04:16:13,764 | INFO | hilo.gumbel-kernel : STATIC:
tensor([[9.9990e-01, 5.0493e-05, 6.2251e-40],
        [5.0493e-05, 6.2248e-40, 0.0000e+00],
        [6.2251e-40, 0.0000e+00, 0.0000e+00]])
2024-03-05 04:16:13,764 | INFO | hilo.kernel-accessor : Fetching kernel: gumbel
2024-03-05 04:16:13,764 | INFO | hilo.gumbel-kernel : Calculating Gumbel distribution (location: 0.1810617744922638, scale 0.5138198137283325)
2024-03-05 04:16:13,764 | INFO | hilo.gumbel-kernel : STATIC:
tensor([[9.8551e-01, 7.2469e-03, 9.8696e-13],
        [7.2469e-03, 9.8696e-13, 0.0000e+00],
        [9.8696e-13, 0.0000e+00, 0.0000e+00]])
2024-03-05 04:17:34,503 | INFO | hilo : Epoch   5/200 | Accuracy:  56.2500 | Loss:   0.8362
2024-03-05 04:17:34,504 | INFO | hilo.kernel-accessor : Fetching kernel: gumbel
2024-03-05 04:17:34,504 | INFO | hilo.gumbel-kernel : Calculating Gumbel distribution (location: -0.009512119926512241, scale 0.4566287696361542)
2024-03-05 04:17:34,505 | INFO | hilo.gumbel-kernel : BOTTOM-LEFT:
tensor([[2.5406e-38, 0.0000e+00, 0.0000e+00],
        [2.8590e-05, 2.5408e-38, 0.0000e+00],
        [9.9994e-01, 2.8590e-05, 2.5406e-38]])
2024-03-05 04:17:34,505 | INFO | hilo.kernel-accessor : Fetching kernel: gumbel
2024-03-05 04:17:34,505 | INFO | hilo.gumbel-kernel : Calculating Gumbel distribution (location: -0.2705192565917969, scale 1.0620256662368774)
2024-03-05 04:17:34,505 | INFO | hilo.gumbel-kernel : STATIC:
tensor([[9.4536e-01, 2.7298e-02, 1.3440e-05],
        [2.7298e-02, 1.3440e-05, 1.9352e-13],
        [1.3440e-05, 1.9352e-13, 6.6026e-33]])
2024-03-05 04:17:34,505 | INFO | hilo.kernel-accessor : Fetching kernel: gumbel
2024-03-05 04:17:34,505 | INFO | hilo.gumbel-kernel : Calculating Gumbel distribution (location: -0.29137182235717773, scale 0.9806058406829834)
2024-03-05 04:17:34,506 | INFO | hilo.gumbel-kernel : STATIC:
tensor([[9.7175e-01, 1.4125e-02, 6.9217e-07],
        [1.4125e-02, 6.9217e-07, 4.7433e-18],
        [6.9217e-07, 4.7433e-18, 0.0000e+00]])
2024-03-05 04:17:34,506 | INFO | hilo.kernel-accessor : Fetching kernel: gumbel
2024-03-05 04:17:34,506 | INFO | hilo.gumbel-kernel : Calculating Gumbel distribution (location: -0.34985607862472534, scale 1.1341465711593628)
2024-03-05 04:17:34,506 | INFO | hilo.gumbel-kernel : BOTTOM-LEFT:
tensor([[2.0858e-05, 1.9661e-12, 7.3816e-29],
        [2.8363e-02, 2.0858e-05, 1.9661e-12],
        [9.4321e-01, 2.8363e-02, 2.0858e-05]])
