2024-03-02 03:06:28,416 | INFO | hilo : 
+==============================================================+
|                                                              |
| ██████╗  █████╗ ██████╗ ██╗         ██╗      █████╗ ██████╗  |
| ██╔══██╗██╔══██╗██╔══██╗██║         ██║     ██╔══██╗██╔══██╗ |
| ██║  ██║███████║██║  ██║██║         ██║     ███████║██████╔╝ |
| ██║  ██║██╔══██║██║  ██║██║         ██║     ██╔══██║██╔══██╗ |
| ██████╔╝██║  ██║██████╔╝███████╗    ███████╗██║  ██║██████╔╝ |
| ╚═════╝ ╚═╝  ╚═╝╚═════╝ ╚══════╝    ╚══════╝╚═╝  ╚═╝╚═════╝  |
+==============================================================+
|             Hi-Lo Resolution Image Classification            |
|             -------------------------------------            |
|                       Gabriel C. Trahan                      |
|                          Sahan Ahmad                         |
|                       MD  Aminual Islam                      |
+==============================================================+
2024-03-02 03:06:29,984 | INFO | hilo.dataset-accessor : Fetching dataset: cifar10
2024-03-02 03:06:29,984 | INFO | hilo.cifar10-dataset : Initializing transform
2024-03-02 03:06:29,984 | INFO | hilo.cifar10-dataset : Verifying/downloading train data
2024-03-02 03:06:30,585 | INFO | hilo.cifar10-dataset : Verifying/downloading test data
2024-03-02 03:06:31,067 | INFO | hilo.cifar10-dataset : Creating train data loader.
2024-03-02 03:06:31,067 | INFO | hilo.cifar10-dataset : Creating test data loader.
2024-03-02 03:06:31,177 | INFO | hilo : Output directory: output/resnet/cifar10/gaussian/5/20240302_030629/
2024-03-02 03:06:32,159 | INFO | hilo : Using device: NVIDIA GeForce GTX 1060 6GB
2024-03-02 03:06:32,159 | INFO | hilo : Exeucting job: MODEL resnet | DATASET cifar10 | KERNEL gaussian | TYPE 5
2024-03-02 03:06:32,159 | INFO | hilo : Commencing training phase...
2024-03-02 03:06:32,159 | INFO | hilo.kernel-accessor : Fetching kernel: gaussian
2024-03-02 03:06:32,160 | INFO | hilo.gaussian-kernel : Calculating Gaussian distribution (location: 0, scale 1.0)
2024-03-02 03:06:32,161 | INFO | hilo.gaussian-kernel : TOP-LEFT:
tensor([[0.3296, 0.1999, 0.0446],
        [0.1999, 0.1212, 0.0271],
        [0.0446, 0.0271, 0.0060]])
2024-03-02 03:06:32,161 | INFO | hilo.kernel-accessor : Fetching kernel: gaussian
2024-03-02 03:06:32,161 | INFO | hilo.gaussian-kernel : Calculating Gaussian distribution (location: 0, scale 1.0)
2024-03-02 03:06:32,161 | INFO | hilo.gaussian-kernel : TOP-LEFT:
tensor([[0.3296, 0.1999, 0.0446],
        [0.1999, 0.1212, 0.0271],
        [0.0446, 0.0271, 0.0060]])
2024-03-02 03:06:32,161 | INFO | hilo.kernel-accessor : Fetching kernel: gaussian
2024-03-02 03:06:32,161 | INFO | hilo.gaussian-kernel : Calculating Gaussian distribution (location: 0, scale 1.0)
2024-03-02 03:06:32,162 | INFO | hilo.gaussian-kernel : TOP-RIGHT:
tensor([[0.0446, 0.1999, 0.3296],
        [0.0271, 0.1212, 0.1999],
        [0.0060, 0.0271, 0.0446]])
2024-03-02 03:06:32,162 | INFO | hilo.kernel-accessor : Fetching kernel: gaussian
2024-03-02 03:06:32,162 | INFO | hilo.gaussian-kernel : Calculating Gaussian distribution (location: 0, scale 1.0)
2024-03-02 03:06:32,162 | INFO | hilo.gaussian-kernel : TOP-LEFT:
tensor([[0.3296, 0.1999, 0.0446],
        [0.1999, 0.1212, 0.0271],
        [0.0446, 0.0271, 0.0060]])
2024-03-02 03:06:32,162 | INFO | hilo.kernel-accessor : Fetching kernel: gaussian
2024-03-02 03:06:32,163 | INFO | hilo.gaussian-kernel : Calculating Gaussian distribution (location: 0, scale 1.0)
2024-03-02 03:06:32,163 | INFO | hilo.gaussian-kernel : TOP-LEFT:
tensor([[0.3296, 0.1999, 0.0446],
        [0.1999, 0.1212, 0.0271],
        [0.0446, 0.0271, 0.0060]])
2024-03-02 03:06:32,163 | INFO | hilo.kernel-accessor : Fetching kernel: gaussian
2024-03-02 03:06:32,163 | INFO | hilo.gaussian-kernel : Calculating Gaussian distribution (location: 0, scale 1.0)
2024-03-02 03:06:32,163 | INFO | hilo.gaussian-kernel : TOP-LEFT:
tensor([[0.3296, 0.1999, 0.0446],
        [0.1999, 0.1212, 0.0271],
        [0.0446, 0.0271, 0.0060]])
2024-03-02 03:06:32,163 | INFO | hilo.kernel-accessor : Fetching kernel: gaussian
2024-03-02 03:06:32,164 | INFO | hilo.gaussian-kernel : Calculating Gaussian distribution (location: 0, scale 1.0)
2024-03-02 03:06:32,164 | INFO | hilo.gaussian-kernel : TOP-LEFT:
tensor([[0.3296, 0.1999, 0.0446],
        [0.1999, 0.1212, 0.0271],
        [0.0446, 0.0271, 0.0060]])
2024-03-02 03:06:32,164 | INFO | hilo.kernel-accessor : Fetching kernel: gaussian
2024-03-02 03:06:32,164 | INFO | hilo.gaussian-kernel : Calculating Gaussian distribution (location: 0, scale 1.0)
2024-03-02 03:06:32,164 | INFO | hilo.gaussian-kernel : TOP-LEFT:
tensor([[0.3296, 0.1999, 0.0446],
        [0.1999, 0.1212, 0.0271],
        [0.0446, 0.0271, 0.0060]])
2024-03-02 03:06:32,164 | INFO | hilo.kernel-accessor : Fetching kernel: gaussian
2024-03-02 03:06:32,165 | INFO | hilo.gaussian-kernel : Calculating Gaussian distribution (location: 0, scale 1.0)
2024-03-02 03:06:32,165 | INFO | hilo.gaussian-kernel : TOP-LEFT:
tensor([[0.3296, 0.1999, 0.0446],
        [0.1999, 0.1212, 0.0271],
        [0.0446, 0.0271, 0.0060]])
2024-03-02 03:06:32,165 | INFO | hilo.kernel-accessor : Fetching kernel: gaussian
2024-03-02 03:06:32,165 | INFO | hilo.gaussian-kernel : Calculating Gaussian distribution (location: 0, scale 1.0)
2024-03-02 03:06:32,165 | INFO | hilo.gaussian-kernel : TOP-LEFT:
tensor([[0.3296, 0.1999, 0.0446],
        [0.1999, 0.1212, 0.0271],
        [0.0446, 0.0271, 0.0060]])
2024-03-02 03:06:32,165 | INFO | hilo.kernel-accessor : Fetching kernel: gaussian
2024-03-02 03:06:32,166 | INFO | hilo.gaussian-kernel : Calculating Gaussian distribution (location: 0, scale 1.0)
2024-03-02 03:06:32,166 | INFO | hilo.gaussian-kernel : TOP-LEFT:
tensor([[0.3296, 0.1999, 0.0446],
        [0.1999, 0.1212, 0.0271],
        [0.0446, 0.0271, 0.0060]])
2024-03-02 03:06:32,166 | INFO | hilo.kernel-accessor : Fetching kernel: gaussian
2024-03-02 03:06:32,166 | INFO | hilo.gaussian-kernel : Calculating Gaussian distribution (location: 0, scale 1.0)
2024-03-02 03:06:32,166 | INFO | hilo.gaussian-kernel : TOP-LEFT:
tensor([[0.3296, 0.1999, 0.0446],
        [0.1999, 0.1212, 0.0271],
        [0.0446, 0.0271, 0.0060]])
2024-03-02 03:06:32,166 | INFO | hilo.kernel-accessor : Fetching kernel: gaussian
2024-03-02 03:06:32,166 | INFO | hilo.gaussian-kernel : Calculating Gaussian distribution (location: 0, scale 1.0)
2024-03-02 03:06:32,167 | INFO | hilo.gaussian-kernel : TOP-RIGHT:
tensor([[0.0446, 0.1999, 0.3296],
        [0.0271, 0.1212, 0.1999],
        [0.0060, 0.0271, 0.0446]])
2024-03-02 03:06:32,167 | INFO | hilo.kernel-accessor : Fetching kernel: gaussian
2024-03-02 03:06:32,167 | INFO | hilo.gaussian-kernel : Calculating Gaussian distribution (location: 0, scale 1.0)
2024-03-02 03:06:32,167 | INFO | hilo.gaussian-kernel : TOP-RIGHT:
tensor([[0.0446, 0.1999, 0.3296],
        [0.0271, 0.1212, 0.1999],
        [0.0060, 0.0271, 0.0446]])
2024-03-02 03:06:32,167 | INFO | hilo.kernel-accessor : Fetching kernel: gaussian
2024-03-02 03:06:32,168 | INFO | hilo.gaussian-kernel : Calculating Gaussian distribution (location: 0, scale 1.0)
2024-03-02 03:06:32,168 | INFO | hilo.gaussian-kernel : TOP-RIGHT:
tensor([[0.0446, 0.1999, 0.3296],
        [0.0271, 0.1212, 0.1999],
        [0.0060, 0.0271, 0.0446]])
2024-03-02 03:06:32,168 | INFO | hilo.kernel-accessor : Fetching kernel: gaussian
2024-03-02 03:06:32,168 | INFO | hilo.gaussian-kernel : Calculating Gaussian distribution (location: 0, scale 1.0)
2024-03-02 03:06:32,168 | INFO | hilo.gaussian-kernel : TOP-RIGHT:
tensor([[0.0446, 0.1999, 0.3296],
        [0.0271, 0.1212, 0.1999],
        [0.0060, 0.0271, 0.0446]])
2024-03-02 03:06:32,168 | INFO | hilo.kernel-accessor : Fetching kernel: gaussian
2024-03-02 03:06:32,169 | INFO | hilo.gaussian-kernel : Calculating Gaussian distribution (location: 0, scale 1.0)
2024-03-02 03:06:32,169 | INFO | hilo.gaussian-kernel : TOP-LEFT:
tensor([[0.3296, 0.1999, 0.0446],
        [0.1999, 0.1212, 0.0271],
        [0.0446, 0.0271, 0.0060]])
2024-03-02 03:07:53,646 | INFO | hilo : Epoch   1/200 | Accuracy:  35.9375 | Loss:   1.6124
2024-03-02 03:07:53,646 | INFO | hilo.kernel-accessor : Fetching kernel: gaussian
2024-03-02 03:07:53,646 | INFO | hilo.gaussian-kernel : Calculating Gaussian distribution (location: -0.029019657522439957, scale 0.6562976837158203)
2024-03-02 03:07:53,647 | INFO | hilo.gaussian-kernel : TOP-LEFT:
tensor([[5.9060e-01, 1.7294e-01, 4.9683e-03],
        [1.7294e-01, 5.0639e-02, 1.4548e-03],
        [4.9683e-03, 1.4548e-03, 4.1794e-05]])
2024-03-02 03:07:53,647 | INFO | hilo.kernel-accessor : Fetching kernel: gaussian
2024-03-02 03:07:53,647 | INFO | hilo.gaussian-kernel : Calculating Gaussian distribution (location: -0.5248408317565918, scale 1.896754503250122)
2024-03-02 03:07:53,647 | INFO | hilo.gaussian-kernel : TOP-LEFT:
tensor([[0.2103, 0.1582, 0.0901],
        [0.1582, 0.1190, 0.0678],
        [0.0901, 0.0678, 0.0386]])
2024-03-02 03:07:53,647 | INFO | hilo.kernel-accessor : Fetching kernel: gaussian
2024-03-02 03:07:53,647 | INFO | hilo.gaussian-kernel : Calculating Gaussian distribution (location: -0.2543165683746338, scale 1.704755187034607)
2024-03-02 03:07:53,648 | INFO | hilo.gaussian-kernel : TOP-RIGHT:
tensor([[0.0877, 0.1604, 0.2079],
        [0.0676, 0.1237, 0.1604],
        [0.0370, 0.0676, 0.0877]])
2024-03-02 03:07:53,648 | INFO | hilo.kernel-accessor : Fetching kernel: gaussian
2024-03-02 03:07:53,648 | INFO | hilo.gaussian-kernel : Calculating Gaussian distribution (location: -0.22497516870498657, scale 1.8277753591537476)
2024-03-02 03:07:53,648 | INFO | hilo.gaussian-kernel : TOP-LEFT:
tensor([[0.1915, 0.1541, 0.0920],
        [0.1541, 0.1241, 0.0740],
        [0.0920, 0.0740, 0.0442]])
2024-03-02 03:07:53,648 | INFO | hilo.kernel-accessor : Fetching kernel: gaussian
2024-03-02 03:07:53,648 | INFO | hilo.gaussian-kernel : Calculating Gaussian distribution (location: -0.2881739139556885, scale 1.9486240148544312)
2024-03-02 03:07:53,649 | INFO | hilo.gaussian-kernel : TOP-RIGHT:
tensor([[0.0943, 0.1510, 0.1858],
        [0.0766, 0.1227, 0.1510],
        [0.0478, 0.0766, 0.0943]])
2024-03-02 03:07:53,649 | INFO | hilo.kernel-accessor : Fetching kernel: gaussian
2024-03-02 03:07:53,649 | INFO | hilo.gaussian-kernel : Calculating Gaussian distribution (location: -0.23784270882606506, scale 1.2234774827957153)
2024-03-02 03:07:53,649 | INFO | hilo.gaussian-kernel : TOP-LEFT:
tensor([[0.3079, 0.1881, 0.0589],
        [0.1881, 0.1149, 0.0360],
        [0.0589, 0.0360, 0.0113]])
2024-03-02 03:07:53,649 | INFO | hilo.kernel-accessor : Fetching kernel: gaussian
2024-03-02 03:07:53,649 | INFO | hilo.gaussian-kernel : Calculating Gaussian distribution (location: -0.15771600604057312, scale 1.3501406908035278)
2024-03-02 03:07:53,650 | INFO | hilo.gaussian-kernel : TOP-LEFT:
tensor([[0.2556, 0.1782, 0.0718],
        [0.1782, 0.1242, 0.0500],
        [0.0718, 0.0500, 0.0202]])
2024-03-02 03:07:53,650 | INFO | hilo.kernel-accessor : Fetching kernel: gaussian
2024-03-02 03:07:53,650 | INFO | hilo.gaussian-kernel : Calculating Gaussian distribution (location: -0.16411158442497253, scale 1.2749520540237427)
2024-03-02 03:07:53,650 | INFO | hilo.gaussian-kernel : TOP-RIGHT:
tensor([[0.0659, 0.1835, 0.2760],
        [0.0438, 0.1219, 0.1835],
        [0.0157, 0.0438, 0.0659]])
2024-03-02 03:07:53,650 | INFO | hilo.kernel-accessor : Fetching kernel: gaussian
2024-03-02 03:07:53,650 | INFO | hilo.gaussian-kernel : Calculating Gaussian distribution (location: -0.2042461335659027, scale 1.2336379289627075)
2024-03-02 03:07:53,651 | INFO | hilo.gaussian-kernel : TOP-RIGHT:
tensor([[0.0610, 0.1870, 0.2970],
        [0.0384, 0.1177, 0.1870],
        [0.0125, 0.0384, 0.0610]])
2024-03-02 03:07:53,651 | INFO | hilo.kernel-accessor : Fetching kernel: gaussian
2024-03-02 03:07:53,651 | INFO | hilo.gaussian-kernel : Calculating Gaussian distribution (location: -0.08910085260868073, scale 0.8619086742401123)
2024-03-02 03:07:53,651 | INFO | hilo.gaussian-kernel : TOP-LEFT:
tensor([[0.4410, 0.1996, 0.0235],
        [0.1996, 0.0903, 0.0106],
        [0.0235, 0.0106, 0.0013]])
2024-03-02 03:07:53,651 | INFO | hilo.kernel-accessor : Fetching kernel: gaussian
2024-03-02 03:07:53,651 | INFO | hilo.gaussian-kernel : Calculating Gaussian distribution (location: -0.024123549461364746, scale 1.0588940382003784)
2024-03-02 03:07:53,652 | INFO | hilo.gaussian-kernel : TOP-LEFT:
tensor([[0.3130, 0.1961, 0.0504],
        [0.1961, 0.1229, 0.0316],
        [0.0504, 0.0316, 0.0081]])
2024-03-02 03:07:53,652 | INFO | hilo.kernel-accessor : Fetching kernel: gaussian
2024-03-02 03:07:53,652 | INFO | hilo.gaussian-kernel : Calculating Gaussian distribution (location: -0.05441974103450775, scale 1.0618220567703247)
2024-03-02 03:07:53,652 | INFO | hilo.gaussian-kernel : TOP-RIGHT:
tensor([[0.0494, 0.1962, 0.3208],
        [0.0302, 0.1200, 0.1962],
        [0.0076, 0.0302, 0.0494]])
2024-03-02 03:07:53,652 | INFO | hilo.kernel-accessor : Fetching kernel: gaussian
2024-03-02 03:07:53,652 | INFO | hilo.gaussian-kernel : Calculating Gaussian distribution (location: -0.026438195258378983, scale 1.089977741241455)
2024-03-02 03:07:53,653 | INFO | hilo.gaussian-kernel : TOP-LEFT:
tensor([[0.3020, 0.1939, 0.0537],
        [0.1939, 0.1245, 0.0344],
        [0.0537, 0.0344, 0.0095]])
2024-03-02 03:07:53,653 | INFO | hilo.kernel-accessor : Fetching kernel: gaussian
2024-03-02 03:07:53,653 | INFO | hilo.gaussian-kernel : Calculating Gaussian distribution (location: -0.012109502218663692, scale 0.8529926538467407)
2024-03-02 03:07:53,653 | INFO | hilo.gaussian-kernel : TOP-RIGHT:
tensor([[0.0256, 0.2042, 0.4127],
        [0.0126, 0.1010, 0.2042],
        [0.0016, 0.0126, 0.0256]])
2024-03-02 03:07:53,653 | INFO | hilo.kernel-accessor : Fetching kernel: gaussian
2024-03-02 03:07:53,653 | INFO | hilo.gaussian-kernel : Calculating Gaussian distribution (location: -0.014427898451685905, scale 1.058702826499939)
2024-03-02 03:07:53,654 | INFO | hilo.gaussian-kernel : TOP-LEFT:
tensor([[0.3102, 0.1960, 0.0508],
        [0.1960, 0.1239, 0.0321],
        [0.0508, 0.0321, 0.0083]])
2024-03-02 03:07:53,654 | INFO | hilo.kernel-accessor : Fetching kernel: gaussian
2024-03-02 03:07:53,654 | INFO | hilo.gaussian-kernel : Calculating Gaussian distribution (location: -0.10258866846561432, scale 1.194745421409607)
2024-03-02 03:07:53,654 | INFO | hilo.gaussian-kernel : TOP-LEFT:
tensor([[0.2863, 0.1877, 0.0611],
        [0.1877, 0.1231, 0.0400],
        [0.0611, 0.0400, 0.0130]])
2024-03-02 03:07:53,654 | INFO | hilo.kernel-accessor : Fetching kernel: gaussian
2024-03-02 03:07:53,654 | INFO | hilo.gaussian-kernel : Calculating Gaussian distribution (location: -0.2895543873310089, scale 1.294127106666565)
2024-03-02 03:07:53,655 | INFO | hilo.gaussian-kernel : TOP-LEFT:
tensor([[0.2959, 0.1846, 0.0634],
        [0.1846, 0.1152, 0.0396],
        [0.0634, 0.0396, 0.0136]])
2024-03-02 03:09:14,227 | INFO | hilo : Epoch   2/200 | Accuracy:  41.4062 | Loss:   1.4196
2024-03-02 03:09:14,227 | INFO | hilo.kernel-accessor : Fetching kernel: gaussian
2024-03-02 03:09:14,228 | INFO | hilo.gaussian-kernel : Calculating Gaussian distribution (location: -0.016439830884337425, scale 0.6234294176101685)
2024-03-02 03:09:14,228 | INFO | hilo.gaussian-kernel : TOP-LEFT:
tensor([[6.1985e-01, 1.6414e-01, 3.3169e-03],
        [1.6414e-01, 4.3465e-02, 8.7835e-04],
        [3.3169e-03, 8.7835e-04, 1.7750e-05]])
2024-03-02 03:09:14,228 | INFO | hilo.kernel-accessor : Fetching kernel: gaussian
2024-03-02 03:09:14,228 | INFO | hilo.gaussian-kernel : Calculating Gaussian distribution (location: -0.5847319960594177, scale 1.5155987739562988)
2024-03-02 03:09:14,229 | INFO | hilo.gaussian-kernel : TOP-RIGHT:
tensor([[0.0716, 0.1773, 0.2844],
        [0.0446, 0.1106, 0.1773],
        [0.0180, 0.0446, 0.0716]])
2024-03-02 03:09:14,229 | INFO | hilo.kernel-accessor : Fetching kernel: gaussian
2024-03-02 03:09:14,229 | INFO | hilo.gaussian-kernel : Calculating Gaussian distribution (location: -0.22374819219112396, scale 1.1640796661376953)
2024-03-02 03:09:14,229 | INFO | hilo.gaussian-kernel : TOP-RIGHT:
tensor([[0.0536, 0.1913, 0.3264],
        [0.0314, 0.1121, 0.1913],
        [0.0088, 0.0314, 0.0536]])
2024-03-02 03:09:14,229 | INFO | hilo.kernel-accessor : Fetching kernel: gaussian
2024-03-02 03:09:14,229 | INFO | hilo.gaussian-kernel : Calculating Gaussian distribution (location: -0.2117139995098114, scale 1.2554616928100586)
2024-03-02 03:09:14,230 | INFO | hilo.gaussian-kernel : TOP-LEFT:
tensor([[0.2917, 0.1857, 0.0627],
        [0.1857, 0.1182, 0.0399],
        [0.0627, 0.0399, 0.0135]])
2024-03-02 03:09:14,230 | INFO | hilo.kernel-accessor : Fetching kernel: gaussian
2024-03-02 03:09:14,230 | INFO | hilo.gaussian-kernel : Calculating Gaussian distribution (location: -0.17012013494968414, scale 1.1431480646133423)
2024-03-02 03:09:14,230 | INFO | hilo.gaussian-kernel : TOP-RIGHT:
tensor([[0.0535, 0.1921, 0.3208],
        [0.0320, 0.1150, 0.1921],
        [0.0089, 0.0320, 0.0535]])
2024-03-02 03:09:14,230 | INFO | hilo.kernel-accessor : Fetching kernel: gaussian
2024-03-02 03:09:14,230 | INFO | hilo.gaussian-kernel : Calculating Gaussian distribution (location: -0.20369140803813934, scale 0.9520470499992371)
2024-03-02 03:09:14,231 | INFO | hilo.gaussian-kernel : TOP-RIGHT:
tensor([[0.0300, 0.1965, 0.4270],
        [0.0138, 0.0904, 0.1965],
        [0.0021, 0.0138, 0.0300]])
2024-03-02 03:09:14,231 | INFO | hilo.kernel-accessor : Fetching kernel: gaussian
2024-03-02 03:09:14,231 | INFO | hilo.gaussian-kernel : Calculating Gaussian distribution (location: -0.1879495084285736, scale 1.0367457866668701)
2024-03-02 03:09:14,231 | INFO | hilo.gaussian-kernel : TOP-RIGHT:
tensor([[0.0409, 0.1968, 0.3732],
        [0.0216, 0.1038, 0.1968],
        [0.0045, 0.0216, 0.0409]])
2024-03-02 03:09:14,231 | INFO | hilo.kernel-accessor : Fetching kernel: gaussian
2024-03-02 03:09:14,231 | INFO | hilo.gaussian-kernel : Calculating Gaussian distribution (location: -0.23378710448741913, scale 1.036413311958313)
2024-03-02 03:09:14,232 | INFO | hilo.gaussian-kernel : TOP-RIGHT:
tensor([[0.0390, 0.1959, 0.3879],
        [0.0197, 0.0989, 0.1959],
        [0.0039, 0.0197, 0.0390]])
2024-03-02 03:09:14,232 | INFO | hilo.kernel-accessor : Fetching kernel: gaussian
2024-03-02 03:09:14,232 | INFO | hilo.gaussian-kernel : Calculating Gaussian distribution (location: -0.20980307459831238, scale 1.0778992176055908)
2024-03-02 03:09:14,232 | INFO | hilo.gaussian-kernel : TOP-LEFT:
tensor([[0.3597, 0.1952, 0.0448],
        [0.1952, 0.1060, 0.0243],
        [0.0448, 0.0243, 0.0056]])
2024-03-02 03:09:14,232 | INFO | hilo.kernel-accessor : Fetching kernel: gaussian
2024-03-02 03:09:14,232 | INFO | hilo.gaussian-kernel : Calculating Gaussian distribution (location: -0.13563480973243713, scale 0.8909499645233154)
2024-03-02 03:09:14,233 | INFO | hilo.gaussian-kernel : TOP-RIGHT:
tensor([[0.0252, 0.1979, 0.4408],
        [0.0113, 0.0889, 0.1979],
        [0.0014, 0.0113, 0.0252]])
2024-03-02 03:09:14,233 | INFO | hilo.kernel-accessor : Fetching kernel: gaussian
2024-03-02 03:09:14,233 | INFO | hilo.gaussian-kernel : Calculating Gaussian distribution (location: -0.17161691188812256, scale 1.1255276203155518)
2024-03-02 03:09:14,233 | INFO | hilo.gaussian-kernel : TOP-RIGHT:
tensor([[0.0516, 0.1931, 0.3281],
        [0.0304, 0.1136, 0.1931],
        [0.0081, 0.0304, 0.0516]])
2024-03-02 03:09:14,233 | INFO | hilo.kernel-accessor : Fetching kernel: gaussian
2024-03-02 03:09:14,233 | INFO | hilo.gaussian-kernel : Calculating Gaussian distribution (location: -0.16243939101696014, scale 1.059862732887268)
2024-03-02 03:09:14,234 | INFO | hilo.gaussian-kernel : TOP-RIGHT:
tensor([[0.0447, 0.1963, 0.3540],
        [0.0248, 0.1088, 0.1963],
        [0.0056, 0.0248, 0.0447]])
2024-03-02 03:09:14,234 | INFO | hilo.kernel-accessor : Fetching kernel: gaussian
2024-03-02 03:09:14,234 | INFO | hilo.gaussian-kernel : Calculating Gaussian distribution (location: -0.07322770357131958, scale 1.066080927848816)
2024-03-02 03:09:14,234 | INFO | hilo.gaussian-kernel : TOP-RIGHT:
tensor([[0.0491, 0.1960, 0.3246],
        [0.0297, 0.1184, 0.1960],
        [0.0074, 0.0297, 0.0491]])
2024-03-02 03:09:14,234 | INFO | hilo.kernel-accessor : Fetching kernel: gaussian
2024-03-02 03:09:14,234 | INFO | hilo.gaussian-kernel : Calculating Gaussian distribution (location: -0.028354469686746597, scale 0.8587512969970703)
2024-03-02 03:09:14,235 | INFO | hilo.gaussian-kernel : TOP-LEFT:
tensor([[0.4163, 0.2033, 0.0256],
        [0.2033, 0.0993, 0.0125],
        [0.0256, 0.0125, 0.0016]])
2024-03-02 03:09:14,235 | INFO | hilo.kernel-accessor : Fetching kernel: gaussian
2024-03-02 03:09:14,235 | INFO | hilo.gaussian-kernel : Calculating Gaussian distribution (location: -0.09568001329898834, scale 0.9873204231262207)
2024-03-02 03:09:14,235 | INFO | hilo.gaussian-kernel : TOP-LEFT:
tensor([[0.3680, 0.1998, 0.0389],
        [0.1998, 0.1084, 0.0211],
        [0.0389, 0.0211, 0.0041]])
2024-03-02 03:09:14,235 | INFO | hilo.kernel-accessor : Fetching kernel: gaussian
2024-03-02 03:09:14,236 | INFO | hilo.gaussian-kernel : Calculating Gaussian distribution (location: -0.1099884957075119, scale 0.9351627826690674)
2024-03-02 03:09:14,236 | INFO | hilo.gaussian-kernel : TOP-RIGHT:
tensor([[0.0318, 0.2002, 0.4022],
        [0.0158, 0.0997, 0.2002],
        [0.0025, 0.0158, 0.0318]])
2024-03-02 03:09:14,236 | INFO | hilo.kernel-accessor : Fetching kernel: gaussian
2024-03-02 03:09:14,236 | INFO | hilo.gaussian-kernel : Calculating Gaussian distribution (location: -0.01376618817448616, scale 0.9677312970161438)
2024-03-02 03:09:14,236 | INFO | hilo.gaussian-kernel : TOP-LEFT:
tensor([[0.3491, 0.2017, 0.0401],
        [0.2017, 0.1165, 0.0231],
        [0.0401, 0.0231, 0.0046]])
2024-03-02 03:10:34,857 | INFO | hilo : Epoch   3/200 | Accuracy:  51.5625 | Loss:   1.5425
2024-03-02 03:10:34,857 | INFO | hilo.kernel-accessor : Fetching kernel: gaussian
2024-03-02 03:10:34,857 | INFO | hilo.gaussian-kernel : Calculating Gaussian distribution (location: -0.004206891171634197, scale 0.7219181060791016)
2024-03-02 03:10:34,858 | INFO | hilo.gaussian-kernel : TOP-RIGHT:
tensor([[1.0798e-02, 1.9356e-01, 5.0930e-01],
        [4.1036e-03, 7.3561e-02, 1.9356e-01],
        [2.2892e-04, 4.1036e-03, 1.0798e-02]])
2024-03-02 03:10:34,858 | INFO | hilo.kernel-accessor : Fetching kernel: gaussian
2024-03-02 03:10:34,858 | INFO | hilo.gaussian-kernel : Calculating Gaussian distribution (location: -0.7551273107528687, scale 1.6587464809417725)
2024-03-02 03:10:34,859 | INFO | hilo.gaussian-kernel : TOP-RIGHT:
tensor([[0.0763, 0.1732, 0.2733],
        [0.0484, 0.1097, 0.1732],
        [0.0213, 0.0484, 0.0763]])
2024-03-02 03:10:34,859 | INFO | hilo.kernel-accessor : Fetching kernel: gaussian
2024-03-02 03:10:34,859 | INFO | hilo.gaussian-kernel : Calculating Gaussian distribution (location: -0.24409568309783936, scale 0.9365289807319641)
2024-03-02 03:10:34,859 | INFO | hilo.gaussian-kernel : TOP-LEFT:
tensor([[0.4524, 0.1937, 0.0265],
        [0.1937, 0.0829, 0.0114],
        [0.0265, 0.0114, 0.0016]])
2024-03-02 03:10:34,859 | INFO | hilo.kernel-accessor : Fetching kernel: gaussian
2024-03-02 03:10:34,859 | INFO | hilo.gaussian-kernel : Calculating Gaussian distribution (location: -0.13158921897411346, scale 0.9664390683174133)
2024-03-02 03:10:34,860 | INFO | hilo.gaussian-kernel : TOP-RIGHT:
tensor([[0.0347, 0.1993, 0.3920],
        [0.0177, 0.1014, 0.1993],
        [0.0031, 0.0177, 0.0347]])
2024-03-02 03:10:34,860 | INFO | hilo.kernel-accessor : Fetching kernel: gaussian
2024-03-02 03:10:34,860 | INFO | hilo.gaussian-kernel : Calculating Gaussian distribution (location: -0.14871357381343842, scale 0.8808492422103882)
2024-03-02 03:10:34,860 | INFO | hilo.gaussian-kernel : TOP-LEFT:
tensor([[0.4534, 0.1965, 0.0235],
        [0.1965, 0.0852, 0.0102],
        [0.0235, 0.0102, 0.0012]])
2024-03-02 03:10:34,860 | INFO | hilo.kernel-accessor : Fetching kernel: gaussian
2024-03-02 03:10:34,860 | INFO | hilo.gaussian-kernel : Calculating Gaussian distribution (location: -0.11314412206411362, scale 0.7502850294113159)
2024-03-02 03:10:34,861 | INFO | hilo.gaussian-kernel : TOP-LEFT:
tensor([[5.4414e-01, 1.8309e-01, 1.0427e-02],
        [1.8309e-01, 6.1608e-02, 3.5084e-03],
        [1.0427e-02, 3.5084e-03, 1.9979e-04]])
2024-03-02 03:10:34,861 | INFO | hilo.kernel-accessor : Fetching kernel: gaussian
2024-03-02 03:10:34,861 | INFO | hilo.gaussian-kernel : Calculating Gaussian distribution (location: -0.16225609183311462, scale 0.9182422757148743)
2024-03-02 03:10:34,861 | INFO | hilo.gaussian-kernel : TOP-LEFT:
tensor([[0.4332, 0.1975, 0.0275],
        [0.1975, 0.0900, 0.0125],
        [0.0275, 0.0125, 0.0017]])
2024-03-02 03:10:34,861 | INFO | hilo.kernel-accessor : Fetching kernel: gaussian
2024-03-02 03:10:34,861 | INFO | hilo.gaussian-kernel : Calculating Gaussian distribution (location: -0.16834475100040436, scale 0.7734036445617676)
2024-03-02 03:10:34,862 | INFO | hilo.gaussian-kernel : TOP-LEFT:
tensor([[5.5093e-01, 1.8024e-01, 1.1080e-02],
        [1.8024e-01, 5.8964e-02, 3.6247e-03],
        [1.1080e-02, 3.6247e-03, 2.2282e-04]])
2024-03-02 03:10:34,862 | INFO | hilo.kernel-accessor : Fetching kernel: gaussian
2024-03-02 03:10:34,862 | INFO | hilo.gaussian-kernel : Calculating Gaussian distribution (location: -0.21736617386341095, scale 0.849542498588562)
2024-03-02 03:10:34,862 | INFO | hilo.gaussian-kernel : TOP-LEFT:
tensor([[0.5070, 0.1877, 0.0174],
        [0.1877, 0.0695, 0.0064],
        [0.0174, 0.0064, 0.0006]])
2024-03-02 03:10:34,862 | INFO | hilo.kernel-accessor : Fetching kernel: gaussian
2024-03-02 03:10:34,862 | INFO | hilo.gaussian-kernel : Calculating Gaussian distribution (location: -0.12842965126037598, scale 0.6905674338340759)
2024-03-02 03:10:34,863 | INFO | hilo.gaussian-kernel : TOP-LEFT:
tensor([[6.1367e-01, 1.6430e-01, 5.4029e-03],
        [1.6430e-01, 4.3987e-02, 1.4465e-03],
        [5.4029e-03, 1.4465e-03, 4.7569e-05]])
2024-03-02 03:10:34,863 | INFO | hilo.kernel-accessor : Fetching kernel: gaussian
2024-03-02 03:10:34,863 | INFO | hilo.gaussian-kernel : Calculating Gaussian distribution (location: -0.14386561512947083, scale 0.8544678092002869)
2024-03-02 03:10:34,863 | INFO | hilo.gaussian-kernel : TOP-RIGHT:
tensor([[0.0205, 0.1949, 0.4707],
        [0.0085, 0.0807, 0.1949],
        [0.0009, 0.0085, 0.0205]])
2024-03-02 03:10:34,863 | INFO | hilo.kernel-accessor : Fetching kernel: gaussian
2024-03-02 03:10:34,863 | INFO | hilo.gaussian-kernel : Calculating Gaussian distribution (location: -0.08440418541431427, scale 0.8363403081893921)
2024-03-02 03:10:34,864 | INFO | hilo.gaussian-kernel : TOP-RIGHT:
tensor([[0.0206, 0.1983, 0.4574],
        [0.0089, 0.0860, 0.1983],
        [0.0009, 0.0089, 0.0206]])
2024-03-02 03:10:34,864 | INFO | hilo.kernel-accessor : Fetching kernel: gaussian
2024-03-02 03:10:34,864 | INFO | hilo.gaussian-kernel : Calculating Gaussian distribution (location: -0.031045550480484962, scale 0.8791884183883667)
2024-03-02 03:10:34,864 | INFO | hilo.gaussian-kernel : TOP-LEFT:
tensor([[0.4044, 0.2035, 0.0281],
        [0.2035, 0.1024, 0.0141],
        [0.0281, 0.0141, 0.0019]])
2024-03-02 03:10:34,864 | INFO | hilo.kernel-accessor : Fetching kernel: gaussian
2024-03-02 03:10:34,864 | INFO | hilo.gaussian-kernel : Calculating Gaussian distribution (location: -0.003573048859834671, scale 0.6822909116744995)
2024-03-02 03:10:34,865 | INFO | hilo.gaussian-kernel : TOP-LEFT:
tensor([[5.4674e-01, 1.8535e-01, 7.3328e-03],
        [1.8535e-01, 6.2833e-02, 2.4859e-03],
        [7.3328e-03, 2.4859e-03, 9.8347e-05]])
2024-03-02 03:10:34,865 | INFO | hilo.kernel-accessor : Fetching kernel: gaussian
2024-03-02 03:10:34,865 | INFO | hilo.gaussian-kernel : Calculating Gaussian distribution (location: 0.00486653670668602, scale 0.8050224184989929)
2024-03-02 03:10:34,865 | INFO | hilo.gaussian-kernel : TOP-LEFT:
tensor([[0.4373, 0.2037, 0.0203],
        [0.2037, 0.0949, 0.0094],
        [0.0203, 0.0094, 0.0009]])
2024-03-02 03:10:34,865 | INFO | hilo.kernel-accessor : Fetching kernel: gaussian
2024-03-02 03:10:34,865 | INFO | hilo.gaussian-kernel : Calculating Gaussian distribution (location: -0.04989417642354965, scale 0.8614636063575745)
2024-03-02 03:10:34,866 | INFO | hilo.gaussian-kernel : TOP-RIGHT:
tensor([[0.0250, 0.2021, 0.4240],
        [0.0119, 0.0963, 0.2021],
        [0.0015, 0.0119, 0.0250]])
2024-03-02 03:10:34,866 | INFO | hilo.kernel-accessor : Fetching kernel: gaussian
2024-03-02 03:10:34,866 | INFO | hilo.gaussian-kernel : Calculating Gaussian distribution (location: -0.1143685057759285, scale 1.070168137550354)
2024-03-02 03:10:34,866 | INFO | hilo.gaussian-kernel : TOP-RIGHT:
tensor([[0.0479, 0.1959, 0.3350],
        [0.0280, 0.1146, 0.1959],
        [0.0068, 0.0280, 0.0479]])
2024-03-02 03:11:55,505 | INFO | hilo : Epoch   4/200 | Accuracy:  47.6562 | Loss:   1.5508
2024-03-02 03:11:55,505 | INFO | hilo.kernel-accessor : Fetching kernel: gaussian
2024-03-02 03:11:55,505 | INFO | hilo.gaussian-kernel : Calculating Gaussian distribution (location: -0.036772530525922775, scale 0.726981520652771)
2024-03-02 03:11:55,506 | INFO | hilo.gaussian-kernel : TOP-LEFT:
tensor([[5.2363e-01, 1.8964e-01, 1.0354e-02],
        [1.8964e-01, 6.8682e-02, 3.7498e-03],
        [1.0354e-02, 3.7498e-03, 2.0472e-04]])
2024-03-02 03:11:55,506 | INFO | hilo.kernel-accessor : Fetching kernel: gaussian
2024-03-02 03:11:55,507 | INFO | hilo.gaussian-kernel : Calculating Gaussian distribution (location: -0.8504224419593811, scale 2.00189208984375)
2024-03-02 03:11:55,507 | INFO | hilo.gaussian-kernel : TOP-RIGHT:
tensor([[0.0891, 0.1602, 0.2244],
        [0.0636, 0.1144, 0.1602],
        [0.0354, 0.0636, 0.0891]])
2024-03-02 03:11:55,507 | INFO | hilo.kernel-accessor : Fetching kernel: gaussian
2024-03-02 03:11:55,508 | INFO | hilo.gaussian-kernel : Calculating Gaussian distribution (location: -0.3616097569465637, scale 1.0021926164627075)
2024-03-02 03:11:55,508 | INFO | hilo.gaussian-kernel : TOP-RIGHT:
tensor([[0.0299, 0.1909, 0.4501],
        [0.0127, 0.0809, 0.1909],
        [0.0020, 0.0127, 0.0299]])
2024-03-02 03:11:55,508 | INFO | hilo.kernel-accessor : Fetching kernel: gaussian
2024-03-02 03:11:55,509 | INFO | hilo.gaussian-kernel : Calculating Gaussian distribution (location: -0.10505802929401398, scale 0.864532470703125)
2024-03-02 03:11:55,509 | INFO | hilo.gaussian-kernel : TOP-RIGHT:
tensor([[0.0232, 0.1986, 0.4462],
        [0.0103, 0.0884, 0.1986],
        [0.0012, 0.0103, 0.0232]])
2024-03-02 03:11:55,509 | INFO | hilo.kernel-accessor : Fetching kernel: gaussian
2024-03-02 03:11:55,510 | INFO | hilo.gaussian-kernel : Calculating Gaussian distribution (location: -0.11681726574897766, scale 0.7936371564865112)
2024-03-02 03:11:55,510 | INFO | hilo.gaussian-kernel : TOP-LEFT:
tensor([[5.0701e-01, 1.9042e-01, 1.4618e-02],
        [1.9042e-01, 7.1517e-02, 5.4903e-03],
        [1.4618e-02, 5.4903e-03, 4.2149e-04]])
2024-03-02 03:11:55,510 | INFO | hilo.kernel-accessor : Fetching kernel: gaussian
2024-03-02 03:11:55,511 | INFO | hilo.gaussian-kernel : Calculating Gaussian distribution (location: -0.1357605904340744, scale 0.6817804574966431)
2024-03-02 03:11:55,511 | INFO | hilo.gaussian-kernel : TOP-LEFT:
tensor([[6.2766e-01, 1.5985e-01, 4.7359e-03],
        [1.5985e-01, 4.0712e-02, 1.2061e-03],
        [4.7359e-03, 1.2061e-03, 3.5733e-05]])
2024-03-02 03:11:55,511 | INFO | hilo.kernel-accessor : Fetching kernel: gaussian
2024-03-02 03:11:55,512 | INFO | hilo.gaussian-kernel : Calculating Gaussian distribution (location: -0.1386973261833191, scale 0.6871445775032043)
2024-03-02 03:11:55,512 | INFO | hilo.gaussian-kernel : TOP-RIGHT:
tensor([[5.0120e-03, 1.6116e-01, 6.2335e-01],
        [1.2958e-03, 4.1668e-02, 1.6116e-01],
        [4.0298e-05, 1.2958e-03, 5.0120e-03]])
2024-03-02 03:11:55,512 | INFO | hilo.kernel-accessor : Fetching kernel: gaussian
2024-03-02 03:11:55,513 | INFO | hilo.gaussian-kernel : Calculating Gaussian distribution (location: -0.1427430808544159, scale 0.5400356650352478)
2024-03-02 03:11:55,513 | INFO | hilo.gaussian-kernel : TOP-RIGHT:
tensor([[3.2012e-04, 8.9456e-02, 8.1050e-01],
        [3.5332e-05, 9.8734e-03, 8.9456e-02],
        [1.2644e-07, 3.5332e-05, 3.2012e-04]])
2024-03-02 03:11:55,513 | INFO | hilo.kernel-accessor : Fetching kernel: gaussian
2024-03-02 03:11:55,514 | INFO | hilo.gaussian-kernel : Calculating Gaussian distribution (location: -0.16295543313026428, scale 0.5486633777618408)
2024-03-02 03:11:55,514 | INFO | hilo.gaussian-kernel : TOP-RIGHT:
tensor([[3.5728e-04, 8.9565e-02, 8.1017e-01],
        [3.9498e-05, 9.9015e-03, 8.9565e-02],
        [1.5756e-07, 3.9498e-05, 3.5728e-04]])
2024-03-02 03:11:55,514 | INFO | hilo.kernel-accessor : Fetching kernel: gaussian
2024-03-02 03:11:55,515 | INFO | hilo.gaussian-kernel : Calculating Gaussian distribution (location: -0.0859861969947815, scale 0.46677929162979126)
2024-03-02 03:11:55,515 | INFO | hilo.gaussian-kernel : TOP-RIGHT:
tensor([[4.1078e-05, 5.9549e-02, 8.7677e-01],
        [2.7899e-06, 4.0444e-03, 5.9549e-02],
        [1.9246e-09, 2.7899e-06, 4.1078e-05]])
2024-03-02 03:11:55,515 | INFO | hilo.kernel-accessor : Fetching kernel: gaussian
2024-03-02 03:11:55,516 | INFO | hilo.gaussian-kernel : Calculating Gaussian distribution (location: -0.1626785695552826, scale 0.5406359434127808)
2024-03-02 03:11:55,516 | INFO | hilo.gaussian-kernel : TOP-RIGHT:
tensor([[2.8772e-04, 8.5008e-02, 8.2054e-01],
        [2.9808e-05, 8.8069e-03, 8.5008e-02],
        [1.0089e-07, 2.9808e-05, 2.8772e-04]])
2024-03-02 03:11:55,516 | INFO | hilo.kernel-accessor : Fetching kernel: gaussian
2024-03-02 03:11:55,517 | INFO | hilo.gaussian-kernel : Calculating Gaussian distribution (location: -0.08538000285625458, scale 0.4810602366924286)
2024-03-02 03:11:55,517 | INFO | hilo.gaussian-kernel : TOP-RIGHT:
tensor([[7.2369e-05, 6.8355e-02, 8.5769e-01],
        [5.7676e-06, 5.4477e-03, 6.8355e-02],
        [6.1062e-09, 5.7676e-06, 7.2369e-05]])
2024-03-02 03:11:55,517 | INFO | hilo.kernel-accessor : Fetching kernel: gaussian
2024-03-02 03:11:55,518 | INFO | hilo.gaussian-kernel : Calculating Gaussian distribution (location: 0.03593225032091141, scale 0.4854374825954437)
2024-03-02 03:11:55,518 | INFO | hilo.gaussian-kernel : TOP-LEFT:
tensor([[7.6969e-01, 1.0741e-01, 2.1519e-04],
        [1.0741e-01, 1.4990e-02, 3.0031e-05],
        [2.1519e-04, 3.0031e-05, 6.0164e-08]])
2024-03-02 03:11:55,518 | INFO | hilo.kernel-accessor : Fetching kernel: gaussian
2024-03-02 03:11:55,519 | INFO | hilo.gaussian-kernel : Calculating Gaussian distribution (location: 0.06194651126861572, scale 0.39613306522369385)
2024-03-02 03:11:55,519 | INFO | hilo.gaussian-kernel : TOP-LEFT:
tensor([[8.8776e-01, 5.4443e-02, 5.7016e-06],
        [5.4443e-02, 3.3388e-03, 3.4966e-07],
        [5.7016e-06, 3.4966e-07, 3.6618e-11]])
2024-03-02 03:11:55,520 | INFO | hilo.kernel-accessor : Fetching kernel: gaussian
2024-03-02 03:11:55,520 | INFO | hilo.gaussian-kernel : Calculating Gaussian distribution (location: 0.06606638431549072, scale 0.38759976625442505)
2024-03-02 03:11:55,520 | INFO | hilo.gaussian-kernel : TOP-RIGHT:
tensor([[3.5754e-06, 4.9949e-02, 8.9731e-01],
        [1.9903e-07, 2.7805e-03, 4.9949e-02],
        [1.4246e-11, 1.9903e-07, 3.5754e-06]])
2024-03-02 03:11:55,521 | INFO | hilo.kernel-accessor : Fetching kernel: gaussian
2024-03-02 03:11:55,521 | INFO | hilo.gaussian-kernel : Calculating Gaussian distribution (location: -0.033412009477615356, scale 0.4374300241470337)
2024-03-02 03:11:55,521 | INFO | hilo.gaussian-kernel : TOP-LEFT:
tensor([[8.8734e-01, 5.4627e-02, 1.8073e-05],
        [5.4627e-02, 3.3630e-03, 1.1126e-06],
        [1.8073e-05, 1.1126e-06, 3.6811e-10]])
2024-03-02 03:11:55,522 | INFO | hilo.kernel-accessor : Fetching kernel: gaussian
2024-03-02 03:11:55,522 | INFO | hilo.gaussian-kernel : Calculating Gaussian distribution (location: 0.08110488951206207, scale 0.47002050280570984)
2024-03-02 03:11:55,522 | INFO | hilo.gaussian-kernel : TOP-RIGHT:
tensor([[1.8428e-04, 1.1346e-01, 7.5563e-01],
        [2.7669e-05, 1.7035e-02, 1.1346e-01],
        [4.4943e-08, 2.7669e-05, 1.8428e-04]])
2024-03-02 03:13:16,123 | INFO | hilo : Epoch   5/200 | Accuracy:  40.3409 | Loss:   1.4354
2024-03-02 03:13:16,123 | INFO | hilo.kernel-accessor : Fetching kernel: gaussian
2024-03-02 03:13:16,124 | INFO | hilo.gaussian-kernel : Calculating Gaussian distribution (location: -0.02251148223876953, scale 0.6898616552352905)
2024-03-02 03:13:16,124 | INFO | hilo.gaussian-kernel : TOP-LEFT:
tensor([[5.5100e-01, 1.8379e-01, 7.4981e-03],
        [1.8379e-01, 6.1307e-02, 2.5011e-03],
        [7.4981e-03, 2.5011e-03, 1.0204e-04]])
2024-03-02 03:13:16,125 | INFO | hilo.kernel-accessor : Fetching kernel: gaussian
2024-03-02 03:13:16,125 | INFO | hilo.gaussian-kernel : Calculating Gaussian distribution (location: -0.9533448219299316, scale 2.0925002098083496)
2024-03-02 03:13:16,125 | INFO | hilo.gaussian-kernel : TOP-LEFT:
tensor([[0.2210, 0.1586, 0.0905],
        [0.1586, 0.1138, 0.0650],
        [0.0905, 0.0650, 0.0371]])
2024-03-02 03:13:16,125 | INFO | hilo.kernel-accessor : Fetching kernel: gaussian
2024-03-02 03:13:16,126 | INFO | hilo.gaussian-kernel : Calculating Gaussian distribution (location: -0.34220707416534424, scale 1.1095744371414185)
2024-03-02 03:13:16,126 | INFO | hilo.gaussian-kernel : TOP-LEFT:
tensor([[0.3822, 0.1928, 0.0432],
        [0.1928, 0.0973, 0.0218],
        [0.0432, 0.0218, 0.0049]])
2024-03-02 03:13:16,126 | INFO | hilo.kernel-accessor : Fetching kernel: gaussian
2024-03-02 03:13:16,127 | INFO | hilo.gaussian-kernel : Calculating Gaussian distribution (location: -0.19406816363334656, scale 0.9707676768302917)
2024-03-02 03:13:16,127 | INFO | hilo.gaussian-kernel : TOP-LEFT:
tensor([[0.4119, 0.1972, 0.0327],
        [0.1972, 0.0944, 0.0156],
        [0.0327, 0.0156, 0.0026]])
2024-03-02 03:13:16,127 | INFO | hilo.kernel-accessor : Fetching kernel: gaussian
2024-03-02 03:13:16,128 | INFO | hilo.gaussian-kernel : Calculating Gaussian distribution (location: -0.15208783745765686, scale 0.7885777950286865)
2024-03-02 03:13:16,128 | INFO | hilo.gaussian-kernel : TOP-LEFT:
tensor([[5.2891e-01, 1.8534e-01, 1.3007e-02],
        [1.8534e-01, 6.4948e-02, 4.5580e-03],
        [1.3007e-02, 4.5580e-03, 3.1987e-04]])
2024-03-02 03:13:16,128 | INFO | hilo.kernel-accessor : Fetching kernel: gaussian
2024-03-02 03:13:16,129 | INFO | hilo.gaussian-kernel : Calculating Gaussian distribution (location: -0.08876083791255951, scale 0.6889795660972595)
2024-03-02 03:13:16,129 | INFO | hilo.gaussian-kernel : TOP-LEFT:
tensor([[5.9219e-01, 1.7132e-01, 6.0292e-03],
        [1.7132e-01, 4.9562e-02, 1.7442e-03],
        [6.0292e-03, 1.7442e-03, 6.1383e-05]])
2024-03-02 03:13:16,129 | INFO | hilo.kernel-accessor : Fetching kernel: gaussian
2024-03-02 03:13:16,130 | INFO | hilo.gaussian-kernel : Calculating Gaussian distribution (location: -0.21991533041000366, scale 0.7959589958190918)
2024-03-02 03:13:16,130 | INFO | hilo.gaussian-kernel : TOP-RIGHT:
tensor([[1.1799e-02, 1.7817e-01, 5.5505e-01],
        [3.7874e-03, 5.7192e-02, 1.7817e-01],
        [2.5082e-04, 3.7874e-03, 1.1799e-02]])
2024-03-02 03:13:16,130 | INFO | hilo.kernel-accessor : Fetching kernel: gaussian
2024-03-02 03:13:16,130 | INFO | hilo.gaussian-kernel : Calculating Gaussian distribution (location: -0.05146395042538643, scale 0.5714491605758667)
2024-03-02 03:13:16,131 | INFO | hilo.gaussian-kernel : TOP-RIGHT:
tensor([[1.1346e-03, 1.3127e-01, 7.1052e-01],
        [2.0961e-04, 2.4253e-02, 1.3127e-01],
        [1.8117e-06, 2.0961e-04, 1.1346e-03]])
