2023-10-28 10:36:40,103 | INFO | hi-lo : 
+=========================================================================+
|  ______     ______   ______    ___         ___        ______   _______  |
| /| ___ \  // ____ \ /| ___ \  /| |        /| |      // ____ \ /| ___  \ |
| /| |//\ \ /| |//| | /| |//\ \ /| |        /| |      /| |//| | /| |//| | |
| /| | /| | /| ____ | /| | /| | /| |        /| |      /| ____ | /| ___  / |
| /| |_// / /| |//| | /| |_// / /| |____    /| |____  /| |//| | /| |//\ \ |
| /|_____/  /|_| /|_| /|_____/  /|______|   /|______| /|_| /|_| /|______/ |
| ///////   ///  ///  //////    ////////    ////////  ///  ///  ////////  |
+=========================================================================+
|                  Hi-Lo Resolution Image Classification                  |
|                  -------------------------------------                  |
|                            Gabriel C. Trahan                            |
|                               Sahan Ahmad                               |
|                            MD  Aminual Islam                            |
+=========================================================================+
| MODEL:                      resnet | LR:                            0.1 |
| DISTRO:                     cauchy | KERNEL TYPE:                     1 |
| DATASET:                   cifar10 | BATCH SIZE:                     64 |
+=========================================================================+
2023-10-28 10:36:40,104 | INFO | hi-lo : Output directory: output/resnet/cauchy/1/cifar10/20231028_103640
2023-10-28 10:36:40,104 | INFO | hi-lo.dataset-accessor : Fetching dataset: cifar10
2023-10-28 10:36:40,104 | INFO | hi-lo.cifar10-dataset : Initializing transform.
2023-10-28 10:36:40,104 | INFO | hi-lo.cifar10-dataset : Verifying/downloading train data.
2023-10-28 10:36:41,461 | INFO | hi-lo.cifar10-dataset : Verifying/downloading test data.
2023-10-28 10:36:41,953 | INFO | hi-lo.cifar10-dataset : Creating train data loader.
2023-10-28 10:36:41,953 | INFO | hi-lo.cifar10-dataset : Creating test data loader.
2023-10-28 10:36:43,027 | INFO | hi-lo : Using device: NVIDIA GeForce GTX 1060 6GB
2023-10-28 10:36:43,027 | INFO | hi-lo : Commencing training phase...
2023-10-28 10:36:43,028 | INFO | hi-lo : BEGIN EPOCH 1 =========================================================================
2023-10-28 10:36:43,028 | INFO | hi-lo.kernel-accessor : Fetching kernel: cauchy
2023-10-28 10:36:43,029 | INFO | hi-lo.cauchy-kernel : CHI (LOCATION): 1 | GAMMA (SCALE): 1 | VAIRANCE: 1
2023-10-28 10:36:43,030 | INFO | hi-lo.cauchy-kernel : BOTTOM-RIGHT
tensor([[0., 0., 0.],
        [0., 0., 0.],
        [0., 0., nan]])
2023-10-28 10:36:43,030 | INFO | hi-lo.kernel-accessor : Fetching kernel: cauchy
2023-10-28 10:36:43,030 | INFO | hi-lo.cauchy-kernel : CHI (LOCATION): 0.0 | GAMMA (SCALE): 1.0 | VAIRANCE: 1.0
2023-10-28 10:36:43,031 | INFO | hi-lo.cauchy-kernel : TOP-LEFT
tensor([[0.2703, 0.1351, 0.0901],
        [0.1351, 0.0901, 0.0676],
        [0.0901, 0.0676, 0.0541]])
2023-10-28 10:36:43,031 | INFO | hi-lo.kernel-accessor : Fetching kernel: cauchy
2023-10-28 10:36:43,031 | INFO | hi-lo.cauchy-kernel : CHI (LOCATION): 0.0 | GAMMA (SCALE): 1.0 | VAIRANCE: 1.0
2023-10-28 10:36:43,031 | INFO | hi-lo.cauchy-kernel : BOTTOM-RIGHT
tensor([[0.0541, 0.0676, 0.0901],
        [0.0676, 0.0901, 0.1351],
        [0.0901, 0.1351, 0.2703]])
2023-10-28 10:36:43,031 | INFO | hi-lo.kernel-accessor : Fetching kernel: cauchy
2023-10-28 10:36:43,031 | INFO | hi-lo.cauchy-kernel : CHI (LOCATION): 0.0 | GAMMA (SCALE): 1.0 | VAIRANCE: 1.0
2023-10-28 10:36:43,032 | INFO | hi-lo.cauchy-kernel : TOP-LEFT
tensor([[0.2703, 0.1351, 0.0901],
        [0.1351, 0.0901, 0.0676],
        [0.0901, 0.0676, 0.0541]])
2023-10-28 10:36:43,032 | INFO | hi-lo.kernel-accessor : Fetching kernel: cauchy
2023-10-28 10:36:43,032 | INFO | hi-lo.cauchy-kernel : CHI (LOCATION): 0.0 | GAMMA (SCALE): 1.0 | VAIRANCE: 1.0
2023-10-28 10:36:43,032 | INFO | hi-lo.cauchy-kernel : BOTTOM-RIGHT
tensor([[0.0541, 0.0676, 0.0901],
        [0.0676, 0.0901, 0.1351],
        [0.0901, 0.1351, 0.2703]])
2023-10-28 10:36:43,032 | INFO | hi-lo.kernel-accessor : Fetching kernel: cauchy
2023-10-28 10:36:43,032 | INFO | hi-lo.cauchy-kernel : CHI (LOCATION): 0.0 | GAMMA (SCALE): 1.0 | VAIRANCE: 1.0
2023-10-28 10:36:43,033 | INFO | hi-lo.cauchy-kernel : BOTTOM-RIGHT
tensor([[0.0541, 0.0676, 0.0901],
        [0.0676, 0.0901, 0.1351],
        [0.0901, 0.1351, 0.2703]])
2023-10-28 10:36:43,033 | INFO | hi-lo.kernel-accessor : Fetching kernel: cauchy
2023-10-28 10:36:43,033 | INFO | hi-lo.cauchy-kernel : CHI (LOCATION): 0.0 | GAMMA (SCALE): 1.0 | VAIRANCE: 1.0
2023-10-28 10:36:43,033 | INFO | hi-lo.cauchy-kernel : TOP-LEFT
tensor([[0.2703, 0.1351, 0.0901],
        [0.1351, 0.0901, 0.0676],
        [0.0901, 0.0676, 0.0541]])
2023-10-28 10:36:43,033 | INFO | hi-lo.kernel-accessor : Fetching kernel: cauchy
2023-10-28 10:36:43,033 | INFO | hi-lo.cauchy-kernel : CHI (LOCATION): 0.0 | GAMMA (SCALE): 1.0 | VAIRANCE: 1.0
2023-10-28 10:36:43,034 | INFO | hi-lo.cauchy-kernel : TOP-LEFT
tensor([[0.2703, 0.1351, 0.0901],
        [0.1351, 0.0901, 0.0676],
        [0.0901, 0.0676, 0.0541]])
2023-10-28 10:36:43,034 | INFO | hi-lo.kernel-accessor : Fetching kernel: cauchy
2023-10-28 10:36:43,034 | INFO | hi-lo.cauchy-kernel : CHI (LOCATION): 0.0 | GAMMA (SCALE): 1.0 | VAIRANCE: 1.0
2023-10-28 10:36:43,034 | INFO | hi-lo.cauchy-kernel : BOTTOM-RIGHT
tensor([[0.0541, 0.0676, 0.0901],
        [0.0676, 0.0901, 0.1351],
        [0.0901, 0.1351, 0.2703]])
2023-10-28 10:36:43,034 | INFO | hi-lo.kernel-accessor : Fetching kernel: cauchy
2023-10-28 10:36:43,035 | INFO | hi-lo.cauchy-kernel : CHI (LOCATION): 0.0 | GAMMA (SCALE): 1.0 | VAIRANCE: 1.0
2023-10-28 10:36:43,035 | INFO | hi-lo.cauchy-kernel : BOTTOM-RIGHT
tensor([[0.0541, 0.0676, 0.0901],
        [0.0676, 0.0901, 0.1351],
        [0.0901, 0.1351, 0.2703]])
2023-10-28 10:36:43,035 | INFO | hi-lo.kernel-accessor : Fetching kernel: cauchy
2023-10-28 10:36:43,035 | INFO | hi-lo.cauchy-kernel : CHI (LOCATION): 0.0 | GAMMA (SCALE): 1.0 | VAIRANCE: 1.0
2023-10-28 10:36:43,035 | INFO | hi-lo.cauchy-kernel : TOP-LEFT
tensor([[0.2703, 0.1351, 0.0901],
        [0.1351, 0.0901, 0.0676],
        [0.0901, 0.0676, 0.0541]])
2023-10-28 10:36:43,035 | INFO | hi-lo.kernel-accessor : Fetching kernel: cauchy
2023-10-28 10:36:43,036 | INFO | hi-lo.cauchy-kernel : CHI (LOCATION): 0.0 | GAMMA (SCALE): 1.0 | VAIRANCE: 1.0
2023-10-28 10:36:43,036 | INFO | hi-lo.cauchy-kernel : BOTTOM-RIGHT
tensor([[0.0541, 0.0676, 0.0901],
        [0.0676, 0.0901, 0.1351],
        [0.0901, 0.1351, 0.2703]])
2023-10-28 10:36:43,036 | INFO | hi-lo.kernel-accessor : Fetching kernel: cauchy
2023-10-28 10:36:43,036 | INFO | hi-lo.cauchy-kernel : CHI (LOCATION): 0.0 | GAMMA (SCALE): 1.0 | VAIRANCE: 1.0
2023-10-28 10:36:43,036 | INFO | hi-lo.cauchy-kernel : TOP-LEFT
tensor([[0.2703, 0.1351, 0.0901],
        [0.1351, 0.0901, 0.0676],
        [0.0901, 0.0676, 0.0541]])
2023-10-28 10:36:43,036 | INFO | hi-lo.kernel-accessor : Fetching kernel: cauchy
2023-10-28 10:36:43,037 | INFO | hi-lo.cauchy-kernel : CHI (LOCATION): 0.0 | GAMMA (SCALE): 1.0 | VAIRANCE: 1.0
2023-10-28 10:36:43,037 | INFO | hi-lo.cauchy-kernel : TOP-LEFT
tensor([[0.2703, 0.1351, 0.0901],
        [0.1351, 0.0901, 0.0676],
        [0.0901, 0.0676, 0.0541]])
2023-10-28 10:36:43,037 | INFO | hi-lo.kernel-accessor : Fetching kernel: cauchy
2023-10-28 10:36:43,037 | INFO | hi-lo.cauchy-kernel : CHI (LOCATION): 0.0 | GAMMA (SCALE): 1.0 | VAIRANCE: 1.0
2023-10-28 10:36:43,037 | INFO | hi-lo.cauchy-kernel : TOP-LEFT
tensor([[0.2703, 0.1351, 0.0901],
        [0.1351, 0.0901, 0.0676],
        [0.0901, 0.0676, 0.0541]])
2023-10-28 10:36:43,037 | INFO | hi-lo.kernel-accessor : Fetching kernel: cauchy
2023-10-28 10:36:43,038 | INFO | hi-lo.cauchy-kernel : CHI (LOCATION): 0.0 | GAMMA (SCALE): 1.0 | VAIRANCE: 1.0
2023-10-28 10:36:43,038 | INFO | hi-lo.cauchy-kernel : TOP-LEFT
tensor([[0.2703, 0.1351, 0.0901],
        [0.1351, 0.0901, 0.0676],
        [0.0901, 0.0676, 0.0541]])
2023-10-28 10:36:43,038 | INFO | hi-lo.kernel-accessor : Fetching kernel: cauchy
2023-10-28 10:36:43,038 | INFO | hi-lo.cauchy-kernel : CHI (LOCATION): 0.0 | GAMMA (SCALE): 1.0 | VAIRANCE: 1.0
2023-10-28 10:36:43,038 | INFO | hi-lo.cauchy-kernel : TOP-LEFT
tensor([[0.2703, 0.1351, 0.0901],
        [0.1351, 0.0901, 0.0676],
        [0.0901, 0.0676, 0.0541]])
2023-10-28 10:36:44,215 | ERROR | hi-lo : An error occurred: Calculated padded input size per channel: (2 x 2). Kernel size: (3 x 3). Kernel size can't be greater than actual input size
