2023-12-29 04:44:01,365 | INFO | hilo : 
+==============================================================+
|                                                              |
| ██████╗  █████╗ ██████╗ ██╗         ██╗      █████╗ ██████╗  |
| ██╔══██╗██╔══██╗██╔══██╗██║         ██║     ██╔══██╗██╔══██╗ |
| ██║  ██║███████║██║  ██║██║         ██║     ███████║██████╔╝ |
| ██║  ██║██╔══██║██║  ██║██║         ██║     ██╔══██║██╔══██╗ |
| ██████╔╝██║  ██║██████╔╝███████╗    ███████╗██║  ██║██████╔╝ |
| ╚═════╝ ╚═╝  ╚═╝╚═════╝ ╚══════╝    ╚══════╝╚═╝  ╚═╝╚═════╝  |
+==============================================================+
|             Hi-Lo Resolution Image Classification            |
|             -------------------------------------            |
|                       Gabriel C. Trahan                      |
|                          Sahan Ahmad                         |
|                       MD  Aminual Islam                      |
+==============================================================+
2023-12-29 04:44:02,973 | INFO | hilo.dataset-accessor : Fetching dataset: cifar10
2023-12-29 04:44:02,973 | INFO | hilo.cifar10-dataset : Initializing transform
2023-12-29 04:44:02,973 | INFO | hilo.cifar10-dataset : Verifying/downloading train data
2023-12-29 04:44:03,578 | INFO | hilo.cifar10-dataset : Verifying/downloading test data
2023-12-29 04:44:04,061 | INFO | hilo.cifar10-dataset : Creating train data loader.
2023-12-29 04:44:04,061 | INFO | hilo.cifar10-dataset : Creating test data loader.
2023-12-29 04:44:04,089 | INFO | hilo : Output directory: output/normal/cifar10/gumbel/9/20231229_044402/
2023-12-29 04:44:04,131 | INFO | hilo : Using device: NVIDIA GeForce GTX 1060 6GB
2023-12-29 04:44:05,073 | INFO | hilo : Exeucting job: MODEL normal | DATASET cifar10 | KERNEL gumbel | TYPE 9
2023-12-29 04:44:05,073 | INFO | hilo : Commencing training phase...
2023-12-29 04:44:05,073 | INFO | hilo.kernel-accessor : Fetching kernel: gumbel
2023-12-29 04:44:05,074 | INFO | hilo.gumbel-kernel : Calculating Gumbel distribution (location: 0.0, scale 1.0)
2023-12-29 04:44:05,074 | INFO | hilo.gumbel-kernel : BOTTOM-LEFT:
tensor([[2.0072e-04, 2.2609e-10, 8.5377e-26],
        [5.8259e-02, 2.0072e-04, 2.2609e-10],
        [8.8288e-01, 5.8259e-02, 2.0072e-04]])
2023-12-29 04:44:05,075 | INFO | hilo.kernel-accessor : Fetching kernel: gumbel
2023-12-29 04:44:05,075 | INFO | hilo.gumbel-kernel : Calculating Gumbel distribution (location: 0.0, scale 1.0)
2023-12-29 04:44:05,075 | INFO | hilo.gumbel-kernel : BOTTOM-LEFT:
tensor([[2.0072e-04, 2.2609e-10, 8.5377e-26],
        [5.8259e-02, 2.0072e-04, 2.2609e-10],
        [8.8288e-01, 5.8259e-02, 2.0072e-04]])
2023-12-29 04:44:05,075 | INFO | hilo.kernel-accessor : Fetching kernel: gumbel
2023-12-29 04:44:05,075 | INFO | hilo.gumbel-kernel : Calculating Gumbel distribution (location: 0.0, scale 1.0)
2023-12-29 04:44:05,076 | INFO | hilo.gumbel-kernel : TOP-LEFT:
tensor([[8.8288e-01, 5.8259e-02, 2.0072e-04],
        [5.8259e-02, 2.0072e-04, 2.2609e-10],
        [2.0072e-04, 2.2609e-10, 8.5377e-26]])
2023-12-29 04:44:05,076 | INFO | hilo.kernel-accessor : Fetching kernel: gumbel
2023-12-29 04:44:05,076 | INFO | hilo.gumbel-kernel : Calculating Gumbel distribution (location: 0.0, scale 1.0)
2023-12-29 04:44:05,076 | INFO | hilo.gumbel-kernel : STATIC:
tensor([[8.8288e-01, 5.8259e-02, 2.0072e-04],
        [5.8259e-02, 2.0072e-04, 2.2609e-10],
        [2.0072e-04, 2.2609e-10, 8.5377e-26]])
2023-12-29 04:44:14,276 | INFO | hilo : Epoch   1/200 | Accuracy:  48.4375 | Loss:   1.5840
2023-12-29 04:44:14,277 | INFO | hilo.kernel-accessor : Fetching kernel: gumbel
2023-12-29 04:44:14,277 | INFO | hilo.gumbel-kernel : Calculating Gumbel distribution (location: -0.008441822603344917, scale 0.492053359746933)
2023-12-29 04:44:14,278 | INFO | hilo.gumbel-kernel : TOP-LEFT:
tensor([[9.9973e-01, 1.3698e-04, 3.2146e-28],
        [1.3698e-04, 3.2147e-28, 0.0000e+00],
        [3.2146e-28, 0.0000e+00, 0.0000e+00]])
2023-12-29 04:44:14,278 | INFO | hilo.kernel-accessor : Fetching kernel: gumbel
2023-12-29 04:44:14,279 | INFO | hilo.gumbel-kernel : Calculating Gumbel distribution (location: -0.43376147747039795, scale 0.6790744662284851)
2023-12-29 04:44:14,279 | INFO | hilo.gumbel-kernel : BOTTOM-LEFT:
tensor([[4.4955e-30, 0.0000e+00, 0.0000e+00],
        [1.3316e-06, 4.4956e-30, 0.0000e+00],
        [1.0000e+00, 1.3316e-06, 4.4955e-30]])
2023-12-29 04:44:14,279 | INFO | hilo.kernel-accessor : Fetching kernel: gumbel
2023-12-29 04:44:14,280 | INFO | hilo.gumbel-kernel : Calculating Gumbel distribution (location: -0.9764550924301147, scale 1.217643141746521)
2023-12-29 04:44:14,280 | INFO | hilo.gumbel-kernel : STATIC:
tensor([[9.9844e-01, 7.8165e-04, 1.9294e-10],
        [7.8165e-04, 1.9294e-10, 5.2257e-25],
        [1.9294e-10, 5.2257e-25, 0.0000e+00]])
2023-12-29 04:44:14,280 | INFO | hilo.kernel-accessor : Fetching kernel: gumbel
2023-12-29 04:44:14,281 | INFO | hilo.gumbel-kernel : Calculating Gumbel distribution (location: -0.7439326643943787, scale 0.9505676031112671)
2023-12-29 04:44:14,281 | INFO | hilo.gumbel-kernel : STATIC:
tensor([[9.9991e-01, 4.6962e-05, 1.3482e-16],
        [4.6962e-05, 1.3482e-16, 0.0000e+00],
        [1.3482e-16, 0.0000e+00, 0.0000e+00]])
2023-12-29 04:44:22,618 | INFO | hilo : Epoch   2/200 | Accuracy:  51.5625 | Loss:   1.2069
2023-12-29 04:44:22,618 | INFO | hilo.kernel-accessor : Fetching kernel: gumbel
2023-12-29 04:44:22,619 | INFO | hilo.gumbel-kernel : Calculating Gumbel distribution (location: -0.01646064594388008, scale 0.5175279974937439)
2023-12-29 04:44:22,619 | INFO | hilo.gumbel-kernel : BOTTOM-LEFT:
tensor([[5.2090e-24, 0.0000e+00, 0.0000e+00],
        [2.6767e-04, 5.2090e-24, 0.0000e+00],
        [9.9946e-01, 2.6767e-04, 5.2090e-24]])
2023-12-29 04:44:22,620 | INFO | hilo.kernel-accessor : Fetching kernel: gumbel
2023-12-29 04:44:22,620 | INFO | hilo.gumbel-kernel : Calculating Gumbel distribution (location: -0.5902677178382874, scale 0.8040108680725098)
2023-12-29 04:44:22,621 | INFO | hilo.gumbel-kernel : TOP-LEFT:
tensor([[9.9999e-01, 6.3800e-06, 1.3124e-22],
        [6.3800e-06, 1.3124e-22, 0.0000e+00],
        [1.3124e-22, 0.0000e+00, 0.0000e+00]])
2023-12-29 04:44:22,621 | INFO | hilo.kernel-accessor : Fetching kernel: gumbel
2023-12-29 04:44:22,621 | INFO | hilo.gumbel-kernel : Calculating Gumbel distribution (location: -1.3883978128433228, scale 1.8988029956817627)
2023-12-29 04:44:22,622 | INFO | hilo.gumbel-kernel : TOP-LEFT:
tensor([[9.4376e-01, 2.7966e-02, 1.0411e-04],
        [2.7966e-02, 1.0411e-04, 1.1560e-08],
        [1.0411e-04, 1.1560e-08, 3.3538e-15]])
2023-12-29 04:44:22,622 | INFO | hilo.kernel-accessor : Fetching kernel: gumbel
2023-12-29 04:44:22,622 | INFO | hilo.gumbel-kernel : Calculating Gumbel distribution (location: -1.515639305114746, scale 1.684887170791626)
2023-12-29 04:44:22,623 | INFO | hilo.gumbel-kernel : BOTTOM-LEFT:
tensor([[3.1847e-07, 1.8800e-14, 2.4903e-27],
        [4.0886e-03, 3.1847e-07, 1.8800e-14],
        [9.9182e-01, 4.0886e-03, 3.1847e-07]])
2023-12-29 04:44:30,919 | INFO | hilo : Epoch   3/200 | Accuracy:  51.7270 | Loss:   1.1409
2023-12-29 04:44:30,920 | INFO | hilo.kernel-accessor : Fetching kernel: gumbel
2023-12-29 04:44:30,920 | INFO | hilo.gumbel-kernel : Calculating Gumbel distribution (location: -0.10674767941236496, scale 0.5165683031082153)
2023-12-29 04:44:30,921 | INFO | hilo.gumbel-kernel : STATIC:
tensor([[9.9996e-01, 1.8445e-05, 2.7809e-33],
        [1.8445e-05, 2.7809e-33, 0.0000e+00],
        [2.7809e-33, 0.0000e+00, 0.0000e+00]])
2023-12-29 04:44:30,921 | INFO | hilo.kernel-accessor : Fetching kernel: gumbel
2023-12-29 04:44:30,922 | INFO | hilo.gumbel-kernel : Calculating Gumbel distribution (location: -0.6841949224472046, scale 0.8630412817001343)
2023-12-29 04:44:30,922 | INFO | hilo.gumbel-kernel : STATIC:
tensor([[9.9999e-01, 7.2864e-06, 3.9408e-21],
        [7.2864e-06, 3.9409e-21, 0.0000e+00],
        [3.9408e-21, 0.0000e+00, 0.0000e+00]])
2023-12-29 04:44:30,922 | INFO | hilo.kernel-accessor : Fetching kernel: gumbel
2023-12-29 04:44:30,923 | INFO | hilo.gumbel-kernel : Calculating Gumbel distribution (location: -1.7402408123016357, scale 2.2511487007141113)
2023-12-29 04:44:30,923 | INFO | hilo.gumbel-kernel : STATIC:
tensor([[9.1371e-01, 4.2461e-02, 4.5464e-04],
        [4.2461e-02, 4.5464e-04, 4.9351e-07],
        [4.5464e-04, 4.9351e-07, 1.5099e-11]])
2023-12-29 04:44:30,923 | INFO | hilo.kernel-accessor : Fetching kernel: gumbel
2023-12-29 04:44:30,924 | INFO | hilo.gumbel-kernel : Calculating Gumbel distribution (location: -1.3540738821029663, scale 1.6197789907455444)
2023-12-29 04:44:30,924 | INFO | hilo.gumbel-kernel : TOP-LEFT:
tensor([[9.8868e-01, 5.6601e-03, 6.6777e-07],
        [5.6601e-03, 6.6777e-07, 5.8960e-14],
        [6.6777e-07, 5.8960e-14, 8.3371e-27]])
2023-12-29 04:44:39,065 | INFO | hilo : Epoch   4/200 | Accuracy:  54.2459 | Loss:   1.2243
2023-12-29 04:44:39,065 | INFO | hilo.kernel-accessor : Fetching kernel: gumbel
2023-12-29 04:44:39,066 | INFO | hilo.gumbel-kernel : Calculating Gumbel distribution (location: -0.06518872082233429, scale 0.4775914251804352)
2023-12-29 04:44:39,067 | INFO | hilo.gumbel-kernel : BOTTOM-LEFT:
tensor([[1.4646e-39, 0.0000e+00, 0.0000e+00],
        [1.0719e-05, 1.4646e-39, 0.0000e+00],
        [9.9998e-01, 1.0719e-05, 1.4646e-39]])
2023-12-29 04:44:39,067 | INFO | hilo.kernel-accessor : Fetching kernel: gumbel
2023-12-29 04:44:39,068 | INFO | hilo.gumbel-kernel : Calculating Gumbel distribution (location: -0.7039593458175659, scale 0.8782042264938354)
2023-12-29 04:44:39,068 | INFO | hilo.gumbel-kernel : STATIC:
tensor([[9.9998e-01, 8.4123e-06, 1.3392e-20],
        [8.4123e-06, 1.3392e-20, 0.0000e+00],
        [1.3392e-20, 0.0000e+00, 0.0000e+00]])
2023-12-29 04:44:39,068 | INFO | hilo.kernel-accessor : Fetching kernel: gumbel
2023-12-29 04:44:39,069 | INFO | hilo.gumbel-kernel : Calculating Gumbel distribution (location: -1.7981337308883667, scale 2.123563289642334)
2023-12-29 04:44:39,069 | INFO | hilo.gumbel-kernel : BOTTOM-LEFT:
tensor([[7.5030e-05, 1.0654e-08, 9.7404e-15],
        [2.2631e-02, 7.5030e-05, 1.0654e-08],
        [9.5451e-01, 2.2631e-02, 7.5030e-05]])
2023-12-29 04:44:39,070 | INFO | hilo.kernel-accessor : Fetching kernel: gumbel
2023-12-29 04:44:39,070 | INFO | hilo.gumbel-kernel : Calculating Gumbel distribution (location: -1.3118751049041748, scale 1.6071919202804565)
2023-12-29 04:44:39,071 | INFO | hilo.gumbel-kernel : TOP-LEFT:
tensor([[9.8719e-01, 6.4033e-03, 9.1901e-07],
        [6.4033e-03, 9.1901e-07, 1.0883e-13],
        [9.1901e-07, 1.0883e-13, 2.3203e-26]])
2023-12-29 04:44:47,417 | INFO | hilo : Epoch   5/200 | Accuracy:  56.2500 | Loss:   1.3093
2023-12-29 04:44:47,417 | INFO | hilo.kernel-accessor : Fetching kernel: gumbel
2023-12-29 04:44:47,417 | INFO | hilo.gumbel-kernel : Calculating Gumbel distribution (location: 0.03207499533891678, scale 0.47977861762046814)
2023-12-29 04:44:47,418 | INFO | hilo.gumbel-kernel : BOTTOM-LEFT:
tensor([[1.0374e-26, 0.0000e+00, 0.0000e+00],
        [2.6315e-04, 1.0374e-26, 0.0000e+00],
        [9.9947e-01, 2.6315e-04, 1.0374e-26]])
2023-12-29 04:44:47,419 | INFO | hilo.kernel-accessor : Fetching kernel: gumbel
2023-12-29 04:44:47,419 | INFO | hilo.gumbel-kernel : Calculating Gumbel distribution (location: -0.7691994905471802, scale 0.8868808150291443)
2023-12-29 04:44:47,419 | INFO | hilo.gumbel-kernel : BOTTOM-LEFT:
tensor([[1.0297e-22, 0.0000e+00, 0.0000e+00],
        [2.3522e-06, 1.0296e-22, 0.0000e+00],
        [1.0000e+00, 2.3522e-06, 1.0297e-22]])
2023-12-29 04:44:47,420 | INFO | hilo.kernel-accessor : Fetching kernel: gumbel
2023-12-29 04:44:47,420 | INFO | hilo.gumbel-kernel : Calculating Gumbel distribution (location: -1.8096462488174438, scale 2.3574397563934326)
2023-12-29 04:44:47,420 | INFO | hilo.gumbel-kernel : TOP-LEFT:
tensor([[8.9670e-01, 5.0483e-02, 7.7768e-04],
        [5.0483e-02, 7.7768e-04, 1.6529e-06],
        [7.7768e-04, 1.6529e-06, 1.7021e-10]])
2023-12-29 04:44:47,421 | INFO | hilo.kernel-accessor : Fetching kernel: gumbel
2023-12-29 04:44:47,421 | INFO | hilo.gumbel-kernel : Calculating Gumbel distribution (location: -1.997773289680481, scale 2.1692066192626953)
2023-12-29 04:44:47,421 | INFO | hilo.gumbel-kernel : TOP-LEFT:
tensor([[9.6953e-01, 1.5196e-02, 2.7363e-05],
        [1.5196e-02, 2.7363e-05, 1.5939e-09],
        [2.7363e-05, 1.5939e-09, 4.0267e-16]])
2023-12-29 04:44:55,709 | INFO | hilo : Epoch   6/200 | Accuracy:  57.8125 | Loss:   1.3272
2023-12-29 04:44:55,709 | INFO | hilo.kernel-accessor : Fetching kernel: gumbel
2023-12-29 04:44:55,709 | INFO | hilo.gumbel-kernel : Calculating Gumbel distribution (location: -0.062140315771102905, scale 0.4920482933521271)
2023-12-29 04:44:55,710 | INFO | hilo.gumbel-kernel : TOP-LEFT:
tensor([[9.9995e-01, 2.5682e-05, 1.7001e-34],
        [2.5682e-05, 1.7001e-34, 0.0000e+00],
        [1.7001e-34, 0.0000e+00, 0.0000e+00]])
2023-12-29 04:44:55,710 | INFO | hilo.kernel-accessor : Fetching kernel: gumbel
2023-12-29 04:44:55,711 | INFO | hilo.gumbel-kernel : Calculating Gumbel distribution (location: -0.6824027895927429, scale 0.8789284825325012)
2023-12-29 04:44:55,711 | INFO | hilo.gumbel-kernel : TOP-LEFT:
tensor([[9.9997e-01, 1.4333e-05, 1.2384e-19],
        [1.4333e-05, 1.2384e-19, 0.0000e+00],
        [1.2384e-19, 0.0000e+00, 0.0000e+00]])
2023-12-29 04:44:55,711 | INFO | hilo.kernel-accessor : Fetching kernel: gumbel
2023-12-29 04:44:55,712 | INFO | hilo.gumbel-kernel : Calculating Gumbel distribution (location: -2.00307559967041, scale 2.7059900760650635)
2023-12-29 04:44:55,712 | INFO | hilo.gumbel-kernel : STATIC:
tensor([[8.2953e-01, 8.0348e-02, 3.2329e-03],
        [8.0348e-02, 3.2329e-03, 3.6484e-05],
        [3.2329e-03, 3.6484e-05, 6.5414e-08]])
2023-12-29 04:44:55,712 | INFO | hilo.kernel-accessor : Fetching kernel: gumbel
2023-12-29 04:44:55,713 | INFO | hilo.gumbel-kernel : Calculating Gumbel distribution (location: -2.2567644119262695, scale 2.6425280570983887)
2023-12-29 04:44:55,713 | INFO | hilo.gumbel-kernel : STATIC:
tensor([[9.0012e-01, 4.8709e-02, 8.2008e-04],
        [4.8709e-02, 8.2008e-04, 2.5107e-06],
        [8.2008e-04, 2.5107e-06, 6.3815e-10]])
2023-12-29 04:45:04,052 | INFO | hilo : Epoch   7/200 | Accuracy:  58.3333 | Loss:   1.4268
2023-12-29 04:45:04,052 | INFO | hilo.kernel-accessor : Fetching kernel: gumbel
2023-12-29 04:45:04,052 | INFO | hilo.gumbel-kernel : Calculating Gumbel distribution (location: 0.011692123487591743, scale 0.45191332697868347)
2023-12-29 04:45:04,053 | INFO | hilo.gumbel-kernel : STATIC:
tensor([[9.9990e-01, 4.8027e-05, 1.0680e-36],
        [4.8027e-05, 1.0680e-36, 0.0000e+00],
        [1.0680e-36, 0.0000e+00, 0.0000e+00]])
2023-12-29 04:45:04,053 | INFO | hilo.kernel-accessor : Fetching kernel: gumbel
2023-12-29 04:45:04,054 | INFO | hilo.gumbel-kernel : Calculating Gumbel distribution (location: -0.6486320495605469, scale 0.954546332359314)
2023-12-29 04:45:04,054 | INFO | hilo.gumbel-kernel : STATIC:
tensor([[9.9948e-01, 2.6061e-04, 1.0997e-13],
        [2.6061e-04, 1.0997e-13, 1.4367e-39],
        [1.0997e-13, 1.4367e-39, 0.0000e+00]])
2023-12-29 04:45:04,055 | INFO | hilo.kernel-accessor : Fetching kernel: gumbel
2023-12-29 04:45:04,055 | INFO | hilo.gumbel-kernel : Calculating Gumbel distribution (location: -2.296783447265625, scale 2.906229019165039)
2023-12-29 04:45:04,055 | INFO | hilo.gumbel-kernel : TOP-LEFT:
tensor([[8.2974e-01, 7.9989e-02, 3.3982e-03],
        [7.9989e-02, 3.3982e-03, 4.5443e-05],
        [3.3982e-03, 4.5443e-05, 1.1898e-07]])
2023-12-29 04:45:04,056 | INFO | hilo.kernel-accessor : Fetching kernel: gumbel
2023-12-29 04:45:04,056 | INFO | hilo.gumbel-kernel : Calculating Gumbel distribution (location: -1.750227928161621, scale 2.0858445167541504)
2023-12-29 04:45:04,057 | INFO | hilo.gumbel-kernel : STATIC:
tensor([[9.5591e-01, 2.1947e-02, 6.6398e-05],
        [2.1947e-02, 6.6398e-05, 7.6094e-09],
        [6.6398e-05, 7.6094e-09, 4.4103e-15]])
2023-12-29 04:45:12,297 | INFO | hilo : Epoch   8/200 | Accuracy:  55.9375 | Loss:   1.2246
2023-12-29 04:45:12,297 | INFO | hilo.kernel-accessor : Fetching kernel: gumbel
2023-12-29 04:45:12,298 | INFO | hilo.gumbel-kernel : Calculating Gumbel distribution (location: 0.02341853454709053, scale 0.4680575728416443)
2023-12-29 04:45:12,299 | INFO | hilo.gumbel-kernel : BOTTOM-LEFT:
tensor([[2.2365e-30, 0.0000e+00, 0.0000e+00],
        [1.3705e-04, 2.2365e-30, 0.0000e+00],
        [9.9973e-01, 1.3705e-04, 2.2365e-30]])
2023-12-29 04:45:12,299 | INFO | hilo.kernel-accessor : Fetching kernel: gumbel
2023-12-29 04:45:12,299 | INFO | hilo.gumbel-kernel : Calculating Gumbel distribution (location: -0.7904306054115295, scale 0.8447411060333252)
2023-12-29 04:45:12,300 | INFO | hilo.gumbel-kernel : STATIC:
tensor([[1.0000e+00, 1.2289e-07, 4.7879e-29],
        [1.2289e-07, 4.7879e-29, 0.0000e+00],
        [4.7879e-29, 0.0000e+00, 0.0000e+00]])
2023-12-29 04:45:12,300 | INFO | hilo.kernel-accessor : Fetching kernel: gumbel
2023-12-29 04:45:12,300 | INFO | hilo.gumbel-kernel : Calculating Gumbel distribution (location: -1.591481328010559, scale 2.148693323135376)
2023-12-29 04:45:12,301 | INFO | hilo.gumbel-kernel : BOTTOM-LEFT:
tensor([[4.1816e-04, 3.5266e-07, 5.9069e-12],
        [4.2331e-02, 4.1816e-04, 3.5266e-07],
        [9.1408e-01, 4.2331e-02, 4.1816e-04]])
2023-12-29 04:45:12,301 | INFO | hilo.kernel-accessor : Fetching kernel: gumbel
2023-12-29 04:45:12,301 | INFO | hilo.gumbel-kernel : Calculating Gumbel distribution (location: -2.02225399017334, scale 2.185173273086548)
2023-12-29 04:45:12,302 | INFO | hilo.gumbel-kernel : STATIC:
tensor([[9.6940e-01, 1.5257e-02, 2.8146e-05],
        [1.5257e-02, 2.8146e-05, 1.7541e-09],
        [2.8146e-05, 1.7541e-09, 5.1711e-16]])
2023-12-29 04:45:20,586 | INFO | hilo : Epoch   9/200 | Accuracy:  56.5505 | Loss:   1.2858
2023-12-29 04:45:20,586 | INFO | hilo.kernel-accessor : Fetching kernel: gumbel
2023-12-29 04:45:20,587 | INFO | hilo.gumbel-kernel : Calculating Gumbel distribution (location: 0.041250843554735184, scale 0.5514051914215088)
2023-12-29 04:45:20,587 | INFO | hilo.gumbel-kernel : BOTTOM-LEFT:
tensor([[5.4384e-16, 0.0000e+00, 0.0000e+00],
        [1.9568e-03, 5.4384e-16, 0.0000e+00],
        [9.9609e-01, 1.9568e-03, 5.4384e-16]])
2023-12-29 04:45:20,588 | INFO | hilo.kernel-accessor : Fetching kernel: gumbel
2023-12-29 04:45:20,588 | INFO | hilo.gumbel-kernel : Calculating Gumbel distribution (location: -0.6977218389511108, scale 0.9777863621711731)
2023-12-29 04:45:20,589 | INFO | hilo.gumbel-kernel : TOP-LEFT:
tensor([[9.9957e-01, 2.1537e-04, 8.4762e-14],
        [2.1537e-04, 8.4763e-14, 3.6835e-39],
        [8.4762e-14, 3.6835e-39, 0.0000e+00]])
2023-12-29 04:45:20,589 | INFO | hilo.kernel-accessor : Fetching kernel: gumbel
2023-12-29 04:45:20,589 | INFO | hilo.gumbel-kernel : Calculating Gumbel distribution (location: -2.5082712173461914, scale 2.9790406227111816)
2023-12-29 04:45:20,590 | INFO | hilo.gumbel-kernel : BOTTOM-LEFT:
tensor([[2.5093e-03, 2.6770e-05, 5.3371e-08],
        [7.0918e-02, 2.5093e-03, 2.6770e-05],
        [8.5058e-01, 7.0918e-02, 2.5093e-03]])
2023-12-29 04:45:20,590 | INFO | hilo.kernel-accessor : Fetching kernel: gumbel
2023-12-29 04:45:20,590 | INFO | hilo.gumbel-kernel : Calculating Gumbel distribution (location: -2.1149725914001465, scale 2.3999359607696533)
2023-12-29 04:45:20,591 | INFO | hilo.gumbel-kernel : BOTTOM-LEFT:
tensor([[2.0798e-04, 1.3396e-07, 2.3987e-12],
        [3.0432e-02, 2.0798e-04, 1.3396e-07],
        [9.3851e-01, 3.0432e-02, 2.0798e-04]])
2023-12-29 04:45:28,810 | INFO | hilo : Epoch  10/200 | Accuracy:  54.6228 | Loss:   1.3075
2023-12-29 04:45:28,810 | INFO | hilo.kernel-accessor : Fetching kernel: gumbel
2023-12-29 04:45:28,811 | INFO | hilo.gumbel-kernel : Calculating Gumbel distribution (location: 0.021385937929153442, scale 0.5257399082183838)
2023-12-29 04:45:28,812 | INFO | hilo.gumbel-kernel : BOTTOM-LEFT:
tensor([[5.9743e-20, 0.0000e+00, 0.0000e+00],
        [7.7852e-04, 5.9743e-20, 0.0000e+00],
        [9.9844e-01, 7.7852e-04, 5.9743e-20]])
2023-12-29 04:45:28,812 | INFO | hilo.kernel-accessor : Fetching kernel: gumbel
2023-12-29 04:45:28,812 | INFO | hilo.gumbel-kernel : Calculating Gumbel distribution (location: -0.7300440669059753, scale 0.9653533101081848)
2023-12-29 04:45:28,813 | INFO | hilo.gumbel-kernel : TOP-LEFT:
tensor([[9.9981e-01, 9.2857e-05, 2.6584e-15],
        [9.2857e-05, 2.6584e-15, 0.0000e+00],
        [2.6584e-15, 0.0000e+00, 0.0000e+00]])
2023-12-29 04:45:28,813 | INFO | hilo.kernel-accessor : Fetching kernel: gumbel
2023-12-29 04:45:28,813 | INFO | hilo.gumbel-kernel : Calculating Gumbel distribution (location: -2.1173534393310547, scale 2.642545223236084)
2023-12-29 04:45:28,814 | INFO | hilo.gumbel-kernel : STATIC:
tensor([[8.7361e-01, 6.0958e-02, 1.4875e-03],
        [6.0958e-02, 1.4875e-03, 7.8300e-06],
        [1.4875e-03, 7.8300e-06, 4.3902e-09]])
2023-12-29 04:45:28,814 | INFO | hilo.kernel-accessor : Fetching kernel: gumbel
2023-12-29 04:45:28,814 | INFO | hilo.gumbel-kernel : Calculating Gumbel distribution (location: -2.1838619709014893, scale 2.4600281715393066)
2023-12-29 04:45:28,815 | INFO | hilo.gumbel-kernel : TOP-LEFT:
tensor([[9.3477e-01, 3.2236e-02, 2.5181e-04],
        [3.2236e-02, 2.5181e-04, 2.1157e-07],
        [2.5181e-04, 2.1157e-07, 6.2485e-12]])
2023-12-29 04:45:37,113 | INFO | hilo : Epoch  11/200 | Accuracy:  54.6875 | Loss:   1.4973
2023-12-29 04:45:37,113 | INFO | hilo.kernel-accessor : Fetching kernel: gumbel
2023-12-29 04:45:37,113 | INFO | hilo.gumbel-kernel : Calculating Gumbel distribution (location: -0.037559982389211655, scale 0.5124799609184265)
2023-12-29 04:45:37,114 | INFO | hilo.gumbel-kernel : STATIC:
tensor([[9.9974e-01, 1.3071e-04, 7.9631e-27],
        [1.3071e-04, 7.9631e-27, 0.0000e+00],
        [7.9631e-27, 0.0000e+00, 0.0000e+00]])
2023-12-29 04:45:37,114 | INFO | hilo.kernel-accessor : Fetching kernel: gumbel
2023-12-29 04:45:37,115 | INFO | hilo.gumbel-kernel : Calculating Gumbel distribution (location: -0.7840580940246582, scale 1.0463807582855225)
2023-12-29 04:45:37,115 | INFO | hilo.gumbel-kernel : STATIC:
tensor([[9.9940e-01, 2.9785e-04, 9.3288e-13],
        [2.9785e-04, 9.3288e-13, 3.3081e-34],
        [9.3288e-13, 3.3081e-34, 0.0000e+00]])
2023-12-29 04:45:37,116 | INFO | hilo.kernel-accessor : Fetching kernel: gumbel
2023-12-29 04:45:37,116 | INFO | hilo.gumbel-kernel : Calculating Gumbel distribution (location: -2.656104564666748, scale 3.2114946842193604)
2023-12-29 04:45:37,117 | INFO | hilo.gumbel-kernel : BOTTOM-LEFT:
tensor([[4.7415e-03, 9.8722e-05, 5.5982e-07],
        [8.7839e-02, 4.7415e-03, 9.8722e-05],
        [8.0990e-01, 8.7839e-02, 4.7415e-03]])
2023-12-29 04:45:37,117 | INFO | hilo.kernel-accessor : Fetching kernel: gumbel
2023-12-29 04:45:37,117 | INFO | hilo.gumbel-kernel : Calculating Gumbel distribution (location: -2.790616989135742, scale 2.767646551132202)
2023-12-29 04:45:37,118 | INFO | hilo.gumbel-kernel : STATIC:
tensor([[9.4923e-01, 2.5145e-02, 1.6051e-04],
        [2.5145e-02, 1.6051e-04, 1.3292e-07],
        [1.6051e-04, 1.3292e-07, 5.8699e-12]])
2023-12-29 04:45:45,368 | INFO | hilo : Epoch  12/200 | Accuracy:  65.2344 | Loss:   1.2155
2023-12-29 04:45:45,369 | INFO | hilo.kernel-accessor : Fetching kernel: gumbel
2023-12-29 04:45:45,369 | INFO | hilo.gumbel-kernel : Calculating Gumbel distribution (location: 0.033469308167696, scale 0.4846098721027374)
2023-12-29 04:45:45,370 | INFO | hilo.gumbel-kernel : BOTTOM-LEFT:
tensor([[1.3667e-25, 0.0000e+00, 0.0000e+00],
        [3.1879e-04, 1.3667e-25, 0.0000e+00],
        [9.9936e-01, 3.1879e-04, 1.3667e-25]])
2023-12-29 04:45:45,370 | INFO | hilo.kernel-accessor : Fetching kernel: gumbel
2023-12-29 04:45:45,371 | INFO | hilo.gumbel-kernel : Calculating Gumbel distribution (location: -0.741004467010498, scale 0.9424644112586975)
2023-12-29 04:45:45,371 | INFO | hilo.gumbel-kernel : TOP-LEFT:
tensor([[9.9992e-01, 3.8480e-05, 5.0116e-17],
        [3.8480e-05, 5.0116e-17, 0.0000e+00],
        [5.0116e-17, 0.0000e+00, 0.0000e+00]])
2023-12-29 04:45:45,371 | INFO | hilo.kernel-accessor : Fetching kernel: gumbel
2023-12-29 04:45:45,372 | INFO | hilo.gumbel-kernel : Calculating Gumbel distribution (location: -2.1153788566589355, scale 2.5305874347686768)
2023-12-29 04:45:45,372 | INFO | hilo.gumbel-kernel : STATIC:
tensor([[9.0546e-01, 4.6251e-02, 6.7690e-04],
        [4.6251e-02, 6.7690e-04, 1.5488e-06],
        [6.7690e-04, 1.5488e-06, 2.2541e-10]])
2023-12-29 04:45:45,373 | INFO | hilo.kernel-accessor : Fetching kernel: gumbel
2023-12-29 04:45:45,373 | INFO | hilo.gumbel-kernel : Calculating Gumbel distribution (location: -2.33782696723938, scale 2.511594533920288)
2023-12-29 04:45:45,373 | INFO | hilo.gumbel-kernel : TOP-LEFT:
tensor([[9.4493e-01, 2.7280e-02, 1.6901e-04],
        [2.7280e-02, 1.6901e-04, 1.0586e-07],
        [1.6901e-04, 1.0586e-07, 2.1852e-12]])
2023-12-29 04:45:53,852 | INFO | hilo : Epoch  13/200 | Accuracy:  59.3750 | Loss:   1.1212
2023-12-29 04:45:53,852 | INFO | hilo.kernel-accessor : Fetching kernel: gumbel
2023-12-29 04:45:53,853 | INFO | hilo.gumbel-kernel : Calculating Gumbel distribution (location: -0.0998113751411438, scale 0.5060398578643799)
2023-12-29 04:45:53,854 | INFO | hilo.gumbel-kernel : TOP-LEFT:
tensor([[9.9997e-01, 1.3723e-05, 2.4490e-35],
        [1.3723e-05, 2.4490e-35, 0.0000e+00],
        [2.4490e-35, 0.0000e+00, 0.0000e+00]])
2023-12-29 04:45:53,854 | INFO | hilo.kernel-accessor : Fetching kernel: gumbel
2023-12-29 04:45:53,854 | INFO | hilo.gumbel-kernel : Calculating Gumbel distribution (location: -0.7964462637901306, scale 0.9713953137397766)
2023-12-29 04:45:53,855 | INFO | hilo.gumbel-kernel : BOTTOM-LEFT:
tensor([[6.3260e-17, 0.0000e+00, 0.0000e+00],
        [3.3483e-05, 6.3260e-17, 0.0000e+00],
        [9.9993e-01, 3.3483e-05, 6.3260e-17]])
2023-12-29 04:45:53,855 | INFO | hilo.kernel-accessor : Fetching kernel: gumbel
2023-12-29 04:45:53,855 | INFO | hilo.gumbel-kernel : Calculating Gumbel distribution (location: -2.205690860748291, scale 2.485400915145874)
2023-12-29 04:45:53,856 | INFO | hilo.gumbel-kernel : BOTTOM-LEFT:
tensor([[2.8377e-04, 2.7564e-07, 1.0520e-11],
        [3.3538e-02, 2.8377e-04, 2.7564e-07],
        [9.3207e-01, 3.3538e-02, 2.8377e-04]])
2023-12-29 04:45:53,856 | INFO | hilo.kernel-accessor : Fetching kernel: gumbel
2023-12-29 04:45:53,856 | INFO | hilo.gumbel-kernel : Calculating Gumbel distribution (location: -2.2776803970336914, scale 2.33286714553833)
2023-12-29 04:45:53,857 | INFO | hilo.gumbel-kernel : TOP-LEFT:
tensor([[9.7081e-01, 1.4551e-02, 2.8969e-05],
        [1.4551e-02, 2.8969e-05, 2.6007e-09],
        [2.8969e-05, 2.6007e-09, 2.0046e-15]])
2023-12-29 04:46:02,346 | INFO | hilo : Epoch  14/200 | Accuracy:  58.3333 | Loss:   1.1362
2023-12-29 04:46:02,346 | INFO | hilo.kernel-accessor : Fetching kernel: gumbel
2023-12-29 04:46:02,347 | INFO | hilo.gumbel-kernel : Calculating Gumbel distribution (location: -0.08544361591339111, scale 0.44959384202957153)
2023-12-29 04:46:02,348 | INFO | hilo.gumbel-kernel : BOTTOM-LEFT:
tensor([[0.0000e+00, 0.0000e+00, 0.0000e+00],
        [6.2603e-07, 0.0000e+00, 0.0000e+00],
        [1.0000e+00, 6.2603e-07, 0.0000e+00]])
2023-12-29 04:46:02,348 | INFO | hilo.kernel-accessor : Fetching kernel: gumbel
2023-12-29 04:46:02,348 | INFO | hilo.gumbel-kernel : Calculating Gumbel distribution (location: -0.8076338171958923, scale 0.9257279634475708)
2023-12-29 04:46:02,349 | INFO | hilo.gumbel-kernel : STATIC:
tensor([[9.9999e-01, 4.9425e-06, 9.5138e-21],
        [4.9425e-06, 9.5138e-21, 0.0000e+00],
        [9.5138e-21, 0.0000e+00, 0.0000e+00]])
2023-12-29 04:46:02,349 | INFO | hilo.kernel-accessor : Fetching kernel: gumbel
2023-12-29 04:46:02,349 | INFO | hilo.gumbel-kernel : Calculating Gumbel distribution (location: -1.8996244668960571, scale 2.588364839553833)
2023-12-29 04:46:02,350 | INFO | hilo.gumbel-kernel : BOTTOM-LEFT:
tensor([[2.4781e-03, 2.0022e-05, 2.0007e-08],
        [7.4112e-02, 2.4781e-03, 2.0022e-05],
        [8.4430e-01, 7.4112e-02, 2.4781e-03]])
2023-12-29 04:46:02,350 | INFO | hilo.kernel-accessor : Fetching kernel: gumbel
2023-12-29 04:46:02,350 | INFO | hilo.gumbel-kernel : Calculating Gumbel distribution (location: -2.8778083324432373, scale 2.6899678707122803)
2023-12-29 04:46:02,351 | INFO | hilo.gumbel-kernel : TOP-LEFT:
tensor([[9.7070e-01, 1.4592e-02, 3.9177e-05],
        [1.4592e-02, 3.9178e-05, 8.6486e-09],
        [3.9177e-05, 8.6486e-09, 5.0971e-14]])
2023-12-29 04:46:10,808 | INFO | hilo : Epoch  15/200 | Accuracy:  65.6250 | Loss:   1.2438
2023-12-29 04:46:10,809 | INFO | hilo.kernel-accessor : Fetching kernel: gumbel
2023-12-29 04:46:10,809 | INFO | hilo.gumbel-kernel : Calculating Gumbel distribution (location: -0.06438146531581879, scale 0.44237393140792847)
2023-12-29 04:46:10,810 | INFO | hilo.gumbel-kernel : STATIC:
tensor([[1.0000e+00, 1.0673e-06, 0.0000e+00],
        [1.0673e-06, 0.0000e+00, 0.0000e+00],
        [0.0000e+00, 0.0000e+00, 0.0000e+00]])
2023-12-29 04:46:10,810 | INFO | hilo.kernel-accessor : Fetching kernel: gumbel
2023-12-29 04:46:10,811 | INFO | hilo.gumbel-kernel : Calculating Gumbel distribution (location: -0.8225737810134888, scale 0.8940617442131042)
2023-12-29 04:46:10,811 | INFO | hilo.gumbel-kernel : TOP-LEFT:
tensor([[1.0000e+00, 7.5851e-07, 1.4191e-24],
        [7.5851e-07, 1.4191e-24, 0.0000e+00],
        [1.4191e-24, 0.0000e+00, 0.0000e+00]])
2023-12-29 04:46:10,811 | INFO | hilo.kernel-accessor : Fetching kernel: gumbel
2023-12-29 04:46:10,812 | INFO | hilo.gumbel-kernel : Calculating Gumbel distribution (location: -2.0615596771240234, scale 2.6086833477020264)
2023-12-29 04:46:10,812 | INFO | hilo.gumbel-kernel : BOTTOM-LEFT:
tensor([[1.5007e-03, 7.7330e-06, 4.0673e-09],
        [6.1482e-02, 1.5007e-03, 7.7330e-06],
        [8.7252e-01, 6.1482e-02, 1.5007e-03]])
2023-12-29 04:46:10,812 | INFO | hilo.kernel-accessor : Fetching kernel: gumbel
2023-12-29 04:46:10,813 | INFO | hilo.gumbel-kernel : Calculating Gumbel distribution (location: -2.377896785736084, scale 2.303978681564331)
2023-12-29 04:46:10,813 | INFO | hilo.gumbel-kernel : TOP-LEFT:
tensor([[9.8239e-01, 8.7945e-03, 7.6827e-06],
        [8.7945e-03, 7.6827e-06, 1.8491e-10],
        [7.6827e-06, 1.8491e-10, 1.7411e-17]])
2023-12-29 04:46:19,261 | INFO | hilo : Epoch  16/200 | Accuracy:  64.0625 | Loss:   1.2689
2023-12-29 04:46:19,261 | INFO | hilo.kernel-accessor : Fetching kernel: gumbel
2023-12-29 04:46:19,262 | INFO | hilo.gumbel-kernel : Calculating Gumbel distribution (location: 0.009096408262848854, scale 0.5408011674880981)
2023-12-29 04:46:19,262 | INFO | hilo.gumbel-kernel : BOTTOM-LEFT:
tensor([[7.2170e-19, 0.0000e+00, 0.0000e+00],
        [8.8678e-04, 7.2170e-19, 0.0000e+00],
        [9.9823e-01, 8.8678e-04, 7.2170e-19]])
2023-12-29 04:46:19,263 | INFO | hilo.kernel-accessor : Fetching kernel: gumbel
2023-12-29 04:46:19,263 | INFO | hilo.gumbel-kernel : Calculating Gumbel distribution (location: -0.8563275933265686, scale 0.9832215905189514)
2023-12-29 04:46:19,263 | INFO | hilo.gumbel-kernel : STATIC:
tensor([[9.9997e-01, 1.5230e-05, 4.3879e-18],
        [1.5230e-05, 4.3879e-18, 0.0000e+00],
        [4.3879e-18, 0.0000e+00, 0.0000e+00]])
2023-12-29 04:46:19,264 | INFO | hilo.kernel-accessor : Fetching kernel: gumbel
2023-12-29 04:46:19,264 | INFO | hilo.gumbel-kernel : Calculating Gumbel distribution (location: -2.0920395851135254, scale 2.7133657932281494)
2023-12-29 04:46:19,265 | INFO | hilo.gumbel-kernel : STATIC:
tensor([[8.4660e-01, 7.2951e-02, 2.4846e-03],
        [7.2951e-02, 2.4846e-03, 2.2118e-05],
        [2.4846e-03, 2.2118e-05, 2.8299e-08]])
2023-12-29 04:46:19,265 | INFO | hilo.kernel-accessor : Fetching kernel: gumbel
2023-12-29 04:46:19,265 | INFO | hilo.gumbel-kernel : Calculating Gumbel distribution (location: -2.8341281414031982, scale 2.9513657093048096)
2023-12-29 04:46:19,266 | INFO | hilo.gumbel-kernel : BOTTOM-LEFT:
tensor([[6.2273e-04, 1.9642e-06, 6.9620e-10],
        [4.1581e-02, 6.2273e-04, 1.9642e-06],
        [9.1497e-01, 4.1581e-02, 6.2273e-04]])
2023-12-29 04:46:27,652 | INFO | hilo : Epoch  17/200 | Accuracy:  63.8021 | Loss:   1.1901
2023-12-29 04:46:27,652 | INFO | hilo.kernel-accessor : Fetching kernel: gumbel
2023-12-29 04:46:27,653 | INFO | hilo.gumbel-kernel : Calculating Gumbel distribution (location: -0.005152785684913397, scale 0.49052706360816956)
2023-12-29 04:46:27,653 | INFO | hilo.gumbel-kernel : TOP-LEFT:
tensor([[9.9972e-01, 1.4185e-04, 3.2575e-28],
        [1.4185e-04, 3.2574e-28, 0.0000e+00],
        [3.2575e-28, 0.0000e+00, 0.0000e+00]])
2023-12-29 04:46:27,654 | INFO | hilo.kernel-accessor : Fetching kernel: gumbel
2023-12-29 04:46:27,654 | INFO | hilo.gumbel-kernel : Calculating Gumbel distribution (location: -0.8288336992263794, scale 0.9187904596328735)
2023-12-29 04:46:27,654 | INFO | hilo.gumbel-kernel : TOP-LEFT:
tensor([[1.0000e+00, 2.1436e-06, 2.6824e-22],
        [2.1436e-06, 2.6824e-22, 0.0000e+00],
        [2.6824e-22, 0.0000e+00, 0.0000e+00]])
2023-12-29 04:46:27,655 | INFO | hilo.kernel-accessor : Fetching kernel: gumbel
2023-12-29 04:46:27,655 | INFO | hilo.gumbel-kernel : Calculating Gumbel distribution (location: -2.009694814682007, scale 2.5868194103240967)
2023-12-29 04:46:27,655 | INFO | hilo.gumbel-kernel : BOTTOM-LEFT:
tensor([[1.6103e-03, 8.6876e-06, 4.7840e-09],
        [6.3323e-02, 1.6103e-03, 8.6876e-06],
        [8.6851e-01, 6.3323e-02, 1.6103e-03]])
2023-12-29 04:46:27,656 | INFO | hilo.kernel-accessor : Fetching kernel: gumbel
2023-12-29 04:46:27,656 | INFO | hilo.gumbel-kernel : Calculating Gumbel distribution (location: -2.5258848667144775, scale 2.5050208568573)
2023-12-29 04:46:27,657 | INFO | hilo.gumbel-kernel : TOP-LEFT:
tensor([[9.6733e-01, 1.6267e-02, 4.4835e-05],
        [1.6267e-02, 4.4835e-05, 8.3390e-09],
        [4.4835e-05, 8.3390e-09, 2.7886e-14]])
2023-12-29 04:46:36,165 | INFO | hilo : Epoch  18/200 | Accuracy:  67.1875 | Loss:   1.0059
2023-12-29 04:46:36,165 | INFO | hilo.kernel-accessor : Fetching kernel: gumbel
2023-12-29 04:46:36,165 | INFO | hilo.gumbel-kernel : Calculating Gumbel distribution (location: -0.1436271220445633, scale 0.5149374604225159)
2023-12-29 04:46:36,166 | INFO | hilo.gumbel-kernel : TOP-LEFT:
tensor([[9.9999e-01, 4.2209e-06, 1.5413e-38],
        [4.2209e-06, 1.5413e-38, 0.0000e+00],
        [1.5413e-38, 0.0000e+00, 0.0000e+00]])
2023-12-29 04:46:36,166 | INFO | hilo.kernel-accessor : Fetching kernel: gumbel
2023-12-29 04:46:36,167 | INFO | hilo.gumbel-kernel : Calculating Gumbel distribution (location: -0.7829877734184265, scale 1.0094834566116333)
2023-12-29 04:46:36,167 | INFO | hilo.gumbel-kernel : TOP-LEFT:
tensor([[9.9975e-01, 1.2630e-04, 2.1460e-14],
        [1.2630e-04, 2.1460e-14, 5.6429e-40],
        [2.1460e-14, 5.6429e-40, 0.0000e+00]])
2023-12-29 04:46:36,167 | INFO | hilo.kernel-accessor : Fetching kernel: gumbel
2023-12-29 04:46:36,168 | INFO | hilo.gumbel-kernel : Calculating Gumbel distribution (location: -2.3606178760528564, scale 3.1847362518310547)
2023-12-29 04:46:36,168 | INFO | hilo.gumbel-kernel : TOP-LEFT:
tensor([[7.5599e-01, 1.0880e-01, 8.6004e-03],
        [1.0880e-01, 8.6004e-03, 2.9932e-04],
        [8.6004e-03, 2.9932e-04, 3.3891e-06]])
2023-12-29 04:46:36,169 | INFO | hilo.kernel-accessor : Fetching kernel: gumbel
2023-12-29 04:46:36,169 | INFO | hilo.gumbel-kernel : Calculating Gumbel distribution (location: -2.622997999191284, scale 2.657642126083374)
2023-12-29 04:46:36,170 | INFO | hilo.gumbel-kernel : BOTTOM-LEFT:
tensor([[1.3874e-04, 8.8583e-08, 2.3314e-12],
        [2.4345e-02, 1.3874e-04, 8.8583e-08],
        [9.5089e-01, 2.4345e-02, 1.3874e-04]])
2023-12-29 04:46:44,620 | INFO | hilo : Epoch  19/200 | Accuracy:  57.8125 | Loss:   1.2580
2023-12-29 04:46:44,620 | INFO | hilo.kernel-accessor : Fetching kernel: gumbel
2023-12-29 04:46:44,620 | INFO | hilo.gumbel-kernel : Calculating Gumbel distribution (location: 0.04276084899902344, scale 0.47529950737953186)
2023-12-29 04:46:44,621 | INFO | hilo.gumbel-kernel : STATIC:
tensor([[9.9940e-01, 2.9826e-04, 1.4175e-26],
        [2.9826e-04, 1.4175e-26, 0.0000e+00],
        [1.4175e-26, 0.0000e+00, 0.0000e+00]])
2023-12-29 04:46:44,621 | INFO | hilo.kernel-accessor : Fetching kernel: gumbel
2023-12-29 04:46:44,622 | INFO | hilo.gumbel-kernel : Calculating Gumbel distribution (location: -0.7740331888198853, scale 0.9973040223121643)
2023-12-29 04:46:44,622 | INFO | hilo.gumbel-kernel : BOTTOM-LEFT:
tensor([[8.7962e-15, 1.6315e-41, 0.0000e+00],
        [1.0606e-04, 8.7961e-15, 1.6315e-41],
        [9.9979e-01, 1.0606e-04, 8.7962e-15]])
2023-12-29 04:46:44,623 | INFO | hilo.kernel-accessor : Fetching kernel: gumbel
2023-12-29 04:46:44,623 | INFO | hilo.gumbel-kernel : Calculating Gumbel distribution (location: -2.5394034385681152, scale 3.1607558727264404)
2023-12-29 04:46:44,623 | INFO | hilo.gumbel-kernel : BOTTOM-LEFT:
tensor([[5.2134e-03, 1.1539e-04, 6.9570e-07],
        [9.1305e-02, 5.2134e-03, 1.1539e-04],
        [8.0152e-01, 9.1305e-02, 5.2134e-03]])
2023-12-29 04:46:44,624 | INFO | hilo.kernel-accessor : Fetching kernel: gumbel
2023-12-29 04:46:44,624 | INFO | hilo.gumbel-kernel : Calculating Gumbel distribution (location: -2.430844783782959, scale 2.4929630756378174)
2023-12-29 04:46:44,625 | INFO | hilo.gumbel-kernel : BOTTOM-LEFT:
tensor([[7.5297e-05, 2.1967e-08, 1.4066e-13],
        [2.0010e-02, 7.5297e-05, 2.1967e-08],
        [9.5975e-01, 2.0010e-02, 7.5297e-05]])
2023-12-29 04:46:53,166 | INFO | hilo : Epoch  20/200 | Accuracy:  61.7188 | Loss:   1.3600
2023-12-29 04:46:53,166 | INFO | hilo.kernel-accessor : Fetching kernel: gumbel
2023-12-29 04:46:53,167 | INFO | hilo.gumbel-kernel : Calculating Gumbel distribution (location: 0.016204575076699257, scale 0.48765355348587036)
2023-12-29 04:46:53,167 | INFO | hilo.gumbel-kernel : TOP-LEFT:
tensor([[9.9955e-01, 2.2748e-04, 1.1839e-26],
        [2.2748e-04, 1.1839e-26, 0.0000e+00],
        [1.1839e-26, 0.0000e+00, 0.0000e+00]])
2023-12-29 04:46:53,168 | INFO | hilo.kernel-accessor : Fetching kernel: gumbel
2023-12-29 04:46:53,168 | INFO | hilo.gumbel-kernel : Calculating Gumbel distribution (location: -0.7195370197296143, scale 0.9229356646537781)
2023-12-29 04:46:53,169 | INFO | hilo.gumbel-kernel : BOTTOM-LEFT:
tensor([[1.2332e-17, 0.0000e+00, 0.0000e+00],
        [3.1049e-05, 1.2332e-17, 0.0000e+00],
        [9.9994e-01, 3.1049e-05, 1.2332e-17]])
2023-12-29 04:46:53,169 | INFO | hilo.kernel-accessor : Fetching kernel: gumbel
2023-12-29 04:46:53,169 | INFO | hilo.gumbel-kernel : Calculating Gumbel distribution (location: -2.472191572189331, scale 3.1579816341400146)
2023-12-29 04:46:53,170 | INFO | hilo.gumbel-kernel : STATIC:
tensor([[7.8828e-01, 9.6571e-02, 6.0892e-03],
        [9.6571e-02, 6.0892e-03, 1.5430e-04],
        [6.0892e-03, 1.5430e-04, 1.1188e-06]])
2023-12-29 04:46:53,170 | INFO | hilo.kernel-accessor : Fetching kernel: gumbel
2023-12-29 04:46:53,170 | INFO | hilo.gumbel-kernel : Calculating Gumbel distribution (location: -2.648003101348877, scale 2.573197603225708)
2023-12-29 04:46:53,171 | INFO | hilo.gumbel-kernel : STATIC:
tensor([[9.6804e-01, 1.5913e-02, 4.4711e-05],
        [1.5913e-02, 4.4711e-05, 9.2787e-09],
        [4.4711e-05, 9.2787e-09, 4.1259e-14]])
2023-12-29 04:47:01,812 | INFO | hilo : Epoch  21/200 | Accuracy:  61.0352 | Loss:   1.2707
2023-12-29 04:47:01,812 | INFO | hilo.kernel-accessor : Fetching kernel: gumbel
2023-12-29 04:47:01,813 | INFO | hilo.gumbel-kernel : Calculating Gumbel distribution (location: -0.027939563617110252, scale 0.5154643058776855)
2023-12-29 04:47:01,813 | INFO | hilo.gumbel-kernel : TOP-LEFT:
tensor([[9.9962e-01, 1.8756e-04, 2.2937e-25],
        [1.8756e-04, 2.2937e-25, 0.0000e+00],
