2023-10-25 19:15:21,548 | INFO | hi-lo : 
+=========================================================================+
|  ______     ______   ______    ___         ___        ______   _______  |
| /| ___ \  // ____ \ /| ___ \  /| |        /| |      // ____ \ /| ___  \ |
| /| |//\ \ /| |//| | /| |//\ \ /| |        /| |      /| |//| | /| |//| | |
| /| | /| | /| ____ | /| | /| | /| |        /| |      /| ____ | /| ___  / |
| /| |_// / /| |//| | /| |_// / /| |____    /| |____  /| |//| | /| |//\ \ |
| /|_____/  /|_| /|_| /|_____/  /|______|   /|______| /|_| /|_| /|______/ |
| ///////   ///  ///  //////    ////////    ////////  ///  ///  ////////  |
+=========================================================================+
|                  Hi-Lo Resolution Image Classification                  |
|                  -------------------------------------                  |
|                            Gabriel C. Trahan                            |
|                               Sahan Ahmad                               |
|                            MD  Aminual Islam                            |
+=========================================================================+
| MODEL:                      normal | LR:                            0.1 |
| DISTRO:                     gumbel | KERNEL TYPE:                     9 |
| DATASET:                  imagenet | BATCH SIZE:                     64 |
+=========================================================================+
2023-10-25 19:15:21,548 | INFO | hi-lo : Output directory: output/gumbel//9/normal/imagenet/20231025_191521
2023-10-25 19:15:21,548 | INFO | hi-lo.dataset-accessor : Fetching dataset: imagenet
2023-10-25 19:15:21,548 | INFO | hi-lo.imagenet-dataset : Initializing transform.
2023-10-25 19:15:21,548 | INFO | hi-lo.imagenet-dataset : Verifying/downloading train data.
2023-10-25 19:15:24,643 | INFO | hi-lo.imagenet-dataset : Verifying/downloading test data.
2023-10-25 19:15:24,675 | INFO | hi-lo.imagenet-dataset : Creating train data loader.
2023-10-25 19:15:24,675 | INFO | hi-lo.imagenet-dataset : Creating test data loader.
2023-10-25 19:15:25,692 | INFO | hi-lo : Using device: NVIDIA GeForce GTX 1060 6GB
2023-10-25 19:15:25,692 | INFO | hi-lo : Commencing training phase...
2023-10-25 19:15:25,693 | INFO | hi-lo : BEGIN EPOCH 1 =========================================================================
2023-10-25 19:15:25,693 | INFO | hi-lo.kernel-accessor : Fetching kernel: gumbel
2023-10-25 19:15:25,694 | INFO | hi-lo.gumbel-kernel : MU (LOCATION): 0.0 | BETA (SCALE): 1.0
2023-10-25 19:15:25,694 | INFO | hi-lo.gumbel-kernel : TOP-LEFT
tensor([[8.8288e-01, 5.8259e-02, 2.0072e-04],
        [5.8259e-02, 2.0072e-04, 2.2609e-10],
        [2.0072e-04, 2.2609e-10, 8.5377e-26]])
2023-10-25 19:15:25,694 | INFO | hi-lo.kernel-accessor : Fetching kernel: gumbel
2023-10-25 19:15:25,695 | INFO | hi-lo.gumbel-kernel : MU (LOCATION): 0.0 | BETA (SCALE): 1.0
2023-10-25 19:15:25,695 | INFO | hi-lo.gumbel-kernel : BOTTOM-LEFT
tensor([[2.0072e-04, 2.2609e-10, 8.5377e-26],
        [5.8259e-02, 2.0072e-04, 2.2609e-10],
        [8.8288e-01, 5.8259e-02, 2.0072e-04]])
2023-10-25 19:15:25,695 | INFO | hi-lo.kernel-accessor : Fetching kernel: gumbel
2023-10-25 19:15:25,695 | INFO | hi-lo.gumbel-kernel : MU (LOCATION): 1 | BETA (SCALE): 1
2023-10-25 19:15:25,695 | INFO | hi-lo.gumbel-kernel : STATIC
tensor([[5.6765e-01, 1.6550e-01, 3.2357e-02],
        [1.6550e-01, 3.2357e-02, 2.1352e-03],
        [3.2357e-02, 2.1352e-03, 7.3562e-06]])
2023-10-25 19:15:25,696 | INFO | hi-lo.kernel-accessor : Fetching kernel: gumbel
2023-10-25 19:15:25,696 | INFO | hi-lo.gumbel-kernel : MU (LOCATION): 0.0 | BETA (SCALE): 1.0
2023-10-25 19:15:25,696 | INFO | hi-lo.gumbel-kernel : TOP-LEFT
tensor([[8.8288e-01, 5.8259e-02, 2.0072e-04],
        [5.8259e-02, 2.0072e-04, 2.2609e-10],
        [2.0072e-04, 2.2609e-10, 8.5377e-26]])
2023-10-25 19:15:50,364 | INFO | hi-lo : END EPOCH:   1 | ACCURACY: 1.56 | LOSS: 4.7841057777404785
2023-10-25 19:15:50,364 | INFO | hi-lo : BEGIN EPOCH 2 =========================================================================
2023-10-25 19:15:50,365 | INFO | hi-lo.kernel-accessor : Fetching kernel: gumbel
2023-10-25 19:15:50,365 | INFO | hi-lo.gumbel-kernel : MU (LOCATION): -0.19180580973625183 | BETA (SCALE): 0.46671783924102783
2023-10-25 19:15:50,366 | INFO | hi-lo.gumbel-kernel : TOP-LEFT
tensor([[1.0000e+00, 4.3467e-09, 0.0000e+00],
        [4.3467e-09, 0.0000e+00, 0.0000e+00],
        [0.0000e+00, 0.0000e+00, 0.0000e+00]])
2023-10-25 19:15:50,366 | INFO | hi-lo.kernel-accessor : Fetching kernel: gumbel
2023-10-25 19:15:50,366 | INFO | hi-lo.gumbel-kernel : MU (LOCATION): -0.36912399530410767 | BETA (SCALE): 0.6213513612747192
2023-10-25 19:15:50,367 | INFO | hi-lo.gumbel-kernel : TOP-LEFT
tensor([[1.0000e+00, 3.9972e-07, 2.5561e-36],
        [3.9972e-07, 2.5561e-36, 0.0000e+00],
        [2.5561e-36, 0.0000e+00, 0.0000e+00]])
2023-10-25 19:15:50,367 | INFO | hi-lo.kernel-accessor : Fetching kernel: gumbel
2023-10-25 19:15:50,367 | INFO | hi-lo.gumbel-kernel : MU (LOCATION): 1 | BETA (SCALE): 1
2023-10-25 19:15:50,368 | INFO | hi-lo.gumbel-kernel : STATIC
tensor([[5.6765e-01, 1.6550e-01, 3.2357e-02],
        [1.6550e-01, 3.2357e-02, 2.1352e-03],
        [3.2357e-02, 2.1352e-03, 7.3562e-06]])
2023-10-25 19:15:50,368 | INFO | hi-lo.kernel-accessor : Fetching kernel: gumbel
2023-10-25 19:15:50,368 | INFO | hi-lo.gumbel-kernel : MU (LOCATION): -0.4179878830909729 | BETA (SCALE): 0.7871017456054688
2023-10-25 19:15:50,369 | INFO | hi-lo.gumbel-kernel : BOTTOM-LEFT
tensor([[1.6194e-16, 0.0000e+00, 0.0000e+00],
        [1.6946e-04, 1.6194e-16, 0.0000e+00],
        [9.9966e-01, 1.6946e-04, 1.6194e-16]])
2023-10-25 19:16:14,347 | INFO | hi-lo : END EPOCH:   2 | ACCURACY: 0.28 | LOSS: 4.52379035949707
2023-10-25 19:16:14,347 | INFO | hi-lo : BEGIN EPOCH 3 =========================================================================
2023-10-25 19:16:14,348 | INFO | hi-lo.kernel-accessor : Fetching kernel: gumbel
2023-10-25 19:16:14,348 | INFO | hi-lo.gumbel-kernel : MU (LOCATION): 0.008281491696834564 | BETA (SCALE): 0.5135478973388672
2023-10-25 19:16:14,349 | INFO | hi-lo.gumbel-kernel : BOTTOM-LEFT
tensor([[1.1721e-22, 0.0000e+00, 0.0000e+00],
        [4.2362e-04, 1.1721e-22, 0.0000e+00],
        [9.9915e-01, 4.2362e-04, 1.1721e-22]])
2023-10-25 19:16:14,349 | INFO | hi-lo.kernel-accessor : Fetching kernel: gumbel
2023-10-25 19:16:14,350 | INFO | hi-lo.gumbel-kernel : MU (LOCATION): -0.5373613834381104 | BETA (SCALE): 0.7943753004074097
2023-10-25 19:16:14,350 | INFO | hi-lo.gumbel-kernel : TOP-LEFT
tensor([[9.9997e-01, 1.6481e-05, 5.6590e-21],
        [1.6481e-05, 5.6590e-21, 0.0000e+00],
        [5.6590e-21, 0.0000e+00, 0.0000e+00]])
2023-10-25 19:16:14,350 | INFO | hi-lo.kernel-accessor : Fetching kernel: gumbel
2023-10-25 19:16:14,351 | INFO | hi-lo.gumbel-kernel : MU (LOCATION): -1.209133505821228 | BETA (SCALE): 1.7148336172103882
2023-10-25 19:16:14,351 | INFO | hi-lo.gumbel-kernel : TOP-LEFT
tensor([[9.5815e-01, 2.0875e-02, 3.4891e-05],
        [2.0875e-02, 3.4891e-05, 5.8603e-10],
        [3.4891e-05, 5.8603e-10, 2.5915e-18]])
2023-10-25 19:16:14,352 | INFO | hi-lo.kernel-accessor : Fetching kernel: gumbel
2023-10-25 19:16:14,352 | INFO | hi-lo.gumbel-kernel : MU (LOCATION): -0.8222054243087769 | BETA (SCALE): 1.1191613674163818
2023-10-25 19:16:14,353 | INFO | hi-lo.gumbel-kernel : TOP-LEFT
tensor([[9.9846e-01, 7.6936e-04, 6.8951e-11],
        [7.6936e-04, 6.8952e-11, 1.5010e-27],
        [6.8951e-11, 1.5010e-27, 0.0000e+00]])
2023-10-25 19:16:38,344 | INFO | hi-lo : END EPOCH:   3 | ACCURACY: 0.89 | LOSS: 4.416659832000732
2023-10-25 19:16:38,344 | INFO | hi-lo : BEGIN EPOCH 4 =========================================================================
2023-10-25 19:16:38,344 | INFO | hi-lo.kernel-accessor : Fetching kernel: gumbel
2023-10-25 19:16:38,345 | INFO | hi-lo.gumbel-kernel : MU (LOCATION): -0.09527817368507385 | BETA (SCALE): 0.4610750675201416
2023-10-25 19:16:38,346 | INFO | hi-lo.gumbel-kernel : TOP-LEFT
tensor([[1.0000e+00, 9.3534e-07, 0.0000e+00],
        [9.3534e-07, 0.0000e+00, 0.0000e+00],
        [0.0000e+00, 0.0000e+00, 0.0000e+00]])
2023-10-25 19:16:38,346 | INFO | hi-lo.kernel-accessor : Fetching kernel: gumbel
2023-10-25 19:16:38,346 | INFO | hi-lo.gumbel-kernel : MU (LOCATION): 1 | BETA (SCALE): 1
2023-10-25 19:16:38,347 | INFO | hi-lo.gumbel-kernel : STATIC
tensor([[5.6765e-01, 1.6550e-01, 3.2357e-02],
        [1.6550e-01, 3.2357e-02, 2.1352e-03],
        [3.2357e-02, 2.1352e-03, 7.3562e-06]])
2023-10-25 19:16:38,347 | INFO | hi-lo.kernel-accessor : Fetching kernel: gumbel
2023-10-25 19:16:38,347 | INFO | hi-lo.gumbel-kernel : MU (LOCATION): -0.7865944504737854 | BETA (SCALE): 1.219189167022705
2023-10-25 19:16:38,348 | INFO | hi-lo.gumbel-kernel : TOP-LEFT
tensor([[9.9139e-01, 4.3059e-03, 5.2763e-08],
        [4.3059e-03, 5.2763e-08, 1.0485e-18],
        [5.2763e-08, 1.0485e-18, 1.6311e-42]])
2023-10-25 19:16:38,348 | INFO | hi-lo.kernel-accessor : Fetching kernel: gumbel
2023-10-25 19:16:38,348 | INFO | hi-lo.gumbel-kernel : MU (LOCATION): -0.9420808553695679 | BETA (SCALE): 1.2148878574371338
2023-10-25 19:16:38,349 | INFO | hi-lo.gumbel-kernel : TOP-LEFT
tensor([[9.9788e-01, 1.0595e-03, 5.1079e-10],
        [1.0595e-03, 5.1080e-10, 5.9942e-24],
        [5.1079e-10, 5.9942e-24, 0.0000e+00]])
2023-10-25 19:17:02,445 | INFO | hi-lo : END EPOCH:   4 | ACCURACY: 0.46 | LOSS: 4.01023006439209
2023-10-25 19:17:02,445 | INFO | hi-lo : BEGIN EPOCH 5 =========================================================================
2023-10-25 19:17:02,445 | INFO | hi-lo.kernel-accessor : Fetching kernel: gumbel
2023-10-25 19:17:02,446 | INFO | hi-lo.gumbel-kernel : MU (LOCATION): 1 | BETA (SCALE): 1
2023-10-25 19:17:02,446 | INFO | hi-lo.gumbel-kernel : STATIC
tensor([[5.6765e-01, 1.6550e-01, 3.2357e-02],
        [1.6550e-01, 3.2357e-02, 2.1352e-03],
        [3.2357e-02, 2.1352e-03, 7.3562e-06]])
2023-10-25 19:17:02,447 | INFO | hi-lo.kernel-accessor : Fetching kernel: gumbel
2023-10-25 19:17:02,447 | INFO | hi-lo.gumbel-kernel : MU (LOCATION): -0.7570638656616211 | BETA (SCALE): 0.8633212447166443
2023-10-25 19:17:02,447 | INFO | hi-lo.gumbel-kernel : TOP-LEFT
tensor([[1.0000e+00, 1.0382e-06, 1.1472e-24],
        [1.0382e-06, 1.1472e-24, 0.0000e+00],
        [1.1472e-24, 0.0000e+00, 0.0000e+00]])
2023-10-25 19:17:02,448 | INFO | hi-lo.kernel-accessor : Fetching kernel: gumbel
2023-10-25 19:17:02,448 | INFO | hi-lo.gumbel-kernel : MU (LOCATION): -0.7468844652175903 | BETA (SCALE): 1.2556670904159546
2023-10-25 19:17:02,448 | INFO | hi-lo.gumbel-kernel : TOP-LEFT
tensor([[9.8376e-01, 8.1207e-03, 5.1398e-07],
        [8.1207e-03, 5.1398e-07, 6.6293e-16],
        [5.1398e-07, 6.6293e-16, 3.3882e-35]])
2023-10-25 19:17:02,449 | INFO | hi-lo.kernel-accessor : Fetching kernel: gumbel
2023-10-25 19:17:02,449 | INFO | hi-lo.gumbel-kernel : MU (LOCATION): -0.8557736873626709 | BETA (SCALE): 1.0379140377044678
2023-10-25 19:17:02,449 | INFO | hi-lo.gumbel-kernel : BOTTOM-LEFT
tensor([[8.0397e-15, 2.1707e-40, 0.0000e+00],
        [8.3157e-05, 8.0397e-15, 2.1707e-40],
        [9.9983e-01, 8.3157e-05, 8.0397e-15]])
2023-10-25 19:17:26,464 | INFO | hi-lo : END EPOCH:   5 | ACCURACY: 0.39 | LOSS: 4.376786708831787
2023-10-25 19:17:26,464 | INFO | hi-lo : BEGIN EPOCH 6 =========================================================================
2023-10-25 19:17:26,464 | INFO | hi-lo.kernel-accessor : Fetching kernel: gumbel
2023-10-25 19:17:26,465 | INFO | hi-lo.gumbel-kernel : MU (LOCATION): -0.14528855681419373 | BETA (SCALE): 0.48374056816101074
2023-10-25 19:17:26,465 | INFO | hi-lo.gumbel-kernel : TOP-LEFT
tensor([[1.0000e+00, 4.3249e-07, 0.0000e+00],
        [4.3249e-07, 0.0000e+00, 0.0000e+00],
        [0.0000e+00, 0.0000e+00, 0.0000e+00]])
2023-10-25 19:17:26,466 | INFO | hi-lo.kernel-accessor : Fetching kernel: gumbel
2023-10-25 19:17:26,466 | INFO | hi-lo.gumbel-kernel : MU (LOCATION): 1 | BETA (SCALE): 1
2023-10-25 19:17:26,466 | INFO | hi-lo.gumbel-kernel : STATIC
tensor([[5.6765e-01, 1.6550e-01, 3.2357e-02],
        [1.6550e-01, 3.2357e-02, 2.1352e-03],
        [3.2357e-02, 2.1352e-03, 7.3562e-06]])
2023-10-25 19:17:26,467 | INFO | hi-lo.kernel-accessor : Fetching kernel: gumbel
2023-10-25 19:17:26,467 | INFO | hi-lo.gumbel-kernel : MU (LOCATION): -0.983004093170166 | BETA (SCALE): 1.5946873426437378
2023-10-25 19:17:26,467 | INFO | hi-lo.gumbel-kernel : TOP-LEFT
tensor([[9.4899e-01, 2.5432e-02, 5.0133e-05],
        [2.5432e-02, 5.0133e-05, 7.4647e-10],
        [5.0133e-05, 7.4647e-10, 1.1844e-18]])
2023-10-25 19:17:26,468 | INFO | hi-lo.kernel-accessor : Fetching kernel: gumbel
2023-10-25 19:17:26,468 | INFO | hi-lo.gumbel-kernel : MU (LOCATION): -1.0139477252960205 | BETA (SCALE): 1.1706103086471558
2023-10-25 19:17:26,468 | INFO | hi-lo.gumbel-kernel : BOTTOM-LEFT
tensor([[1.4369e-12, 3.0983e-31, 0.0000e+00],
        [2.0649e-04, 1.4369e-12, 3.0983e-31],
        [9.9959e-01, 2.0649e-04, 1.4369e-12]])
2023-10-25 19:17:50,531 | INFO | hi-lo : END EPOCH:   6 | ACCURACY: 0.78 | LOSS: 4.332740783691406
2023-10-25 19:17:50,532 | INFO | hi-lo : BEGIN EPOCH 7 =========================================================================
2023-10-25 19:17:50,532 | INFO | hi-lo.kernel-accessor : Fetching kernel: gumbel
2023-10-25 19:17:50,532 | INFO | hi-lo.gumbel-kernel : MU (LOCATION): -0.10615009069442749 | BETA (SCALE): 0.5554775595664978
2023-10-25 19:17:50,533 | INFO | hi-lo.gumbel-kernel : BOTTOM-LEFT
tensor([[5.8574e-25, 0.0000e+00, 0.0000e+00],
        [1.0074e-04, 5.8574e-25, 0.0000e+00],
        [9.9980e-01, 1.0074e-04, 5.8574e-25]])
2023-10-25 19:17:50,533 | INFO | hi-lo.kernel-accessor : Fetching kernel: gumbel
2023-10-25 19:17:50,534 | INFO | hi-lo.gumbel-kernel : MU (LOCATION): -0.7258332967758179 | BETA (SCALE): 1.0007708072662354
2023-10-25 19:17:50,534 | INFO | hi-lo.gumbel-kernel : BOTTOM-LEFT
tensor([[2.0770e-13, 2.6825e-37, 0.0000e+00],
        [2.4359e-04, 2.0771e-13, 2.6825e-37],
        [9.9951e-01, 2.4359e-04, 2.0770e-13]])
2023-10-25 19:17:50,534 | INFO | hi-lo.kernel-accessor : Fetching kernel: gumbel
2023-10-25 19:17:50,535 | INFO | hi-lo.gumbel-kernel : MU (LOCATION): -1.0754587650299072 | BETA (SCALE): 1.8054211139678955
2023-10-25 19:17:50,535 | INFO | hi-lo.gumbel-kernel : BOTTOM-LEFT
tensor([[3.7868e-04, 1.3645e-07, 2.0972e-13],
        [4.5654e-02, 3.7868e-04, 1.3645e-07],
        [9.0756e-01, 4.5654e-02, 3.7868e-04]])
2023-10-25 19:17:50,535 | INFO | hi-lo.kernel-accessor : Fetching kernel: gumbel
2023-10-25 19:17:50,536 | INFO | hi-lo.gumbel-kernel : MU (LOCATION): -1.450923204421997 | BETA (SCALE): 1.5444546937942505
2023-10-25 19:17:50,536 | INFO | hi-lo.gumbel-kernel : BOTTOM-LEFT
tensor([[7.9471e-09, 1.4673e-18, 6.6723e-37],
        [1.3443e-03, 7.9471e-09, 1.4673e-18],
        [9.9731e-01, 1.3443e-03, 7.9471e-09]])
2023-10-25 19:18:14,565 | INFO | hi-lo : END EPOCH:   7 | ACCURACY: 0.04 | LOSS: 4.418747901916504
2023-10-25 19:18:14,565 | INFO | hi-lo : BEGIN EPOCH 8 =========================================================================
2023-10-25 19:18:14,566 | INFO | hi-lo.kernel-accessor : Fetching kernel: gumbel
2023-10-25 19:18:14,566 | INFO | hi-lo.gumbel-kernel : MU (LOCATION): 1 | BETA (SCALE): 1
2023-10-25 19:18:14,567 | INFO | hi-lo.gumbel-kernel : STATIC
tensor([[5.6765e-01, 1.6550e-01, 3.2357e-02],
        [1.6550e-01, 3.2357e-02, 2.1352e-03],
        [3.2357e-02, 2.1352e-03, 7.3562e-06]])
2023-10-25 19:18:14,567 | INFO | hi-lo.kernel-accessor : Fetching kernel: gumbel
2023-10-25 19:18:14,567 | INFO | hi-lo.gumbel-kernel : MU (LOCATION): -0.6904032230377197 | BETA (SCALE): 1.0463707447052002
2023-10-25 19:18:14,568 | INFO | hi-lo.gumbel-kernel : TOP-LEFT
tensor([[9.9808e-01, 9.6204e-04, 6.3764e-11],
        [9.6204e-04, 6.3764e-11, 6.3271e-29],
        [6.3764e-11, 6.3271e-29, 0.0000e+00]])
2023-10-25 19:18:14,568 | INFO | hi-lo.kernel-accessor : Fetching kernel: gumbel
2023-10-25 19:18:14,568 | INFO | hi-lo.gumbel-kernel : MU (LOCATION): -1.3660380840301514 | BETA (SCALE): 2.025491237640381
2023-10-25 19:18:14,569 | INFO | hi-lo.gumbel-kernel : BOTTOM-LEFT
tensor([[5.1173e-04, 4.2387e-07, 5.1871e-12],
        [4.7163e-02, 5.1173e-04, 4.2387e-07],
        [9.0414e-01, 4.7163e-02, 5.1173e-04]])
2023-10-25 19:18:14,569 | INFO | hi-lo.kernel-accessor : Fetching kernel: gumbel
2023-10-25 19:18:14,569 | INFO | hi-lo.gumbel-kernel : MU (LOCATION): -1.3798561096191406 | BETA (SCALE): 1.5052406787872314
2023-10-25 19:18:14,570 | INFO | hi-lo.gumbel-kernel : TOP-LEFT
tensor([[9.9719e-01, 1.4058e-03, 7.5905e-09],
        [1.4058e-03, 7.5905e-09, 8.2448e-19],
        [7.5905e-09, 8.2448e-19, 6.6977e-38]])
2023-10-25 19:18:38,593 | INFO | hi-lo : END EPOCH:   8 | ACCURACY: 2.34 | LOSS: 4.357076644897461
2023-10-25 19:18:38,593 | INFO | hi-lo : BEGIN EPOCH 9 =========================================================================
2023-10-25 19:18:38,594 | INFO | hi-lo.kernel-accessor : Fetching kernel: gumbel
2023-10-25 19:18:38,594 | INFO | hi-lo.gumbel-kernel : MU (LOCATION): -0.1958620548248291 | BETA (SCALE): 0.5039696097373962
2023-10-25 19:18:38,595 | INFO | hi-lo.gumbel-kernel : TOP-LEFT
tensor([[1.0000e+00, 1.6249e-07, 0.0000e+00],
        [1.6249e-07, 0.0000e+00, 0.0000e+00],
        [0.0000e+00, 0.0000e+00, 0.0000e+00]])
2023-10-25 19:18:38,595 | INFO | hi-lo.kernel-accessor : Fetching kernel: gumbel
2023-10-25 19:18:38,596 | INFO | hi-lo.gumbel-kernel : MU (LOCATION): 1 | BETA (SCALE): 1
2023-10-25 19:18:38,596 | INFO | hi-lo.gumbel-kernel : STATIC
tensor([[5.6765e-01, 1.6550e-01, 3.2357e-02],
        [1.6550e-01, 3.2357e-02, 2.1352e-03],
        [3.2357e-02, 2.1352e-03, 7.3562e-06]])
2023-10-25 19:18:38,596 | INFO | hi-lo.kernel-accessor : Fetching kernel: gumbel
2023-10-25 19:18:38,597 | INFO | hi-lo.gumbel-kernel : MU (LOCATION): -1.2705144882202148 | BETA (SCALE): 2.458462953567505
2023-10-25 19:18:38,597 | INFO | hi-lo.gumbel-kernel : TOP-LEFT
tensor([[7.3289e-01, 1.1901e-01, 9.5182e-03],
        [1.1901e-01, 9.5182e-03, 2.6275e-04],
        [9.5182e-03, 2.6275e-04, 1.4678e-06]])
2023-10-25 19:18:38,597 | INFO | hi-lo.kernel-accessor : Fetching kernel: gumbel
2023-10-25 19:18:38,598 | INFO | hi-lo.gumbel-kernel : MU (LOCATION): -0.8868415951728821 | BETA (SCALE): 1.0802321434020996
2023-10-25 19:18:38,598 | INFO | hi-lo.gumbel-kernel : TOP-LEFT
tensor([[9.9970e-01, 1.5130e-04, 1.4183e-13],
        [1.5130e-04, 1.4183e-13, 9.5546e-36],
        [1.4183e-13, 9.5546e-36, 0.0000e+00]])
2023-10-25 19:19:02,690 | INFO | hi-lo : END EPOCH:   9 | ACCURACY: 0.52 | LOSS: 3.964494228363037
2023-10-25 19:19:02,690 | INFO | hi-lo : BEGIN EPOCH 10 =========================================================================
2023-10-25 19:19:02,690 | INFO | hi-lo.kernel-accessor : Fetching kernel: gumbel
2023-10-25 19:19:02,691 | INFO | hi-lo.gumbel-kernel : MU (LOCATION): 1 | BETA (SCALE): 1
2023-10-25 19:19:02,692 | INFO | hi-lo.gumbel-kernel : STATIC
tensor([[5.6765e-01, 1.6550e-01, 3.2357e-02],
        [1.6550e-01, 3.2357e-02, 2.1352e-03],
        [3.2357e-02, 2.1352e-03, 7.3562e-06]])
2023-10-25 19:19:02,692 | INFO | hi-lo.kernel-accessor : Fetching kernel: gumbel
2023-10-25 19:19:02,692 | INFO | hi-lo.gumbel-kernel : MU (LOCATION): 1 | BETA (SCALE): 1
2023-10-25 19:19:02,693 | INFO | hi-lo.gumbel-kernel : STATIC
tensor([[5.6765e-01, 1.6550e-01, 3.2357e-02],
        [1.6550e-01, 3.2357e-02, 2.1352e-03],
        [3.2357e-02, 2.1352e-03, 7.3562e-06]])
2023-10-25 19:19:02,693 | INFO | hi-lo.kernel-accessor : Fetching kernel: gumbel
2023-10-25 19:19:02,693 | INFO | hi-lo.gumbel-kernel : MU (LOCATION): -1.1227518320083618 | BETA (SCALE): 1.9155694246292114
2023-10-25 19:19:02,694 | INFO | hi-lo.gumbel-kernel : TOP-LEFT
tensor([[8.8301e-01, 5.7272e-02, 8.1466e-04],
        [5.7272e-02, 8.1466e-04, 8.9826e-07],
        [8.1466e-04, 8.9826e-07, 1.3303e-11]])
2023-10-25 19:19:02,694 | INFO | hi-lo.kernel-accessor : Fetching kernel: gumbel
2023-10-25 19:19:02,694 | INFO | hi-lo.gumbel-kernel : MU (LOCATION): 1 | BETA (SCALE): 1
2023-10-25 19:19:02,695 | INFO | hi-lo.gumbel-kernel : STATIC
tensor([[5.6765e-01, 1.6550e-01, 3.2357e-02],
        [1.6550e-01, 3.2357e-02, 2.1352e-03],
        [3.2357e-02, 2.1352e-03, 7.3562e-06]])
2023-10-25 19:19:26,835 | INFO | hi-lo : END EPOCH:  10 | ACCURACY: 0.35 | LOSS: 4.430707931518555
2023-10-25 19:19:26,835 | INFO | hi-lo : BEGIN EPOCH 11 =========================================================================
2023-10-25 19:19:26,835 | INFO | hi-lo.kernel-accessor : Fetching kernel: gumbel
2023-10-25 19:19:26,836 | INFO | hi-lo.gumbel-kernel : MU (LOCATION): -0.16153699159622192 | BETA (SCALE): 0.49983537197113037
2023-10-25 19:19:26,837 | INFO | hi-lo.gumbel-kernel : BOTTOM-LEFT
tensor([[0.0000e+00, 0.0000e+00, 0.0000e+00],
        [6.7809e-07, 0.0000e+00, 0.0000e+00],
        [1.0000e+00, 6.7809e-07, 0.0000e+00]])
2023-10-25 19:19:26,837 | INFO | hi-lo.kernel-accessor : Fetching kernel: gumbel
2023-10-25 19:19:26,837 | INFO | hi-lo.gumbel-kernel : MU (LOCATION): 1 | BETA (SCALE): 1
2023-10-25 19:19:26,838 | INFO | hi-lo.gumbel-kernel : STATIC
tensor([[5.6765e-01, 1.6550e-01, 3.2357e-02],
        [1.6550e-01, 3.2357e-02, 2.1352e-03],
        [3.2357e-02, 2.1352e-03, 7.3562e-06]])
2023-10-25 19:19:26,838 | INFO | hi-lo.kernel-accessor : Fetching kernel: gumbel
2023-10-25 19:19:26,838 | INFO | hi-lo.gumbel-kernel : MU (LOCATION): 1 | BETA (SCALE): 1
2023-10-25 19:19:26,839 | INFO | hi-lo.gumbel-kernel : STATIC
tensor([[5.6765e-01, 1.6550e-01, 3.2357e-02],
        [1.6550e-01, 3.2357e-02, 2.1352e-03],
        [3.2357e-02, 2.1352e-03, 7.3562e-06]])
2023-10-25 19:19:26,839 | INFO | hi-lo.kernel-accessor : Fetching kernel: gumbel
2023-10-25 19:19:26,839 | INFO | hi-lo.gumbel-kernel : MU (LOCATION): -1.2030017375946045 | BETA (SCALE): 1.2530585527420044
2023-10-25 19:19:26,840 | INFO | hi-lo.gumbel-kernel : BOTTOM-LEFT
tensor([[4.4938e-13, 2.8581e-31, 0.0000e+00],
        [1.0849e-04, 4.4938e-13, 2.8581e-31],
        [9.9978e-01, 1.0849e-04, 4.4938e-13]])
2023-10-25 19:19:50,929 | INFO | hi-lo : END EPOCH:  11 | ACCURACY: 1.88 | LOSS: 4.172170162200928
2023-10-25 19:19:50,930 | INFO | hi-lo : BEGIN EPOCH 12 =========================================================================
2023-10-25 19:19:50,930 | INFO | hi-lo.kernel-accessor : Fetching kernel: gumbel
2023-10-25 19:19:50,930 | INFO | hi-lo.gumbel-kernel : MU (LOCATION): -0.021214684471488 | BETA (SCALE): 0.5150004029273987
2023-10-25 19:19:50,931 | INFO | hi-lo.gumbel-kernel : TOP-LEFT
tensor([[9.9956e-01, 2.1913e-04, 7.3886e-25],
        [2.1913e-04, 7.3886e-25, 0.0000e+00],
        [7.3886e-25, 0.0000e+00, 0.0000e+00]])
2023-10-25 19:19:50,931 | INFO | hi-lo.kernel-accessor : Fetching kernel: gumbel
2023-10-25 19:19:50,931 | INFO | hi-lo.gumbel-kernel : MU (LOCATION): -0.6082432866096497 | BETA (SCALE): 0.9324119687080383
2023-10-25 19:19:50,932 | INFO | hi-lo.gumbel-kernel : TOP-LEFT
tensor([[9.9943e-01, 2.8564e-04, 9.8554e-14],
        [2.8564e-04, 9.8554e-14, 1.7154e-40],
        [9.8554e-14, 1.7154e-40, 0.0000e+00]])
2023-10-25 19:19:50,932 | INFO | hi-lo.kernel-accessor : Fetching kernel: gumbel
2023-10-25 19:19:50,932 | INFO | hi-lo.gumbel-kernel : MU (LOCATION): -0.8324251174926758 | BETA (SCALE): 1.607095718383789
2023-10-25 19:19:50,933 | INFO | hi-lo.gumbel-kernel : BOTTOM-LEFT
tensor([[2.4892e-04, 2.8815e-08, 2.2849e-15],
        [4.3062e-02, 2.4892e-04, 2.8815e-08],
        [9.1313e-01, 4.3062e-02, 2.4892e-04]])
2023-10-25 19:19:50,933 | INFO | hi-lo.kernel-accessor : Fetching kernel: gumbel
2023-10-25 19:19:50,933 | INFO | hi-lo.gumbel-kernel : MU (LOCATION): -1.0139000415802002 | BETA (SCALE): 1.150302529335022
2023-10-25 19:19:50,934 | INFO | hi-lo.gumbel-kernel : TOP-LEFT
tensor([[9.9974e-01, 1.3044e-04, 2.3585e-13],
        [1.3044e-04, 2.3585e-13, 1.0998e-33],
        [2.3585e-13, 1.0998e-33, 0.0000e+00]])
2023-10-25 19:20:15,042 | INFO | hi-lo : END EPOCH:  12 | ACCURACY: 3.12 | LOSS: 4.503384113311768
2023-10-25 19:20:15,042 | INFO | hi-lo : BEGIN EPOCH 13 =========================================================================
2023-10-25 19:20:15,042 | INFO | hi-lo.kernel-accessor : Fetching kernel: gumbel
2023-10-25 19:20:15,043 | INFO | hi-lo.gumbel-kernel : MU (LOCATION): -0.1558220386505127 | BETA (SCALE): 0.49060770869255066
2023-10-25 19:20:15,044 | INFO | hi-lo.gumbel-kernel : TOP-LEFT
tensor([[1.0000e+00, 4.3777e-07, 0.0000e+00],
        [4.3777e-07, 0.0000e+00, 0.0000e+00],
        [0.0000e+00, 0.0000e+00, 0.0000e+00]])
2023-10-25 19:20:15,044 | INFO | hi-lo.kernel-accessor : Fetching kernel: gumbel
2023-10-25 19:20:15,044 | INFO | hi-lo.gumbel-kernel : MU (LOCATION): -0.6115710139274597 | BETA (SCALE): 0.9049170613288879
2023-10-25 19:20:15,045 | INFO | hi-lo.gumbel-kernel : TOP-LEFT
tensor([[9.9973e-01, 1.3528e-04, 2.6256e-15],
        [1.3528e-04, 2.6256e-15, 0.0000e+00],
        [2.6256e-15, 0.0000e+00, 0.0000e+00]])
2023-10-25 19:20:15,045 | INFO | hi-lo.kernel-accessor : Fetching kernel: gumbel
2023-10-25 19:20:15,046 | INFO | hi-lo.gumbel-kernel : MU (LOCATION): -0.9873486757278442 | BETA (SCALE): 1.6837286949157715
2023-10-25 19:20:15,046 | INFO | hi-lo.gumbel-kernel : TOP-LEFT
tensor([[9.2513e-01, 3.7166e-02, 1.7823e-04],
        [3.7166e-02, 1.7823e-04, 1.8197e-08],
        [1.7823e-04, 1.8197e-08, 1.7428e-15]])
2023-10-25 19:20:15,046 | INFO | hi-lo.kernel-accessor : Fetching kernel: gumbel
2023-10-25 19:20:15,047 | INFO | hi-lo.gumbel-kernel : MU (LOCATION): -1.7861402034759521 | BETA (SCALE): 1.8561798334121704
2023-10-25 19:20:15,047 | INFO | hi-lo.gumbel-kernel : TOP-LEFT
tensor([[9.9131e-01, 4.3450e-03, 5.7995e-07],
        [4.3450e-03, 5.7995e-07, 1.9496e-13],
        [5.7995e-07, 1.9496e-13, 2.3038e-24]])
2023-10-25 19:20:39,142 | INFO | hi-lo : END EPOCH:  13 | ACCURACY: 0.62 | LOSS: 4.410682201385498
2023-10-25 19:20:39,142 | INFO | hi-lo : BEGIN EPOCH 14 =========================================================================
2023-10-25 19:20:39,143 | INFO | hi-lo.kernel-accessor : Fetching kernel: gumbel
2023-10-25 19:20:39,143 | INFO | hi-lo.gumbel-kernel : MU (LOCATION): -0.2004024237394333 | BETA (SCALE): 0.4825696051120758
2023-10-25 19:20:39,144 | INFO | hi-lo.gumbel-kernel : TOP-LEFT
tensor([[1.0000e+00, 1.5187e-08, 0.0000e+00],
        [1.5187e-08, 0.0000e+00, 0.0000e+00],
        [0.0000e+00, 0.0000e+00, 0.0000e+00]])
2023-10-25 19:20:39,144 | INFO | hi-lo.kernel-accessor : Fetching kernel: gumbel
2023-10-25 19:20:39,144 | INFO | hi-lo.gumbel-kernel : MU (LOCATION): -0.6176605224609375 | BETA (SCALE): 0.8350659608840942
2023-10-25 19:20:39,145 | INFO | hi-lo.gumbel-kernel : TOP-LEFT
tensor([[9.9998e-01, 1.1812e-05, 9.0136e-21],
        [1.1812e-05, 9.0136e-21, 0.0000e+00],
        [9.0136e-21, 0.0000e+00, 0.0000e+00]])
2023-10-25 19:20:39,145 | INFO | hi-lo.kernel-accessor : Fetching kernel: gumbel
2023-10-25 19:20:39,145 | INFO | hi-lo.gumbel-kernel : MU (LOCATION): 1 | BETA (SCALE): 1
2023-10-25 19:20:39,146 | INFO | hi-lo.gumbel-kernel : STATIC
tensor([[5.6765e-01, 1.6550e-01, 3.2357e-02],
        [1.6550e-01, 3.2357e-02, 2.1352e-03],
        [3.2357e-02, 2.1352e-03, 7.3562e-06]])
2023-10-25 19:20:39,146 | INFO | hi-lo.kernel-accessor : Fetching kernel: gumbel
2023-10-25 19:20:39,146 | INFO | hi-lo.gumbel-kernel : MU (LOCATION): -1.3475594520568848 | BETA (SCALE): 1.3354268074035645
2023-10-25 19:20:39,147 | INFO | hi-lo.gumbel-kernel : TOP-LEFT
tensor([[9.9978e-01, 1.0780e-04, 1.0143e-12],
        [1.0780e-04, 1.0143e-12, 2.4925e-29],
        [1.0143e-12, 2.4925e-29, 0.0000e+00]])
2023-10-25 19:21:03,293 | INFO | hi-lo : END EPOCH:  14 | ACCURACY: 0.94 | LOSS: 4.400008678436279
2023-10-25 19:21:03,294 | INFO | hi-lo : BEGIN EPOCH 15 =========================================================================
2023-10-25 19:21:03,294 | INFO | hi-lo.kernel-accessor : Fetching kernel: gumbel
2023-10-25 19:21:03,294 | INFO | hi-lo.gumbel-kernel : MU (LOCATION): -0.10152147710323334 | BETA (SCALE): 0.4878537654876709
2023-10-25 19:21:03,295 | INFO | hi-lo.gumbel-kernel : TOP-LEFT
tensor([[9.9999e-01, 4.5120e-06, 1.4527e-41],
        [4.5120e-06, 1.4527e-41, 0.0000e+00],
        [1.4527e-41, 0.0000e+00, 0.0000e+00]])
2023-10-25 19:21:03,295 | INFO | hi-lo.kernel-accessor : Fetching kernel: gumbel
2023-10-25 19:21:03,295 | INFO | hi-lo.gumbel-kernel : MU (LOCATION): -0.5540397763252258 | BETA (SCALE): 0.954657256603241
2023-10-25 19:21:03,296 | INFO | hi-lo.gumbel-kernel : BOTTOM-LEFT
tensor([[1.6257e-11, 8.1435e-33, 0.0000e+00],
        [9.5235e-04, 1.6257e-11, 8.1435e-33],
        [9.9810e-01, 9.5235e-04, 1.6257e-11]])
2023-10-25 19:21:03,296 | INFO | hi-lo.kernel-accessor : Fetching kernel: gumbel
2023-10-25 19:21:03,296 | INFO | hi-lo.gumbel-kernel : MU (LOCATION): -1.2136714458465576 | BETA (SCALE): 1.9820733070373535
2023-10-25 19:21:03,297 | INFO | hi-lo.gumbel-kernel : TOP-LEFT
tensor([[8.8311e-01, 5.7163e-02, 8.5479e-04],
        [5.7163e-02, 8.5479e-04, 1.1289e-06],
        [8.5479e-04, 1.1289e-06, 2.6786e-11]])
2023-10-25 19:21:03,297 | INFO | hi-lo.kernel-accessor : Fetching kernel: gumbel
2023-10-25 19:21:03,298 | INFO | hi-lo.gumbel-kernel : MU (LOCATION): 1 | BETA (SCALE): 1
2023-10-25 19:21:03,298 | INFO | hi-lo.gumbel-kernel : STATIC
tensor([[5.6765e-01, 1.6550e-01, 3.2357e-02],
        [1.6550e-01, 3.2357e-02, 2.1352e-03],
        [3.2357e-02, 2.1352e-03, 7.3562e-06]])
2023-10-25 19:21:27,428 | INFO | hi-lo : END EPOCH:  15 | ACCURACY: 0 | LOSS: 4.252127647399902
2023-10-25 19:21:27,428 | INFO | hi-lo : BEGIN EPOCH 16 =========================================================================
2023-10-25 19:21:27,428 | INFO | hi-lo.kernel-accessor : Fetching kernel: gumbel
2023-10-25 19:21:27,429 | INFO | hi-lo.gumbel-kernel : MU (LOCATION): 1 | BETA (SCALE): 1
2023-10-25 19:21:27,430 | INFO | hi-lo.gumbel-kernel : STATIC
tensor([[5.6765e-01, 1.6550e-01, 3.2357e-02],
        [1.6550e-01, 3.2357e-02, 2.1352e-03],
        [3.2357e-02, 2.1352e-03, 7.3562e-06]])
2023-10-25 19:21:27,430 | INFO | hi-lo.kernel-accessor : Fetching kernel: gumbel
2023-10-25 19:21:27,430 | INFO | hi-lo.gumbel-kernel : MU (LOCATION): -0.5091345310211182 | BETA (SCALE): 0.9073131680488586
2023-10-25 19:21:27,431 | INFO | hi-lo.gumbel-kernel : TOP-LEFT
tensor([[9.9862e-01, 6.8918e-04, 1.9226e-12],
        [6.8918e-04, 1.9226e-12, 3.1037e-37],
        [1.9226e-12, 3.1037e-37, 0.0000e+00]])
2023-10-25 19:21:27,431 | INFO | hi-lo.kernel-accessor : Fetching kernel: gumbel
2023-10-25 19:21:27,431 | INFO | hi-lo.gumbel-kernel : MU (LOCATION): 1 | BETA (SCALE): 1
2023-10-25 19:21:27,432 | INFO | hi-lo.gumbel-kernel : STATIC
tensor([[5.6765e-01, 1.6550e-01, 3.2357e-02],
        [1.6550e-01, 3.2357e-02, 2.1352e-03],
        [3.2357e-02, 2.1352e-03, 7.3562e-06]])
2023-10-25 19:21:27,432 | INFO | hi-lo.kernel-accessor : Fetching kernel: gumbel
2023-10-25 19:21:27,432 | INFO | hi-lo.gumbel-kernel : MU (LOCATION): -1.6463937759399414 | BETA (SCALE): 1.7789855003356934
2023-10-25 19:21:27,433 | INFO | hi-lo.gumbel-kernel : TOP-LEFT
tensor([[9.9072e-01, 4.6370e-03, 5.7969e-07],
        [4.6370e-03, 5.7969e-07, 1.2587e-13],
        [5.7969e-07, 1.2587e-13, 3.9276e-25]])
2023-10-25 19:21:51,538 | INFO | hi-lo : END EPOCH:  16 | ACCURACY: 0.14 | LOSS: 4.696110248565674
2023-10-25 19:21:51,538 | INFO | hi-lo : BEGIN EPOCH 17 =========================================================================
2023-10-25 19:21:51,538 | INFO | hi-lo.kernel-accessor : Fetching kernel: gumbel
2023-10-25 19:21:51,539 | INFO | hi-lo.gumbel-kernel : MU (LOCATION): 1 | BETA (SCALE): 1
2023-10-25 19:21:51,540 | INFO | hi-lo.gumbel-kernel : STATIC
tensor([[5.6765e-01, 1.6550e-01, 3.2357e-02],
        [1.6550e-01, 3.2357e-02, 2.1352e-03],
        [3.2357e-02, 2.1352e-03, 7.3562e-06]])
2023-10-25 19:21:51,540 | INFO | hi-lo.kernel-accessor : Fetching kernel: gumbel
2023-10-25 19:21:51,540 | INFO | hi-lo.gumbel-kernel : MU (LOCATION): -0.5900318622589111 | BETA (SCALE): 1.0812160968780518
2023-10-25 19:21:51,541 | INFO | hi-lo.gumbel-kernel : BOTTOM-LEFT
tensor([[1.8267e-08, 2.2145e-21, 0.0000e+00],
        [4.2306e-03, 1.8267e-08, 2.2145e-21],
        [9.9154e-01, 4.2306e-03, 1.8267e-08]])
2023-10-25 19:21:51,541 | INFO | hi-lo.kernel-accessor : Fetching kernel: gumbel
2023-10-25 19:21:51,541 | INFO | hi-lo.gumbel-kernel : MU (LOCATION): -1.2460319995880127 | BETA (SCALE): 2.106571912765503
2023-10-25 19:21:51,542 | INFO | hi-lo.gumbel-kernel : TOP-LEFT
tensor([[8.4900e-01, 7.2694e-02, 1.8657e-03],
        [7.2694e-02, 1.8657e-03, 6.9035e-06],
        [1.8657e-03, 6.9035e-06, 1.1354e-09]])
2023-10-25 19:21:51,542 | INFO | hi-lo.kernel-accessor : Fetching kernel: gumbel
2023-10-25 19:21:51,542 | INFO | hi-lo.gumbel-kernel : MU (LOCATION): -0.8621514439582825 | BETA (SCALE): 1.1935267448425293
2023-10-25 19:21:51,543 | INFO | hi-lo.gumbel-kernel : TOP-LEFT
tensor([[9.9668e-01, 1.6577e-03, 1.8758e-09],
        [1.6577e-03, 1.8758e-09, 1.0140e-22],
        [1.8758e-09, 1.0140e-22, 0.0000e+00]])
2023-10-25 19:22:15,673 | INFO | hi-lo : END EPOCH:  17 | ACCURACY: 0.13 | LOSS: 4.087375164031982
2023-10-25 19:22:15,673 | INFO | hi-lo : BEGIN EPOCH 18 =========================================================================
2023-10-25 19:22:15,674 | INFO | hi-lo.kernel-accessor : Fetching kernel: gumbel
2023-10-25 19:22:15,674 | INFO | hi-lo.gumbel-kernel : MU (LOCATION): -0.15307599306106567 | BETA (SCALE): 0.5599692463874817
2023-10-25 19:22:15,675 | INFO | hi-lo.gumbel-kernel : BOTTOM-LEFT
tensor([[3.2229e-28, 0.0000e+00, 0.0000e+00],
        [3.1599e-05, 3.2229e-28, 0.0000e+00],
        [9.9994e-01, 3.1599e-05, 3.2229e-28]])
2023-10-25 19:22:15,675 | INFO | hi-lo.kernel-accessor : Fetching kernel: gumbel
2023-10-25 19:22:15,675 | INFO | hi-lo.gumbel-kernel : MU (LOCATION): -0.5829618573188782 | BETA (SCALE): 1.0200940370559692
2023-10-25 19:22:15,676 | INFO | hi-lo.gumbel-kernel : BOTTOM-LEFT
tensor([[6.8217e-10, 1.9817e-26, 0.0000e+00],
        [2.0160e-03, 6.8217e-10, 1.9817e-26],
        [9.9597e-01, 2.0160e-03, 6.8217e-10]])
2023-10-25 19:22:15,676 | INFO | hi-lo.kernel-accessor : Fetching kernel: gumbel
2023-10-25 19:22:15,677 | INFO | hi-lo.gumbel-kernel : MU (LOCATION): 1 | BETA (SCALE): 1
2023-10-25 19:22:15,677 | INFO | hi-lo.gumbel-kernel : STATIC
tensor([[5.6765e-01, 1.6550e-01, 3.2357e-02],
        [1.6550e-01, 3.2357e-02, 2.1352e-03],
        [3.2357e-02, 2.1352e-03, 7.3562e-06]])
2023-10-25 19:22:15,677 | INFO | hi-lo.kernel-accessor : Fetching kernel: gumbel
2023-10-25 19:22:15,678 | INFO | hi-lo.gumbel-kernel : MU (LOCATION): 1 | BETA (SCALE): 1
2023-10-25 19:22:15,678 | INFO | hi-lo.gumbel-kernel : STATIC
tensor([[5.6765e-01, 1.6550e-01, 3.2357e-02],
        [1.6550e-01, 3.2357e-02, 2.1352e-03],
        [3.2357e-02, 2.1352e-03, 7.3562e-06]])
2023-10-25 19:22:39,794 | INFO | hi-lo : END EPOCH:  18 | ACCURACY: 0.62 | LOSS: 3.9660327434539795
2023-10-25 19:22:39,795 | INFO | hi-lo : BEGIN EPOCH 19 =========================================================================
2023-10-25 19:22:39,795 | INFO | hi-lo.kernel-accessor : Fetching kernel: gumbel
2023-10-25 19:22:39,795 | INFO | hi-lo.gumbel-kernel : MU (LOCATION): 1 | BETA (SCALE): 1
2023-10-25 19:22:39,796 | INFO | hi-lo.gumbel-kernel : STATIC
tensor([[5.6765e-01, 1.6550e-01, 3.2357e-02],
        [1.6550e-01, 3.2357e-02, 2.1352e-03],
        [3.2357e-02, 2.1352e-03, 7.3562e-06]])
2023-10-25 19:22:39,796 | INFO | hi-lo.kernel-accessor : Fetching kernel: gumbel
2023-10-25 19:22:39,797 | INFO | hi-lo.gumbel-kernel : MU (LOCATION): 1 | BETA (SCALE): 1
2023-10-25 19:22:39,797 | INFO | hi-lo.gumbel-kernel : STATIC
tensor([[5.6765e-01, 1.6550e-01, 3.2357e-02],
        [1.6550e-01, 3.2357e-02, 2.1352e-03],
        [3.2357e-02, 2.1352e-03, 7.3562e-06]])
2023-10-25 19:22:39,797 | INFO | hi-lo.kernel-accessor : Fetching kernel: gumbel
2023-10-25 19:22:39,798 | INFO | hi-lo.gumbel-kernel : MU (LOCATION): -1.5438969135284424 | BETA (SCALE): 2.4776570796966553
2023-10-25 19:22:39,798 | INFO | hi-lo.gumbel-kernel : TOP-LEFT
tensor([[7.9677e-01, 9.4442e-02, 4.7386e-03],
        [9.4442e-02, 4.7386e-03, 6.5638e-05],
        [4.7386e-03, 6.5638e-05, 1.3235e-07]])
2023-10-25 19:22:39,798 | INFO | hi-lo.kernel-accessor : Fetching kernel: gumbel
2023-10-25 19:22:39,799 | INFO | hi-lo.gumbel-kernel : MU (LOCATION): -1.5091034173965454 | BETA (SCALE): 1.7391256093978882
2023-10-25 19:22:39,799 | INFO | hi-lo.gumbel-kernel : BOTTOM-LEFT
tensor([[1.5089e-06, 7.6476e-13, 7.7676e-24],
        [6.7634e-03, 1.5089e-06, 7.6476e-13],
        [9.8647e-01, 6.7634e-03, 1.5089e-06]])
2023-10-25 19:23:03,873 | INFO | hi-lo : END EPOCH:  19 | ACCURACY: 0.39 | LOSS: 4.605921268463135
2023-10-25 19:23:03,873 | INFO | hi-lo : BEGIN EPOCH 20 =========================================================================
2023-10-25 19:23:03,874 | INFO | hi-lo.kernel-accessor : Fetching kernel: gumbel
2023-10-25 19:23:03,874 | INFO | hi-lo.gumbel-kernel : MU (LOCATION): -0.10960716009140015 | BETA (SCALE): 0.5088975429534912
2023-10-25 19:23:03,875 | INFO | hi-lo.gumbel-kernel : TOP-LEFT
tensor([[9.9998e-01, 1.1156e-05, 8.8418e-36],
        [1.1156e-05, 8.8418e-36, 0.0000e+00],
        [8.8418e-36, 0.0000e+00, 0.0000e+00]])
2023-10-25 19:23:03,875 | INFO | hi-lo.kernel-accessor : Fetching kernel: gumbel
2023-10-25 19:23:03,876 | INFO | hi-lo.gumbel-kernel : MU (LOCATION): -0.5838578939437866 | BETA (SCALE): 0.9963942766189575
2023-10-25 19:23:03,876 | INFO | hi-lo.gumbel-kernel : BOTTOM-LEFT
tensor([[1.2424e-10, 4.2232e-29, 0.0000e+00],
        [1.3806e-03, 1.2425e-10, 4.2232e-29],
        [9.9724e-01, 1.3806e-03, 1.2424e-10]])
2023-10-25 19:23:03,876 | INFO | hi-lo.kernel-accessor : Fetching kernel: gumbel
2023-10-25 19:23:03,877 | INFO | hi-lo.gumbel-kernel : MU (LOCATION): -0.9642937779426575 | BETA (SCALE): 1.84609854221344
2023-10-25 19:23:03,877 | INFO | hi-lo.gumbel-kernel : BOTTOM-LEFT
tensor([[1.1327e-03, 1.5731e-06, 2.8468e-11],
        [6.5286e-02, 1.1327e-03, 1.5731e-06],
        [8.6603e-01, 6.5286e-02, 1.1327e-03]])
2023-10-25 19:23:03,877 | INFO | hi-lo.kernel-accessor : Fetching kernel: gumbel
2023-10-25 19:23:03,878 | INFO | hi-lo.gumbel-kernel : MU (LOCATION): 1 | BETA (SCALE): 1
2023-10-25 19:23:03,878 | INFO | hi-lo.gumbel-kernel : STATIC
tensor([[5.6765e-01, 1.6550e-01, 3.2357e-02],
        [1.6550e-01, 3.2357e-02, 2.1352e-03],
        [3.2357e-02, 2.1352e-03, 7.3562e-06]])
2023-10-25 19:23:28,088 | INFO | hi-lo : END EPOCH:  20 | ACCURACY: 1.56 | LOSS: 4.327445030212402
2023-10-25 19:23:28,088 | INFO | hi-lo : BEGIN EPOCH 21 =========================================================================
2023-10-25 19:23:28,088 | INFO | hi-lo.kernel-accessor : Fetching kernel: gumbel
2023-10-25 19:23:28,089 | INFO | hi-lo.gumbel-kernel : MU (LOCATION): -0.08764471858739853 | BETA (SCALE): 0.5176476836204529
2023-10-25 19:23:28,089 | INFO | hi-lo.gumbel-kernel : TOP-LEFT
tensor([[9.9993e-01, 3.6706e-05, 8.0229e-31],
        [3.6706e-05, 8.0232e-31, 0.0000e+00],
        [8.0229e-31, 0.0000e+00, 0.0000e+00]])
2023-10-25 19:23:28,089 | INFO | hi-lo.kernel-accessor : Fetching kernel: gumbel
2023-10-25 19:23:28,089 | INFO | hi-lo.gumbel-kernel : MU (LOCATION): -0.5254747271537781 | BETA (SCALE): 1.0261129140853882
2023-10-25 19:23:28,090 | INFO | hi-lo.gumbel-kernel : BOTTOM-LEFT
tensor([[7.3518e-09, 2.6879e-23, 0.0000e+00],
        [3.7834e-03, 7.3518e-09, 2.6879e-23],
        [9.9243e-01, 3.7834e-03, 7.3518e-09]])
2023-10-25 19:23:28,090 | INFO | hi-lo.kernel-accessor : Fetching kernel: gumbel
2023-10-25 19:23:28,090 | INFO | hi-lo.gumbel-kernel : MU (LOCATION): 1 | BETA (SCALE): 1
2023-10-25 19:23:28,090 | INFO | hi-lo.gumbel-kernel : STATIC
tensor([[5.6765e-01, 1.6550e-01, 3.2357e-02],
        [1.6550e-01, 3.2357e-02, 2.1352e-03],
