2024-03-07 14:35:07,088 | INFO | hilo : 
+==============================================================+
|                                                              |
| ██████╗  █████╗ ██████╗ ██╗         ██╗      █████╗ ██████╗  |
| ██╔══██╗██╔══██╗██╔══██╗██║         ██║     ██╔══██╗██╔══██╗ |
| ██║  ██║███████║██║  ██║██║         ██║     ███████║██████╔╝ |
| ██║  ██║██╔══██║██║  ██║██║         ██║     ██╔══██║██╔══██╗ |
| ██████╔╝██║  ██║██████╔╝███████╗    ███████╗██║  ██║██████╔╝ |
| ╚═════╝ ╚═╝  ╚═╝╚═════╝ ╚══════╝    ╚══════╝╚═╝  ╚═╝╚═════╝  |
+==============================================================+
|             Hi-Lo Resolution Image Classification            |
|             -------------------------------------            |
|                       Gabriel C. Trahan                      |
|                          Sahan Ahmad                         |
|                       MD  Aminual Islam                      |
+==============================================================+
2024-03-07 14:35:08,655 | INFO | hilo.dataset-accessor : Fetching dataset: cifar10
2024-03-07 14:35:08,655 | INFO | hilo.cifar10-dataset : Initializing transform
2024-03-07 14:35:08,655 | INFO | hilo.cifar10-dataset : Verifying/downloading train data
2024-03-07 14:35:09,258 | INFO | hilo.cifar10-dataset : Verifying/downloading test data
2024-03-07 14:35:09,741 | INFO | hilo.cifar10-dataset : Creating train data loader.
2024-03-07 14:35:09,741 | INFO | hilo.cifar10-dataset : Creating test data loader.
2024-03-07 14:35:09,849 | INFO | hilo : Output directory: output/resnet/cifar10/laplace/7/20240307_143508/
2024-03-07 14:35:10,853 | INFO | hilo : Using device: NVIDIA GeForce GTX 1060 6GB
2024-03-07 14:35:10,854 | INFO | hilo : Exeucting job: MODEL resnet | DATASET cifar10 | KERNEL laplace | TYPE 7
2024-03-07 14:35:10,854 | INFO | hilo : Commencing training phase...
2024-03-07 14:35:10,854 | INFO | hilo.kernel-accessor : Fetching kernel: laplace
2024-03-07 14:35:10,854 | INFO | hilo.laplace-kernel : Calculating Laplace distribution (location: 0.0, scale 1.0)
2024-03-07 14:35:10,855 | INFO | hilo.laplace-kernel : BOTTOM-RIGHT:
tensor([[0.0081, 0.0220, 0.0599],
        [0.0220, 0.0599, 0.1628],
        [0.0599, 0.1628, 0.4425]])
2024-03-07 14:35:10,855 | INFO | hilo.kernel-accessor : Fetching kernel: laplace
2024-03-07 14:35:10,855 | INFO | hilo.laplace-kernel : Calculating Laplace distribution (location: 0.0, scale 1.0)
2024-03-07 14:35:10,855 | INFO | hilo.laplace-kernel : TOP-LEFT:
tensor([[0.4425, 0.1628, 0.0599],
        [0.1628, 0.0599, 0.0220],
        [0.0599, 0.0220, 0.0081]])
2024-03-07 14:35:10,856 | INFO | hilo.kernel-accessor : Fetching kernel: laplace
2024-03-07 14:35:10,856 | INFO | hilo.laplace-kernel : Calculating Laplace distribution (location: 0.0, scale 1.0)
2024-03-07 14:35:10,856 | INFO | hilo.laplace-kernel : TOP-LEFT:
tensor([[0.4425, 0.1628, 0.0599],
        [0.1628, 0.0599, 0.0220],
        [0.0599, 0.0220, 0.0081]])
2024-03-07 14:35:10,856 | INFO | hilo.kernel-accessor : Fetching kernel: laplace
2024-03-07 14:35:10,856 | INFO | hilo.laplace-kernel : Calculating Laplace distribution (location: 0.0, scale 1.0)
2024-03-07 14:35:10,856 | INFO | hilo.laplace-kernel : BOTTOM-RIGHT:
tensor([[0.0081, 0.0220, 0.0599],
        [0.0220, 0.0599, 0.1628],
        [0.0599, 0.1628, 0.4425]])
2024-03-07 14:35:10,857 | INFO | hilo.kernel-accessor : Fetching kernel: laplace
2024-03-07 14:35:10,857 | INFO | hilo.laplace-kernel : Calculating Laplace distribution (location: 0.0, scale 1.0)
2024-03-07 14:35:10,857 | INFO | hilo.laplace-kernel : BOTTOM-RIGHT:
tensor([[0.0081, 0.0220, 0.0599],
        [0.0220, 0.0599, 0.1628],
        [0.0599, 0.1628, 0.4425]])
2024-03-07 14:35:10,857 | INFO | hilo.kernel-accessor : Fetching kernel: laplace
2024-03-07 14:35:10,857 | INFO | hilo.laplace-kernel : Calculating Laplace distribution (location: 0.0, scale 1.0)
2024-03-07 14:35:10,857 | INFO | hilo.laplace-kernel : STATIC:
tensor([[0.4425, 0.1628, 0.0599],
        [0.1628, 0.0599, 0.0220],
        [0.0599, 0.0220, 0.0081]])
2024-03-07 14:35:10,858 | INFO | hilo.kernel-accessor : Fetching kernel: laplace
2024-03-07 14:35:10,858 | INFO | hilo.laplace-kernel : Calculating Laplace distribution (location: 0.0, scale 1.0)
2024-03-07 14:35:10,858 | INFO | hilo.laplace-kernel : BOTTOM-RIGHT:
tensor([[0.0081, 0.0220, 0.0599],
        [0.0220, 0.0599, 0.1628],
        [0.0599, 0.1628, 0.4425]])
2024-03-07 14:35:10,858 | INFO | hilo.kernel-accessor : Fetching kernel: laplace
2024-03-07 14:35:10,858 | INFO | hilo.laplace-kernel : Calculating Laplace distribution (location: 0.0, scale 1.0)
2024-03-07 14:35:10,859 | INFO | hilo.laplace-kernel : TOP-LEFT:
tensor([[0.4425, 0.1628, 0.0599],
        [0.1628, 0.0599, 0.0220],
        [0.0599, 0.0220, 0.0081]])
2024-03-07 14:35:10,859 | INFO | hilo.kernel-accessor : Fetching kernel: laplace
2024-03-07 14:35:10,859 | INFO | hilo.laplace-kernel : Calculating Laplace distribution (location: 0.0, scale 1.0)
2024-03-07 14:35:10,859 | INFO | hilo.laplace-kernel : BOTTOM-RIGHT:
tensor([[0.0081, 0.0220, 0.0599],
        [0.0220, 0.0599, 0.1628],
        [0.0599, 0.1628, 0.4425]])
2024-03-07 14:35:10,859 | INFO | hilo.kernel-accessor : Fetching kernel: laplace
2024-03-07 14:35:10,859 | INFO | hilo.laplace-kernel : Calculating Laplace distribution (location: 0.0, scale 1.0)
2024-03-07 14:35:10,860 | INFO | hilo.laplace-kernel : STATIC:
tensor([[0.4425, 0.1628, 0.0599],
        [0.1628, 0.0599, 0.0220],
        [0.0599, 0.0220, 0.0081]])
2024-03-07 14:35:10,860 | INFO | hilo.kernel-accessor : Fetching kernel: laplace
2024-03-07 14:35:10,860 | INFO | hilo.laplace-kernel : Calculating Laplace distribution (location: 0.0, scale 1.0)
2024-03-07 14:35:10,860 | INFO | hilo.laplace-kernel : BOTTOM-RIGHT:
tensor([[0.0081, 0.0220, 0.0599],
        [0.0220, 0.0599, 0.1628],
        [0.0599, 0.1628, 0.4425]])
2024-03-07 14:35:10,860 | INFO | hilo.kernel-accessor : Fetching kernel: laplace
2024-03-07 14:35:10,860 | INFO | hilo.laplace-kernel : Calculating Laplace distribution (location: 0.0, scale 1.0)
2024-03-07 14:35:10,861 | INFO | hilo.laplace-kernel : STATIC:
tensor([[0.4425, 0.1628, 0.0599],
        [0.1628, 0.0599, 0.0220],
        [0.0599, 0.0220, 0.0081]])
2024-03-07 14:35:10,861 | INFO | hilo.kernel-accessor : Fetching kernel: laplace
2024-03-07 14:35:10,861 | INFO | hilo.laplace-kernel : Calculating Laplace distribution (location: 0.0, scale 1.0)
2024-03-07 14:35:10,861 | INFO | hilo.laplace-kernel : STATIC:
tensor([[0.4425, 0.1628, 0.0599],
        [0.1628, 0.0599, 0.0220],
        [0.0599, 0.0220, 0.0081]])
2024-03-07 14:35:10,861 | INFO | hilo.kernel-accessor : Fetching kernel: laplace
2024-03-07 14:35:10,861 | INFO | hilo.laplace-kernel : Calculating Laplace distribution (location: 0.0, scale 1.0)
2024-03-07 14:35:10,862 | INFO | hilo.laplace-kernel : STATIC:
tensor([[0.4425, 0.1628, 0.0599],
        [0.1628, 0.0599, 0.0220],
        [0.0599, 0.0220, 0.0081]])
2024-03-07 14:35:10,862 | INFO | hilo.kernel-accessor : Fetching kernel: laplace
2024-03-07 14:35:10,862 | INFO | hilo.laplace-kernel : Calculating Laplace distribution (location: 0.0, scale 1.0)
2024-03-07 14:35:10,862 | INFO | hilo.laplace-kernel : TOP-LEFT:
tensor([[0.4425, 0.1628, 0.0599],
        [0.1628, 0.0599, 0.0220],
        [0.0599, 0.0220, 0.0081]])
2024-03-07 14:35:10,862 | INFO | hilo.kernel-accessor : Fetching kernel: laplace
2024-03-07 14:35:10,862 | INFO | hilo.laplace-kernel : Calculating Laplace distribution (location: 0.0, scale 1.0)
2024-03-07 14:35:10,863 | INFO | hilo.laplace-kernel : TOP-LEFT:
tensor([[0.4425, 0.1628, 0.0599],
        [0.1628, 0.0599, 0.0220],
        [0.0599, 0.0220, 0.0081]])
2024-03-07 14:35:10,863 | INFO | hilo.kernel-accessor : Fetching kernel: laplace
2024-03-07 14:35:10,863 | INFO | hilo.laplace-kernel : Calculating Laplace distribution (location: 0.0, scale 1.0)
2024-03-07 14:35:10,863 | INFO | hilo.laplace-kernel : TOP-LEFT:
tensor([[0.4425, 0.1628, 0.0599],
        [0.1628, 0.0599, 0.0220],
        [0.0599, 0.0220, 0.0081]])
2024-03-07 14:36:32,368 | INFO | hilo : Epoch   1/200 | Accuracy:  41.0156 | Loss:   1.2807
2024-03-07 14:36:32,368 | INFO | hilo.kernel-accessor : Fetching kernel: laplace
2024-03-07 14:36:32,368 | INFO | hilo.laplace-kernel : Calculating Laplace distribution (location: -0.01369932759553194, scale 0.6869145631790161)
2024-03-07 14:36:32,369 | INFO | hilo.laplace-kernel : BOTTOM-RIGHT:
tensor([[0.0018, 0.0077, 0.0328],
        [0.0077, 0.0328, 0.1407],
        [0.0328, 0.1407, 0.6032]])
2024-03-07 14:36:32,369 | INFO | hilo.kernel-accessor : Fetching kernel: laplace
2024-03-07 14:36:32,370 | INFO | hilo.laplace-kernel : Calculating Laplace distribution (location: -0.5286951065063477, scale 2.2871956825256348)
2024-03-07 14:36:32,370 | INFO | hilo.laplace-kernel : TOP-LEFT:
tensor([[0.2350, 0.1518, 0.0980],
        [0.1518, 0.0980, 0.0633],
        [0.0980, 0.0633, 0.0409]])
2024-03-07 14:36:32,370 | INFO | hilo.kernel-accessor : Fetching kernel: laplace
2024-03-07 14:36:32,371 | INFO | hilo.laplace-kernel : Calculating Laplace distribution (location: -0.5210880637168884, scale 1.9935462474822998)
2024-03-07 14:36:32,371 | INFO | hilo.laplace-kernel : STATIC:
tensor([[0.2571, 0.1557, 0.0943],
        [0.1557, 0.0943, 0.0571],
        [0.0943, 0.0571, 0.0346]])
2024-03-07 14:36:32,371 | INFO | hilo.kernel-accessor : Fetching kernel: laplace
2024-03-07 14:36:32,372 | INFO | hilo.laplace-kernel : Calculating Laplace distribution (location: -0.4625186622142792, scale 2.1112914085388184)
2024-03-07 14:36:32,372 | INFO | hilo.laplace-kernel : STATIC:
tensor([[0.2474, 0.1541, 0.0959],
        [0.1541, 0.0959, 0.0597],
        [0.0959, 0.0597, 0.0372]])
2024-03-07 14:36:32,372 | INFO | hilo.kernel-accessor : Fetching kernel: laplace
2024-03-07 14:36:32,372 | INFO | hilo.laplace-kernel : Calculating Laplace distribution (location: -0.28889137506484985, scale 2.042330265045166)
2024-03-07 14:36:32,373 | INFO | hilo.laplace-kernel : TOP-LEFT:
tensor([[0.2529, 0.1550, 0.0950],
        [0.1550, 0.0950, 0.0582],
        [0.0950, 0.0582, 0.0357]])
2024-03-07 14:36:32,373 | INFO | hilo.kernel-accessor : Fetching kernel: laplace
2024-03-07 14:36:32,373 | INFO | hilo.laplace-kernel : Calculating Laplace distribution (location: -0.2526558041572571, scale 1.5127331018447876)
2024-03-07 14:36:32,374 | INFO | hilo.laplace-kernel : TOP-LEFT:
tensor([[0.3146, 0.1624, 0.0839],
        [0.1624, 0.0839, 0.0433],
        [0.0839, 0.0433, 0.0224]])
2024-03-07 14:36:32,374 | INFO | hilo.kernel-accessor : Fetching kernel: laplace
2024-03-07 14:36:32,374 | INFO | hilo.laplace-kernel : Calculating Laplace distribution (location: -0.18944051861763, scale 1.8147493600845337)
2024-03-07 14:36:32,375 | INFO | hilo.laplace-kernel : BOTTOM-RIGHT:
tensor([[0.0303, 0.0526, 0.0912],
        [0.0526, 0.0912, 0.1582],
        [0.0912, 0.1582, 0.2745]])
2024-03-07 14:36:32,375 | INFO | hilo.kernel-accessor : Fetching kernel: laplace
2024-03-07 14:36:32,375 | INFO | hilo.laplace-kernel : Calculating Laplace distribution (location: -0.0924278199672699, scale 1.7011908292770386)
2024-03-07 14:36:32,376 | INFO | hilo.laplace-kernel : BOTTOM-RIGHT:
tensor([[0.0274, 0.0493, 0.0888],
        [0.0493, 0.0888, 0.1599],
        [0.0888, 0.1599, 0.2878]])
2024-03-07 14:36:32,376 | INFO | hilo.kernel-accessor : Fetching kernel: laplace
2024-03-07 14:36:32,376 | INFO | hilo.laplace-kernel : Calculating Laplace distribution (location: -0.08441071212291718, scale 1.6371877193450928)
2024-03-07 14:36:32,377 | INFO | hilo.laplace-kernel : STATIC:
tensor([[0.2961, 0.1608, 0.0873],
        [0.1608, 0.0873, 0.0474],
        [0.0873, 0.0474, 0.0257]])
2024-03-07 14:36:32,377 | INFO | hilo.kernel-accessor : Fetching kernel: laplace
2024-03-07 14:36:32,377 | INFO | hilo.laplace-kernel : Calculating Laplace distribution (location: -0.009686695411801338, scale 1.2522423267364502)
2024-03-07 14:36:32,378 | INFO | hilo.laplace-kernel : TOP-LEFT:
tensor([[0.3662, 0.1648, 0.0742],
        [0.1648, 0.0742, 0.0334],
        [0.0742, 0.0334, 0.0150]])
2024-03-07 14:36:32,378 | INFO | hilo.kernel-accessor : Fetching kernel: laplace
2024-03-07 14:36:32,378 | INFO | hilo.laplace-kernel : Calculating Laplace distribution (location: -0.07747247070074081, scale 1.6350574493408203)
2024-03-07 14:36:32,379 | INFO | hilo.laplace-kernel : BOTTOM-RIGHT:
tensor([[0.0257, 0.0473, 0.0872],
        [0.0473, 0.0872, 0.1608],
        [0.0872, 0.1608, 0.2964]])
2024-03-07 14:36:32,379 | INFO | hilo.kernel-accessor : Fetching kernel: laplace
2024-03-07 14:36:32,379 | INFO | hilo.laplace-kernel : Calculating Laplace distribution (location: 0.09047761559486389, scale 1.6729702949523926)
2024-03-07 14:36:32,380 | INFO | hilo.laplace-kernel : TOP-LEFT:
tensor([[0.2695, 0.1652, 0.0909],
        [0.1652, 0.0909, 0.0500],
        [0.0909, 0.0500, 0.0275]])
2024-03-07 14:36:32,380 | INFO | hilo.kernel-accessor : Fetching kernel: laplace
2024-03-07 14:36:32,380 | INFO | hilo.laplace-kernel : Calculating Laplace distribution (location: -0.03984033688902855, scale 1.8836246728897095)
2024-03-07 14:36:32,381 | INFO | hilo.laplace-kernel : TOP-LEFT:
tensor([[0.2674, 0.1572, 0.0925],
        [0.1572, 0.0925, 0.0544],
        [0.0925, 0.0544, 0.0320]])
2024-03-07 14:36:32,381 | INFO | hilo.kernel-accessor : Fetching kernel: laplace
2024-03-07 14:36:32,381 | INFO | hilo.laplace-kernel : Calculating Laplace distribution (location: 0.06608597934246063, scale 1.3794492483139038)
2024-03-07 14:36:32,382 | INFO | hilo.laplace-kernel : BOTTOM-RIGHT:
tensor([[0.0192, 0.0397, 0.0819],
        [0.0397, 0.0819, 0.1692],
        [0.0819, 0.1692, 0.3173]])
2024-03-07 14:36:32,382 | INFO | hilo.kernel-accessor : Fetching kernel: laplace
2024-03-07 14:36:32,382 | INFO | hilo.laplace-kernel : Calculating Laplace distribution (location: 0.05419033393263817, scale 1.5803186893463135)
2024-03-07 14:36:32,383 | INFO | hilo.laplace-kernel : BOTTOM-RIGHT:
tensor([[0.0247, 0.0465, 0.0876],
        [0.0465, 0.0876, 0.1649],
        [0.0876, 0.1649, 0.2899]])
2024-03-07 14:36:32,383 | INFO | hilo.kernel-accessor : Fetching kernel: laplace
2024-03-07 14:36:32,383 | INFO | hilo.laplace-kernel : Calculating Laplace distribution (location: -0.11244173347949982, scale 1.8405026197433472)
2024-03-07 14:36:32,384 | INFO | hilo.laplace-kernel : TOP-LEFT:
tensor([[0.2718, 0.1579, 0.0917],
        [0.1579, 0.0917, 0.0533],
        [0.0917, 0.0533, 0.0309]])
2024-03-07 14:36:32,384 | INFO | hilo.kernel-accessor : Fetching kernel: laplace
2024-03-07 14:36:32,384 | INFO | hilo.laplace-kernel : Calculating Laplace distribution (location: -0.552478551864624, scale 2.264411449432373)
2024-03-07 14:36:32,385 | INFO | hilo.laplace-kernel : BOTTOM-RIGHT:
tensor([[0.0404, 0.0629, 0.0978],
        [0.0629, 0.0978, 0.1520],
        [0.0978, 0.1520, 0.2365]])
2024-03-07 14:37:53,038 | INFO | hilo : Epoch   2/200 | Accuracy:  46.3542 | Loss:   1.6244
2024-03-07 14:37:53,039 | INFO | hilo.kernel-accessor : Fetching kernel: laplace
2024-03-07 14:37:53,039 | INFO | hilo.laplace-kernel : Calculating Laplace distribution (location: -0.031683437526226044, scale 0.7365627884864807)
2024-03-07 14:37:53,040 | INFO | hilo.laplace-kernel : STATIC:
tensor([[0.5709, 0.1469, 0.0378],
        [0.1469, 0.0378, 0.0097],
        [0.0378, 0.0097, 0.0025]])
2024-03-07 14:37:53,040 | INFO | hilo.kernel-accessor : Fetching kernel: laplace
2024-03-07 14:37:53,040 | INFO | hilo.laplace-kernel : Calculating Laplace distribution (location: -0.6361168622970581, scale 1.6919009685516357)
2024-03-07 14:37:53,041 | INFO | hilo.laplace-kernel : BOTTOM-RIGHT:
tensor([[0.0272, 0.0491, 0.0886],
        [0.0491, 0.0886, 0.1600],
        [0.0886, 0.1600, 0.2889]])
2024-03-07 14:37:53,041 | INFO | hilo.kernel-accessor : Fetching kernel: laplace
2024-03-07 14:37:53,041 | INFO | hilo.laplace-kernel : Calculating Laplace distribution (location: -0.35127079486846924, scale 1.3201884031295776)
2024-03-07 14:37:53,041 | INFO | hilo.laplace-kernel : BOTTOM-RIGHT:
tensor([[0.0169, 0.0361, 0.0771],
        [0.0361, 0.0771, 0.1644],
        [0.0771, 0.1644, 0.3507]])
2024-03-07 14:37:53,042 | INFO | hilo.kernel-accessor : Fetching kernel: laplace
2024-03-07 14:37:53,042 | INFO | hilo.laplace-kernel : Calculating Laplace distribution (location: -0.289340615272522, scale 1.3237643241882324)
2024-03-07 14:37:53,042 | INFO | hilo.laplace-kernel : STATIC:
tensor([[0.3499, 0.1644, 0.0772],
        [0.1644, 0.0772, 0.0363],
        [0.0772, 0.0363, 0.0170]])
2024-03-07 14:37:53,042 | INFO | hilo.kernel-accessor : Fetching kernel: laplace
2024-03-07 14:37:53,042 | INFO | hilo.laplace-kernel : Calculating Laplace distribution (location: -0.2655363082885742, scale 1.3036754131317139)
2024-03-07 14:37:53,043 | INFO | hilo.laplace-kernel : BOTTOM-RIGHT:
tensor([[0.0165, 0.0355, 0.0764],
        [0.0355, 0.0764, 0.1645],
        [0.0764, 0.1645, 0.3543]])
2024-03-07 14:37:53,043 | INFO | hilo.kernel-accessor : Fetching kernel: laplace
2024-03-07 14:37:53,043 | INFO | hilo.laplace-kernel : Calculating Laplace distribution (location: -0.17404402792453766, scale 0.9486660957336426)
2024-03-07 14:37:53,044 | INFO | hilo.laplace-kernel : STATIC:
tensor([[0.4628, 0.1613, 0.0562],
        [0.1613, 0.0562, 0.0196],
        [0.0562, 0.0196, 0.0068]])
2024-03-07 14:37:53,044 | INFO | hilo.kernel-accessor : Fetching kernel: laplace
2024-03-07 14:37:53,044 | INFO | hilo.laplace-kernel : Calculating Laplace distribution (location: -0.19148822128772736, scale 1.1588308811187744)
2024-03-07 14:37:53,044 | INFO | hilo.laplace-kernel : BOTTOM-RIGHT:
tensor([[0.0124, 0.0293, 0.0695],
        [0.0293, 0.0695, 0.1648],
        [0.0695, 0.1648, 0.3907]])
2024-03-07 14:37:53,045 | INFO | hilo.kernel-accessor : Fetching kernel: laplace
2024-03-07 14:37:53,045 | INFO | hilo.laplace-kernel : Calculating Laplace distribution (location: -0.099097341299057, scale 1.1344573497772217)
2024-03-07 14:37:53,045 | INFO | hilo.laplace-kernel : BOTTOM-RIGHT:
tensor([[0.0117, 0.0283, 0.0682],
        [0.0283, 0.0682, 0.1647],
        [0.0682, 0.1647, 0.3977]])
2024-03-07 14:37:53,045 | INFO | hilo.kernel-accessor : Fetching kernel: laplace
2024-03-07 14:37:53,046 | INFO | hilo.laplace-kernel : Calculating Laplace distribution (location: -0.14980027079582214, scale 1.2205541133880615)
2024-03-07 14:37:53,046 | INFO | hilo.laplace-kernel : STATIC:
tensor([[0.3741, 0.1649, 0.0727],
        [0.1649, 0.0727, 0.0320],
        [0.0727, 0.0320, 0.0141]])
2024-03-07 14:37:53,046 | INFO | hilo.kernel-accessor : Fetching kernel: laplace
2024-03-07 14:37:53,046 | INFO | hilo.laplace-kernel : Calculating Laplace distribution (location: -0.08894825726747513, scale 0.9714397192001343)
2024-03-07 14:37:53,047 | INFO | hilo.laplace-kernel : TOP-LEFT:
tensor([[0.4536, 0.1620, 0.0579],
        [0.1620, 0.0579, 0.0207],
        [0.0579, 0.0207, 0.0074]])
2024-03-07 14:37:53,047 | INFO | hilo.kernel-accessor : Fetching kernel: laplace
2024-03-07 14:37:53,047 | INFO | hilo.laplace-kernel : Calculating Laplace distribution (location: -0.16140401363372803, scale 1.291853904724121)
2024-03-07 14:37:53,048 | INFO | hilo.laplace-kernel : STATIC:
tensor([[0.3570, 0.1646, 0.0759],
        [0.1646, 0.0759, 0.0350],
        [0.0759, 0.0350, 0.0161]])
2024-03-07 14:37:53,048 | INFO | hilo.kernel-accessor : Fetching kernel: laplace
2024-03-07 14:37:53,048 | INFO | hilo.laplace-kernel : Calculating Laplace distribution (location: 0.017698131501674652, scale 1.2758923768997192)
2024-03-07 14:37:53,048 | INFO | hilo.laplace-kernel : TOP-LEFT:
tensor([[0.3542, 0.1663, 0.0760],
        [0.1663, 0.0760, 0.0347],
        [0.0760, 0.0347, 0.0158]])
2024-03-07 14:37:53,048 | INFO | hilo.kernel-accessor : Fetching kernel: laplace
2024-03-07 14:37:53,049 | INFO | hilo.laplace-kernel : Calculating Laplace distribution (location: -0.12099350988864899, scale 1.398011326789856)
2024-03-07 14:37:53,049 | INFO | hilo.laplace-kernel : TOP-LEFT:
tensor([[0.3348, 0.1637, 0.0801],
        [0.1637, 0.0801, 0.0392],
        [0.0801, 0.0392, 0.0192]])
2024-03-07 14:37:53,049 | INFO | hilo.kernel-accessor : Fetching kernel: laplace
2024-03-07 14:37:53,049 | INFO | hilo.laplace-kernel : Calculating Laplace distribution (location: -0.039383064955472946, scale 0.937584638595581)
2024-03-07 14:37:53,050 | INFO | hilo.laplace-kernel : STATIC:
tensor([[0.4674, 0.1609, 0.0554],
        [0.1609, 0.0554, 0.0191],
        [0.0554, 0.0191, 0.0066]])
2024-03-07 14:37:53,050 | INFO | hilo.kernel-accessor : Fetching kernel: laplace
2024-03-07 14:37:53,050 | INFO | hilo.laplace-kernel : Calculating Laplace distribution (location: -0.021037477999925613, scale 1.1182522773742676)
2024-03-07 14:37:53,051 | INFO | hilo.laplace-kernel : TOP-LEFT:
tensor([[0.4025, 0.1646, 0.0673],
        [0.1646, 0.0673, 0.0275],
        [0.0673, 0.0275, 0.0113]])
2024-03-07 14:37:53,051 | INFO | hilo.kernel-accessor : Fetching kernel: laplace
2024-03-07 14:37:53,051 | INFO | hilo.laplace-kernel : Calculating Laplace distribution (location: -0.042167555540800095, scale 1.2027117013931274)
2024-03-07 14:37:53,051 | INFO | hilo.laplace-kernel : BOTTOM-RIGHT:
tensor([[0.0136, 0.0313, 0.0718],
        [0.0313, 0.0718, 0.1649],
        [0.0718, 0.1649, 0.3787]])
2024-03-07 14:37:53,052 | INFO | hilo.kernel-accessor : Fetching kernel: laplace
2024-03-07 14:37:53,052 | INFO | hilo.laplace-kernel : Calculating Laplace distribution (location: -0.5473838448524475, scale 1.9460562467575073)
2024-03-07 14:37:53,052 | INFO | hilo.laplace-kernel : STATIC:
tensor([[0.2614, 0.1563, 0.0935],
        [0.1563, 0.0935, 0.0559],
        [0.0935, 0.0559, 0.0335]])
2024-03-07 14:39:13,701 | INFO | hilo : Epoch   3/200 | Accuracy:  48.4375 | Loss:   1.5217
2024-03-07 14:39:13,701 | INFO | hilo.kernel-accessor : Fetching kernel: laplace
2024-03-07 14:39:13,702 | INFO | hilo.laplace-kernel : Calculating Laplace distribution (location: 0.0036919566337019205, scale 0.6788572072982788)
2024-03-07 14:39:13,702 | INFO | hilo.laplace-kernel : BOTTOM-RIGHT:
tensor([[0.0017, 0.0074, 0.0322],
        [0.0074, 0.0322, 0.1404],
        [0.0322, 0.1404, 0.6061]])
2024-03-07 14:39:13,702 | INFO | hilo.kernel-accessor : Fetching kernel: laplace
2024-03-07 14:39:13,703 | INFO | hilo.laplace-kernel : Calculating Laplace distribution (location: -0.7644548416137695, scale 1.7802517414093018)
2024-03-07 14:39:13,703 | INFO | hilo.laplace-kernel : TOP-LEFT:
tensor([[0.2784, 0.1587, 0.0905],
        [0.1587, 0.0905, 0.0516],
        [0.0905, 0.0516, 0.0294]])
2024-03-07 14:39:13,703 | INFO | hilo.kernel-accessor : Fetching kernel: laplace
2024-03-07 14:39:13,703 | INFO | hilo.laplace-kernel : Calculating Laplace distribution (location: -0.4042062759399414, scale 1.1596570014953613)
2024-03-07 14:39:13,703 | INFO | hilo.laplace-kernel : TOP-LEFT:
tensor([[0.3904, 0.1648, 0.0696],
        [0.1648, 0.0696, 0.0294],
        [0.0696, 0.0294, 0.0124]])
2024-03-07 14:39:13,703 | INFO | hilo.kernel-accessor : Fetching kernel: laplace
2024-03-07 14:39:13,704 | INFO | hilo.laplace-kernel : Calculating Laplace distribution (location: -0.20789910852909088, scale 1.0156785249710083)
2024-03-07 14:39:13,704 | INFO | hilo.laplace-kernel : BOTTOM-RIGHT:
tensor([[0.0085, 0.0228, 0.0610],
        [0.0228, 0.0610, 0.1632],
        [0.0610, 0.1632, 0.4367]])
2024-03-07 14:39:13,704 | INFO | hilo.kernel-accessor : Fetching kernel: laplace
2024-03-07 14:39:13,704 | INFO | hilo.laplace-kernel : Calculating Laplace distribution (location: -0.29988688230514526, scale 1.041849970817566)
2024-03-07 14:39:13,704 | INFO | hilo.laplace-kernel : BOTTOM-RIGHT:
tensor([[0.0092, 0.0240, 0.0627],
        [0.0240, 0.0627, 0.1637],
        [0.0627, 0.1637, 0.4274]])
2024-03-07 14:39:13,704 | INFO | hilo.kernel-accessor : Fetching kernel: laplace
2024-03-07 14:39:13,705 | INFO | hilo.laplace-kernel : Calculating Laplace distribution (location: -0.17803563177585602, scale 0.7130737900733948)
2024-03-07 14:39:13,705 | INFO | hilo.laplace-kernel : TOP-LEFT:
tensor([[0.5858, 0.1441, 0.0355],
        [0.1441, 0.0355, 0.0087],
        [0.0355, 0.0087, 0.0021]])
2024-03-07 14:39:13,705 | INFO | hilo.kernel-accessor : Fetching kernel: laplace
2024-03-07 14:39:13,705 | INFO | hilo.laplace-kernel : Calculating Laplace distribution (location: -0.1616603434085846, scale 0.7616370320320129)
2024-03-07 14:39:13,705 | INFO | hilo.laplace-kernel : TOP-LEFT:
tensor([[0.5558, 0.1495, 0.0402],
        [0.1495, 0.0402, 0.0108],
        [0.0402, 0.0108, 0.0029]])
2024-03-07 14:39:13,705 | INFO | hilo.kernel-accessor : Fetching kernel: laplace
2024-03-07 14:39:13,706 | INFO | hilo.laplace-kernel : Calculating Laplace distribution (location: -0.09891907870769501, scale 0.7140693664550781)
2024-03-07 14:39:13,706 | INFO | hilo.laplace-kernel : STATIC:
tensor([[0.5852, 0.1442, 0.0356],
        [0.1442, 0.0356, 0.0088],
        [0.0356, 0.0088, 0.0022]])
2024-03-07 14:39:13,706 | INFO | hilo.kernel-accessor : Fetching kernel: laplace
2024-03-07 14:39:13,706 | INFO | hilo.laplace-kernel : Calculating Laplace distribution (location: -0.17867982387542725, scale 0.8168804049491882)
2024-03-07 14:39:13,706 | INFO | hilo.laplace-kernel : TOP-LEFT:
tensor([[0.5248, 0.1543, 0.0454],
        [0.1543, 0.0454, 0.0133],
        [0.0454, 0.0133, 0.0039]])
2024-03-07 14:39:13,706 | INFO | hilo.kernel-accessor : Fetching kernel: laplace
2024-03-07 14:39:13,707 | INFO | hilo.laplace-kernel : Calculating Laplace distribution (location: -0.07961057871580124, scale 0.6735057234764099)
2024-03-07 14:39:13,707 | INFO | hilo.laplace-kernel : BOTTOM-RIGHT:
tensor([[0.0016, 0.0071, 0.0314],
        [0.0071, 0.0314, 0.1387],
        [0.0314, 0.1387, 0.6124]])
2024-03-07 14:39:13,707 | INFO | hilo.kernel-accessor : Fetching kernel: laplace
2024-03-07 14:39:13,707 | INFO | hilo.laplace-kernel : Calculating Laplace distribution (location: -0.15429577231407166, scale 0.834039568901062)
2024-03-07 14:39:13,707 | INFO | hilo.laplace-kernel : BOTTOM-RIGHT:
tensor([[0.0043, 0.0141, 0.0469],
        [0.0141, 0.0469, 0.1555],
        [0.0469, 0.1555, 0.5158]])
2024-03-07 14:39:13,707 | INFO | hilo.kernel-accessor : Fetching kernel: laplace
2024-03-07 14:39:13,708 | INFO | hilo.laplace-kernel : Calculating Laplace distribution (location: 0.04990806803107262, scale 0.7545973062515259)
2024-03-07 14:39:13,708 | INFO | hilo.laplace-kernel : STATIC:
tensor([[0.5271, 0.1599, 0.0425],
        [0.1599, 0.0425, 0.0113],
        [0.0425, 0.0113, 0.0030]])
2024-03-07 14:39:13,708 | INFO | hilo.kernel-accessor : Fetching kernel: laplace
2024-03-07 14:39:13,708 | INFO | hilo.laplace-kernel : Calculating Laplace distribution (location: -0.001539716962724924, scale 0.9165148138999939)
2024-03-07 14:39:13,708 | INFO | hilo.laplace-kernel : BOTTOM-RIGHT:
tensor([[0.0061, 0.0181, 0.0537],
        [0.0181, 0.0537, 0.1600],
        [0.0537, 0.1600, 0.4765]])
2024-03-07 14:39:13,709 | INFO | hilo.kernel-accessor : Fetching kernel: laplace
2024-03-07 14:39:13,709 | INFO | hilo.laplace-kernel : Calculating Laplace distribution (location: 0.0697338804602623, scale 0.6372822523117065)
2024-03-07 14:39:13,709 | INFO | hilo.laplace-kernel : TOP-LEFT:
tensor([[0.5865, 0.1520, 0.0316],
        [0.1520, 0.0316, 0.0066],
        [0.0316, 0.0066, 0.0014]])
2024-03-07 14:39:13,709 | INFO | hilo.kernel-accessor : Fetching kernel: laplace
2024-03-07 14:39:13,709 | INFO | hilo.laplace-kernel : Calculating Laplace distribution (location: 0.04176893085241318, scale 0.6982104182243347)
2024-03-07 14:39:13,709 | INFO | hilo.laplace-kernel : STATIC:
tensor([[0.5665, 0.1524, 0.0364],
        [0.1524, 0.0364, 0.0087],
        [0.0364, 0.0087, 0.0021]])
2024-03-07 14:39:13,710 | INFO | hilo.kernel-accessor : Fetching kernel: laplace
2024-03-07 14:39:13,710 | INFO | hilo.laplace-kernel : Calculating Laplace distribution (location: -0.009525700472295284, scale 0.8020959496498108)
2024-03-07 14:39:13,710 | INFO | hilo.laplace-kernel : TOP-LEFT:
tensor([[0.5327, 0.1531, 0.0440],
        [0.1531, 0.0440, 0.0127],
        [0.0440, 0.0127, 0.0036]])
2024-03-07 14:39:13,710 | INFO | hilo.kernel-accessor : Fetching kernel: laplace
2024-03-07 14:39:13,710 | INFO | hilo.laplace-kernel : Calculating Laplace distribution (location: -0.40541380643844604, scale 1.3918981552124023)
2024-03-07 14:39:13,710 | INFO | hilo.laplace-kernel : BOTTOM-RIGHT:
tensor([[0.0190, 0.0389, 0.0799],
        [0.0389, 0.0799, 0.1638],
        [0.0799, 0.1638, 0.3360]])
2024-03-07 14:40:34,332 | INFO | hilo : Epoch   4/200 | Accuracy:  49.4792 | Loss:   1.4375
2024-03-07 14:40:34,332 | INFO | hilo.kernel-accessor : Fetching kernel: laplace
2024-03-07 14:40:34,333 | INFO | hilo.laplace-kernel : Calculating Laplace distribution (location: -0.014265978708863258, scale 0.7112728357315063)
2024-03-07 14:40:34,333 | INFO | hilo.laplace-kernel : TOP-LEFT:
tensor([[0.5870, 0.1439, 0.0353],
        [0.1439, 0.0353, 0.0086],
        [0.0353, 0.0086, 0.0021]])
2024-03-07 14:40:34,333 | INFO | hilo.kernel-accessor : Fetching kernel: laplace
2024-03-07 14:40:34,334 | INFO | hilo.laplace-kernel : Calculating Laplace distribution (location: -0.7814427018165588, scale 1.839611291885376)
2024-03-07 14:40:34,334 | INFO | hilo.laplace-kernel : TOP-LEFT:
tensor([[0.2719, 0.1579, 0.0917],
        [0.1579, 0.0917, 0.0532],
        [0.0917, 0.0532, 0.0309]])
2024-03-07 14:40:34,334 | INFO | hilo.kernel-accessor : Fetching kernel: laplace
2024-03-07 14:40:34,334 | INFO | hilo.laplace-kernel : Calculating Laplace distribution (location: -0.4785975217819214, scale 1.2527652978897095)
2024-03-07 14:40:34,334 | INFO | hilo.laplace-kernel : BOTTOM-RIGHT:
tensor([[0.0150, 0.0334, 0.0742],
        [0.0334, 0.0742, 0.1648],
        [0.0742, 0.1648, 0.3661]])
2024-03-07 14:40:34,334 | INFO | hilo.kernel-accessor : Fetching kernel: laplace
2024-03-07 14:40:34,335 | INFO | hilo.laplace-kernel : Calculating Laplace distribution (location: -0.24962228536605835, scale 0.8592191934585571)
2024-03-07 14:40:34,335 | INFO | hilo.laplace-kernel : TOP-LEFT:
tensor([[0.5031, 0.1571, 0.0491],
        [0.1571, 0.0491, 0.0153],
        [0.0491, 0.0153, 0.0048]])
2024-03-07 14:40:34,335 | INFO | hilo.kernel-accessor : Fetching kernel: laplace
2024-03-07 14:40:34,335 | INFO | hilo.laplace-kernel : Calculating Laplace distribution (location: -0.2047717273235321, scale 0.7694190740585327)
2024-03-07 14:40:34,336 | INFO | hilo.laplace-kernel : BOTTOM-RIGHT:
tensor([[0.0030, 0.0112, 0.0410],
        [0.0112, 0.0410, 0.1503],
        [0.0410, 0.1503, 0.5512]])
2024-03-07 14:40:34,336 | INFO | hilo.kernel-accessor : Fetching kernel: laplace
2024-03-07 14:40:34,336 | INFO | hilo.laplace-kernel : Calculating Laplace distribution (location: -0.17479979991912842, scale 0.6443285942077637)
2024-03-07 14:40:34,336 | INFO | hilo.laplace-kernel : BOTTOM-RIGHT:
tensor([[0.0013, 0.0060, 0.0284],
        [0.0060, 0.0284, 0.1341],
        [0.0284, 0.1341, 0.6332]])
2024-03-07 14:40:34,336 | INFO | hilo.kernel-accessor : Fetching kernel: laplace
2024-03-07 14:40:34,336 | INFO | hilo.laplace-kernel : Calculating Laplace distribution (location: -0.08241681009531021, scale 0.5299228429794312)
2024-03-07 14:40:34,337 | INFO | hilo.laplace-kernel : TOP-LEFT:
tensor([[7.2496e-01, 1.0984e-01, 1.6643e-02],
        [1.0984e-01, 1.6643e-02, 2.5217e-03],
        [1.6643e-02, 2.5217e-03, 3.8207e-04]])
2024-03-07 14:40:34,337 | INFO | hilo.kernel-accessor : Fetching kernel: laplace
2024-03-07 14:40:34,337 | INFO | hilo.laplace-kernel : Calculating Laplace distribution (location: -0.0696001946926117, scale 0.4562649726867676)
2024-03-07 14:40:34,337 | INFO | hilo.laplace-kernel : STATIC:
tensor([[7.9124e-01, 8.8401e-02, 9.8767e-03],
        [8.8401e-02, 9.8767e-03, 1.1035e-03],
        [9.8767e-03, 1.1035e-03, 1.2329e-04]])
2024-03-07 14:40:34,337 | INFO | hilo.kernel-accessor : Fetching kernel: laplace
2024-03-07 14:40:34,337 | INFO | hilo.laplace-kernel : Calculating Laplace distribution (location: -0.07848449051380157, scale 0.5098861455917358)
2024-03-07 14:40:34,338 | INFO | hilo.laplace-kernel : STATIC:
tensor([[7.4255e-01, 1.0447e-01, 1.4697e-02],
        [1.0447e-01, 1.4697e-02, 2.0677e-03],
        [1.4697e-02, 2.0677e-03, 2.9089e-04]])
2024-03-07 14:40:34,338 | INFO | hilo.kernel-accessor : Fetching kernel: laplace
2024-03-07 14:40:34,338 | INFO | hilo.laplace-kernel : Calculating Laplace distribution (location: -0.0607282891869545, scale 0.45386311411857605)
2024-03-07 14:40:34,338 | INFO | hilo.laplace-kernel : STATIC:
tensor([[7.9346e-01, 8.7627e-02, 9.6773e-03],
        [8.7627e-02, 9.6773e-03, 1.0687e-03],
        [9.6773e-03, 1.0687e-03, 1.1803e-04]])
2024-03-07 14:40:34,338 | INFO | hilo.kernel-accessor : Fetching kernel: laplace
2024-03-07 14:40:34,338 | INFO | hilo.laplace-kernel : Calculating Laplace distribution (location: -0.09176930785179138, scale 0.5387489795684814)
2024-03-07 14:40:34,339 | INFO | hilo.laplace-kernel : BOTTOM-RIGHT:
tensor([[4.2782e-04, 2.7376e-03, 1.7518e-02],
        [2.7376e-03, 1.7518e-02, 1.1210e-01],
        [1.7518e-02, 1.1210e-01, 7.1734e-01]])
2024-03-07 14:40:34,339 | INFO | hilo.kernel-accessor : Fetching kernel: laplace
2024-03-07 14:40:34,339 | INFO | hilo.laplace-kernel : Calculating Laplace distribution (location: 0.023993002250790596, scale 0.5130979418754578)
2024-03-07 14:40:34,339 | INFO | hilo.laplace-kernel : BOTTOM-RIGHT:
tensor([[3.2589e-04, 2.2881e-03, 1.6066e-02],
        [2.2881e-03, 1.6066e-02, 1.1280e-01],
        [1.6066e-02, 1.1280e-01, 7.2130e-01]])
2024-03-07 14:40:34,339 | INFO | hilo.kernel-accessor : Fetching kernel: laplace
2024-03-07 14:40:34,339 | INFO | hilo.laplace-kernel : Calculating Laplace distribution (location: 0.014283997006714344, scale 0.5949955582618713)
2024-03-07 14:40:34,340 | INFO | hilo.laplace-kernel : STATIC:
tensor([[0.6601, 0.1290, 0.0240],
        [0.1290, 0.0240, 0.0045],
        [0.0240, 0.0045, 0.0008]])
2024-03-07 14:40:34,340 | INFO | hilo.kernel-accessor : Fetching kernel: laplace
2024-03-07 14:40:34,340 | INFO | hilo.laplace-kernel : Calculating Laplace distribution (location: 0.04386059194803238, scale 0.40288352966308594)
2024-03-07 14:40:34,340 | INFO | hilo.laplace-kernel : BOTTOM-RIGHT:
tensor([[4.9081e-05, 5.8732e-04, 7.0281e-03],
        [5.8732e-04, 7.0281e-03, 8.4102e-02],
        [7.0281e-03, 8.4102e-02, 8.0949e-01]])
2024-03-07 14:40:34,340 | INFO | hilo.kernel-accessor : Fetching kernel: laplace
2024-03-07 14:40:34,341 | INFO | hilo.laplace-kernel : Calculating Laplace distribution (location: 0.038785420358181, scale 0.43022817373275757)
2024-03-07 14:40:34,341 | INFO | hilo.laplace-kernel : STATIC:
tensor([[7.8671e-01, 9.2187e-02, 9.0202e-03],
        [9.2187e-02, 9.0202e-03, 8.8261e-04],
        [9.0202e-03, 8.8261e-04, 8.6360e-05]])
2024-03-07 14:40:34,341 | INFO | hilo.kernel-accessor : Fetching kernel: laplace
2024-03-07 14:40:34,341 | INFO | hilo.laplace-kernel : Calculating Laplace distribution (location: 0.03399212658405304, scale 0.4627858102321625)
2024-03-07 14:40:34,341 | INFO | hilo.laplace-kernel : TOP-LEFT:
tensor([[7.5941e-01, 1.0135e-01, 1.1679e-02],
        [1.0135e-01, 1.1679e-02, 1.3458e-03],
        [1.1679e-02, 1.3458e-03, 1.5507e-04]])
2024-03-07 14:40:34,341 | INFO | hilo.kernel-accessor : Fetching kernel: laplace
2024-03-07 14:40:34,342 | INFO | hilo.laplace-kernel : Calculating Laplace distribution (location: -0.020885877311229706, scale 0.5758142471313477)
2024-03-07 14:40:34,342 | INFO | hilo.laplace-kernel : BOTTOM-RIGHT:
tensor([[6.6007e-04, 3.7482e-03, 2.1284e-02],
        [3.7482e-03, 2.1284e-02, 1.2086e-01],
        [2.1284e-02, 1.2086e-01, 6.8628e-01]])
2024-03-07 14:41:55,014 | INFO | hilo : Epoch   5/200 | Accuracy:  47.9167 | Loss:   1.2914
2024-03-07 14:41:55,014 | INFO | hilo.kernel-accessor : Fetching kernel: laplace
2024-03-07 14:41:55,014 | INFO | hilo.laplace-kernel : Calculating Laplace distribution (location: -0.017998959869146347, scale 0.7416837811470032)
2024-03-07 14:41:55,015 | INFO | hilo.laplace-kernel : BOTTOM-RIGHT:
tensor([[0.0026, 0.0099, 0.0383],
        [0.0099, 0.0383, 0.1474],
        [0.0383, 0.1474, 0.5678]])
2024-03-07 14:41:55,015 | INFO | hilo.kernel-accessor : Fetching kernel: laplace
2024-03-07 14:41:55,015 | INFO | hilo.laplace-kernel : Calculating Laplace distribution (location: -1.1403740644454956, scale 2.188114643096924)
2024-03-07 14:41:55,016 | INFO | hilo.laplace-kernel : BOTTOM-RIGHT:
tensor([[0.0388, 0.0614, 0.0969],
        [0.0614, 0.0969, 0.1530],
        [0.0969, 0.1530, 0.2417]])
2024-03-07 14:41:55,016 | INFO | hilo.kernel-accessor : Fetching kernel: laplace
2024-03-07 14:41:55,016 | INFO | hilo.laplace-kernel : Calculating Laplace distribution (location: -0.45187023282051086, scale 1.1756857633590698)
2024-03-07 14:41:55,016 | INFO | hilo.laplace-kernel : BOTTOM-RIGHT:
tensor([[0.0129, 0.0301, 0.0704],
        [0.0301, 0.0704, 0.1649],
        [0.0704, 0.1649, 0.3860]])
2024-03-07 14:41:55,016 | INFO | hilo.kernel-accessor : Fetching kernel: laplace
2024-03-07 14:41:55,016 | INFO | hilo.laplace-kernel : Calculating Laplace distribution (location: -0.1799260377883911, scale 0.8530800342559814)
2024-03-07 14:41:55,017 | INFO | hilo.laplace-kernel : BOTTOM-RIGHT:
tensor([[0.0047, 0.0150, 0.0485],
        [0.0150, 0.0485, 0.1567],
        [0.0485, 0.1567, 0.5062]])
2024-03-07 14:41:55,017 | INFO | hilo.kernel-accessor : Fetching kernel: laplace
2024-03-07 14:41:55,017 | INFO | hilo.laplace-kernel : Calculating Laplace distribution (location: -0.08140376210212708, scale 0.7984158992767334)
2024-03-07 14:41:55,017 | INFO | hilo.laplace-kernel : BOTTOM-RIGHT:
tensor([[0.0036, 0.0125, 0.0437],
        [0.0125, 0.0437, 0.1528],
        [0.0437, 0.1528, 0.5348]])
2024-03-07 14:41:55,017 | INFO | hilo.kernel-accessor : Fetching kernel: laplace
2024-03-07 14:41:55,017 | INFO | hilo.laplace-kernel : Calculating Laplace distribution (location: -0.08044374734163284, scale 0.6527416706085205)
2024-03-07 14:41:55,018 | INFO | hilo.laplace-kernel : STATIC:
tensor([[0.6271, 0.1355, 0.0293],
        [0.1355, 0.0293, 0.0063],
        [0.0293, 0.0063, 0.0014]])
2024-03-07 14:41:55,018 | INFO | hilo.kernel-accessor : Fetching kernel: laplace
2024-03-07 14:41:55,018 | INFO | hilo.laplace-kernel : Calculating Laplace distribution (location: -0.21469447016716003, scale 0.6502361297607422)
2024-03-07 14:41:55,018 | INFO | hilo.laplace-kernel : BOTTOM-RIGHT:
tensor([[0.0013, 0.0062, 0.0290],
        [0.0062, 0.0290, 0.1351],
        [0.0290, 0.1351, 0.6289]])
2024-03-07 14:41:55,018 | INFO | hilo.kernel-accessor : Fetching kernel: laplace
2024-03-07 14:41:55,018 | INFO | hilo.laplace-kernel : Calculating Laplace distribution (location: -0.0454045906662941, scale 0.42206212878227234)
2024-03-07 14:41:55,019 | INFO | hilo.laplace-kernel : BOTTOM-RIGHT:
tensor([[6.3020e-05, 6.7369e-04, 7.2018e-03],
        [6.7369e-04, 7.2018e-03, 7.6988e-02],
        [7.2018e-03, 7.6988e-02, 8.2301e-01]])
2024-03-07 14:41:55,019 | INFO | hilo.kernel-accessor : Fetching kernel: laplace
2024-03-07 14:41:55,019 | INFO | hilo.laplace-kernel : Calculating Laplace distribution (location: -0.05526677891612053, scale 0.4618860185146332)
2024-03-07 14:41:55,019 | INFO | hilo.laplace-kernel : STATIC:
tensor([[7.8605e-01, 9.0196e-02, 1.0350e-02],
        [9.0196e-02, 1.0350e-02, 1.1876e-03],
        [1.0350e-02, 1.1876e-03, 1.3627e-04]])
2024-03-07 14:41:55,019 | INFO | hilo.kernel-accessor : Fetching kernel: laplace
2024-03-07 14:41:55,019 | INFO | hilo.laplace-kernel : Calculating Laplace distribution (location: -0.01321476325392723, scale 0.39505624771118164)
2024-03-07 14:41:55,020 | INFO | hilo.laplace-kernel : STATIC:
tensor([[8.4807e-01, 6.7470e-02, 5.3677e-03],
        [6.7470e-02, 5.3677e-03, 4.2703e-04],
        [5.3677e-03, 4.2703e-04, 3.3973e-05]])
