2023-12-04 01:15:47,340 | INFO | hi-lo : 
+==============================================================+
|                                                              |
| ██████╗  █████╗ ██████╗ ██╗         ██╗      █████╗ ██████╗  |
| ██╔══██╗██╔══██╗██╔══██╗██║         ██║     ██╔══██╗██╔══██╗ |
| ██║  ██║███████║██║  ██║██║         ██║     ███████║██████╔╝ |
| ██║  ██║██╔══██║██║  ██║██║         ██║     ██╔══██║██╔══██╗ |
| ██████╔╝██║  ██║██████╔╝███████╗    ███████╗██║  ██║██████╔╝ |
| ╚═════╝ ╚═╝  ╚═╝╚═════╝ ╚══════╝    ╚══════╝╚═╝  ╚═╝╚═════╝  |
|                                                              |
+==============================================================+
|             Hi-Lo Resolution Image Classification            |
|             -------------------------------------            |
|                       Gabriel C. Trahan                      |
|                          Sahan Ahmad                         |
|                       MD  Aminual Islam                      |
+==============================================================+
| MODEL:                 normal | LR:                      0.1 |
| DISTRO:               laplace | KERNEL TYPE:               5 |
| DATASET:             cifar100 | BATCH SIZE:               64 |
+=========================================================================+
2023-12-04 01:15:47,340 | INFO | hi-lo : Output directory: output/normal/laplace/5/cifar100/20231204_011547
2023-12-04 01:15:47,340 | INFO | hi-lo.dataset-accessor : Fetching dataset: cifar100
2023-12-04 01:15:47,340 | INFO | hi-lo.cifar100-dataset : Initializing transform.
2023-12-04 01:15:47,340 | INFO | hi-lo.cifar100-dataset : Verifying/downloading train data.
2023-12-04 01:15:47,953 | INFO | hi-lo.cifar100-dataset : Verifying/downloading test data.
2023-12-04 01:15:48,443 | INFO | hi-lo.cifar100-dataset : Creating train data loader.
2023-12-04 01:15:48,443 | INFO | hi-lo.cifar100-dataset : Creating test data loader.
2023-12-04 01:15:49,456 | INFO | hi-lo : Using device: NVIDIA GeForce GTX 1060 6GB
2023-12-04 01:15:49,456 | INFO | hi-lo : Commencing training phase...
2023-12-04 01:15:49,457 | INFO | hi-lo : BEGIN EPOCH 1 =========================================================================
2023-12-04 01:15:49,457 | INFO | hi-lo.kernel-accessor : Fetching kernel: laplace
2023-12-04 01:15:49,458 | INFO | hi-lo.laplace-kernel : MU (LOCATION): 0.0 | SIGMA (SCALE): 1.0
2023-12-04 01:15:49,459 | INFO | hi-lo.laplace-kernel : TOP-RIGHT
tensor([[0.0599, 0.1628, 0.4425],
        [0.0220, 0.0599, 0.1628],
        [0.0081, 0.0220, 0.0599]])
2023-12-04 01:15:49,459 | INFO | hi-lo.kernel-accessor : Fetching kernel: laplace
2023-12-04 01:15:49,459 | INFO | hi-lo.laplace-kernel : MU (LOCATION): 0.0 | SIGMA (SCALE): 1.0
2023-12-04 01:15:49,459 | INFO | hi-lo.laplace-kernel : TOP-LEFT
tensor([[0.4425, 0.1628, 0.0599],
        [0.1628, 0.0599, 0.0220],
        [0.0599, 0.0220, 0.0081]])
2023-12-04 01:15:49,459 | INFO | hi-lo.kernel-accessor : Fetching kernel: laplace
2023-12-04 01:15:49,459 | INFO | hi-lo.laplace-kernel : MU (LOCATION): 0.0 | SIGMA (SCALE): 1.0
2023-12-04 01:15:49,460 | INFO | hi-lo.laplace-kernel : TOP-LEFT
tensor([[0.4425, 0.1628, 0.0599],
        [0.1628, 0.0599, 0.0220],
        [0.0599, 0.0220, 0.0081]])
2023-12-04 01:15:49,460 | INFO | hi-lo.kernel-accessor : Fetching kernel: laplace
2023-12-04 01:15:49,460 | INFO | hi-lo.laplace-kernel : MU (LOCATION): 0.0 | SIGMA (SCALE): 1.0
2023-12-04 01:15:49,460 | INFO | hi-lo.laplace-kernel : TOP-LEFT
tensor([[0.4425, 0.1628, 0.0599],
        [0.1628, 0.0599, 0.0220],
        [0.0599, 0.0220, 0.0081]])
2023-12-04 01:15:58,814 | INFO | hi-lo : END EPOCH:   1 | ACCURACY: 11.56 | LOSS: 2.304532289505005
2023-12-04 01:15:58,814 | INFO | hi-lo : BEGIN EPOCH 2 =========================================================================
2023-12-04 01:15:58,814 | INFO | hi-lo.kernel-accessor : Fetching kernel: laplace
2023-12-04 01:15:58,815 | INFO | hi-lo.laplace-kernel : MU (LOCATION): 0.015278752893209457 | SIGMA (SCALE): 0.5187665224075317
2023-12-04 01:15:58,816 | INFO | hi-lo.laplace-kernel : TOP-LEFT
tensor([[7.2307e-01, 1.1158e-01, 1.6234e-02],
        [1.1158e-01, 1.6234e-02, 2.3619e-03],
        [1.6234e-02, 2.3619e-03, 3.4363e-04]])
2023-12-04 01:15:58,816 | INFO | hi-lo.kernel-accessor : Fetching kernel: laplace
2023-12-04 01:15:58,816 | INFO | hi-lo.laplace-kernel : MU (LOCATION): -0.6210997104644775 | SIGMA (SCALE): 2.024824380874634
2023-12-04 01:15:58,817 | INFO | hi-lo.laplace-kernel : TOP-LEFT
tensor([[0.2544, 0.1552, 0.0947],
        [0.1552, 0.0947, 0.0578],
        [0.0947, 0.0578, 0.0353]])
2023-12-04 01:15:58,817 | INFO | hi-lo.kernel-accessor : Fetching kernel: laplace
2023-12-04 01:15:58,817 | INFO | hi-lo.laplace-kernel : MU (LOCATION): -8.285114288330078 | SIGMA (SCALE): 13.830872535705566
2023-12-04 01:15:58,818 | INFO | hi-lo.laplace-kernel : TOP-LEFT
tensor([[0.1280, 0.1190, 0.1107],
        [0.1190, 0.1107, 0.1030],
        [0.1107, 0.1030, 0.0958]])
2023-12-04 01:15:58,818 | INFO | hi-lo.kernel-accessor : Fetching kernel: laplace
2023-12-04 01:15:58,818 | INFO | hi-lo.laplace-kernel : MU (LOCATION): -0.2003064751625061 | SIGMA (SCALE): 0.6767122745513916
2023-12-04 01:15:58,819 | INFO | hi-lo.laplace-kernel : TOP-LEFT
tensor([[0.6102, 0.1392, 0.0318],
        [0.1392, 0.0318, 0.0072],
        [0.0318, 0.0072, 0.0017]])
2023-12-04 01:16:07,398 | INFO | hi-lo : END EPOCH:   2 | ACCURACY: 12.11 | LOSS: 2.3173248767852783
2023-12-04 01:16:07,398 | INFO | hi-lo : BEGIN EPOCH 3 =========================================================================
2023-12-04 01:16:07,398 | INFO | hi-lo.kernel-accessor : Fetching kernel: laplace
2023-12-04 01:16:07,399 | INFO | hi-lo.laplace-kernel : MU (LOCATION): -0.052416976541280746 | SIGMA (SCALE): 0.5027393698692322
2023-12-04 01:16:07,400 | INFO | hi-lo.laplace-kernel : TOP-RIGHT
tensor([[1.4019e-02, 1.0247e-01, 7.4891e-01],
        [1.9181e-03, 1.4019e-02, 1.0247e-01],
        [2.6243e-04, 1.9181e-03, 1.4019e-02]])
2023-12-04 01:16:07,400 | INFO | hi-lo.kernel-accessor : Fetching kernel: laplace
2023-12-04 01:16:07,401 | INFO | hi-lo.laplace-kernel : MU (LOCATION): -0.43460017442703247 | SIGMA (SCALE): 1.2588235139846802
2023-12-04 01:16:07,401 | INFO | hi-lo.laplace-kernel : TOP-RIGHT
tensor([[0.0744, 0.1648, 0.3646],
        [0.0336, 0.0744, 0.1648],
        [0.0152, 0.0336, 0.0744]])
2023-12-04 01:16:07,401 | INFO | hi-lo.kernel-accessor : Fetching kernel: laplace
2023-12-04 01:16:07,402 | INFO | hi-lo.laplace-kernel : MU (LOCATION): -3.3653440475463867 | SIGMA (SCALE): 5.467343330383301
2023-12-04 01:16:07,402 | INFO | hi-lo.laplace-kernel : TOP-LEFT
tensor([[0.1567, 0.1305, 0.1087],
        [0.1305, 0.1087, 0.0905],
        [0.1087, 0.0905, 0.0754]])
2023-12-04 01:16:07,402 | INFO | hi-lo.kernel-accessor : Fetching kernel: laplace
2023-12-04 01:16:07,403 | INFO | hi-lo.laplace-kernel : MU (LOCATION): -0.13510650396347046 | SIGMA (SCALE): 0.45718854665756226
2023-12-04 01:16:07,403 | INFO | hi-lo.laplace-kernel : TOP-LEFT
tensor([[7.9038e-01, 8.8698e-02, 9.9538e-03],
        [8.8698e-02, 9.9538e-03, 1.1170e-03],
        [9.9538e-03, 1.1170e-03, 1.2535e-04]])
2023-12-04 01:16:15,907 | INFO | hi-lo : END EPOCH:   3 | ACCURACY: 14.06 | LOSS: 2.3186516761779785
2023-12-04 01:16:15,907 | INFO | hi-lo : BEGIN EPOCH 4 =========================================================================
2023-12-04 01:16:15,907 | INFO | hi-lo.kernel-accessor : Fetching kernel: laplace
2023-12-04 01:16:15,908 | INFO | hi-lo.laplace-kernel : MU (LOCATION): -0.16073723137378693 | SIGMA (SCALE): 0.5054699182510376
2023-12-04 01:16:15,908 | INFO | hi-lo.laplace-kernel : TOP-RIGHT
tensor([[1.4277e-02, 1.0323e-01, 7.4648e-01],
        [1.9745e-03, 1.4277e-02, 1.0323e-01],
        [2.7306e-04, 1.9745e-03, 1.4277e-02]])
2023-12-04 01:16:15,908 | INFO | hi-lo.kernel-accessor : Fetching kernel: laplace
2023-12-04 01:16:15,908 | INFO | hi-lo.laplace-kernel : MU (LOCATION): -0.3335992097854614 | SIGMA (SCALE): 0.948804497718811
2023-12-04 01:16:15,909 | INFO | hi-lo.laplace-kernel : TOP-LEFT
tensor([[0.4627, 0.1613, 0.0562],
        [0.1613, 0.0562, 0.0196],
        [0.0562, 0.0196, 0.0068]])
2023-12-04 01:16:15,909 | INFO | hi-lo.kernel-accessor : Fetching kernel: laplace
2023-12-04 01:16:15,909 | INFO | hi-lo.laplace-kernel : MU (LOCATION): -1.6369956731796265 | SIGMA (SCALE): 2.827815532684326
2023-12-04 01:16:15,909 | INFO | hi-lo.laplace-kernel : TOP-RIGHT
tensor([[0.1023, 0.1457, 0.2075],
        [0.0718, 0.1023, 0.1457],
        [0.0504, 0.0718, 0.1023]])
2023-12-04 01:16:15,909 | INFO | hi-lo.kernel-accessor : Fetching kernel: laplace
2023-12-04 01:16:15,910 | INFO | hi-lo.laplace-kernel : MU (LOCATION): -0.0912322998046875 | SIGMA (SCALE): 0.30882036685943604
2023-12-04 01:16:15,910 | INFO | hi-lo.laplace-kernel : TOP-RIGHT
tensor([[1.4213e-03, 3.6223e-02, 9.2318e-01],
        [5.5767e-05, 1.4213e-03, 3.6223e-02],
        [2.1882e-06, 5.5767e-05, 1.4213e-03]])
2023-12-04 01:16:24,483 | INFO | hi-lo : END EPOCH:   4 | ACCURACY: 12.5 | LOSS: 2.3309125900268555
2023-12-04 01:16:24,483 | INFO | hi-lo : BEGIN EPOCH 5 =========================================================================
2023-12-04 01:16:24,483 | INFO | hi-lo.kernel-accessor : Fetching kernel: laplace
2023-12-04 01:16:24,484 | INFO | hi-lo.laplace-kernel : MU (LOCATION): -0.022771764546632767 | SIGMA (SCALE): 0.5499547719955444
2023-12-04 01:16:24,484 | INFO | hi-lo.laplace-kernel : TOP-LEFT
tensor([[7.0779e-01, 1.1487e-01, 1.8643e-02],
        [1.1487e-01, 1.8643e-02, 3.0257e-03],
        [1.8643e-02, 3.0257e-03, 4.9106e-04]])
2023-12-04 01:16:24,485 | INFO | hi-lo.kernel-accessor : Fetching kernel: laplace
2023-12-04 01:16:24,485 | INFO | hi-lo.laplace-kernel : MU (LOCATION): -0.19985491037368774 | SIGMA (SCALE): 0.65718674659729
2023-12-04 01:16:24,486 | INFO | hi-lo.laplace-kernel : TOP-LEFT
tensor([[0.6239, 0.1362, 0.0297],
        [0.1362, 0.0297, 0.0065],
        [0.0297, 0.0065, 0.0014]])
2023-12-04 01:16:24,486 | INFO | hi-lo.kernel-accessor : Fetching kernel: laplace
2023-12-04 01:16:24,486 | INFO | hi-lo.laplace-kernel : MU (LOCATION): -0.894692599773407 | SIGMA (SCALE): 1.4469705820083618
2023-12-04 01:16:24,487 | INFO | hi-lo.laplace-kernel : TOP-LEFT
tensor([[0.3258, 0.1632, 0.0818],
        [0.1632, 0.0818, 0.0410],
        [0.0818, 0.0410, 0.0205]])
2023-12-04 01:16:24,487 | INFO | hi-lo.kernel-accessor : Fetching kernel: laplace
2023-12-04 01:16:24,487 | INFO | hi-lo.laplace-kernel : MU (LOCATION): -0.06163126975297928 | SIGMA (SCALE): 0.20859163999557495
2023-12-04 01:16:24,488 | INFO | hi-lo.laplace-kernel : TOP-RIGHT
tensor([[6.7409e-05, 8.1423e-03, 9.8351e-01],
        [5.5806e-07, 6.7409e-05, 8.1423e-03],
        [4.6201e-09, 5.5806e-07, 6.7409e-05]])
2023-12-04 01:16:33,037 | INFO | hi-lo : END EPOCH:   5 | ACCURACY: 10.04 | LOSS: 2.3207390308380127
2023-12-04 01:16:33,037 | INFO | hi-lo : BEGIN EPOCH 6 =========================================================================
2023-12-04 01:16:33,037 | INFO | hi-lo.kernel-accessor : Fetching kernel: laplace
2023-12-04 01:16:33,038 | INFO | hi-lo.laplace-kernel : MU (LOCATION): -0.08842341601848602 | SIGMA (SCALE): 0.5073519945144653
2023-12-04 01:16:33,038 | INFO | hi-lo.laplace-kernel : TOP-RIGHT
tensor([[1.4456e-02, 1.0376e-01, 7.4480e-01],
        [2.0139e-03, 1.4456e-02, 1.0376e-01],
        [2.8056e-04, 2.0139e-03, 1.4456e-02]])
2023-12-04 01:16:33,038 | INFO | hi-lo.kernel-accessor : Fetching kernel: laplace
2023-12-04 01:16:33,039 | INFO | hi-lo.laplace-kernel : MU (LOCATION): -0.14199692010879517 | SIGMA (SCALE): 0.41500598192214966
2023-12-04 01:16:33,039 | INFO | hi-lo.laplace-kernel : TOP-RIGHT
tensor([[6.6973e-03, 7.4538e-02, 8.2957e-01],
        [6.0176e-04, 6.6973e-03, 7.4538e-02],
        [5.4069e-05, 6.0176e-04, 6.6973e-03]])
2023-12-04 01:16:33,040 | INFO | hi-lo.kernel-accessor : Fetching kernel: laplace
2023-12-04 01:16:33,040 | INFO | hi-lo.laplace-kernel : MU (LOCATION): -0.36882099509239197 | SIGMA (SCALE): 0.5786318778991699
2023-12-04 01:16:33,040 | INFO | hi-lo.laplace-kernel : TOP-RIGHT
tensor([[2.1574e-02, 1.2148e-01, 6.8398e-01],
        [3.8316e-03, 2.1574e-02, 1.2148e-01],
        [6.8050e-04, 3.8316e-03, 2.1574e-02]])
2023-12-04 01:16:33,041 | INFO | hi-lo.kernel-accessor : Fetching kernel: laplace
2023-12-04 01:16:33,041 | INFO | hi-lo.laplace-kernel : MU (LOCATION): -0.04169681668281555 | SIGMA (SCALE): 0.14086087048053741
2023-12-04 01:16:33,041 | INFO | hi-lo.laplace-kernel : TOP-LEFT
tensor([[9.9835e-01, 8.2440e-04, 6.8076e-07],
        [8.2440e-04, 6.8076e-07, 5.6214e-10],
        [6.8076e-07, 5.6214e-10, 4.6420e-13]])
2023-12-04 01:16:41,652 | INFO | hi-lo : END EPOCH:   6 | ACCURACY: 11.81 | LOSS: 2.291015386581421
2023-12-04 01:16:41,652 | INFO | hi-lo : BEGIN EPOCH 7 =========================================================================
2023-12-04 01:16:41,652 | INFO | hi-lo.kernel-accessor : Fetching kernel: laplace
2023-12-04 01:16:41,653 | INFO | hi-lo.laplace-kernel : MU (LOCATION): -0.08544601500034332 | SIGMA (SCALE): 0.46809929609298706
2023-12-04 01:16:41,653 | INFO | hi-lo.laplace-kernel : TOP-RIGHT
tensor([[1.0882e-02, 9.2150e-02, 7.8033e-01],
        [1.2851e-03, 1.0882e-02, 9.2150e-02],
        [1.5176e-04, 1.2851e-03, 1.0882e-02]])
2023-12-04 01:16:41,654 | INFO | hi-lo.kernel-accessor : Fetching kernel: laplace
2023-12-04 01:16:41,654 | INFO | hi-lo.laplace-kernel : MU (LOCATION): -0.10222623497247696 | SIGMA (SCALE): 0.24867971241474152
2023-12-04 01:16:41,655 | INFO | hi-lo.laplace-kernel : TOP-LEFT
tensor([[9.6447e-01, 1.7294e-02, 3.1009e-04],
        [1.7294e-02, 3.1009e-04, 5.5602e-06],
        [3.1009e-04, 5.5602e-06, 9.9698e-08]])
2023-12-04 01:16:41,655 | INFO | hi-lo.kernel-accessor : Fetching kernel: laplace
2023-12-04 01:16:41,655 | INFO | hi-lo.laplace-kernel : MU (LOCATION): -0.147853821516037 | SIGMA (SCALE): 0.24052751064300537
2023-12-04 01:16:41,656 | INFO | hi-lo.laplace-kernel : TOP-RIGHT
tensor([[2.3720e-04, 1.5161e-02, 9.6896e-01],
        [3.7113e-06, 2.3720e-04, 1.5161e-02],
        [5.8068e-08, 3.7113e-06, 2.3720e-04]])
2023-12-04 01:16:41,656 | INFO | hi-lo.kernel-accessor : Fetching kernel: laplace
2023-12-04 01:16:41,656 | INFO | hi-lo.laplace-kernel : MU (LOCATION): -0.028133144602179527 | SIGMA (SCALE): 0.09518372267484665
2023-12-04 01:16:41,657 | INFO | hi-lo.laplace-kernel : TOP-LEFT
tensor([[9.9995e-01, 2.7370e-05, 7.4917e-10],
        [2.7370e-05, 7.4917e-10, 2.0506e-14],
        [7.4917e-10, 2.0506e-14, 5.6129e-19]])
2023-12-04 01:16:50,230 | INFO | hi-lo : END EPOCH:   7 | ACCURACY: 11.88 | LOSS: 2.3322033882141113
2023-12-04 01:16:50,230 | INFO | hi-lo : BEGIN EPOCH 8 =========================================================================
2023-12-04 01:16:50,230 | INFO | hi-lo.kernel-accessor : Fetching kernel: laplace
2023-12-04 01:16:50,231 | INFO | hi-lo.laplace-kernel : MU (LOCATION): -0.038083530962467194 | SIGMA (SCALE): 0.5596543550491333
2023-12-04 01:16:50,232 | INFO | hi-lo.laplace-kernel : TOP-LEFT
tensor([[6.9963e-01, 1.1718e-01, 1.9627e-02],
        [1.1718e-01, 1.9627e-02, 3.2874e-03],
        [1.9627e-02, 3.2874e-03, 5.5062e-04]])
2023-12-04 01:16:50,232 | INFO | hi-lo.kernel-accessor : Fetching kernel: laplace
2023-12-04 01:16:50,232 | INFO | hi-lo.laplace-kernel : MU (LOCATION): -0.06515910476446152 | SIGMA (SCALE): 0.20701751112937927
2023-12-04 01:16:50,233 | INFO | hi-lo.laplace-kernel : TOP-RIGHT
tensor([[6.2706e-05, 7.8555e-03, 9.8410e-01],
        [5.0055e-07, 6.2706e-05, 7.8555e-03],
        [3.9956e-09, 5.0055e-07, 6.2706e-05]])
2023-12-04 01:16:50,233 | INFO | hi-lo.kernel-accessor : Fetching kernel: laplace
2023-12-04 01:16:50,233 | INFO | hi-lo.laplace-kernel : MU (LOCATION): -0.0979880690574646 | SIGMA (SCALE): 0.14924117922782898
2023-12-04 01:16:50,234 | INFO | hi-lo.laplace-kernel : TOP-LEFT
tensor([[9.9754e-01, 1.2272e-03, 1.5097e-06],
        [1.2272e-03, 1.5097e-06, 1.8573e-09],
        [1.5097e-06, 1.8573e-09, 2.2849e-12]])
2023-12-04 01:16:50,234 | INFO | hi-lo.kernel-accessor : Fetching kernel: laplace
2023-12-04 01:16:50,234 | INFO | hi-lo.laplace-kernel : MU (LOCATION): -0.019071107730269432 | SIGMA (SCALE): 0.064243845641613
2023-12-04 01:16:50,235 | INFO | hi-lo.laplace-kernel : TOP-RIGHT
tensor([[3.0186e-14, 1.7374e-07, 1.0000e+00],
        [5.2446e-21, 3.0186e-14, 1.7374e-07],
        [9.1122e-28, 5.2446e-21, 3.0186e-14]])
2023-12-04 01:16:58,847 | INFO | hi-lo : END EPOCH:   8 | ACCURACY: 10.52 | LOSS: 2.341555118560791
2023-12-04 01:16:58,847 | INFO | hi-lo : BEGIN EPOCH 9 =========================================================================
2023-12-04 01:16:58,847 | INFO | hi-lo.kernel-accessor : Fetching kernel: laplace
2023-12-04 01:16:58,848 | INFO | hi-lo.laplace-kernel : MU (LOCATION): -0.016448840498924255 | SIGMA (SCALE): 0.5157429575920105
2023-12-04 01:16:58,848 | INFO | hi-lo.laplace-kernel : TOP-RIGHT
tensor([[1.5259e-02, 1.0607e-01, 7.3737e-01],
        [2.1951e-03, 1.5259e-02, 1.0607e-01],
        [3.1578e-04, 2.1951e-03, 1.5259e-02]])
2023-12-04 01:16:58,849 | INFO | hi-lo.kernel-accessor : Fetching kernel: laplace
2023-12-04 01:16:58,849 | INFO | hi-lo.laplace-kernel : MU (LOCATION): -0.040329210460186005 | SIGMA (SCALE): 0.12697088718414307
2023-12-04 01:16:58,850 | INFO | hi-lo.laplace-kernel : TOP-LEFT
tensor([[9.9924e-01, 3.7953e-04, 1.4415e-07],
        [3.7953e-04, 1.4415e-07, 5.4751e-11],
        [1.4415e-07, 5.4751e-11, 2.0795e-14]])
2023-12-04 01:16:58,850 | INFO | hi-lo.kernel-accessor : Fetching kernel: laplace
2023-12-04 01:16:58,850 | INFO | hi-lo.laplace-kernel : MU (LOCATION): -0.04449653998017311 | SIGMA (SCALE): 0.06723818928003311
2023-12-04 01:16:58,851 | INFO | hi-lo.laplace-kernel : TOP-RIGHT
tensor([[1.2076e-13, 3.4750e-07, 1.0000e+00],
        [4.1963e-20, 1.2076e-13, 3.4750e-07],
        [1.4582e-26, 4.1963e-20, 1.2076e-13]])
2023-12-04 01:16:58,851 | INFO | hi-lo.kernel-accessor : Fetching kernel: laplace
2023-12-04 01:16:58,851 | INFO | hi-lo.laplace-kernel : MU (LOCATION): -0.01281406357884407 | SIGMA (SCALE): 0.04344445839524269
2023-12-04 01:16:58,852 | INFO | hi-lo.laplace-kernel : TOP-RIGHT
tensor([[1.0160e-20, 1.0080e-10, 1.0000e+00],
        [1.0242e-30, 1.0160e-20, 1.0080e-10],
        [1.0323e-40, 1.0242e-30, 1.0160e-20]])
2023-12-04 01:17:07,406 | INFO | hi-lo : END EPOCH:   9 | ACCURACY: 12.5 | LOSS: 2.290018081665039
2023-12-04 01:17:07,406 | INFO | hi-lo : BEGIN EPOCH 10 =========================================================================
2023-12-04 01:17:07,406 | INFO | hi-lo.kernel-accessor : Fetching kernel: laplace
2023-12-04 01:17:07,407 | INFO | hi-lo.laplace-kernel : MU (LOCATION): -0.0318383127450943 | SIGMA (SCALE): 0.4856984615325928
2023-12-04 01:17:07,408 | INFO | hi-lo.laplace-kernel : TOP-LEFT
tensor([[7.6426e-01, 9.7516e-02, 1.2443e-02],
        [9.7516e-02, 1.2443e-02, 1.5876e-03],
        [1.2443e-02, 1.5876e-03, 2.0257e-04]])
2023-12-04 01:17:07,408 | INFO | hi-lo.kernel-accessor : Fetching kernel: laplace
2023-12-04 01:17:07,408 | INFO | hi-lo.laplace-kernel : MU (LOCATION): -0.02835693210363388 | SIGMA (SCALE): 0.08108660578727722
2023-12-04 01:17:07,409 | INFO | hi-lo.laplace-kernel : TOP-RIGHT
tensor([[1.9415e-11, 4.4062e-06, 9.9999e-01],
        [8.5545e-17, 1.9415e-11, 4.4062e-06],
        [3.7693e-22, 8.5545e-17, 1.9415e-11]])
2023-12-04 01:17:07,409 | INFO | hi-lo.kernel-accessor : Fetching kernel: laplace
2023-12-04 01:17:07,409 | INFO | hi-lo.laplace-kernel : MU (LOCATION): -0.02263941988348961 | SIGMA (SCALE): 0.03153866529464722
2023-12-04 01:17:07,410 | INFO | hi-lo.laplace-kernel : TOP-LEFT
tensor([[1.0000e+00, 1.6974e-14, 2.8811e-28],
        [1.6974e-14, 2.8811e-28, 4.8891e-42],
        [2.8811e-28, 4.8891e-42, 0.0000e+00]])
2023-12-04 01:17:07,410 | INFO | hi-lo.kernel-accessor : Fetching kernel: laplace
2023-12-04 01:17:07,410 | INFO | hi-lo.laplace-kernel : MU (LOCATION): -0.008706966415047646 | SIGMA (SCALE): 0.029307104647159576
2023-12-04 01:17:07,411 | INFO | hi-lo.laplace-kernel : TOP-RIGHT
tensor([[2.3042e-30, 1.5179e-15, 1.0000e+00],
        [4.2039e-45, 2.3042e-30, 1.5179e-15],
        [0.0000e+00, 4.2039e-45, 2.3042e-30]])
2023-12-04 01:17:15,996 | INFO | hi-lo : END EPOCH:  10 | ACCURACY: 10.94 | LOSS: 2.2887766361236572
2023-12-04 01:17:15,997 | INFO | hi-lo : BEGIN EPOCH 11 =========================================================================
2023-12-04 01:17:15,997 | INFO | hi-lo.kernel-accessor : Fetching kernel: laplace
2023-12-04 01:17:15,997 | INFO | hi-lo.laplace-kernel : MU (LOCATION): -0.003562683006748557 | SIGMA (SCALE): 0.5200369954109192
2023-12-04 01:17:15,998 | INFO | hi-lo.laplace-kernel : TOP-LEFT
tensor([[7.3359e-01, 1.0723e-01, 1.5675e-02],
        [1.0723e-01, 1.5675e-02, 2.2913e-03],
        [1.5675e-02, 2.2913e-03, 3.3494e-04]])
2023-12-04 01:17:15,998 | INFO | hi-lo.kernel-accessor : Fetching kernel: laplace
2023-12-04 01:17:15,999 | INFO | hi-lo.laplace-kernel : MU (LOCATION): -0.018733471632003784 | SIGMA (SCALE): 0.05855054035782814
2023-12-04 01:17:15,999 | INFO | hi-lo.laplace-kernel : TOP-RIGHT
tensor([[1.4627e-15, 3.8245e-08, 1.0000e+00],
        [5.5939e-23, 1.4627e-15, 3.8245e-08],
        [2.1394e-30, 5.5939e-23, 1.4627e-15]])
2023-12-04 01:17:15,999 | INFO | hi-lo.kernel-accessor : Fetching kernel: laplace
2023-12-04 01:17:16,000 | INFO | hi-lo.laplace-kernel : MU (LOCATION): -0.013348305597901344 | SIGMA (SCALE): 0.017644111067056656
2023-12-04 01:17:16,000 | INFO | hi-lo.laplace-kernel : TOP-LEFT
tensor([[1.0000e+00, 2.4315e-25, 0.0000e+00],
        [2.4315e-25, 0.0000e+00, 0.0000e+00],
        [0.0000e+00, 0.0000e+00, 0.0000e+00]])
2023-12-04 01:17:16,001 | INFO | hi-lo.kernel-accessor : Fetching kernel: laplace
2023-12-04 01:17:16,001 | INFO | hi-lo.laplace-kernel : MU (LOCATION): -0.005881491117179394 | SIGMA (SCALE): 0.019795352593064308
2023-12-04 01:17:16,001 | INFO | hi-lo.laplace-kernel : TOP-LEFT
tensor([[1.0000e+00, 1.1502e-22, 1.2612e-44],
        [1.1502e-22, 1.2612e-44, 0.0000e+00],
        [1.2612e-44, 0.0000e+00, 0.0000e+00]])
2023-12-04 01:17:24,622 | INFO | hi-lo : END EPOCH:  11 | ACCURACY: 11.21 | LOSS: 2.306535482406616
2023-12-04 01:17:24,622 | INFO | hi-lo : BEGIN EPOCH 12 =========================================================================
2023-12-04 01:17:24,623 | INFO | hi-lo.kernel-accessor : Fetching kernel: laplace
2023-12-04 01:17:24,623 | INFO | hi-lo.laplace-kernel : MU (LOCATION): -0.07167217135429382 | SIGMA (SCALE): 0.43727871775627136
2023-12-04 01:17:24,624 | INFO | hi-lo.laplace-kernel : TOP-LEFT
tensor([[8.0885e-01, 8.2166e-02, 8.3467e-03],
        [8.2166e-02, 8.3467e-03, 8.4789e-04],
        [8.3467e-03, 8.4789e-04, 8.6132e-05]])
2023-12-04 01:17:24,624 | INFO | hi-lo.kernel-accessor : Fetching kernel: laplace
2023-12-04 01:17:24,625 | INFO | hi-lo.laplace-kernel : MU (LOCATION): -0.013301916420459747 | SIGMA (SCALE): 0.03284517675638199
2023-12-04 01:17:24,625 | INFO | hi-lo.laplace-kernel : TOP-LEFT
tensor([[1.0000e+00, 5.9914e-14, 3.5897e-27],
        [5.9914e-14, 3.5897e-27, 2.1507e-40],
        [3.5897e-27, 2.1507e-40, 0.0000e+00]])
2023-12-04 01:17:24,625 | INFO | hi-lo.kernel-accessor : Fetching kernel: laplace
2023-12-04 01:17:24,626 | INFO | hi-lo.laplace-kernel : MU (LOCATION): -0.006444621831178665 | SIGMA (SCALE): 0.008261711336672306
2023-12-04 01:17:24,626 | INFO | hi-lo.laplace-kernel : TOP-LEFT
tensor([[1., 0., 0.],
        [0., 0., 0.],
        [0., 0., 0.]])
2023-12-04 01:17:24,626 | INFO | hi-lo.kernel-accessor : Fetching kernel: laplace
2023-12-04 01:17:24,627 | INFO | hi-lo.laplace-kernel : MU (LOCATION): -0.003973254933953285 | SIGMA (SCALE): 0.01337034534662962
2023-12-04 01:17:24,627 | INFO | hi-lo.laplace-kernel : TOP-LEFT
tensor([[1.0000e+00, 3.2967e-33, 0.0000e+00],
        [3.2967e-33, 0.0000e+00, 0.0000e+00],
        [0.0000e+00, 0.0000e+00, 0.0000e+00]])
2023-12-04 01:17:33,221 | INFO | hi-lo : END EPOCH:  12 | ACCURACY: 11.63 | LOSS: 2.3216941356658936
2023-12-04 01:17:33,221 | INFO | hi-lo : BEGIN EPOCH 13 =========================================================================
2023-12-04 01:17:33,222 | INFO | hi-lo.kernel-accessor : Fetching kernel: laplace
2023-12-04 01:17:33,222 | INFO | hi-lo.laplace-kernel : MU (LOCATION): 0.018471254035830498 | SIGMA (SCALE): 0.46938714385032654
2023-12-04 01:17:33,223 | INFO | hi-lo.laplace-kernel : TOP-RIGHT
tensor([[1.1683e-02, 9.8351e-02, 7.6531e-01],
        [1.3877e-03, 1.1683e-02, 9.8351e-02],
        [1.6484e-04, 1.3877e-03, 1.1683e-02]])
2023-12-04 01:17:33,223 | INFO | hi-lo.kernel-accessor : Fetching kernel: laplace
2023-12-04 01:17:33,224 | INFO | hi-lo.laplace-kernel : MU (LOCATION): -0.008541615679860115 | SIGMA (SCALE): 0.02381829358637333
2023-12-04 01:17:33,224 | INFO | hi-lo.laplace-kernel : TOP-RIGHT
tensor([[3.4096e-37, 5.8391e-19, 1.0000e+00],
        [0.0000e+00, 3.4096e-37, 5.8391e-19],
        [0.0000e+00, 0.0000e+00, 3.4096e-37]])
2023-12-04 01:17:33,224 | INFO | hi-lo.kernel-accessor : Fetching kernel: laplace
2023-12-04 01:17:33,225 | INFO | hi-lo.laplace-kernel : MU (LOCATION): -0.004123120568692684 | SIGMA (SCALE): 0.005155019462108612
2023-12-04 01:17:33,225 | INFO | hi-lo.laplace-kernel : TOP-LEFT
tensor([[1., 0., 0.],
        [0., 0., 0.],
        [0., 0., 0.]])
2023-12-04 01:17:33,225 | INFO | hi-lo.kernel-accessor : Fetching kernel: laplace
2023-12-04 01:17:33,226 | INFO | hi-lo.laplace-kernel : MU (LOCATION): -0.0026981448754668236 | SIGMA (SCALE): 0.009022008627653122
2023-12-04 01:17:33,226 | INFO | hi-lo.laplace-kernel : TOP-RIGHT
tensor([[0., 0., 1.],
        [0., 0., 0.],
        [0., 0., 0.]])
2023-12-04 01:17:41,831 | INFO | hi-lo : END EPOCH:  13 | ACCURACY: 15.62 | LOSS: 2.2637736797332764
2023-12-04 01:17:41,831 | INFO | hi-lo : BEGIN EPOCH 14 =========================================================================
2023-12-04 01:17:41,831 | INFO | hi-lo.kernel-accessor : Fetching kernel: laplace
2023-12-04 01:17:41,832 | INFO | hi-lo.laplace-kernel : MU (LOCATION): -0.08805831521749496 | SIGMA (SCALE): 0.4828994572162628
2023-12-04 01:17:41,832 | INFO | hi-lo.laplace-kernel : TOP-LEFT
tensor([[7.6680e-01, 9.6680e-02, 1.2190e-02],
        [9.6680e-02, 1.2190e-02, 1.5369e-03],
        [1.2190e-02, 1.5369e-03, 1.9377e-04]])
2023-12-04 01:17:41,833 | INFO | hi-lo.kernel-accessor : Fetching kernel: laplace
2023-12-04 01:17:41,833 | INFO | hi-lo.laplace-kernel : MU (LOCATION): -0.006085691507905722 | SIGMA (SCALE): 0.016729995608329773
2023-12-04 01:17:41,833 | INFO | hi-lo.laplace-kernel : TOP-LEFT
tensor([[1.0000e+00, 1.0989e-26, 0.0000e+00],
        [1.0989e-26, 0.0000e+00, 0.0000e+00],
        [0.0000e+00, 0.0000e+00, 0.0000e+00]])
2023-12-04 01:17:41,834 | INFO | hi-lo.kernel-accessor : Fetching kernel: laplace
2023-12-04 01:17:41,834 | INFO | hi-lo.laplace-kernel : MU (LOCATION): -0.0025346199981868267 | SIGMA (SCALE): 0.0031116660684347153
2023-12-04 01:17:41,834 | INFO | hi-lo.laplace-kernel : TOP-LEFT
tensor([[1., 0., 0.],
        [0., 0., 0.],
        [0., 0., 0.]])
2023-12-04 01:17:41,834 | INFO | hi-lo.kernel-accessor : Fetching kernel: laplace
2023-12-04 01:17:41,835 | INFO | hi-lo.laplace-kernel : MU (LOCATION): -0.0018290552543476224 | SIGMA (SCALE): 0.006090380251407623
2023-12-04 01:17:41,835 | INFO | hi-lo.laplace-kernel : TOP-RIGHT
tensor([[0., 0., 1.],
        [0., 0., 0.],
        [0., 0., 0.]])
2023-12-04 01:17:50,514 | INFO | hi-lo : END EPOCH:  14 | ACCURACY: 12.5 | LOSS: 2.3099069595336914
2023-12-04 01:17:50,514 | INFO | hi-lo : BEGIN EPOCH 15 =========================================================================
2023-12-04 01:17:50,514 | INFO | hi-lo.kernel-accessor : Fetching kernel: laplace
2023-12-04 01:17:50,515 | INFO | hi-lo.laplace-kernel : MU (LOCATION): -0.01917204074561596 | SIGMA (SCALE): 0.4606119692325592
2023-12-04 01:17:50,515 | INFO | hi-lo.laplace-kernel : TOP-LEFT
tensor([[7.8722e-01, 8.9791e-02, 1.0242e-02],
        [8.9791e-02, 1.0242e-02, 1.1682e-03],
        [1.0242e-02, 1.1682e-03, 1.3324e-04]])
2023-12-04 01:17:50,515 | INFO | hi-lo.kernel-accessor : Fetching kernel: laplace
2023-12-04 01:17:50,516 | INFO | hi-lo.laplace-kernel : MU (LOCATION): -0.003893935354426503 | SIGMA (SCALE): 0.009281713515520096
2023-12-04 01:17:50,516 | INFO | hi-lo.laplace-kernel : TOP-RIGHT
tensor([[0., 0., 1.],
        [0., 0., 0.],
        [0., 0., 0.]])
2023-12-04 01:17:50,516 | INFO | hi-lo.kernel-accessor : Fetching kernel: laplace
2023-12-04 01:17:50,517 | INFO | hi-lo.laplace-kernel : MU (LOCATION): -0.0015229742275550961 | SIGMA (SCALE): 0.0018670214340090752
2023-12-04 01:17:50,517 | INFO | hi-lo.laplace-kernel : TOP-LEFT
tensor([[1., 0., 0.],
        [0., 0., 0.],
        [0., 0., 0.]])
2023-12-04 01:17:50,517 | INFO | hi-lo.kernel-accessor : Fetching kernel: laplace
2023-12-04 01:17:50,518 | INFO | hi-lo.laplace-kernel : MU (LOCATION): -0.0012423463631421328 | SIGMA (SCALE): 0.004110558889806271
2023-12-04 01:17:50,518 | INFO | hi-lo.laplace-kernel : TOP-RIGHT
tensor([[0., 0., 1.],
        [0., 0., 0.],
        [0., 0., 0.]])
2023-12-04 01:17:59,102 | INFO | hi-lo : END EPOCH:  15 | ACCURACY: 10.45 | LOSS: 2.3336477279663086
2023-12-04 01:17:59,102 | INFO | hi-lo : BEGIN EPOCH 16 =========================================================================
2023-12-04 01:17:59,102 | INFO | hi-lo.kernel-accessor : Fetching kernel: laplace
2023-12-04 01:17:59,103 | INFO | hi-lo.laplace-kernel : MU (LOCATION): -0.05411367863416672 | SIGMA (SCALE): 0.5196056962013245
2023-12-04 01:17:59,103 | INFO | hi-lo.laplace-kernel : TOP-LEFT
tensor([[7.3397e-01, 1.0712e-01, 1.5633e-02],
        [1.0712e-01, 1.5633e-02, 2.2816e-03],
        [1.5633e-02, 2.2816e-03, 3.3298e-04]])
2023-12-04 01:17:59,104 | INFO | hi-lo.kernel-accessor : Fetching kernel: laplace
2023-12-04 01:17:59,104 | INFO | hi-lo.laplace-kernel : MU (LOCATION): -0.00267650093883276 | SIGMA (SCALE): 0.007976217195391655
2023-12-04 01:17:59,104 | INFO | hi-lo.laplace-kernel : TOP-LEFT
tensor([[1., 0., 0.],
        [0., 0., 0.],
        [0., 0., 0.]])
2023-12-04 01:17:59,105 | INFO | hi-lo.kernel-accessor : Fetching kernel: laplace
2023-12-04 01:17:59,105 | INFO | hi-lo.laplace-kernel : MU (LOCATION): -0.001032289583235979 | SIGMA (SCALE): 0.0012614664155989885
2023-12-04 01:17:59,105 | INFO | hi-lo.laplace-kernel : TOP-RIGHT
tensor([[0., 0., 1.],
        [0., 0., 0.],
        [0., 0., 0.]])
2023-12-04 01:17:59,105 | INFO | hi-lo.kernel-accessor : Fetching kernel: laplace
2023-12-04 01:17:59,106 | INFO | hi-lo.laplace-kernel : MU (LOCATION): -0.0008412821916863322 | SIGMA (SCALE): 0.002775652566924691
2023-12-04 01:17:59,106 | INFO | hi-lo.laplace-kernel : TOP-RIGHT
tensor([[0., 0., 1.],
        [0., 0., 0.],
        [0., 0., 0.]])
2023-12-04 01:18:07,738 | INFO | hi-lo : END EPOCH:  16 | ACCURACY: 15.62 | LOSS: 2.302098035812378
2023-12-04 01:18:07,739 | INFO | hi-lo : BEGIN EPOCH 17 =========================================================================
2023-12-04 01:18:07,739 | INFO | hi-lo.kernel-accessor : Fetching kernel: laplace
2023-12-04 01:18:07,739 | INFO | hi-lo.laplace-kernel : MU (LOCATION): -0.06732966005802155 | SIGMA (SCALE): 0.475008487701416
2023-12-04 01:18:07,740 | INFO | hi-lo.laplace-kernel : TOP-LEFT
tensor([[7.7400e-01, 9.4287e-02, 1.1486e-02],
        [9.4287e-02, 1.1486e-02, 1.3992e-03],
        [1.1486e-02, 1.3992e-03, 1.7045e-04]])
2023-12-04 01:18:07,740 | INFO | hi-lo.kernel-accessor : Fetching kernel: laplace
2023-12-04 01:18:07,741 | INFO | hi-lo.laplace-kernel : MU (LOCATION): -0.0019101363141089678 | SIGMA (SCALE): 0.004988077096641064
2023-12-04 01:18:07,741 | INFO | hi-lo.laplace-kernel : TOP-RIGHT
tensor([[0., 0., 1.],
        [0., 0., 0.],
        [0., 0., 0.]])
2023-12-04 01:18:07,741 | INFO | hi-lo.kernel-accessor : Fetching kernel: laplace
2023-12-04 01:18:07,742 | INFO | hi-lo.laplace-kernel : MU (LOCATION): -0.0006575040752068162 | SIGMA (SCALE): 0.0008093829383142292
2023-12-04 01:18:07,742 | INFO | hi-lo.laplace-kernel : TOP-LEFT
tensor([[1., 0., 0.],
        [0., 0., 0.],
        [0., 0., 0.]])
2023-12-04 01:18:07,742 | INFO | hi-lo.kernel-accessor : Fetching kernel: laplace
2023-12-04 01:18:07,743 | INFO | hi-lo.laplace-kernel : MU (LOCATION): -0.00056886684615165 | SIGMA (SCALE): 0.0018745993729680777
2023-12-04 01:18:07,743 | INFO | hi-lo.laplace-kernel : TOP-LEFT
tensor([[1., 0., 0.],
        [0., 0., 0.],
        [0., 0., 0.]])
2023-12-04 01:18:16,514 | INFO | hi-lo : END EPOCH:  17 | ACCURACY: 14.06 | LOSS: 2.3498446941375732
2023-12-04 01:18:16,514 | INFO | hi-lo : BEGIN EPOCH 18 =========================================================================
2023-12-04 01:18:16,515 | INFO | hi-lo.kernel-accessor : Fetching kernel: laplace
2023-12-04 01:18:16,515 | INFO | hi-lo.laplace-kernel : MU (LOCATION): -0.0768139660358429 | SIGMA (SCALE): 0.4116622805595398
2023-12-04 01:18:16,516 | INFO | hi-lo.laplace-kernel : TOP-RIGHT
tensor([[6.4643e-03, 7.3367e-02, 8.3268e-01],
        [5.6957e-04, 6.4643e-03, 7.3367e-02],
        [5.0184e-05, 5.6957e-04, 6.4643e-03]])
2023-12-04 01:18:16,516 | INFO | hi-lo.kernel-accessor : Fetching kernel: laplace
2023-12-04 01:18:16,517 | INFO | hi-lo.laplace-kernel : MU (LOCATION): -0.0013231728225946426 | SIGMA (SCALE): 0.0028795672114938498
2023-12-04 01:18:16,517 | INFO | hi-lo.laplace-kernel : TOP-RIGHT
tensor([[0., 0., 1.],
        [0., 0., 0.],
        [0., 0., 0.]])
2023-12-04 01:18:16,517 | INFO | hi-lo.kernel-accessor : Fetching kernel: laplace
2023-12-04 01:18:16,518 | INFO | hi-lo.laplace-kernel : MU (LOCATION): -0.0004291292862035334 | SIGMA (SCALE): 0.0005294376751407981
2023-12-04 01:18:16,518 | INFO | hi-lo.laplace-kernel : TOP-RIGHT
tensor([[0., 0., 1.],
        [0., 0., 0.],
        [0., 0., 0.]])
2023-12-04 01:18:16,518 | INFO | hi-lo.kernel-accessor : Fetching kernel: laplace
2023-12-04 01:18:16,519 | INFO | hi-lo.laplace-kernel : MU (LOCATION): -0.00038394416333176196 | SIGMA (SCALE): 0.0012663054512813687
2023-12-04 01:18:16,519 | INFO | hi-lo.laplace-kernel : TOP-LEFT
tensor([[1., 0., 0.],
        [0., 0., 0.],
        [0., 0., 0.]])
2023-12-04 01:18:25,256 | INFO | hi-lo : END EPOCH:  18 | ACCURACY: 15.23 | LOSS: 2.385746955871582
2023-12-04 01:18:25,256 | INFO | hi-lo : BEGIN EPOCH 19 =========================================================================
2023-12-04 01:18:25,256 | INFO | hi-lo.kernel-accessor : Fetching kernel: laplace
2023-12-04 01:18:25,257 | INFO | hi-lo.laplace-kernel : MU (LOCATION): -0.11408355087041855 | SIGMA (SCALE): 0.47988006472587585
2023-12-04 01:18:25,258 | INFO | hi-lo.laplace-kernel : TOP-LEFT
tensor([[7.6955e-01, 9.5770e-02, 1.1919e-02],
        [9.5770e-02, 1.1919e-02, 1.4833e-03],
        [1.1919e-02, 1.4833e-03, 1.8459e-04]])
2023-12-04 01:18:25,258 | INFO | hi-lo.kernel-accessor : Fetching kernel: laplace
2023-12-04 01:18:25,258 | INFO | hi-lo.laplace-kernel : MU (LOCATION): -0.0009065982303582132 | SIGMA (SCALE): 0.0023962128907442093
2023-12-04 01:18:25,259 | INFO | hi-lo.laplace-kernel : TOP-RIGHT
tensor([[0., 0., 1.],
        [0., 0., 0.],
        [0., 0., 0.]])
2023-12-04 01:18:25,259 | INFO | hi-lo.kernel-accessor : Fetching kernel: laplace
2023-12-04 01:18:25,259 | INFO | hi-lo.laplace-kernel : MU (LOCATION): -0.0002890403557103127 | SIGMA (SCALE): 0.00035683324676938355
2023-12-04 01:18:25,260 | INFO | hi-lo.laplace-kernel : TOP-LEFT
tensor([[1., 0., 0.],
        [0., 0., 0.],
        [0., 0., 0.]])
2023-12-04 01:18:25,260 | INFO | hi-lo.kernel-accessor : Fetching kernel: laplace
2023-12-04 01:18:25,260 | INFO | hi-lo.laplace-kernel : MU (LOCATION): -0.0002596540143713355 | SIGMA (SCALE): 0.0008552190265618265
2023-12-04 01:18:25,261 | INFO | hi-lo.laplace-kernel : TOP-RIGHT
tensor([[0., 0., 1.],
        [0., 0., 0.],
        [0., 0., 0.]])
2023-12-04 01:18:33,964 | INFO | hi-lo : END EPOCH:  19 | ACCURACY: 10.12 | LOSS: 2.345407485961914
2023-12-04 01:18:33,965 | INFO | hi-lo : BEGIN EPOCH 20 =========================================================================
2023-12-04 01:18:33,965 | INFO | hi-lo.kernel-accessor : Fetching kernel: laplace
2023-12-04 01:18:33,966 | INFO | hi-lo.laplace-kernel : MU (LOCATION): -0.12296085059642792 | SIGMA (SCALE): 0.4334387183189392
2023-12-04 01:18:33,966 | INFO | hi-lo.laplace-kernel : TOP-LEFT
tensor([[8.1242e-01, 8.0873e-02, 8.0507e-03],
        [8.0873e-02, 8.0507e-03, 8.0141e-04],
        [8.0507e-03, 8.0141e-04, 7.9778e-05]])
2023-12-04 01:18:33,966 | INFO | hi-lo.kernel-accessor : Fetching kernel: laplace
2023-12-04 01:18:33,967 | INFO | hi-lo.laplace-kernel : MU (LOCATION): -0.0006222228985279799 | SIGMA (SCALE): 0.0014319662004709244
2023-12-04 01:18:33,967 | INFO | hi-lo.laplace-kernel : TOP-LEFT
tensor([[1., 0., 0.],
        [0., 0., 0.],
        [0., 0., 0.]])
2023-12-04 01:18:33,967 | INFO | hi-lo.kernel-accessor : Fetching kernel: laplace
2023-12-04 01:18:33,968 | INFO | hi-lo.laplace-kernel : MU (LOCATION): -0.00019197484652977437 | SIGMA (SCALE): 0.00023758187307976186
2023-12-04 01:18:33,968 | INFO | hi-lo.laplace-kernel : TOP-RIGHT
tensor([[0., 0., 1.],
        [0., 0., 0.],
        [0., 0., 0.]])
2023-12-04 01:18:33,968 | INFO | hi-lo.kernel-accessor : Fetching kernel: laplace
2023-12-04 01:18:33,969 | INFO | hi-lo.laplace-kernel : MU (LOCATION): -0.00017553754150867462 | SIGMA (SCALE): 0.0005776093457825482
2023-12-04 01:18:33,969 | INFO | hi-lo.laplace-kernel : TOP-LEFT
tensor([[1., 0., 0.],
        [0., 0., 0.],
        [0., 0., 0.]])
2023-12-04 01:18:42,637 | INFO | hi-lo : END EPOCH:  20 | ACCURACY: 11.16 | LOSS: 2.321310520172119
2023-12-04 01:18:42,638 | INFO | hi-lo : BEGIN EPOCH 21 =========================================================================
2023-12-04 01:18:42,638 | INFO | hi-lo.kernel-accessor : Fetching kernel: laplace
2023-12-04 01:18:42,638 | INFO | hi-lo.laplace-kernel : MU (LOCATION): -0.02453547716140747 | SIGMA (SCALE): 0.524595320224762
2023-12-04 01:18:42,639 | INFO | hi-lo.laplace-kernel : TOP-LEFT
tensor([[7.2960e-01, 1.0845e-01, 1.6120e-02],
        [1.0845e-01, 1.6120e-02, 2.3960e-03],
        [1.6120e-02, 2.3960e-03, 3.5614e-04]])
2023-12-04 01:18:42,639 | INFO | hi-lo.kernel-accessor : Fetching kernel: laplace
2023-12-04 01:18:42,639 | INFO | hi-lo.laplace-kernel : MU (LOCATION): -0.0003624071250669658 | SIGMA (SCALE): 0.0011627853382378817
2023-12-04 01:18:42,639 | INFO | hi-lo.laplace-kernel : TOP-LEFT
tensor([[1., 0., 0.],
        [0., 0., 0.],
        [0., 0., 0.]])
2023-12-04 01:18:42,639 | INFO | hi-lo.kernel-accessor : Fetching kernel: laplace
2023-12-04 01:18:42,639 | INFO | hi-lo.laplace-kernel : MU (LOCATION): -0.0001298250281251967 | SIGMA (SCALE): 0.00016057558241300285
2023-12-04 01:18:42,640 | INFO | hi-lo.laplace-kernel : TOP-LEFT
tensor([[1., 0., 0.],
        [0., 0., 0.],
        [0., 0., 0.]])
2023-12-04 01:18:42,640 | INFO | hi-lo.kernel-accessor : Fetching kernel: laplace
2023-12-04 01:18:42,640 | INFO | hi-lo.laplace-kernel : MU (LOCATION): -0.00011858499783556908 | SIGMA (SCALE): 0.00039014179492369294
2023-12-04 01:18:42,640 | INFO | hi-lo.laplace-kernel : TOP-LEFT
tensor([[1., 0., 0.],
        [0., 0., 0.],
        [0., 0., 0.]])
2023-12-04 01:18:51,322 | INFO | hi-lo : END EPOCH:  21 | ACCURACY: 11.25 | LOSS: 2.30509614944458
2023-12-04 01:18:51,322 | INFO | hi-lo : BEGIN EPOCH 22 =========================================================================
2023-12-04 01:18:51,323 | INFO | hi-lo.kernel-accessor : Fetching kernel: laplace
2023-12-04 01:18:51,323 | INFO | hi-lo.laplace-kernel : MU (LOCATION): -0.07079389691352844 | SIGMA (SCALE): 0.4490499198436737
2023-12-04 01:18:51,324 | INFO | hi-lo.laplace-kernel : TOP-LEFT
tensor([[7.9792e-01, 8.6063e-02, 9.2827e-03],
        [8.6063e-02, 9.2827e-03, 1.0012e-03],
        [9.2827e-03, 1.0012e-03, 1.0799e-04]])
