2024-03-06 11:38:28,570 | INFO | hilo : 
+==============================================================+
|                                                              |
| ██████╗  █████╗ ██████╗ ██╗         ██╗      █████╗ ██████╗  |
| ██╔══██╗██╔══██╗██╔══██╗██║         ██║     ██╔══██╗██╔══██╗ |
| ██║  ██║███████║██║  ██║██║         ██║     ███████║██████╔╝ |
| ██║  ██║██╔══██║██║  ██║██║         ██║     ██╔══██║██╔══██╗ |
| ██████╔╝██║  ██║██████╔╝███████╗    ███████╗██║  ██║██████╔╝ |
| ╚═════╝ ╚═╝  ╚═╝╚═════╝ ╚══════╝    ╚══════╝╚═╝  ╚═╝╚═════╝  |
+==============================================================+
|             Hi-Lo Resolution Image Classification            |
|             -------------------------------------            |
|                       Gabriel C. Trahan                      |
|                          Sahan Ahmad                         |
|                       MD  Aminual Islam                      |
+==============================================================+
2024-03-06 11:38:30,159 | INFO | hilo.dataset-accessor : Fetching dataset: cifar10
2024-03-06 11:38:30,160 | INFO | hilo.cifar10-dataset : Initializing transform
2024-03-06 11:38:30,160 | INFO | hilo.cifar10-dataset : Verifying/downloading train data
2024-03-06 11:38:30,762 | INFO | hilo.cifar10-dataset : Verifying/downloading test data
2024-03-06 11:38:31,244 | INFO | hilo.cifar10-dataset : Creating train data loader.
2024-03-06 11:38:31,244 | INFO | hilo.cifar10-dataset : Creating test data loader.
2024-03-06 11:38:31,354 | INFO | hilo : Output directory: output/resnet/cifar10/laplace/1/20240306_113830/
2024-03-06 11:38:32,333 | INFO | hilo : Using device: NVIDIA GeForce GTX 1060 6GB
2024-03-06 11:38:32,333 | INFO | hilo : Exeucting job: MODEL resnet | DATASET cifar10 | KERNEL laplace | TYPE 1
2024-03-06 11:38:32,333 | INFO | hilo : Commencing training phase...
2024-03-06 11:38:32,333 | INFO | hilo.kernel-accessor : Fetching kernel: laplace
2024-03-06 11:38:32,334 | INFO | hilo.laplace-kernel : Calculating Laplace distribution (location: 0.0, scale 1.0)
2024-03-06 11:38:32,334 | INFO | hilo.laplace-kernel : TOP-LEFT:
tensor([[0.4425, 0.1628, 0.0599],
        [0.1628, 0.0599, 0.0220],
        [0.0599, 0.0220, 0.0081]])
2024-03-06 11:38:32,334 | INFO | hilo.kernel-accessor : Fetching kernel: laplace
2024-03-06 11:38:32,335 | INFO | hilo.laplace-kernel : Calculating Laplace distribution (location: 0.0, scale 1.0)
2024-03-06 11:38:32,335 | INFO | hilo.laplace-kernel : BOTTOM-RIGHT:
tensor([[0.0081, 0.0220, 0.0599],
        [0.0220, 0.0599, 0.1628],
        [0.0599, 0.1628, 0.4425]])
2024-03-06 11:38:32,335 | INFO | hilo.kernel-accessor : Fetching kernel: laplace
2024-03-06 11:38:32,335 | INFO | hilo.laplace-kernel : Calculating Laplace distribution (location: 0.0, scale 1.0)
2024-03-06 11:38:32,335 | INFO | hilo.laplace-kernel : TOP-LEFT:
tensor([[0.4425, 0.1628, 0.0599],
        [0.1628, 0.0599, 0.0220],
        [0.0599, 0.0220, 0.0081]])
2024-03-06 11:38:32,336 | INFO | hilo.kernel-accessor : Fetching kernel: laplace
2024-03-06 11:38:32,336 | INFO | hilo.laplace-kernel : Calculating Laplace distribution (location: 0.0, scale 1.0)
2024-03-06 11:38:32,336 | INFO | hilo.laplace-kernel : TOP-LEFT:
tensor([[0.4425, 0.1628, 0.0599],
        [0.1628, 0.0599, 0.0220],
        [0.0599, 0.0220, 0.0081]])
2024-03-06 11:38:32,336 | INFO | hilo.kernel-accessor : Fetching kernel: laplace
2024-03-06 11:38:32,336 | INFO | hilo.laplace-kernel : Calculating Laplace distribution (location: 0.0, scale 1.0)
2024-03-06 11:38:32,336 | INFO | hilo.laplace-kernel : BOTTOM-RIGHT:
tensor([[0.0081, 0.0220, 0.0599],
        [0.0220, 0.0599, 0.1628],
        [0.0599, 0.1628, 0.4425]])
2024-03-06 11:38:32,337 | INFO | hilo.kernel-accessor : Fetching kernel: laplace
2024-03-06 11:38:32,337 | INFO | hilo.laplace-kernel : Calculating Laplace distribution (location: 0.0, scale 1.0)
2024-03-06 11:38:32,337 | INFO | hilo.laplace-kernel : BOTTOM-RIGHT:
tensor([[0.0081, 0.0220, 0.0599],
        [0.0220, 0.0599, 0.1628],
        [0.0599, 0.1628, 0.4425]])
2024-03-06 11:38:32,337 | INFO | hilo.kernel-accessor : Fetching kernel: laplace
2024-03-06 11:38:32,337 | INFO | hilo.laplace-kernel : Calculating Laplace distribution (location: 0.0, scale 1.0)
2024-03-06 11:38:32,338 | INFO | hilo.laplace-kernel : BOTTOM-RIGHT:
tensor([[0.0081, 0.0220, 0.0599],
        [0.0220, 0.0599, 0.1628],
        [0.0599, 0.1628, 0.4425]])
2024-03-06 11:38:32,338 | INFO | hilo.kernel-accessor : Fetching kernel: laplace
2024-03-06 11:38:32,338 | INFO | hilo.laplace-kernel : Calculating Laplace distribution (location: 0.0, scale 1.0)
2024-03-06 11:38:32,338 | INFO | hilo.laplace-kernel : TOP-LEFT:
tensor([[0.4425, 0.1628, 0.0599],
        [0.1628, 0.0599, 0.0220],
        [0.0599, 0.0220, 0.0081]])
2024-03-06 11:38:32,338 | INFO | hilo.kernel-accessor : Fetching kernel: laplace
2024-03-06 11:38:32,338 | INFO | hilo.laplace-kernel : Calculating Laplace distribution (location: 0.0, scale 1.0)
2024-03-06 11:38:32,338 | INFO | hilo.laplace-kernel : TOP-LEFT:
tensor([[0.4425, 0.1628, 0.0599],
        [0.1628, 0.0599, 0.0220],
        [0.0599, 0.0220, 0.0081]])
2024-03-06 11:38:32,339 | INFO | hilo.kernel-accessor : Fetching kernel: laplace
2024-03-06 11:38:32,339 | INFO | hilo.laplace-kernel : Calculating Laplace distribution (location: 0.0, scale 1.0)
2024-03-06 11:38:32,339 | INFO | hilo.laplace-kernel : BOTTOM-RIGHT:
tensor([[0.0081, 0.0220, 0.0599],
        [0.0220, 0.0599, 0.1628],
        [0.0599, 0.1628, 0.4425]])
2024-03-06 11:38:32,339 | INFO | hilo.kernel-accessor : Fetching kernel: laplace
2024-03-06 11:38:32,339 | INFO | hilo.laplace-kernel : Calculating Laplace distribution (location: 0.0, scale 1.0)
2024-03-06 11:38:32,340 | INFO | hilo.laplace-kernel : BOTTOM-RIGHT:
tensor([[0.0081, 0.0220, 0.0599],
        [0.0220, 0.0599, 0.1628],
        [0.0599, 0.1628, 0.4425]])
2024-03-06 11:38:32,340 | INFO | hilo.kernel-accessor : Fetching kernel: laplace
2024-03-06 11:38:32,340 | INFO | hilo.laplace-kernel : Calculating Laplace distribution (location: 0.0, scale 1.0)
2024-03-06 11:38:32,340 | INFO | hilo.laplace-kernel : BOTTOM-RIGHT:
tensor([[0.0081, 0.0220, 0.0599],
        [0.0220, 0.0599, 0.1628],
        [0.0599, 0.1628, 0.4425]])
2024-03-06 11:38:32,340 | INFO | hilo.kernel-accessor : Fetching kernel: laplace
2024-03-06 11:38:32,340 | INFO | hilo.laplace-kernel : Calculating Laplace distribution (location: 0.0, scale 1.0)
2024-03-06 11:38:32,341 | INFO | hilo.laplace-kernel : TOP-LEFT:
tensor([[0.4425, 0.1628, 0.0599],
        [0.1628, 0.0599, 0.0220],
        [0.0599, 0.0220, 0.0081]])
2024-03-06 11:38:32,341 | INFO | hilo.kernel-accessor : Fetching kernel: laplace
2024-03-06 11:38:32,341 | INFO | hilo.laplace-kernel : Calculating Laplace distribution (location: 0.0, scale 1.0)
2024-03-06 11:38:32,341 | INFO | hilo.laplace-kernel : TOP-LEFT:
tensor([[0.4425, 0.1628, 0.0599],
        [0.1628, 0.0599, 0.0220],
        [0.0599, 0.0220, 0.0081]])
2024-03-06 11:38:32,341 | INFO | hilo.kernel-accessor : Fetching kernel: laplace
2024-03-06 11:38:32,341 | INFO | hilo.laplace-kernel : Calculating Laplace distribution (location: 0.0, scale 1.0)
2024-03-06 11:38:32,342 | INFO | hilo.laplace-kernel : BOTTOM-RIGHT:
tensor([[0.0081, 0.0220, 0.0599],
        [0.0220, 0.0599, 0.1628],
        [0.0599, 0.1628, 0.4425]])
2024-03-06 11:38:32,342 | INFO | hilo.kernel-accessor : Fetching kernel: laplace
2024-03-06 11:38:32,342 | INFO | hilo.laplace-kernel : Calculating Laplace distribution (location: 0.0, scale 1.0)
2024-03-06 11:38:32,342 | INFO | hilo.laplace-kernel : BOTTOM-RIGHT:
tensor([[0.0081, 0.0220, 0.0599],
        [0.0220, 0.0599, 0.1628],
        [0.0599, 0.1628, 0.4425]])
2024-03-06 11:38:32,342 | INFO | hilo.kernel-accessor : Fetching kernel: laplace
2024-03-06 11:38:32,342 | INFO | hilo.laplace-kernel : Calculating Laplace distribution (location: 0.0, scale 1.0)
2024-03-06 11:38:32,343 | INFO | hilo.laplace-kernel : TOP-LEFT:
tensor([[0.4425, 0.1628, 0.0599],
        [0.1628, 0.0599, 0.0220],
        [0.0599, 0.0220, 0.0081]])
2024-03-06 11:39:53,960 | INFO | hilo : Epoch   1/200 | Accuracy:  42.1875 | Loss:   1.7329
2024-03-06 11:39:53,960 | INFO | hilo.kernel-accessor : Fetching kernel: laplace
2024-03-06 11:39:53,961 | INFO | hilo.laplace-kernel : Calculating Laplace distribution (location: -0.016189001500606537, scale 0.7627714276313782)
2024-03-06 11:39:53,962 | INFO | hilo.laplace-kernel : BOTTOM-RIGHT:
tensor([[0.0029, 0.0109, 0.0403],
        [0.0109, 0.0403, 0.1496],
        [0.0403, 0.1496, 0.5551]])
2024-03-06 11:39:53,962 | INFO | hilo.kernel-accessor : Fetching kernel: laplace
2024-03-06 11:39:53,962 | INFO | hilo.laplace-kernel : Calculating Laplace distribution (location: -0.4868176281452179, scale 2.467305898666382)
2024-03-06 11:39:53,963 | INFO | hilo.laplace-kernel : TOP-LEFT:
tensor([[0.2243, 0.1496, 0.0997],
        [0.1496, 0.0997, 0.0665],
        [0.0997, 0.0665, 0.0443]])
2024-03-06 11:39:53,963 | INFO | hilo.kernel-accessor : Fetching kernel: laplace
2024-03-06 11:39:53,963 | INFO | hilo.laplace-kernel : Calculating Laplace distribution (location: -0.4704762101173401, scale 2.091582775115967)
2024-03-06 11:39:53,964 | INFO | hilo.laplace-kernel : BOTTOM-RIGHT:
tensor([[0.0368, 0.0593, 0.0957],
        [0.0593, 0.0957, 0.1543],
        [0.0957, 0.1543, 0.2489]])
2024-03-06 11:39:53,964 | INFO | hilo.kernel-accessor : Fetching kernel: laplace
2024-03-06 11:39:53,964 | INFO | hilo.laplace-kernel : Calculating Laplace distribution (location: -0.10785359144210815, scale 1.903563141822815)
2024-03-06 11:39:53,965 | INFO | hilo.laplace-kernel : TOP-LEFT:
tensor([[0.2654, 0.1570, 0.0928],
        [0.1570, 0.0928, 0.0549],
        [0.0928, 0.0549, 0.0325]])
2024-03-06 11:39:53,965 | INFO | hilo.kernel-accessor : Fetching kernel: laplace
2024-03-06 11:39:53,965 | INFO | hilo.laplace-kernel : Calculating Laplace distribution (location: -0.147536963224411, scale 1.7461750507354736)
2024-03-06 11:39:53,966 | INFO | hilo.laplace-kernel : BOTTOM-RIGHT:
tensor([[0.0286, 0.0506, 0.0898],
        [0.0506, 0.0898, 0.1592],
        [0.0898, 0.1592, 0.2823]])
2024-03-06 11:39:53,966 | INFO | hilo.kernel-accessor : Fetching kernel: laplace
2024-03-06 11:39:53,966 | INFO | hilo.laplace-kernel : Calculating Laplace distribution (location: -0.10201229155063629, scale 1.3559201955795288)
2024-03-06 11:39:53,967 | INFO | hilo.laplace-kernel : BOTTOM-RIGHT:
tensor([[0.0180, 0.0375, 0.0785],
        [0.0375, 0.0785, 0.1641],
        [0.0785, 0.1641, 0.3432]])
2024-03-06 11:39:53,967 | INFO | hilo.kernel-accessor : Fetching kernel: laplace
2024-03-06 11:39:53,967 | INFO | hilo.laplace-kernel : Calculating Laplace distribution (location: -0.2435462474822998, scale 1.457463264465332)
2024-03-06 11:39:53,968 | INFO | hilo.laplace-kernel : TOP-LEFT:
tensor([[0.3239, 0.1631, 0.0821],
        [0.1631, 0.0821, 0.0414],
        [0.0821, 0.0414, 0.0208]])
2024-03-06 11:39:53,968 | INFO | hilo.kernel-accessor : Fetching kernel: laplace
2024-03-06 11:39:53,968 | INFO | hilo.laplace-kernel : Calculating Laplace distribution (location: -0.1288602501153946, scale 1.3393317461013794)
2024-03-06 11:39:53,969 | INFO | hilo.laplace-kernel : TOP-LEFT:
tensor([[0.3466, 0.1643, 0.0779],
        [0.1643, 0.0779, 0.0369],
        [0.0779, 0.0369, 0.0175]])
2024-03-06 11:39:53,969 | INFO | hilo.kernel-accessor : Fetching kernel: laplace
2024-03-06 11:39:53,969 | INFO | hilo.laplace-kernel : Calculating Laplace distribution (location: -0.058001138269901276, scale 1.374412178993225)
2024-03-06 11:39:53,969 | INFO | hilo.laplace-kernel : TOP-LEFT:
tensor([[0.3394, 0.1640, 0.0792],
        [0.1640, 0.0792, 0.0383],
        [0.0792, 0.0383, 0.0185]])
2024-03-06 11:39:53,970 | INFO | hilo.kernel-accessor : Fetching kernel: laplace
2024-03-06 11:39:53,970 | INFO | hilo.laplace-kernel : Calculating Laplace distribution (location: -0.0032840874046087265, scale 1.1743355989456177)
2024-03-06 11:39:53,970 | INFO | hilo.laplace-kernel : BOTTOM-RIGHT:
tensor([[0.0128, 0.0300, 0.0704],
        [0.0300, 0.0704, 0.1649],
        [0.0704, 0.1649, 0.3863]])
2024-03-06 11:39:53,971 | INFO | hilo.kernel-accessor : Fetching kernel: laplace
2024-03-06 11:39:53,971 | INFO | hilo.laplace-kernel : Calculating Laplace distribution (location: -0.07845642417669296, scale 1.5241602659225464)
2024-03-06 11:39:53,972 | INFO | hilo.laplace-kernel : BOTTOM-RIGHT:
tensor([[0.0227, 0.0437, 0.0842],
        [0.0437, 0.0842, 0.1623],
        [0.0842, 0.1623, 0.3128]])
2024-03-06 11:39:53,972 | INFO | hilo.kernel-accessor : Fetching kernel: laplace
2024-03-06 11:39:53,972 | INFO | hilo.laplace-kernel : Calculating Laplace distribution (location: -0.0937572494149208, scale 1.4578509330749512)
2024-03-06 11:39:53,973 | INFO | hilo.laplace-kernel : TOP-LEFT:
tensor([[0.3238, 0.1631, 0.0821],
        [0.1631, 0.0821, 0.0414],
        [0.0821, 0.0414, 0.0208]])
2024-03-06 11:39:53,973 | INFO | hilo.kernel-accessor : Fetching kernel: laplace
2024-03-06 11:39:53,973 | INFO | hilo.laplace-kernel : Calculating Laplace distribution (location: -0.032838817685842514, scale 1.4392799139022827)
2024-03-06 11:39:53,973 | INFO | hilo.laplace-kernel : TOP-LEFT:
tensor([[0.3271, 0.1633, 0.0815],
        [0.1633, 0.0815, 0.0407],
        [0.0815, 0.0407, 0.0203]])
2024-03-06 11:39:53,974 | INFO | hilo.kernel-accessor : Fetching kernel: laplace
2024-03-06 11:39:53,974 | INFO | hilo.laplace-kernel : Calculating Laplace distribution (location: -0.042280666530132294, scale 1.0883913040161133)
2024-03-06 11:39:53,974 | INFO | hilo.laplace-kernel : BOTTOM-RIGHT:
tensor([[0.0104, 0.0262, 0.0656],
        [0.0262, 0.0656, 0.1643],
        [0.0656, 0.1643, 0.4119]])
2024-03-06 11:39:53,975 | INFO | hilo.kernel-accessor : Fetching kernel: laplace
2024-03-06 11:39:53,975 | INFO | hilo.laplace-kernel : Calculating Laplace distribution (location: -0.021878914907574654, scale 1.1347826719284058)
2024-03-06 11:39:53,976 | INFO | hilo.laplace-kernel : BOTTOM-RIGHT:
tensor([[0.0117, 0.0283, 0.0682],
        [0.0283, 0.0682, 0.1647],
        [0.0682, 0.1647, 0.3976]])
2024-03-06 11:39:53,976 | INFO | hilo.kernel-accessor : Fetching kernel: laplace
2024-03-06 11:39:53,976 | INFO | hilo.laplace-kernel : Calculating Laplace distribution (location: -0.12154191732406616, scale 1.3978443145751953)
2024-03-06 11:39:53,977 | INFO | hilo.laplace-kernel : BOTTOM-RIGHT:
tensor([[0.0191, 0.0392, 0.0801],
        [0.0392, 0.0801, 0.1637],
        [0.0801, 0.1637, 0.3348]])
2024-03-06 11:39:53,977 | INFO | hilo.kernel-accessor : Fetching kernel: laplace
2024-03-06 11:39:53,977 | INFO | hilo.laplace-kernel : Calculating Laplace distribution (location: -0.34586167335510254, scale 1.819258213043213)
2024-03-06 11:39:53,978 | INFO | hilo.laplace-kernel : TOP-LEFT:
tensor([[0.2741, 0.1582, 0.0913],
        [0.1582, 0.0913, 0.0527],
        [0.0913, 0.0527, 0.0304]])
2024-03-06 11:41:14,642 | INFO | hilo : Epoch   2/200 | Accuracy:  46.8750 | Loss:   1.4949
2024-03-06 11:41:14,642 | INFO | hilo.kernel-accessor : Fetching kernel: laplace
2024-03-06 11:41:14,642 | INFO | hilo.laplace-kernel : Calculating Laplace distribution (location: -0.017929835245013237, scale 0.6696866750717163)
2024-03-06 11:41:14,642 | INFO | hilo.laplace-kernel : BOTTOM-RIGHT:
tensor([[0.0016, 0.0070, 0.0310],
        [0.0070, 0.0310, 0.1382],
        [0.0310, 0.1382, 0.6150]])
2024-03-06 11:41:14,643 | INFO | hilo.kernel-accessor : Fetching kernel: laplace
2024-03-06 11:41:14,643 | INFO | hilo.laplace-kernel : Calculating Laplace distribution (location: -0.6019802093505859, scale 1.6631540060043335)
2024-03-06 11:41:14,643 | INFO | hilo.laplace-kernel : TOP-LEFT:
tensor([[0.2926, 0.1604, 0.0879],
        [0.1604, 0.0879, 0.0482],
        [0.0879, 0.0482, 0.0264]])
2024-03-06 11:41:14,643 | INFO | hilo.kernel-accessor : Fetching kernel: laplace
2024-03-06 11:41:14,643 | INFO | hilo.laplace-kernel : Calculating Laplace distribution (location: -0.16099873185157776, scale 1.2251453399658203)
2024-03-06 11:41:14,644 | INFO | hilo.laplace-kernel : TOP-LEFT:
tensor([[0.3729, 0.1649, 0.0729],
        [0.1649, 0.0729, 0.0322],
        [0.0729, 0.0322, 0.0142]])
2024-03-06 11:41:14,644 | INFO | hilo.kernel-accessor : Fetching kernel: laplace
2024-03-06 11:41:14,644 | INFO | hilo.laplace-kernel : Calculating Laplace distribution (location: -0.10401104390621185, scale 1.4289346933364868)
2024-03-06 11:41:14,644 | INFO | hilo.laplace-kernel : BOTTOM-RIGHT:
tensor([[0.0200, 0.0403, 0.0812],
        [0.0403, 0.0812, 0.1634],
        [0.0812, 0.1634, 0.3290]])
2024-03-06 11:41:14,644 | INFO | hilo.kernel-accessor : Fetching kernel: laplace
2024-03-06 11:41:14,644 | INFO | hilo.laplace-kernel : Calculating Laplace distribution (location: -0.13518545031547546, scale 1.3193151950836182)
2024-03-06 11:41:14,645 | INFO | hilo.laplace-kernel : BOTTOM-RIGHT:
tensor([[0.0169, 0.0361, 0.0771],
        [0.0361, 0.0771, 0.1644],
        [0.0771, 0.1644, 0.3509]])
2024-03-06 11:41:14,645 | INFO | hilo.kernel-accessor : Fetching kernel: laplace
2024-03-06 11:41:14,645 | INFO | hilo.laplace-kernel : Calculating Laplace distribution (location: -0.14945977926254272, scale 0.9610780477523804)
2024-03-06 11:41:14,645 | INFO | hilo.laplace-kernel : TOP-LEFT:
tensor([[0.4577, 0.1617, 0.0571],
        [0.1617, 0.0571, 0.0202],
        [0.0571, 0.0202, 0.0071]])
2024-03-06 11:41:14,645 | INFO | hilo.kernel-accessor : Fetching kernel: laplace
2024-03-06 11:41:14,645 | INFO | hilo.laplace-kernel : Calculating Laplace distribution (location: -0.2197062075138092, scale 1.0853064060211182)
2024-03-06 11:41:14,646 | INFO | hilo.laplace-kernel : TOP-LEFT:
tensor([[0.4129, 0.1643, 0.0654],
        [0.1643, 0.0654, 0.0260],
        [0.0654, 0.0260, 0.0104]])
2024-03-06 11:41:14,646 | INFO | hilo.kernel-accessor : Fetching kernel: laplace
2024-03-06 11:41:14,646 | INFO | hilo.laplace-kernel : Calculating Laplace distribution (location: -0.16131490468978882, scale 1.0855203866958618)
2024-03-06 11:41:14,646 | INFO | hilo.laplace-kernel : BOTTOM-RIGHT:
tensor([[0.0104, 0.0260, 0.0654],
        [0.0260, 0.0654, 0.1643],
        [0.0654, 0.1643, 0.4128]])
2024-03-06 11:41:14,646 | INFO | hilo.kernel-accessor : Fetching kernel: laplace
2024-03-06 11:41:14,646 | INFO | hilo.laplace-kernel : Calculating Laplace distribution (location: -0.12343308329582214, scale 1.1150188446044922)
2024-03-06 11:41:14,647 | INFO | hilo.laplace-kernel : TOP-LEFT:
tensor([[0.4035, 0.1646, 0.0671],
        [0.1646, 0.0671, 0.0274],
        [0.0671, 0.0274, 0.0112]])
2024-03-06 11:41:14,647 | INFO | hilo.kernel-accessor : Fetching kernel: laplace
2024-03-06 11:41:14,647 | INFO | hilo.laplace-kernel : Calculating Laplace distribution (location: -0.04162745177745819, scale 0.9052995443344116)
2024-03-06 11:41:14,647 | INFO | hilo.laplace-kernel : TOP-LEFT:
tensor([[0.4815, 0.1595, 0.0529],
        [0.1595, 0.0529, 0.0175],
        [0.0529, 0.0175, 0.0058]])
2024-03-06 11:41:14,647 | INFO | hilo.kernel-accessor : Fetching kernel: laplace
2024-03-06 11:41:14,647 | INFO | hilo.laplace-kernel : Calculating Laplace distribution (location: -0.11753283441066742, scale 1.1105539798736572)
2024-03-06 11:41:14,648 | INFO | hilo.laplace-kernel : TOP-LEFT:
tensor([[0.4049, 0.1645, 0.0669],
        [0.1645, 0.0669, 0.0272],
        [0.0669, 0.0272, 0.0110]])
2024-03-06 11:41:14,648 | INFO | hilo.kernel-accessor : Fetching kernel: laplace
2024-03-06 11:41:14,648 | INFO | hilo.laplace-kernel : Calculating Laplace distribution (location: -0.102036252617836, scale 1.0828635692596436)
2024-03-06 11:41:14,648 | INFO | hilo.laplace-kernel : BOTTOM-RIGHT:
tensor([[0.0103, 0.0259, 0.0652],
        [0.0259, 0.0652, 0.1643],
        [0.0652, 0.1643, 0.4136]])
2024-03-06 11:41:14,648 | INFO | hilo.kernel-accessor : Fetching kernel: laplace
2024-03-06 11:41:14,648 | INFO | hilo.laplace-kernel : Calculating Laplace distribution (location: -0.006543373689055443, scale 1.0861221551895142)
2024-03-06 11:41:14,649 | INFO | hilo.laplace-kernel : TOP-LEFT:
tensor([[0.4126, 0.1643, 0.0654],
        [0.1643, 0.0654, 0.0261],
        [0.0654, 0.0261, 0.0104]])
2024-03-06 11:41:14,649 | INFO | hilo.kernel-accessor : Fetching kernel: laplace
2024-03-06 11:41:14,649 | INFO | hilo.laplace-kernel : Calculating Laplace distribution (location: -0.026256689801812172, scale 0.8456254601478577)
2024-03-06 11:41:14,649 | INFO | hilo.laplace-kernel : BOTTOM-RIGHT:
tensor([[0.0045, 0.0147, 0.0479],
        [0.0147, 0.0479, 0.1563],
        [0.0479, 0.1563, 0.5099]])
2024-03-06 11:41:14,649 | INFO | hilo.kernel-accessor : Fetching kernel: laplace
2024-03-06 11:41:14,649 | INFO | hilo.laplace-kernel : Calculating Laplace distribution (location: 0.029616136103868484, scale 0.9824004173278809)
2024-03-06 11:41:14,650 | INFO | hilo.laplace-kernel : TOP-LEFT:
tensor([[0.4344, 0.1667, 0.0602],
        [0.1667, 0.0602, 0.0218],
        [0.0602, 0.0218, 0.0079]])
2024-03-06 11:41:14,650 | INFO | hilo.kernel-accessor : Fetching kernel: laplace
2024-03-06 11:41:14,650 | INFO | hilo.laplace-kernel : Calculating Laplace distribution (location: -0.01094669196754694, scale 1.0982999801635742)
2024-03-06 11:41:14,650 | INFO | hilo.laplace-kernel : BOTTOM-RIGHT:
tensor([[0.0107, 0.0266, 0.0662],
        [0.0266, 0.0662, 0.1644],
        [0.0662, 0.1644, 0.4087]])
2024-03-06 11:41:14,650 | INFO | hilo.kernel-accessor : Fetching kernel: laplace
2024-03-06 11:41:14,651 | INFO | hilo.laplace-kernel : Calculating Laplace distribution (location: -0.5405780076980591, scale 1.7316275835037231)
2024-03-06 11:41:14,651 | INFO | hilo.laplace-kernel : TOP-LEFT:
tensor([[0.2840, 0.1594, 0.0895],
        [0.1594, 0.0895, 0.0502],
        [0.0895, 0.0502, 0.0282]])
2024-03-06 11:42:35,344 | INFO | hilo : Epoch   3/200 | Accuracy:  51.5625 | Loss:   1.3947
2024-03-06 11:42:35,344 | INFO | hilo.kernel-accessor : Fetching kernel: laplace
2024-03-06 11:42:35,345 | INFO | hilo.laplace-kernel : Calculating Laplace distribution (location: -0.020283501595258713, scale 0.708177924156189)
2024-03-06 11:42:35,345 | INFO | hilo.laplace-kernel : BOTTOM-RIGHT:
tensor([[0.0021, 0.0085, 0.0350],
        [0.0085, 0.0350, 0.1435],
        [0.0350, 0.1435, 0.5890]])
2024-03-06 11:42:35,346 | INFO | hilo.kernel-accessor : Fetching kernel: laplace
2024-03-06 11:42:35,346 | INFO | hilo.laplace-kernel : Calculating Laplace distribution (location: -0.8119227886199951, scale 1.984058141708374)
2024-03-06 11:42:35,347 | INFO | hilo.laplace-kernel : TOP-LEFT:
tensor([[0.2579, 0.1558, 0.0941],
        [0.1558, 0.0941, 0.0569],
        [0.0941, 0.0569, 0.0343]])
2024-03-06 11:42:35,347 | INFO | hilo.kernel-accessor : Fetching kernel: laplace
2024-03-06 11:42:35,347 | INFO | hilo.laplace-kernel : Calculating Laplace distribution (location: -0.3232607841491699, scale 1.1312360763549805)
2024-03-06 11:42:35,347 | INFO | hilo.laplace-kernel : BOTTOM-RIGHT:
tensor([[0.0116, 0.0281, 0.0680],
        [0.0281, 0.0680, 0.1647],
        [0.0680, 0.1647, 0.3987]])
2024-03-06 11:42:35,347 | INFO | hilo.kernel-accessor : Fetching kernel: laplace
2024-03-06 11:42:35,347 | INFO | hilo.laplace-kernel : Calculating Laplace distribution (location: -0.20137456059455872, scale 1.0532582998275757)
2024-03-06 11:42:35,348 | INFO | hilo.laplace-kernel : BOTTOM-RIGHT:
tensor([[0.0095, 0.0245, 0.0634],
        [0.0245, 0.0634, 0.1639],
        [0.0634, 0.1639, 0.4235]])
2024-03-06 11:42:35,348 | INFO | hilo.kernel-accessor : Fetching kernel: laplace
2024-03-06 11:42:35,348 | INFO | hilo.laplace-kernel : Calculating Laplace distribution (location: -0.15848273038864136, scale 1.0146663188934326)
2024-03-06 11:42:35,348 | INFO | hilo.laplace-kernel : BOTTOM-RIGHT:
tensor([[0.0085, 0.0227, 0.0609],
        [0.0227, 0.0609, 0.1631],
        [0.0609, 0.1631, 0.4371]])
2024-03-06 11:42:35,348 | INFO | hilo.kernel-accessor : Fetching kernel: laplace
2024-03-06 11:42:35,348 | INFO | hilo.laplace-kernel : Calculating Laplace distribution (location: -0.06114265322685242, scale 0.7358686923980713)
2024-03-06 11:42:35,349 | INFO | hilo.laplace-kernel : BOTTOM-RIGHT:
tensor([[0.0025, 0.0097, 0.0377],
        [0.0097, 0.0377, 0.1468],
        [0.0377, 0.1468, 0.5714]])
2024-03-06 11:42:35,349 | INFO | hilo.kernel-accessor : Fetching kernel: laplace
2024-03-06 11:42:35,349 | INFO | hilo.laplace-kernel : Calculating Laplace distribution (location: -0.17735733091831207, scale 0.7947801351547241)
2024-03-06 11:42:35,349 | INFO | hilo.laplace-kernel : BOTTOM-RIGHT:
tensor([[0.0035, 0.0123, 0.0433],
        [0.0123, 0.0433, 0.1525],
        [0.0433, 0.1525, 0.5368]])
2024-03-06 11:42:35,349 | INFO | hilo.kernel-accessor : Fetching kernel: laplace
2024-03-06 11:42:35,350 | INFO | hilo.laplace-kernel : Calculating Laplace distribution (location: -0.17829503118991852, scale 0.7564985156059265)
2024-03-06 11:42:35,350 | INFO | hilo.laplace-kernel : TOP-LEFT:
tensor([[0.5588, 0.1490, 0.0397],
        [0.1490, 0.0397, 0.0106],
        [0.0397, 0.0106, 0.0028]])
2024-03-06 11:42:35,350 | INFO | hilo.kernel-accessor : Fetching kernel: laplace
2024-03-06 11:42:35,350 | INFO | hilo.laplace-kernel : Calculating Laplace distribution (location: -0.044024061411619186, scale 0.7499961256980896)
2024-03-06 11:42:35,350 | INFO | hilo.laplace-kernel : TOP-LEFT:
tensor([[0.5627, 0.1483, 0.0391],
        [0.1483, 0.0391, 0.0103],
        [0.0391, 0.0103, 0.0027]])
2024-03-06 11:42:35,350 | INFO | hilo.kernel-accessor : Fetching kernel: laplace
2024-03-06 11:42:35,351 | INFO | hilo.laplace-kernel : Calculating Laplace distribution (location: 0.020992789417505264, scale 0.6933194398880005)
2024-03-06 11:42:35,351 | INFO | hilo.laplace-kernel : TOP-LEFT:
tensor([[0.5842, 0.1467, 0.0347],
        [0.1467, 0.0347, 0.0082],
        [0.0347, 0.0082, 0.0019]])
2024-03-06 11:42:35,351 | INFO | hilo.kernel-accessor : Fetching kernel: laplace
2024-03-06 11:42:35,351 | INFO | hilo.laplace-kernel : Calculating Laplace distribution (location: -0.07841034233570099, scale 0.8241433501243591)
2024-03-06 11:42:35,351 | INFO | hilo.laplace-kernel : BOTTOM-RIGHT:
tensor([[0.0041, 0.0137, 0.0460],
        [0.0137, 0.0460, 0.1548],
        [0.0460, 0.1548, 0.5209]])
2024-03-06 11:42:35,351 | INFO | hilo.kernel-accessor : Fetching kernel: laplace
2024-03-06 11:42:35,352 | INFO | hilo.laplace-kernel : Calculating Laplace distribution (location: -0.1308867633342743, scale 0.8238409757614136)
2024-03-06 11:42:35,352 | INFO | hilo.laplace-kernel : TOP-LEFT:
tensor([[0.5211, 0.1548, 0.0460],
        [0.1548, 0.0460, 0.0137],
        [0.0460, 0.0137, 0.0041]])
2024-03-06 11:42:35,352 | INFO | hilo.kernel-accessor : Fetching kernel: laplace
2024-03-06 11:42:35,352 | INFO | hilo.laplace-kernel : Calculating Laplace distribution (location: -0.013559499755501747, scale 0.8120420575141907)
2024-03-06 11:42:35,352 | INFO | hilo.laplace-kernel : TOP-LEFT:
tensor([[0.5274, 0.1539, 0.0449],
        [0.1539, 0.0449, 0.0131],
        [0.0449, 0.0131, 0.0038]])
2024-03-06 11:42:35,352 | INFO | hilo.kernel-accessor : Fetching kernel: laplace
2024-03-06 11:42:35,353 | INFO | hilo.laplace-kernel : Calculating Laplace distribution (location: -0.03612281009554863, scale 0.6346836686134338)
2024-03-06 11:42:35,353 | INFO | hilo.laplace-kernel : BOTTOM-RIGHT:
tensor([[0.0012, 0.0057, 0.0274],
        [0.0057, 0.0274, 0.1325],
        [0.0274, 0.1325, 0.6403]])
2024-03-06 11:42:35,353 | INFO | hilo.kernel-accessor : Fetching kernel: laplace
2024-03-06 11:42:35,353 | INFO | hilo.laplace-kernel : Calculating Laplace distribution (location: 0.014431278221309185, scale 0.7241374254226685)
2024-03-06 11:42:35,353 | INFO | hilo.laplace-kernel : BOTTOM-RIGHT:
tensor([[0.0024, 0.0094, 0.0374],
        [0.0094, 0.0374, 0.1488],
        [0.0374, 0.1488, 0.5690]])
2024-03-06 11:42:35,353 | INFO | hilo.kernel-accessor : Fetching kernel: laplace
2024-03-06 11:42:35,354 | INFO | hilo.laplace-kernel : Calculating Laplace distribution (location: -0.05148831009864807, scale 0.8133945465087891)
2024-03-06 11:42:35,354 | INFO | hilo.laplace-kernel : BOTTOM-RIGHT:
tensor([[0.0039, 0.0132, 0.0450],
        [0.0132, 0.0450, 0.1540],
        [0.0450, 0.1540, 0.5266]])
2024-03-06 11:42:35,354 | INFO | hilo.kernel-accessor : Fetching kernel: laplace
2024-03-06 11:42:35,354 | INFO | hilo.laplace-kernel : Calculating Laplace distribution (location: -0.24298223853111267, scale 1.16038978099823)
2024-03-06 11:42:35,354 | INFO | hilo.laplace-kernel : BOTTOM-RIGHT:
tensor([[0.0124, 0.0294, 0.0696],
        [0.0294, 0.0696, 0.1648],
        [0.0696, 0.1648, 0.3902]])
2024-03-06 11:43:56,082 | INFO | hilo : Epoch   4/200 | Accuracy:  47.3750 | Loss:   1.2975
2024-03-06 11:43:56,082 | INFO | hilo.kernel-accessor : Fetching kernel: laplace
2024-03-06 11:43:56,083 | INFO | hilo.laplace-kernel : Calculating Laplace distribution (location: -0.03605550527572632, scale 0.799913227558136)
2024-03-06 11:43:56,083 | INFO | hilo.laplace-kernel : TOP-LEFT:
tensor([[0.5339, 0.1530, 0.0438],
        [0.1530, 0.0438, 0.0126],
        [0.0438, 0.0126, 0.0036]])
2024-03-06 11:43:56,084 | INFO | hilo.kernel-accessor : Fetching kernel: laplace
2024-03-06 11:43:56,084 | INFO | hilo.laplace-kernel : Calculating Laplace distribution (location: -1.0351275205612183, scale 2.3396501541137695)
2024-03-06 11:43:56,084 | INFO | hilo.laplace-kernel : BOTTOM-RIGHT:
tensor([[0.0419, 0.0643, 0.0985],
        [0.0643, 0.0985, 0.1511],
        [0.0985, 0.1511, 0.2317]])
2024-03-06 11:43:56,084 | INFO | hilo.kernel-accessor : Fetching kernel: laplace
2024-03-06 11:43:56,085 | INFO | hilo.laplace-kernel : Calculating Laplace distribution (location: -0.42277824878692627, scale 1.2971118688583374)
2024-03-06 11:43:56,085 | INFO | hilo.laplace-kernel : TOP-LEFT:
tensor([[0.3558, 0.1646, 0.0761],
        [0.1646, 0.0761, 0.0352],
        [0.0761, 0.0352, 0.0163]])
2024-03-06 11:43:56,085 | INFO | hilo.kernel-accessor : Fetching kernel: laplace
2024-03-06 11:43:56,085 | INFO | hilo.laplace-kernel : Calculating Laplace distribution (location: -0.1571420282125473, scale 1.0229841470718384)
2024-03-06 11:43:56,086 | INFO | hilo.laplace-kernel : BOTTOM-RIGHT:
tensor([[0.0087, 0.0231, 0.0614],
        [0.0231, 0.0614, 0.1633],
        [0.0614, 0.1633, 0.4341]])
2024-03-06 11:43:56,086 | INFO | hilo.kernel-accessor : Fetching kernel: laplace
2024-03-06 11:43:56,086 | INFO | hilo.laplace-kernel : Calculating Laplace distribution (location: -0.037609681487083435, scale 0.8662423491477966)
2024-03-06 11:43:56,087 | INFO | hilo.laplace-kernel : TOP-LEFT:
tensor([[0.4997, 0.1575, 0.0497],
        [0.1575, 0.0497, 0.0157],
        [0.0497, 0.0157, 0.0049]])
2024-03-06 11:43:56,087 | INFO | hilo.kernel-accessor : Fetching kernel: laplace
2024-03-06 11:43:56,087 | INFO | hilo.laplace-kernel : Calculating Laplace distribution (location: 0.00022191170137375593, scale 0.6961748003959656)
2024-03-06 11:43:56,087 | INFO | hilo.laplace-kernel : BOTTOM-RIGHT:
tensor([[0.0019, 0.0080, 0.0338],
        [0.0080, 0.0338, 0.1420],
        [0.0338, 0.1420, 0.5968]])
2024-03-06 11:43:56,087 | INFO | hilo.kernel-accessor : Fetching kernel: laplace
2024-03-06 11:43:56,088 | INFO | hilo.laplace-kernel : Calculating Laplace distribution (location: -0.08821841329336166, scale 0.7686456441879272)
2024-03-06 11:43:56,088 | INFO | hilo.laplace-kernel : BOTTOM-RIGHT:
tensor([[0.0030, 0.0111, 0.0409],
        [0.0111, 0.0409, 0.1502],
        [0.0409, 0.1502, 0.5516]])
2024-03-06 11:43:56,088 | INFO | hilo.kernel-accessor : Fetching kernel: laplace
2024-03-06 11:43:56,088 | INFO | hilo.laplace-kernel : Calculating Laplace distribution (location: -0.15580293536186218, scale 0.7457191944122314)
2024-03-06 11:43:56,089 | INFO | hilo.laplace-kernel : BOTTOM-RIGHT:
tensor([[0.0026, 0.0101, 0.0387],
        [0.0101, 0.0387, 0.1479],
        [0.0387, 0.1479, 0.5653]])
2024-03-06 11:43:56,089 | INFO | hilo.kernel-accessor : Fetching kernel: laplace
2024-03-06 11:43:56,089 | INFO | hilo.laplace-kernel : Calculating Laplace distribution (location: -0.06712671369314194, scale 0.6332335472106934)
2024-03-06 11:43:56,090 | INFO | hilo.laplace-kernel : TOP-LEFT:
tensor([[0.6414, 0.1322, 0.0273],
        [0.1322, 0.0273, 0.0056],
        [0.0273, 0.0056, 0.0012]])
2024-03-06 11:43:56,090 | INFO | hilo.kernel-accessor : Fetching kernel: laplace
2024-03-06 11:43:56,090 | INFO | hilo.laplace-kernel : Calculating Laplace distribution (location: 0.031832005828619, scale 0.4988323748111725)
2024-03-06 11:43:56,090 | INFO | hilo.laplace-kernel : BOTTOM-RIGHT:
tensor([[2.7227e-04, 2.0213e-03, 1.5005e-02],
        [2.0213e-03, 1.5005e-02, 1.1139e-01],
        [1.5005e-02, 1.1139e-01, 7.2788e-01]])
2024-03-06 11:43:56,091 | INFO | hilo.kernel-accessor : Fetching kernel: laplace
2024-03-06 11:43:56,091 | INFO | hilo.laplace-kernel : Calculating Laplace distribution (location: -0.05333631858229637, scale 0.5745996832847595)
2024-03-06 11:43:56,091 | INFO | hilo.laplace-kernel : TOP-LEFT:
tensor([[6.8727e-01, 1.2059e-01, 2.1159e-02],
        [1.2059e-01, 2.1159e-02, 3.7125e-03],
        [2.1159e-02, 3.7125e-03, 6.5139e-04]])
2024-03-06 11:43:56,091 | INFO | hilo.kernel-accessor : Fetching kernel: laplace
2024-03-06 11:43:56,092 | INFO | hilo.laplace-kernel : Calculating Laplace distribution (location: -0.054519739001989365, scale 0.5288770198822021)
2024-03-06 11:43:56,092 | INFO | hilo.laplace-kernel : TOP-LEFT:
tensor([[7.2587e-01, 1.0957e-01, 1.6540e-02],
        [1.0957e-01, 1.6540e-02, 2.4967e-03],
        [1.6540e-02, 2.4967e-03, 3.7688e-04]])
2024-03-06 11:43:56,092 | INFO | hilo.kernel-accessor : Fetching kernel: laplace
2024-03-06 11:43:56,092 | INFO | hilo.laplace-kernel : Calculating Laplace distribution (location: 0.040432125329971313, scale 0.5509316921234131)
2024-03-06 11:43:56,093 | INFO | hilo.laplace-kernel : BOTTOM-RIGHT:
tensor([[5.4993e-04, 3.3775e-03, 2.0744e-02],
        [3.3775e-03, 2.0744e-02, 1.2740e-01],
        [2.0744e-02, 1.2740e-01, 6.7566e-01]])
2024-03-06 11:43:56,093 | INFO | hilo.kernel-accessor : Fetching kernel: laplace
2024-03-06 11:43:56,093 | INFO | hilo.laplace-kernel : Calculating Laplace distribution (location: -0.002239309949800372, scale 0.44121071696281433)
2024-03-06 11:43:56,094 | INFO | hilo.laplace-kernel : BOTTOM-RIGHT:
tensor([[9.3025e-05, 8.9728e-04, 8.6547e-03],
        [8.9728e-04, 8.6547e-03, 8.3479e-02],
        [8.6547e-03, 8.3479e-02, 8.0519e-01]])
2024-03-06 11:43:56,094 | INFO | hilo.kernel-accessor : Fetching kernel: laplace
2024-03-06 11:43:56,094 | INFO | hilo.laplace-kernel : Calculating Laplace distribution (location: 0.051101308315992355, scale 0.4842921495437622)
2024-03-06 11:43:56,094 | INFO | hilo.laplace-kernel : BOTTOM-RIGHT:
tensor([[2.3189e-04, 1.8283e-03, 1.4415e-02],
        [1.8283e-03, 1.4415e-02, 1.1365e-01],
        [1.4415e-02, 1.1365e-01, 7.2557e-01]])
2024-03-06 11:43:56,094 | INFO | hilo.kernel-accessor : Fetching kernel: laplace
2024-03-06 11:43:56,095 | INFO | hilo.laplace-kernel : Calculating Laplace distribution (location: -0.005287013482302427, scale 0.4781104326248169)
2024-03-06 11:43:56,095 | INFO | hilo.laplace-kernel : TOP-LEFT:
tensor([[7.7117e-01, 9.5234e-02, 1.1761e-02],
        [9.5234e-02, 1.1761e-02, 1.4524e-03],
        [1.1761e-02, 1.4524e-03, 1.7936e-04]])
2024-03-06 11:43:56,095 | INFO | hilo.kernel-accessor : Fetching kernel: laplace
2024-03-06 11:43:56,096 | INFO | hilo.laplace-kernel : Calculating Laplace distribution (location: 0.029634684324264526, scale 0.5200183391571045)
2024-03-06 11:43:56,096 | INFO | hilo.laplace-kernel : TOP-LEFT:
tensor([[7.1075e-01, 1.1643e-01, 1.7018e-02],
        [1.1643e-01, 1.7018e-02, 2.4875e-03],
        [1.7018e-02, 2.4875e-03, 3.6358e-04]])
2024-03-06 11:45:16,872 | INFO | hilo : Epoch   5/200 | Accuracy:  53.1250 | Loss:   1.3677
2024-03-06 11:45:16,872 | INFO | hilo.kernel-accessor : Fetching kernel: laplace
2024-03-06 11:45:16,873 | INFO | hilo.laplace-kernel : Calculating Laplace distribution (location: -0.024809394031763077, scale 0.6190677285194397)
2024-03-06 11:45:16,873 | INFO | hilo.laplace-kernel : TOP-LEFT:
tensor([[0.6521, 0.1297, 0.0258],
        [0.1297, 0.0258, 0.0051],
        [0.0258, 0.0051, 0.0010]])
2024-03-06 11:45:16,874 | INFO | hilo.kernel-accessor : Fetching kernel: laplace
2024-03-06 11:45:16,874 | INFO | hilo.laplace-kernel : Calculating Laplace distribution (location: -1.0115940570831299, scale 1.9454690217971802)
2024-03-06 11:45:16,875 | INFO | hilo.laplace-kernel : BOTTOM-RIGHT:
tensor([[0.0335, 0.0559, 0.0935],
        [0.0559, 0.0935, 0.1564],
        [0.0935, 0.1564, 0.2614]])
2024-03-06 11:45:16,875 | INFO | hilo.kernel-accessor : Fetching kernel: laplace
2024-03-06 11:45:16,875 | INFO | hilo.laplace-kernel : Calculating Laplace distribution (location: -0.395732045173645, scale 1.0718287229537964)
2024-03-06 11:45:16,876 | INFO | hilo.laplace-kernel : TOP-LEFT:
tensor([[0.4172, 0.1641, 0.0646],
        [0.1641, 0.0646, 0.0254],
        [0.0646, 0.0254, 0.0100]])
2024-03-06 11:45:16,876 | INFO | hilo.kernel-accessor : Fetching kernel: laplace
2024-03-06 11:45:16,876 | INFO | hilo.laplace-kernel : Calculating Laplace distribution (location: -0.13475240767002106, scale 0.8835859298706055)
2024-03-06 11:45:16,877 | INFO | hilo.laplace-kernel : BOTTOM-RIGHT:
tensor([[0.0053, 0.0165, 0.0511],
        [0.0165, 0.0511, 0.1585],
        [0.0511, 0.1585, 0.4915]])
2024-03-06 11:45:16,877 | INFO | hilo.kernel-accessor : Fetching kernel: laplace
2024-03-06 11:45:16,877 | INFO | hilo.laplace-kernel : Calculating Laplace distribution (location: -0.04676727205514908, scale 0.8889343738555908)
2024-03-06 11:45:16,878 | INFO | hilo.laplace-kernel : TOP-LEFT:
tensor([[0.4890, 0.1588, 0.0515],
        [0.1588, 0.0515, 0.0167],
        [0.0515, 0.0167, 0.0054]])
2024-03-06 11:45:16,878 | INFO | hilo.kernel-accessor : Fetching kernel: laplace
2024-03-06 11:45:16,878 | INFO | hilo.laplace-kernel : Calculating Laplace distribution (location: 0.013582464307546616, scale 0.6501994132995605)
2024-03-06 11:45:16,879 | INFO | hilo.laplace-kernel : BOTTOM-RIGHT:
tensor([[0.0014, 0.0064, 0.0298],
        [0.0064, 0.0298, 0.1387],
        [0.0298, 0.1387, 0.6191]])
2024-03-06 11:45:16,879 | INFO | hilo.kernel-accessor : Fetching kernel: laplace
2024-03-06 11:45:16,879 | INFO | hilo.laplace-kernel : Calculating Laplace distribution (location: -0.11163477599620819, scale 0.6670050621032715)
2024-03-06 11:45:16,880 | INFO | hilo.laplace-kernel : BOTTOM-RIGHT:
tensor([[0.0015, 0.0069, 0.0308],
        [0.0069, 0.0308, 0.1378],
        [0.0308, 0.1378, 0.6169]])
2024-03-06 11:45:16,880 | INFO | hilo.kernel-accessor : Fetching kernel: laplace
2024-03-06 11:45:16,881 | INFO | hilo.laplace-kernel : Calculating Laplace distribution (location: -0.08288177847862244, scale 0.6363733410835266)
2024-03-06 11:45:16,881 | INFO | hilo.laplace-kernel : TOP-LEFT:
tensor([[0.6391, 0.1328, 0.0276],
        [0.1328, 0.0276, 0.0057],
        [0.0276, 0.0057, 0.0012]])
2024-03-06 11:45:16,881 | INFO | hilo.kernel-accessor : Fetching kernel: laplace
2024-03-06 11:45:16,882 | INFO | hilo.laplace-kernel : Calculating Laplace distribution (location: -0.06733237206935883, scale 0.6335261464118958)
2024-03-06 11:45:16,883 | INFO | hilo.laplace-kernel : BOTTOM-RIGHT:
tensor([[0.0012, 0.0056, 0.0273],
        [0.0056, 0.0273, 0.1323],
        [0.0273, 0.1323, 0.6412]])
2024-03-06 11:45:16,883 | INFO | hilo.kernel-accessor : Fetching kernel: laplace
2024-03-06 11:45:16,883 | INFO | hilo.laplace-kernel : Calculating Laplace distribution (location: 0.03668707609176636, scale 0.44471022486686707)
2024-03-06 11:45:16,884 | INFO | hilo.laplace-kernel : BOTTOM-RIGHT:
tensor([[1.1332e-04, 1.0737e-03, 1.0174e-02],
        [1.0737e-03, 1.0174e-02, 9.6396e-02],
        [1.0174e-02, 9.6396e-02, 7.7443e-01]])
