2023-10-11 01:57:50,853 | INFO | hi-lo : 
+=========================================================================+
|  ______     ______   ______    ___         ___        ______   _______  |
| /| ___ \  // ____ \ /| ___ \  /| |        /| |      // ____ \ /| ___  \ |
| /| |//\ \ /| |//| | /| |//\ \ /| |        /| |      /| |//| | /| |//| | |
| /| | /| | /| ____ | /| | /| | /| |        /| |      /| ____ | /| ___  / |
| /| |_// / /| |//| | /| |_// / /| |____    /| |____  /| |//| | /| |//\ \ |
| /|_____/  /|_| /|_| /|_____/  /|______|   /|______| /|_| /|_| /|______/ |
| ///////   ///  ///  //////    ////////    ////////  ///  ///  ////////  |
+=========================================================================+
|                  Hi-Lo Resolution Image Classification                  |
|                  -------------------------------------                  |
|                            Gabriel C. Trahan                            |
|                               Sahan Ahmad                               |
|                            MD  Aminual Islam                            |
+=========================================================================+
| MODEL:                      normal | LR:                            0.1 |
| DISTRO:                     gumbel | KERNEL TYPE:                    11 |
| DATASET:                   cifar10 | BATCH SIZE:                     64 |
+=========================================================================+
2023-10-11 01:57:50,854 | INFO | hi-lo : Output directory: output/gumbel//11/normal/cifar10/20231011_015750
2023-10-11 01:57:50,854 | INFO | hi-lo.dataset-accessor : Fetching dataset: cifar10
2023-10-11 01:57:50,854 | INFO | hi-lo.cifar10-dataset : Initializing transform.
2023-10-11 01:57:50,854 | INFO | hi-lo.cifar10-dataset : Verifying/downloading train data.
2023-10-11 01:57:51,462 | INFO | hi-lo.cifar10-dataset : Verifying/downloading test data.
2023-10-11 01:57:51,949 | INFO | hi-lo.cifar10-dataset : Creating train data loader.
2023-10-11 01:57:51,949 | INFO | hi-lo.cifar10-dataset : Creating test data loader.
2023-10-11 01:57:52,934 | INFO | hi-lo : Using device: NVIDIA GeForce GTX 1060 6GB
2023-10-11 01:57:52,934 | INFO | hi-lo : Commencing training phase...
2023-10-11 01:57:52,935 | INFO | hi-lo : BEGIN EPOCH 1 =========================================================================
2023-10-11 01:57:52,935 | INFO | hi-lo.kernel-accessor : Fetching kernel: gumbel
2023-10-11 01:57:52,935 | INFO | hi-lo.gumbel-kernel : MU (LOCATION): 1 | BETA (SCALE): 1
2023-10-11 01:57:52,936 | INFO | hi-lo.gumbel-kernel : STATIC
tensor([[5.6765e-01, 1.6550e-01, 3.2357e-02],
        [1.6550e-01, 3.2357e-02, 2.1352e-03],
        [3.2357e-02, 2.1352e-03, 7.3562e-06]])
2023-10-11 01:57:52,936 | INFO | hi-lo.kernel-accessor : Fetching kernel: gumbel
2023-10-11 01:57:52,937 | INFO | hi-lo.gumbel-kernel : MU (LOCATION): 0.0 | BETA (SCALE): 1.0
2023-10-11 01:57:52,937 | INFO | hi-lo.gumbel-kernel : TOP-RIGHT
tensor([[2.0072e-04, 5.8259e-02, 8.8288e-01],
        [2.2609e-10, 2.0072e-04, 5.8259e-02],
        [8.5377e-26, 2.2609e-10, 2.0072e-04]])
2023-10-11 01:57:52,937 | INFO | hi-lo.kernel-accessor : Fetching kernel: gumbel
2023-10-11 01:57:52,937 | INFO | hi-lo.gumbel-kernel : MU (LOCATION): 0.0 | BETA (SCALE): 1.0
2023-10-11 01:57:52,937 | INFO | hi-lo.gumbel-kernel : TOP-LEFT
tensor([[8.8288e-01, 5.8259e-02, 2.0072e-04],
        [5.8259e-02, 2.0072e-04, 2.2609e-10],
        [2.0072e-04, 2.2609e-10, 8.5377e-26]])
2023-10-11 01:57:52,937 | INFO | hi-lo.kernel-accessor : Fetching kernel: gumbel
2023-10-11 01:57:52,938 | INFO | hi-lo.gumbel-kernel : MU (LOCATION): 0.0 | BETA (SCALE): 1.0
2023-10-11 01:57:52,938 | INFO | hi-lo.gumbel-kernel : TOP-RIGHT
tensor([[2.0072e-04, 5.8259e-02, 8.8288e-01],
        [2.2609e-10, 2.0072e-04, 5.8259e-02],
        [8.5377e-26, 2.2609e-10, 2.0072e-04]])
2023-10-11 01:58:02,205 | INFO | hi-lo : END EPOCH:   1 | ACCURACY: 45.56 | LOSS: 1.3638745546340942
2023-10-11 01:58:02,205 | INFO | hi-lo : BEGIN EPOCH 2 =========================================================================
2023-10-11 01:58:02,206 | INFO | hi-lo.kernel-accessor : Fetching kernel: gumbel
2023-10-11 01:58:02,206 | INFO | hi-lo.gumbel-kernel : MU (LOCATION): -0.03760131075978279 | BETA (SCALE): 0.5087721347808838
2023-10-11 01:58:02,207 | INFO | hi-lo.gumbel-kernel : TOP-RIGHT
tensor([[1.3780e-27, 1.1367e-04, 9.9977e-01],
        [0.0000e+00, 1.3780e-27, 1.1367e-04],
        [0.0000e+00, 0.0000e+00, 1.3780e-27]])
2023-10-11 01:58:02,207 | INFO | hi-lo.kernel-accessor : Fetching kernel: gumbel
2023-10-11 01:58:02,207 | INFO | hi-lo.gumbel-kernel : MU (LOCATION): 1 | BETA (SCALE): 1
2023-10-11 01:58:02,208 | INFO | hi-lo.gumbel-kernel : STATIC
tensor([[5.6765e-01, 1.6550e-01, 3.2357e-02],
        [1.6550e-01, 3.2357e-02, 2.1352e-03],
        [3.2357e-02, 2.1352e-03, 7.3562e-06]])
2023-10-11 01:58:02,208 | INFO | hi-lo.kernel-accessor : Fetching kernel: gumbel
2023-10-11 01:58:02,208 | INFO | hi-lo.gumbel-kernel : MU (LOCATION): -0.9100720882415771 | BETA (SCALE): 1.1924012899398804
2023-10-11 01:58:02,209 | INFO | hi-lo.gumbel-kernel : TOP-RIGHT
tensor([[3.7580e-10, 1.0241e-03, 9.9795e-01],
        [1.4680e-24, 3.7580e-10, 1.0241e-03],
        [0.0000e+00, 1.4680e-24, 3.7580e-10]])
2023-10-11 01:58:02,209 | INFO | hi-lo.kernel-accessor : Fetching kernel: gumbel
2023-10-11 01:58:02,209 | INFO | hi-lo.gumbel-kernel : MU (LOCATION): -0.4920883774757385 | BETA (SCALE): 0.6732499599456787
2023-10-11 01:58:02,210 | INFO | hi-lo.gumbel-kernel : TOP-RIGHT
tensor([[1.0999e-36, 9.0015e-08, 1.0000e+00],
        [0.0000e+00, 1.0999e-36, 9.0015e-08],
        [0.0000e+00, 0.0000e+00, 1.0999e-36]])
2023-10-11 01:58:10,672 | INFO | hi-lo : END EPOCH:   2 | ACCURACY: 48.85 | LOSS: 1.5261890888214111
2023-10-11 01:58:10,673 | INFO | hi-lo : BEGIN EPOCH 3 =========================================================================
2023-10-11 01:58:10,673 | INFO | hi-lo.kernel-accessor : Fetching kernel: gumbel
2023-10-11 01:58:10,673 | INFO | hi-lo.gumbel-kernel : MU (LOCATION): -0.03920481726527214 | BETA (SCALE): 0.48589715361595154
2023-10-11 01:58:10,674 | INFO | hi-lo.gumbel-kernel : TOP-LEFT
tensor([[9.9992e-01, 4.1700e-05, 2.6818e-33],
        [4.1700e-05, 2.6818e-33, 0.0000e+00],
        [2.6818e-33, 0.0000e+00, 0.0000e+00]])
2023-10-11 01:58:10,674 | INFO | hi-lo.kernel-accessor : Fetching kernel: gumbel
2023-10-11 01:58:10,675 | INFO | hi-lo.gumbel-kernel : MU (LOCATION): -0.5898560285568237 | BETA (SCALE): 0.8003254532814026
2023-10-11 01:58:10,675 | INFO | hi-lo.gumbel-kernel : TOP-LEFT
tensor([[9.9999e-01, 5.4675e-06, 5.3779e-23],
        [5.4675e-06, 5.3780e-23, 0.0000e+00],
        [5.3779e-23, 0.0000e+00, 0.0000e+00]])
2023-10-11 01:58:10,675 | INFO | hi-lo.kernel-accessor : Fetching kernel: gumbel
2023-10-11 01:58:10,676 | INFO | hi-lo.gumbel-kernel : MU (LOCATION): -1.3533403873443604 | BETA (SCALE): 1.89003324508667
2023-10-11 01:58:10,676 | INFO | hi-lo.gumbel-kernel : TOP-LEFT
tensor([[9.3991e-01, 2.9858e-02, 1.2376e-04],
        [2.9858e-02, 1.2376e-04, 1.6173e-08],
        [1.2376e-04, 1.6173e-08, 5.9810e-15]])
2023-10-11 01:58:10,676 | INFO | hi-lo.kernel-accessor : Fetching kernel: gumbel
2023-10-11 01:58:10,677 | INFO | hi-lo.gumbel-kernel : MU (LOCATION): 1 | BETA (SCALE): 1
2023-10-11 01:58:10,677 | INFO | hi-lo.gumbel-kernel : STATIC
tensor([[5.6765e-01, 1.6550e-01, 3.2357e-02],
        [1.6550e-01, 3.2357e-02, 2.1352e-03],
        [3.2357e-02, 2.1352e-03, 7.3562e-06]])
2023-10-11 01:58:19,226 | INFO | hi-lo : END EPOCH:   3 | ACCURACY: 54.06 | LOSS: 1.4564051628112793
2023-10-11 01:58:19,226 | INFO | hi-lo : BEGIN EPOCH 4 =========================================================================
2023-10-11 01:58:19,226 | INFO | hi-lo.kernel-accessor : Fetching kernel: gumbel
2023-10-11 01:58:19,227 | INFO | hi-lo.gumbel-kernel : MU (LOCATION): 0.06932750344276428 | BETA (SCALE): 0.46784737706184387
2023-10-11 01:58:19,227 | INFO | hi-lo.gumbel-kernel : TOP-RIGHT
tensor([[1.8110e-25, 4.5365e-04, 9.9909e-01],
        [0.0000e+00, 1.8110e-25, 4.5365e-04],
        [0.0000e+00, 0.0000e+00, 1.8110e-25]])
2023-10-11 01:58:19,227 | INFO | hi-lo.kernel-accessor : Fetching kernel: gumbel
2023-10-11 01:58:19,228 | INFO | hi-lo.gumbel-kernel : MU (LOCATION): -0.6367179155349731 | BETA (SCALE): 0.9056166410446167
2023-10-11 01:58:19,228 | INFO | hi-lo.gumbel-kernel : TOP-LEFT
tensor([[9.9982e-01, 8.8395e-05, 4.8392e-16],
        [8.8395e-05, 4.8391e-16, 0.0000e+00],
        [4.8392e-16, 0.0000e+00, 0.0000e+00]])
2023-10-11 01:58:19,228 | INFO | hi-lo.kernel-accessor : Fetching kernel: gumbel
2023-10-11 01:58:19,228 | INFO | hi-lo.gumbel-kernel : MU (LOCATION): -1.4741706848144531 | BETA (SCALE): 2.1413278579711914
2023-10-11 01:58:19,228 | INFO | hi-lo.gumbel-kernel : TOP-LEFT
tensor([[8.9194e-01, 5.2874e-02, 7.7001e-04],
        [5.2874e-02, 7.7001e-04, 1.1946e-06],
        [7.7001e-04, 1.1946e-06, 5.2074e-11]])
2023-10-11 01:58:19,229 | INFO | hi-lo.kernel-accessor : Fetching kernel: gumbel
2023-10-11 01:58:19,229 | INFO | hi-lo.gumbel-kernel : MU (LOCATION): -2.050469398498535 | BETA (SCALE): 2.113328456878662
2023-10-11 01:58:19,229 | INFO | hi-lo.gumbel-kernel : TOP-LEFT
tensor([[9.8187e-01, 9.0554e-03, 6.5259e-06],
        [9.0554e-03, 6.5259e-06, 7.8585e-11],
        [6.5259e-06, 7.8585e-11, 1.3295e-18]])
2023-10-11 01:58:27,772 | INFO | hi-lo : END EPOCH:   4 | ACCURACY: 60.94 | LOSS: 1.2311586141586304
2023-10-11 01:58:27,772 | INFO | hi-lo : BEGIN EPOCH 5 =========================================================================
2023-10-11 01:58:27,772 | INFO | hi-lo.kernel-accessor : Fetching kernel: gumbel
2023-10-11 01:58:27,773 | INFO | hi-lo.gumbel-kernel : MU (LOCATION): 0.03243625909090042 | BETA (SCALE): 0.45434078574180603
2023-10-11 01:58:27,773 | INFO | hi-lo.gumbel-kernel : TOP-LEFT
tensor([[9.9979e-01, 1.0452e-04, 5.4566e-33],
        [1.0452e-04, 5.4566e-33, 0.0000e+00],
        [5.4566e-33, 0.0000e+00, 0.0000e+00]])
2023-10-11 01:58:27,773 | INFO | hi-lo.kernel-accessor : Fetching kernel: gumbel
2023-10-11 01:58:27,774 | INFO | hi-lo.gumbel-kernel : MU (LOCATION): -0.7306679487228394 | BETA (SCALE): 0.7874951958656311
2023-10-11 01:58:27,774 | INFO | hi-lo.gumbel-kernel : TOP-RIGHT
tensor([[2.9132e-34, 2.1706e-08, 1.0000e+00],
        [0.0000e+00, 2.9133e-34, 2.1706e-08],
        [0.0000e+00, 0.0000e+00, 2.9132e-34]])
2023-10-11 01:58:27,774 | INFO | hi-lo.kernel-accessor : Fetching kernel: gumbel
2023-10-11 01:58:27,775 | INFO | hi-lo.gumbel-kernel : MU (LOCATION): -1.1902151107788086 | BETA (SCALE): 2.027350664138794
2023-10-11 01:58:27,775 | INFO | hi-lo.gumbel-kernel : TOP-LEFT
tensor([[8.6204e-01, 6.6888e-02, 1.3928e-03],
        [6.6888e-02, 1.3928e-03, 3.3637e-06],
        [1.3928e-03, 3.3637e-06, 2.3858e-10]])
2023-10-11 01:58:27,775 | INFO | hi-lo.kernel-accessor : Fetching kernel: gumbel
2023-10-11 01:58:27,776 | INFO | hi-lo.gumbel-kernel : MU (LOCATION): 1 | BETA (SCALE): 1
2023-10-11 01:58:27,776 | INFO | hi-lo.gumbel-kernel : STATIC
tensor([[5.6765e-01, 1.6550e-01, 3.2357e-02],
        [1.6550e-01, 3.2357e-02, 2.1352e-03],
        [3.2357e-02, 2.1352e-03, 7.3562e-06]])
2023-10-11 01:58:36,303 | INFO | hi-lo : END EPOCH:   5 | ACCURACY: 62.5 | LOSS: 0.9573277831077576
2023-10-11 01:58:36,303 | INFO | hi-lo : BEGIN EPOCH 6 =========================================================================
2023-10-11 01:58:36,303 | INFO | hi-lo.kernel-accessor : Fetching kernel: gumbel
2023-10-11 01:58:36,304 | INFO | hi-lo.gumbel-kernel : MU (LOCATION): -0.04048169404268265 | BETA (SCALE): 0.5245649218559265
2023-10-11 01:58:36,304 | INFO | hi-lo.gumbel-kernel : TOP-RIGHT
tensor([[8.0945e-25, 1.8574e-04, 9.9963e-01],
        [0.0000e+00, 8.0946e-25, 1.8574e-04],
        [0.0000e+00, 0.0000e+00, 8.0945e-25]])
2023-10-11 01:58:36,304 | INFO | hi-lo.kernel-accessor : Fetching kernel: gumbel
2023-10-11 01:58:36,305 | INFO | hi-lo.gumbel-kernel : MU (LOCATION): -0.6844720840454102 | BETA (SCALE): 0.906347930431366
2023-10-11 01:58:36,305 | INFO | hi-lo.gumbel-kernel : TOP-RIGHT
tensor([[1.3809e-17, 3.6264e-05, 9.9993e-01],
        [0.0000e+00, 1.3809e-17, 3.6264e-05],
        [0.0000e+00, 0.0000e+00, 1.3809e-17]])
2023-10-11 01:58:36,306 | INFO | hi-lo.kernel-accessor : Fetching kernel: gumbel
2023-10-11 01:58:36,306 | INFO | hi-lo.gumbel-kernel : MU (LOCATION): -1.9483203887939453 | BETA (SCALE): 2.898205280303955
2023-10-11 01:58:36,306 | INFO | hi-lo.gumbel-kernel : TOP-RIGHT
tensor([[8.3573e-03, 1.0997e-01, 7.5447e-01],
        [2.5317e-04, 8.3573e-03, 1.0997e-01],
        [2.0929e-06, 2.5317e-04, 8.3573e-03]])
2023-10-11 01:58:36,307 | INFO | hi-lo.kernel-accessor : Fetching kernel: gumbel
2023-10-11 01:58:36,307 | INFO | hi-lo.gumbel-kernel : MU (LOCATION): 1 | BETA (SCALE): 1
2023-10-11 01:58:36,308 | INFO | hi-lo.gumbel-kernel : STATIC
tensor([[5.6765e-01, 1.6550e-01, 3.2357e-02],
        [1.6550e-01, 3.2357e-02, 2.1352e-03],
        [3.2357e-02, 2.1352e-03, 7.3562e-06]])
2023-10-11 01:58:44,856 | INFO | hi-lo : END EPOCH:   6 | ACCURACY: 64.06 | LOSS: 1.1162136793136597
2023-10-11 01:58:44,856 | INFO | hi-lo : BEGIN EPOCH 7 =========================================================================
2023-10-11 01:58:44,856 | INFO | hi-lo.kernel-accessor : Fetching kernel: gumbel
2023-10-11 01:58:44,857 | INFO | hi-lo.gumbel-kernel : MU (LOCATION): 1 | BETA (SCALE): 1
2023-10-11 01:58:44,858 | INFO | hi-lo.gumbel-kernel : STATIC
tensor([[5.6765e-01, 1.6550e-01, 3.2357e-02],
        [1.6550e-01, 3.2357e-02, 2.1352e-03],
        [3.2357e-02, 2.1352e-03, 7.3562e-06]])
2023-10-11 01:58:44,858 | INFO | hi-lo.kernel-accessor : Fetching kernel: gumbel
2023-10-11 01:58:44,858 | INFO | hi-lo.gumbel-kernel : MU (LOCATION): -0.6032915711402893 | BETA (SCALE): 0.7789303660392761
2023-10-11 01:58:44,859 | INFO | hi-lo.gumbel-kernel : TOP-RIGHT
tensor([[1.9216e-26, 1.2776e-06, 1.0000e+00],
        [0.0000e+00, 1.9216e-26, 1.2776e-06],
        [0.0000e+00, 0.0000e+00, 1.9216e-26]])
2023-10-11 01:58:44,859 | INFO | hi-lo.kernel-accessor : Fetching kernel: gumbel
2023-10-11 01:58:44,859 | INFO | hi-lo.gumbel-kernel : MU (LOCATION): -1.6880180835723877 | BETA (SCALE): 2.554115056991577
2023-10-11 01:58:44,860 | INFO | hi-lo.gumbel-kernel : TOP-RIGHT
tensor([[4.2791e-03, 9.0356e-02, 8.0634e-01],
        [5.6680e-05, 4.2791e-03, 9.0356e-02],
        [1.1403e-07, 5.6680e-05, 4.2791e-03]])
2023-10-11 01:58:44,860 | INFO | hi-lo.kernel-accessor : Fetching kernel: gumbel
2023-10-11 01:58:44,860 | INFO | hi-lo.gumbel-kernel : MU (LOCATION): -2.1534175872802734 | BETA (SCALE): 2.23576283454895
2023-10-11 01:58:44,861 | INFO | hi-lo.gumbel-kernel : TOP-RIGHT
tensor([[1.9438e-05, 1.2966e-02, 9.7401e-01],
        [9.5735e-10, 1.9438e-05, 1.2966e-02],
        [2.2563e-16, 9.5735e-10, 1.9438e-05]])
2023-10-11 01:58:53,419 | INFO | hi-lo : END EPOCH:   7 | ACCURACY: 65.62 | LOSS: 1.2137179374694824
2023-10-11 01:58:53,419 | INFO | hi-lo : BEGIN EPOCH 8 =========================================================================
2023-10-11 01:58:53,420 | INFO | hi-lo.kernel-accessor : Fetching kernel: gumbel
2023-10-11 01:58:53,420 | INFO | hi-lo.gumbel-kernel : MU (LOCATION): -0.09000937640666962 | BETA (SCALE): 0.48494982719421387
2023-10-11 01:58:53,421 | INFO | hi-lo.gumbel-kernel : TOP-LEFT
tensor([[9.9999e-01, 6.0904e-06, 8.4306e-41],
        [6.0904e-06, 8.4315e-41, 0.0000e+00],
        [8.4306e-41, 0.0000e+00, 0.0000e+00]])
2023-10-11 01:58:53,421 | INFO | hi-lo.kernel-accessor : Fetching kernel: gumbel
2023-10-11 01:58:53,422 | INFO | hi-lo.gumbel-kernel : MU (LOCATION): 1 | BETA (SCALE): 1
2023-10-11 01:58:53,422 | INFO | hi-lo.gumbel-kernel : STATIC
tensor([[5.6765e-01, 1.6550e-01, 3.2357e-02],
        [1.6550e-01, 3.2357e-02, 2.1352e-03],
        [3.2357e-02, 2.1352e-03, 7.3562e-06]])
2023-10-11 01:58:53,422 | INFO | hi-lo.kernel-accessor : Fetching kernel: gumbel
2023-10-11 01:58:53,423 | INFO | hi-lo.gumbel-kernel : MU (LOCATION): -1.5942384004592896 | BETA (SCALE): 2.241549253463745
2023-10-11 01:58:53,423 | INFO | hi-lo.gumbel-kernel : TOP-LEFT
tensor([[8.8694e-01, 5.5142e-02, 9.2410e-04],
        [5.5142e-02, 9.2410e-04, 1.9975e-06],
        [9.2410e-04, 1.9975e-06, 1.7606e-10]])
2023-10-11 01:58:53,423 | INFO | hi-lo.kernel-accessor : Fetching kernel: gumbel
2023-10-11 01:58:53,424 | INFO | hi-lo.gumbel-kernel : MU (LOCATION): -2.124166488647461 | BETA (SCALE): 2.163351535797119
2023-10-11 01:58:53,425 | INFO | hi-lo.gumbel-kernel : TOP-RIGHT
tensor([[7.6607e-06, 9.3835e-03, 9.8121e-01],
        [1.2574e-10, 7.6607e-06, 9.3835e-03],
        [4.1773e-18, 1.2574e-10, 7.6607e-06]])
2023-10-11 01:59:01,963 | INFO | hi-lo : END EPOCH:   8 | ACCURACY: 59.38 | LOSS: 1.2169854640960693
2023-10-11 01:59:01,963 | INFO | hi-lo : BEGIN EPOCH 9 =========================================================================
2023-10-11 01:59:01,963 | INFO | hi-lo.kernel-accessor : Fetching kernel: gumbel
2023-10-11 01:59:01,964 | INFO | hi-lo.gumbel-kernel : MU (LOCATION): -0.040410999208688736 | BETA (SCALE): 0.5267300605773926
2023-10-11 01:59:01,964 | INFO | hi-lo.gumbel-kernel : TOP-RIGHT
tensor([[1.9574e-24, 2.0022e-04, 9.9960e-01],
        [0.0000e+00, 1.9574e-24, 2.0022e-04],
        [0.0000e+00, 0.0000e+00, 1.9574e-24]])
2023-10-11 01:59:01,964 | INFO | hi-lo.kernel-accessor : Fetching kernel: gumbel
2023-10-11 01:59:01,965 | INFO | hi-lo.gumbel-kernel : MU (LOCATION): -0.7087959051132202 | BETA (SCALE): 1.015942931175232
2023-10-11 01:59:01,965 | INFO | hi-lo.gumbel-kernel : TOP-LEFT
tensor([[9.9914e-01, 4.3076e-04, 2.2133e-12],
        [4.3076e-04, 2.2133e-12, 7.5844e-34],
        [2.2133e-12, 7.5844e-34, 0.0000e+00]])
2023-10-11 01:59:01,965 | INFO | hi-lo.kernel-accessor : Fetching kernel: gumbel
2023-10-11 01:59:01,966 | INFO | hi-lo.gumbel-kernel : MU (LOCATION): 1 | BETA (SCALE): 1
2023-10-11 01:59:01,966 | INFO | hi-lo.gumbel-kernel : STATIC
tensor([[5.6765e-01, 1.6550e-01, 3.2357e-02],
        [1.6550e-01, 3.2357e-02, 2.1352e-03],
        [3.2357e-02, 2.1352e-03, 7.3562e-06]])
2023-10-11 01:59:01,966 | INFO | hi-lo.kernel-accessor : Fetching kernel: gumbel
2023-10-11 01:59:01,967 | INFO | hi-lo.gumbel-kernel : MU (LOCATION): -1.983593463897705 | BETA (SCALE): 2.0668368339538574
2023-10-11 01:59:01,967 | INFO | hi-lo.gumbel-kernel : TOP-RIGHT
tensor([[5.5073e-06, 8.7072e-03, 9.8257e-01],
        [4.8097e-11, 5.5073e-06, 8.7072e-03],
        [4.0370e-19, 4.8097e-11, 5.5073e-06]])
2023-10-11 01:59:10,434 | INFO | hi-lo : END EPOCH:   9 | ACCURACY: 59.38 | LOSS: 1.1792761087417603
2023-10-11 01:59:10,434 | INFO | hi-lo : BEGIN EPOCH 10 =========================================================================
2023-10-11 01:59:10,434 | INFO | hi-lo.kernel-accessor : Fetching kernel: gumbel
2023-10-11 01:59:10,435 | INFO | hi-lo.gumbel-kernel : MU (LOCATION): -0.12415218353271484 | BETA (SCALE): 0.4181676506996155
2023-10-11 01:59:10,436 | INFO | hi-lo.gumbel-kernel : TOP-RIGHT
tensor([[0.0000e+00, 1.4229e-09, 1.0000e+00],
        [0.0000e+00, 0.0000e+00, 1.4229e-09],
        [0.0000e+00, 0.0000e+00, 0.0000e+00]])
2023-10-11 01:59:10,436 | INFO | hi-lo.kernel-accessor : Fetching kernel: gumbel
2023-10-11 01:59:10,436 | INFO | hi-lo.gumbel-kernel : MU (LOCATION): 1 | BETA (SCALE): 1
2023-10-11 01:59:10,437 | INFO | hi-lo.gumbel-kernel : STATIC
tensor([[5.6765e-01, 1.6550e-01, 3.2357e-02],
        [1.6550e-01, 3.2357e-02, 2.1352e-03],
        [3.2357e-02, 2.1352e-03, 7.3562e-06]])
2023-10-11 01:59:10,437 | INFO | hi-lo.kernel-accessor : Fetching kernel: gumbel
2023-10-11 01:59:10,438 | INFO | hi-lo.gumbel-kernel : MU (LOCATION): 1 | BETA (SCALE): 1
2023-10-11 01:59:10,438 | INFO | hi-lo.gumbel-kernel : STATIC
tensor([[5.6765e-01, 1.6550e-01, 3.2357e-02],
        [1.6550e-01, 3.2357e-02, 2.1352e-03],
        [3.2357e-02, 2.1352e-03, 7.3562e-06]])
2023-10-11 01:59:10,438 | INFO | hi-lo.kernel-accessor : Fetching kernel: gumbel
2023-10-11 01:59:10,439 | INFO | hi-lo.gumbel-kernel : MU (LOCATION): -2.16778564453125 | BETA (SCALE): 2.312708854675293
2023-10-11 01:59:10,439 | INFO | hi-lo.gumbel-kernel : TOP-LEFT
tensor([[9.6307e-01, 1.8385e-02, 5.2100e-05],
        [1.8385e-02, 5.2100e-05, 7.8109e-09],
        [5.2100e-05, 7.8109e-09, 1.2633e-14]])
2023-10-11 01:59:18,986 | INFO | hi-lo : END EPOCH:  10 | ACCURACY: 62.22 | LOSS: 1.31012761592865
2023-10-11 01:59:18,987 | INFO | hi-lo : BEGIN EPOCH 11 =========================================================================
2023-10-11 01:59:18,987 | INFO | hi-lo.kernel-accessor : Fetching kernel: gumbel
2023-10-11 01:59:18,988 | INFO | hi-lo.gumbel-kernel : MU (LOCATION): -0.15440139174461365 | BETA (SCALE): 0.47496840357780457
2023-10-11 01:59:18,988 | INFO | hi-lo.gumbel-kernel : TOP-RIGHT
tensor([[0.0000e+00, 1.2198e-07, 1.0000e+00],
        [0.0000e+00, 0.0000e+00, 1.2198e-07],
        [0.0000e+00, 0.0000e+00, 0.0000e+00]])
2023-10-11 01:59:18,988 | INFO | hi-lo.kernel-accessor : Fetching kernel: gumbel
2023-10-11 01:59:18,989 | INFO | hi-lo.gumbel-kernel : MU (LOCATION): -0.6856962442398071 | BETA (SCALE): 0.9514572024345398
2023-10-11 01:59:18,989 | INFO | hi-lo.gumbel-kernel : TOP-LEFT
tensor([[9.9973e-01, 1.3438e-04, 7.9937e-15],
        [1.3438e-04, 7.9935e-15, 3.8536e-43],
        [7.9937e-15, 3.8536e-43, 0.0000e+00]])
2023-10-11 01:59:18,989 | INFO | hi-lo.kernel-accessor : Fetching kernel: gumbel
2023-10-11 01:59:18,990 | INFO | hi-lo.gumbel-kernel : MU (LOCATION): -1.4861596822738647 | BETA (SCALE): 2.7389144897460938
2023-10-11 01:59:18,990 | INFO | hi-lo.gumbel-kernel : TOP-LEFT
tensor([[6.9521e-01, 1.3093e-01, 1.3878e-02],
        [1.3093e-01, 1.3878e-02, 6.4266e-04],
        [1.3878e-02, 6.4266e-04, 9.0259e-06]])
2023-10-11 01:59:18,991 | INFO | hi-lo.kernel-accessor : Fetching kernel: gumbel
2023-10-11 01:59:18,991 | INFO | hi-lo.gumbel-kernel : MU (LOCATION): 1 | BETA (SCALE): 1
2023-10-11 01:59:18,991 | INFO | hi-lo.gumbel-kernel : STATIC
tensor([[5.6765e-01, 1.6550e-01, 3.2357e-02],
        [1.6550e-01, 3.2357e-02, 2.1352e-03],
        [3.2357e-02, 2.1352e-03, 7.3562e-06]])
2023-10-11 01:59:27,520 | INFO | hi-lo : END EPOCH:  11 | ACCURACY: 64.7 | LOSS: 0.9666619300842285
2023-10-11 01:59:27,520 | INFO | hi-lo : BEGIN EPOCH 12 =========================================================================
2023-10-11 01:59:27,520 | INFO | hi-lo.kernel-accessor : Fetching kernel: gumbel
2023-10-11 01:59:27,521 | INFO | hi-lo.gumbel-kernel : MU (LOCATION): -0.1052662581205368 | BETA (SCALE): 0.4947788715362549
2023-10-11 01:59:27,521 | INFO | hi-lo.gumbel-kernel : TOP-RIGHT
tensor([[1.1403e-39, 5.9038e-06, 9.9999e-01],
        [0.0000e+00, 1.1404e-39, 5.9038e-06],
        [0.0000e+00, 0.0000e+00, 1.1403e-39]])
2023-10-11 01:59:27,522 | INFO | hi-lo.kernel-accessor : Fetching kernel: gumbel
2023-10-11 01:59:27,522 | INFO | hi-lo.gumbel-kernel : MU (LOCATION): -0.5647633075714111 | BETA (SCALE): 0.9956403374671936
2023-10-11 01:59:27,523 | INFO | hi-lo.gumbel-kernel : TOP-RIGHT
tensor([[2.5719e-10, 1.6818e-03, 9.9664e-01],
        [3.6072e-28, 2.5719e-10, 1.6818e-03],
        [0.0000e+00, 3.6072e-28, 2.5719e-10]])
2023-10-11 01:59:27,523 | INFO | hi-lo.kernel-accessor : Fetching kernel: gumbel
2023-10-11 01:59:27,523 | INFO | hi-lo.gumbel-kernel : MU (LOCATION): -2.6296441555023193 | BETA (SCALE): 3.625725507736206
2023-10-11 01:59:27,524 | INFO | hi-lo.gumbel-kernel : TOP-LEFT
tensor([[6.8020e-01, 1.3321e-01, 1.6965e-02],
        [1.3321e-01, 1.6965e-02, 1.2258e-03],
        [1.6965e-02, 1.2258e-03, 4.1964e-05]])
2023-10-11 01:59:27,524 | INFO | hi-lo.kernel-accessor : Fetching kernel: gumbel
2023-10-11 01:59:27,524 | INFO | hi-lo.gumbel-kernel : MU (LOCATION): 1 | BETA (SCALE): 1
2023-10-11 01:59:27,525 | INFO | hi-lo.gumbel-kernel : STATIC
tensor([[5.6765e-01, 1.6550e-01, 3.2357e-02],
        [1.6550e-01, 3.2357e-02, 2.1352e-03],
        [3.2357e-02, 2.1352e-03, 7.3562e-06]])
2023-10-11 01:59:36,052 | INFO | hi-lo : END EPOCH:  12 | ACCURACY: 66.41 | LOSS: 1.0168483257293701
2023-10-11 01:59:36,052 | INFO | hi-lo : BEGIN EPOCH 13 =========================================================================
2023-10-11 01:59:36,052 | INFO | hi-lo.kernel-accessor : Fetching kernel: gumbel
2023-10-11 01:59:36,053 | INFO | hi-lo.gumbel-kernel : MU (LOCATION): 1 | BETA (SCALE): 1
2023-10-11 01:59:36,054 | INFO | hi-lo.gumbel-kernel : STATIC
tensor([[5.6765e-01, 1.6550e-01, 3.2357e-02],
        [1.6550e-01, 3.2357e-02, 2.1352e-03],
        [3.2357e-02, 2.1352e-03, 7.3562e-06]])
2023-10-11 01:59:36,054 | INFO | hi-lo.kernel-accessor : Fetching kernel: gumbel
2023-10-11 01:59:36,054 | INFO | hi-lo.gumbel-kernel : MU (LOCATION): 1 | BETA (SCALE): 1
2023-10-11 01:59:36,055 | INFO | hi-lo.gumbel-kernel : STATIC
tensor([[5.6765e-01, 1.6550e-01, 3.2357e-02],
        [1.6550e-01, 3.2357e-02, 2.1352e-03],
        [3.2357e-02, 2.1352e-03, 7.3562e-06]])
2023-10-11 01:59:36,055 | INFO | hi-lo.kernel-accessor : Fetching kernel: gumbel
2023-10-11 01:59:36,055 | INFO | hi-lo.gumbel-kernel : MU (LOCATION): -1.856307029724121 | BETA (SCALE): 3.023088216781616
2023-10-11 01:59:36,056 | INFO | hi-lo.gumbel-kernel : TOP-RIGHT
tensor([[1.4553e-02, 1.3061e-01, 6.9354e-01],
        [7.8088e-04, 1.4553e-02, 1.3061e-01],
        [1.5152e-05, 7.8088e-04, 1.4553e-02]])
2023-10-11 01:59:36,056 | INFO | hi-lo.kernel-accessor : Fetching kernel: gumbel
2023-10-11 01:59:36,056 | INFO | hi-lo.gumbel-kernel : MU (LOCATION): -2.388583183288574 | BETA (SCALE): 2.5451743602752686
2023-10-11 01:59:36,057 | INFO | hi-lo.gumbel-kernel : TOP-RIGHT
tensor([[1.7600e-04, 2.7477e-02, 9.4452e-01],
        [1.1982e-07, 1.7600e-04, 2.7477e-02],
        [2.9478e-12, 1.1982e-07, 1.7600e-04]])
2023-10-11 01:59:44,566 | INFO | hi-lo : END EPOCH:  13 | ACCURACY: 60.83 | LOSS: 1.4434423446655273
2023-10-11 01:59:44,566 | INFO | hi-lo : BEGIN EPOCH 14 =========================================================================
2023-10-11 01:59:44,566 | INFO | hi-lo.kernel-accessor : Fetching kernel: gumbel
2023-10-11 01:59:44,567 | INFO | hi-lo.gumbel-kernel : MU (LOCATION): -0.09704508632421494 | BETA (SCALE): 0.4374808967113495
2023-10-11 01:59:44,568 | INFO | hi-lo.gumbel-kernel : TOP-RIGHT
tensor([[0.0000e+00, 1.0682e-07, 1.0000e+00],
        [0.0000e+00, 0.0000e+00, 1.0682e-07],
        [0.0000e+00, 0.0000e+00, 0.0000e+00]])
2023-10-11 01:59:44,568 | INFO | hi-lo.kernel-accessor : Fetching kernel: gumbel
2023-10-11 01:59:44,568 | INFO | hi-lo.gumbel-kernel : MU (LOCATION): 1 | BETA (SCALE): 1
2023-10-11 01:59:44,569 | INFO | hi-lo.gumbel-kernel : STATIC
tensor([[5.6765e-01, 1.6550e-01, 3.2357e-02],
        [1.6550e-01, 3.2357e-02, 2.1352e-03],
        [3.2357e-02, 2.1352e-03, 7.3562e-06]])
2023-10-11 01:59:44,569 | INFO | hi-lo.kernel-accessor : Fetching kernel: gumbel
2023-10-11 01:59:44,569 | INFO | hi-lo.gumbel-kernel : MU (LOCATION): 1 | BETA (SCALE): 1
2023-10-11 01:59:44,570 | INFO | hi-lo.gumbel-kernel : STATIC
tensor([[5.6765e-01, 1.6550e-01, 3.2357e-02],
        [1.6550e-01, 3.2357e-02, 2.1352e-03],
        [3.2357e-02, 2.1352e-03, 7.3562e-06]])
2023-10-11 01:59:44,570 | INFO | hi-lo.kernel-accessor : Fetching kernel: gumbel
2023-10-11 01:59:44,570 | INFO | hi-lo.gumbel-kernel : MU (LOCATION): -1.8381497859954834 | BETA (SCALE): 1.875893235206604
2023-10-11 01:59:44,571 | INFO | hi-lo.gumbel-kernel : TOP-RIGHT
tensor([[4.6123e-07, 3.9308e-03, 9.9214e-01],
        [1.3446e-13, 4.6123e-07, 3.9308e-03],
        [1.4267e-24, 1.3446e-13, 4.6123e-07]])
2023-10-11 01:59:53,080 | INFO | hi-lo : END EPOCH:  14 | ACCURACY: 65.62 | LOSS: 1.2346601486206055
2023-10-11 01:59:53,080 | INFO | hi-lo : BEGIN EPOCH 15 =========================================================================
2023-10-11 01:59:53,081 | INFO | hi-lo.kernel-accessor : Fetching kernel: gumbel
2023-10-11 01:59:53,081 | INFO | hi-lo.gumbel-kernel : MU (LOCATION): -0.07135670632123947 | BETA (SCALE): 0.4527384340763092
2023-10-11 01:59:53,082 | INFO | hi-lo.gumbel-kernel : TOP-LEFT
tensor([[1.0000e+00, 1.6468e-06, 0.0000e+00],
        [1.6468e-06, 0.0000e+00, 0.0000e+00],
        [0.0000e+00, 0.0000e+00, 0.0000e+00]])
2023-10-11 01:59:53,082 | INFO | hi-lo.kernel-accessor : Fetching kernel: gumbel
2023-10-11 01:59:53,083 | INFO | hi-lo.gumbel-kernel : MU (LOCATION): -0.6098398566246033 | BETA (SCALE): 0.9447512626647949
2023-10-11 01:59:53,083 | INFO | hi-lo.gumbel-kernel : TOP-RIGHT
tensor([[3.4855e-13, 3.6965e-04, 9.9926e-01],
        [2.4886e-38, 3.4855e-13, 3.6965e-04],
        [0.0000e+00, 2.4886e-38, 3.4855e-13]])
2023-10-11 01:59:53,083 | INFO | hi-lo.kernel-accessor : Fetching kernel: gumbel
2023-10-11 01:59:53,084 | INFO | hi-lo.gumbel-kernel : MU (LOCATION): -2.003809928894043 | BETA (SCALE): 3.1926345825195312
2023-10-11 01:59:53,084 | INFO | hi-lo.gumbel-kernel : TOP-LEFT
tensor([[6.7519e-01, 1.3580e-01, 1.6990e-02],
        [1.3580e-01, 1.6990e-02, 1.1104e-03],
        [1.6990e-02, 1.1104e-03, 2.9857e-05]])
2023-10-11 01:59:53,085 | INFO | hi-lo.kernel-accessor : Fetching kernel: gumbel
2023-10-11 01:59:53,085 | INFO | hi-lo.gumbel-kernel : MU (LOCATION): -1.6339566707611084 | BETA (SCALE): 1.830512523651123
2023-10-11 01:59:53,086 | INFO | hi-lo.gumbel-kernel : TOP-LEFT
tensor([[9.8501e-01, 7.4904e-03, 2.4427e-06],
        [7.4904e-03, 2.4427e-06, 3.4630e-12],
        [2.4427e-06, 3.4630e-12, 4.0982e-22]])
2023-10-11 02:00:01,721 | INFO | hi-lo : END EPOCH:  15 | ACCURACY: 66.44 | LOSS: 0.8414658308029175
2023-10-11 02:00:01,721 | INFO | hi-lo : BEGIN EPOCH 16 =========================================================================
2023-10-11 02:00:01,722 | INFO | hi-lo.kernel-accessor : Fetching kernel: gumbel
2023-10-11 02:00:01,722 | INFO | hi-lo.gumbel-kernel : MU (LOCATION): 1 | BETA (SCALE): 1
2023-10-11 02:00:01,723 | INFO | hi-lo.gumbel-kernel : STATIC
tensor([[5.6765e-01, 1.6550e-01, 3.2357e-02],
        [1.6550e-01, 3.2357e-02, 2.1352e-03],
        [3.2357e-02, 2.1352e-03, 7.3562e-06]])
2023-10-11 02:00:01,723 | INFO | hi-lo.kernel-accessor : Fetching kernel: gumbel
2023-10-11 02:00:01,723 | INFO | hi-lo.gumbel-kernel : MU (LOCATION): -0.5923597812652588 | BETA (SCALE): 0.9318262934684753
2023-10-11 02:00:01,724 | INFO | hi-lo.gumbel-kernel : TOP-LEFT
tensor([[9.9929e-01, 3.5738e-04, 2.3459e-13],
        [3.5738e-04, 2.3459e-13, 2.5767e-39],
        [2.3459e-13, 2.5767e-39, 0.0000e+00]])
2023-10-11 02:00:01,724 | INFO | hi-lo.kernel-accessor : Fetching kernel: gumbel
2023-10-11 02:00:01,724 | INFO | hi-lo.gumbel-kernel : MU (LOCATION): 1 | BETA (SCALE): 1
2023-10-11 02:00:01,725 | INFO | hi-lo.gumbel-kernel : STATIC
tensor([[5.6765e-01, 1.6550e-01, 3.2357e-02],
        [1.6550e-01, 3.2357e-02, 2.1352e-03],
        [3.2357e-02, 2.1352e-03, 7.3562e-06]])
2023-10-11 02:00:01,725 | INFO | hi-lo.kernel-accessor : Fetching kernel: gumbel
2023-10-11 02:00:01,725 | INFO | hi-lo.gumbel-kernel : MU (LOCATION): -2.748500347137451 | BETA (SCALE): 3.1006386280059814
2023-10-11 02:00:01,726 | INFO | hi-lo.gumbel-kernel : TOP-RIGHT
tensor([[2.1778e-03, 6.6321e-02, 8.6078e-01],
        [2.2032e-05, 2.1778e-03, 6.6321e-02],
        [4.3864e-08, 2.2032e-05, 2.1778e-03]])
2023-10-11 02:00:10,371 | INFO | hi-lo : END EPOCH:  16 | ACCURACY: 64.36 | LOSS: 1.0639102458953857
2023-10-11 02:00:10,371 | INFO | hi-lo : BEGIN EPOCH 17 =========================================================================
2023-10-11 02:00:10,371 | INFO | hi-lo.kernel-accessor : Fetching kernel: gumbel
2023-10-11 02:00:10,372 | INFO | hi-lo.gumbel-kernel : MU (LOCATION): -0.053968630731105804 | BETA (SCALE): 0.4932654798030853
2023-10-11 02:00:10,373 | INFO | hi-lo.gumbel-kernel : TOP-LEFT
tensor([[9.9993e-01, 3.5934e-05, 4.0861e-33],
        [3.5934e-05, 4.0861e-33, 0.0000e+00],
        [4.0861e-33, 0.0000e+00, 0.0000e+00]])
2023-10-11 02:00:10,373 | INFO | hi-lo.kernel-accessor : Fetching kernel: gumbel
2023-10-11 02:00:10,373 | INFO | hi-lo.gumbel-kernel : MU (LOCATION): -0.5663490295410156 | BETA (SCALE): 0.9876694083213806
2023-10-11 02:00:10,374 | INFO | hi-lo.gumbel-kernel : TOP-LEFT
tensor([[9.9709e-01, 1.4554e-03, 1.3440e-10],
        [1.4554e-03, 1.3440e-10, 3.4410e-29],
        [1.3440e-10, 3.4410e-29, 0.0000e+00]])
2023-10-11 02:00:10,374 | INFO | hi-lo.kernel-accessor : Fetching kernel: gumbel
2023-10-11 02:00:10,374 | INFO | hi-lo.gumbel-kernel : MU (LOCATION): -1.879366397857666 | BETA (SCALE): 2.8425958156585693
2023-10-11 02:00:10,375 | INFO | hi-lo.gumbel-kernel : TOP-RIGHT
tensor([[8.1195e-03, 1.0939e-01, 7.5640e-01],
        [2.3352e-04, 8.1195e-03, 1.0939e-01],
        [1.7448e-06, 2.3352e-04, 8.1195e-03]])
2023-10-11 02:00:10,375 | INFO | hi-lo.kernel-accessor : Fetching kernel: gumbel
2023-10-11 02:00:10,375 | INFO | hi-lo.gumbel-kernel : MU (LOCATION): 1 | BETA (SCALE): 1
2023-10-11 02:00:10,376 | INFO | hi-lo.gumbel-kernel : STATIC
tensor([[5.6765e-01, 1.6550e-01, 3.2357e-02],
        [1.6550e-01, 3.2357e-02, 2.1352e-03],
        [3.2357e-02, 2.1352e-03, 7.3562e-06]])
2023-10-11 02:00:18,954 | INFO | hi-lo : END EPOCH:  17 | ACCURACY: 66.02 | LOSS: 1.0420500040054321
2023-10-11 02:00:18,954 | INFO | hi-lo : BEGIN EPOCH 18 =========================================================================
2023-10-11 02:00:18,954 | INFO | hi-lo.kernel-accessor : Fetching kernel: gumbel
2023-10-11 02:00:18,955 | INFO | hi-lo.gumbel-kernel : MU (LOCATION): 1 | BETA (SCALE): 1
2023-10-11 02:00:18,956 | INFO | hi-lo.gumbel-kernel : STATIC
tensor([[5.6765e-01, 1.6550e-01, 3.2357e-02],
        [1.6550e-01, 3.2357e-02, 2.1352e-03],
        [3.2357e-02, 2.1352e-03, 7.3562e-06]])
2023-10-11 02:00:18,956 | INFO | hi-lo.kernel-accessor : Fetching kernel: gumbel
2023-10-11 02:00:18,956 | INFO | hi-lo.gumbel-kernel : MU (LOCATION): -0.5798554420471191 | BETA (SCALE): 1.0680416822433472
2023-10-11 02:00:18,957 | INFO | hi-lo.gumbel-kernel : TOP-LEFT
tensor([[9.9212e-01, 3.9397e-03, 1.2645e-08],
        [3.9397e-03, 1.2645e-08, 5.2607e-22],
        [1.2645e-08, 5.2607e-22, 0.0000e+00]])
2023-10-11 02:00:18,957 | INFO | hi-lo.kernel-accessor : Fetching kernel: gumbel
2023-10-11 02:00:18,958 | INFO | hi-lo.gumbel-kernel : MU (LOCATION): -2.526193380355835 | BETA (SCALE): 3.3797664642333984
2023-10-11 02:00:18,958 | INFO | hi-lo.gumbel-kernel : TOP-LEFT
tensor([[7.3137e-01, 1.1719e-01, 1.1069e-02],
        [1.1719e-01, 1.1069e-02, 5.1370e-04],
        [1.1069e-02, 5.1370e-04, 9.1719e-06]])
2023-10-11 02:00:18,958 | INFO | hi-lo.kernel-accessor : Fetching kernel: gumbel
2023-10-11 02:00:18,959 | INFO | hi-lo.gumbel-kernel : MU (LOCATION): 1 | BETA (SCALE): 1
2023-10-11 02:00:18,959 | INFO | hi-lo.gumbel-kernel : STATIC
tensor([[5.6765e-01, 1.6550e-01, 3.2357e-02],
        [1.6550e-01, 3.2357e-02, 2.1352e-03],
        [3.2357e-02, 2.1352e-03, 7.3562e-06]])
2023-10-11 02:00:27,588 | INFO | hi-lo : END EPOCH:  18 | ACCURACY: 64.06 | LOSS: 1.0548731088638306
2023-10-11 02:00:27,588 | INFO | hi-lo : BEGIN EPOCH 19 =========================================================================
2023-10-11 02:00:27,588 | INFO | hi-lo.kernel-accessor : Fetching kernel: gumbel
2023-10-11 02:00:27,589 | INFO | hi-lo.gumbel-kernel : MU (LOCATION): 0.04531890153884888 | BETA (SCALE): 0.5662178993225098
2023-10-11 02:00:27,589 | INFO | hi-lo.gumbel-kernel : TOP-RIGHT
tensor([[1.5067e-14, 2.7326e-03, 9.9453e-01],
        [0.0000e+00, 1.5068e-14, 2.7326e-03],
        [0.0000e+00, 0.0000e+00, 1.5067e-14]])
2023-10-11 02:00:27,589 | INFO | hi-lo.kernel-accessor : Fetching kernel: gumbel
2023-10-11 02:00:27,590 | INFO | hi-lo.gumbel-kernel : MU (LOCATION): -0.5075483322143555 | BETA (SCALE): 1.11493718624115
2023-10-11 02:00:27,590 | INFO | hi-lo.gumbel-kernel : TOP-LEFT
tensor([[9.7839e-01, 1.0806e-02, 6.3243e-07],
        [1.0806e-02, 6.3243e-07, 9.7291e-17],
        [6.3243e-07, 9.7291e-17, 3.1055e-40]])
2023-10-11 02:00:27,590 | INFO | hi-lo.kernel-accessor : Fetching kernel: gumbel
2023-10-11 02:00:27,591 | INFO | hi-lo.gumbel-kernel : MU (LOCATION): 1 | BETA (SCALE): 1
2023-10-11 02:00:27,591 | INFO | hi-lo.gumbel-kernel : STATIC
tensor([[5.6765e-01, 1.6550e-01, 3.2357e-02],
        [1.6550e-01, 3.2357e-02, 2.1352e-03],
        [3.2357e-02, 2.1352e-03, 7.3562e-06]])
2023-10-11 02:00:27,591 | INFO | hi-lo.kernel-accessor : Fetching kernel: gumbel
2023-10-11 02:00:27,592 | INFO | hi-lo.gumbel-kernel : MU (LOCATION): -3.2191219329833984 | BETA (SCALE): 3.1416661739349365
2023-10-11 02:00:27,592 | INFO | hi-lo.gumbel-kernel : TOP-RIGHT
tensor([[4.8885e-04, 3.6684e-02, 9.2516e-01],
        [1.4549e-06, 4.8885e-04, 3.6684e-02],
        [5.5140e-10, 1.4549e-06, 4.8885e-04]])
2023-10-11 02:00:36,220 | INFO | hi-lo : END EPOCH:  19 | ACCURACY: 64.22 | LOSS: 1.412664771080017
2023-10-11 02:00:36,221 | INFO | hi-lo : BEGIN EPOCH 20 =========================================================================
2023-10-11 02:00:36,221 | INFO | hi-lo.kernel-accessor : Fetching kernel: gumbel
2023-10-11 02:00:36,221 | INFO | hi-lo.gumbel-kernel : MU (LOCATION): -0.010102616623044014 | BETA (SCALE): 0.4908255934715271
2023-10-11 02:00:36,221 | INFO | hi-lo.gumbel-kernel : TOP-RIGHT
tensor([[1.1389e-28, 1.2484e-04, 9.9975e-01],
        [0.0000e+00, 1.1388e-28, 1.2484e-04],
        [0.0000e+00, 0.0000e+00, 1.1389e-28]])
2023-10-11 02:00:36,222 | INFO | hi-lo.kernel-accessor : Fetching kernel: gumbel
2023-10-11 02:00:36,222 | INFO | hi-lo.gumbel-kernel : MU (LOCATION): -0.5748591423034668 | BETA (SCALE): 0.9415689706802368
2023-10-11 02:00:36,222 | INFO | hi-lo.gumbel-kernel : TOP-LEFT
tensor([[9.9887e-01, 5.6445e-04, 1.7004e-12],
        [5.6445e-04, 1.7004e-12, 2.8693e-36],
        [1.7004e-12, 2.8693e-36, 0.0000e+00]])
2023-10-11 02:00:36,222 | INFO | hi-lo.kernel-accessor : Fetching kernel: gumbel
2023-10-11 02:00:36,222 | INFO | hi-lo.gumbel-kernel : MU (LOCATION): -2.348815679550171 | BETA (SCALE): 3.416102647781372
2023-10-11 02:00:36,222 | INFO | hi-lo.gumbel-kernel : TOP-RIGHT
tensor([[1.6335e-02, 1.3279e-01, 6.8320e-01],
        [1.0885e-03, 1.6335e-02, 1.3279e-01],
        [3.1893e-05, 1.0885e-03, 1.6335e-02]])
2023-10-11 02:00:36,223 | INFO | hi-lo.kernel-accessor : Fetching kernel: gumbel
2023-10-11 02:00:36,223 | INFO | hi-lo.gumbel-kernel : MU (LOCATION): -2.342507839202881 | BETA (SCALE): 2.5874125957489014
2023-10-11 02:00:36,223 | INFO | hi-lo.gumbel-kernel : TOP-RIGHT
tensor([[3.4289e-04, 3.5239e-02, 9.2849e-01],
        [4.5006e-07, 3.4289e-04, 3.5239e-02],
        [3.0967e-11, 4.5006e-07, 3.4289e-04]])
2023-10-11 02:00:44,833 | INFO | hi-lo : END EPOCH:  20 | ACCURACY: 68.75 | LOSS: 1.1077674627304077
2023-10-11 02:00:44,834 | INFO | hi-lo : BEGIN EPOCH 21 =========================================================================
2023-10-11 02:00:44,834 | INFO | hi-lo.kernel-accessor : Fetching kernel: gumbel
2023-10-11 02:00:44,834 | INFO | hi-lo.gumbel-kernel : MU (LOCATION): -0.014098549261689186 | BETA (SCALE): 0.5222213268280029
2023-10-11 02:00:44,835 | INFO | hi-lo.gumbel-kernel : TOP-RIGHT
tensor([[4.8378e-23, 3.2790e-04, 9.9934e-01],
        [0.0000e+00, 4.8379e-23, 3.2790e-04],
        [0.0000e+00, 0.0000e+00, 4.8378e-23]])
2023-10-11 02:00:44,835 | INFO | hi-lo.kernel-accessor : Fetching kernel: gumbel
2023-10-11 02:00:44,835 | INFO | hi-lo.gumbel-kernel : MU (LOCATION): -0.6028403639793396 | BETA (SCALE): 0.9768396019935608
2023-10-11 02:00:44,836 | INFO | hi-lo.gumbel-kernel : TOP-RIGHT
tensor([[1.0993e-11, 7.8241e-04, 9.9844e-01],
        [9.4872e-33, 1.0993e-11, 7.8241e-04],
        [0.0000e+00, 9.4872e-33, 1.0993e-11]])
2023-10-11 02:00:44,836 | INFO | hi-lo.kernel-accessor : Fetching kernel: gumbel
2023-10-11 02:00:44,836 | INFO | hi-lo.gumbel-kernel : MU (LOCATION): -2.062621593475342 | BETA (SCALE): 3.0595781803131104
2023-10-11 02:00:44,836 | INFO | hi-lo.gumbel-kernel : TOP-RIGHT
tensor([[1.0863e-02, 1.1867e-01, 7.2917e-01],
