2023-12-06 11:14:43,511 | INFO | hi-lo : 
+==============================================================+
|                                                              |
| ██████╗  █████╗ ██████╗ ██╗         ██╗      █████╗ ██████╗  |
| ██╔══██╗██╔══██╗██╔══██╗██║         ██║     ██╔══██╗██╔══██╗ |
| ██║  ██║███████║██║  ██║██║         ██║     ███████║██████╔╝ |
| ██║  ██║██╔══██║██║  ██║██║         ██║     ██╔══██║██╔══██╗ |
| ██████╔╝██║  ██║██████╔╝███████╗    ███████╗██║  ██║██████╔╝ |
| ╚═════╝ ╚═╝  ╚═╝╚═════╝ ╚══════╝    ╚══════╝╚═╝  ╚═╝╚═════╝  |
|                                                              |
+==============================================================+
|             Hi-Lo Resolution Image Classification            |
|             -------------------------------------            |
|                       Gabriel C. Trahan                      |
|                          Sahan Ahmad                         |
|                       MD  Aminual Islam                      |
+==============================================================+
| MODEL:                 normal | LR:                      0.1 |
| DISTRO:                gumbel | KERNEL TYPE:               5 |
| DATASET:             imagenet | BATCH SIZE:               64 |
+=========================================================================+
2023-12-06 11:14:43,511 | INFO | hi-lo : Output directory: output/normal/gumbel/5/imagenet/20231206_111443
2023-12-06 11:14:43,511 | INFO | hi-lo.dataset-accessor : Fetching dataset: imagenet
2023-12-06 11:14:43,511 | INFO | hi-lo.imagenet-dataset : Initializing transform.
2023-12-06 11:14:43,511 | INFO | hi-lo.imagenet-dataset : Verifying/downloading train data.
2023-12-06 11:14:46,570 | INFO | hi-lo.imagenet-dataset : Verifying/downloading test data.
2023-12-06 11:14:46,697 | INFO | hi-lo.imagenet-dataset : Creating train data loader.
2023-12-06 11:14:46,697 | INFO | hi-lo.imagenet-dataset : Creating test data loader.
2023-12-06 11:14:47,784 | INFO | hi-lo : Using device: NVIDIA GeForce GTX 1060 6GB
2023-12-06 11:14:47,784 | INFO | hi-lo : Commencing training phase...
2023-12-06 11:14:47,785 | INFO | hi-lo : BEGIN EPOCH 1 =========================================================================
2023-12-06 11:14:47,785 | INFO | hi-lo.kernel-accessor : Fetching kernel: gumbel
2023-12-06 11:14:47,786 | INFO | hi-lo.gumbel-kernel : MU (LOCATION): 0.0 | BETA (SCALE): 1.0
2023-12-06 11:14:47,786 | INFO | hi-lo.gumbel-kernel : TOP-RIGHT
tensor([[2.0072e-04, 5.8259e-02, 8.8288e-01],
        [2.2609e-10, 2.0072e-04, 5.8259e-02],
        [8.5377e-26, 2.2609e-10, 2.0072e-04]])
2023-12-06 11:14:47,786 | INFO | hi-lo.kernel-accessor : Fetching kernel: gumbel
2023-12-06 11:14:47,787 | INFO | hi-lo.gumbel-kernel : MU (LOCATION): 0.0 | BETA (SCALE): 1.0
2023-12-06 11:14:47,787 | INFO | hi-lo.gumbel-kernel : TOP-RIGHT
tensor([[2.0072e-04, 5.8259e-02, 8.8288e-01],
        [2.2609e-10, 2.0072e-04, 5.8259e-02],
        [8.5377e-26, 2.2609e-10, 2.0072e-04]])
2023-12-06 11:14:47,787 | INFO | hi-lo.kernel-accessor : Fetching kernel: gumbel
2023-12-06 11:14:47,787 | INFO | hi-lo.gumbel-kernel : MU (LOCATION): 0.0 | BETA (SCALE): 1.0
2023-12-06 11:14:47,787 | INFO | hi-lo.gumbel-kernel : TOP-LEFT
tensor([[8.8288e-01, 5.8259e-02, 2.0072e-04],
        [5.8259e-02, 2.0072e-04, 2.2609e-10],
        [2.0072e-04, 2.2609e-10, 8.5377e-26]])
2023-12-06 11:14:47,788 | INFO | hi-lo.kernel-accessor : Fetching kernel: gumbel
2023-12-06 11:14:47,788 | INFO | hi-lo.gumbel-kernel : MU (LOCATION): 0.0 | BETA (SCALE): 1.0
2023-12-06 11:14:47,788 | INFO | hi-lo.gumbel-kernel : TOP-LEFT
tensor([[8.8288e-01, 5.8259e-02, 2.0072e-04],
        [5.8259e-02, 2.0072e-04, 2.2609e-10],
        [2.0072e-04, 2.2609e-10, 8.5377e-26]])
2023-12-06 11:15:13,143 | INFO | hi-lo : END EPOCH:   1 | ACCURACY: 6.56 | LOSS: 4.899914264678955
2023-12-06 11:15:13,143 | INFO | hi-lo : BEGIN EPOCH 2 =========================================================================
2023-12-06 11:15:13,143 | INFO | hi-lo.kernel-accessor : Fetching kernel: gumbel
2023-12-06 11:15:13,144 | INFO | hi-lo.gumbel-kernel : MU (LOCATION): -0.013881528750061989 | BETA (SCALE): 0.43866002559661865
2023-12-06 11:15:13,144 | INFO | hi-lo.gumbel-kernel : TOP-LEFT
tensor([[9.9998e-01, 8.9276e-06, 0.0000e+00],
        [8.9276e-06, 0.0000e+00, 0.0000e+00],
        [0.0000e+00, 0.0000e+00, 0.0000e+00]])
2023-12-06 11:15:13,144 | INFO | hi-lo.kernel-accessor : Fetching kernel: gumbel
2023-12-06 11:15:13,145 | INFO | hi-lo.gumbel-kernel : MU (LOCATION): -0.4029054045677185 | BETA (SCALE): 0.6077595353126526
2023-12-06 11:15:13,145 | INFO | hi-lo.gumbel-kernel : TOP-LEFT
tensor([[1.0000e+00, 2.7851e-08, 0.0000e+00],
        [2.7851e-08, 0.0000e+00, 0.0000e+00],
        [0.0000e+00, 0.0000e+00, 0.0000e+00]])
2023-12-06 11:15:13,145 | INFO | hi-lo.kernel-accessor : Fetching kernel: gumbel
2023-12-06 11:15:13,146 | INFO | hi-lo.gumbel-kernel : MU (LOCATION): -0.5155532360076904 | BETA (SCALE): 0.8873006701469421
2023-12-06 11:15:13,146 | INFO | hi-lo.gumbel-kernel : TOP-RIGHT
tensor([[1.5295e-13, 4.1089e-04, 9.9918e-01],
        [1.2718e-41, 1.5295e-13, 4.1089e-04],
        [0.0000e+00, 1.2718e-41, 1.5295e-13]])
2023-12-06 11:15:13,146 | INFO | hi-lo.kernel-accessor : Fetching kernel: gumbel
2023-12-06 11:15:13,147 | INFO | hi-lo.gumbel-kernel : MU (LOCATION): -0.44831186532974243 | BETA (SCALE): 0.7439781427383423
2023-12-06 11:15:13,147 | INFO | hi-lo.gumbel-kernel : TOP-RIGHT
tensor([[9.2738e-22, 2.0298e-05, 9.9996e-01],
        [0.0000e+00, 9.2738e-22, 2.0298e-05],
        [0.0000e+00, 0.0000e+00, 9.2738e-22]])
2023-12-06 11:15:37,616 | INFO | hi-lo : END EPOCH:   2 | ACCURACY: 4.69 | LOSS: 4.72476863861084
2023-12-06 11:15:37,616 | INFO | hi-lo : BEGIN EPOCH 3 =========================================================================
2023-12-06 11:15:37,616 | INFO | hi-lo.kernel-accessor : Fetching kernel: gumbel
2023-12-06 11:15:37,617 | INFO | hi-lo.gumbel-kernel : MU (LOCATION): -0.1527286171913147 | BETA (SCALE): 0.49565842747688293
2023-12-06 11:15:37,617 | INFO | hi-lo.gumbel-kernel : TOP-RIGHT
tensor([[0.0000e+00, 7.5853e-07, 1.0000e+00],
        [0.0000e+00, 0.0000e+00, 7.5853e-07],
        [0.0000e+00, 0.0000e+00, 0.0000e+00]])
2023-12-06 11:15:37,617 | INFO | hi-lo.kernel-accessor : Fetching kernel: gumbel
2023-12-06 11:15:37,617 | INFO | hi-lo.gumbel-kernel : MU (LOCATION): -0.6919999122619629 | BETA (SCALE): 0.7716540098190308
2023-12-06 11:15:37,618 | INFO | hi-lo.gumbel-kernel : TOP-RIGHT
tensor([[4.2109e-34, 3.2224e-08, 1.0000e+00],
        [0.0000e+00, 4.2109e-34, 3.2224e-08],
        [0.0000e+00, 0.0000e+00, 4.2109e-34]])
2023-12-06 11:15:37,618 | INFO | hi-lo.kernel-accessor : Fetching kernel: gumbel
2023-12-06 11:15:37,618 | INFO | hi-lo.gumbel-kernel : MU (LOCATION): -0.7131614685058594 | BETA (SCALE): 1.039659857749939
2023-12-06 11:15:37,618 | INFO | hi-lo.gumbel-kernel : TOP-RIGHT
tensor([[1.4222e-11, 6.5101e-04, 9.9870e-01],
        [6.0797e-31, 1.4222e-11, 6.5101e-04],
        [0.0000e+00, 6.0797e-31, 1.4222e-11]])
2023-12-06 11:15:37,618 | INFO | hi-lo.kernel-accessor : Fetching kernel: gumbel
2023-12-06 11:15:37,619 | INFO | hi-lo.gumbel-kernel : MU (LOCATION): -1.0023882389068604 | BETA (SCALE): 1.2120718955993652
2023-12-06 11:15:37,619 | INFO | hi-lo.gumbel-kernel : TOP-RIGHT
tensor([[5.3754e-11, 5.3779e-04, 9.9892e-01],
        [1.6428e-26, 5.3754e-11, 5.3779e-04],
        [0.0000e+00, 1.6428e-26, 5.3754e-11]])
2023-12-06 11:16:02,226 | INFO | hi-lo : END EPOCH:   3 | ACCURACY: 1.56 | LOSS: 4.411367893218994
2023-12-06 11:16:02,227 | INFO | hi-lo : BEGIN EPOCH 4 =========================================================================
2023-12-06 11:16:02,227 | INFO | hi-lo.kernel-accessor : Fetching kernel: gumbel
2023-12-06 11:16:02,227 | INFO | hi-lo.gumbel-kernel : MU (LOCATION): -0.27105051279067993 | BETA (SCALE): 0.4541601836681366
2023-12-06 11:16:02,228 | INFO | hi-lo.gumbel-kernel : TOP-RIGHT
tensor([[0.0000e+00, 3.3242e-13, 1.0000e+00],
        [0.0000e+00, 0.0000e+00, 3.3242e-13],
        [0.0000e+00, 0.0000e+00, 0.0000e+00]])
2023-12-06 11:16:02,228 | INFO | hi-lo.kernel-accessor : Fetching kernel: gumbel
2023-12-06 11:16:02,228 | INFO | hi-lo.gumbel-kernel : MU (LOCATION): -0.7362381219863892 | BETA (SCALE): 0.7679499983787537
2023-12-06 11:16:02,228 | INFO | hi-lo.gumbel-kernel : TOP-LEFT
tensor([[1.0000e+00, 3.3428e-09, 7.4131e-39],
        [3.3428e-09, 7.4131e-39, 0.0000e+00],
        [7.4131e-39, 0.0000e+00, 0.0000e+00]])
2023-12-06 11:16:02,228 | INFO | hi-lo.kernel-accessor : Fetching kernel: gumbel
2023-12-06 11:16:02,229 | INFO | hi-lo.gumbel-kernel : MU (LOCATION): -0.6830209493637085 | BETA (SCALE): 1.097680687904358
2023-12-06 11:16:02,229 | INFO | hi-lo.gumbel-kernel : TOP-RIGHT
tensor([[2.4622e-09, 2.2959e-03, 9.9541e-01],
        [1.3617e-23, 2.4622e-09, 2.2959e-03],
        [0.0000e+00, 1.3617e-23, 2.4622e-09]])
2023-12-06 11:16:02,229 | INFO | hi-lo.kernel-accessor : Fetching kernel: gumbel
2023-12-06 11:16:02,229 | INFO | hi-lo.gumbel-kernel : MU (LOCATION): -1.018547534942627 | BETA (SCALE): 1.1363158226013184
2023-12-06 11:16:02,229 | INFO | hi-lo.gumbel-kernel : TOP-RIGHT
tensor([[4.8115e-14, 8.6595e-05, 9.9983e-01],
        [8.0787e-36, 4.8115e-14, 8.6595e-05],
        [0.0000e+00, 8.0787e-36, 4.8115e-14]])
2023-12-06 11:16:26,613 | INFO | hi-lo : END EPOCH:   4 | ACCURACY: 2.34 | LOSS: 4.4646100997924805
2023-12-06 11:16:26,613 | INFO | hi-lo : BEGIN EPOCH 5 =========================================================================
2023-12-06 11:16:26,613 | INFO | hi-lo.kernel-accessor : Fetching kernel: gumbel
2023-12-06 11:16:26,614 | INFO | hi-lo.gumbel-kernel : MU (LOCATION): -0.05827794596552849 | BETA (SCALE): 0.4587213099002838
2023-12-06 11:16:26,614 | INFO | hi-lo.gumbel-kernel : TOP-LEFT
tensor([[9.9999e-01, 4.5709e-06, 0.0000e+00],
        [4.5709e-06, 0.0000e+00, 0.0000e+00],
        [0.0000e+00, 0.0000e+00, 0.0000e+00]])
2023-12-06 11:16:26,614 | INFO | hi-lo.kernel-accessor : Fetching kernel: gumbel
2023-12-06 11:16:26,615 | INFO | hi-lo.gumbel-kernel : MU (LOCATION): -0.7368780970573425 | BETA (SCALE): 0.7619473338127136
2023-12-06 11:16:26,615 | INFO | hi-lo.gumbel-kernel : TOP-RIGHT
tensor([[2.4640e-40, 1.8700e-09, 1.0000e+00],
        [0.0000e+00, 2.4640e-40, 1.8700e-09],
        [0.0000e+00, 0.0000e+00, 2.4640e-40]])
2023-12-06 11:16:26,615 | INFO | hi-lo.kernel-accessor : Fetching kernel: gumbel
2023-12-06 11:16:26,615 | INFO | hi-lo.gumbel-kernel : MU (LOCATION): -0.6251353621482849 | BETA (SCALE): 0.9792041778564453
2023-12-06 11:16:26,615 | INFO | hi-lo.gumbel-kernel : TOP-LEFT
tensor([[9.9877e-01, 6.1610e-04, 4.6256e-12],
        [6.1610e-04, 4.6256e-12, 7.8423e-34],
        [4.6256e-12, 7.8423e-34, 0.0000e+00]])
2023-12-06 11:16:26,616 | INFO | hi-lo.kernel-accessor : Fetching kernel: gumbel
2023-12-06 11:16:26,616 | INFO | hi-lo.gumbel-kernel : MU (LOCATION): -0.9847298860549927 | BETA (SCALE): 1.0113285779953003
2023-12-06 11:16:26,616 | INFO | hi-lo.gumbel-kernel : TOP-RIGHT
tensor([[1.5399e-20, 2.6996e-06, 9.9999e-01],
        [0.0000e+00, 1.5399e-20, 2.6996e-06],
        [0.0000e+00, 0.0000e+00, 1.5399e-20]])
2023-12-06 11:16:51,104 | INFO | hi-lo : END EPOCH:   5 | ACCURACY: 3.75 | LOSS: 4.046614646911621
2023-12-06 11:16:51,105 | INFO | hi-lo : BEGIN EPOCH 6 =========================================================================
2023-12-06 11:16:51,105 | INFO | hi-lo.kernel-accessor : Fetching kernel: gumbel
2023-12-06 11:16:51,105 | INFO | hi-lo.gumbel-kernel : MU (LOCATION): -0.1255888044834137 | BETA (SCALE): 0.472613126039505
2023-12-06 11:16:51,106 | INFO | hi-lo.gumbel-kernel : TOP-LEFT
tensor([[1.0000e+00, 4.8885e-07, 0.0000e+00],
        [4.8885e-07, 0.0000e+00, 0.0000e+00],
        [0.0000e+00, 0.0000e+00, 0.0000e+00]])
2023-12-06 11:16:51,106 | INFO | hi-lo.kernel-accessor : Fetching kernel: gumbel
2023-12-06 11:16:51,107 | INFO | hi-lo.gumbel-kernel : MU (LOCATION): -0.6522495150566101 | BETA (SCALE): 0.828772783279419
2023-12-06 11:16:51,107 | INFO | hi-lo.gumbel-kernel : TOP-RIGHT
tensor([[4.3380e-23, 3.6911e-06, 9.9999e-01],
        [0.0000e+00, 4.3380e-23, 3.6911e-06],
        [0.0000e+00, 0.0000e+00, 4.3380e-23]])
2023-12-06 11:16:51,107 | INFO | hi-lo.kernel-accessor : Fetching kernel: gumbel
2023-12-06 11:16:51,108 | INFO | hi-lo.gumbel-kernel : MU (LOCATION): -0.975298285484314 | BETA (SCALE): 1.376909613609314
2023-12-06 11:16:51,108 | INFO | hi-lo.gumbel-kernel : TOP-RIGHT
tensor([[3.1726e-07, 5.8635e-03, 9.8827e-01],
        [1.0405e-15, 3.1726e-07, 5.8635e-03],
        [6.5196e-33, 1.0405e-15, 3.1726e-07]])
2023-12-06 11:16:51,109 | INFO | hi-lo.kernel-accessor : Fetching kernel: gumbel
2023-12-06 11:16:51,109 | INFO | hi-lo.gumbel-kernel : MU (LOCATION): -1.023799180984497 | BETA (SCALE): 1.1455774307250977
2023-12-06 11:16:51,110 | INFO | hi-lo.gumbel-kernel : TOP-LEFT
tensor([[9.9980e-01, 1.0103e-04, 9.2938e-14],
        [1.0103e-04, 9.2938e-14, 7.3240e-35],
        [9.2938e-14, 7.3240e-35, 0.0000e+00]])
2023-12-06 11:17:15,660 | INFO | hi-lo : END EPOCH:   6 | ACCURACY: 0.22 | LOSS: 4.35174036026001
2023-12-06 11:17:15,661 | INFO | hi-lo : BEGIN EPOCH 7 =========================================================================
2023-12-06 11:17:15,661 | INFO | hi-lo.kernel-accessor : Fetching kernel: gumbel
2023-12-06 11:17:15,662 | INFO | hi-lo.gumbel-kernel : MU (LOCATION): 0.022890672087669373 | BETA (SCALE): 0.5402921438217163
2023-12-06 11:17:15,662 | INFO | hi-lo.gumbel-kernel : TOP-LEFT
tensor([[9.9773e-01, 1.1335e-03, 4.2074e-18],
        [1.1335e-03, 4.2074e-18, 0.0000e+00],
        [4.2074e-18, 0.0000e+00, 0.0000e+00]])
2023-12-06 11:17:15,662 | INFO | hi-lo.kernel-accessor : Fetching kernel: gumbel
2023-12-06 11:17:15,663 | INFO | hi-lo.gumbel-kernel : MU (LOCATION): -0.6678136587142944 | BETA (SCALE): 0.915405809879303
2023-12-06 11:17:15,663 | INFO | hi-lo.gumbel-kernel : TOP-LEFT
tensor([[9.9987e-01, 6.6617e-05, 2.0512e-16],
        [6.6617e-05, 2.0512e-16, 0.0000e+00],
        [2.0512e-16, 0.0000e+00, 0.0000e+00]])
2023-12-06 11:17:15,663 | INFO | hi-lo.kernel-accessor : Fetching kernel: gumbel
2023-12-06 11:17:15,664 | INFO | hi-lo.gumbel-kernel : MU (LOCATION): -1.0904724597930908 | BETA (SCALE): 1.606256127357483
2023-12-06 11:17:15,664 | INFO | hi-lo.gumbel-kernel : TOP-LEFT
tensor([[9.6393e-01, 1.8007e-02, 1.8508e-05],
        [1.8007e-02, 1.8508e-05, 8.5501e-11],
        [1.8508e-05, 8.5501e-11, 1.6670e-20]])
2023-12-06 11:17:15,665 | INFO | hi-lo.kernel-accessor : Fetching kernel: gumbel
2023-12-06 11:17:15,665 | INFO | hi-lo.gumbel-kernel : MU (LOCATION): -0.922455906867981 | BETA (SCALE): 1.0151513814926147
2023-12-06 11:17:15,665 | INFO | hi-lo.gumbel-kernel : TOP-LEFT
tensor([[9.9998e-01, 1.2196e-05, 4.4151e-18],
        [1.2196e-05, 4.4150e-18, 0.0000e+00],
        [4.4151e-18, 0.0000e+00, 0.0000e+00]])
2023-12-06 11:17:40,182 | INFO | hi-lo : END EPOCH:   7 | ACCURACY: 0.1 | LOSS: 4.725546836853027
2023-12-06 11:17:40,183 | INFO | hi-lo : BEGIN EPOCH 8 =========================================================================
2023-12-06 11:17:40,183 | INFO | hi-lo.kernel-accessor : Fetching kernel: gumbel
2023-12-06 11:17:40,183 | INFO | hi-lo.gumbel-kernel : MU (LOCATION): -0.1927761435508728 | BETA (SCALE): 0.5321035981178284
2023-12-06 11:17:40,184 | INFO | hi-lo.gumbel-kernel : TOP-RIGHT
tensor([[6.5987e-40, 1.6217e-06, 1.0000e+00],
        [0.0000e+00, 6.5987e-40, 1.6217e-06],
        [0.0000e+00, 0.0000e+00, 6.5987e-40]])
2023-12-06 11:17:40,184 | INFO | hi-lo.kernel-accessor : Fetching kernel: gumbel
2023-12-06 11:17:40,184 | INFO | hi-lo.gumbel-kernel : MU (LOCATION): -0.6366335153579712 | BETA (SCALE): 0.8971136808395386
2023-12-06 11:17:40,185 | INFO | hi-lo.gumbel-kernel : TOP-RIGHT
tensor([[1.3809e-16, 6.8809e-05, 9.9986e-01],
        [0.0000e+00, 1.3809e-16, 6.8809e-05],
        [0.0000e+00, 0.0000e+00, 1.3809e-16]])
2023-12-06 11:17:40,185 | INFO | hi-lo.kernel-accessor : Fetching kernel: gumbel
2023-12-06 11:17:40,185 | INFO | hi-lo.gumbel-kernel : MU (LOCATION): -1.2309675216674805 | BETA (SCALE): 1.6669785976409912
2023-12-06 11:17:40,186 | INFO | hi-lo.gumbel-kernel : TOP-LEFT
tensor([[9.7083e-01, 1.4569e-02, 1.1347e-05],
        [1.4569e-02, 1.1347e-05, 4.0320e-11],
        [1.1347e-05, 4.0320e-11, 7.7873e-21]])
2023-12-06 11:17:40,186 | INFO | hi-lo.kernel-accessor : Fetching kernel: gumbel
2023-12-06 11:17:40,186 | INFO | hi-lo.gumbel-kernel : MU (LOCATION): -1.0752815008163452 | BETA (SCALE): 1.2416205406188965
2023-12-06 11:17:40,186 | INFO | hi-lo.gumbel-kernel : TOP-LEFT
tensor([[9.9918e-01, 4.0915e-04, 2.9130e-11],
        [4.0915e-04, 2.9130e-11, 8.0159e-27],
        [2.9130e-11, 8.0159e-27, 0.0000e+00]])
2023-12-06 11:18:04,722 | INFO | hi-lo : END EPOCH:   8 | ACCURACY: 0.24 | LOSS: 4.269987106323242
2023-12-06 11:18:04,722 | INFO | hi-lo : BEGIN EPOCH 9 =========================================================================
2023-12-06 11:18:04,723 | INFO | hi-lo.kernel-accessor : Fetching kernel: gumbel
2023-12-06 11:18:04,723 | INFO | hi-lo.gumbel-kernel : MU (LOCATION): -0.16543909907341003 | BETA (SCALE): 0.5380229353904724
2023-12-06 11:18:04,724 | INFO | hi-lo.gumbel-kernel : TOP-LEFT
tensor([[9.9999e-01, 6.9646e-06, 1.3510e-34],
        [6.9646e-06, 1.3510e-34, 0.0000e+00],
        [1.3510e-34, 0.0000e+00, 0.0000e+00]])
2023-12-06 11:18:04,725 | INFO | hi-lo.kernel-accessor : Fetching kernel: gumbel
2023-12-06 11:18:04,725 | INFO | hi-lo.gumbel-kernel : MU (LOCATION): -0.6302049160003662 | BETA (SCALE): 0.8669804930686951
2023-12-06 11:18:04,726 | INFO | hi-lo.gumbel-kernel : TOP-LEFT
tensor([[9.9994e-01, 2.9371e-05, 1.5567e-18],
        [2.9371e-05, 1.5567e-18, 0.0000e+00],
        [1.5567e-18, 0.0000e+00, 0.0000e+00]])
2023-12-06 11:18:04,726 | INFO | hi-lo.kernel-accessor : Fetching kernel: gumbel
2023-12-06 11:18:04,726 | INFO | hi-lo.gumbel-kernel : MU (LOCATION): -0.9465558528900146 | BETA (SCALE): 1.2940880060195923
2023-12-06 11:18:04,727 | INFO | hi-lo.gumbel-kernel : TOP-LEFT
tensor([[9.9402e-01, 2.9892e-03, 2.5422e-08],
        [2.9892e-03, 2.5422e-08, 6.5394e-19],
        [2.5422e-08, 6.5394e-19, 1.8700e-41]])
2023-12-06 11:18:04,727 | INFO | hi-lo.kernel-accessor : Fetching kernel: gumbel
2023-12-06 11:18:04,727 | INFO | hi-lo.gumbel-kernel : MU (LOCATION): -1.3667068481445312 | BETA (SCALE): 1.512396216392517
2023-12-06 11:18:04,728 | INFO | hi-lo.gumbel-kernel : TOP-RIGHT
tensor([[1.3784e-08, 1.7026e-03, 9.9659e-01],
        [3.5092e-18, 1.3784e-08, 1.7026e-03],
        [1.6953e-36, 3.5092e-18, 1.3784e-08]])
2023-12-06 11:18:29,407 | INFO | hi-lo : END EPOCH:   9 | ACCURACY: 2.08 | LOSS: 4.5515546798706055
2023-12-06 11:18:29,407 | INFO | hi-lo : BEGIN EPOCH 10 =========================================================================
2023-12-06 11:18:29,407 | INFO | hi-lo.kernel-accessor : Fetching kernel: gumbel
2023-12-06 11:18:29,408 | INFO | hi-lo.gumbel-kernel : MU (LOCATION): -0.1377924680709839 | BETA (SCALE): 0.4991764724254608
2023-12-06 11:18:29,409 | INFO | hi-lo.gumbel-kernel : TOP-LEFT
tensor([[1.0000e+00, 1.9599e-06, 3.5873e-43],
        [1.9599e-06, 3.5873e-43, 0.0000e+00],
        [3.5873e-43, 0.0000e+00, 0.0000e+00]])
2023-12-06 11:18:29,409 | INFO | hi-lo.kernel-accessor : Fetching kernel: gumbel
2023-12-06 11:18:29,409 | INFO | hi-lo.gumbel-kernel : MU (LOCATION): -0.6170249581336975 | BETA (SCALE): 0.957118809223175
2023-12-06 11:18:29,410 | INFO | hi-lo.gumbel-kernel : TOP-LEFT
tensor([[9.9913e-01, 4.3687e-04, 8.4466e-13],
        [4.3687e-04, 8.4466e-13, 9.8028e-37],
        [8.4466e-13, 9.8028e-37, 0.0000e+00]])
2023-12-06 11:18:29,410 | INFO | hi-lo.kernel-accessor : Fetching kernel: gumbel
2023-12-06 11:18:29,411 | INFO | hi-lo.gumbel-kernel : MU (LOCATION): -1.3700451850891113 | BETA (SCALE): 1.8323774337768555
2023-12-06 11:18:29,411 | INFO | hi-lo.gumbel-kernel : TOP-LEFT
tensor([[9.5638e-01, 2.1742e-02, 4.7113e-05],
        [2.1742e-02, 4.7113e-05, 1.7667e-09],
        [4.7113e-05, 1.7667e-09, 6.0322e-17]])
2023-12-06 11:18:29,411 | INFO | hi-lo.kernel-accessor : Fetching kernel: gumbel
2023-12-06 11:18:29,412 | INFO | hi-lo.gumbel-kernel : MU (LOCATION): -1.4617915153503418 | BETA (SCALE): 1.4083048105239868
2023-12-06 11:18:29,412 | INFO | hi-lo.gumbel-kernel : TOP-RIGHT
tensor([[3.3070e-12, 1.2913e-04, 9.9974e-01],
        [2.4888e-27, 3.3070e-12, 1.2913e-04],
        [0.0000e+00, 2.4888e-27, 3.3070e-12]])
2023-12-06 11:18:54,094 | INFO | hi-lo : END EPOCH:  10 | ACCURACY: 0.78 | LOSS: 4.3336286544799805
2023-12-06 11:18:54,094 | INFO | hi-lo : BEGIN EPOCH 11 =========================================================================
2023-12-06 11:18:54,094 | INFO | hi-lo.kernel-accessor : Fetching kernel: gumbel
2023-12-06 11:18:54,095 | INFO | hi-lo.gumbel-kernel : MU (LOCATION): -0.16884414851665497 | BETA (SCALE): 0.5038617253303528
2023-12-06 11:18:54,096 | INFO | hi-lo.gumbel-kernel : TOP-LEFT
tensor([[1.0000e+00, 6.4552e-07, 0.0000e+00],
        [6.4552e-07, 0.0000e+00, 0.0000e+00],
        [0.0000e+00, 0.0000e+00, 0.0000e+00]])
2023-12-06 11:18:54,096 | INFO | hi-lo.kernel-accessor : Fetching kernel: gumbel
2023-12-06 11:18:54,096 | INFO | hi-lo.gumbel-kernel : MU (LOCATION): -0.5864495038986206 | BETA (SCALE): 0.966918408870697
2023-12-06 11:18:54,097 | INFO | hi-lo.gumbel-kernel : TOP-LEFT
tensor([[9.9840e-01, 7.9772e-04, 1.0076e-11],
        [7.9772e-04, 1.0076e-11, 3.9791e-33],
        [1.0076e-11, 3.9791e-33, 0.0000e+00]])
2023-12-06 11:18:54,097 | INFO | hi-lo.kernel-accessor : Fetching kernel: gumbel
2023-12-06 11:18:54,098 | INFO | hi-lo.gumbel-kernel : MU (LOCATION): -1.353677749633789 | BETA (SCALE): 2.005251407623291
2023-12-06 11:18:54,098 | INFO | hi-lo.gumbel-kernel : TOP-LEFT
tensor([[9.0763e-01, 4.5502e-02, 4.5469e-04],
        [4.5502e-02, 4.5469e-04, 3.1923e-07],
        [4.5469e-04, 3.1923e-07, 2.8283e-12]])
2023-12-06 11:18:54,098 | INFO | hi-lo.kernel-accessor : Fetching kernel: gumbel
2023-12-06 11:18:54,099 | INFO | hi-lo.gumbel-kernel : MU (LOCATION): -1.6744213104248047 | BETA (SCALE): 1.6576143503189087
2023-12-06 11:18:54,099 | INFO | hi-lo.gumbel-kernel : TOP-LEFT
tensor([[9.9788e-01, 1.0599e-03, 6.3938e-09],
        [1.0599e-03, 6.3938e-09, 3.0267e-18],
        [6.3938e-09, 3.0267e-18, 4.4802e-35]])
2023-12-06 11:19:18,715 | INFO | hi-lo : END EPOCH:  11 | ACCURACY: 0.04 | LOSS: 4.326399326324463
2023-12-06 11:19:18,715 | INFO | hi-lo : BEGIN EPOCH 12 =========================================================================
2023-12-06 11:19:18,715 | INFO | hi-lo.kernel-accessor : Fetching kernel: gumbel
2023-12-06 11:19:18,716 | INFO | hi-lo.gumbel-kernel : MU (LOCATION): -0.05038917064666748 | BETA (SCALE): 0.42531248927116394
2023-12-06 11:19:18,717 | INFO | hi-lo.gumbel-kernel : TOP-RIGHT
tensor([[0.0000e+00, 5.6347e-07, 1.0000e+00],
        [0.0000e+00, 0.0000e+00, 5.6347e-07],
        [0.0000e+00, 0.0000e+00, 0.0000e+00]])
2023-12-06 11:19:18,717 | INFO | hi-lo.kernel-accessor : Fetching kernel: gumbel
2023-12-06 11:19:18,717 | INFO | hi-lo.gumbel-kernel : MU (LOCATION): -0.5924867987632751 | BETA (SCALE): 0.8215383887290955
2023-12-06 11:19:18,718 | INFO | hi-lo.gumbel-kernel : TOP-LEFT
tensor([[9.9997e-01, 1.2658e-05, 6.5475e-21],
        [1.2658e-05, 6.5475e-21, 0.0000e+00],
        [6.5475e-21, 0.0000e+00, 0.0000e+00]])
2023-12-06 11:19:18,718 | INFO | hi-lo.kernel-accessor : Fetching kernel: gumbel
2023-12-06 11:19:18,718 | INFO | hi-lo.gumbel-kernel : MU (LOCATION): -0.7696951627731323 | BETA (SCALE): 1.322843313217163
2023-12-06 11:19:18,719 | INFO | hi-lo.gumbel-kernel : TOP-RIGHT
tensor([[2.6103e-06, 1.2306e-02, 9.7538e-01],
        [9.2158e-14, 2.6103e-06, 1.2306e-02],
        [2.9179e-29, 9.2158e-14, 2.6103e-06]])
2023-12-06 11:19:18,719 | INFO | hi-lo.kernel-accessor : Fetching kernel: gumbel
2023-12-06 11:19:18,720 | INFO | hi-lo.gumbel-kernel : MU (LOCATION): -1.1803944110870361 | BETA (SCALE): 1.2365225553512573
2023-12-06 11:19:18,721 | INFO | hi-lo.gumbel-kernel : TOP-RIGHT
tensor([[2.8684e-13, 1.0002e-04, 9.9980e-01],
        [5.2100e-32, 2.8684e-13, 1.0002e-04],
        [0.0000e+00, 5.2100e-32, 2.8684e-13]])
2023-12-06 11:19:43,222 | INFO | hi-lo : END EPOCH:  12 | ACCURACY: 1.07 | LOSS: 4.634279727935791
2023-12-06 11:19:43,222 | INFO | hi-lo : BEGIN EPOCH 13 =========================================================================
2023-12-06 11:19:43,222 | INFO | hi-lo.kernel-accessor : Fetching kernel: gumbel
2023-12-06 11:19:43,223 | INFO | hi-lo.gumbel-kernel : MU (LOCATION): -0.20556847751140594 | BETA (SCALE): 0.4365161955356598
2023-12-06 11:19:43,223 | INFO | hi-lo.gumbel-kernel : TOP-RIGHT
tensor([[0.0000e+00, 1.2888e-11, 1.0000e+00],
        [0.0000e+00, 0.0000e+00, 1.2888e-11],
        [0.0000e+00, 0.0000e+00, 0.0000e+00]])
2023-12-06 11:19:43,224 | INFO | hi-lo.kernel-accessor : Fetching kernel: gumbel
2023-12-06 11:19:43,224 | INFO | hi-lo.gumbel-kernel : MU (LOCATION): -0.5956553220748901 | BETA (SCALE): 0.9259517788887024
2023-12-06 11:19:43,224 | INFO | hi-lo.gumbel-kernel : TOP-LEFT
tensor([[9.9941e-01, 2.9731e-04, 1.0025e-13],
        [2.9731e-04, 1.0025e-13, 1.0504e-40],
        [1.0025e-13, 1.0504e-40, 0.0000e+00]])
2023-12-06 11:19:43,225 | INFO | hi-lo.kernel-accessor : Fetching kernel: gumbel
2023-12-06 11:19:43,225 | INFO | hi-lo.gumbel-kernel : MU (LOCATION): -1.106080412864685 | BETA (SCALE): 1.7516107559204102
2023-12-06 11:19:43,226 | INFO | hi-lo.gumbel-kernel : TOP-RIGHT
tensor([[1.5788e-04, 3.4559e-02, 9.3041e-01],
        [1.7673e-08, 1.5788e-04, 3.4559e-02],
        [2.7889e-15, 1.7673e-08, 1.5788e-04]])
2023-12-06 11:19:43,226 | INFO | hi-lo.kernel-accessor : Fetching kernel: gumbel
2023-12-06 11:19:43,226 | INFO | hi-lo.gumbel-kernel : MU (LOCATION): -1.3175570964813232 | BETA (SCALE): 1.486338496208191
2023-12-06 11:19:43,227 | INFO | hi-lo.gumbel-kernel : TOP-LEFT
tensor([[9.9643e-01, 1.7874e-03, 1.4154e-08],
        [1.7874e-03, 1.4154e-08, 2.7174e-18],
        [1.4154e-08, 2.7174e-18, 4.7058e-37]])
2023-12-06 11:20:07,877 | INFO | hi-lo : END EPOCH:  13 | ACCURACY: 0.52 | LOSS: 4.394960403442383
2023-12-06 11:20:07,877 | INFO | hi-lo : BEGIN EPOCH 14 =========================================================================
2023-12-06 11:20:07,877 | INFO | hi-lo.kernel-accessor : Fetching kernel: gumbel
2023-12-06 11:20:07,878 | INFO | hi-lo.gumbel-kernel : MU (LOCATION): -0.11706094443798065 | BETA (SCALE): 0.4710014760494232
2023-12-06 11:20:07,878 | INFO | hi-lo.gumbel-kernel : TOP-LEFT
tensor([[1.0000e+00, 6.6878e-07, 0.0000e+00],
        [6.6878e-07, 0.0000e+00, 0.0000e+00],
        [0.0000e+00, 0.0000e+00, 0.0000e+00]])
2023-12-06 11:20:07,879 | INFO | hi-lo.kernel-accessor : Fetching kernel: gumbel
2023-12-06 11:20:07,879 | INFO | hi-lo.gumbel-kernel : MU (LOCATION): -0.6465860605239868 | BETA (SCALE): 0.9216939806938171
2023-12-06 11:20:07,879 | INFO | hi-lo.gumbel-kernel : TOP-LEFT
tensor([[9.9977e-01, 1.1683e-04, 2.2579e-15],
        [1.1683e-04, 2.2579e-15, 0.0000e+00],
        [2.2579e-15, 0.0000e+00, 0.0000e+00]])
2023-12-06 11:20:07,879 | INFO | hi-lo.kernel-accessor : Fetching kernel: gumbel
2023-12-06 11:20:07,880 | INFO | hi-lo.gumbel-kernel : MU (LOCATION): -0.9287723302841187 | BETA (SCALE): 1.4549983739852905
2023-12-06 11:20:07,880 | INFO | hi-lo.gumbel-kernel : TOP-LEFT
tensor([[9.7170e-01, 1.4140e-02, 6.2049e-06],
        [1.4140e-02, 6.2049e-06, 2.5796e-12],
        [6.2049e-06, 2.5796e-12, 1.0442e-24]])
2023-12-06 11:20:07,880 | INFO | hi-lo.kernel-accessor : Fetching kernel: gumbel
2023-12-06 11:20:07,881 | INFO | hi-lo.gumbel-kernel : MU (LOCATION): -1.5222291946411133 | BETA (SCALE): 1.4375652074813843
2023-12-06 11:20:07,881 | INFO | hi-lo.gumbel-kernel : TOP-LEFT
tensor([[9.9977e-01, 1.1742e-04, 3.1157e-12],
        [1.1742e-04, 3.1157e-12, 4.0483e-27],
        [3.1157e-12, 4.0483e-27, 0.0000e+00]])
2023-12-06 11:20:32,457 | INFO | hi-lo : END EPOCH:  14 | ACCURACY: 1.56 | LOSS: 4.3530988693237305
2023-12-06 11:20:32,458 | INFO | hi-lo : BEGIN EPOCH 15 =========================================================================
2023-12-06 11:20:32,458 | INFO | hi-lo.kernel-accessor : Fetching kernel: gumbel
2023-12-06 11:20:32,458 | INFO | hi-lo.gumbel-kernel : MU (LOCATION): -0.14029914140701294 | BETA (SCALE): 0.49038490653038025
2023-12-06 11:20:32,459 | INFO | hi-lo.gumbel-kernel : TOP-LEFT
tensor([[1.0000e+00, 9.3254e-07, 0.0000e+00],
        [9.3254e-07, 0.0000e+00, 0.0000e+00],
        [0.0000e+00, 0.0000e+00, 0.0000e+00]])
2023-12-06 11:20:32,459 | INFO | hi-lo.kernel-accessor : Fetching kernel: gumbel
2023-12-06 11:20:32,459 | INFO | hi-lo.gumbel-kernel : MU (LOCATION): -0.6414731740951538 | BETA (SCALE): 0.8859041333198547
2023-12-06 11:20:32,460 | INFO | hi-lo.gumbel-kernel : TOP-LEFT
tensor([[9.9991e-01, 4.4027e-05, 1.5853e-17],
        [4.4027e-05, 1.5853e-17, 0.0000e+00],
        [1.5853e-17, 0.0000e+00, 0.0000e+00]])
2023-12-06 11:20:32,460 | INFO | hi-lo.kernel-accessor : Fetching kernel: gumbel
2023-12-06 11:20:32,460 | INFO | hi-lo.gumbel-kernel : MU (LOCATION): -0.925999104976654 | BETA (SCALE): 1.3748873472213745
2023-12-06 11:20:32,460 | INFO | hi-lo.gumbel-kernel : TOP-LEFT
tensor([[9.8444e-01, 7.7781e-03, 7.5485e-07],
        [7.7781e-03, 7.5485e-07, 8.1389e-15],
        [7.5485e-07, 8.1389e-15, 5.7502e-31]])
2023-12-06 11:20:32,461 | INFO | hi-lo.kernel-accessor : Fetching kernel: gumbel
2023-12-06 11:20:32,461 | INFO | hi-lo.gumbel-kernel : MU (LOCATION): -1.2652575969696045 | BETA (SCALE): 1.2244223356246948
2023-12-06 11:20:32,461 | INFO | hi-lo.gumbel-kernel : TOP-LEFT
tensor([[9.9996e-01, 2.0539e-05, 1.4215e-15],
        [2.0539e-05, 1.4215e-15, 4.0595e-38],
        [1.4215e-15, 4.0595e-38, 0.0000e+00]])
2023-12-06 11:20:57,000 | INFO | hi-lo : END EPOCH:  15 | ACCURACY: 0.01 | LOSS: 4.326241970062256
2023-12-06 11:20:57,000 | INFO | hi-lo : BEGIN EPOCH 16 =========================================================================
2023-12-06 11:20:57,001 | INFO | hi-lo.kernel-accessor : Fetching kernel: gumbel
2023-12-06 11:20:57,002 | INFO | hi-lo.gumbel-kernel : MU (LOCATION): -0.09557050466537476 | BETA (SCALE): 0.4706179201602936
2023-12-06 11:20:57,002 | INFO | hi-lo.gumbel-kernel : TOP-LEFT
tensor([[1.0000e+00, 1.8690e-06, 0.0000e+00],
        [1.8690e-06, 0.0000e+00, 0.0000e+00],
        [0.0000e+00, 0.0000e+00, 0.0000e+00]])
2023-12-06 11:20:57,002 | INFO | hi-lo.kernel-accessor : Fetching kernel: gumbel
2023-12-06 11:20:57,003 | INFO | hi-lo.gumbel-kernel : MU (LOCATION): -0.6034437417984009 | BETA (SCALE): 0.9472481608390808
2023-12-06 11:20:57,003 | INFO | hi-lo.gumbel-kernel : TOP-LEFT
tensor([[9.9914e-01, 4.2781e-04, 6.4544e-13],
        [4.2781e-04, 6.4543e-13, 2.0736e-37],
        [6.4544e-13, 2.0736e-37, 0.0000e+00]])
2023-12-06 11:20:57,003 | INFO | hi-lo.kernel-accessor : Fetching kernel: gumbel
2023-12-06 11:20:57,003 | INFO | hi-lo.gumbel-kernel : MU (LOCATION): -0.9642751812934875 | BETA (SCALE): 1.6469579935073853
2023-12-06 11:20:57,004 | INFO | hi-lo.gumbel-kernel : TOP-LEFT
tensor([[9.3099e-01, 3.4304e-02, 1.3323e-04],
        [3.4304e-02, 1.3323e-04, 8.3275e-09],
        [1.3323e-04, 8.3275e-09, 2.6621e-16]])
2023-12-06 11:20:57,004 | INFO | hi-lo.kernel-accessor : Fetching kernel: gumbel
2023-12-06 11:20:57,004 | INFO | hi-lo.gumbel-kernel : MU (LOCATION): -1.2234535217285156 | BETA (SCALE): 1.186165452003479
2023-12-06 11:20:57,005 | INFO | hi-lo.gumbel-kernel : TOP-LEFT
tensor([[9.9997e-01, 1.2921e-05, 1.7266e-16],
        [1.2921e-05, 1.7266e-16, 3.4183e-41],
        [1.7266e-16, 3.4183e-41, 0.0000e+00]])
2023-12-06 11:21:21,524 | INFO | hi-lo : END EPOCH:  16 | ACCURACY: 0.35 | LOSS: 4.122910976409912
2023-12-06 11:21:21,524 | INFO | hi-lo : BEGIN EPOCH 17 =========================================================================
2023-12-06 11:21:21,524 | INFO | hi-lo.kernel-accessor : Fetching kernel: gumbel
2023-12-06 11:21:21,525 | INFO | hi-lo.gumbel-kernel : MU (LOCATION): -0.09117709845304489 | BETA (SCALE): 0.5204322338104248
2023-12-06 11:21:21,525 | INFO | hi-lo.gumbel-kernel : TOP-RIGHT
tensor([[1.5066e-30, 3.7191e-05, 9.9993e-01],
        [0.0000e+00, 1.5066e-30, 3.7191e-05],
        [0.0000e+00, 0.0000e+00, 1.5066e-30]])
2023-12-06 11:21:21,525 | INFO | hi-lo.kernel-accessor : Fetching kernel: gumbel
2023-12-06 11:21:21,525 | INFO | hi-lo.gumbel-kernel : MU (LOCATION): -0.6922413110733032 | BETA (SCALE): 1.0123028755187988
2023-12-06 11:21:21,526 | INFO | hi-lo.gumbel-kernel : TOP-RIGHT
tensor([[3.5490e-12, 4.9739e-04, 9.9901e-01],
        [2.4886e-33, 3.5490e-12, 4.9739e-04],
        [0.0000e+00, 2.4886e-33, 3.5490e-12]])
2023-12-06 11:21:21,526 | INFO | hi-lo.kernel-accessor : Fetching kernel: gumbel
2023-12-06 11:21:21,526 | INFO | hi-lo.gumbel-kernel : MU (LOCATION): -1.0036826133728027 | BETA (SCALE): 1.628257155418396
2023-12-06 11:21:21,526 | INFO | hi-lo.gumbel-kernel : TOP-RIGHT
tensor([[6.9581e-05, 2.7837e-02, 9.4412e-01],
        [1.8185e-09, 6.9581e-05, 2.7837e-02],
        [1.0389e-17, 1.8185e-09, 6.9581e-05]])
2023-12-06 11:21:21,526 | INFO | hi-lo.kernel-accessor : Fetching kernel: gumbel
2023-12-06 11:21:21,526 | INFO | hi-lo.gumbel-kernel : MU (LOCATION): -2.104905128479004 | BETA (SCALE): 1.962524175643921
2023-12-06 11:21:21,527 | INFO | hi-lo.gumbel-kernel : TOP-RIGHT
tensor([[9.6860e-08, 2.0483e-03, 9.9590e-01],
        [8.5831e-15, 9.6860e-08, 2.0483e-03],
        [2.1956e-26, 8.5831e-15, 9.6860e-08]])
2023-12-06 11:21:46,216 | INFO | hi-lo : END EPOCH:  17 | ACCURACY: 0.57 | LOSS: 4.498709201812744
2023-12-06 11:21:46,216 | INFO | hi-lo : BEGIN EPOCH 18 =========================================================================
2023-12-06 11:21:46,216 | INFO | hi-lo.kernel-accessor : Fetching kernel: gumbel
2023-12-06 11:21:46,217 | INFO | hi-lo.gumbel-kernel : MU (LOCATION): -0.008815692737698555 | BETA (SCALE): 0.4704378545284271
2023-12-06 11:21:46,217 | INFO | hi-lo.gumbel-kernel : TOP-LEFT
tensor([[9.9989e-01, 5.6224e-05, 8.9613e-34],
        [5.6224e-05, 8.9617e-34, 0.0000e+00],
        [8.9613e-34, 0.0000e+00, 0.0000e+00]])
2023-12-06 11:21:46,217 | INFO | hi-lo.kernel-accessor : Fetching kernel: gumbel
2023-12-06 11:21:46,217 | INFO | hi-lo.gumbel-kernel : MU (LOCATION): -0.5870132446289062 | BETA (SCALE): 0.9862043261528015
2023-12-06 11:21:46,218 | INFO | hi-lo.gumbel-kernel : TOP-RIGHT
tensor([[4.9431e-11, 1.1218e-03, 9.9776e-01],
        [1.5503e-30, 4.9431e-11, 1.1218e-03],
        [0.0000e+00, 1.5503e-30, 4.9431e-11]])
2023-12-06 11:21:46,218 | INFO | hi-lo.kernel-accessor : Fetching kernel: gumbel
2023-12-06 11:21:46,218 | INFO | hi-lo.gumbel-kernel : MU (LOCATION): -1.1281671524047852 | BETA (SCALE): 2.172760009765625
2023-12-06 11:21:46,218 | INFO | hi-lo.gumbel-kernel : TOP-LEFT
tensor([[7.9426e-01, 9.6172e-02, 4.4367e-03],
        [9.6172e-02, 4.4367e-03, 4.4366e-05],
        [4.4367e-03, 4.4366e-05, 3.9350e-08]])
2023-12-06 11:21:46,218 | INFO | hi-lo.kernel-accessor : Fetching kernel: gumbel
2023-12-06 11:21:46,219 | INFO | hi-lo.gumbel-kernel : MU (LOCATION): -1.7667129039764404 | BETA (SCALE): 1.835300087928772
2023-12-06 11:21:46,219 | INFO | hi-lo.gumbel-kernel : TOP-LEFT
tensor([[9.9199e-01, 4.0060e-03, 4.4290e-07],
        [4.0060e-03, 4.4290e-07, 9.8937e-14],
        [4.4290e-07, 9.8937e-14, 4.9887e-25]])
2023-12-06 11:22:10,918 | INFO | hi-lo : END EPOCH:  18 | ACCURACY: 0.78 | LOSS: 4.355518341064453
2023-12-06 11:22:10,918 | INFO | hi-lo : BEGIN EPOCH 19 =========================================================================
2023-12-06 11:22:10,918 | INFO | hi-lo.kernel-accessor : Fetching kernel: gumbel
2023-12-06 11:22:10,919 | INFO | hi-lo.gumbel-kernel : MU (LOCATION): -0.16503968834877014 | BETA (SCALE): 0.4738503098487854
2023-12-06 11:22:10,919 | INFO | hi-lo.gumbel-kernel : TOP-LEFT
tensor([[1.0000e+00, 5.7990e-08, 0.0000e+00],
        [5.7990e-08, 0.0000e+00, 0.0000e+00],
        [0.0000e+00, 0.0000e+00, 0.0000e+00]])
2023-12-06 11:22:10,919 | INFO | hi-lo.kernel-accessor : Fetching kernel: gumbel
2023-12-06 11:22:10,919 | INFO | hi-lo.gumbel-kernel : MU (LOCATION): -0.5817489624023438 | BETA (SCALE): 0.8822556138038635
2023-12-06 11:22:10,920 | INFO | hi-lo.gumbel-kernel : TOP-LEFT
tensor([[9.9976e-01, 1.2229e-04, 9.3436e-16],
        [1.2229e-04, 9.3436e-16, 0.0000e+00],
        [9.3436e-16, 0.0000e+00, 0.0000e+00]])
2023-12-06 11:22:10,920 | INFO | hi-lo.kernel-accessor : Fetching kernel: gumbel
2023-12-06 11:22:10,920 | INFO | hi-lo.gumbel-kernel : MU (LOCATION): -0.8809795379638672 | BETA (SCALE): 1.409924864768982
2023-12-06 11:22:10,920 | INFO | hi-lo.gumbel-kernel : TOP-LEFT
tensor([[9.7387e-01, 1.3059e-02, 4.2452e-06],
        [1.3059e-02, 4.2452e-06, 7.1883e-13],
        [4.2452e-06, 7.1883e-13, 2.5832e-26]])
2023-12-06 11:22:10,920 | INFO | hi-lo.kernel-accessor : Fetching kernel: gumbel
2023-12-06 11:22:10,921 | INFO | hi-lo.gumbel-kernel : MU (LOCATION): -1.2089943885803223 | BETA (SCALE): 1.2662484645843506
2023-12-06 11:22:10,921 | INFO | hi-lo.gumbel-kernel : TOP-RIGHT
tensor([[1.0482e-12, 1.3514e-04, 9.9973e-01],
        [3.6930e-30, 1.0482e-12, 1.3514e-04],
        [0.0000e+00, 3.6930e-30, 1.0482e-12]])
2023-12-06 11:22:35,650 | INFO | hi-lo : END EPOCH:  19 | ACCURACY: 3.91 | LOSS: 4.1316938400268555
2023-12-06 11:22:35,650 | INFO | hi-lo : BEGIN EPOCH 20 =========================================================================
2023-12-06 11:22:35,650 | INFO | hi-lo.kernel-accessor : Fetching kernel: gumbel
2023-12-06 11:22:35,651 | INFO | hi-lo.gumbel-kernel : MU (LOCATION): -0.05757872015237808 | BETA (SCALE): 0.5329129695892334
2023-12-06 11:22:35,652 | INFO | hi-lo.gumbel-kernel : TOP-LEFT
tensor([[9.9968e-01, 1.5985e-04, 8.3179e-25],
        [1.5985e-04, 8.3180e-25, 0.0000e+00],
        [8.3179e-25, 0.0000e+00, 0.0000e+00]])
2023-12-06 11:22:35,652 | INFO | hi-lo.kernel-accessor : Fetching kernel: gumbel
2023-12-06 11:22:35,652 | INFO | hi-lo.gumbel-kernel : MU (LOCATION): -0.5754638910293579 | BETA (SCALE): 0.9778566360473633
2023-12-06 11:22:35,653 | INFO | hi-lo.gumbel-kernel : TOP-LEFT
tensor([[9.9778e-01, 1.1116e-03, 4.2219e-11],
        [1.1116e-03, 4.2218e-11, 6.0743e-31],
        [4.2219e-11, 6.0743e-31, 0.0000e+00]])
2023-12-06 11:22:35,653 | INFO | hi-lo.kernel-accessor : Fetching kernel: gumbel
2023-12-06 11:22:35,653 | INFO | hi-lo.gumbel-kernel : MU (LOCATION): -1.16591477394104 | BETA (SCALE): 2.0073397159576416
2023-12-06 11:22:35,654 | INFO | hi-lo.gumbel-kernel : TOP-RIGHT
tensor([[1.3569e-03, 6.6602e-02, 8.6272e-01],
        [3.0862e-06, 1.3569e-03, 6.6602e-02],
        [1.9025e-10, 3.0862e-06, 1.3569e-03]])
2023-12-06 11:22:35,654 | INFO | hi-lo.kernel-accessor : Fetching kernel: gumbel
2023-12-06 11:22:35,655 | INFO | hi-lo.gumbel-kernel : MU (LOCATION): -1.484175443649292 | BETA (SCALE): 1.5001808404922485
2023-12-06 11:22:35,655 | INFO | hi-lo.gumbel-kernel : TOP-LEFT
tensor([[9.9892e-01, 5.4129e-04, 4.4337e-10],
        [5.4129e-04, 4.4337e-10, 1.1664e-21],
        [4.4337e-10, 1.1664e-21, 0.0000e+00]])
2023-12-06 11:23:00,080 | INFO | hi-lo : END EPOCH:  20 | ACCURACY: 2.54 | LOSS: 4.325546741485596
2023-12-06 11:23:00,080 | INFO | hi-lo : BEGIN EPOCH 21 =========================================================================
2023-12-06 11:23:00,080 | INFO | hi-lo.kernel-accessor : Fetching kernel: gumbel
2023-12-06 11:23:00,081 | INFO | hi-lo.gumbel-kernel : MU (LOCATION): -0.08253244310617447 | BETA (SCALE): 0.5461180806159973
2023-12-06 11:23:00,082 | INFO | hi-lo.gumbel-kernel : TOP-LEFT
tensor([[9.9973e-01, 1.3347e-04, 1.2976e-24],
        [1.3347e-04, 1.2976e-24, 0.0000e+00],
        [1.2976e-24, 0.0000e+00, 0.0000e+00]])
2023-12-06 11:23:00,082 | INFO | hi-lo.kernel-accessor : Fetching kernel: gumbel
