2023-10-28 10:52:07,470 | INFO | hi-lo : 
+=========================================================================+
|  ______     ______   ______    ___         ___        ______   _______  |
| /| ___ \  // ____ \ /| ___ \  /| |        /| |      // ____ \ /| ___  \ |
| /| |//\ \ /| |//| | /| |//\ \ /| |        /| |      /| |//| | /| |//| | |
| /| | /| | /| ____ | /| | /| | /| |        /| |      /| ____ | /| ___  / |
| /| |_// / /| |//| | /| |_// / /| |____    /| |____  /| |//| | /| |//\ \ |
| /|_____/  /|_| /|_| /|_____/  /|______|   /|______| /|_| /|_| /|______/ |
| ///////   ///  ///  //////    ////////    ////////  ///  ///  ////////  |
+=========================================================================+
|                  Hi-Lo Resolution Image Classification                  |
|                  -------------------------------------                  |
|                            Gabriel C. Trahan                            |
|                               Sahan Ahmad                               |
|                            MD  Aminual Islam                            |
+=========================================================================+
| MODEL:                      resnet | LR:                            0.1 |
| DISTRO:                     cauchy | KERNEL TYPE:                     2 |
| DATASET:                   cifar10 | BATCH SIZE:                     64 |
+=========================================================================+
2023-10-28 10:52:07,471 | INFO | hi-lo : Output directory: output/resnet/cauchy/2/cifar10/20231028_105207
2023-10-28 10:52:07,471 | INFO | hi-lo.dataset-accessor : Fetching dataset: cifar10
2023-10-28 10:52:07,471 | INFO | hi-lo.cifar10-dataset : Initializing transform.
2023-10-28 10:52:07,471 | INFO | hi-lo.cifar10-dataset : Verifying/downloading train data.
2023-10-28 10:52:08,080 | INFO | hi-lo.cifar10-dataset : Verifying/downloading test data.
2023-10-28 10:52:08,573 | INFO | hi-lo.cifar10-dataset : Creating train data loader.
2023-10-28 10:52:08,574 | INFO | hi-lo.cifar10-dataset : Creating test data loader.
2023-10-28 10:52:09,644 | INFO | hi-lo : Using device: NVIDIA GeForce GTX 1060 6GB
2023-10-28 10:52:09,644 | INFO | hi-lo : Commencing training phase...
2023-10-28 10:52:09,645 | INFO | hi-lo : BEGIN EPOCH 1 =========================================================================
2023-10-28 10:52:09,645 | INFO | hi-lo.kernel-accessor : Fetching kernel: cauchy
2023-10-28 10:52:09,646 | INFO | hi-lo.cauchy-kernel : CHI (LOCATION): 1 | GAMMA (SCALE): 1 | VAIRANCE: 1
2023-10-28 10:52:09,646 | INFO | hi-lo.cauchy-kernel : BOTTOM-LEFT
tensor([[0., 0., 0.],
        [0., 0., 0.],
        [nan, 0., 0.]])
2023-10-28 10:52:09,646 | INFO | hi-lo.kernel-accessor : Fetching kernel: cauchy
2023-10-28 10:52:09,646 | INFO | hi-lo.cauchy-kernel : CHI (LOCATION): 0.0 | GAMMA (SCALE): 1.0 | VAIRANCE: 1.0
2023-10-28 10:52:09,647 | INFO | hi-lo.cauchy-kernel : BOTTOM-LEFT
tensor([[0.0901, 0.0676, 0.0541],
        [0.1351, 0.0901, 0.0676],
        [0.2703, 0.1351, 0.0901]])
2023-10-28 10:52:09,647 | INFO | hi-lo.kernel-accessor : Fetching kernel: cauchy
2023-10-28 10:52:09,647 | INFO | hi-lo.cauchy-kernel : CHI (LOCATION): 0.0 | GAMMA (SCALE): 1.0 | VAIRANCE: 1.0
2023-10-28 10:52:09,647 | INFO | hi-lo.cauchy-kernel : TOP-RIGHT
tensor([[0.0901, 0.1351, 0.2703],
        [0.0676, 0.0901, 0.1351],
        [0.0541, 0.0676, 0.0901]])
2023-10-28 10:52:09,647 | INFO | hi-lo.kernel-accessor : Fetching kernel: cauchy
2023-10-28 10:52:09,648 | INFO | hi-lo.cauchy-kernel : CHI (LOCATION): 0.0 | GAMMA (SCALE): 1.0 | VAIRANCE: 1.0
2023-10-28 10:52:09,648 | INFO | hi-lo.cauchy-kernel : TOP-RIGHT
tensor([[0.0901, 0.1351, 0.2703],
        [0.0676, 0.0901, 0.1351],
        [0.0541, 0.0676, 0.0901]])
2023-10-28 10:52:09,648 | INFO | hi-lo.kernel-accessor : Fetching kernel: cauchy
2023-10-28 10:52:09,648 | INFO | hi-lo.cauchy-kernel : CHI (LOCATION): 0.0 | GAMMA (SCALE): 1.0 | VAIRANCE: 1.0
2023-10-28 10:52:09,648 | INFO | hi-lo.cauchy-kernel : BOTTOM-LEFT
tensor([[0.0901, 0.0676, 0.0541],
        [0.1351, 0.0901, 0.0676],
        [0.2703, 0.1351, 0.0901]])
2023-10-28 10:52:09,648 | INFO | hi-lo.kernel-accessor : Fetching kernel: cauchy
2023-10-28 10:52:09,649 | INFO | hi-lo.cauchy-kernel : CHI (LOCATION): 0.0 | GAMMA (SCALE): 1.0 | VAIRANCE: 1.0
2023-10-28 10:52:09,649 | INFO | hi-lo.cauchy-kernel : TOP-RIGHT
tensor([[0.0901, 0.1351, 0.2703],
        [0.0676, 0.0901, 0.1351],
        [0.0541, 0.0676, 0.0901]])
2023-10-28 10:52:09,649 | INFO | hi-lo.kernel-accessor : Fetching kernel: cauchy
2023-10-28 10:52:09,649 | INFO | hi-lo.cauchy-kernel : CHI (LOCATION): 0.0 | GAMMA (SCALE): 1.0 | VAIRANCE: 1.0
2023-10-28 10:52:09,649 | INFO | hi-lo.cauchy-kernel : BOTTOM-LEFT
tensor([[0.0901, 0.0676, 0.0541],
        [0.1351, 0.0901, 0.0676],
        [0.2703, 0.1351, 0.0901]])
2023-10-28 10:52:09,649 | INFO | hi-lo.kernel-accessor : Fetching kernel: cauchy
2023-10-28 10:52:09,650 | INFO | hi-lo.cauchy-kernel : CHI (LOCATION): 0.0 | GAMMA (SCALE): 1.0 | VAIRANCE: 1.0
2023-10-28 10:52:09,650 | INFO | hi-lo.cauchy-kernel : BOTTOM-LEFT
tensor([[0.0901, 0.0676, 0.0541],
        [0.1351, 0.0901, 0.0676],
        [0.2703, 0.1351, 0.0901]])
2023-10-28 10:52:09,650 | INFO | hi-lo.kernel-accessor : Fetching kernel: cauchy
2023-10-28 10:52:09,650 | INFO | hi-lo.cauchy-kernel : CHI (LOCATION): 0.0 | GAMMA (SCALE): 1.0 | VAIRANCE: 1.0
2023-10-28 10:52:09,650 | INFO | hi-lo.cauchy-kernel : TOP-RIGHT
tensor([[0.0901, 0.1351, 0.2703],
        [0.0676, 0.0901, 0.1351],
        [0.0541, 0.0676, 0.0901]])
2023-10-28 10:52:09,650 | INFO | hi-lo.kernel-accessor : Fetching kernel: cauchy
2023-10-28 10:52:09,651 | INFO | hi-lo.cauchy-kernel : CHI (LOCATION): 0.0 | GAMMA (SCALE): 1.0 | VAIRANCE: 1.0
2023-10-28 10:52:09,651 | INFO | hi-lo.cauchy-kernel : TOP-RIGHT
tensor([[0.0901, 0.1351, 0.2703],
        [0.0676, 0.0901, 0.1351],
        [0.0541, 0.0676, 0.0901]])
2023-10-28 10:52:09,651 | INFO | hi-lo.kernel-accessor : Fetching kernel: cauchy
2023-10-28 10:52:09,651 | INFO | hi-lo.cauchy-kernel : CHI (LOCATION): 0.0 | GAMMA (SCALE): 1.0 | VAIRANCE: 1.0
2023-10-28 10:52:09,651 | INFO | hi-lo.cauchy-kernel : BOTTOM-LEFT
tensor([[0.0901, 0.0676, 0.0541],
        [0.1351, 0.0901, 0.0676],
        [0.2703, 0.1351, 0.0901]])
2023-10-28 10:52:09,651 | INFO | hi-lo.kernel-accessor : Fetching kernel: cauchy
2023-10-28 10:52:09,652 | INFO | hi-lo.cauchy-kernel : CHI (LOCATION): 0.0 | GAMMA (SCALE): 1.0 | VAIRANCE: 1.0
2023-10-28 10:52:09,652 | INFO | hi-lo.cauchy-kernel : TOP-RIGHT
tensor([[0.0901, 0.1351, 0.2703],
        [0.0676, 0.0901, 0.1351],
        [0.0541, 0.0676, 0.0901]])
2023-10-28 10:52:09,652 | INFO | hi-lo.kernel-accessor : Fetching kernel: cauchy
2023-10-28 10:52:09,652 | INFO | hi-lo.cauchy-kernel : CHI (LOCATION): 0.0 | GAMMA (SCALE): 1.0 | VAIRANCE: 1.0
2023-10-28 10:52:09,652 | INFO | hi-lo.cauchy-kernel : BOTTOM-LEFT
tensor([[0.0901, 0.0676, 0.0541],
        [0.1351, 0.0901, 0.0676],
        [0.2703, 0.1351, 0.0901]])
2023-10-28 10:52:09,652 | INFO | hi-lo.kernel-accessor : Fetching kernel: cauchy
2023-10-28 10:52:09,653 | INFO | hi-lo.cauchy-kernel : CHI (LOCATION): 0.0 | GAMMA (SCALE): 1.0 | VAIRANCE: 1.0
2023-10-28 10:52:09,653 | INFO | hi-lo.cauchy-kernel : BOTTOM-LEFT
tensor([[0.0901, 0.0676, 0.0541],
        [0.1351, 0.0901, 0.0676],
        [0.2703, 0.1351, 0.0901]])
2023-10-28 10:52:09,653 | INFO | hi-lo.kernel-accessor : Fetching kernel: cauchy
2023-10-28 10:52:09,653 | INFO | hi-lo.cauchy-kernel : CHI (LOCATION): 0.0 | GAMMA (SCALE): 1.0 | VAIRANCE: 1.0
2023-10-28 10:52:09,653 | INFO | hi-lo.cauchy-kernel : TOP-RIGHT
tensor([[0.0901, 0.1351, 0.2703],
        [0.0676, 0.0901, 0.1351],
        [0.0541, 0.0676, 0.0901]])
2023-10-28 10:52:09,653 | INFO | hi-lo.kernel-accessor : Fetching kernel: cauchy
2023-10-28 10:52:09,654 | INFO | hi-lo.cauchy-kernel : CHI (LOCATION): 0.0 | GAMMA (SCALE): 1.0 | VAIRANCE: 1.0
2023-10-28 10:52:09,654 | INFO | hi-lo.cauchy-kernel : BOTTOM-LEFT
tensor([[0.0901, 0.0676, 0.0541],
        [0.1351, 0.0901, 0.0676],
        [0.2703, 0.1351, 0.0901]])
2023-10-28 10:52:09,654 | INFO | hi-lo.kernel-accessor : Fetching kernel: cauchy
2023-10-28 10:52:09,654 | INFO | hi-lo.cauchy-kernel : CHI (LOCATION): 0.0 | GAMMA (SCALE): 1.0 | VAIRANCE: 1.0
2023-10-28 10:52:09,654 | INFO | hi-lo.cauchy-kernel : TOP-RIGHT
tensor([[0.0901, 0.1351, 0.2703],
        [0.0676, 0.0901, 0.1351],
        [0.0541, 0.0676, 0.0901]])
2023-10-28 10:52:14,309 | INFO | hi-lo : Keyboard interrupt detected. Aborting operations...
