2023-10-25 10:52:05,342 | INFO | hi-lo : 
+=========================================================================+
|  ______     ______   ______    ___         ___        ______   _______  |
| /| ___ \  // ____ \ /| ___ \  /| |        /| |      // ____ \ /| ___  \ |
| /| |//\ \ /| |//| | /| |//\ \ /| |        /| |      /| |//| | /| |//| | |
| /| | /| | /| ____ | /| | /| | /| |        /| |      /| ____ | /| ___  / |
| /| |_// / /| |//| | /| |_// / /| |____    /| |____  /| |//| | /| |//\ \ |
| /|_____/  /|_| /|_| /|_____/  /|______|   /|______| /|_| /|_| /|______/ |
| ///////   ///  ///  //////    ////////    ////////  ///  ///  ////////  |
+=========================================================================+
|                  Hi-Lo Resolution Image Classification                  |
|                  -------------------------------------                  |
|                            Gabriel C. Trahan                            |
|                               Sahan Ahmad                               |
|                            MD  Aminual Islam                            |
+=========================================================================+
| MODEL:                      normal | LR:                            0.1 |
| DISTRO:                     gumbel | KERNEL TYPE:                     3 |
| DATASET:                  imagenet | BATCH SIZE:                     64 |
+=========================================================================+
2023-10-25 10:52:05,342 | INFO | hi-lo : Output directory: output/gumbel//3/normal/imagenet/20231025_105205
2023-10-25 10:52:05,343 | INFO | hi-lo.dataset-accessor : Fetching dataset: imagenet
2023-10-25 10:52:05,343 | INFO | hi-lo.imagenet-dataset : Initializing transform.
2023-10-25 10:52:05,343 | INFO | hi-lo.imagenet-dataset : Verifying/downloading train data.
2023-10-25 10:52:08,419 | INFO | hi-lo.imagenet-dataset : Verifying/downloading test data.
2023-10-25 10:52:08,451 | INFO | hi-lo.imagenet-dataset : Creating train data loader.
2023-10-25 10:52:08,451 | INFO | hi-lo.imagenet-dataset : Creating test data loader.
2023-10-25 10:52:09,434 | INFO | hi-lo : Using device: NVIDIA GeForce GTX 1060 6GB
2023-10-25 10:52:09,434 | INFO | hi-lo : Commencing training phase...
2023-10-25 10:52:09,435 | INFO | hi-lo : BEGIN EPOCH 1 =========================================================================
2023-10-25 10:52:09,435 | INFO | hi-lo.kernel-accessor : Fetching kernel: gumbel
2023-10-25 10:52:09,436 | INFO | hi-lo.gumbel-kernel : MU (LOCATION): 0.0 | BETA (SCALE): 1.0
2023-10-25 10:52:09,436 | INFO | hi-lo.gumbel-kernel : TOP-LEFT
tensor([[8.8288e-01, 5.8259e-02, 2.0072e-04],
        [5.8259e-02, 2.0072e-04, 2.2609e-10],
        [2.0072e-04, 2.2609e-10, 8.5377e-26]])
2023-10-25 10:52:09,436 | INFO | hi-lo.kernel-accessor : Fetching kernel: gumbel
2023-10-25 10:52:09,436 | INFO | hi-lo.gumbel-kernel : MU (LOCATION): 0.0 | BETA (SCALE): 1.0
2023-10-25 10:52:09,437 | INFO | hi-lo.gumbel-kernel : TOP-LEFT
tensor([[8.8288e-01, 5.8259e-02, 2.0072e-04],
        [5.8259e-02, 2.0072e-04, 2.2609e-10],
        [2.0072e-04, 2.2609e-10, 8.5377e-26]])
2023-10-25 10:52:09,437 | INFO | hi-lo.kernel-accessor : Fetching kernel: gumbel
2023-10-25 10:52:09,437 | INFO | hi-lo.gumbel-kernel : MU (LOCATION): 0.0 | BETA (SCALE): 1.0
2023-10-25 10:52:09,437 | INFO | hi-lo.gumbel-kernel : BOTTOM-LEFT
tensor([[2.0072e-04, 2.2609e-10, 8.5377e-26],
        [5.8259e-02, 2.0072e-04, 2.2609e-10],
        [8.8288e-01, 5.8259e-02, 2.0072e-04]])
2023-10-25 10:52:09,437 | INFO | hi-lo.kernel-accessor : Fetching kernel: gumbel
2023-10-25 10:52:09,438 | INFO | hi-lo.gumbel-kernel : MU (LOCATION): 0.0 | BETA (SCALE): 1.0
2023-10-25 10:52:09,438 | INFO | hi-lo.gumbel-kernel : BOTTOM-LEFT
tensor([[2.0072e-04, 2.2609e-10, 8.5377e-26],
        [5.8259e-02, 2.0072e-04, 2.2609e-10],
        [8.8288e-01, 5.8259e-02, 2.0072e-04]])
2023-10-25 10:52:34,171 | INFO | hi-lo : END EPOCH:   1 | ACCURACY: 9.69 | LOSS: 4.555017471313477
2023-10-25 10:52:34,171 | INFO | hi-lo : BEGIN EPOCH 2 =========================================================================
2023-10-25 10:52:34,171 | INFO | hi-lo.kernel-accessor : Fetching kernel: gumbel
2023-10-25 10:52:34,172 | INFO | hi-lo.gumbel-kernel : MU (LOCATION): -0.01578598842024803 | BETA (SCALE): 0.5346611738204956
2023-10-25 10:52:34,172 | INFO | hi-lo.gumbel-kernel : BOTTOM-LEFT
tensor([[2.6754e-21, 0.0000e+00, 0.0000e+00],
        [4.5475e-04, 2.6754e-21, 0.0000e+00],
        [9.9909e-01, 4.5475e-04, 2.6754e-21]])
2023-10-25 10:52:34,173 | INFO | hi-lo.kernel-accessor : Fetching kernel: gumbel
2023-10-25 10:52:34,173 | INFO | hi-lo.gumbel-kernel : MU (LOCATION): -0.4148789048194885 | BETA (SCALE): 0.7822055816650391
2023-10-25 10:52:34,174 | INFO | hi-lo.gumbel-kernel : BOTTOM-LEFT
tensor([[9.2529e-17, 0.0000e+00, 0.0000e+00],
        [1.5636e-04, 9.2529e-17, 0.0000e+00],
        [9.9969e-01, 1.5636e-04, 9.2529e-17]])
2023-10-25 10:52:34,174 | INFO | hi-lo.kernel-accessor : Fetching kernel: gumbel
2023-10-25 10:52:34,174 | INFO | hi-lo.gumbel-kernel : MU (LOCATION): -0.6396087408065796 | BETA (SCALE): 1.0002645254135132
2023-10-25 10:52:34,175 | INFO | hi-lo.gumbel-kernel : BOTTOM-LEFT
tensor([[1.4741e-11, 8.7782e-32, 0.0000e+00],
        [7.6793e-04, 1.4741e-11, 8.7782e-32],
        [9.9846e-01, 7.6793e-04, 1.4741e-11]])
2023-10-25 10:52:34,175 | INFO | hi-lo.kernel-accessor : Fetching kernel: gumbel
2023-10-25 10:52:34,175 | INFO | hi-lo.gumbel-kernel : MU (LOCATION): -0.49899429082870483 | BETA (SCALE): 1.0748964548110962
2023-10-25 10:52:34,176 | INFO | hi-lo.gumbel-kernel : BOTTOM-LEFT
tensor([[1.6581e-07, 9.3212e-19, 0.0000e+00],
        [7.9732e-03, 1.6581e-07, 9.3212e-19],
        [9.8405e-01, 7.9732e-03, 1.6581e-07]])
2023-10-25 10:52:58,125 | INFO | hi-lo : END EPOCH:   2 | ACCURACY: 0.19 | LOSS: 4.900985240936279
2023-10-25 10:52:58,125 | INFO | hi-lo : BEGIN EPOCH 3 =========================================================================
2023-10-25 10:52:58,125 | INFO | hi-lo.kernel-accessor : Fetching kernel: gumbel
2023-10-25 10:52:58,126 | INFO | hi-lo.gumbel-kernel : MU (LOCATION): -0.012339296750724316 | BETA (SCALE): 0.514011800289154
2023-10-25 10:52:58,127 | INFO | hi-lo.gumbel-kernel : BOTTOM-LEFT
tensor([[2.8688e-24, 0.0000e+00, 0.0000e+00],
        [2.6442e-04, 2.8688e-24, 0.0000e+00],
        [9.9947e-01, 2.6442e-04, 2.8688e-24]])
2023-10-25 10:52:58,127 | INFO | hi-lo.kernel-accessor : Fetching kernel: gumbel
2023-10-25 10:52:58,127 | INFO | hi-lo.gumbel-kernel : MU (LOCATION): -0.5008136034011841 | BETA (SCALE): 0.8127226233482361
2023-10-25 10:52:58,128 | INFO | hi-lo.gumbel-kernel : TOP-LEFT
tensor([[9.9986e-01, 7.1959e-05, 9.3742e-18],
        [7.1959e-05, 9.3740e-18, 0.0000e+00],
        [9.3742e-18, 0.0000e+00, 0.0000e+00]])
2023-10-25 10:52:58,128 | INFO | hi-lo.kernel-accessor : Fetching kernel: gumbel
2023-10-25 10:52:58,128 | INFO | hi-lo.gumbel-kernel : MU (LOCATION): -0.9817626476287842 | BETA (SCALE): 1.3904019594192505
2023-10-25 10:52:58,129 | INFO | hi-lo.gumbel-kernel : TOP-LEFT
tensor([[9.8723e-01, 6.3845e-03, 4.3626e-07],
        [6.3845e-03, 4.3626e-07, 2.6170e-15],
        [4.3626e-07, 2.6170e-15, 7.3864e-32]])
2023-10-25 10:52:58,129 | INFO | hi-lo.kernel-accessor : Fetching kernel: gumbel
2023-10-25 10:52:58,129 | INFO | hi-lo.gumbel-kernel : MU (LOCATION): -0.703811764717102 | BETA (SCALE): 0.9750305414199829
2023-10-25 10:52:58,130 | INFO | hi-lo.gumbel-kernel : BOTTOM-LEFT
tensor([[4.3675e-14, 3.9807e-40, 0.0000e+00],
        [1.8343e-04, 4.3675e-14, 3.9807e-40],
        [9.9963e-01, 1.8343e-04, 4.3675e-14]])
2023-10-25 10:53:22,119 | INFO | hi-lo : END EPOCH:   3 | ACCURACY: 0.52 | LOSS: 3.989116907119751
2023-10-25 10:53:22,120 | INFO | hi-lo : BEGIN EPOCH 4 =========================================================================
2023-10-25 10:53:22,120 | INFO | hi-lo.kernel-accessor : Fetching kernel: gumbel
2023-10-25 10:53:22,121 | INFO | hi-lo.gumbel-kernel : MU (LOCATION): 0.0105909314006567 | BETA (SCALE): 0.5875639915466309
2023-10-25 10:53:22,121 | INFO | hi-lo.gumbel-kernel : TOP-LEFT
tensor([[9.9520e-01, 2.3994e-03, 2.1738e-14],
        [2.3994e-03, 2.1738e-14, 0.0000e+00],
        [2.1738e-14, 0.0000e+00, 0.0000e+00]])
2023-10-25 10:53:22,121 | INFO | hi-lo.kernel-accessor : Fetching kernel: gumbel
2023-10-25 10:53:22,122 | INFO | hi-lo.gumbel-kernel : MU (LOCATION): -0.6935229897499084 | BETA (SCALE): 1.0058461427688599
2023-10-25 10:53:22,122 | INFO | hi-lo.gumbel-kernel : BOTTOM-LEFT
tensor([[1.8419e-12, 2.4523e-34, 0.0000e+00],
        [4.2836e-04, 1.8419e-12, 2.4523e-34],
        [9.9914e-01, 4.2836e-04, 1.8419e-12]])
2023-10-25 10:53:22,122 | INFO | hi-lo.kernel-accessor : Fetching kernel: gumbel
2023-10-25 10:53:22,123 | INFO | hi-lo.gumbel-kernel : MU (LOCATION): -1.25254487991333 | BETA (SCALE): 1.835796594619751
2023-10-25 10:53:22,123 | INFO | hi-lo.gumbel-kernel : TOP-LEFT
tensor([[9.3580e-01, 3.1893e-02, 1.3959e-04],
        [3.1893e-02, 1.3959e-04, 1.7751e-08],
        [1.3959e-04, 1.7751e-08, 5.0576e-15]])
2023-10-25 10:53:22,124 | INFO | hi-lo.kernel-accessor : Fetching kernel: gumbel
2023-10-25 10:53:22,124 | INFO | hi-lo.gumbel-kernel : MU (LOCATION): -0.9915826916694641 | BETA (SCALE): 1.1682612895965576
2023-10-25 10:53:22,125 | INFO | hi-lo.gumbel-kernel : BOTTOM-LEFT
tensor([[3.0940e-12, 2.1648e-30, 0.0000e+00],
        [2.6175e-04, 3.0940e-12, 2.1648e-30],
        [9.9948e-01, 2.6175e-04, 3.0940e-12]])
2023-10-25 10:53:46,148 | INFO | hi-lo : END EPOCH:   4 | ACCURACY: 0.82 | LOSS: 4.366568565368652
2023-10-25 10:53:46,148 | INFO | hi-lo : BEGIN EPOCH 5 =========================================================================
2023-10-25 10:53:46,148 | INFO | hi-lo.kernel-accessor : Fetching kernel: gumbel
2023-10-25 10:53:46,149 | INFO | hi-lo.gumbel-kernel : MU (LOCATION): -0.18356597423553467 | BETA (SCALE): 0.5229241847991943
2023-10-25 10:53:46,149 | INFO | hi-lo.gumbel-kernel : TOP-LEFT
tensor([[1.0000e+00, 1.2997e-06, 1.1547e-41],
        [1.2997e-06, 1.1547e-41, 0.0000e+00],
        [1.1547e-41, 0.0000e+00, 0.0000e+00]])
2023-10-25 10:53:46,150 | INFO | hi-lo.kernel-accessor : Fetching kernel: gumbel
2023-10-25 10:53:46,150 | INFO | hi-lo.gumbel-kernel : MU (LOCATION): -0.7283489108085632 | BETA (SCALE): 0.9185149073600769
2023-10-25 10:53:46,150 | INFO | hi-lo.gumbel-kernel : TOP-LEFT
tensor([[9.9996e-01, 2.2274e-05, 2.8867e-18],
        [2.2274e-05, 2.8867e-18, 0.0000e+00],
        [2.8867e-18, 0.0000e+00, 0.0000e+00]])
2023-10-25 10:53:46,151 | INFO | hi-lo.kernel-accessor : Fetching kernel: gumbel
2023-10-25 10:53:46,151 | INFO | hi-lo.gumbel-kernel : MU (LOCATION): -1.1058090925216675 | BETA (SCALE): 1.5198525190353394
2023-10-25 10:53:46,151 | INFO | hi-lo.gumbel-kernel : BOTTOM-LEFT
tensor([[2.2034e-06, 3.9717e-13, 6.9679e-26],
        [9.4119e-03, 2.2034e-06, 3.9717e-13],
        [9.8117e-01, 9.4119e-03, 2.2034e-06]])
2023-10-25 10:53:46,152 | INFO | hi-lo.kernel-accessor : Fetching kernel: gumbel
2023-10-25 10:53:46,152 | INFO | hi-lo.gumbel-kernel : MU (LOCATION): -1.1615551710128784 | BETA (SCALE): 1.261393427848816
2023-10-25 10:53:46,152 | INFO | hi-lo.gumbel-kernel : TOP-LEFT
tensor([[9.9956e-01, 2.1998e-04, 4.7610e-12],
        [2.1998e-04, 4.7610e-12, 1.4416e-28],
        [4.7610e-12, 1.4416e-28, 0.0000e+00]])
2023-10-25 10:54:10,222 | INFO | hi-lo : END EPOCH:   5 | ACCURACY: 2.34 | LOSS: 4.599283695220947
2023-10-25 10:54:10,222 | INFO | hi-lo : BEGIN EPOCH 6 =========================================================================
2023-10-25 10:54:10,223 | INFO | hi-lo.kernel-accessor : Fetching kernel: gumbel
2023-10-25 10:54:10,223 | INFO | hi-lo.gumbel-kernel : MU (LOCATION): -0.15018987655639648 | BETA (SCALE): 0.5323384404182434
2023-10-25 10:54:10,224 | INFO | hi-lo.gumbel-kernel : TOP-LEFT
tensor([[9.9998e-01, 8.9378e-06, 2.7309e-34],
        [8.9378e-06, 2.7309e-34, 0.0000e+00],
        [2.7309e-34, 0.0000e+00, 0.0000e+00]])
2023-10-25 10:54:10,224 | INFO | hi-lo.kernel-accessor : Fetching kernel: gumbel
2023-10-25 10:54:10,225 | INFO | hi-lo.gumbel-kernel : MU (LOCATION): -0.7129529118537903 | BETA (SCALE): 0.8670226335525513
2023-10-25 10:54:10,225 | INFO | hi-lo.gumbel-kernel : BOTTOM-LEFT
tensor([[4.5896e-22, 0.0000e+00, 0.0000e+00],
        [4.1776e-06, 4.5896e-22, 0.0000e+00],
        [9.9999e-01, 4.1776e-06, 4.5896e-22]])
2023-10-25 10:54:10,225 | INFO | hi-lo.kernel-accessor : Fetching kernel: gumbel
2023-10-25 10:54:10,225 | INFO | hi-lo.gumbel-kernel : MU (LOCATION): -0.8839204907417297 | BETA (SCALE): 1.2575671672821045
2023-10-25 10:54:10,226 | INFO | hi-lo.gumbel-kernel : TOP-LEFT
tensor([[9.9368e-01, 3.1622e-03, 2.4462e-08],
        [3.1622e-03, 2.4462e-08, 3.0678e-19],
        [2.4462e-08, 3.0678e-19, 8.4358e-43]])
2023-10-25 10:54:10,226 | INFO | hi-lo.kernel-accessor : Fetching kernel: gumbel
2023-10-25 10:54:10,226 | INFO | hi-lo.gumbel-kernel : MU (LOCATION): -1.4370360374450684 | BETA (SCALE): 1.5776019096374512
2023-10-25 10:54:10,227 | INFO | hi-lo.gumbel-kernel : BOTTOM-LEFT
tensor([[3.9132e-08, 7.5018e-17, 4.8688e-33],
        [2.2214e-03, 3.9132e-08, 7.5018e-17],
        [9.9556e-01, 2.2214e-03, 3.9132e-08]])
2023-10-25 10:54:34,327 | INFO | hi-lo : END EPOCH:   6 | ACCURACY: 0 | LOSS: 4.350902557373047
2023-10-25 10:54:34,327 | INFO | hi-lo : BEGIN EPOCH 7 =========================================================================
2023-10-25 10:54:34,327 | INFO | hi-lo.kernel-accessor : Fetching kernel: gumbel
2023-10-25 10:54:34,328 | INFO | hi-lo.gumbel-kernel : MU (LOCATION): -0.056373968720436096 | BETA (SCALE): 0.4962916374206543
2023-10-25 10:54:34,328 | INFO | hi-lo.gumbel-kernel : BOTTOM-LEFT
tensor([[1.3567e-32, 0.0000e+00, 0.0000e+00],
        [3.8177e-05, 1.3567e-32, 0.0000e+00],
        [9.9992e-01, 3.8177e-05, 1.3567e-32]])
2023-10-25 10:54:34,328 | INFO | hi-lo.kernel-accessor : Fetching kernel: gumbel
2023-10-25 10:54:34,329 | INFO | hi-lo.gumbel-kernel : MU (LOCATION): -0.6816372871398926 | BETA (SCALE): 0.9159398078918457
2023-10-25 10:54:34,329 | INFO | hi-lo.gumbel-kernel : TOP-LEFT
tensor([[9.9990e-01, 5.2158e-05, 7.8631e-17],
        [5.2158e-05, 7.8631e-17, 0.0000e+00],
        [7.8631e-17, 0.0000e+00, 0.0000e+00]])
2023-10-25 10:54:34,329 | INFO | hi-lo.kernel-accessor : Fetching kernel: gumbel
2023-10-25 10:54:34,330 | INFO | hi-lo.gumbel-kernel : MU (LOCATION): -1.050555944442749 | BETA (SCALE): 1.4661686420440674
2023-10-25 10:54:34,330 | INFO | hi-lo.gumbel-kernel : BOTTOM-LEFT
tensor([[1.2564e-06, 6.8947e-14, 5.8511e-28],
        [8.2488e-03, 1.2564e-06, 6.8947e-14],
        [9.8350e-01, 8.2488e-03, 1.2564e-06]])
2023-10-25 10:54:34,330 | INFO | hi-lo.kernel-accessor : Fetching kernel: gumbel
2023-10-25 10:54:34,331 | INFO | hi-lo.gumbel-kernel : MU (LOCATION): -0.844973087310791 | BETA (SCALE): 0.9838786721229553
2023-10-25 10:54:34,331 | INFO | hi-lo.gumbel-kernel : BOTTOM-LEFT
tensor([[1.1550e-17, 0.0000e+00, 0.0000e+00],
        [1.9604e-05, 1.1550e-17, 0.0000e+00],
        [9.9996e-01, 1.9604e-05, 1.1550e-17]])
2023-10-25 10:54:58,393 | INFO | hi-lo : END EPOCH:   7 | ACCURACY: 0.71 | LOSS: 4.071351528167725
2023-10-25 10:54:58,394 | INFO | hi-lo : BEGIN EPOCH 8 =========================================================================
2023-10-25 10:54:58,394 | INFO | hi-lo.kernel-accessor : Fetching kernel: gumbel
2023-10-25 10:54:58,394 | INFO | hi-lo.gumbel-kernel : MU (LOCATION): -0.13008752465248108 | BETA (SCALE): 0.5010597109794617
2023-10-25 10:54:58,395 | INFO | hi-lo.gumbel-kernel : BOTTOM-LEFT
tensor([[3.0087e-41, 0.0000e+00, 0.0000e+00],
        [3.1070e-06, 3.0087e-41, 0.0000e+00],
        [9.9999e-01, 3.1070e-06, 3.0087e-41]])
2023-10-25 10:54:58,395 | INFO | hi-lo.kernel-accessor : Fetching kernel: gumbel
2023-10-25 10:54:58,396 | INFO | hi-lo.gumbel-kernel : MU (LOCATION): -0.6328914165496826 | BETA (SCALE): 1.0443050861358643
2023-10-25 10:54:58,396 | INFO | hi-lo.gumbel-kernel : TOP-LEFT
tensor([[9.9653e-01, 1.7366e-03, 5.2434e-10],
        [1.7366e-03, 5.2434e-10, 2.5121e-26],
        [5.2434e-10, 2.5121e-26, 0.0000e+00]])
2023-10-25 10:54:58,396 | INFO | hi-lo.kernel-accessor : Fetching kernel: gumbel
2023-10-25 10:54:58,397 | INFO | hi-lo.gumbel-kernel : MU (LOCATION): -1.536877155303955 | BETA (SCALE): 2.317129611968994
2023-10-25 10:54:58,397 | INFO | hi-lo.gumbel-kernel : BOTTOM-LEFT
tensor([[2.0485e-03, 1.0727e-05, 4.1662e-09],
        [7.2206e-02, 2.0485e-03, 1.0727e-05],
        [8.4942e-01, 7.2206e-02, 2.0485e-03]])
2023-10-25 10:54:58,397 | INFO | hi-lo.kernel-accessor : Fetching kernel: gumbel
2023-10-25 10:54:58,398 | INFO | hi-lo.gumbel-kernel : MU (LOCATION): -1.2940218448638916 | BETA (SCALE): 1.4774318933486938
2023-10-25 10:54:58,398 | INFO | hi-lo.gumbel-kernel : TOP-LEFT
tensor([[9.9617e-01, 1.9135e-03, 1.6638e-08],
        [1.9135e-03, 1.6638e-08, 3.5293e-18],
        [1.6638e-08, 3.5293e-18, 6.2815e-37]])
2023-10-25 10:55:22,454 | INFO | hi-lo : END EPOCH:   8 | ACCURACY: 0.22 | LOSS: 4.24070405960083
2023-10-25 10:55:22,454 | INFO | hi-lo : BEGIN EPOCH 9 =========================================================================
2023-10-25 10:55:22,455 | INFO | hi-lo.kernel-accessor : Fetching kernel: gumbel
2023-10-25 10:55:22,455 | INFO | hi-lo.gumbel-kernel : MU (LOCATION): -0.15659768879413605 | BETA (SCALE): 0.5053985118865967
2023-10-25 10:55:22,456 | INFO | hi-lo.gumbel-kernel : TOP-LEFT
tensor([[1.0000e+00, 1.2890e-06, 6.7262e-44],
        [1.2890e-06, 6.7262e-44, 0.0000e+00],
        [6.7262e-44, 0.0000e+00, 0.0000e+00]])
2023-10-25 10:55:22,456 | INFO | hi-lo.kernel-accessor : Fetching kernel: gumbel
2023-10-25 10:55:22,456 | INFO | hi-lo.gumbel-kernel : MU (LOCATION): -0.7537472248077393 | BETA (SCALE): 1.0034503936767578
2023-10-25 10:55:22,457 | INFO | hi-lo.gumbel-kernel : BOTTOM-LEFT
tensor([[5.8720e-14, 7.4141e-39, 0.0000e+00],
        [1.7104e-04, 5.8720e-14, 7.4141e-39],
        [9.9966e-01, 1.7104e-04, 5.8720e-14]])
2023-10-25 10:55:22,457 | INFO | hi-lo.kernel-accessor : Fetching kernel: gumbel
2023-10-25 10:55:22,457 | INFO | hi-lo.gumbel-kernel : MU (LOCATION): -0.9788458347320557 | BETA (SCALE): 1.3367899656295776
2023-10-25 10:55:22,457 | INFO | hi-lo.gumbel-kernel : BOTTOM-LEFT
tensor([[6.9084e-08, 1.5197e-17, 1.3732e-37],
        [3.8132e-03, 6.9084e-08, 1.5197e-17],
        [9.9237e-01, 3.8132e-03, 6.9084e-08]])
2023-10-25 10:55:22,458 | INFO | hi-lo.kernel-accessor : Fetching kernel: gumbel
2023-10-25 10:55:22,458 | INFO | hi-lo.gumbel-kernel : MU (LOCATION): -1.0379796028137207 | BETA (SCALE): 1.1459555625915527
2023-10-25 10:55:22,458 | INFO | hi-lo.gumbel-kernel : BOTTOM-LEFT
tensor([[4.7545e-14, 1.2295e-35, 0.0000e+00],
        [8.2795e-05, 4.7545e-14, 1.2295e-35],
        [9.9983e-01, 8.2795e-05, 4.7545e-14]])
2023-10-25 10:55:46,512 | INFO | hi-lo : END EPOCH:   9 | ACCURACY: 0.29 | LOSS: 4.152950763702393
2023-10-25 10:55:46,512 | INFO | hi-lo : BEGIN EPOCH 10 =========================================================================
2023-10-25 10:55:46,512 | INFO | hi-lo.kernel-accessor : Fetching kernel: gumbel
2023-10-25 10:55:46,513 | INFO | hi-lo.gumbel-kernel : MU (LOCATION): -0.13909153640270233 | BETA (SCALE): 0.446912944316864
2023-10-25 10:55:46,514 | INFO | hi-lo.gumbel-kernel : BOTTOM-LEFT
tensor([[0.0000e+00, 0.0000e+00, 0.0000e+00],
        [1.7943e-08, 0.0000e+00, 0.0000e+00],
        [1.0000e+00, 1.7943e-08, 0.0000e+00]])
2023-10-25 10:55:46,514 | INFO | hi-lo.kernel-accessor : Fetching kernel: gumbel
2023-10-25 10:55:46,514 | INFO | hi-lo.gumbel-kernel : MU (LOCATION): -0.6412869691848755 | BETA (SCALE): 0.9599010944366455
2023-10-25 10:55:46,515 | INFO | hi-lo.gumbel-kernel : BOTTOM-LEFT
tensor([[2.9848e-13, 4.7662e-38, 0.0000e+00],
        [3.2863e-04, 2.9848e-13, 4.7662e-38],
        [9.9934e-01, 3.2863e-04, 2.9848e-13]])
2023-10-25 10:55:46,515 | INFO | hi-lo.kernel-accessor : Fetching kernel: gumbel
2023-10-25 10:55:46,515 | INFO | hi-lo.gumbel-kernel : MU (LOCATION): -1.15665864944458 | BETA (SCALE): 1.705039381980896
2023-10-25 10:55:46,516 | INFO | hi-lo.gumbel-kernel : BOTTOM-LEFT
tensor([[5.0734e-05, 1.2671e-09, 1.0769e-17],
        [2.3909e-02, 5.0734e-05, 1.2671e-09],
        [9.5203e-01, 2.3909e-02, 5.0734e-05]])
2023-10-25 10:55:46,516 | INFO | hi-lo.kernel-accessor : Fetching kernel: gumbel
2023-10-25 10:55:46,516 | INFO | hi-lo.gumbel-kernel : MU (LOCATION): -1.3645600080490112 | BETA (SCALE): 1.4258065223693848
2023-10-25 10:55:46,517 | INFO | hi-lo.gumbel-kernel : TOP-LEFT
tensor([[9.9899e-01, 5.0300e-04, 2.2952e-10],
        [5.0300e-04, 2.2952e-10, 7.6626e-23],
        [2.2952e-10, 7.6626e-23, 0.0000e+00]])
2023-10-25 10:56:10,547 | INFO | hi-lo : END EPOCH:  10 | ACCURACY: 0.78 | LOSS: 4.291598320007324
2023-10-25 10:56:10,547 | INFO | hi-lo : BEGIN EPOCH 11 =========================================================================
2023-10-25 10:56:10,547 | INFO | hi-lo.kernel-accessor : Fetching kernel: gumbel
2023-10-25 10:56:10,548 | INFO | hi-lo.gumbel-kernel : MU (LOCATION): -0.10384160280227661 | BETA (SCALE): 0.5521931648254395
2023-10-25 10:56:10,548 | INFO | hi-lo.gumbel-kernel : BOTTOM-LEFT
tensor([[2.4808e-25, 0.0000e+00, 0.0000e+00],
        [9.4815e-05, 2.4808e-25, 0.0000e+00],
        [9.9981e-01, 9.4815e-05, 2.4808e-25]])
2023-10-25 10:56:10,549 | INFO | hi-lo.kernel-accessor : Fetching kernel: gumbel
2023-10-25 10:56:10,549 | INFO | hi-lo.gumbel-kernel : MU (LOCATION): -0.6775530576705933 | BETA (SCALE): 0.9143040180206299
2023-10-25 10:56:10,549 | INFO | hi-lo.gumbel-kernel : BOTTOM-LEFT
tensor([[8.3600e-17, 0.0000e+00, 0.0000e+00],
        [5.3598e-05, 8.3600e-17, 0.0000e+00],
        [9.9989e-01, 5.3598e-05, 8.3600e-17]])
2023-10-25 10:56:10,550 | INFO | hi-lo.kernel-accessor : Fetching kernel: gumbel
2023-10-25 10:56:10,550 | INFO | hi-lo.gumbel-kernel : MU (LOCATION): -0.9765450358390808 | BETA (SCALE): 1.309105634689331
2023-10-25 10:56:10,551 | INFO | hi-lo.gumbel-kernel : BOTTOM-LEFT
tensor([[2.3350e-08, 6.8538e-19, 4.0789e-41],
        [2.8316e-03, 2.3350e-08, 6.8538e-19],
        [9.9434e-01, 2.8316e-03, 2.3350e-08]])
2023-10-25 10:56:10,551 | INFO | hi-lo.kernel-accessor : Fetching kernel: gumbel
2023-10-25 10:56:10,551 | INFO | hi-lo.gumbel-kernel : MU (LOCATION): -1.203196406364441 | BETA (SCALE): 1.340028166770935
2023-10-25 10:56:10,552 | INFO | hi-lo.gumbel-kernel : TOP-LEFT
tensor([[9.9881e-01, 5.9394e-04, 2.1372e-10],
        [5.9394e-04, 2.1372e-10, 1.2547e-23],
        [2.1372e-10, 1.2547e-23, 0.0000e+00]])
2023-10-25 10:56:34,678 | INFO | hi-lo : END EPOCH:  11 | ACCURACY: 3.39 | LOSS: 4.132310390472412
2023-10-25 10:56:34,678 | INFO | hi-lo : BEGIN EPOCH 12 =========================================================================
2023-10-25 10:56:34,678 | INFO | hi-lo.kernel-accessor : Fetching kernel: gumbel
2023-10-25 10:56:34,679 | INFO | hi-lo.gumbel-kernel : MU (LOCATION): -0.11188118159770966 | BETA (SCALE): 0.45702582597732544
2023-10-25 10:56:34,679 | INFO | hi-lo.gumbel-kernel : BOTTOM-LEFT
tensor([[0.0000e+00, 0.0000e+00, 0.0000e+00],
        [2.7473e-07, 0.0000e+00, 0.0000e+00],
        [1.0000e+00, 2.7473e-07, 0.0000e+00]])
2023-10-25 10:56:34,679 | INFO | hi-lo.kernel-accessor : Fetching kernel: gumbel
2023-10-25 10:56:34,680 | INFO | hi-lo.gumbel-kernel : MU (LOCATION): -0.6349043846130371 | BETA (SCALE): 0.8804361820220947
2023-10-25 10:56:34,680 | INFO | hi-lo.gumbel-kernel : BOTTOM-LEFT
tensor([[1.0953e-17, 0.0000e+00, 0.0000e+00],
        [4.2030e-05, 1.0953e-17, 0.0000e+00],
        [9.9992e-01, 4.2030e-05, 1.0953e-17]])
2023-10-25 10:56:34,680 | INFO | hi-lo.kernel-accessor : Fetching kernel: gumbel
2023-10-25 10:56:34,681 | INFO | hi-lo.gumbel-kernel : MU (LOCATION): -1.1234462261199951 | BETA (SCALE): 1.6464715003967285
2023-10-25 10:56:34,681 | INFO | hi-lo.gumbel-kernel : BOTTOM-LEFT
tensor([[2.6723e-05, 2.3821e-10, 2.1273e-19],
        [1.9865e-02, 2.6723e-05, 2.3821e-10],
        [9.6019e-01, 1.9865e-02, 2.6723e-05]])
2023-10-25 10:56:34,681 | INFO | hi-lo.kernel-accessor : Fetching kernel: gumbel
2023-10-25 10:56:34,682 | INFO | hi-lo.gumbel-kernel : MU (LOCATION): -1.328163504600525 | BETA (SCALE): 1.2939269542694092
2023-10-25 10:56:34,682 | INFO | hi-lo.gumbel-kernel : TOP-LEFT
tensor([[9.9990e-01, 5.2426e-05, 6.9166e-14],
        [5.2426e-05, 6.9166e-14, 9.9698e-33],
        [6.9166e-14, 9.9698e-33, 0.0000e+00]])
2023-10-25 10:56:58,689 | INFO | hi-lo : END EPOCH:  12 | ACCURACY: 1.04 | LOSS: 4.374512195587158
2023-10-25 10:56:58,689 | INFO | hi-lo : BEGIN EPOCH 13 =========================================================================
2023-10-25 10:56:58,689 | INFO | hi-lo.kernel-accessor : Fetching kernel: gumbel
2023-10-25 10:56:58,690 | INFO | hi-lo.gumbel-kernel : MU (LOCATION): -0.05143754184246063 | BETA (SCALE): 0.5175378918647766
2023-10-25 10:56:58,690 | INFO | hi-lo.gumbel-kernel : TOP-LEFT
tensor([[9.9978e-01, 1.0773e-04, 3.9087e-27],
        [1.0773e-04, 3.9088e-27, 0.0000e+00],
        [3.9087e-27, 0.0000e+00, 0.0000e+00]])
2023-10-25 10:56:58,691 | INFO | hi-lo.kernel-accessor : Fetching kernel: gumbel
2023-10-25 10:56:58,691 | INFO | hi-lo.gumbel-kernel : MU (LOCATION): -0.7060267925262451 | BETA (SCALE): 0.9861235618591309
2023-10-25 10:56:58,691 | INFO | hi-lo.gumbel-kernel : TOP-LEFT
tensor([[9.9954e-01, 2.3176e-04, 1.3134e-13],
        [2.3176e-04, 1.3134e-13, 2.5176e-38],
        [1.3134e-13, 2.5176e-38, 0.0000e+00]])
2023-10-25 10:56:58,692 | INFO | hi-lo.kernel-accessor : Fetching kernel: gumbel
2023-10-25 10:56:58,692 | INFO | hi-lo.gumbel-kernel : MU (LOCATION): -1.1202285289764404 | BETA (SCALE): 1.6616382598876953
2023-10-25 10:56:58,692 | INFO | hi-lo.gumbel-kernel : TOP-LEFT
tensor([[9.5627e-01, 2.1812e-02, 3.6082e-05],
        [2.1812e-02, 3.6082e-05, 4.9633e-10],
        [3.6082e-05, 4.9633e-10, 1.0893e-18]])
2023-10-25 10:56:58,693 | INFO | hi-lo.kernel-accessor : Fetching kernel: gumbel
2023-10-25 10:56:58,693 | INFO | hi-lo.gumbel-kernel : MU (LOCATION): -1.493877649307251 | BETA (SCALE): 1.6605174541473389
2023-10-25 10:56:58,693 | INFO | hi-lo.gumbel-kernel : BOTTOM-LEFT
tensor([[2.2054e-07, 7.0509e-15, 2.3808e-28],
        [3.6826e-03, 2.2054e-07, 7.0509e-15],
        [9.9263e-01, 3.6826e-03, 2.2054e-07]])
2023-10-25 10:57:22,800 | INFO | hi-lo : END EPOCH:  13 | ACCURACY: 0.2 | LOSS: 4.450641632080078
2023-10-25 10:57:22,801 | INFO | hi-lo : BEGIN EPOCH 14 =========================================================================
2023-10-25 10:57:22,801 | INFO | hi-lo.kernel-accessor : Fetching kernel: gumbel
2023-10-25 10:57:22,801 | INFO | hi-lo.gumbel-kernel : MU (LOCATION): -0.012390679679811 | BETA (SCALE): 0.4898512363433838
2023-10-25 10:57:22,802 | INFO | hi-lo.gumbel-kernel : TOP-LEFT
tensor([[9.9977e-01, 1.1267e-04, 3.8583e-29],
        [1.1267e-04, 3.8582e-29, 0.0000e+00],
        [3.8583e-29, 0.0000e+00, 0.0000e+00]])
2023-10-25 10:57:22,802 | INFO | hi-lo.kernel-accessor : Fetching kernel: gumbel
2023-10-25 10:57:22,802 | INFO | hi-lo.gumbel-kernel : MU (LOCATION): -0.6869619488716125 | BETA (SCALE): 0.8478612899780273
2023-10-25 10:57:22,803 | INFO | hi-lo.gumbel-kernel : BOTTOM-LEFT
tensor([[8.7982e-23, 0.0000e+00, 0.0000e+00],
        [3.4852e-06, 8.7982e-23, 0.0000e+00],
        [9.9999e-01, 3.4852e-06, 8.7982e-23]])
2023-10-25 10:57:22,803 | INFO | hi-lo.kernel-accessor : Fetching kernel: gumbel
2023-10-25 10:57:22,803 | INFO | hi-lo.gumbel-kernel : MU (LOCATION): -0.9073830842971802 | BETA (SCALE): 1.3603187799453735
2023-10-25 10:57:22,804 | INFO | hi-lo.gumbel-kernel : TOP-LEFT
tensor([[9.8469e-01, 7.6540e-03, 6.7740e-07],
        [7.6540e-03, 6.7740e-07, 5.2955e-15],
        [6.7740e-07, 5.2955e-15, 1.4508e-31]])
2023-10-25 10:57:22,804 | INFO | hi-lo.kernel-accessor : Fetching kernel: gumbel
2023-10-25 10:57:22,804 | INFO | hi-lo.gumbel-kernel : MU (LOCATION): -1.3736432790756226 | BETA (SCALE): 1.4425604343414307
2023-10-25 10:57:22,805 | INFO | hi-lo.gumbel-kernel : BOTTOM-LEFT
tensor([[4.4263e-10, 4.7375e-22, 0.0000e+00],
        [6.0456e-04, 4.4263e-10, 4.7375e-22],
        [9.9879e-01, 6.0456e-04, 4.4263e-10]])
2023-10-25 10:57:46,938 | INFO | hi-lo : END EPOCH:  14 | ACCURACY: 0.78 | LOSS: 3.990407943725586
2023-10-25 10:57:46,938 | INFO | hi-lo : BEGIN EPOCH 15 =========================================================================
2023-10-25 10:57:46,938 | INFO | hi-lo.kernel-accessor : Fetching kernel: gumbel
2023-10-25 10:57:46,939 | INFO | hi-lo.gumbel-kernel : MU (LOCATION): -0.21857735514640808 | BETA (SCALE): 0.498338907957077
2023-10-25 10:57:46,939 | INFO | hi-lo.gumbel-kernel : BOTTOM-LEFT
tensor([[0.0000e+00, 0.0000e+00, 0.0000e+00],
        [2.5460e-08, 0.0000e+00, 0.0000e+00],
        [1.0000e+00, 2.5460e-08, 0.0000e+00]])
2023-10-25 10:57:46,939 | INFO | hi-lo.kernel-accessor : Fetching kernel: gumbel
2023-10-25 10:57:46,940 | INFO | hi-lo.gumbel-kernel : MU (LOCATION): -0.6697247624397278 | BETA (SCALE): 0.9562469124794006
2023-10-25 10:57:46,940 | INFO | hi-lo.gumbel-kernel : TOP-LEFT
tensor([[9.9961e-01, 1.9633e-04, 3.8298e-14],
        [1.9633e-04, 3.8298e-14, 6.1970e-41],
        [3.8298e-14, 6.1970e-41, 0.0000e+00]])
2023-10-25 10:57:46,940 | INFO | hi-lo.kernel-accessor : Fetching kernel: gumbel
2023-10-25 10:57:46,941 | INFO | hi-lo.gumbel-kernel : MU (LOCATION): -1.212130069732666 | BETA (SCALE): 1.6790105104446411
2023-10-25 10:57:46,941 | INFO | hi-lo.gumbel-kernel : BOTTOM-LEFT
tensor([[1.7868e-05, 1.1573e-10, 7.2663e-20],
        [1.6917e-02, 1.7868e-05, 1.1573e-10],
        [9.6611e-01, 1.6917e-02, 1.7868e-05]])
2023-10-25 10:57:46,942 | INFO | hi-lo.kernel-accessor : Fetching kernel: gumbel
2023-10-25 10:57:46,942 | INFO | hi-lo.gumbel-kernel : MU (LOCATION): -1.495436191558838 | BETA (SCALE): 1.44134521484375
2023-10-25 10:57:46,942 | INFO | hi-lo.gumbel-kernel : BOTTOM-LEFT
tensor([[1.0041e-11, 6.7283e-26, 0.0000e+00],
        [1.7175e-04, 1.0041e-11, 6.7283e-26],
        [9.9966e-01, 1.7175e-04, 1.0041e-11]])
2023-10-25 10:58:11,034 | INFO | hi-lo : END EPOCH:  15 | ACCURACY: 0.05 | LOSS: 4.138988018035889
2023-10-25 10:58:11,034 | INFO | hi-lo : BEGIN EPOCH 16 =========================================================================
2023-10-25 10:58:11,034 | INFO | hi-lo.kernel-accessor : Fetching kernel: gumbel
2023-10-25 10:58:11,035 | INFO | hi-lo.gumbel-kernel : MU (LOCATION): -0.028546085581183434 | BETA (SCALE): 0.5076876878738403
2023-10-25 10:58:11,036 | INFO | hi-lo.gumbel-kernel : BOTTOM-LEFT
tensor([[6.3177e-27, 0.0000e+00, 0.0000e+00],
        [1.4015e-04, 6.3177e-27, 0.0000e+00],
        [9.9972e-01, 1.4015e-04, 6.3177e-27]])
2023-10-25 10:58:11,036 | INFO | hi-lo.kernel-accessor : Fetching kernel: gumbel
2023-10-25 10:58:11,036 | INFO | hi-lo.gumbel-kernel : MU (LOCATION): -0.6460692882537842 | BETA (SCALE): 0.9850002527236938
2023-10-25 10:58:11,037 | INFO | hi-lo.gumbel-kernel : TOP-LEFT
tensor([[9.9895e-01, 5.2560e-04, 2.7986e-12],
        [5.2560e-04, 2.7986e-12, 2.4408e-34],
        [2.7986e-12, 2.4408e-34, 0.0000e+00]])
2023-10-25 10:58:11,037 | INFO | hi-lo.kernel-accessor : Fetching kernel: gumbel
2023-10-25 10:58:11,037 | INFO | hi-lo.gumbel-kernel : MU (LOCATION): -1.2612035274505615 | BETA (SCALE): 1.7296273708343506
2023-10-25 10:58:11,038 | INFO | hi-lo.gumbel-kernel : TOP-LEFT
tensor([[9.6260e-01, 1.8663e-02, 2.5977e-05],
        [1.8663e-02, 2.5977e-05, 3.3031e-10],
        [2.5977e-05, 3.3031e-10, 9.7203e-19]])
2023-10-25 10:58:11,038 | INFO | hi-lo.kernel-accessor : Fetching kernel: gumbel
2023-10-25 10:58:11,038 | INFO | hi-lo.gumbel-kernel : MU (LOCATION): -1.633357048034668 | BETA (SCALE): 1.5987647771835327
2023-10-25 10:58:11,039 | INFO | hi-lo.gumbel-kernel : BOTTOM-LEFT
tensor([[1.2585e-09, 4.4966e-20, 2.2852e-39],
        [6.5362e-04, 1.2585e-09, 4.4966e-20],
        [9.9869e-01, 6.5362e-04, 1.2585e-09]])
2023-10-25 10:58:35,257 | INFO | hi-lo : END EPOCH:  16 | ACCURACY: 0.67 | LOSS: 4.489028453826904
2023-10-25 10:58:35,257 | INFO | hi-lo : BEGIN EPOCH 17 =========================================================================
2023-10-25 10:58:35,257 | INFO | hi-lo.kernel-accessor : Fetching kernel: gumbel
2023-10-25 10:58:35,258 | INFO | hi-lo.gumbel-kernel : MU (LOCATION): -0.15276405215263367 | BETA (SCALE): 0.4866262376308441
2023-10-25 10:58:35,258 | INFO | hi-lo.gumbel-kernel : BOTTOM-LEFT
tensor([[0.0000e+00, 0.0000e+00, 0.0000e+00],
        [3.7080e-07, 0.0000e+00, 0.0000e+00],
        [1.0000e+00, 3.7080e-07, 0.0000e+00]])
2023-10-25 10:58:35,258 | INFO | hi-lo.kernel-accessor : Fetching kernel: gumbel
2023-10-25 10:58:35,259 | INFO | hi-lo.gumbel-kernel : MU (LOCATION): -0.6036525964736938 | BETA (SCALE): 0.934862494468689
2023-10-25 10:58:35,259 | INFO | hi-lo.gumbel-kernel : TOP-LEFT
tensor([[9.9935e-01, 3.2393e-04, 1.7005e-13],
        [3.2393e-04, 1.7005e-13, 1.1866e-39],
        [1.7005e-13, 1.1866e-39, 0.0000e+00]])
2023-10-25 10:58:35,259 | INFO | hi-lo.kernel-accessor : Fetching kernel: gumbel
2023-10-25 10:58:35,260 | INFO | hi-lo.gumbel-kernel : MU (LOCATION): -1.2843263149261475 | BETA (SCALE): 1.9706053733825684
2023-10-25 10:58:35,260 | INFO | hi-lo.gumbel-kernel : BOTTOM-LEFT
tensor([[5.0342e-04, 3.6712e-07, 3.1590e-12],
        [4.7671e-02, 5.0342e-04, 3.6712e-07],
        [9.0315e-01, 4.7671e-02, 5.0342e-04]])
2023-10-25 10:58:35,260 | INFO | hi-lo.kernel-accessor : Fetching kernel: gumbel
2023-10-25 10:58:35,261 | INFO | hi-lo.gumbel-kernel : MU (LOCATION): -1.1182615756988525 | BETA (SCALE): 1.241041660308838
2023-10-25 10:58:35,261 | INFO | hi-lo.gumbel-kernel : BOTTOM-LEFT
tensor([[5.4993e-12, 1.1281e-28, 0.0000e+00],
        [2.4498e-04, 5.4993e-12, 1.1281e-28],
        [9.9951e-01, 2.4498e-04, 5.4993e-12]])
2023-10-25 10:58:59,315 | INFO | hi-lo : END EPOCH:  17 | ACCURACY: 1.56 | LOSS: 4.3854169845581055
2023-10-25 10:58:59,315 | INFO | hi-lo : BEGIN EPOCH 18 =========================================================================
2023-10-25 10:58:59,316 | INFO | hi-lo.kernel-accessor : Fetching kernel: gumbel
2023-10-25 10:58:59,316 | INFO | hi-lo.gumbel-kernel : MU (LOCATION): -0.11867594718933105 | BETA (SCALE): 0.51073157787323
2023-10-25 10:58:59,317 | INFO | hi-lo.gumbel-kernel : BOTTOM-LEFT
tensor([[1.9666e-36, 0.0000e+00, 0.0000e+00],
        [8.7827e-06, 1.9666e-36, 0.0000e+00],
        [9.9998e-01, 8.7827e-06, 1.9666e-36]])
2023-10-25 10:58:59,317 | INFO | hi-lo.kernel-accessor : Fetching kernel: gumbel
2023-10-25 10:58:59,317 | INFO | hi-lo.gumbel-kernel : MU (LOCATION): -0.5738309621810913 | BETA (SCALE): 0.8497600555419922
2023-10-25 10:58:59,318 | INFO | hi-lo.gumbel-kernel : BOTTOM-LEFT
tensor([[1.0338e-17, 0.0000e+00, 0.0000e+00],
        [5.3391e-05, 1.0338e-17, 0.0000e+00],
        [9.9989e-01, 5.3391e-05, 1.0338e-17]])
2023-10-25 10:58:59,318 | INFO | hi-lo.kernel-accessor : Fetching kernel: gumbel
2023-10-25 10:58:59,318 | INFO | hi-lo.gumbel-kernel : MU (LOCATION): -0.9303011298179626 | BETA (SCALE): 1.3901602029800415
2023-10-25 10:58:59,319 | INFO | hi-lo.gumbel-kernel : TOP-LEFT
tensor([[9.8273e-01, 8.6333e-03, 1.1054e-06],
        [8.6333e-03, 1.1054e-06, 2.4017e-14],
        [1.1054e-06, 2.4017e-14, 9.4791e-30]])
2023-10-25 10:58:59,319 | INFO | hi-lo.kernel-accessor : Fetching kernel: gumbel
2023-10-25 10:58:59,320 | INFO | hi-lo.gumbel-kernel : MU (LOCATION): -1.4214856624603271 | BETA (SCALE): 1.527801513671875
2023-10-25 10:58:59,320 | INFO | hi-lo.gumbel-kernel : BOTTOM-LEFT
tensor([[7.6561e-09, 1.1080e-18, 2.3639e-37],
        [1.3613e-03, 7.6561e-09, 1.1080e-18],
        [9.9728e-01, 1.3613e-03, 7.6561e-09]])
2023-10-25 10:59:23,373 | INFO | hi-lo : END EPOCH:  18 | ACCURACY: 0.78 | LOSS: 4.574455261230469
2023-10-25 10:59:23,373 | INFO | hi-lo : BEGIN EPOCH 19 =========================================================================
2023-10-25 10:59:23,373 | INFO | hi-lo.kernel-accessor : Fetching kernel: gumbel
2023-10-25 10:59:23,374 | INFO | hi-lo.gumbel-kernel : MU (LOCATION): -0.026435941457748413 | BETA (SCALE): 0.47365161776542664
2023-10-25 10:59:23,374 | INFO | hi-lo.gumbel-kernel : TOP-LEFT
tensor([[9.9993e-01, 3.6175e-05, 3.4102e-35],
        [3.6175e-05, 3.4101e-35, 0.0000e+00],
        [3.4102e-35, 0.0000e+00, 0.0000e+00]])
2023-10-25 10:59:23,374 | INFO | hi-lo.kernel-accessor : Fetching kernel: gumbel
2023-10-25 10:59:23,375 | INFO | hi-lo.gumbel-kernel : MU (LOCATION): -0.6181842088699341 | BETA (SCALE): 0.8772538304328918
2023-10-25 10:59:23,375 | INFO | hi-lo.gumbel-kernel : BOTTOM-LEFT
tensor([[2.5712e-17, 0.0000e+00, 0.0000e+00],
        [5.3032e-05, 2.5712e-17, 0.0000e+00],
        [9.9989e-01, 5.3032e-05, 2.5712e-17]])
2023-10-25 10:59:23,376 | INFO | hi-lo.kernel-accessor : Fetching kernel: gumbel
2023-10-25 10:59:23,376 | INFO | hi-lo.gumbel-kernel : MU (LOCATION): -0.9148555397987366 | BETA (SCALE): 1.4588598012924194
2023-10-25 10:59:23,377 | INFO | hi-lo.gumbel-kernel : BOTTOM-LEFT
tensor([[8.2619e-06, 5.1886e-12, 5.0007e-24],
        [1.5478e-02, 8.2619e-06, 5.1886e-12],
        [9.6902e-01, 1.5478e-02, 8.2619e-06]])
2023-10-25 10:59:23,377 | INFO | hi-lo.kernel-accessor : Fetching kernel: gumbel
2023-10-25 10:59:23,377 | INFO | hi-lo.gumbel-kernel : MU (LOCATION): -1.5699036121368408 | BETA (SCALE): 1.3945622444152832
2023-10-25 10:59:23,378 | INFO | hi-lo.gumbel-kernel : TOP-LEFT
tensor([[9.9995e-01, 2.3026e-05, 1.5440e-14],
        [2.3026e-05, 1.5440e-14, 5.2935e-33],
        [1.5440e-14, 5.2935e-33, 0.0000e+00]])
2023-10-25 10:59:47,436 | INFO | hi-lo : END EPOCH:  19 | ACCURACY: 1.56 | LOSS: 4.481569766998291
2023-10-25 10:59:47,436 | INFO | hi-lo : BEGIN EPOCH 20 =========================================================================
2023-10-25 10:59:47,436 | INFO | hi-lo.kernel-accessor : Fetching kernel: gumbel
2023-10-25 10:59:47,437 | INFO | hi-lo.gumbel-kernel : MU (LOCATION): -0.14617401361465454 | BETA (SCALE): 0.5123772025108337
2023-10-25 10:59:47,437 | INFO | hi-lo.gumbel-kernel : BOTTOM-LEFT
tensor([[9.6522e-40, 0.0000e+00, 0.0000e+00],
        [3.2427e-06, 9.6522e-40, 0.0000e+00],
        [9.9999e-01, 3.2427e-06, 9.6522e-40]])
2023-10-25 10:59:47,437 | INFO | hi-lo.kernel-accessor : Fetching kernel: gumbel
2023-10-25 10:59:47,438 | INFO | hi-lo.gumbel-kernel : MU (LOCATION): -0.6334033012390137 | BETA (SCALE): 0.9487624168395996
2023-10-25 10:59:47,438 | INFO | hi-lo.gumbel-kernel : TOP-LEFT
tensor([[9.9943e-01, 2.8621e-04, 1.4022e-13],
        [2.8621e-04, 1.4022e-13, 1.9553e-39],
        [1.4022e-13, 1.9553e-39, 0.0000e+00]])
2023-10-25 10:59:47,438 | INFO | hi-lo.kernel-accessor : Fetching kernel: gumbel
2023-10-25 10:59:47,439 | INFO | hi-lo.gumbel-kernel : MU (LOCATION): -1.1483595371246338 | BETA (SCALE): 1.5726699829101562
2023-10-25 10:59:47,439 | INFO | hi-lo.gumbel-kernel : TOP-LEFT
tensor([[9.7747e-01, 1.1258e-02, 4.3201e-06],
        [1.1258e-02, 4.3201e-06, 2.6872e-12],
        [4.3201e-06, 2.6872e-12, 8.9823e-24]])
2023-10-25 10:59:47,439 | INFO | hi-lo.kernel-accessor : Fetching kernel: gumbel
2023-10-25 10:59:47,440 | INFO | hi-lo.gumbel-kernel : MU (LOCATION): -1.3671329021453857 | BETA (SCALE): 1.2812811136245728
2023-10-25 10:59:47,440 | INFO | hi-lo.gumbel-kernel : TOP-LEFT
tensor([[9.9996e-01, 2.0999e-05, 3.2643e-15],
        [2.0999e-05, 3.2643e-15, 3.2193e-36],
        [3.2643e-15, 3.2193e-36, 0.0000e+00]])
2023-10-25 11:00:11,503 | INFO | hi-lo : END EPOCH:  20 | ACCURACY: 3.12 | LOSS: 4.326228618621826
2023-10-25 11:00:11,503 | INFO | hi-lo : BEGIN EPOCH 21 =========================================================================
2023-10-25 11:00:11,503 | INFO | hi-lo.kernel-accessor : Fetching kernel: gumbel
2023-10-25 11:00:11,504 | INFO | hi-lo.gumbel-kernel : MU (LOCATION): -0.0956890732049942 | BETA (SCALE): 0.48152488470077515
2023-10-25 11:00:11,505 | INFO | hi-lo.gumbel-kernel : TOP-LEFT
