2023-12-06 22:31:28,774 | INFO | hi-lo : 
+==============================================================+
|                                                              |
| ██████╗  █████╗ ██████╗ ██╗         ██╗      █████╗ ██████╗  |
| ██╔══██╗██╔══██╗██╔══██╗██║         ██║     ██╔══██╗██╔══██╗ |
| ██║  ██║███████║██║  ██║██║         ██║     ███████║██████╔╝ |
| ██║  ██║██╔══██║██║  ██║██║         ██║     ██╔══██║██╔══██╗ |
| ██████╔╝██║  ██║██████╔╝███████╗    ███████╗██║  ██║██████╔╝ |
| ╚═════╝ ╚═╝  ╚═╝╚═════╝ ╚══════╝    ╚══════╝╚═╝  ╚═╝╚═════╝  |
|                                                              |
+==============================================================+
|             Hi-Lo Resolution Image Classification            |
|             -------------------------------------            |
|                       Gabriel C. Trahan                      |
|                          Sahan Ahmad                         |
|                       MD  Aminual Islam                      |
+==============================================================+
| MODEL:                 normal | LR:                      0.1 |
| DISTRO:                gumbel | KERNEL TYPE:              13 |
| DATASET:             imagenet | BATCH SIZE:               64 |
+=========================================================================+
2023-12-06 22:31:28,775 | INFO | hi-lo : Output directory: output/normal/gumbel/13/imagenet/20231206_223128
2023-12-06 22:31:28,775 | INFO | hi-lo.dataset-accessor : Fetching dataset: imagenet
2023-12-06 22:31:28,775 | INFO | hi-lo.imagenet-dataset : Initializing transform.
2023-12-06 22:31:28,775 | INFO | hi-lo.imagenet-dataset : Verifying/downloading train data.
2023-12-06 22:31:31,636 | INFO | hi-lo.imagenet-dataset : Verifying/downloading test data.
2023-12-06 22:31:31,754 | INFO | hi-lo.imagenet-dataset : Creating train data loader.
2023-12-06 22:31:31,754 | INFO | hi-lo.imagenet-dataset : Creating test data loader.
2023-12-06 22:31:32,761 | INFO | hi-lo : Using device: NVIDIA GeForce GTX 1060 6GB
2023-12-06 22:31:32,762 | INFO | hi-lo : Commencing training phase...
2023-12-06 22:31:32,762 | INFO | hi-lo : BEGIN EPOCH 1 =========================================================================
2023-12-06 22:31:32,762 | INFO | hi-lo.kernel-accessor : Fetching kernel: gumbel
2023-12-06 22:31:32,763 | INFO | hi-lo.gumbel-kernel : MU (LOCATION): 0.0 | BETA (SCALE): 1.0
2023-12-06 22:31:32,763 | INFO | hi-lo.gumbel-kernel : TOP-LEFT
tensor([[8.8288e-01, 5.8259e-02, 2.0072e-04],
        [5.8259e-02, 2.0072e-04, 2.2609e-10],
        [2.0072e-04, 2.2609e-10, 8.5377e-26]])
2023-12-06 22:31:32,764 | INFO | hi-lo.kernel-accessor : Fetching kernel: gumbel
2023-12-06 22:31:32,764 | INFO | hi-lo.gumbel-kernel : MU (LOCATION): 0.0 | BETA (SCALE): 1.0
2023-12-06 22:31:32,764 | INFO | hi-lo.gumbel-kernel : TOP-RIGHT
tensor([[2.0072e-04, 5.8259e-02, 8.8288e-01],
        [2.2609e-10, 2.0072e-04, 5.8259e-02],
        [8.5377e-26, 2.2609e-10, 2.0072e-04]])
2023-12-06 22:31:32,764 | INFO | hi-lo.kernel-accessor : Fetching kernel: gumbel
2023-12-06 22:31:32,764 | INFO | hi-lo.gumbel-kernel : MU (LOCATION): 0.0 | BETA (SCALE): 1.0
2023-12-06 22:31:32,765 | INFO | hi-lo.gumbel-kernel : TOP-RIGHT
tensor([[2.0072e-04, 5.8259e-02, 8.8288e-01],
        [2.2609e-10, 2.0072e-04, 5.8259e-02],
        [8.5377e-26, 2.2609e-10, 2.0072e-04]])
2023-12-06 22:31:32,765 | INFO | hi-lo.kernel-accessor : Fetching kernel: gumbel
2023-12-06 22:31:32,765 | INFO | hi-lo.gumbel-kernel : MU (LOCATION): 0.0 | BETA (SCALE): 1.0
2023-12-06 22:31:32,765 | INFO | hi-lo.gumbel-kernel : BOTTOM-RIGHT
tensor([[8.5377e-26, 2.2609e-10, 2.0072e-04],
        [2.2609e-10, 2.0072e-04, 5.8259e-02],
        [2.0072e-04, 5.8259e-02, 8.8288e-01]])
2023-12-06 22:31:57,490 | INFO | hi-lo : END EPOCH:   1 | ACCURACY: 0 | LOSS: 4.859922409057617
2023-12-06 22:31:57,490 | INFO | hi-lo : BEGIN EPOCH 2 =========================================================================
2023-12-06 22:31:57,490 | INFO | hi-lo.kernel-accessor : Fetching kernel: gumbel
2023-12-06 22:31:57,491 | INFO | hi-lo.gumbel-kernel : MU (LOCATION): -0.10707655549049377 | BETA (SCALE): 0.5660219192504883
2023-12-06 22:31:57,491 | INFO | hi-lo.gumbel-kernel : TOP-LEFT
tensor([[9.9971e-01, 1.4342e-04, 2.4541e-23],
        [1.4342e-04, 2.4541e-23, 0.0000e+00],
        [2.4541e-23, 0.0000e+00, 0.0000e+00]])
2023-12-06 22:31:57,492 | INFO | hi-lo.kernel-accessor : Fetching kernel: gumbel
2023-12-06 22:31:57,492 | INFO | hi-lo.gumbel-kernel : MU (LOCATION): -0.33101242780685425 | BETA (SCALE): 0.5975757837295532
2023-12-06 22:31:57,493 | INFO | hi-lo.gumbel-kernel : TOP-RIGHT
tensor([[3.1527e-38, 3.7919e-07, 1.0000e+00],
        [0.0000e+00, 3.1527e-38, 3.7919e-07],
        [0.0000e+00, 0.0000e+00, 3.1527e-38]])
2023-12-06 22:31:57,493 | INFO | hi-lo.kernel-accessor : Fetching kernel: gumbel
2023-12-06 22:31:57,493 | INFO | hi-lo.gumbel-kernel : MU (LOCATION): -0.42754265666007996 | BETA (SCALE): 0.7900882959365845
2023-12-06 22:31:57,494 | INFO | hi-lo.gumbel-kernel : TOP-RIGHT
tensor([[1.1743e-16, 1.5398e-04, 9.9969e-01],
        [0.0000e+00, 1.1743e-16, 1.5398e-04],
        [0.0000e+00, 0.0000e+00, 1.1743e-16]])
2023-12-06 22:31:57,494 | INFO | hi-lo.kernel-accessor : Fetching kernel: gumbel
2023-12-06 22:31:57,494 | INFO | hi-lo.gumbel-kernel : MU (LOCATION): -0.3296961784362793 | BETA (SCALE): 0.6653455495834351
2023-12-06 22:31:57,494 | INFO | hi-lo.gumbel-kernel : BOTTOM-LEFT
tensor([[1.6737e-24, 0.0000e+00, 0.0000e+00],
        [1.8112e-05, 1.6737e-24, 0.0000e+00],
        [9.9996e-01, 1.8112e-05, 1.6737e-24]])
2023-12-06 22:32:21,361 | INFO | hi-lo : END EPOCH:   2 | ACCURACY: 0.54 | LOSS: 4.541942596435547
2023-12-06 22:32:21,361 | INFO | hi-lo : BEGIN EPOCH 3 =========================================================================
2023-12-06 22:32:21,361 | INFO | hi-lo.kernel-accessor : Fetching kernel: gumbel
2023-12-06 22:32:21,362 | INFO | hi-lo.gumbel-kernel : MU (LOCATION): -0.14808037877082825 | BETA (SCALE): 0.4771263599395752
2023-12-06 22:32:21,363 | INFO | hi-lo.gumbel-kernel : TOP-RIGHT
tensor([[0.0000e+00, 2.1249e-07, 1.0000e+00],
        [0.0000e+00, 0.0000e+00, 2.1249e-07],
        [0.0000e+00, 0.0000e+00, 0.0000e+00]])
2023-12-06 22:32:21,363 | INFO | hi-lo.kernel-accessor : Fetching kernel: gumbel
2023-12-06 22:32:21,363 | INFO | hi-lo.gumbel-kernel : MU (LOCATION): -0.6166634559631348 | BETA (SCALE): 0.858005940914154
2023-12-06 22:32:21,364 | INFO | hi-lo.gumbel-kernel : BOTTOM-LEFT
tensor([[1.0139e-18, 0.0000e+00, 0.0000e+00],
        [2.8692e-05, 1.0139e-18, 0.0000e+00],
        [9.9994e-01, 2.8692e-05, 1.0139e-18]])
2023-12-06 22:32:21,364 | INFO | hi-lo.kernel-accessor : Fetching kernel: gumbel
2023-12-06 22:32:21,364 | INFO | hi-lo.gumbel-kernel : MU (LOCATION): -1.0180535316467285 | BETA (SCALE): 1.1918673515319824
2023-12-06 22:32:21,365 | INFO | hi-lo.gumbel-kernel : BOTTOM-RIGHT
tensor([[0.0000e+00, 3.9579e-29, 6.7773e-12],
        [3.9579e-29, 6.7773e-12, 3.0563e-04],
        [6.7773e-12, 3.0563e-04, 9.9939e-01]])
2023-12-06 22:32:21,365 | INFO | hi-lo.kernel-accessor : Fetching kernel: gumbel
2023-12-06 22:32:21,365 | INFO | hi-lo.gumbel-kernel : MU (LOCATION): -0.9538765549659729 | BETA (SCALE): 1.312304973602295
2023-12-06 22:32:21,366 | INFO | hi-lo.gumbel-kernel : TOP-LEFT
tensor([[9.9302e-01, 3.4885e-03, 4.5934e-08],
        [3.4885e-03, 4.5934e-08, 3.8312e-18],
        [4.5934e-08, 3.8312e-18, 2.3264e-39]])
2023-12-06 22:32:45,313 | INFO | hi-lo : END EPOCH:   3 | ACCURACY: 0.17 | LOSS: 4.601311683654785
2023-12-06 22:32:45,313 | INFO | hi-lo : BEGIN EPOCH 4 =========================================================================
2023-12-06 22:32:45,313 | INFO | hi-lo.kernel-accessor : Fetching kernel: gumbel
2023-12-06 22:32:45,314 | INFO | hi-lo.gumbel-kernel : MU (LOCATION): -0.047863833606243134 | BETA (SCALE): 0.5327385663986206
2023-12-06 22:32:45,314 | INFO | hi-lo.gumbel-kernel : TOP-LEFT
tensor([[9.9959e-01, 2.0318e-04, 4.9511e-24],
        [2.0318e-04, 4.9510e-24, 0.0000e+00],
        [4.9511e-24, 0.0000e+00, 0.0000e+00]])
2023-12-06 22:32:45,314 | INFO | hi-lo.kernel-accessor : Fetching kernel: gumbel
2023-12-06 22:32:45,315 | INFO | hi-lo.gumbel-kernel : MU (LOCATION): -0.7820917367935181 | BETA (SCALE): 0.922500729560852
2023-12-06 22:32:45,315 | INFO | hi-lo.gumbel-kernel : TOP-RIGHT
tensor([[5.4549e-20, 7.9151e-06, 9.9998e-01],
        [0.0000e+00, 5.4548e-20, 7.9151e-06],
        [0.0000e+00, 0.0000e+00, 5.4549e-20]])
2023-12-06 22:32:45,315 | INFO | hi-lo.kernel-accessor : Fetching kernel: gumbel
2023-12-06 22:32:45,316 | INFO | hi-lo.gumbel-kernel : MU (LOCATION): -1.0077821016311646 | BETA (SCALE): 1.3618298768997192
2023-12-06 22:32:45,316 | INFO | hi-lo.gumbel-kernel : BOTTOM-LEFT
tensor([[9.5524e-08, 4.7688e-17, 4.3555e-36],
        [4.0673e-03, 9.5524e-08, 4.7688e-17],
        [9.9187e-01, 4.0673e-03, 9.5524e-08]])
2023-12-06 22:32:45,316 | INFO | hi-lo.kernel-accessor : Fetching kernel: gumbel
2023-12-06 22:32:45,317 | INFO | hi-lo.gumbel-kernel : MU (LOCATION): -1.2434499263763428 | BETA (SCALE): 1.328425645828247
2023-12-06 22:32:45,317 | INFO | hi-lo.gumbel-kernel : TOP-LEFT
tensor([[9.9936e-01, 3.1783e-04, 2.7826e-11],
        [3.1783e-04, 2.7826e-11, 6.7434e-26],
        [2.7826e-11, 6.7434e-26, 0.0000e+00]])
2023-12-06 22:33:09,286 | INFO | hi-lo : END EPOCH:   4 | ACCURACY: 4.69 | LOSS: 4.611379623413086
2023-12-06 22:33:09,286 | INFO | hi-lo : BEGIN EPOCH 5 =========================================================================
2023-12-06 22:33:09,287 | INFO | hi-lo.kernel-accessor : Fetching kernel: gumbel
2023-12-06 22:33:09,287 | INFO | hi-lo.gumbel-kernel : MU (LOCATION): -0.004938801750540733 | BETA (SCALE): 0.4489858150482178
2023-12-06 22:33:09,288 | INFO | hi-lo.gumbel-kernel : TOP-RIGHT
tensor([[2.1088e-40, 2.2872e-05, 9.9995e-01],
        [0.0000e+00, 2.1088e-40, 2.2872e-05],
        [0.0000e+00, 0.0000e+00, 2.1088e-40]])
2023-12-06 22:33:09,288 | INFO | hi-lo.kernel-accessor : Fetching kernel: gumbel
2023-12-06 22:33:09,289 | INFO | hi-lo.gumbel-kernel : MU (LOCATION): -0.7012075185775757 | BETA (SCALE): 0.8349134922027588
2023-12-06 22:33:09,289 | INFO | hi-lo.gumbel-kernel : TOP-LEFT
tensor([[1.0000e+00, 1.2374e-06, 5.3262e-25],
        [1.2374e-06, 5.3264e-25, 0.0000e+00],
        [5.3262e-25, 0.0000e+00, 0.0000e+00]])
2023-12-06 22:33:09,289 | INFO | hi-lo.kernel-accessor : Fetching kernel: gumbel
2023-12-06 22:33:09,290 | INFO | hi-lo.gumbel-kernel : MU (LOCATION): -0.7841298580169678 | BETA (SCALE): 1.3600822687149048
2023-12-06 22:33:09,290 | INFO | hi-lo.gumbel-kernel : TOP-LEFT
tensor([[9.7017e-01, 1.4908e-02, 5.4623e-06],
        [1.4908e-02, 5.4623e-06, 8.2520e-13],
        [5.4623e-06, 8.2520e-13, 1.0842e-26]])
2023-12-06 22:33:09,290 | INFO | hi-lo.kernel-accessor : Fetching kernel: gumbel
2023-12-06 22:33:09,291 | INFO | hi-lo.gumbel-kernel : MU (LOCATION): -1.2039175033569336 | BETA (SCALE): 1.2936530113220215
2023-12-06 22:33:09,291 | INFO | hi-lo.gumbel-kernel : BOTTOM-RIGHT
tensor([[0.0000e+00, 2.4543e-27, 1.0313e-11],
        [2.4543e-27, 1.0313e-11, 2.5486e-04],
        [1.0313e-11, 2.5486e-04, 9.9949e-01]])
2023-12-06 22:33:33,268 | INFO | hi-lo : END EPOCH:   5 | ACCURACY: 1.0 | LOSS: 4.623524188995361
2023-12-06 22:33:33,268 | INFO | hi-lo : BEGIN EPOCH 6 =========================================================================
2023-12-06 22:33:33,268 | INFO | hi-lo.kernel-accessor : Fetching kernel: gumbel
2023-12-06 22:33:33,269 | INFO | hi-lo.gumbel-kernel : MU (LOCATION): -0.08464466035366058 | BETA (SCALE): 0.4950507879257202
2023-12-06 22:33:33,270 | INFO | hi-lo.gumbel-kernel : BOTTOM-RIGHT
tensor([[0.0000e+00, 0.0000e+00, 1.3056e-36],
        [0.0000e+00, 1.3056e-36, 1.3350e-05],
        [1.3056e-36, 1.3350e-05, 9.9997e-01]])
2023-12-06 22:33:33,270 | INFO | hi-lo.kernel-accessor : Fetching kernel: gumbel
2023-12-06 22:33:33,271 | INFO | hi-lo.gumbel-kernel : MU (LOCATION): -0.7033461332321167 | BETA (SCALE): 1.0580956935882568
2023-12-06 22:33:33,271 | INFO | hi-lo.gumbel-kernel : BOTTOM-RIGHT
tensor([[0.0000e+00, 2.8240e-28, 8.9887e-11],
        [2.8240e-28, 8.9887e-11, 1.0162e-03],
        [8.9887e-11, 1.0162e-03, 9.9797e-01]])
2023-12-06 22:33:33,271 | INFO | hi-lo.kernel-accessor : Fetching kernel: gumbel
2023-12-06 22:33:33,272 | INFO | hi-lo.gumbel-kernel : MU (LOCATION): -1.3765740394592285 | BETA (SCALE): 2.6305031776428223
2023-12-06 22:33:33,272 | INFO | hi-lo.gumbel-kernel : BOTTOM-RIGHT
tensor([[5.8158e-06, 5.2393e-04, 1.2823e-02],
        [5.2393e-04, 1.2823e-02, 1.2875e-01],
        [1.2823e-02, 1.2875e-01, 7.0297e-01]])
2023-12-06 22:33:33,272 | INFO | hi-lo.kernel-accessor : Fetching kernel: gumbel
2023-12-06 22:33:33,273 | INFO | hi-lo.gumbel-kernel : MU (LOCATION): -1.2364535331726074 | BETA (SCALE): 1.3140833377838135
2023-12-06 22:33:33,273 | INFO | hi-lo.gumbel-kernel : BOTTOM-LEFT
tensor([[1.3400e-11, 7.9369e-27, 0.0000e+00],
        [2.6155e-04, 1.3400e-11, 7.9369e-27],
        [9.9948e-01, 2.6155e-04, 1.3400e-11]])
2023-12-06 22:33:57,234 | INFO | hi-lo : END EPOCH:   6 | ACCURACY: 0.57 | LOSS: 4.692203998565674
2023-12-06 22:33:57,234 | INFO | hi-lo : BEGIN EPOCH 7 =========================================================================
2023-12-06 22:33:57,234 | INFO | hi-lo.kernel-accessor : Fetching kernel: gumbel
2023-12-06 22:33:57,235 | INFO | hi-lo.gumbel-kernel : MU (LOCATION): -0.11357468366622925 | BETA (SCALE): 0.4623594284057617
2023-12-06 22:33:57,236 | INFO | hi-lo.gumbel-kernel : BOTTOM-LEFT
tensor([[0.0000e+00, 0.0000e+00, 0.0000e+00],
        [3.9648e-07, 0.0000e+00, 0.0000e+00],
        [1.0000e+00, 3.9648e-07, 0.0000e+00]])
2023-12-06 22:33:57,236 | INFO | hi-lo.kernel-accessor : Fetching kernel: gumbel
2023-12-06 22:33:57,236 | INFO | hi-lo.gumbel-kernel : MU (LOCATION): -0.7611256837844849 | BETA (SCALE): 0.9698106646537781
2023-12-06 22:33:57,237 | INFO | hi-lo.gumbel-kernel : TOP-RIGHT
tensor([[6.0467e-16, 6.1258e-05, 9.9988e-01],
        [0.0000e+00, 6.0467e-16, 6.1258e-05],
        [0.0000e+00, 0.0000e+00, 6.0467e-16]])
2023-12-06 22:33:57,237 | INFO | hi-lo.kernel-accessor : Fetching kernel: gumbel
2023-12-06 22:33:57,238 | INFO | hi-lo.gumbel-kernel : MU (LOCATION): -0.9917089939117432 | BETA (SCALE): 1.4684163331985474
2023-12-06 22:33:57,238 | INFO | hi-lo.gumbel-kernel : BOTTOM-RIGHT
tensor([[8.5414e-26, 7.0332e-13, 3.3878e-06],
        [7.0332e-13, 3.3878e-06, 1.1434e-02],
        [3.3878e-06, 1.1434e-02, 9.7712e-01]])
2023-12-06 22:33:57,238 | INFO | hi-lo.kernel-accessor : Fetching kernel: gumbel
2023-12-06 22:33:57,239 | INFO | hi-lo.gumbel-kernel : MU (LOCATION): -1.035554051399231 | BETA (SCALE): 1.1872200965881348
2023-12-06 22:33:57,239 | INFO | hi-lo.gumbel-kernel : BOTTOM-LEFT
tensor([[2.2702e-12, 1.9164e-30, 0.0000e+00],
        [2.2331e-04, 2.2702e-12, 1.9164e-30],
        [9.9955e-01, 2.2331e-04, 2.2702e-12]])
2023-12-06 22:34:21,320 | INFO | hi-lo : END EPOCH:   7 | ACCURACY: 0.31 | LOSS: 4.612343788146973
2023-12-06 22:34:21,321 | INFO | hi-lo : BEGIN EPOCH 8 =========================================================================
2023-12-06 22:34:21,321 | INFO | hi-lo.kernel-accessor : Fetching kernel: gumbel
2023-12-06 22:34:21,322 | INFO | hi-lo.gumbel-kernel : MU (LOCATION): -0.010529465973377228 | BETA (SCALE): 0.5437273979187012
2023-12-06 22:34:21,322 | INFO | hi-lo.gumbel-kernel : BOTTOM-LEFT
tensor([[9.6693e-20, 0.0000e+00, 0.0000e+00],
        [6.4863e-04, 9.6693e-20, 0.0000e+00],
        [9.9870e-01, 6.4863e-04, 9.6693e-20]])
2023-12-06 22:34:21,322 | INFO | hi-lo.kernel-accessor : Fetching kernel: gumbel
2023-12-06 22:34:21,323 | INFO | hi-lo.gumbel-kernel : MU (LOCATION): -0.715530276298523 | BETA (SCALE): 1.0150781869888306
2023-12-06 22:34:21,323 | INFO | hi-lo.gumbel-kernel : TOP-RIGHT
tensor([[1.4645e-12, 3.8649e-04, 9.9923e-01],
        [2.1350e-34, 1.4646e-12, 3.8649e-04],
        [0.0000e+00, 2.1350e-34, 1.4645e-12]])
2023-12-06 22:34:21,324 | INFO | hi-lo.kernel-accessor : Fetching kernel: gumbel
2023-12-06 22:34:21,324 | INFO | hi-lo.gumbel-kernel : MU (LOCATION): -1.2689635753631592 | BETA (SCALE): 1.6845660209655762
2023-12-06 22:34:21,325 | INFO | hi-lo.gumbel-kernel : BOTTOM-LEFT
tensor([[1.0209e-05, 3.5119e-11, 7.2906e-21],
        [1.3866e-02, 1.0209e-05, 3.5119e-11],
        [9.7224e-01, 1.3866e-02, 1.0209e-05]])
2023-12-06 22:34:21,325 | INFO | hi-lo.kernel-accessor : Fetching kernel: gumbel
2023-12-06 22:34:21,325 | INFO | hi-lo.gumbel-kernel : MU (LOCATION): -1.4094252586364746 | BETA (SCALE): 1.439896821975708
2023-12-06 22:34:21,326 | INFO | hi-lo.gumbel-kernel : BOTTOM-LEFT
tensor([[1.3649e-10, 2.9032e-23, 0.0000e+00],
        [4.1086e-04, 1.3649e-10, 2.9032e-23],
        [9.9918e-01, 4.1086e-04, 1.3649e-10]])
2023-12-06 22:34:45,360 | INFO | hi-lo : END EPOCH:   8 | ACCURACY: 1.56 | LOSS: 4.153745174407959
2023-12-06 22:34:45,360 | INFO | hi-lo : BEGIN EPOCH 9 =========================================================================
2023-12-06 22:34:45,360 | INFO | hi-lo.kernel-accessor : Fetching kernel: gumbel
2023-12-06 22:34:45,361 | INFO | hi-lo.gumbel-kernel : MU (LOCATION): -0.042505186051130295 | BETA (SCALE): 0.49747201800346375
2023-12-06 22:34:45,362 | INFO | hi-lo.gumbel-kernel : TOP-RIGHT
tensor([[1.1510e-30, 6.2552e-05, 9.9987e-01],
        [0.0000e+00, 1.1510e-30, 6.2552e-05],
        [0.0000e+00, 0.0000e+00, 1.1510e-30]])
2023-12-06 22:34:45,362 | INFO | hi-lo.kernel-accessor : Fetching kernel: gumbel
2023-12-06 22:34:45,362 | INFO | hi-lo.gumbel-kernel : MU (LOCATION): -0.7516199946403503 | BETA (SCALE): 0.9808017015457153
2023-12-06 22:34:45,363 | INFO | hi-lo.gumbel-kernel : TOP-LEFT
tensor([[9.9980e-01, 9.8537e-05, 4.7062e-15],
        [9.8537e-05, 4.7062e-15, 6.5301e-43],
        [4.7062e-15, 6.5301e-43, 0.0000e+00]])
2023-12-06 22:34:45,363 | INFO | hi-lo.kernel-accessor : Fetching kernel: gumbel
2023-12-06 22:34:45,364 | INFO | hi-lo.gumbel-kernel : MU (LOCATION): -1.0130001306533813 | BETA (SCALE): 1.4786584377288818
2023-12-06 22:34:45,364 | INFO | hi-lo.gumbel-kernel : BOTTOM-RIGHT
tensor([[9.0844e-26, 6.5755e-13, 3.1726e-06],
        [6.5755e-13, 3.1726e-06, 1.1075e-02],
        [3.1726e-06, 1.1075e-02, 9.7784e-01]])
2023-12-06 22:34:45,364 | INFO | hi-lo.kernel-accessor : Fetching kernel: gumbel
2023-12-06 22:34:45,365 | INFO | hi-lo.gumbel-kernel : MU (LOCATION): -1.3010690212249756 | BETA (SCALE): 1.414604902267456
2023-12-06 22:34:45,365 | INFO | hi-lo.gumbel-kernel : TOP-LEFT
tensor([[9.9847e-01, 7.6461e-04, 7.5997e-10],
        [7.6461e-04, 7.5997e-10, 1.0584e-21],
        [7.5997e-10, 1.0584e-21, 0.0000e+00]])
2023-12-06 22:35:09,465 | INFO | hi-lo : END EPOCH:   9 | ACCURACY: 2.34 | LOSS: 4.323021411895752
2023-12-06 22:35:09,465 | INFO | hi-lo : BEGIN EPOCH 10 =========================================================================
2023-12-06 22:35:09,465 | INFO | hi-lo.kernel-accessor : Fetching kernel: gumbel
2023-12-06 22:35:09,466 | INFO | hi-lo.gumbel-kernel : MU (LOCATION): -0.09201627969741821 | BETA (SCALE): 0.5037125945091248
2023-12-06 22:35:09,466 | INFO | hi-lo.gumbel-kernel : TOP-RIGHT
tensor([[5.3097e-35, 1.6107e-05, 9.9997e-01],
        [0.0000e+00, 5.3097e-35, 1.6107e-05],
        [0.0000e+00, 0.0000e+00, 5.3097e-35]])
2023-12-06 22:35:09,466 | INFO | hi-lo.kernel-accessor : Fetching kernel: gumbel
2023-12-06 22:35:09,467 | INFO | hi-lo.gumbel-kernel : MU (LOCATION): -0.7127151489257812 | BETA (SCALE): 1.0537846088409424
2023-12-06 22:35:09,467 | INFO | hi-lo.gumbel-kernel : TOP-LEFT
tensor([[9.9831e-01, 8.4733e-04, 4.4407e-11],
        [8.4733e-04, 4.4407e-11, 3.1181e-29],
        [4.4407e-11, 3.1181e-29, 0.0000e+00]])
2023-12-06 22:35:09,468 | INFO | hi-lo.kernel-accessor : Fetching kernel: gumbel
2023-12-06 22:35:09,468 | INFO | hi-lo.gumbel-kernel : MU (LOCATION): -1.2691468000411987 | BETA (SCALE): 1.7087457180023193
2023-12-06 22:35:09,468 | INFO | hi-lo.gumbel-kernel : TOP-RIGHT
tensor([[1.6302e-05, 1.6063e-02, 9.6782e-01],
        [1.0959e-10, 1.6302e-05, 1.6063e-02],
        [9.0205e-20, 1.0959e-10, 1.6302e-05]])
2023-12-06 22:35:09,469 | INFO | hi-lo.kernel-accessor : Fetching kernel: gumbel
2023-12-06 22:35:09,469 | INFO | hi-lo.gumbel-kernel : MU (LOCATION): -1.3974618911743164 | BETA (SCALE): 1.3816707134246826
2023-12-06 22:35:09,469 | INFO | hi-lo.gumbel-kernel : TOP-RIGHT
tensor([[4.9239e-12, 1.5783e-04, 9.9968e-01],
        [3.5298e-27, 4.9239e-12, 1.5783e-04],
        [0.0000e+00, 3.5298e-27, 4.9239e-12]])
2023-12-06 22:35:33,522 | INFO | hi-lo : END EPOCH:  10 | ACCURACY: 0.67 | LOSS: 4.709369659423828
2023-12-06 22:35:33,522 | INFO | hi-lo : BEGIN EPOCH 11 =========================================================================
2023-12-06 22:35:33,522 | INFO | hi-lo.kernel-accessor : Fetching kernel: gumbel
2023-12-06 22:35:33,523 | INFO | hi-lo.gumbel-kernel : MU (LOCATION): -0.21840214729309082 | BETA (SCALE): 0.4990071654319763
2023-12-06 22:35:33,523 | INFO | hi-lo.gumbel-kernel : BOTTOM-LEFT
tensor([[0.0000e+00, 0.0000e+00, 0.0000e+00],
        [2.7570e-08, 0.0000e+00, 0.0000e+00],
        [1.0000e+00, 2.7570e-08, 0.0000e+00]])
2023-12-06 22:35:33,524 | INFO | hi-lo.kernel-accessor : Fetching kernel: gumbel
2023-12-06 22:35:33,524 | INFO | hi-lo.gumbel-kernel : MU (LOCATION): -0.685671329498291 | BETA (SCALE): 0.9721184372901917
2023-12-06 22:35:33,525 | INFO | hi-lo.gumbel-kernel : BOTTOM-LEFT
tensor([[9.0556e-14, 2.9768e-39, 0.0000e+00],
        [2.2575e-04, 9.0556e-14, 2.9768e-39],
        [9.9955e-01, 2.2575e-04, 9.0556e-14]])
2023-12-06 22:35:33,525 | INFO | hi-lo.kernel-accessor : Fetching kernel: gumbel
2023-12-06 22:35:33,525 | INFO | hi-lo.gumbel-kernel : MU (LOCATION): -1.3420017957687378 | BETA (SCALE): 1.8328948020935059
2023-12-06 22:35:33,526 | INFO | hi-lo.gumbel-kernel : BOTTOM-LEFT
tensor([[6.1672e-05, 3.1251e-09, 1.7984e-16],
        [2.3923e-02, 6.1672e-05, 3.1251e-09],
        [9.5197e-01, 2.3923e-02, 6.1672e-05]])
2023-12-06 22:35:33,526 | INFO | hi-lo.kernel-accessor : Fetching kernel: gumbel
2023-12-06 22:35:33,526 | INFO | hi-lo.gumbel-kernel : MU (LOCATION): -1.2064695358276367 | BETA (SCALE): 1.3748695850372314
2023-12-06 22:35:33,527 | INFO | hi-lo.gumbel-kernel : TOP-RIGHT
tensor([[1.3208e-09, 9.9245e-04, 9.9802e-01],
        [1.9866e-21, 1.3208e-09, 9.9245e-04],
        [0.0000e+00, 1.9866e-21, 1.3208e-09]])
2023-12-06 22:35:57,528 | INFO | hi-lo : END EPOCH:  11 | ACCURACY: 1.56 | LOSS: 4.495071887969971
2023-12-06 22:35:57,528 | INFO | hi-lo : BEGIN EPOCH 12 =========================================================================
2023-12-06 22:35:57,528 | INFO | hi-lo.kernel-accessor : Fetching kernel: gumbel
2023-12-06 22:35:57,529 | INFO | hi-lo.gumbel-kernel : MU (LOCATION): -0.08098717778921127 | BETA (SCALE): 0.5263981819152832
2023-12-06 22:35:57,529 | INFO | hi-lo.gumbel-kernel : TOP-LEFT
tensor([[9.9987e-01, 6.5620e-05, 3.5339e-28],
        [6.5620e-05, 3.5339e-28, 0.0000e+00],
        [3.5339e-28, 0.0000e+00, 0.0000e+00]])
2023-12-06 22:35:57,530 | INFO | hi-lo.kernel-accessor : Fetching kernel: gumbel
2023-12-06 22:35:57,530 | INFO | hi-lo.gumbel-kernel : MU (LOCATION): -0.6604411602020264 | BETA (SCALE): 0.9829113483428955
2023-12-06 22:35:57,531 | INFO | hi-lo.gumbel-kernel : BOTTOM-LEFT
tensor([[1.1040e-12, 1.2779e-35, 0.0000e+00],
        [4.1449e-04, 1.1040e-12, 1.2779e-35],
        [9.9917e-01, 4.1449e-04, 1.1040e-12]])
2023-12-06 22:35:57,531 | INFO | hi-lo.kernel-accessor : Fetching kernel: gumbel
2023-12-06 22:35:57,531 | INFO | hi-lo.gumbel-kernel : MU (LOCATION): -1.2252079248428345 | BETA (SCALE): 1.7410045862197876
2023-12-06 22:35:57,532 | INFO | hi-lo.gumbel-kernel : BOTTOM-LEFT
tensor([[4.5551e-05, 1.1634e-09, 1.2659e-17],
        [2.2567e-02, 4.5551e-05, 1.1634e-09],
        [9.5473e-01, 2.2567e-02, 4.5551e-05]])
2023-12-06 22:35:57,532 | INFO | hi-lo.kernel-accessor : Fetching kernel: gumbel
2023-12-06 22:35:57,533 | INFO | hi-lo.gumbel-kernel : MU (LOCATION): -1.6962510347366333 | BETA (SCALE): 1.6800568103790283
2023-12-06 22:35:57,533 | INFO | hi-lo.gumbel-kernel : TOP-RIGHT
tensor([[9.8879e-09, 1.2004e-03, 9.9760e-01],
        [9.6714e-18, 9.8879e-09, 1.2004e-03],
        [7.2025e-34, 9.6714e-18, 9.8879e-09]])
2023-12-06 22:36:21,665 | INFO | hi-lo : END EPOCH:  12 | ACCURACY: 1.56 | LOSS: 4.118076801300049
2023-12-06 22:36:21,665 | INFO | hi-lo : BEGIN EPOCH 13 =========================================================================
2023-12-06 22:36:21,665 | INFO | hi-lo.kernel-accessor : Fetching kernel: gumbel
2023-12-06 22:36:21,666 | INFO | hi-lo.gumbel-kernel : MU (LOCATION): -0.09769134223461151 | BETA (SCALE): 0.4930965304374695
2023-12-06 22:36:21,666 | INFO | hi-lo.gumbel-kernel : BOTTOM-LEFT
tensor([[4.1054e-39, 0.0000e+00, 0.0000e+00],
        [7.2436e-06, 4.1054e-39, 0.0000e+00],
        [9.9999e-01, 7.2436e-06, 4.1054e-39]])
2023-12-06 22:36:21,666 | INFO | hi-lo.kernel-accessor : Fetching kernel: gumbel
2023-12-06 22:36:21,667 | INFO | hi-lo.gumbel-kernel : MU (LOCATION): -0.654265284538269 | BETA (SCALE): 0.9517905116081238
2023-12-06 22:36:21,667 | INFO | hi-lo.gumbel-kernel : BOTTOM-RIGHT
tensor([[0.0000e+00, 1.5618e-40, 5.7834e-14],
        [1.5618e-40, 5.7834e-14, 2.2392e-04],
        [5.7834e-14, 2.2392e-04, 9.9955e-01]])
2023-12-06 22:36:21,667 | INFO | hi-lo.kernel-accessor : Fetching kernel: gumbel
2023-12-06 22:36:21,668 | INFO | hi-lo.gumbel-kernel : MU (LOCATION): -1.331913948059082 | BETA (SCALE): 1.9565386772155762
2023-12-06 22:36:21,668 | INFO | hi-lo.gumbel-kernel : TOP-RIGHT
tensor([[3.1868e-04, 4.0748e-02, 9.1755e-01],
        [1.3778e-07, 3.1868e-04, 4.0748e-02],
        [4.7729e-13, 1.3778e-07, 3.1868e-04]])
2023-12-06 22:36:21,669 | INFO | hi-lo.kernel-accessor : Fetching kernel: gumbel
2023-12-06 22:36:21,669 | INFO | hi-lo.gumbel-kernel : MU (LOCATION): -1.2610268592834473 | BETA (SCALE): 1.3283971548080444
2023-12-06 22:36:21,669 | INFO | hi-lo.gumbel-kernel : BOTTOM-RIGHT
tensor([[0.0000e+00, 1.5061e-26, 1.5071e-11],
        [1.5061e-26, 1.5071e-11, 2.6120e-04],
        [1.5071e-11, 2.6120e-04, 9.9948e-01]])
2023-12-06 22:36:45,766 | INFO | hi-lo : END EPOCH:  13 | ACCURACY: 0.52 | LOSS: 4.495159149169922
2023-12-06 22:36:45,766 | INFO | hi-lo : BEGIN EPOCH 14 =========================================================================
2023-12-06 22:36:45,766 | INFO | hi-lo.kernel-accessor : Fetching kernel: gumbel
2023-12-06 22:36:45,767 | INFO | hi-lo.gumbel-kernel : MU (LOCATION): -0.11853601038455963 | BETA (SCALE): 0.5386247038841248
2023-12-06 22:36:45,767 | INFO | hi-lo.gumbel-kernel : BOTTOM-LEFT
tensor([[2.6399e-29, 0.0000e+00, 0.0000e+00],
        [3.5525e-05, 2.6399e-29, 0.0000e+00],
        [9.9993e-01, 3.5525e-05, 2.6399e-29]])
2023-12-06 22:36:45,768 | INFO | hi-lo.kernel-accessor : Fetching kernel: gumbel
2023-12-06 22:36:45,768 | INFO | hi-lo.gumbel-kernel : MU (LOCATION): -0.6557866334915161 | BETA (SCALE): 1.0302412509918213
2023-12-06 22:36:45,769 | INFO | hi-lo.gumbel-kernel : TOP-LEFT
tensor([[9.9784e-01, 1.0816e-03, 7.9190e-11],
        [1.0816e-03, 7.9190e-11, 5.6879e-29],
        [7.9190e-11, 5.6879e-29, 0.0000e+00]])
2023-12-06 22:36:45,769 | INFO | hi-lo.kernel-accessor : Fetching kernel: gumbel
2023-12-06 22:36:45,769 | INFO | hi-lo.gumbel-kernel : MU (LOCATION): -1.5756484270095825 | BETA (SCALE): 1.9406133890151978
2023-12-06 22:36:45,770 | INFO | hi-lo.gumbel-kernel : BOTTOM-LEFT
tensor([[3.6660e-05, 1.5062e-09, 9.6700e-17],
        [1.8808e-02, 3.6660e-05, 1.5062e-09],
        [9.6227e-01, 1.8808e-02, 3.6660e-05]])
2023-12-06 22:36:45,770 | INFO | hi-lo.kernel-accessor : Fetching kernel: gumbel
2023-12-06 22:36:45,771 | INFO | hi-lo.gumbel-kernel : MU (LOCATION): -1.1872975826263428 | BETA (SCALE): 1.3269264698028564
2023-12-06 22:36:45,771 | INFO | hi-lo.gumbel-kernel : BOTTOM-RIGHT
tensor([[0.0000e+00, 4.7867e-24, 1.6137e-10],
        [4.7867e-24, 1.6137e-10, 5.5982e-04],
        [1.6137e-10, 5.5982e-04, 9.9888e-01]])
2023-12-06 22:37:09,875 | INFO | hi-lo : END EPOCH:  14 | ACCURACY: 0.23 | LOSS: 4.224999904632568
2023-12-06 22:37:09,875 | INFO | hi-lo : BEGIN EPOCH 15 =========================================================================
2023-12-06 22:37:09,875 | INFO | hi-lo.kernel-accessor : Fetching kernel: gumbel
2023-12-06 22:37:09,876 | INFO | hi-lo.gumbel-kernel : MU (LOCATION): -0.05966061353683472 | BETA (SCALE): 0.4629858434200287
2023-12-06 22:37:09,876 | INFO | hi-lo.gumbel-kernel : TOP-RIGHT
tensor([[2.8026e-44, 5.6436e-06, 9.9999e-01],
        [0.0000e+00, 2.8026e-44, 5.6436e-06],
        [0.0000e+00, 0.0000e+00, 2.8026e-44]])
2023-12-06 22:37:09,876 | INFO | hi-lo.kernel-accessor : Fetching kernel: gumbel
2023-12-06 22:37:09,876 | INFO | hi-lo.gumbel-kernel : MU (LOCATION): -0.6941359639167786 | BETA (SCALE): 0.9898674488067627
2023-12-06 22:37:09,877 | INFO | hi-lo.gumbel-kernel : TOP-RIGHT
tensor([[3.7357e-13, 3.0057e-04, 9.9940e-01],
        [7.6135e-37, 3.7357e-13, 3.0057e-04],
        [0.0000e+00, 7.6135e-37, 3.7357e-13]])
2023-12-06 22:37:09,877 | INFO | hi-lo.kernel-accessor : Fetching kernel: gumbel
2023-12-06 22:37:09,877 | INFO | hi-lo.gumbel-kernel : MU (LOCATION): -1.2083426713943481 | BETA (SCALE): 1.6038638353347778
2023-12-06 22:37:09,877 | INFO | hi-lo.gumbel-kernel : TOP-LEFT
tensor([[9.7885e-01, 1.0568e-02, 3.8866e-06],
        [1.0568e-02, 3.8866e-06, 2.6133e-12],
        [3.8866e-06, 2.6133e-12, 1.3720e-23]])
2023-12-06 22:37:09,877 | INFO | hi-lo.kernel-accessor : Fetching kernel: gumbel
2023-12-06 22:37:09,877 | INFO | hi-lo.gumbel-kernel : MU (LOCATION): -1.3876535892486572 | BETA (SCALE): 1.4200202226638794
2023-12-06 22:37:09,878 | INFO | hi-lo.gumbel-kernel : BOTTOM-RIGHT
tensor([[0.0000e+00, 6.1928e-24, 8.2307e-11],
        [6.1928e-24, 8.2307e-11, 3.6273e-04],
        [8.2307e-11, 3.6273e-04, 9.9927e-01]])
2023-12-06 22:37:33,977 | INFO | hi-lo : END EPOCH:  15 | ACCURACY: 0.69 | LOSS: 4.251190185546875
2023-12-06 22:37:33,977 | INFO | hi-lo : BEGIN EPOCH 16 =========================================================================
2023-12-06 22:37:33,977 | INFO | hi-lo.kernel-accessor : Fetching kernel: gumbel
2023-12-06 22:37:33,978 | INFO | hi-lo.gumbel-kernel : MU (LOCATION): -0.2659361660480499 | BETA (SCALE): 0.5084465742111206
2023-12-06 22:37:33,978 | INFO | hi-lo.gumbel-kernel : BOTTOM-RIGHT
tensor([[0.0000e+00, 0.0000e+00, 0.0000e+00],
        [0.0000e+00, 0.0000e+00, 3.5172e-09],
        [0.0000e+00, 3.5172e-09, 1.0000e+00]])
2023-12-06 22:37:33,978 | INFO | hi-lo.kernel-accessor : Fetching kernel: gumbel
2023-12-06 22:37:33,979 | INFO | hi-lo.gumbel-kernel : MU (LOCATION): -0.6661696434020996 | BETA (SCALE): 0.9606911540031433
2023-12-06 22:37:33,979 | INFO | hi-lo.gumbel-kernel : TOP-RIGHT
tensor([[7.8576e-14, 2.3108e-04, 9.9954e-01],
        [8.1365e-40, 7.8576e-14, 2.3108e-04],
        [0.0000e+00, 8.1365e-40, 7.8576e-14]])
2023-12-06 22:37:33,979 | INFO | hi-lo.kernel-accessor : Fetching kernel: gumbel
2023-12-06 22:37:33,979 | INFO | hi-lo.gumbel-kernel : MU (LOCATION): -1.267103672027588 | BETA (SCALE): 1.807794213294983
2023-12-06 22:37:33,980 | INFO | hi-lo.gumbel-kernel : TOP-LEFT
tensor([[9.4566e-01, 2.7045e-02, 8.4252e-05],
        [2.7045e-02, 8.4252e-05, 5.5574e-09],
        [8.4252e-05, 5.5574e-09, 4.4997e-16]])
2023-12-06 22:37:33,980 | INFO | hi-lo.kernel-accessor : Fetching kernel: gumbel
2023-12-06 22:37:33,980 | INFO | hi-lo.gumbel-kernel : MU (LOCATION): -1.206075668334961 | BETA (SCALE): 1.2486740350723267
2023-12-06 22:37:33,981 | INFO | hi-lo.gumbel-kernel : TOP-RIGHT
tensor([[2.6936e-13, 9.3980e-05, 9.9981e-01],
        [6.7445e-32, 2.6936e-13, 9.3980e-05],
        [0.0000e+00, 6.7445e-32, 2.6936e-13]])
2023-12-06 22:37:58,008 | INFO | hi-lo : END EPOCH:  16 | ACCURACY: 1.56 | LOSS: 4.3207316398620605
2023-12-06 22:37:58,008 | INFO | hi-lo : BEGIN EPOCH 17 =========================================================================
2023-12-06 22:37:58,008 | INFO | hi-lo.kernel-accessor : Fetching kernel: gumbel
2023-12-06 22:37:58,009 | INFO | hi-lo.gumbel-kernel : MU (LOCATION): -0.0763341411948204 | BETA (SCALE): 0.5029976963996887
2023-12-06 22:37:58,010 | INFO | hi-lo.gumbel-kernel : BOTTOM-LEFT
tensor([[3.1471e-33, 0.0000e+00, 0.0000e+00],
        [2.6877e-05, 3.1472e-33, 0.0000e+00],
        [9.9995e-01, 2.6877e-05, 3.1471e-33]])
2023-12-06 22:37:58,010 | INFO | hi-lo.kernel-accessor : Fetching kernel: gumbel
2023-12-06 22:37:58,010 | INFO | hi-lo.gumbel-kernel : MU (LOCATION): -0.643409252166748 | BETA (SCALE): 0.9713973999023438
2023-12-06 22:37:58,011 | INFO | hi-lo.gumbel-kernel : TOP-RIGHT
tensor([[8.6567e-13, 4.1040e-04, 9.9918e-01],
        [2.8428e-36, 8.6567e-13, 4.1040e-04],
        [0.0000e+00, 2.8428e-36, 8.6567e-13]])
2023-12-06 22:37:58,011 | INFO | hi-lo.kernel-accessor : Fetching kernel: gumbel
2023-12-06 22:37:58,011 | INFO | hi-lo.gumbel-kernel : MU (LOCATION): -1.0980727672576904 | BETA (SCALE): 1.6159043312072754
2023-12-06 22:37:58,012 | INFO | hi-lo.gumbel-kernel : BOTTOM-LEFT
tensor([[2.0334e-05, 1.1111e-10, 3.1965e-20],
        [1.8468e-02, 2.0334e-05, 1.1111e-10],
        [9.6300e-01, 1.8468e-02, 2.0334e-05]])
2023-12-06 22:37:58,012 | INFO | hi-lo.kernel-accessor : Fetching kernel: gumbel
2023-12-06 22:37:58,012 | INFO | hi-lo.gumbel-kernel : MU (LOCATION): -1.4606801271438599 | BETA (SCALE): 1.386898398399353
2023-12-06 22:37:58,013 | INFO | hi-lo.gumbel-kernel : TOP-LEFT
tensor([[9.9984e-01, 8.2344e-05, 7.0290e-13],
        [8.2344e-05, 7.0290e-13, 3.8365e-29],
        [7.0290e-13, 3.8365e-29, 0.0000e+00]])
2023-12-06 22:38:22,087 | INFO | hi-lo : END EPOCH:  17 | ACCURACY: 1.56 | LOSS: 4.290131092071533
2023-12-06 22:38:22,087 | INFO | hi-lo : BEGIN EPOCH 18 =========================================================================
2023-12-06 22:38:22,087 | INFO | hi-lo.kernel-accessor : Fetching kernel: gumbel
2023-12-06 22:38:22,088 | INFO | hi-lo.gumbel-kernel : MU (LOCATION): -0.08478635549545288 | BETA (SCALE): 0.5281808376312256
2023-12-06 22:38:22,089 | INFO | hi-lo.gumbel-kernel : BOTTOM-RIGHT
tensor([[0.0000e+00, 0.0000e+00, 3.5312e-28],
        [0.0000e+00, 3.5312e-28, 6.3136e-05],
        [3.5312e-28, 6.3136e-05, 9.9987e-01]])
2023-12-06 22:38:22,089 | INFO | hi-lo.kernel-accessor : Fetching kernel: gumbel
2023-12-06 22:38:22,090 | INFO | hi-lo.gumbel-kernel : MU (LOCATION): -0.6703457832336426 | BETA (SCALE): 1.0411088466644287
2023-12-06 22:38:22,090 | INFO | hi-lo.gumbel-kernel : BOTTOM-RIGHT
tensor([[0.0000e+00, 1.7217e-28, 9.7855e-11],
        [1.7217e-28, 9.7855e-11, 1.1033e-03],
        [9.7855e-11, 1.1033e-03, 9.9779e-01]])
2023-12-06 22:38:22,090 | INFO | hi-lo.kernel-accessor : Fetching kernel: gumbel
2023-12-06 22:38:22,091 | INFO | hi-lo.gumbel-kernel : MU (LOCATION): -1.2381188869476318 | BETA (SCALE): 1.7230422496795654
2023-12-06 22:38:22,091 | INFO | hi-lo.gumbel-kernel : BOTTOM-LEFT
tensor([[2.9612e-05, 4.2581e-10, 1.4992e-18],
        [1.9617e-02, 2.9612e-05, 4.2581e-10],
        [9.6068e-01, 1.9617e-02, 2.9612e-05]])
2023-12-06 22:38:22,091 | INFO | hi-lo.kernel-accessor : Fetching kernel: gumbel
2023-12-06 22:38:22,092 | INFO | hi-lo.gumbel-kernel : MU (LOCATION): -1.1021171808242798 | BETA (SCALE): 1.1906187534332275
2023-12-06 22:38:22,092 | INFO | hi-lo.gumbel-kernel : BOTTOM-LEFT
tensor([[1.5829e-13, 2.0307e-33, 0.0000e+00],
        [9.8875e-05, 1.5829e-13, 2.0307e-33],
        [9.9980e-01, 9.8875e-05, 1.5829e-13]])
2023-12-06 22:38:46,248 | INFO | hi-lo : END EPOCH:  18 | ACCURACY: 0.35 | LOSS: 4.227972030639648
2023-12-06 22:38:46,248 | INFO | hi-lo : BEGIN EPOCH 19 =========================================================================
2023-12-06 22:38:46,249 | INFO | hi-lo.kernel-accessor : Fetching kernel: gumbel
2023-12-06 22:38:46,249 | INFO | hi-lo.gumbel-kernel : MU (LOCATION): -0.1608942449092865 | BETA (SCALE): 0.505600094795227
2023-12-06 22:38:46,250 | INFO | hi-lo.gumbel-kernel : TOP-LEFT
tensor([[1.0000e+00, 1.0723e-06, 1.8217e-44],
        [1.0723e-06, 1.8217e-44, 0.0000e+00],
        [1.8217e-44, 0.0000e+00, 0.0000e+00]])
2023-12-06 22:38:46,250 | INFO | hi-lo.kernel-accessor : Fetching kernel: gumbel
2023-12-06 22:38:46,251 | INFO | hi-lo.gumbel-kernel : MU (LOCATION): -0.6897523403167725 | BETA (SCALE): 0.9949041604995728
2023-12-06 22:38:46,251 | INFO | hi-lo.gumbel-kernel : BOTTOM-RIGHT
tensor([[0.0000e+00, 9.6733e-36, 7.8065e-13],
        [9.6733e-36, 7.8065e-13, 3.5738e-04],
        [7.8065e-13, 3.5738e-04, 9.9929e-01]])
2023-12-06 22:38:46,251 | INFO | hi-lo.kernel-accessor : Fetching kernel: gumbel
2023-12-06 22:38:46,252 | INFO | hi-lo.gumbel-kernel : MU (LOCATION): -1.1814055442810059 | BETA (SCALE): 1.6941478252410889
2023-12-06 22:38:46,252 | INFO | hi-lo.gumbel-kernel : BOTTOM-RIGHT
tensor([[1.3636e-18, 4.6926e-10, 3.2853e-05],
        [4.6926e-10, 3.2853e-05, 2.0699e-02],
        [3.2853e-05, 2.0699e-02, 9.5850e-01]])
2023-12-06 22:38:46,252 | INFO | hi-lo.kernel-accessor : Fetching kernel: gumbel
2023-12-06 22:38:46,253 | INFO | hi-lo.gumbel-kernel : MU (LOCATION): -1.1025595664978027 | BETA (SCALE): 1.1902159452438354
2023-12-06 22:38:46,253 | INFO | hi-lo.gumbel-kernel : BOTTOM-LEFT
tensor([[1.4935e-13, 1.7163e-33, 0.0000e+00],
        [9.7308e-05, 1.4935e-13, 1.7163e-33],
        [9.9981e-01, 9.7308e-05, 1.4935e-13]])
2023-12-06 22:39:10,375 | INFO | hi-lo : END EPOCH:  19 | ACCURACY: 0.05 | LOSS: 4.544541835784912
2023-12-06 22:39:10,375 | INFO | hi-lo : BEGIN EPOCH 20 =========================================================================
2023-12-06 22:39:10,376 | INFO | hi-lo.kernel-accessor : Fetching kernel: gumbel
2023-12-06 22:39:10,376 | INFO | hi-lo.gumbel-kernel : MU (LOCATION): -0.02950429916381836 | BETA (SCALE): 0.5091000199317932
2023-12-06 22:39:10,377 | INFO | hi-lo.gumbel-kernel : BOTTOM-RIGHT
tensor([[0.0000e+00, 0.0000e+00, 9.8401e-27],
        [0.0000e+00, 9.8401e-27, 1.4376e-04],
        [9.8401e-27, 1.4376e-04, 9.9971e-01]])
2023-12-06 22:39:10,377 | INFO | hi-lo.kernel-accessor : Fetching kernel: gumbel
2023-12-06 22:39:10,377 | INFO | hi-lo.gumbel-kernel : MU (LOCATION): -0.6787912249565125 | BETA (SCALE): 0.9245738387107849
2023-12-06 22:39:10,378 | INFO | hi-lo.gumbel-kernel : TOP-LEFT
tensor([[9.9986e-01, 7.1507e-05, 3.4936e-16],
        [7.1507e-05, 3.4936e-16, 0.0000e+00],
        [3.4936e-16, 0.0000e+00, 0.0000e+00]])
2023-12-06 22:39:10,378 | INFO | hi-lo.kernel-accessor : Fetching kernel: gumbel
2023-12-06 22:39:10,379 | INFO | hi-lo.gumbel-kernel : MU (LOCATION): -0.9453147649765015 | BETA (SCALE): 1.5414187908172607
2023-12-06 22:39:10,379 | INFO | hi-lo.gumbel-kernel : BOTTOM-RIGHT
tensor([[3.1426e-20, 1.7666e-10, 3.0049e-05],
        [1.7666e-10, 3.0049e-05, 2.2201e-02],
        [3.0049e-05, 2.2201e-02, 9.5551e-01]])
2023-12-06 22:39:10,379 | INFO | hi-lo.kernel-accessor : Fetching kernel: gumbel
2023-12-06 22:39:10,380 | INFO | hi-lo.gumbel-kernel : MU (LOCATION): -1.4223787784576416 | BETA (SCALE): 1.5281177759170532
2023-12-06 22:39:10,380 | INFO | hi-lo.gumbel-kernel : BOTTOM-RIGHT
tensor([[2.3270e-37, 1.0949e-18, 7.6036e-09],
        [1.0949e-18, 7.6036e-09, 1.3575e-03],
        [7.6036e-09, 1.3575e-03, 9.9729e-01]])
2023-12-06 22:39:34,488 | INFO | hi-lo : END EPOCH:  20 | ACCURACY: 0 | LOSS: 4.328573703765869
2023-12-06 22:39:34,488 | INFO | hi-lo : BEGIN EPOCH 21 =========================================================================
2023-12-06 22:39:34,488 | INFO | hi-lo.kernel-accessor : Fetching kernel: gumbel
2023-12-06 22:39:34,489 | INFO | hi-lo.gumbel-kernel : MU (LOCATION): -0.179915189743042 | BETA (SCALE): 0.47780072689056396
2023-12-06 22:39:34,489 | INFO | hi-lo.gumbel-kernel : BOTTOM-LEFT
tensor([[0.0000e+00, 0.0000e+00, 0.0000e+00],
        [3.4288e-08, 0.0000e+00, 0.0000e+00],
