2024-03-08 08:33:14,761 | INFO | hilo : 
+==============================================================+
|                                                              |
| ██████╗  █████╗ ██████╗ ██╗         ██╗      █████╗ ██████╗  |
| ██╔══██╗██╔══██╗██╔══██╗██║         ██║     ██╔══██╗██╔══██╗ |
| ██║  ██║███████║██║  ██║██║         ██║     ███████║██████╔╝ |
| ██║  ██║██╔══██║██║  ██║██║         ██║     ██╔══██║██╔══██╗ |
| ██████╔╝██║  ██║██████╔╝███████╗    ███████╗██║  ██║██████╔╝ |
| ╚═════╝ ╚═╝  ╚═╝╚═════╝ ╚══════╝    ╚══════╝╚═╝  ╚═╝╚═════╝  |
+==============================================================+
|             Hi-Lo Resolution Image Classification            |
|             -------------------------------------            |
|                       Gabriel C. Trahan                      |
|                          Sahan Ahmad                         |
|                       MD  Aminual Islam                      |
+==============================================================+
2024-03-08 08:33:16,329 | INFO | hilo.dataset-accessor : Fetching dataset: cifar10
2024-03-08 08:33:16,329 | INFO | hilo.cifar10-dataset : Initializing transform
2024-03-08 08:33:16,329 | INFO | hilo.cifar10-dataset : Verifying/downloading train data
2024-03-08 08:33:16,931 | INFO | hilo.cifar10-dataset : Verifying/downloading test data
2024-03-08 08:33:17,407 | INFO | hilo.cifar10-dataset : Creating train data loader.
2024-03-08 08:33:17,407 | INFO | hilo.cifar10-dataset : Creating test data loader.
2024-03-08 08:33:17,516 | INFO | hilo : Output directory: output/resnet/cifar10/laplace/11/20240308_083316/
2024-03-08 08:33:18,535 | INFO | hilo : Using device: NVIDIA GeForce GTX 1060 6GB
2024-03-08 08:33:18,535 | INFO | hilo : Exeucting job: MODEL resnet | DATASET cifar10 | KERNEL laplace | TYPE 11
2024-03-08 08:33:18,535 | INFO | hilo : Commencing training phase...
2024-03-08 08:33:18,535 | INFO | hilo.kernel-accessor : Fetching kernel: laplace
2024-03-08 08:33:18,536 | INFO | hilo.laplace-kernel : Calculating Laplace distribution (location: 0.0, scale 1.0)
2024-03-08 08:33:18,537 | INFO | hilo.laplace-kernel : TOP-LEFT:
tensor([[0.4425, 0.1628, 0.0599],
        [0.1628, 0.0599, 0.0220],
        [0.0599, 0.0220, 0.0081]])
2024-03-08 08:33:18,537 | INFO | hilo.kernel-accessor : Fetching kernel: laplace
2024-03-08 08:33:18,537 | INFO | hilo.laplace-kernel : Calculating Laplace distribution (location: 0.0, scale 1.0)
2024-03-08 08:33:18,537 | INFO | hilo.laplace-kernel : STATIC:
tensor([[0.4425, 0.1628, 0.0599],
        [0.1628, 0.0599, 0.0220],
        [0.0599, 0.0220, 0.0081]])
2024-03-08 08:33:18,537 | INFO | hilo.kernel-accessor : Fetching kernel: laplace
2024-03-08 08:33:18,537 | INFO | hilo.laplace-kernel : Calculating Laplace distribution (location: 0.0, scale 1.0)
2024-03-08 08:33:18,538 | INFO | hilo.laplace-kernel : TOP-RIGHT:
tensor([[0.0599, 0.1628, 0.4425],
        [0.0220, 0.0599, 0.1628],
        [0.0081, 0.0220, 0.0599]])
2024-03-08 08:33:18,538 | INFO | hilo.kernel-accessor : Fetching kernel: laplace
2024-03-08 08:33:18,538 | INFO | hilo.laplace-kernel : Calculating Laplace distribution (location: 0.0, scale 1.0)
2024-03-08 08:33:18,538 | INFO | hilo.laplace-kernel : TOP-RIGHT:
tensor([[0.0599, 0.1628, 0.4425],
        [0.0220, 0.0599, 0.1628],
        [0.0081, 0.0220, 0.0599]])
2024-03-08 08:33:18,538 | INFO | hilo.kernel-accessor : Fetching kernel: laplace
2024-03-08 08:33:18,539 | INFO | hilo.laplace-kernel : Calculating Laplace distribution (location: 0.0, scale 1.0)
2024-03-08 08:33:18,539 | INFO | hilo.laplace-kernel : STATIC:
tensor([[0.4425, 0.1628, 0.0599],
        [0.1628, 0.0599, 0.0220],
        [0.0599, 0.0220, 0.0081]])
2024-03-08 08:33:18,539 | INFO | hilo.kernel-accessor : Fetching kernel: laplace
2024-03-08 08:33:18,539 | INFO | hilo.laplace-kernel : Calculating Laplace distribution (location: 0.0, scale 1.0)
2024-03-08 08:33:18,539 | INFO | hilo.laplace-kernel : STATIC:
tensor([[0.4425, 0.1628, 0.0599],
        [0.1628, 0.0599, 0.0220],
        [0.0599, 0.0220, 0.0081]])
2024-03-08 08:33:18,539 | INFO | hilo.kernel-accessor : Fetching kernel: laplace
2024-03-08 08:33:18,540 | INFO | hilo.laplace-kernel : Calculating Laplace distribution (location: 0.0, scale 1.0)
2024-03-08 08:33:18,540 | INFO | hilo.laplace-kernel : STATIC:
tensor([[0.4425, 0.1628, 0.0599],
        [0.1628, 0.0599, 0.0220],
        [0.0599, 0.0220, 0.0081]])
2024-03-08 08:33:18,540 | INFO | hilo.kernel-accessor : Fetching kernel: laplace
2024-03-08 08:33:18,540 | INFO | hilo.laplace-kernel : Calculating Laplace distribution (location: 0.0, scale 1.0)
2024-03-08 08:33:18,540 | INFO | hilo.laplace-kernel : TOP-RIGHT:
tensor([[0.0599, 0.1628, 0.4425],
        [0.0220, 0.0599, 0.1628],
        [0.0081, 0.0220, 0.0599]])
2024-03-08 08:33:18,540 | INFO | hilo.kernel-accessor : Fetching kernel: laplace
2024-03-08 08:33:18,541 | INFO | hilo.laplace-kernel : Calculating Laplace distribution (location: 0.0, scale 1.0)
2024-03-08 08:33:18,541 | INFO | hilo.laplace-kernel : STATIC:
tensor([[0.4425, 0.1628, 0.0599],
        [0.1628, 0.0599, 0.0220],
        [0.0599, 0.0220, 0.0081]])
2024-03-08 08:33:18,541 | INFO | hilo.kernel-accessor : Fetching kernel: laplace
2024-03-08 08:33:18,541 | INFO | hilo.laplace-kernel : Calculating Laplace distribution (location: 0.0, scale 1.0)
2024-03-08 08:33:18,541 | INFO | hilo.laplace-kernel : STATIC:
tensor([[0.4425, 0.1628, 0.0599],
        [0.1628, 0.0599, 0.0220],
        [0.0599, 0.0220, 0.0081]])
2024-03-08 08:33:18,541 | INFO | hilo.kernel-accessor : Fetching kernel: laplace
2024-03-08 08:33:18,542 | INFO | hilo.laplace-kernel : Calculating Laplace distribution (location: 0.0, scale 1.0)
2024-03-08 08:33:18,542 | INFO | hilo.laplace-kernel : STATIC:
tensor([[0.4425, 0.1628, 0.0599],
        [0.1628, 0.0599, 0.0220],
        [0.0599, 0.0220, 0.0081]])
2024-03-08 08:33:18,542 | INFO | hilo.kernel-accessor : Fetching kernel: laplace
2024-03-08 08:33:18,542 | INFO | hilo.laplace-kernel : Calculating Laplace distribution (location: 0.0, scale 1.0)
2024-03-08 08:33:18,542 | INFO | hilo.laplace-kernel : TOP-RIGHT:
tensor([[0.0599, 0.1628, 0.4425],
        [0.0220, 0.0599, 0.1628],
        [0.0081, 0.0220, 0.0599]])
2024-03-08 08:33:18,542 | INFO | hilo.kernel-accessor : Fetching kernel: laplace
2024-03-08 08:33:18,542 | INFO | hilo.laplace-kernel : Calculating Laplace distribution (location: 0.0, scale 1.0)
2024-03-08 08:33:18,543 | INFO | hilo.laplace-kernel : TOP-RIGHT:
tensor([[0.0599, 0.1628, 0.4425],
        [0.0220, 0.0599, 0.1628],
        [0.0081, 0.0220, 0.0599]])
2024-03-08 08:33:18,543 | INFO | hilo.kernel-accessor : Fetching kernel: laplace
2024-03-08 08:33:18,543 | INFO | hilo.laplace-kernel : Calculating Laplace distribution (location: 0.0, scale 1.0)
2024-03-08 08:33:18,543 | INFO | hilo.laplace-kernel : TOP-LEFT:
tensor([[0.4425, 0.1628, 0.0599],
        [0.1628, 0.0599, 0.0220],
        [0.0599, 0.0220, 0.0081]])
2024-03-08 08:33:18,543 | INFO | hilo.kernel-accessor : Fetching kernel: laplace
2024-03-08 08:33:18,544 | INFO | hilo.laplace-kernel : Calculating Laplace distribution (location: 0.0, scale 1.0)
2024-03-08 08:33:18,544 | INFO | hilo.laplace-kernel : TOP-RIGHT:
tensor([[0.0599, 0.1628, 0.4425],
        [0.0220, 0.0599, 0.1628],
        [0.0081, 0.0220, 0.0599]])
2024-03-08 08:33:18,544 | INFO | hilo.kernel-accessor : Fetching kernel: laplace
2024-03-08 08:33:18,544 | INFO | hilo.laplace-kernel : Calculating Laplace distribution (location: 0.0, scale 1.0)
2024-03-08 08:33:18,544 | INFO | hilo.laplace-kernel : STATIC:
tensor([[0.4425, 0.1628, 0.0599],
        [0.1628, 0.0599, 0.0220],
        [0.0599, 0.0220, 0.0081]])
2024-03-08 08:33:18,544 | INFO | hilo.kernel-accessor : Fetching kernel: laplace
2024-03-08 08:33:18,545 | INFO | hilo.laplace-kernel : Calculating Laplace distribution (location: 0.0, scale 1.0)
2024-03-08 08:33:18,545 | INFO | hilo.laplace-kernel : STATIC:
tensor([[0.4425, 0.1628, 0.0599],
        [0.1628, 0.0599, 0.0220],
        [0.0599, 0.0220, 0.0081]])
2024-03-08 08:34:40,102 | INFO | hilo : Epoch   1/200 | Accuracy:  39.0625 | Loss:   1.7121
2024-03-08 08:34:40,102 | INFO | hilo.kernel-accessor : Fetching kernel: laplace
2024-03-08 08:34:40,103 | INFO | hilo.laplace-kernel : Calculating Laplace distribution (location: -0.02921617403626442, scale 0.7055382132530212)
2024-03-08 08:34:40,103 | INFO | hilo.laplace-kernel : TOP-LEFT:
tensor([[0.5907, 0.1432, 0.0347],
        [0.1432, 0.0347, 0.0084],
        [0.0347, 0.0084, 0.0020]])
2024-03-08 08:34:40,103 | INFO | hilo.kernel-accessor : Fetching kernel: laplace
2024-03-08 08:34:40,104 | INFO | hilo.laplace-kernel : Calculating Laplace distribution (location: -0.32564958930015564, scale 2.0703742504119873)
2024-03-08 08:34:40,104 | INFO | hilo.laplace-kernel : TOP-LEFT:
tensor([[0.2506, 0.1546, 0.0954],
        [0.1546, 0.0954, 0.0588],
        [0.0954, 0.0588, 0.0363]])
2024-03-08 08:34:40,104 | INFO | hilo.kernel-accessor : Fetching kernel: laplace
2024-03-08 08:34:40,104 | INFO | hilo.laplace-kernel : Calculating Laplace distribution (location: -0.3314572870731354, scale 1.688342809677124)
2024-03-08 08:34:40,104 | INFO | hilo.laplace-kernel : TOP-RIGHT:
tensor([[0.0885, 0.1600, 0.2894],
        [0.0490, 0.0885, 0.1600],
        [0.0271, 0.0490, 0.0885]])
2024-03-08 08:34:40,104 | INFO | hilo.kernel-accessor : Fetching kernel: laplace
2024-03-08 08:34:40,105 | INFO | hilo.laplace-kernel : Calculating Laplace distribution (location: -0.30910539627075195, scale 1.6731789112091064)
2024-03-08 08:34:40,105 | INFO | hilo.laplace-kernel : STATIC:
tensor([[0.2913, 0.1603, 0.0882],
        [0.1603, 0.0882, 0.0485],
        [0.0882, 0.0485, 0.0267]])
2024-03-08 08:34:40,105 | INFO | hilo.kernel-accessor : Fetching kernel: laplace
2024-03-08 08:34:40,105 | INFO | hilo.laplace-kernel : Calculating Laplace distribution (location: -0.36762112379074097, scale 1.7441754341125488)
2024-03-08 08:34:40,105 | INFO | hilo.laplace-kernel : TOP-RIGHT:
tensor([[0.0898, 0.1592, 0.2825],
        [0.0506, 0.0898, 0.1592],
        [0.0285, 0.0506, 0.0898]])
2024-03-08 08:34:40,105 | INFO | hilo.kernel-accessor : Fetching kernel: laplace
2024-03-08 08:34:40,106 | INFO | hilo.laplace-kernel : Calculating Laplace distribution (location: -0.1942327916622162, scale 1.321541428565979)
2024-03-08 08:34:40,106 | INFO | hilo.laplace-kernel : STATIC:
tensor([[0.3504, 0.1644, 0.0771],
        [0.1644, 0.0771, 0.0362],
        [0.0771, 0.0362, 0.0170]])
2024-03-08 08:34:40,106 | INFO | hilo.kernel-accessor : Fetching kernel: laplace
2024-03-08 08:34:40,106 | INFO | hilo.laplace-kernel : Calculating Laplace distribution (location: -0.14856839179992676, scale 1.4870471954345703)
2024-03-08 08:34:40,106 | INFO | hilo.laplace-kernel : STATIC:
tensor([[0.3188, 0.1627, 0.0831],
        [0.1627, 0.0831, 0.0424],
        [0.0831, 0.0424, 0.0216]])
2024-03-08 08:34:40,107 | INFO | hilo.kernel-accessor : Fetching kernel: laplace
2024-03-08 08:34:40,107 | INFO | hilo.laplace-kernel : Calculating Laplace distribution (location: -0.12392134219408035, scale 1.3781304359436035)
2024-03-08 08:34:40,107 | INFO | hilo.laplace-kernel : TOP-LEFT:
tensor([[0.3387, 0.1639, 0.0793],
        [0.1639, 0.0793, 0.0384],
        [0.0793, 0.0384, 0.0186]])
2024-03-08 08:34:40,107 | INFO | hilo.kernel-accessor : Fetching kernel: laplace
2024-03-08 08:34:40,107 | INFO | hilo.laplace-kernel : Calculating Laplace distribution (location: -0.13588657975196838, scale 1.3776572942733765)
2024-03-08 08:34:40,108 | INFO | hilo.laplace-kernel : TOP-RIGHT:
tensor([[0.0793, 0.1639, 0.3388],
        [0.0384, 0.0793, 0.1639],
        [0.0186, 0.0384, 0.0793]])
2024-03-08 08:34:40,108 | INFO | hilo.kernel-accessor : Fetching kernel: laplace
2024-03-08 08:34:40,108 | INFO | hilo.laplace-kernel : Calculating Laplace distribution (location: -0.029678000137209892, scale 0.9702017307281494)
2024-03-08 08:34:40,108 | INFO | hilo.laplace-kernel : TOP-RIGHT:
tensor([[0.0578, 0.1620, 0.4541],
        [0.0206, 0.0578, 0.1620],
        [0.0074, 0.0206, 0.0578]])
2024-03-08 08:34:40,108 | INFO | hilo.kernel-accessor : Fetching kernel: laplace
2024-03-08 08:34:40,108 | INFO | hilo.laplace-kernel : Calculating Laplace distribution (location: -0.054919853806495667, scale 1.1044248342514038)
2024-03-08 08:34:40,109 | INFO | hilo.laplace-kernel : TOP-LEFT:
tensor([[0.4068, 0.1645, 0.0665],
        [0.1645, 0.0665, 0.0269],
        [0.0665, 0.0269, 0.0109]])
2024-03-08 08:34:40,109 | INFO | hilo.kernel-accessor : Fetching kernel: laplace
2024-03-08 08:34:40,109 | INFO | hilo.laplace-kernel : Calculating Laplace distribution (location: -0.09109106659889221, scale 1.029831886291504)
2024-03-08 08:34:40,109 | INFO | hilo.laplace-kernel : STATIC:
tensor([[0.4316, 0.1635, 0.0619],
        [0.1635, 0.0619, 0.0234],
        [0.0619, 0.0234, 0.0089]])
2024-03-08 08:34:40,109 | INFO | hilo.kernel-accessor : Fetching kernel: laplace
2024-03-08 08:34:40,109 | INFO | hilo.laplace-kernel : Calculating Laplace distribution (location: -0.054183728992938995, scale 0.9458284378051758)
2024-03-08 08:34:40,110 | INFO | hilo.laplace-kernel : TOP-RIGHT:
tensor([[0.0560, 0.1612, 0.4640],
        [0.0195, 0.0560, 0.1612],
        [0.0068, 0.0195, 0.0560]])
2024-03-08 08:34:40,110 | INFO | hilo.kernel-accessor : Fetching kernel: laplace
2024-03-08 08:34:40,110 | INFO | hilo.laplace-kernel : Calculating Laplace distribution (location: -0.010976330377161503, scale 0.6912102103233337)
2024-03-08 08:34:40,110 | INFO | hilo.laplace-kernel : TOP-LEFT:
tensor([[0.6003, 0.1413, 0.0332],
        [0.1413, 0.0332, 0.0078],
        [0.0332, 0.0078, 0.0018]])
2024-03-08 08:34:40,110 | INFO | hilo.kernel-accessor : Fetching kernel: laplace
2024-03-08 08:34:40,110 | INFO | hilo.laplace-kernel : Calculating Laplace distribution (location: -0.028928078711032867, scale 0.7741122245788574)
2024-03-08 08:34:40,111 | INFO | hilo.laplace-kernel : STATIC:
tensor([[0.5485, 0.1507, 0.0414],
        [0.1507, 0.0414, 0.0114],
        [0.0414, 0.0114, 0.0031]])
2024-03-08 08:34:40,111 | INFO | hilo.kernel-accessor : Fetching kernel: laplace
2024-03-08 08:34:40,111 | INFO | hilo.laplace-kernel : Calculating Laplace distribution (location: -0.1245848685503006, scale 0.7200701832771301)
2024-03-08 08:34:40,111 | INFO | hilo.laplace-kernel : TOP-RIGHT:
tensor([[0.0362, 0.1450, 0.5813],
        [0.0090, 0.0362, 0.1450],
        [0.0022, 0.0090, 0.0362]])
2024-03-08 08:34:40,111 | INFO | hilo.kernel-accessor : Fetching kernel: laplace
2024-03-08 08:34:40,111 | INFO | hilo.laplace-kernel : Calculating Laplace distribution (location: 0.062306880950927734, scale 0.5136574506759644)
2024-03-08 08:34:40,112 | INFO | hilo.laplace-kernel : TOP-LEFT:
tensor([[6.8982e-01, 1.2549e-01, 1.7910e-02],
        [1.2549e-01, 1.7910e-02, 2.5563e-03],
        [1.7910e-02, 2.5563e-03, 3.6485e-04]])
2024-03-08 08:36:00,910 | INFO | hilo : Epoch   2/200 | Accuracy:  41.1458 | Loss:   1.7187
2024-03-08 08:36:00,910 | INFO | hilo.kernel-accessor : Fetching kernel: laplace
2024-03-08 08:36:00,911 | INFO | hilo.laplace-kernel : Calculating Laplace distribution (location: -0.012183607555925846, scale 0.6211424469947815)
2024-03-08 08:36:00,911 | INFO | hilo.laplace-kernel : STATIC:
tensor([[0.6505, 0.1300, 0.0260],
        [0.1300, 0.0260, 0.0052],
        [0.0260, 0.0052, 0.0010]])
2024-03-08 08:36:00,911 | INFO | hilo.kernel-accessor : Fetching kernel: laplace
2024-03-08 08:36:00,912 | INFO | hilo.laplace-kernel : Calculating Laplace distribution (location: -0.38276010751724243, scale 1.4701306819915771)
2024-03-08 08:36:00,912 | INFO | hilo.laplace-kernel : TOP-LEFT:
tensor([[0.3217, 0.1629, 0.0825],
        [0.1629, 0.0825, 0.0418],
        [0.0825, 0.0418, 0.0212]])
2024-03-08 08:36:00,912 | INFO | hilo.kernel-accessor : Fetching kernel: laplace
2024-03-08 08:36:00,912 | INFO | hilo.laplace-kernel : Calculating Laplace distribution (location: -0.29135480523109436, scale 1.1724648475646973)
2024-03-08 08:36:00,912 | INFO | hilo.laplace-kernel : TOP-RIGHT:
tensor([[0.0703, 0.1649, 0.3868],
        [0.0299, 0.0703, 0.1649],
        [0.0128, 0.0299, 0.0703]])
2024-03-08 08:36:00,913 | INFO | hilo.kernel-accessor : Fetching kernel: laplace
2024-03-08 08:36:00,913 | INFO | hilo.laplace-kernel : Calculating Laplace distribution (location: -0.3108676075935364, scale 1.0742930173873901)
2024-03-08 08:36:00,913 | INFO | hilo.laplace-kernel : STATIC:
tensor([[0.4164, 0.1642, 0.0647],
        [0.1642, 0.0647, 0.0255],
        [0.0647, 0.0255, 0.0101]])
2024-03-08 08:36:00,913 | INFO | hilo.kernel-accessor : Fetching kernel: laplace
2024-03-08 08:36:00,913 | INFO | hilo.laplace-kernel : Calculating Laplace distribution (location: -0.4253990054130554, scale 1.0642417669296265)
2024-03-08 08:36:00,913 | INFO | hilo.laplace-kernel : TOP-LEFT:
tensor([[0.4198, 0.1640, 0.0641],
        [0.1640, 0.0641, 0.0250],
        [0.0641, 0.0250, 0.0098]])
2024-03-08 08:36:00,914 | INFO | hilo.kernel-accessor : Fetching kernel: laplace
2024-03-08 08:36:00,914 | INFO | hilo.laplace-kernel : Calculating Laplace distribution (location: -0.13823202252388, scale 0.9238693714141846)
2024-03-08 08:36:00,914 | INFO | hilo.laplace-kernel : STATIC:
tensor([[0.4733, 0.1603, 0.0543],
        [0.1603, 0.0543, 0.0184],
        [0.0543, 0.0184, 0.0062]])
2024-03-08 08:36:00,914 | INFO | hilo.kernel-accessor : Fetching kernel: laplace
2024-03-08 08:36:00,914 | INFO | hilo.laplace-kernel : Calculating Laplace distribution (location: -0.09587350487709045, scale 1.0403716564178467)
2024-03-08 08:36:00,914 | INFO | hilo.laplace-kernel : TOP-LEFT:
tensor([[0.4279, 0.1637, 0.0626],
        [0.1637, 0.0626, 0.0239],
        [0.0626, 0.0239, 0.0092]])
2024-03-08 08:36:00,915 | INFO | hilo.kernel-accessor : Fetching kernel: laplace
2024-03-08 08:36:00,915 | INFO | hilo.laplace-kernel : Calculating Laplace distribution (location: -0.10478799045085907, scale 1.0237418413162231)
2024-03-08 08:36:00,915 | INFO | hilo.laplace-kernel : TOP-LEFT:
tensor([[0.4338, 0.1633, 0.0615],
        [0.1633, 0.0615, 0.0232],
        [0.0615, 0.0232, 0.0087]])
2024-03-08 08:36:00,915 | INFO | hilo.kernel-accessor : Fetching kernel: laplace
2024-03-08 08:36:00,915 | INFO | hilo.laplace-kernel : Calculating Laplace distribution (location: -0.12313925474882126, scale 1.0985424518585205)
2024-03-08 08:36:00,915 | INFO | hilo.laplace-kernel : STATIC:
tensor([[0.4086, 0.1644, 0.0662],
        [0.1644, 0.0662, 0.0266],
        [0.0662, 0.0266, 0.0107]])
2024-03-08 08:36:00,916 | INFO | hilo.kernel-accessor : Fetching kernel: laplace
2024-03-08 08:36:00,916 | INFO | hilo.laplace-kernel : Calculating Laplace distribution (location: -0.007550414651632309, scale 0.8250835537910461)
2024-03-08 08:36:00,916 | INFO | hilo.laplace-kernel : STATIC:
tensor([[0.5204, 0.1549, 0.0461],
        [0.1549, 0.0461, 0.0137],
        [0.0461, 0.0137, 0.0041]])
2024-03-08 08:36:00,916 | INFO | hilo.kernel-accessor : Fetching kernel: laplace
2024-03-08 08:36:00,916 | INFO | hilo.laplace-kernel : Calculating Laplace distribution (location: -0.03830374777317047, scale 1.0480070114135742)
2024-03-08 08:36:00,917 | INFO | hilo.laplace-kernel : TOP-RIGHT:
tensor([[0.0631, 0.1638, 0.4253],
        [0.0243, 0.0631, 0.1638],
        [0.0094, 0.0243, 0.0631]])
2024-03-08 08:36:00,917 | INFO | hilo.kernel-accessor : Fetching kernel: laplace
2024-03-08 08:36:00,917 | INFO | hilo.laplace-kernel : Calculating Laplace distribution (location: -0.056616418063640594, scale 0.9980083703994751)
2024-03-08 08:36:00,917 | INFO | hilo.laplace-kernel : TOP-LEFT:
tensor([[0.4433, 0.1628, 0.0598],
        [0.1628, 0.0598, 0.0219],
        [0.0598, 0.0219, 0.0081]])
2024-03-08 08:36:00,917 | INFO | hilo.kernel-accessor : Fetching kernel: laplace
2024-03-08 08:36:00,917 | INFO | hilo.laplace-kernel : Calculating Laplace distribution (location: -0.04143434390425682, scale 0.96644127368927)
2024-03-08 08:36:00,918 | INFO | hilo.laplace-kernel : STATIC:
tensor([[0.4556, 0.1619, 0.0575],
        [0.1619, 0.0575, 0.0204],
        [0.0575, 0.0204, 0.0073]])
2024-03-08 08:36:00,918 | INFO | hilo.kernel-accessor : Fetching kernel: laplace
2024-03-08 08:36:00,918 | INFO | hilo.laplace-kernel : Calculating Laplace distribution (location: 0.028794072568416595, scale 0.770883321762085)
2024-03-08 08:36:00,918 | INFO | hilo.laplace-kernel : TOP-RIGHT:
tensor([[0.0428, 0.1566, 0.5318],
        [0.0117, 0.0428, 0.1566],
        [0.0032, 0.0117, 0.0428]])
2024-03-08 08:36:00,918 | INFO | hilo.kernel-accessor : Fetching kernel: laplace
2024-03-08 08:36:00,918 | INFO | hilo.laplace-kernel : Calculating Laplace distribution (location: 0.0842636451125145, scale 0.9084202647209167)
2024-03-08 08:36:00,919 | INFO | hilo.laplace-kernel : TOP-LEFT:
tensor([[0.4341, 0.1738, 0.0578],
        [0.1738, 0.0578, 0.0192],
        [0.0578, 0.0192, 0.0064]])
2024-03-08 08:36:00,919 | INFO | hilo.kernel-accessor : Fetching kernel: laplace
2024-03-08 08:36:00,919 | INFO | hilo.laplace-kernel : Calculating Laplace distribution (location: -0.0226085614413023, scale 0.9808607697486877)
2024-03-08 08:36:00,919 | INFO | hilo.laplace-kernel : STATIC:
tensor([[0.4499, 0.1623, 0.0586],
        [0.1623, 0.0586, 0.0211],
        [0.0586, 0.0211, 0.0076]])
2024-03-08 08:36:00,919 | INFO | hilo.kernel-accessor : Fetching kernel: laplace
2024-03-08 08:36:00,919 | INFO | hilo.laplace-kernel : Calculating Laplace distribution (location: -0.31153038144111633, scale 1.4985344409942627)
2024-03-08 08:36:00,920 | INFO | hilo.laplace-kernel : TOP-RIGHT:
tensor([[0.0834, 0.1626, 0.3169],
        [0.0428, 0.0834, 0.1626],
        [0.0220, 0.0428, 0.0834]])
2024-03-08 08:37:21,713 | INFO | hilo : Epoch   3/200 | Accuracy:  42.1461 | Loss:   1.6236
2024-03-08 08:37:21,713 | INFO | hilo.kernel-accessor : Fetching kernel: laplace
2024-03-08 08:37:21,713 | INFO | hilo.laplace-kernel : Calculating Laplace distribution (location: -0.003239161567762494, scale 0.7732664942741394)
2024-03-08 08:37:21,714 | INFO | hilo.laplace-kernel : TOP-RIGHT:
tensor([[0.0413, 0.1506, 0.5490],
        [0.0113, 0.0413, 0.1506],
        [0.0031, 0.0113, 0.0413]])
2024-03-08 08:37:21,714 | INFO | hilo.kernel-accessor : Fetching kernel: laplace
2024-03-08 08:37:21,714 | INFO | hilo.laplace-kernel : Calculating Laplace distribution (location: -0.6648651361465454, scale 1.8220133781433105)
2024-03-08 08:37:21,714 | INFO | hilo.laplace-kernel : TOP-RIGHT:
tensor([[0.0913, 0.1581, 0.2738],
        [0.0528, 0.0913, 0.1581],
        [0.0305, 0.0528, 0.0913]])
2024-03-08 08:37:21,714 | INFO | hilo.kernel-accessor : Fetching kernel: laplace
2024-03-08 08:37:21,715 | INFO | hilo.laplace-kernel : Calculating Laplace distribution (location: -0.3448185324668884, scale 1.2754063606262207)
2024-03-08 08:37:21,715 | INFO | hilo.laplace-kernel : TOP-LEFT:
tensor([[0.3607, 0.1647, 0.0752],
        [0.1647, 0.0752, 0.0343],
        [0.0752, 0.0343, 0.0157]])
2024-03-08 08:37:21,715 | INFO | hilo.kernel-accessor : Fetching kernel: laplace
2024-03-08 08:37:21,715 | INFO | hilo.laplace-kernel : Calculating Laplace distribution (location: -0.3871762156486511, scale 1.1525275707244873)
2024-03-08 08:37:21,715 | INFO | hilo.laplace-kernel : TOP-RIGHT:
tensor([[0.0692, 0.1648, 0.3924],
        [0.0291, 0.0692, 0.1648],
        [0.0122, 0.0291, 0.0692]])
2024-03-08 08:37:21,715 | INFO | hilo.kernel-accessor : Fetching kernel: laplace
2024-03-08 08:37:21,716 | INFO | hilo.laplace-kernel : Calculating Laplace distribution (location: -0.38044336438179016, scale 0.9389364123344421)
2024-03-08 08:37:21,716 | INFO | hilo.laplace-kernel : STATIC:
tensor([[0.4669, 0.1609, 0.0555],
        [0.1609, 0.0555, 0.0191],
        [0.0555, 0.0191, 0.0066]])
2024-03-08 08:37:21,716 | INFO | hilo.kernel-accessor : Fetching kernel: laplace
2024-03-08 08:37:21,716 | INFO | hilo.laplace-kernel : Calculating Laplace distribution (location: -0.14659319818019867, scale 0.7686594724655151)
2024-03-08 08:37:21,716 | INFO | hilo.laplace-kernel : TOP-RIGHT:
tensor([[0.0409, 0.1502, 0.5516],
        [0.0111, 0.0409, 0.1502],
        [0.0030, 0.0111, 0.0409]])
2024-03-08 08:37:21,716 | INFO | hilo.kernel-accessor : Fetching kernel: laplace
2024-03-08 08:37:21,717 | INFO | hilo.laplace-kernel : Calculating Laplace distribution (location: -0.06697440147399902, scale 0.7557493448257446)
2024-03-08 08:37:21,717 | INFO | hilo.laplace-kernel : TOP-RIGHT:
tensor([[0.0397, 0.1489, 0.5593],
        [0.0106, 0.0397, 0.1489],
        [0.0028, 0.0106, 0.0397]])
2024-03-08 08:37:21,717 | INFO | hilo.kernel-accessor : Fetching kernel: laplace
2024-03-08 08:37:21,717 | INFO | hilo.laplace-kernel : Calculating Laplace distribution (location: -0.12388624250888824, scale 0.7400572896003723)
2024-03-08 08:37:21,717 | INFO | hilo.laplace-kernel : TOP-LEFT:
tensor([[0.5688, 0.1473, 0.0381],
        [0.1473, 0.0381, 0.0099],
        [0.0381, 0.0099, 0.0026]])
2024-03-08 08:37:21,717 | INFO | hilo.kernel-accessor : Fetching kernel: laplace
2024-03-08 08:37:21,718 | INFO | hilo.laplace-kernel : Calculating Laplace distribution (location: -0.0878605991601944, scale 0.7949310541152954)
2024-03-08 08:37:21,718 | INFO | hilo.laplace-kernel : STATIC:
tensor([[0.5367, 0.1525, 0.0434],
        [0.1525, 0.0434, 0.0123],
        [0.0434, 0.0123, 0.0035]])
2024-03-08 08:37:21,718 | INFO | hilo.kernel-accessor : Fetching kernel: laplace
2024-03-08 08:37:21,718 | INFO | hilo.laplace-kernel : Calculating Laplace distribution (location: -0.008852525614202023, scale 0.6588817238807678)
2024-03-08 08:37:21,718 | INFO | hilo.laplace-kernel : STATIC:
tensor([[0.6227, 0.1365, 0.0299],
        [0.1365, 0.0299, 0.0066],
        [0.0299, 0.0066, 0.0014]])
2024-03-08 08:37:21,718 | INFO | hilo.kernel-accessor : Fetching kernel: laplace
2024-03-08 08:37:21,719 | INFO | hilo.laplace-kernel : Calculating Laplace distribution (location: -0.10940855741500854, scale 0.7957759499549866)
2024-03-08 08:37:21,719 | INFO | hilo.laplace-kernel : TOP-RIGHT:
tensor([[0.0434, 0.1526, 0.5362],
        [0.0124, 0.0434, 0.1526],
        [0.0035, 0.0124, 0.0434]])
2024-03-08 08:37:21,719 | INFO | hilo.kernel-accessor : Fetching kernel: laplace
2024-03-08 08:37:21,719 | INFO | hilo.laplace-kernel : Calculating Laplace distribution (location: -0.0249188169836998, scale 0.7599582672119141)
2024-03-08 08:37:21,719 | INFO | hilo.laplace-kernel : STATIC:
tensor([[0.5568, 0.1493, 0.0401],
        [0.1493, 0.0401, 0.0107],
        [0.0401, 0.0107, 0.0029]])
2024-03-08 08:37:21,719 | INFO | hilo.kernel-accessor : Fetching kernel: laplace
2024-03-08 08:37:21,720 | INFO | hilo.laplace-kernel : Calculating Laplace distribution (location: -0.05157701298594475, scale 0.7763946056365967)
2024-03-08 08:37:21,720 | INFO | hilo.laplace-kernel : STATIC:
tensor([[0.5472, 0.1509, 0.0416],
        [0.1509, 0.0416, 0.0115],
        [0.0416, 0.0115, 0.0032]])
2024-03-08 08:37:21,720 | INFO | hilo.kernel-accessor : Fetching kernel: laplace
2024-03-08 08:37:21,720 | INFO | hilo.laplace-kernel : Calculating Laplace distribution (location: 0.020555414259433746, scale 0.6364690661430359)
2024-03-08 08:37:21,720 | INFO | hilo.laplace-kernel : TOP-RIGHT:
tensor([[0.0287, 0.1383, 0.6240],
        [0.0060, 0.0287, 0.1383],
        [0.0012, 0.0060, 0.0287]])
2024-03-08 08:37:21,720 | INFO | hilo.kernel-accessor : Fetching kernel: laplace
2024-03-08 08:37:21,721 | INFO | hilo.laplace-kernel : Calculating Laplace distribution (location: 0.08242528140544891, scale 0.7603890299797058)
2024-03-08 08:37:21,721 | INFO | hilo.laplace-kernel : TOP-RIGHT:
tensor([[0.0450, 0.1676, 0.5025],
        [0.0121, 0.0450, 0.1676],
        [0.0032, 0.0121, 0.0450]])
2024-03-08 08:37:21,721 | INFO | hilo.kernel-accessor : Fetching kernel: laplace
2024-03-08 08:37:21,721 | INFO | hilo.laplace-kernel : Calculating Laplace distribution (location: -0.006089848466217518, scale 0.8636975288391113)
2024-03-08 08:37:21,721 | INFO | hilo.laplace-kernel : TOP-LEFT:
tensor([[0.5009, 0.1574, 0.0494],
        [0.1574, 0.0494, 0.0155],
        [0.0494, 0.0155, 0.0049]])
2024-03-08 08:37:21,722 | INFO | hilo.kernel-accessor : Fetching kernel: laplace
2024-03-08 08:37:21,722 | INFO | hilo.laplace-kernel : Calculating Laplace distribution (location: -0.1536993533372879, scale 1.1645485162734985)
2024-03-08 08:37:21,722 | INFO | hilo.laplace-kernel : TOP-RIGHT:
tensor([[0.0698, 0.1648, 0.3890],
        [0.0296, 0.0698, 0.1648],
        [0.0125, 0.0296, 0.0698]])
2024-03-08 08:38:42,416 | INFO | hilo : Epoch   4/200 | Accuracy:  42.7083 | Loss:   1.4677
2024-03-08 08:38:42,417 | INFO | hilo.kernel-accessor : Fetching kernel: laplace
2024-03-08 08:38:42,417 | INFO | hilo.laplace-kernel : Calculating Laplace distribution (location: -0.025973668321967125, scale 0.7582506537437439)
2024-03-08 08:38:42,417 | INFO | hilo.laplace-kernel : TOP-LEFT:
tensor([[0.5578, 0.1492, 0.0399],
        [0.1492, 0.0399, 0.0107],
        [0.0399, 0.0107, 0.0029]])
2024-03-08 08:38:42,418 | INFO | hilo.kernel-accessor : Fetching kernel: laplace
2024-03-08 08:38:42,418 | INFO | hilo.laplace-kernel : Calculating Laplace distribution (location: -0.6925564408302307, scale 1.7586051225662231)
2024-03-08 08:38:42,418 | INFO | hilo.laplace-kernel : TOP-RIGHT:
tensor([[0.0901, 0.1590, 0.2808],
        [0.0510, 0.0901, 0.1590],
        [0.0289, 0.0510, 0.0901]])
2024-03-08 08:38:42,418 | INFO | hilo.kernel-accessor : Fetching kernel: laplace
2024-03-08 08:38:42,418 | INFO | hilo.laplace-kernel : Calculating Laplace distribution (location: -0.2852295935153961, scale 1.114601731300354)
2024-03-08 08:38:42,419 | INFO | hilo.laplace-kernel : STATIC:
tensor([[0.4037, 0.1646, 0.0671],
        [0.1646, 0.0671, 0.0274],
        [0.0671, 0.0274, 0.0112]])
2024-03-08 08:38:42,419 | INFO | hilo.kernel-accessor : Fetching kernel: laplace
2024-03-08 08:38:42,419 | INFO | hilo.laplace-kernel : Calculating Laplace distribution (location: -0.2808445692062378, scale 0.9570294618606567)
2024-03-08 08:38:42,419 | INFO | hilo.laplace-kernel : TOP-RIGHT:
tensor([[0.0568, 0.1616, 0.4594],
        [0.0200, 0.0568, 0.1616],
        [0.0070, 0.0200, 0.0568]])
2024-03-08 08:38:42,419 | INFO | hilo.kernel-accessor : Fetching kernel: laplace
2024-03-08 08:38:42,419 | INFO | hilo.laplace-kernel : Calculating Laplace distribution (location: -0.2062043696641922, scale 0.8347286581993103)
2024-03-08 08:38:42,420 | INFO | hilo.laplace-kernel : TOP-RIGHT:
tensor([[0.0469, 0.1556, 0.5154],
        [0.0142, 0.0469, 0.1556],
        [0.0043, 0.0142, 0.0469]])
2024-03-08 08:38:42,420 | INFO | hilo.kernel-accessor : Fetching kernel: laplace
2024-03-08 08:38:42,420 | INFO | hilo.laplace-kernel : Calculating Laplace distribution (location: -0.13589827716350555, scale 0.6982460021972656)
2024-03-08 08:38:42,420 | INFO | hilo.laplace-kernel : STATIC:
tensor([[0.5955, 0.1422, 0.0340],
        [0.1422, 0.0340, 0.0081],
        [0.0340, 0.0081, 0.0019]])
2024-03-08 08:38:42,420 | INFO | hilo.kernel-accessor : Fetching kernel: laplace
2024-03-08 08:38:42,420 | INFO | hilo.laplace-kernel : Calculating Laplace distribution (location: -0.09799593687057495, scale 0.6400738954544067)
2024-03-08 08:38:42,421 | INFO | hilo.laplace-kernel : TOP-RIGHT:
tensor([[0.0280, 0.1334, 0.6363],
        [0.0059, 0.0280, 0.1334],
        [0.0012, 0.0059, 0.0280]])
2024-03-08 08:38:42,421 | INFO | hilo.kernel-accessor : Fetching kernel: laplace
2024-03-08 08:38:42,421 | INFO | hilo.laplace-kernel : Calculating Laplace distribution (location: -0.10190998017787933, scale 0.6269147992134094)
2024-03-08 08:38:42,421 | INFO | hilo.laplace-kernel : TOP-RIGHT:
tensor([[0.0266, 0.1311, 0.6461],
        [0.0054, 0.0266, 0.1311],
        [0.0011, 0.0054, 0.0266]])
2024-03-08 08:38:42,421 | INFO | hilo.kernel-accessor : Fetching kernel: laplace
2024-03-08 08:38:42,421 | INFO | hilo.laplace-kernel : Calculating Laplace distribution (location: -0.11709664016962051, scale 0.5950469970703125)
2024-03-08 08:38:42,422 | INFO | hilo.laplace-kernel : TOP-RIGHT:
tensor([[0.0233, 0.1250, 0.6708],
        [0.0043, 0.0233, 0.1250],
        [0.0008, 0.0043, 0.0233]])
2024-03-08 08:38:42,422 | INFO | hilo.kernel-accessor : Fetching kernel: laplace
2024-03-08 08:38:42,422 | INFO | hilo.laplace-kernel : Calculating Laplace distribution (location: 0.014462506398558617, scale 0.4328598082065582)
2024-03-08 08:38:42,422 | INFO | hilo.laplace-kernel : STATIC:
tensor([[8.0258e-01, 8.5152e-02, 8.4505e-03],
        [8.5152e-02, 8.4505e-03, 8.3863e-04],
        [8.4505e-03, 8.3863e-04, 8.3225e-05]])
2024-03-08 08:38:42,422 | INFO | hilo.kernel-accessor : Fetching kernel: laplace
2024-03-08 08:38:42,422 | INFO | hilo.laplace-kernel : Calculating Laplace distribution (location: -0.06818963587284088, scale 0.5121347904205322)
2024-03-08 08:38:42,423 | INFO | hilo.laplace-kernel : TOP-RIGHT:
tensor([[1.4912e-02, 1.0509e-01, 7.4056e-01],
        [2.1161e-03, 1.4912e-02, 1.0509e-01],
        [3.0028e-04, 2.1161e-03, 1.4912e-02]])
2024-03-08 08:38:42,423 | INFO | hilo.kernel-accessor : Fetching kernel: laplace
2024-03-08 08:38:42,423 | INFO | hilo.laplace-kernel : Calculating Laplace distribution (location: -0.03810790926218033, scale 0.4790714681148529)
2024-03-08 08:38:42,423 | INFO | hilo.laplace-kernel : STATIC:
tensor([[7.7029e-01, 9.5526e-02, 1.1846e-02],
        [9.5526e-02, 1.1846e-02, 1.4691e-03],
        [1.1846e-02, 1.4691e-03, 1.8219e-04]])
2024-03-08 08:38:42,423 | INFO | hilo.kernel-accessor : Fetching kernel: laplace
2024-03-08 08:38:42,423 | INFO | hilo.laplace-kernel : Calculating Laplace distribution (location: -0.0033191973343491554, scale 0.43334341049194336)
2024-03-08 08:38:42,424 | INFO | hilo.laplace-kernel : TOP-LEFT:
tensor([[8.1251e-01, 8.0841e-02, 8.0434e-03],
        [8.0841e-02, 8.0434e-03, 8.0028e-04],
        [8.0434e-03, 8.0028e-04, 7.9625e-05]])
2024-03-08 08:38:42,424 | INFO | hilo.kernel-accessor : Fetching kernel: laplace
2024-03-08 08:38:42,424 | INFO | hilo.laplace-kernel : Calculating Laplace distribution (location: 0.05167098343372345, scale 0.3435974717140198)
2024-03-08 08:38:42,424 | INFO | hilo.laplace-kernel : STATIC:
tensor([[8.6237e-01, 6.3438e-02, 3.4545e-03],
        [6.3438e-02, 3.4545e-03, 1.8812e-04],
        [3.4545e-03, 1.8812e-04, 1.0244e-05]])
2024-03-08 08:38:42,424 | INFO | hilo.kernel-accessor : Fetching kernel: laplace
2024-03-08 08:38:42,424 | INFO | hilo.laplace-kernel : Calculating Laplace distribution (location: 0.07082675397396088, scale 0.3448992073535919)
2024-03-08 08:38:42,425 | INFO | hilo.laplace-kernel : TOP-RIGHT:
tensor([[3.8726e-03, 7.0339e-02, 8.4727e-01],
        [2.1321e-04, 3.8726e-03, 7.0339e-02],
        [1.1739e-05, 2.1321e-04, 3.8726e-03]])
2024-03-08 08:38:42,425 | INFO | hilo.kernel-accessor : Fetching kernel: laplace
2024-03-08 08:38:42,425 | INFO | hilo.laplace-kernel : Calculating Laplace distribution (location: 0.006960621569305658, scale 0.40121936798095703)
2024-03-08 08:38:42,425 | INFO | hilo.laplace-kernel : TOP-LEFT:
tensor([[8.3771e-01, 7.1734e-02, 5.9332e-03],
        [7.1734e-02, 5.9332e-03, 4.9074e-04],
        [5.9332e-03, 4.9074e-04, 4.0590e-05]])
2024-03-08 08:38:42,425 | INFO | hilo.kernel-accessor : Fetching kernel: laplace
2024-03-08 08:38:42,425 | INFO | hilo.laplace-kernel : Calculating Laplace distribution (location: 0.027658918872475624, scale 0.49200892448425293)
2024-03-08 08:38:42,426 | INFO | hilo.laplace-kernel : STATIC:
tensor([[7.3737e-01, 1.0810e-01, 1.4162e-02],
        [1.0810e-01, 1.4162e-02, 1.8553e-03],
        [1.4162e-02, 1.8553e-03, 2.4307e-04]])
2024-03-08 08:40:03,181 | INFO | hilo : Epoch   5/200 | Accuracy:  53.9062 | Loss:   1.1798
2024-03-08 08:40:03,181 | INFO | hilo.kernel-accessor : Fetching kernel: laplace
2024-03-08 08:40:03,181 | INFO | hilo.laplace-kernel : Calculating Laplace distribution (location: -0.012582911178469658, scale 0.7088192701339722)
2024-03-08 08:40:03,181 | INFO | hilo.laplace-kernel : TOP-LEFT:
tensor([[0.5886, 0.1436, 0.0350],
        [0.1436, 0.0350, 0.0085],
        [0.0350, 0.0085, 0.0021]])
2024-03-08 08:40:03,182 | INFO | hilo.kernel-accessor : Fetching kernel: laplace
2024-03-08 08:40:03,182 | INFO | hilo.laplace-kernel : Calculating Laplace distribution (location: -0.8118868470191956, scale 1.8926448822021484)
2024-03-08 08:40:03,182 | INFO | hilo.laplace-kernel : STATIC:
tensor([[0.2665, 0.1571, 0.0926],
        [0.1571, 0.0926, 0.0546],
        [0.0926, 0.0546, 0.0322]])
2024-03-08 08:40:03,182 | INFO | hilo.kernel-accessor : Fetching kernel: laplace
2024-03-08 08:40:03,182 | INFO | hilo.laplace-kernel : Calculating Laplace distribution (location: -0.29704686999320984, scale 1.2193526029586792)
2024-03-08 08:40:03,183 | INFO | hilo.laplace-kernel : STATIC:
tensor([[0.3744, 0.1649, 0.0726],
        [0.1649, 0.0726, 0.0320],
        [0.0726, 0.0320, 0.0141]])
2024-03-08 08:40:03,183 | INFO | hilo.kernel-accessor : Fetching kernel: laplace
2024-03-08 08:40:03,183 | INFO | hilo.laplace-kernel : Calculating Laplace distribution (location: -0.304450660943985, scale 1.0497952699661255)
2024-03-08 08:40:03,183 | INFO | hilo.laplace-kernel : TOP-LEFT:
tensor([[0.4247, 0.1638, 0.0632],
        [0.1638, 0.0632, 0.0244],
        [0.0632, 0.0244, 0.0094]])
2024-03-08 08:40:03,183 | INFO | hilo.kernel-accessor : Fetching kernel: laplace
2024-03-08 08:40:03,183 | INFO | hilo.laplace-kernel : Calculating Laplace distribution (location: -0.2833368480205536, scale 0.8004752993583679)
2024-03-08 08:40:03,184 | INFO | hilo.laplace-kernel : STATIC:
tensor([[0.5336, 0.1530, 0.0439],
        [0.1530, 0.0439, 0.0126],
        [0.0439, 0.0126, 0.0036]])
2024-03-08 08:40:03,184 | INFO | hilo.kernel-accessor : Fetching kernel: laplace
2024-03-08 08:40:03,184 | INFO | hilo.laplace-kernel : Calculating Laplace distribution (location: -0.14786851406097412, scale 0.6858008503913879)
2024-03-08 08:40:03,184 | INFO | hilo.laplace-kernel : TOP-LEFT:
tensor([[0.6039, 0.1405, 0.0327],
        [0.1405, 0.0327, 0.0076],
        [0.0327, 0.0076, 0.0018]])
2024-03-08 08:40:03,184 | INFO | hilo.kernel-accessor : Fetching kernel: laplace
2024-03-08 08:40:03,184 | INFO | hilo.laplace-kernel : Calculating Laplace distribution (location: -0.07946248352527618, scale 0.6234734058380127)
2024-03-08 08:40:03,185 | INFO | hilo.laplace-kernel : STATIC:
tensor([[0.6487, 0.1305, 0.0262],
        [0.1305, 0.0262, 0.0053],
        [0.0262, 0.0053, 0.0011]])
2024-03-08 08:40:03,185 | INFO | hilo.kernel-accessor : Fetching kernel: laplace
2024-03-08 08:40:03,185 | INFO | hilo.laplace-kernel : Calculating Laplace distribution (location: -0.09100081771612167, scale 0.5976349711418152)
2024-03-08 08:40:03,185 | INFO | hilo.laplace-kernel : STATIC:
tensor([[0.6687, 0.1255, 0.0235],
        [0.1255, 0.0235, 0.0044],
        [0.0235, 0.0044, 0.0008]])
2024-03-08 08:40:03,185 | INFO | hilo.kernel-accessor : Fetching kernel: laplace
2024-03-08 08:40:03,185 | INFO | hilo.laplace-kernel : Calculating Laplace distribution (location: -0.055819250643253326, scale 0.5719894766807556)
2024-03-08 08:40:03,186 | INFO | hilo.laplace-kernel : TOP-RIGHT:
tensor([[2.0890e-02, 1.2001e-01, 6.8941e-01],
        [3.6364e-03, 2.0890e-02, 1.2001e-01],
        [6.3299e-04, 3.6364e-03, 2.0890e-02]])
2024-03-08 08:40:03,186 | INFO | hilo.kernel-accessor : Fetching kernel: laplace
2024-03-08 08:40:03,186 | INFO | hilo.laplace-kernel : Calculating Laplace distribution (location: 0.012111272662878036, scale 0.4681999087333679)
2024-03-08 08:40:03,186 | INFO | hilo.laplace-kernel : STATIC:
tensor([[7.7124e-01, 9.5957e-02, 1.1337e-02],
        [9.5957e-02, 1.1337e-02, 1.3394e-03],
        [1.1337e-02, 1.3394e-03, 1.5824e-04]])
2024-03-08 08:40:03,186 | INFO | hilo.kernel-accessor : Fetching kernel: laplace
2024-03-08 08:40:03,186 | INFO | hilo.laplace-kernel : Calculating Laplace distribution (location: -0.012977631762623787, scale 0.43957796692848206)
