2023-12-03 20:43:50,206 | INFO | hi-lo : 
+==============================================================+
|                                                              |
| ██████╗  █████╗ ██████╗ ██╗         ██╗      █████╗ ██████╗  |
| ██╔══██╗██╔══██╗██╔══██╗██║         ██║     ██╔══██╗██╔══██╗ |
| ██║  ██║███████║██║  ██║██║         ██║     ███████║██████╔╝ |
| ██║  ██║██╔══██║██║  ██║██║         ██║     ██╔══██║██╔══██╗ |
| ██████╔╝██║  ██║██████╔╝███████╗    ███████╗██║  ██║██████╔╝ |
| ╚═════╝ ╚═╝  ╚═╝╚═════╝ ╚══════╝    ╚══════╝╚═╝  ╚═╝╚═════╝  |
|                                                              |
+==============================================================+
|             Hi-Lo Resolution Image Classification            |
|             -------------------------------------            |
|                       Gabriel C. Trahan                      |
|                          Sahan Ahmad                         |
|                       MD  Aminual Islam                      |
+==============================================================+
| MODEL:                 normal | LR:                      0.1 |
| DISTRO:                gumbel | KERNEL TYPE:              11 |
| DATASET:             cifar100 | BATCH SIZE:               64 |
+=========================================================================+
2023-12-03 20:43:50,206 | INFO | hi-lo : Output directory: output/normal/gumbel/11/cifar100/20231203_204350
2023-12-03 20:43:50,206 | INFO | hi-lo.dataset-accessor : Fetching dataset: cifar100
2023-12-03 20:43:50,206 | INFO | hi-lo.cifar100-dataset : Initializing transform.
2023-12-03 20:43:50,207 | INFO | hi-lo.cifar100-dataset : Verifying/downloading train data.
2023-12-03 20:43:50,822 | INFO | hi-lo.cifar100-dataset : Verifying/downloading test data.
2023-12-03 20:43:51,315 | INFO | hi-lo.cifar100-dataset : Creating train data loader.
2023-12-03 20:43:51,316 | INFO | hi-lo.cifar100-dataset : Creating test data loader.
2023-12-03 20:43:52,335 | INFO | hi-lo : Using device: NVIDIA GeForce GTX 1060 6GB
2023-12-03 20:43:52,335 | INFO | hi-lo : Commencing training phase...
2023-12-03 20:43:52,336 | INFO | hi-lo : BEGIN EPOCH 1 =========================================================================
2023-12-03 20:43:52,336 | INFO | hi-lo.kernel-accessor : Fetching kernel: gumbel
2023-12-03 20:43:52,337 | INFO | hi-lo.gumbel-kernel : MU (LOCATION): 0.0 | BETA (SCALE): 1.0
2023-12-03 20:43:52,337 | INFO | hi-lo.gumbel-kernel : TOP-RIGHT
tensor([[2.0072e-04, 5.8259e-02, 8.8288e-01],
        [2.2609e-10, 2.0072e-04, 5.8259e-02],
        [8.5377e-26, 2.2609e-10, 2.0072e-04]])
2023-12-03 20:43:52,337 | INFO | hi-lo.kernel-accessor : Fetching kernel: gumbel
2023-12-03 20:43:52,337 | INFO | hi-lo.gumbel-kernel : MU (LOCATION): 0.0 | BETA (SCALE): 1.0
2023-12-03 20:43:52,338 | INFO | hi-lo.gumbel-kernel : TOP-LEFT
tensor([[8.8288e-01, 5.8259e-02, 2.0072e-04],
        [5.8259e-02, 2.0072e-04, 2.2609e-10],
        [2.0072e-04, 2.2609e-10, 8.5377e-26]])
2023-12-03 20:43:52,338 | INFO | hi-lo.kernel-accessor : Fetching kernel: gumbel
2023-12-03 20:43:52,338 | INFO | hi-lo.gumbel-kernel : MU (LOCATION): 0.0 | BETA (SCALE): 1.0
2023-12-03 20:43:52,338 | INFO | hi-lo.gumbel-kernel : TOP-LEFT
tensor([[8.8288e-01, 5.8259e-02, 2.0072e-04],
        [5.8259e-02, 2.0072e-04, 2.2609e-10],
        [2.0072e-04, 2.2609e-10, 8.5377e-26]])
2023-12-03 20:43:52,338 | INFO | hi-lo.kernel-accessor : Fetching kernel: gumbel
2023-12-03 20:43:52,339 | INFO | hi-lo.gumbel-kernel : MU (LOCATION): 0.0 | BETA (SCALE): 1.0
2023-12-03 20:43:52,339 | INFO | hi-lo.gumbel-kernel : TOP-LEFT
tensor([[8.8288e-01, 5.8259e-02, 2.0072e-04],
        [5.8259e-02, 2.0072e-04, 2.2609e-10],
        [2.0072e-04, 2.2609e-10, 8.5377e-26]])
2023-12-03 20:44:01,688 | INFO | hi-lo : END EPOCH:   1 | ACCURACY: 32.26 | LOSS: 1.8359100818634033
2023-12-03 20:44:01,688 | INFO | hi-lo : BEGIN EPOCH 2 =========================================================================
2023-12-03 20:44:01,688 | INFO | hi-lo.kernel-accessor : Fetching kernel: gumbel
2023-12-03 20:44:01,689 | INFO | hi-lo.gumbel-kernel : MU (LOCATION): -0.15486493706703186 | BETA (SCALE): 0.49228423833847046
2023-12-03 20:44:01,689 | INFO | hi-lo.gumbel-kernel : TOP-LEFT
tensor([[1.0000e+00, 5.2548e-07, 0.0000e+00],
        [5.2548e-07, 0.0000e+00, 0.0000e+00],
        [0.0000e+00, 0.0000e+00, 0.0000e+00]])
2023-12-03 20:44:01,690 | INFO | hi-lo.kernel-accessor : Fetching kernel: gumbel
2023-12-03 20:44:01,690 | INFO | hi-lo.gumbel-kernel : MU (LOCATION): -0.6196814775466919 | BETA (SCALE): 0.8684480786323547
2023-12-03 20:44:01,690 | INFO | hi-lo.gumbel-kernel : TOP-RIGHT
tensor([[5.0963e-18, 3.8557e-05, 9.9992e-01],
        [0.0000e+00, 5.0963e-18, 3.8557e-05],
        [0.0000e+00, 0.0000e+00, 5.0963e-18]])
2023-12-03 20:44:01,691 | INFO | hi-lo.kernel-accessor : Fetching kernel: gumbel
2023-12-03 20:44:01,691 | INFO | hi-lo.gumbel-kernel : MU (LOCATION): -0.9024108648300171 | BETA (SCALE): 1.9105663299560547
2023-12-03 20:44:01,692 | INFO | hi-lo.gumbel-kernel : TOP-LEFT
tensor([[8.2565e-01, 8.3420e-02, 2.4969e-03],
        [8.3420e-02, 2.4969e-03, 9.5894e-06],
        [2.4969e-03, 9.5894e-06, 1.1512e-09]])
2023-12-03 20:44:01,692 | INFO | hi-lo.kernel-accessor : Fetching kernel: gumbel
2023-12-03 20:44:01,692 | INFO | hi-lo.gumbel-kernel : MU (LOCATION): -0.534197211265564 | BETA (SCALE): 0.8760361671447754
2023-12-03 20:44:01,693 | INFO | hi-lo.gumbel-kernel : TOP-LEFT
tensor([[9.9953e-01, 2.3436e-04, 1.1470e-14],
        [2.3436e-04, 1.1470e-14, 0.0000e+00],
        [1.1470e-14, 0.0000e+00, 0.0000e+00]])
2023-12-03 20:44:10,151 | INFO | hi-lo : END EPOCH:   2 | ACCURACY: 44.2 | LOSS: 1.77577805519104
2023-12-03 20:44:10,151 | INFO | hi-lo : BEGIN EPOCH 3 =========================================================================
2023-12-03 20:44:10,151 | INFO | hi-lo.kernel-accessor : Fetching kernel: gumbel
2023-12-03 20:44:10,152 | INFO | hi-lo.gumbel-kernel : MU (LOCATION): 1 | BETA (SCALE): 1
2023-12-03 20:44:10,152 | INFO | hi-lo.gumbel-kernel : STATIC
tensor([[5.6765e-01, 1.6550e-01, 3.2357e-02],
        [1.6550e-01, 3.2357e-02, 2.1352e-03],
        [3.2357e-02, 2.1352e-03, 7.3562e-06]])
2023-12-03 20:44:10,153 | INFO | hi-lo.kernel-accessor : Fetching kernel: gumbel
2023-12-03 20:44:10,153 | INFO | hi-lo.gumbel-kernel : MU (LOCATION): 1 | BETA (SCALE): 1
2023-12-03 20:44:10,153 | INFO | hi-lo.gumbel-kernel : STATIC
tensor([[5.6765e-01, 1.6550e-01, 3.2357e-02],
        [1.6550e-01, 3.2357e-02, 2.1352e-03],
        [3.2357e-02, 2.1352e-03, 7.3562e-06]])
2023-12-03 20:44:10,154 | INFO | hi-lo.kernel-accessor : Fetching kernel: gumbel
2023-12-03 20:44:10,154 | INFO | hi-lo.gumbel-kernel : MU (LOCATION): -0.7847063541412354 | BETA (SCALE): 1.318986177444458
2023-12-03 20:44:10,155 | INFO | hi-lo.gumbel-kernel : TOP-RIGHT
tensor([[1.8069e-06, 1.1014e-02, 9.7797e-01],
        [3.5637e-14, 1.8069e-06, 1.1014e-02],
        [3.0217e-30, 3.5637e-14, 1.8069e-06]])
2023-12-03 20:44:10,155 | INFO | hi-lo.kernel-accessor : Fetching kernel: gumbel
2023-12-03 20:44:10,155 | INFO | hi-lo.gumbel-kernel : MU (LOCATION): -0.5081920623779297 | BETA (SCALE): 0.8541774153709412
2023-12-03 20:44:10,156 | INFO | hi-lo.gumbel-kernel : TOP-LEFT
tensor([[9.9959e-01, 2.0719e-04, 3.7219e-15],
        [2.0719e-04, 3.7219e-15, 0.0000e+00],
        [3.7219e-15, 0.0000e+00, 0.0000e+00]])
2023-12-03 20:44:18,554 | INFO | hi-lo : END EPOCH:   3 | ACCURACY: 50.0 | LOSS: 1.7533689737319946
2023-12-03 20:44:18,554 | INFO | hi-lo : BEGIN EPOCH 4 =========================================================================
2023-12-03 20:44:18,555 | INFO | hi-lo.kernel-accessor : Fetching kernel: gumbel
2023-12-03 20:44:18,555 | INFO | hi-lo.gumbel-kernel : MU (LOCATION): -0.06908316910266876 | BETA (SCALE): 0.5536251664161682
2023-12-03 20:44:18,555 | INFO | hi-lo.gumbel-kernel : TOP-LEFT
tensor([[9.9952e-01, 2.3956e-04, 2.1410e-22],
        [2.3956e-04, 2.1410e-22, 0.0000e+00],
        [2.1410e-22, 0.0000e+00, 0.0000e+00]])
2023-12-03 20:44:18,555 | INFO | hi-lo.kernel-accessor : Fetching kernel: gumbel
2023-12-03 20:44:18,556 | INFO | hi-lo.gumbel-kernel : MU (LOCATION): -0.5683897137641907 | BETA (SCALE): 0.798988938331604
2023-12-03 20:44:18,556 | INFO | hi-lo.gumbel-kernel : TOP-LEFT
tensor([[9.9998e-01, 9.1115e-06, 4.9619e-22],
        [9.1115e-06, 4.9619e-22, 0.0000e+00],
        [4.9619e-22, 0.0000e+00, 0.0000e+00]])
2023-12-03 20:44:18,556 | INFO | hi-lo.kernel-accessor : Fetching kernel: gumbel
2023-12-03 20:44:18,556 | INFO | hi-lo.gumbel-kernel : MU (LOCATION): -0.6847321391105652 | BETA (SCALE): 1.3035898208618164
2023-12-03 20:44:18,556 | INFO | hi-lo.gumbel-kernel : TOP-RIGHT
tensor([[6.3384e-06, 1.6589e-02, 9.6680e-01],
        [6.6965e-13, 6.3384e-06, 1.6589e-02],
        [1.5374e-27, 6.6965e-13, 6.3384e-06]])
2023-12-03 20:44:18,557 | INFO | hi-lo.kernel-accessor : Fetching kernel: gumbel
2023-12-03 20:44:18,557 | INFO | hi-lo.gumbel-kernel : MU (LOCATION): -0.7031832933425903 | BETA (SCALE): 1.1445693969726562
2023-12-03 20:44:18,557 | INFO | hi-lo.gumbel-kernel : TOP-LEFT
tensor([[9.9296e-01, 3.5181e-03, 1.6027e-08],
        [3.5181e-03, 1.6027e-08, 8.6646e-21],
        [1.6027e-08, 8.6646e-21, 0.0000e+00]])
2023-12-03 20:44:27,053 | INFO | hi-lo : END EPOCH:   4 | ACCURACY: 49.49 | LOSS: 1.1955618858337402
2023-12-03 20:44:27,053 | INFO | hi-lo : BEGIN EPOCH 5 =========================================================================
2023-12-03 20:44:27,053 | INFO | hi-lo.kernel-accessor : Fetching kernel: gumbel
2023-12-03 20:44:27,054 | INFO | hi-lo.gumbel-kernel : MU (LOCATION): -0.0538727268576622 | BETA (SCALE): 0.5233863592147827
2023-12-03 20:44:27,055 | INFO | hi-lo.gumbel-kernel : TOP-LEFT
tensor([[9.9975e-01, 1.2536e-04, 3.2366e-26],
        [1.2536e-04, 3.2367e-26, 0.0000e+00],
        [3.2366e-26, 0.0000e+00, 0.0000e+00]])
2023-12-03 20:44:27,055 | INFO | hi-lo.kernel-accessor : Fetching kernel: gumbel
2023-12-03 20:44:27,055 | INFO | hi-lo.gumbel-kernel : MU (LOCATION): -0.6164590120315552 | BETA (SCALE): 0.8104287385940552
2023-12-03 20:44:27,056 | INFO | hi-lo.gumbel-kernel : TOP-LEFT
tensor([[9.9999e-01, 4.2003e-06, 2.8898e-23],
        [4.2003e-06, 2.8897e-23, 0.0000e+00],
        [2.8898e-23, 0.0000e+00, 0.0000e+00]])
2023-12-03 20:44:27,056 | INFO | hi-lo.kernel-accessor : Fetching kernel: gumbel
2023-12-03 20:44:27,057 | INFO | hi-lo.gumbel-kernel : MU (LOCATION): -0.56846022605896 | BETA (SCALE): 1.1836600303649902
2023-12-03 20:44:27,057 | INFO | hi-lo.gumbel-kernel : TOP-LEFT
tensor([[9.7393e-01, 1.3032e-02, 1.7433e-06],
        [1.3032e-02, 1.7433e-06, 5.1541e-15],
        [1.7433e-06, 5.1541e-15, 2.2217e-34]])
2023-12-03 20:44:27,057 | INFO | hi-lo.kernel-accessor : Fetching kernel: gumbel
2023-12-03 20:44:27,058 | INFO | hi-lo.gumbel-kernel : MU (LOCATION): 1 | BETA (SCALE): 1
2023-12-03 20:44:27,058 | INFO | hi-lo.gumbel-kernel : STATIC
tensor([[5.6765e-01, 1.6550e-01, 3.2357e-02],
        [1.6550e-01, 3.2357e-02, 2.1352e-03],
        [3.2357e-02, 2.1352e-03, 7.3562e-06]])
2023-12-03 20:44:35,579 | INFO | hi-lo : END EPOCH:   5 | ACCURACY: 44.29 | LOSS: 1.4868510961532593
2023-12-03 20:44:35,579 | INFO | hi-lo : BEGIN EPOCH 6 =========================================================================
2023-12-03 20:44:35,580 | INFO | hi-lo.kernel-accessor : Fetching kernel: gumbel
2023-12-03 20:44:35,580 | INFO | hi-lo.gumbel-kernel : MU (LOCATION): 1 | BETA (SCALE): 1
2023-12-03 20:44:35,581 | INFO | hi-lo.gumbel-kernel : STATIC
tensor([[5.6765e-01, 1.6550e-01, 3.2357e-02],
        [1.6550e-01, 3.2357e-02, 2.1352e-03],
        [3.2357e-02, 2.1352e-03, 7.3562e-06]])
2023-12-03 20:44:35,581 | INFO | hi-lo.kernel-accessor : Fetching kernel: gumbel
2023-12-03 20:44:35,582 | INFO | hi-lo.gumbel-kernel : MU (LOCATION): -0.6148285865783691 | BETA (SCALE): 0.9080811142921448
2023-12-03 20:44:35,582 | INFO | hi-lo.gumbel-kernel : TOP-LEFT
tensor([[9.9972e-01, 1.3933e-04, 3.2108e-15],
        [1.3933e-04, 3.2108e-15, 0.0000e+00],
        [3.2108e-15, 0.0000e+00, 0.0000e+00]])
2023-12-03 20:44:35,582 | INFO | hi-lo.kernel-accessor : Fetching kernel: gumbel
2023-12-03 20:44:35,583 | INFO | hi-lo.gumbel-kernel : MU (LOCATION): -0.8035421371459961 | BETA (SCALE): 1.9072332382202148
2023-12-03 20:44:35,583 | INFO | hi-lo.gumbel-kernel : TOP-LEFT
tensor([[7.9805e-01, 9.5293e-02, 3.7744e-03],
        [9.5293e-02, 3.7744e-03, 2.3176e-05],
        [3.7744e-03, 2.3176e-05, 6.1032e-09]])
2023-12-03 20:44:35,583 | INFO | hi-lo.kernel-accessor : Fetching kernel: gumbel
2023-12-03 20:44:35,584 | INFO | hi-lo.gumbel-kernel : MU (LOCATION): -1.4138492345809937 | BETA (SCALE): 1.999242901802063
2023-12-03 20:44:35,584 | INFO | hi-lo.gumbel-kernel : TOP-RIGHT
tensor([[2.8728e-04, 3.8705e-02, 9.2173e-01],
        [1.2239e-07, 2.8728e-04, 3.8705e-02],
        [4.6834e-13, 1.2239e-07, 2.8728e-04]])
2023-12-03 20:44:44,188 | INFO | hi-lo : END EPOCH:   6 | ACCURACY: 50.6 | LOSS: 1.1429518461227417
2023-12-03 20:44:44,188 | INFO | hi-lo : BEGIN EPOCH 7 =========================================================================
2023-12-03 20:44:44,189 | INFO | hi-lo.kernel-accessor : Fetching kernel: gumbel
2023-12-03 20:44:44,189 | INFO | hi-lo.gumbel-kernel : MU (LOCATION): -0.04290187358856201 | BETA (SCALE): 0.4450080692768097
2023-12-03 20:44:44,190 | INFO | hi-lo.gumbel-kernel : TOP-LEFT
tensor([[9.9999e-01, 3.7002e-06, 0.0000e+00],
        [3.7002e-06, 0.0000e+00, 0.0000e+00],
        [0.0000e+00, 0.0000e+00, 0.0000e+00]])
2023-12-03 20:44:44,190 | INFO | hi-lo.kernel-accessor : Fetching kernel: gumbel
2023-12-03 20:44:44,191 | INFO | hi-lo.gumbel-kernel : MU (LOCATION): -0.5790196061134338 | BETA (SCALE): 0.833551824092865
2023-12-03 20:44:44,191 | INFO | hi-lo.gumbel-kernel : TOP-LEFT
tensor([[9.9995e-01, 2.7432e-05, 3.2053e-19],
        [2.7432e-05, 3.2053e-19, 0.0000e+00],
        [3.2053e-19, 0.0000e+00, 0.0000e+00]])
2023-12-03 20:44:44,191 | INFO | hi-lo.kernel-accessor : Fetching kernel: gumbel
2023-12-03 20:44:44,192 | INFO | hi-lo.gumbel-kernel : MU (LOCATION): -0.608999490737915 | BETA (SCALE): 1.4451329708099365
2023-12-03 20:44:44,192 | INFO | hi-lo.gumbel-kernel : TOP-LEFT
tensor([[9.0962e-01, 4.4860e-02, 2.1915e-04],
        [4.4860e-02, 2.1915e-04, 1.0561e-08],
        [2.1915e-04, 1.0561e-08, 5.0070e-17]])
2023-12-03 20:44:44,192 | INFO | hi-lo.kernel-accessor : Fetching kernel: gumbel
2023-12-03 20:44:44,193 | INFO | hi-lo.gumbel-kernel : MU (LOCATION): -1.3757331371307373 | BETA (SCALE): 1.9507163763046265
2023-12-03 20:44:44,193 | INFO | hi-lo.gumbel-kernel : TOP-RIGHT
tensor([[2.1897e-04, 3.5729e-02, 9.2789e-01],
        [6.2385e-08, 2.1897e-04, 3.5729e-02],
        [1.0584e-13, 6.2385e-08, 2.1897e-04]])
2023-12-03 20:44:52,782 | INFO | hi-lo : END EPOCH:   7 | ACCURACY: 46.56 | LOSS: 1.482210636138916
2023-12-03 20:44:52,782 | INFO | hi-lo : BEGIN EPOCH 8 =========================================================================
2023-12-03 20:44:52,782 | INFO | hi-lo.kernel-accessor : Fetching kernel: gumbel
2023-12-03 20:44:52,783 | INFO | hi-lo.gumbel-kernel : MU (LOCATION): -0.009447267279028893 | BETA (SCALE): 0.5192177295684814
2023-12-03 20:44:52,783 | INFO | hi-lo.gumbel-kernel : TOP-LEFT
tensor([[9.9933e-01, 3.3355e-04, 3.7217e-23],
        [3.3355e-04, 3.7218e-23, 0.0000e+00],
        [3.7217e-23, 0.0000e+00, 0.0000e+00]])
2023-12-03 20:44:52,783 | INFO | hi-lo.kernel-accessor : Fetching kernel: gumbel
2023-12-03 20:44:52,784 | INFO | hi-lo.gumbel-kernel : MU (LOCATION): -0.5521292090415955 | BETA (SCALE): 1.0144115686416626
2023-12-03 20:44:52,784 | INFO | hi-lo.gumbel-kernel : TOP-RIGHT
tensor([[1.4707e-09, 2.5280e-03, 9.9494e-01],
        [1.5019e-25, 1.4707e-09, 2.5280e-03],
        [0.0000e+00, 1.5019e-25, 1.4707e-09]])
2023-12-03 20:44:52,784 | INFO | hi-lo.kernel-accessor : Fetching kernel: gumbel
2023-12-03 20:44:52,784 | INFO | hi-lo.gumbel-kernel : MU (LOCATION): 1 | BETA (SCALE): 1
2023-12-03 20:44:52,784 | INFO | hi-lo.gumbel-kernel : STATIC
tensor([[5.6765e-01, 1.6550e-01, 3.2357e-02],
        [1.6550e-01, 3.2357e-02, 2.1352e-03],
        [3.2357e-02, 2.1352e-03, 7.3562e-06]])
2023-12-03 20:44:52,784 | INFO | hi-lo.kernel-accessor : Fetching kernel: gumbel
2023-12-03 20:44:52,785 | INFO | hi-lo.gumbel-kernel : MU (LOCATION): -1.881380319595337 | BETA (SCALE): 2.6810412406921387
2023-12-03 20:44:52,785 | INFO | hi-lo.gumbel-kernel : TOP-RIGHT
tensor([[4.2215e-03, 8.8624e-02, 8.0997e-01],
        [6.0108e-05, 4.2215e-03, 8.8624e-02],
        [1.4821e-07, 6.0108e-05, 4.2215e-03]])
2023-12-03 20:45:01,342 | INFO | hi-lo : END EPOCH:   8 | ACCURACY: 48.3 | LOSS: 1.273950219154358
2023-12-03 20:45:01,342 | INFO | hi-lo : BEGIN EPOCH 9 =========================================================================
2023-12-03 20:45:01,343 | INFO | hi-lo.kernel-accessor : Fetching kernel: gumbel
2023-12-03 20:45:01,343 | INFO | hi-lo.gumbel-kernel : MU (LOCATION): 0.036456912755966187 | BETA (SCALE): 0.5414804816246033
2023-12-03 20:45:01,344 | INFO | hi-lo.gumbel-kernel : TOP-LEFT
tensor([[9.9704e-01, 1.4788e-03, 3.3074e-17],
        [1.4788e-03, 3.3074e-17, 0.0000e+00],
        [3.3074e-17, 0.0000e+00, 0.0000e+00]])
2023-12-03 20:45:01,344 | INFO | hi-lo.kernel-accessor : Fetching kernel: gumbel
2023-12-03 20:45:01,344 | INFO | hi-lo.gumbel-kernel : MU (LOCATION): -0.5079301595687866 | BETA (SCALE): 1.06517493724823
2023-12-03 20:45:01,345 | INFO | hi-lo.gumbel-kernel : TOP-LEFT
tensor([[9.8643e-01, 6.7838e-03, 8.6426e-08],
        [6.7838e-03, 8.6426e-08, 1.1367e-19],
        [8.6426e-08, 1.1367e-19, 0.0000e+00]])
2023-12-03 20:45:01,345 | INFO | hi-lo.kernel-accessor : Fetching kernel: gumbel
2023-12-03 20:45:01,346 | INFO | hi-lo.gumbel-kernel : MU (LOCATION): -1.4112693071365356 | BETA (SCALE): 2.785865306854248
2023-12-03 20:45:01,346 | INFO | hi-lo.gumbel-kernel : TOP-LEFT
tensor([[6.6240e-01, 1.4083e-01, 1.7913e-02],
        [1.4083e-01, 1.7913e-02, 1.0922e-03],
        [1.7913e-02, 1.0922e-03, 2.3232e-05]])
2023-12-03 20:45:01,346 | INFO | hi-lo.kernel-accessor : Fetching kernel: gumbel
2023-12-03 20:45:01,347 | INFO | hi-lo.gumbel-kernel : MU (LOCATION): -1.0749869346618652 | BETA (SCALE): 1.9385353326797485
2023-12-03 20:45:01,347 | INFO | hi-lo.gumbel-kernel : TOP-LEFT
tensor([[8.6301e-01, 6.6558e-02, 1.2894e-03],
        [6.6558e-02, 1.2894e-03, 2.4693e-06],
        [1.2894e-03, 2.4693e-06, 9.8013e-11]])
2023-12-03 20:45:09,960 | INFO | hi-lo : END EPOCH:   9 | ACCURACY: 53.21 | LOSS: 1.3035801649093628
2023-12-03 20:45:09,961 | INFO | hi-lo : BEGIN EPOCH 10 =========================================================================
2023-12-03 20:45:09,961 | INFO | hi-lo.kernel-accessor : Fetching kernel: gumbel
2023-12-03 20:45:09,962 | INFO | hi-lo.gumbel-kernel : MU (LOCATION): 0.02516661211848259 | BETA (SCALE): 0.4656030535697937
2023-12-03 20:45:09,962 | INFO | hi-lo.gumbel-kernel : TOP-LEFT
tensor([[9.9974e-01, 1.3125e-04, 8.4188e-31],
        [1.3125e-04, 8.4188e-31, 0.0000e+00],
        [8.4188e-31, 0.0000e+00, 0.0000e+00]])
2023-12-03 20:45:09,962 | INFO | hi-lo.kernel-accessor : Fetching kernel: gumbel
2023-12-03 20:45:09,963 | INFO | hi-lo.gumbel-kernel : MU (LOCATION): 1 | BETA (SCALE): 1
2023-12-03 20:45:09,963 | INFO | hi-lo.gumbel-kernel : STATIC
tensor([[5.6765e-01, 1.6550e-01, 3.2357e-02],
        [1.6550e-01, 3.2357e-02, 2.1352e-03],
        [3.2357e-02, 2.1352e-03, 7.3562e-06]])
2023-12-03 20:45:09,963 | INFO | hi-lo.kernel-accessor : Fetching kernel: gumbel
2023-12-03 20:45:09,964 | INFO | hi-lo.gumbel-kernel : MU (LOCATION): 1 | BETA (SCALE): 1
2023-12-03 20:45:09,964 | INFO | hi-lo.gumbel-kernel : STATIC
tensor([[5.6765e-01, 1.6550e-01, 3.2357e-02],
        [1.6550e-01, 3.2357e-02, 2.1352e-03],
        [3.2357e-02, 2.1352e-03, 7.3562e-06]])
2023-12-03 20:45:09,964 | INFO | hi-lo.kernel-accessor : Fetching kernel: gumbel
2023-12-03 20:45:09,965 | INFO | hi-lo.gumbel-kernel : MU (LOCATION): 1 | BETA (SCALE): 1
2023-12-03 20:45:09,965 | INFO | hi-lo.gumbel-kernel : STATIC
tensor([[5.6765e-01, 1.6550e-01, 3.2357e-02],
        [1.6550e-01, 3.2357e-02, 2.1352e-03],
        [3.2357e-02, 2.1352e-03, 7.3562e-06]])
2023-12-03 20:45:18,583 | INFO | hi-lo : END EPOCH:  10 | ACCURACY: 59.38 | LOSS: 1.1616125106811523
2023-12-03 20:45:18,583 | INFO | hi-lo : BEGIN EPOCH 11 =========================================================================
2023-12-03 20:45:18,584 | INFO | hi-lo.kernel-accessor : Fetching kernel: gumbel
2023-12-03 20:45:18,584 | INFO | hi-lo.gumbel-kernel : MU (LOCATION): -0.11940278857946396 | BETA (SCALE): 0.5022855401039124
2023-12-03 20:45:18,585 | INFO | hi-lo.gumbel-kernel : TOP-RIGHT
tensor([[3.2506e-39, 5.2284e-06, 9.9999e-01],
        [0.0000e+00, 3.2507e-39, 5.2284e-06],
        [0.0000e+00, 0.0000e+00, 3.2506e-39]])
2023-12-03 20:45:18,585 | INFO | hi-lo.kernel-accessor : Fetching kernel: gumbel
2023-12-03 20:45:18,586 | INFO | hi-lo.gumbel-kernel : MU (LOCATION): -0.6871168613433838 | BETA (SCALE): 0.9621273875236511
2023-12-03 20:45:18,586 | INFO | hi-lo.gumbel-kernel : TOP-RIGHT
tensor([[2.6616e-14, 1.7283e-04, 9.9965e-01],
        [3.2074e-41, 2.6616e-14, 1.7283e-04],
        [0.0000e+00, 3.2074e-41, 2.6616e-14]])
2023-12-03 20:45:18,586 | INFO | hi-lo.kernel-accessor : Fetching kernel: gumbel
2023-12-03 20:45:18,587 | INFO | hi-lo.gumbel-kernel : MU (LOCATION): -0.7882853746414185 | BETA (SCALE): 2.1281368732452393
2023-12-03 20:45:18,587 | INFO | hi-lo.gumbel-kernel : TOP-RIGHT
tensor([[1.0591e-02, 1.2683e-01, 7.1404e-01],
        [2.6440e-04, 1.0591e-02, 1.2683e-01],
        [9.5653e-07, 2.6440e-04, 1.0591e-02]])
2023-12-03 20:45:18,587 | INFO | hi-lo.kernel-accessor : Fetching kernel: gumbel
2023-12-03 20:45:18,588 | INFO | hi-lo.gumbel-kernel : MU (LOCATION): -1.649585247039795 | BETA (SCALE): 2.355943441390991
2023-12-03 20:45:18,588 | INFO | hi-lo.gumbel-kernel : TOP-RIGHT
tensor([[1.6278e-03, 6.6081e-02, 8.6294e-01],
        [7.0807e-06, 1.6278e-03, 6.6081e-02],
        [2.1745e-09, 7.0807e-06, 1.6278e-03]])
2023-12-03 20:45:27,168 | INFO | hi-lo : END EPOCH:  11 | ACCURACY: 59.38 | LOSS: 1.388836145401001
2023-12-03 20:45:27,168 | INFO | hi-lo : BEGIN EPOCH 12 =========================================================================
2023-12-03 20:45:27,168 | INFO | hi-lo.kernel-accessor : Fetching kernel: gumbel
2023-12-03 20:45:27,169 | INFO | hi-lo.gumbel-kernel : MU (LOCATION): -0.02934664487838745 | BETA (SCALE): 0.48312515020370483
2023-12-03 20:45:27,170 | INFO | hi-lo.gumbel-kernel : TOP-RIGHT
tensor([[8.0012e-33, 5.0780e-05, 9.9990e-01],
        [0.0000e+00, 8.0012e-33, 5.0780e-05],
        [0.0000e+00, 0.0000e+00, 8.0012e-33]])
2023-12-03 20:45:27,170 | INFO | hi-lo.kernel-accessor : Fetching kernel: gumbel
2023-12-03 20:45:27,170 | INFO | hi-lo.gumbel-kernel : MU (LOCATION): -0.6373546123504639 | BETA (SCALE): 0.9205765128135681
2023-12-03 20:45:27,171 | INFO | hi-lo.gumbel-kernel : TOP-LEFT
tensor([[9.9973e-01, 1.3278e-04, 3.6450e-15],
        [1.3278e-04, 3.6450e-15, 0.0000e+00],
        [3.6450e-15, 0.0000e+00, 0.0000e+00]])
2023-12-03 20:45:27,171 | INFO | hi-lo.kernel-accessor : Fetching kernel: gumbel
2023-12-03 20:45:27,171 | INFO | hi-lo.gumbel-kernel : MU (LOCATION): -0.9104844927787781 | BETA (SCALE): 2.2341551780700684
2023-12-03 20:45:27,172 | INFO | hi-lo.gumbel-kernel : TOP-RIGHT
tensor([[1.1044e-02, 1.2711e-01, 7.1203e-01],
        [3.1103e-04, 1.1044e-02, 1.2711e-01],
        [1.5031e-06, 3.1103e-04, 1.1044e-02]])
2023-12-03 20:45:27,172 | INFO | hi-lo.kernel-accessor : Fetching kernel: gumbel
2023-12-03 20:45:27,172 | INFO | hi-lo.gumbel-kernel : MU (LOCATION): 1 | BETA (SCALE): 1
2023-12-03 20:45:27,173 | INFO | hi-lo.gumbel-kernel : STATIC
tensor([[5.6765e-01, 1.6550e-01, 3.2357e-02],
        [1.6550e-01, 3.2357e-02, 2.1352e-03],
        [3.2357e-02, 2.1352e-03, 7.3562e-06]])
2023-12-03 20:45:35,759 | INFO | hi-lo : END EPOCH:  12 | ACCURACY: 57.03 | LOSS: 1.5783812999725342
2023-12-03 20:45:35,759 | INFO | hi-lo : BEGIN EPOCH 13 =========================================================================
2023-12-03 20:45:35,759 | INFO | hi-lo.kernel-accessor : Fetching kernel: gumbel
2023-12-03 20:45:35,760 | INFO | hi-lo.gumbel-kernel : MU (LOCATION): -0.08347295224666595 | BETA (SCALE): 0.541571855545044
2023-12-03 20:45:35,761 | INFO | hi-lo.gumbel-kernel : TOP-LEFT
tensor([[9.9978e-01, 1.1041e-04, 1.7646e-25],
        [1.1041e-04, 1.7646e-25, 0.0000e+00],
        [1.7646e-25, 0.0000e+00, 0.0000e+00]])
2023-12-03 20:45:35,761 | INFO | hi-lo.kernel-accessor : Fetching kernel: gumbel
2023-12-03 20:45:35,762 | INFO | hi-lo.gumbel-kernel : MU (LOCATION): 1 | BETA (SCALE): 1
2023-12-03 20:45:35,762 | INFO | hi-lo.gumbel-kernel : STATIC
tensor([[5.6765e-01, 1.6550e-01, 3.2357e-02],
        [1.6550e-01, 3.2357e-02, 2.1352e-03],
        [3.2357e-02, 2.1352e-03, 7.3562e-06]])
2023-12-03 20:45:35,762 | INFO | hi-lo.kernel-accessor : Fetching kernel: gumbel
2023-12-03 20:45:35,763 | INFO | hi-lo.gumbel-kernel : MU (LOCATION): 1 | BETA (SCALE): 1
2023-12-03 20:45:35,763 | INFO | hi-lo.gumbel-kernel : STATIC
tensor([[5.6765e-01, 1.6550e-01, 3.2357e-02],
        [1.6550e-01, 3.2357e-02, 2.1352e-03],
        [3.2357e-02, 2.1352e-03, 7.3562e-06]])
2023-12-03 20:45:35,764 | INFO | hi-lo.kernel-accessor : Fetching kernel: gumbel
2023-12-03 20:45:35,764 | INFO | hi-lo.gumbel-kernel : MU (LOCATION): 1 | BETA (SCALE): 1
2023-12-03 20:45:35,765 | INFO | hi-lo.gumbel-kernel : STATIC
tensor([[5.6765e-01, 1.6550e-01, 3.2357e-02],
        [1.6550e-01, 3.2357e-02, 2.1352e-03],
        [3.2357e-02, 2.1352e-03, 7.3562e-06]])
2023-12-03 20:45:44,406 | INFO | hi-lo : END EPOCH:  13 | ACCURACY: 70.31 | LOSS: 1.106152057647705
2023-12-03 20:45:44,406 | INFO | hi-lo : BEGIN EPOCH 14 =========================================================================
2023-12-03 20:45:44,407 | INFO | hi-lo.kernel-accessor : Fetching kernel: gumbel
2023-12-03 20:45:44,407 | INFO | hi-lo.gumbel-kernel : MU (LOCATION): -0.04489633068442345 | BETA (SCALE): 0.472117155790329
2023-12-03 20:45:44,408 | INFO | hi-lo.gumbel-kernel : TOP-LEFT
tensor([[9.9997e-01, 1.7278e-05, 2.3147e-38],
        [1.7278e-05, 2.3147e-38, 0.0000e+00],
        [2.3147e-38, 0.0000e+00, 0.0000e+00]])
2023-12-03 20:45:44,408 | INFO | hi-lo.kernel-accessor : Fetching kernel: gumbel
2023-12-03 20:45:44,409 | INFO | hi-lo.gumbel-kernel : MU (LOCATION): -0.5812780261039734 | BETA (SCALE): 0.8485642075538635
2023-12-03 20:45:44,409 | INFO | hi-lo.gumbel-kernel : TOP-LEFT
tensor([[9.9991e-01, 4.4021e-05, 4.3615e-18],
        [4.4021e-05, 4.3615e-18, 0.0000e+00],
        [4.3615e-18, 0.0000e+00, 0.0000e+00]])
2023-12-03 20:45:44,409 | INFO | hi-lo.kernel-accessor : Fetching kernel: gumbel
2023-12-03 20:45:44,410 | INFO | hi-lo.gumbel-kernel : MU (LOCATION): 1 | BETA (SCALE): 1
2023-12-03 20:45:44,410 | INFO | hi-lo.gumbel-kernel : STATIC
tensor([[5.6765e-01, 1.6550e-01, 3.2357e-02],
        [1.6550e-01, 3.2357e-02, 2.1352e-03],
        [3.2357e-02, 2.1352e-03, 7.3562e-06]])
2023-12-03 20:45:44,411 | INFO | hi-lo.kernel-accessor : Fetching kernel: gumbel
2023-12-03 20:45:44,411 | INFO | hi-lo.gumbel-kernel : MU (LOCATION): 1 | BETA (SCALE): 1
2023-12-03 20:45:44,412 | INFO | hi-lo.gumbel-kernel : STATIC
tensor([[5.6765e-01, 1.6550e-01, 3.2357e-02],
        [1.6550e-01, 3.2357e-02, 2.1352e-03],
        [3.2357e-02, 2.1352e-03, 7.3562e-06]])
2023-12-03 20:45:53,055 | INFO | hi-lo : END EPOCH:  14 | ACCURACY: 57.48 | LOSS: 1.1884757280349731
2023-12-03 20:45:53,056 | INFO | hi-lo : BEGIN EPOCH 15 =========================================================================
2023-12-03 20:45:53,056 | INFO | hi-lo.kernel-accessor : Fetching kernel: gumbel
2023-12-03 20:45:53,057 | INFO | hi-lo.gumbel-kernel : MU (LOCATION): -0.1549590826034546 | BETA (SCALE): 0.4690965414047241
2023-12-03 20:45:53,057 | INFO | hi-lo.gumbel-kernel : TOP-LEFT
tensor([[1.0000e+00, 6.7155e-08, 0.0000e+00],
        [6.7155e-08, 0.0000e+00, 0.0000e+00],
        [0.0000e+00, 0.0000e+00, 0.0000e+00]])
2023-12-03 20:45:53,058 | INFO | hi-lo.kernel-accessor : Fetching kernel: gumbel
2023-12-03 20:45:53,058 | INFO | hi-lo.gumbel-kernel : MU (LOCATION): 1 | BETA (SCALE): 1
2023-12-03 20:45:53,059 | INFO | hi-lo.gumbel-kernel : STATIC
tensor([[5.6765e-01, 1.6550e-01, 3.2357e-02],
        [1.6550e-01, 3.2357e-02, 2.1352e-03],
        [3.2357e-02, 2.1352e-03, 7.3562e-06]])
2023-12-03 20:45:53,059 | INFO | hi-lo.kernel-accessor : Fetching kernel: gumbel
2023-12-03 20:45:53,059 | INFO | hi-lo.gumbel-kernel : MU (LOCATION): 1 | BETA (SCALE): 1
2023-12-03 20:45:53,060 | INFO | hi-lo.gumbel-kernel : STATIC
tensor([[5.6765e-01, 1.6550e-01, 3.2357e-02],
        [1.6550e-01, 3.2357e-02, 2.1352e-03],
        [3.2357e-02, 2.1352e-03, 7.3562e-06]])
2023-12-03 20:45:53,060 | INFO | hi-lo.kernel-accessor : Fetching kernel: gumbel
2023-12-03 20:45:53,060 | INFO | hi-lo.gumbel-kernel : MU (LOCATION): 1 | BETA (SCALE): 1
2023-12-03 20:45:53,061 | INFO | hi-lo.gumbel-kernel : STATIC
tensor([[5.6765e-01, 1.6550e-01, 3.2357e-02],
        [1.6550e-01, 3.2357e-02, 2.1352e-03],
        [3.2357e-02, 2.1352e-03, 7.3562e-06]])
2023-12-03 20:46:01,668 | INFO | hi-lo : END EPOCH:  15 | ACCURACY: 60.74 | LOSS: 1.0738657712936401
2023-12-03 20:46:01,668 | INFO | hi-lo : BEGIN EPOCH 16 =========================================================================
2023-12-03 20:46:01,668 | INFO | hi-lo.kernel-accessor : Fetching kernel: gumbel
2023-12-03 20:46:01,669 | INFO | hi-lo.gumbel-kernel : MU (LOCATION): 0.05570971965789795 | BETA (SCALE): 0.5121499300003052
2023-12-03 20:46:01,669 | INFO | hi-lo.gumbel-kernel : TOP-LEFT
tensor([[9.9781e-01, 1.0926e-03, 2.0123e-19],
        [1.0926e-03, 2.0123e-19, 0.0000e+00],
        [2.0123e-19, 0.0000e+00, 0.0000e+00]])
2023-12-03 20:46:01,669 | INFO | hi-lo.kernel-accessor : Fetching kernel: gumbel
2023-12-03 20:46:01,670 | INFO | hi-lo.gumbel-kernel : MU (LOCATION): -0.5758564472198486 | BETA (SCALE): 0.8809427618980408
2023-12-03 20:46:01,670 | INFO | hi-lo.gumbel-kernel : TOP-LEFT
tensor([[9.9974e-01, 1.3093e-04, 1.1912e-15],
        [1.3093e-04, 1.1912e-15, 0.0000e+00],
        [1.1912e-15, 0.0000e+00, 0.0000e+00]])
2023-12-03 20:46:01,670 | INFO | hi-lo.kernel-accessor : Fetching kernel: gumbel
2023-12-03 20:46:01,671 | INFO | hi-lo.gumbel-kernel : MU (LOCATION): 1 | BETA (SCALE): 1
2023-12-03 20:46:01,671 | INFO | hi-lo.gumbel-kernel : STATIC
tensor([[5.6765e-01, 1.6550e-01, 3.2357e-02],
        [1.6550e-01, 3.2357e-02, 2.1352e-03],
        [3.2357e-02, 2.1352e-03, 7.3562e-06]])
2023-12-03 20:46:01,671 | INFO | hi-lo.kernel-accessor : Fetching kernel: gumbel
2023-12-03 20:46:01,672 | INFO | hi-lo.gumbel-kernel : MU (LOCATION): -1.2150115966796875 | BETA (SCALE): 1.8135251998901367
2023-12-03 20:46:01,672 | INFO | hi-lo.gumbel-kernel : TOP-LEFT
tensor([[9.3470e-01, 3.2437e-02, 1.4247e-04],
        [3.2437e-02, 1.4247e-04, 1.7311e-08],
        [1.4247e-04, 1.7311e-08, 4.1544e-15]])
2023-12-03 20:46:10,296 | INFO | hi-lo : END EPOCH:  16 | ACCURACY: 55.83 | LOSS: 1.1488231420516968
2023-12-03 20:46:10,296 | INFO | hi-lo : BEGIN EPOCH 17 =========================================================================
2023-12-03 20:46:10,296 | INFO | hi-lo.kernel-accessor : Fetching kernel: gumbel
2023-12-03 20:46:10,297 | INFO | hi-lo.gumbel-kernel : MU (LOCATION): -0.031938206404447556 | BETA (SCALE): 0.4881746470928192
2023-12-03 20:46:10,298 | INFO | hi-lo.gumbel-kernel : TOP-RIGHT
tensor([[8.6993e-32, 5.8362e-05, 9.9988e-01],
        [0.0000e+00, 8.6996e-32, 5.8362e-05],
        [0.0000e+00, 0.0000e+00, 8.6993e-32]])
2023-12-03 20:46:10,298 | INFO | hi-lo.kernel-accessor : Fetching kernel: gumbel
2023-12-03 20:46:10,298 | INFO | hi-lo.gumbel-kernel : MU (LOCATION): 1 | BETA (SCALE): 1
2023-12-03 20:46:10,299 | INFO | hi-lo.gumbel-kernel : STATIC
tensor([[5.6765e-01, 1.6550e-01, 3.2357e-02],
        [1.6550e-01, 3.2357e-02, 2.1352e-03],
        [3.2357e-02, 2.1352e-03, 7.3562e-06]])
2023-12-03 20:46:10,299 | INFO | hi-lo.kernel-accessor : Fetching kernel: gumbel
2023-12-03 20:46:10,299 | INFO | hi-lo.gumbel-kernel : MU (LOCATION): 1 | BETA (SCALE): 1
2023-12-03 20:46:10,300 | INFO | hi-lo.gumbel-kernel : STATIC
tensor([[5.6765e-01, 1.6550e-01, 3.2357e-02],
        [1.6550e-01, 3.2357e-02, 2.1352e-03],
        [3.2357e-02, 2.1352e-03, 7.3562e-06]])
2023-12-03 20:46:10,300 | INFO | hi-lo.kernel-accessor : Fetching kernel: gumbel
2023-12-03 20:46:10,300 | INFO | hi-lo.gumbel-kernel : MU (LOCATION): -1.5057015419006348 | BETA (SCALE): 2.286822557449341
2023-12-03 20:46:10,301 | INFO | hi-lo.gumbel-kernel : TOP-RIGHT
tensor([[1.9286e-03, 7.1063e-02, 8.5207e-01],
        [9.2006e-06, 1.9286e-03, 7.1063e-02],
        [2.9735e-09, 9.2006e-06, 1.9286e-03]])
2023-12-03 20:46:18,930 | INFO | hi-lo : END EPOCH:  17 | ACCURACY: 57.03 | LOSS: 1.557084083557129
2023-12-03 20:46:18,930 | INFO | hi-lo : BEGIN EPOCH 18 =========================================================================
2023-12-03 20:46:18,931 | INFO | hi-lo.kernel-accessor : Fetching kernel: gumbel
2023-12-03 20:46:18,931 | INFO | hi-lo.gumbel-kernel : MU (LOCATION): -0.11750199645757675 | BETA (SCALE): 0.5014159083366394
2023-12-03 20:46:18,932 | INFO | hi-lo.gumbel-kernel : TOP-RIGHT
tensor([[3.1528e-39, 5.3584e-06, 9.9999e-01],
        [0.0000e+00, 3.1528e-39, 5.3584e-06],
        [0.0000e+00, 0.0000e+00, 3.1528e-39]])
2023-12-03 20:46:18,932 | INFO | hi-lo.kernel-accessor : Fetching kernel: gumbel
2023-12-03 20:46:18,933 | INFO | hi-lo.gumbel-kernel : MU (LOCATION): -0.7275607585906982 | BETA (SCALE): 1.011304497718811
2023-12-03 20:46:18,933 | INFO | hi-lo.gumbel-kernel : TOP-LEFT
tensor([[9.9940e-01, 3.0170e-04, 5.5214e-13],
        [3.0170e-04, 5.5214e-13, 9.5486e-36],
        [5.5214e-13, 9.5486e-36, 0.0000e+00]])
2023-12-03 20:46:18,933 | INFO | hi-lo.kernel-accessor : Fetching kernel: gumbel
2023-12-03 20:46:18,934 | INFO | hi-lo.gumbel-kernel : MU (LOCATION): 1 | BETA (SCALE): 1
2023-12-03 20:46:18,934 | INFO | hi-lo.gumbel-kernel : STATIC
tensor([[5.6765e-01, 1.6550e-01, 3.2357e-02],
        [1.6550e-01, 3.2357e-02, 2.1352e-03],
        [3.2357e-02, 2.1352e-03, 7.3562e-06]])
2023-12-03 20:46:18,934 | INFO | hi-lo.kernel-accessor : Fetching kernel: gumbel
2023-12-03 20:46:18,935 | INFO | hi-lo.gumbel-kernel : MU (LOCATION): -1.4274322986602783 | BETA (SCALE): 2.1151442527770996
2023-12-03 20:46:18,935 | INFO | hi-lo.gumbel-kernel : TOP-RIGHT
tensor([[7.9812e-04, 5.3905e-02, 8.8979e-01],
        [1.2324e-06, 7.9812e-04, 5.3905e-02],
        [5.0606e-11, 1.2324e-06, 7.9812e-04]])
2023-12-03 20:46:27,627 | INFO | hi-lo : END EPOCH:  18 | ACCURACY: 67.19 | LOSS: 1.3211151361465454
2023-12-03 20:46:27,627 | INFO | hi-lo : BEGIN EPOCH 19 =========================================================================
2023-12-03 20:46:27,628 | INFO | hi-lo.kernel-accessor : Fetching kernel: gumbel
2023-12-03 20:46:27,628 | INFO | hi-lo.gumbel-kernel : MU (LOCATION): 1 | BETA (SCALE): 1
2023-12-03 20:46:27,629 | INFO | hi-lo.gumbel-kernel : STATIC
tensor([[5.6765e-01, 1.6550e-01, 3.2357e-02],
        [1.6550e-01, 3.2357e-02, 2.1352e-03],
        [3.2357e-02, 2.1352e-03, 7.3562e-06]])
2023-12-03 20:46:27,629 | INFO | hi-lo.kernel-accessor : Fetching kernel: gumbel
2023-12-03 20:46:27,630 | INFO | hi-lo.gumbel-kernel : MU (LOCATION): -0.5743353366851807 | BETA (SCALE): 0.9898601174354553
2023-12-03 20:46:27,630 | INFO | hi-lo.gumbel-kernel : TOP-LEFT
tensor([[9.9724e-01, 1.3796e-03, 1.1331e-10],
        [1.3796e-03, 1.1331e-10, 2.2997e-29],
        [1.1331e-10, 2.2997e-29, 0.0000e+00]])
2023-12-03 20:46:27,630 | INFO | hi-lo.kernel-accessor : Fetching kernel: gumbel
2023-12-03 20:46:27,631 | INFO | hi-lo.gumbel-kernel : MU (LOCATION): -1.4664196968078613 | BETA (SCALE): 2.924527168273926
2023-12-03 20:46:27,631 | INFO | hi-lo.gumbel-kernel : TOP-LEFT
tensor([[6.3395e-01, 1.4822e-01, 2.2030e-02],
        [1.4822e-01, 2.2030e-02, 1.7304e-03],
        [2.2030e-02, 1.7304e-03, 5.5387e-05]])
2023-12-03 20:46:27,631 | INFO | hi-lo.kernel-accessor : Fetching kernel: gumbel
2023-12-03 20:46:27,632 | INFO | hi-lo.gumbel-kernel : MU (LOCATION): 1 | BETA (SCALE): 1
2023-12-03 20:46:27,632 | INFO | hi-lo.gumbel-kernel : STATIC
tensor([[5.6765e-01, 1.6550e-01, 3.2357e-02],
        [1.6550e-01, 3.2357e-02, 2.1352e-03],
        [3.2357e-02, 2.1352e-03, 7.3562e-06]])
2023-12-03 20:46:36,379 | INFO | hi-lo : END EPOCH:  19 | ACCURACY: 53.91 | LOSS: 1.3269215822219849
2023-12-03 20:46:36,379 | INFO | hi-lo : BEGIN EPOCH 20 =========================================================================
2023-12-03 20:46:36,379 | INFO | hi-lo.kernel-accessor : Fetching kernel: gumbel
2023-12-03 20:46:36,379 | INFO | hi-lo.gumbel-kernel : MU (LOCATION): 1 | BETA (SCALE): 1
2023-12-03 20:46:36,380 | INFO | hi-lo.gumbel-kernel : STATIC
tensor([[5.6765e-01, 1.6550e-01, 3.2357e-02],
        [1.6550e-01, 3.2357e-02, 2.1352e-03],
        [3.2357e-02, 2.1352e-03, 7.3562e-06]])
2023-12-03 20:46:36,380 | INFO | hi-lo.kernel-accessor : Fetching kernel: gumbel
2023-12-03 20:46:36,380 | INFO | hi-lo.gumbel-kernel : MU (LOCATION): 1 | BETA (SCALE): 1
2023-12-03 20:46:36,380 | INFO | hi-lo.gumbel-kernel : STATIC
tensor([[5.6765e-01, 1.6550e-01, 3.2357e-02],
        [1.6550e-01, 3.2357e-02, 2.1352e-03],
        [3.2357e-02, 2.1352e-03, 7.3562e-06]])
2023-12-03 20:46:36,380 | INFO | hi-lo.kernel-accessor : Fetching kernel: gumbel
2023-12-03 20:46:36,381 | INFO | hi-lo.gumbel-kernel : MU (LOCATION): -1.2877473831176758 | BETA (SCALE): 2.7287981510162354
2023-12-03 20:46:36,381 | INFO | hi-lo.gumbel-kernel : TOP-RIGHT
tensor([[1.9414e-02, 1.4451e-01, 6.5018e-01],
        [1.2616e-03, 1.9414e-02, 1.4451e-01],
        [2.8751e-05, 1.2616e-03, 1.9414e-02]])
2023-12-03 20:46:36,381 | INFO | hi-lo.kernel-accessor : Fetching kernel: gumbel
2023-12-03 20:46:36,381 | INFO | hi-lo.gumbel-kernel : MU (LOCATION): -1.7722563743591309 | BETA (SCALE): 2.7808215618133545
2023-12-03 20:46:36,381 | INFO | hi-lo.gumbel-kernel : TOP-LEFT
tensor([[7.5115e-01, 1.1148e-01, 8.4662e-03],
        [1.1148e-01, 8.4662e-03, 2.4620e-04],
        [8.4662e-03, 2.4620e-04, 1.8096e-06]])
2023-12-03 20:46:45,020 | INFO | hi-lo : END EPOCH:  20 | ACCURACY: 58.59 | LOSS: 1.3136284351348877
2023-12-03 20:46:45,020 | INFO | hi-lo : BEGIN EPOCH 21 =========================================================================
2023-12-03 20:46:45,020 | INFO | hi-lo.kernel-accessor : Fetching kernel: gumbel
2023-12-03 20:46:45,021 | INFO | hi-lo.gumbel-kernel : MU (LOCATION): -0.07389065623283386 | BETA (SCALE): 0.44533368945121765
2023-12-03 20:46:45,021 | INFO | hi-lo.gumbel-kernel : TOP-RIGHT
tensor([[0.0000e+00, 8.1980e-07, 1.0000e+00],
        [0.0000e+00, 0.0000e+00, 8.1980e-07],
        [0.0000e+00, 0.0000e+00, 0.0000e+00]])
2023-12-03 20:46:45,021 | INFO | hi-lo.kernel-accessor : Fetching kernel: gumbel
2023-12-03 20:46:45,021 | INFO | hi-lo.gumbel-kernel : MU (LOCATION): 1 | BETA (SCALE): 1
2023-12-03 20:46:45,022 | INFO | hi-lo.gumbel-kernel : STATIC
tensor([[5.6765e-01, 1.6550e-01, 3.2357e-02],
        [1.6550e-01, 3.2357e-02, 2.1352e-03],
        [3.2357e-02, 2.1352e-03, 7.3562e-06]])
2023-12-03 20:46:45,022 | INFO | hi-lo.kernel-accessor : Fetching kernel: gumbel
2023-12-03 20:46:45,022 | INFO | hi-lo.gumbel-kernel : MU (LOCATION): -0.6257776021957397 | BETA (SCALE): 1.8108247518539429
2023-12-03 20:46:45,022 | INFO | hi-lo.gumbel-kernel : TOP-LEFT
tensor([[7.7993e-01, 1.0309e-01, 4.6068e-03],
        [1.0309e-01, 4.6068e-03, 3.1286e-05],
        [4.6068e-03, 3.1286e-05, 8.0526e-09]])
2023-12-03 20:46:45,022 | INFO | hi-lo.kernel-accessor : Fetching kernel: gumbel
2023-12-03 20:46:45,022 | INFO | hi-lo.gumbel-kernel : MU (LOCATION): -1.354597568511963 | BETA (SCALE): 1.938385009765625
