2023-10-12 19:21:01,805 | INFO | hi-lo : 
+=========================================================================+
|  ______     ______   ______    ___         ___        ______   _______  |
| /| ___ \  // ____ \ /| ___ \  /| |        /| |      // ____ \ /| ___  \ |
| /| |//\ \ /| |//| | /| |//\ \ /| |        /| |      /| |//| | /| |//| | |
| /| | /| | /| ____ | /| | /| | /| |        /| |      /| ____ | /| ___  / |
| /| |_// / /| |//| | /| |_// / /| |____    /| |____  /| |//| | /| |//\ \ |
| /|_____/  /|_| /|_| /|_____/  /|______|   /|______| /|_| /|_| /|______/ |
| ///////   ///  ///  //////    ////////    ////////  ///  ///  ////////  |
+=========================================================================+
|                  Hi-Lo Resolution Image Classification                  |
|                  -------------------------------------                  |
|                            Gabriel C. Trahan                            |
|                               Sahan Ahmad                               |
|                            MD  Aminual Islam                            |
+=========================================================================+
| MODEL:                      normal | LR:                            0.1 |
| DISTRO:                    laplace | KERNEL TYPE:                     5 |
| DATASET:                  cifar100 | BATCH SIZE:                     64 |
+=========================================================================+
2023-10-12 19:21:01,805 | INFO | hi-lo : Output directory: output/laplace//5/normal/cifar100/20231012_192101
2023-10-12 19:21:01,805 | INFO | hi-lo.dataset-accessor : Fetching dataset: cifar100
2023-10-12 19:21:01,805 | INFO | hi-lo.cifar100-dataset : Initializing transform.
2023-10-12 19:21:01,805 | INFO | hi-lo.cifar100-dataset : Verifying/downloading train data.
2023-10-12 19:21:02,410 | INFO | hi-lo.cifar100-dataset : Verifying/downloading test data.
2023-10-12 19:21:02,892 | INFO | hi-lo.cifar100-dataset : Creating train data loader.
2023-10-12 19:21:02,892 | INFO | hi-lo.cifar100-dataset : Creating test data loader.
2023-10-12 19:21:03,917 | INFO | hi-lo : Using device: NVIDIA GeForce GTX 1060 6GB
2023-10-12 19:21:03,917 | INFO | hi-lo : Commencing training phase...
2023-10-12 19:21:03,918 | INFO | hi-lo : BEGIN EPOCH 1 =========================================================================
2023-10-12 19:21:03,918 | INFO | hi-lo.kernel-accessor : Fetching kernel: laplace
2023-10-12 19:21:03,919 | INFO | hi-lo.laplace-kernel : MU (LOCATION): 0.0 | SIGMA (SCALE): 1.0
2023-10-12 19:21:03,919 | INFO | hi-lo.laplace-kernel : TOP-RIGHT
tensor([[0.0599, 0.1628, 0.4425],
        [0.0220, 0.0599, 0.1628],
        [0.0081, 0.0220, 0.0599]])
2023-10-12 19:21:03,919 | INFO | hi-lo.kernel-accessor : Fetching kernel: laplace
2023-10-12 19:21:03,920 | INFO | hi-lo.laplace-kernel : MU (LOCATION): 0.0 | SIGMA (SCALE): 1.0
2023-10-12 19:21:03,920 | INFO | hi-lo.laplace-kernel : TOP-RIGHT
tensor([[0.0599, 0.1628, 0.4425],
        [0.0220, 0.0599, 0.1628],
        [0.0081, 0.0220, 0.0599]])
2023-10-12 19:21:03,920 | INFO | hi-lo.kernel-accessor : Fetching kernel: laplace
2023-10-12 19:21:03,920 | INFO | hi-lo.laplace-kernel : MU (LOCATION): 0.0 | SIGMA (SCALE): 1.0
2023-10-12 19:21:03,920 | INFO | hi-lo.laplace-kernel : TOP-LEFT
tensor([[0.4425, 0.1628, 0.0599],
        [0.1628, 0.0599, 0.0220],
        [0.0599, 0.0220, 0.0081]])
2023-10-12 19:21:03,920 | INFO | hi-lo.kernel-accessor : Fetching kernel: laplace
2023-10-12 19:21:03,921 | INFO | hi-lo.laplace-kernel : MU (LOCATION): 0.0 | SIGMA (SCALE): 1.0
2023-10-12 19:21:03,921 | INFO | hi-lo.laplace-kernel : TOP-LEFT
tensor([[0.4425, 0.1628, 0.0599],
        [0.1628, 0.0599, 0.0220],
        [0.0599, 0.0220, 0.0081]])
2023-10-12 19:21:13,209 | INFO | hi-lo : END EPOCH:   1 | ACCURACY: 12.5 | LOSS: 2.3480217456817627
2023-10-12 19:21:13,209 | INFO | hi-lo : BEGIN EPOCH 2 =========================================================================
2023-10-12 19:21:13,209 | INFO | hi-lo.kernel-accessor : Fetching kernel: laplace
2023-10-12 19:21:13,210 | INFO | hi-lo.laplace-kernel : MU (LOCATION): -0.1693091243505478 | SIGMA (SCALE): 0.49581483006477356
2023-10-12 19:21:13,210 | INFO | hi-lo.laplace-kernel : TOP-RIGHT
tensor([[1.3371e-02, 1.0048e-01, 7.5512e-01],
        [1.7793e-03, 1.3371e-02, 1.0048e-01],
        [2.3677e-04, 1.7793e-03, 1.3371e-02]])
2023-10-12 19:21:13,210 | INFO | hi-lo.kernel-accessor : Fetching kernel: laplace
2023-10-12 19:21:13,211 | INFO | hi-lo.laplace-kernel : MU (LOCATION): -1.1921449899673462 | SIGMA (SCALE): 3.2487945556640625
2023-10-12 19:21:13,211 | INFO | hi-lo.laplace-kernel : TOP-RIGHT
tensor([[0.1044, 0.1420, 0.1932],
        [0.0767, 0.1044, 0.1420],
        [0.0564, 0.0767, 0.1044]])
2023-10-12 19:21:13,211 | INFO | hi-lo.kernel-accessor : Fetching kernel: laplace
2023-10-12 19:21:13,212 | INFO | hi-lo.laplace-kernel : MU (LOCATION): -9.01125431060791 | SIGMA (SCALE): 24.543458938598633
2023-10-12 19:21:13,212 | INFO | hi-lo.laplace-kernel : TOP-LEFT
tensor([[0.1204, 0.1156, 0.1110],
        [0.1156, 0.1110, 0.1066],
        [0.1110, 0.1066, 0.1023]])
2023-10-12 19:21:13,212 | INFO | hi-lo.kernel-accessor : Fetching kernel: laplace
2023-10-12 19:21:13,213 | INFO | hi-lo.laplace-kernel : MU (LOCATION): -0.0820356234908104 | SIGMA (SCALE): 0.07525228708982468
2023-10-12 19:21:13,213 | INFO | hi-lo.laplace-kernel : TOP-RIGHT
tensor([[2.8684e-12, 1.6936e-06, 1.0000e+00],
        [4.8580e-18, 2.8684e-12, 1.6936e-06],
        [8.2277e-24, 4.8580e-18, 2.8684e-12]])
2023-10-12 19:21:21,711 | INFO | hi-lo : END EPOCH:   2 | ACCURACY: 12.5 | LOSS: 2.322864532470703
2023-10-12 19:21:21,711 | INFO | hi-lo : BEGIN EPOCH 3 =========================================================================
2023-10-12 19:21:21,712 | INFO | hi-lo.kernel-accessor : Fetching kernel: laplace
2023-10-12 19:21:21,712 | INFO | hi-lo.laplace-kernel : MU (LOCATION): -0.08359324932098389 | SIGMA (SCALE): 0.506026029586792
2023-10-12 19:21:21,713 | INFO | hi-lo.laplace-kernel : TOP-LEFT
tensor([[7.4598e-01, 1.0339e-01, 1.4330e-02],
        [1.0339e-01, 1.4330e-02, 1.9861e-03],
        [1.4330e-02, 1.9861e-03, 2.7526e-04]])
2023-10-12 19:21:21,713 | INFO | hi-lo.kernel-accessor : Fetching kernel: laplace
2023-10-12 19:21:21,713 | INFO | hi-lo.laplace-kernel : MU (LOCATION): -0.5823119878768921 | SIGMA (SCALE): 2.140826940536499
2023-10-12 19:21:21,714 | INFO | hi-lo.laplace-kernel : TOP-LEFT
tensor([[0.2451, 0.1537, 0.0963],
        [0.1537, 0.0963, 0.0604],
        [0.0963, 0.0604, 0.0378]])
2023-10-12 19:21:21,714 | INFO | hi-lo.kernel-accessor : Fetching kernel: laplace
2023-10-12 19:21:21,714 | INFO | hi-lo.laplace-kernel : MU (LOCATION): -5.482084274291992 | SIGMA (SCALE): 12.4529447555542
2023-10-12 19:21:21,715 | INFO | hi-lo.laplace-kernel : TOP-LEFT
tensor([[0.1299, 0.1199, 0.1106],
        [0.1199, 0.1106, 0.1021],
        [0.1106, 0.1021, 0.0942]])
2023-10-12 19:21:21,715 | INFO | hi-lo.kernel-accessor : Fetching kernel: laplace
2023-10-12 19:21:21,715 | INFO | hi-lo.laplace-kernel : MU (LOCATION): -0.05540841072797775 | SIGMA (SCALE): 0.050827108323574066
2023-10-12 19:21:21,716 | INFO | hi-lo.laplace-kernel : TOP-LEFT
tensor([[1.0000e+00, 2.8540e-09, 8.1454e-18],
        [2.8540e-09, 8.1454e-18, 2.3247e-26],
        [8.1454e-18, 2.3247e-26, 6.6347e-35]])
2023-10-12 19:21:30,296 | INFO | hi-lo : END EPOCH:   3 | ACCURACY: 13.28 | LOSS: 2.2961039543151855
2023-10-12 19:21:30,297 | INFO | hi-lo : BEGIN EPOCH 4 =========================================================================
2023-10-12 19:21:30,297 | INFO | hi-lo.kernel-accessor : Fetching kernel: laplace
2023-10-12 19:21:30,297 | INFO | hi-lo.laplace-kernel : MU (LOCATION): -0.15144282579421997 | SIGMA (SCALE): 0.4703771770000458
2023-10-12 19:21:30,298 | INFO | hi-lo.laplace-kernel : TOP-LEFT
tensor([[7.7824e-01, 9.2859e-02, 1.1080e-02],
        [9.2859e-02, 1.1080e-02, 1.3220e-03],
        [1.1080e-02, 1.3220e-03, 1.5774e-04]])
2023-10-12 19:21:30,298 | INFO | hi-lo.kernel-accessor : Fetching kernel: laplace
2023-10-12 19:21:30,299 | INFO | hi-lo.laplace-kernel : MU (LOCATION): -0.5251644253730774 | SIGMA (SCALE): 1.39999520778656
2023-10-12 19:21:30,299 | INFO | hi-lo.laplace-kernel : TOP-LEFT
tensor([[0.3344, 0.1637, 0.0801],
        [0.1637, 0.0801, 0.0392],
        [0.0801, 0.0392, 0.0192]])
2023-10-12 19:21:30,299 | INFO | hi-lo.kernel-accessor : Fetching kernel: laplace
2023-10-12 19:21:30,300 | INFO | hi-lo.laplace-kernel : MU (LOCATION): -1.8070915937423706 | SIGMA (SCALE): 4.757454872131348
2023-10-12 19:21:30,300 | INFO | hi-lo.laplace-kernel : TOP-RIGHT
tensor([[0.1079, 0.1331, 0.1643],
        [0.0874, 0.1079, 0.1331],
        [0.0709, 0.0874, 0.1079]])
2023-10-12 19:21:30,300 | INFO | hi-lo.kernel-accessor : Fetching kernel: laplace
2023-10-12 19:21:30,301 | INFO | hi-lo.laplace-kernel : MU (LOCATION): -0.037426821887493134 | SIGMA (SCALE): 0.034332092851400375
2023-10-12 19:21:30,301 | INFO | hi-lo.laplace-kernel : TOP-RIGHT
tensor([[5.0163e-26, 2.2397e-13, 1.0000e+00],
        [1.1235e-38, 5.0163e-26, 2.2397e-13],
        [0.0000e+00, 1.1235e-38, 5.0163e-26]])
2023-10-12 19:21:38,888 | INFO | hi-lo : END EPOCH:   4 | ACCURACY: 15.62 | LOSS: 2.3479483127593994
2023-10-12 19:21:38,888 | INFO | hi-lo : BEGIN EPOCH 5 =========================================================================
2023-10-12 19:21:38,888 | INFO | hi-lo.kernel-accessor : Fetching kernel: laplace
2023-10-12 19:21:38,889 | INFO | hi-lo.laplace-kernel : MU (LOCATION): -0.06730891764163971 | SIGMA (SCALE): 0.5057331323623657
2023-10-12 19:21:38,889 | INFO | hi-lo.laplace-kernel : TOP-RIGHT
tensor([[1.4302e-02, 1.0331e-01, 7.4624e-01],
        [1.9799e-03, 1.4302e-02, 1.0331e-01],
        [2.7410e-04, 1.9799e-03, 1.4302e-02]])
2023-10-12 19:21:38,889 | INFO | hi-lo.kernel-accessor : Fetching kernel: laplace
2023-10-12 19:21:38,890 | INFO | hi-lo.laplace-kernel : MU (LOCATION): -0.25593501329421997 | SIGMA (SCALE): 0.98820561170578
2023-10-12 19:21:38,890 | INFO | hi-lo.laplace-kernel : TOP-LEFT
tensor([[0.4470, 0.1625, 0.0591],
        [0.1625, 0.0591, 0.0215],
        [0.0591, 0.0215, 0.0078]])
2023-10-12 19:21:38,891 | INFO | hi-lo.kernel-accessor : Fetching kernel: laplace
2023-10-12 19:21:38,891 | INFO | hi-lo.laplace-kernel : MU (LOCATION): -1.2329792976379395 | SIGMA (SCALE): 2.684422731399536
2023-10-12 19:21:38,892 | INFO | hi-lo.laplace-kernel : TOP-RIGHT
tensor([[0.1014, 0.1472, 0.2136],
        [0.0699, 0.1014, 0.1472],
        [0.0481, 0.0699, 0.1014]])
2023-10-12 19:21:38,892 | INFO | hi-lo.kernel-accessor : Fetching kernel: laplace
2023-10-12 19:21:38,893 | INFO | hi-lo.laplace-kernel : MU (LOCATION): -0.025279216468334198 | SIGMA (SCALE): 0.023189062252640724
2023-10-12 19:21:38,893 | INFO | hi-lo.laplace-kernel : TOP-LEFT
tensor([[1.0000e+00, 1.8689e-19, 3.4927e-38],
        [1.8689e-19, 3.4927e-38, 0.0000e+00],
        [3.4927e-38, 0.0000e+00, 0.0000e+00]])
2023-10-12 19:21:47,489 | INFO | hi-lo : END EPOCH:   5 | ACCURACY: 11.56 | LOSS: 2.3330092430114746
2023-10-12 19:21:47,489 | INFO | hi-lo : BEGIN EPOCH 6 =========================================================================
2023-10-12 19:21:47,489 | INFO | hi-lo.kernel-accessor : Fetching kernel: laplace
2023-10-12 19:21:47,490 | INFO | hi-lo.laplace-kernel : MU (LOCATION): 0.002063723048195243 | SIGMA (SCALE): 0.5301258563995361
2023-10-12 19:21:47,491 | INFO | hi-lo.laplace-kernel : TOP-RIGHT
tensor([[1.6757e-02, 1.1052e-01, 7.2323e-01],
        [2.5408e-03, 1.6757e-02, 1.1052e-01],
        [3.8525e-04, 2.5408e-03, 1.6757e-02]])
2023-10-12 19:21:47,491 | INFO | hi-lo.kernel-accessor : Fetching kernel: laplace
2023-10-12 19:21:47,492 | INFO | hi-lo.laplace-kernel : MU (LOCATION): -0.11631481349468231 | SIGMA (SCALE): 0.6940531134605408
2023-10-12 19:21:47,492 | INFO | hi-lo.laplace-kernel : TOP-LEFT
tensor([[0.5983, 0.1416, 0.0335],
        [0.1416, 0.0335, 0.0079],
        [0.0335, 0.0079, 0.0019]])
2023-10-12 19:21:47,492 | INFO | hi-lo.kernel-accessor : Fetching kernel: laplace
2023-10-12 19:21:47,493 | INFO | hi-lo.laplace-kernel : MU (LOCATION): -0.7291878461837769 | SIGMA (SCALE): 1.5892000198364258
2023-10-12 19:21:47,493 | INFO | hi-lo.laplace-kernel : TOP-LEFT
tensor([[0.3029, 0.1614, 0.0860],
        [0.1614, 0.0860, 0.0459],
        [0.0860, 0.0459, 0.0244]])
2023-10-12 19:21:47,493 | INFO | hi-lo.kernel-accessor : Fetching kernel: laplace
2023-10-12 19:21:47,494 | INFO | hi-lo.laplace-kernel : MU (LOCATION): -0.017075074836611748 | SIGMA (SCALE): 0.01566321775317192
2023-10-12 19:21:47,494 | INFO | hi-lo.laplace-kernel : TOP-LEFT
tensor([[1.0000e+00, 1.8749e-28, 0.0000e+00],
        [1.8749e-28, 0.0000e+00, 0.0000e+00],
        [0.0000e+00, 0.0000e+00, 0.0000e+00]])
2023-10-12 19:21:56,000 | INFO | hi-lo : END EPOCH:   6 | ACCURACY: 10.01 | LOSS: 2.346529483795166
2023-10-12 19:21:56,001 | INFO | hi-lo : BEGIN EPOCH 7 =========================================================================
2023-10-12 19:21:56,001 | INFO | hi-lo.kernel-accessor : Fetching kernel: laplace
2023-10-12 19:21:56,002 | INFO | hi-lo.laplace-kernel : MU (LOCATION): -0.04888922721147537 | SIGMA (SCALE): 0.5164107084274292
2023-10-12 19:21:56,002 | INFO | hi-lo.laplace-kernel : TOP-RIGHT
tensor([[1.5324e-02, 1.0626e-01, 7.3678e-01],
        [2.2099e-03, 1.5324e-02, 1.0626e-01],
        [3.1871e-04, 2.2099e-03, 1.5324e-02]])
2023-10-12 19:21:56,002 | INFO | hi-lo.kernel-accessor : Fetching kernel: laplace
2023-10-12 19:21:56,003 | INFO | hi-lo.laplace-kernel : MU (LOCATION): -0.10968774557113647 | SIGMA (SCALE): 0.4555519223213196
2023-10-12 19:21:56,003 | INFO | hi-lo.laplace-kernel : TOP-LEFT
tensor([[7.9190e-01, 8.8172e-02, 9.8173e-03],
        [8.8172e-02, 9.8173e-03, 1.0931e-03],
        [9.8173e-03, 1.0931e-03, 1.2171e-04]])
2023-10-12 19:21:56,003 | INFO | hi-lo.kernel-accessor : Fetching kernel: laplace
2023-10-12 19:21:56,004 | INFO | hi-lo.laplace-kernel : MU (LOCATION): -0.2862459421157837 | SIGMA (SCALE): 0.6339176893234253
2023-10-12 19:21:56,004 | INFO | hi-lo.laplace-kernel : TOP-RIGHT
tensor([[0.0273, 0.1323, 0.6409],
        [0.0056, 0.0273, 0.1323],
        [0.0012, 0.0056, 0.0273]])
2023-10-12 19:21:56,004 | INFO | hi-lo.kernel-accessor : Fetching kernel: laplace
2023-10-12 19:21:56,005 | INFO | hi-lo.laplace-kernel : MU (LOCATION): -0.011533421464264393 | SIGMA (SCALE): 0.010579776018857956
2023-10-12 19:21:56,005 | INFO | hi-lo.laplace-kernel : TOP-LEFT
tensor([[1.0000e+00, 8.9249e-42, 0.0000e+00],
        [8.9249e-42, 0.0000e+00, 0.0000e+00],
        [0.0000e+00, 0.0000e+00, 0.0000e+00]])
2023-10-12 19:22:04,663 | INFO | hi-lo : END EPOCH:   7 | ACCURACY: 10.94 | LOSS: 2.3525846004486084
2023-10-12 19:22:04,663 | INFO | hi-lo : BEGIN EPOCH 8 =========================================================================
2023-10-12 19:22:04,664 | INFO | hi-lo.kernel-accessor : Fetching kernel: laplace
2023-10-12 19:22:04,664 | INFO | hi-lo.laplace-kernel : MU (LOCATION): 0.011633876711130142 | SIGMA (SCALE): 0.5169367790222168
2023-10-12 19:22:04,665 | INFO | hi-lo.laplace-kernel : TOP-RIGHT
tensor([[1.5890e-02, 1.0996e-01, 7.2748e-01],
        [2.2960e-03, 1.5890e-02, 1.0996e-01],
        [3.3178e-04, 2.2960e-03, 1.5890e-02]])
2023-10-12 19:22:04,665 | INFO | hi-lo.kernel-accessor : Fetching kernel: laplace
2023-10-12 19:22:04,666 | INFO | hi-lo.laplace-kernel : MU (LOCATION): -0.05002262443304062 | SIGMA (SCALE): 0.3067009150981903
2023-10-12 19:22:04,666 | INFO | hi-lo.laplace-kernel : TOP-LEFT
tensor([[9.2484e-01, 3.5485e-02, 1.3615e-03],
        [3.5485e-02, 1.3615e-03, 5.2241e-05],
        [1.3615e-03, 5.2241e-05, 2.0044e-06]])
2023-10-12 19:22:04,666 | INFO | hi-lo.kernel-accessor : Fetching kernel: laplace
2023-10-12 19:22:04,667 | INFO | hi-lo.laplace-kernel : MU (LOCATION): -0.15761032700538635 | SIGMA (SCALE): 0.31835177540779114
2023-10-12 19:22:04,667 | INFO | hi-lo.laplace-kernel : TOP-LEFT
tensor([[9.1555e-01, 3.9581e-02, 1.7112e-03],
        [3.9581e-02, 1.7112e-03, 7.3976e-05],
        [1.7112e-03, 7.3976e-05, 3.1981e-06]])
2023-10-12 19:22:04,667 | INFO | hi-lo.kernel-accessor : Fetching kernel: laplace
2023-10-12 19:22:04,668 | INFO | hi-lo.laplace-kernel : MU (LOCATION): -0.007790298201143742 | SIGMA (SCALE): 0.0071461377665400505
2023-10-12 19:22:04,668 | INFO | hi-lo.laplace-kernel : TOP-RIGHT
tensor([[0., 0., 1.],
        [0., 0., 0.],
        [0., 0., 0.]])
2023-10-12 19:22:13,219 | INFO | hi-lo : END EPOCH:   8 | ACCURACY: 15.62 | LOSS: 2.3197824954986572
2023-10-12 19:22:13,219 | INFO | hi-lo : BEGIN EPOCH 9 =========================================================================
2023-10-12 19:22:13,219 | INFO | hi-lo.kernel-accessor : Fetching kernel: laplace
2023-10-12 19:22:13,220 | INFO | hi-lo.laplace-kernel : MU (LOCATION): -0.1406702995300293 | SIGMA (SCALE): 0.5238430500030518
2023-10-12 19:22:13,220 | INFO | hi-lo.laplace-kernel : TOP-LEFT
tensor([[7.3026e-01, 1.0825e-01, 1.6046e-02],
        [1.0825e-01, 1.6046e-02, 2.3785e-03],
        [1.6046e-02, 2.3785e-03, 3.5258e-04]])
2023-10-12 19:22:13,221 | INFO | hi-lo.kernel-accessor : Fetching kernel: laplace
2023-10-12 19:22:13,221 | INFO | hi-lo.laplace-kernel : MU (LOCATION): -0.07188791781663895 | SIGMA (SCALE): 0.2235734462738037
2023-10-12 19:22:13,221 | INFO | hi-lo.laplace-kernel : TOP-LEFT
tensor([[9.7730e-01, 1.1156e-02, 1.2735e-04],
        [1.1156e-02, 1.2735e-04, 1.4537e-06],
        [1.2735e-04, 1.4537e-06, 1.6595e-08]])
2023-10-12 19:22:13,222 | INFO | hi-lo.kernel-accessor : Fetching kernel: laplace
2023-10-12 19:22:13,222 | INFO | hi-lo.laplace-kernel : MU (LOCATION): -0.057714443653821945 | SIGMA (SCALE): 0.12688030302524567
2023-10-12 19:22:13,222 | INFO | hi-lo.laplace-kernel : TOP-LEFT
tensor([[9.9924e-01, 3.7740e-04, 1.4254e-07],
        [3.7740e-04, 1.4254e-07, 5.3836e-11],
        [1.4254e-07, 5.3836e-11, 2.0333e-14]])
2023-10-12 19:22:13,223 | INFO | hi-lo.kernel-accessor : Fetching kernel: laplace
2023-10-12 19:22:13,223 | INFO | hi-lo.laplace-kernel : MU (LOCATION): -0.005261979065835476 | SIGMA (SCALE): 0.004826882388442755
2023-10-12 19:22:13,224 | INFO | hi-lo.laplace-kernel : TOP-LEFT
tensor([[1., 0., 0.],
        [0., 0., 0.],
        [0., 0., 0.]])
2023-10-12 19:22:21,739 | INFO | hi-lo : END EPOCH:   9 | ACCURACY: 12.5 | LOSS: 2.3414127826690674
2023-10-12 19:22:21,739 | INFO | hi-lo : BEGIN EPOCH 10 =========================================================================
2023-10-12 19:22:21,739 | INFO | hi-lo.kernel-accessor : Fetching kernel: laplace
2023-10-12 19:22:21,740 | INFO | hi-lo.laplace-kernel : MU (LOCATION): 0.032272856682538986 | SIGMA (SCALE): 0.5339851379394531
2023-10-12 19:22:21,741 | INFO | hi-lo.laplace-kernel : TOP-LEFT
tensor([[6.9651e-01, 1.2081e-01, 1.8570e-02],
        [1.2081e-01, 1.8570e-02, 2.8543e-03],
        [1.8570e-02, 2.8543e-03, 4.3873e-04]])
2023-10-12 19:22:21,741 | INFO | hi-lo.kernel-accessor : Fetching kernel: laplace
2023-10-12 19:22:21,741 | INFO | hi-lo.laplace-kernel : MU (LOCATION): -0.021089468151330948 | SIGMA (SCALE): 0.14045491814613342
2023-10-12 19:22:21,742 | INFO | hi-lo.laplace-kernel : TOP-RIGHT
tensor([[6.5341e-07, 8.0768e-04, 9.9838e-01],
        [5.2860e-10, 6.5341e-07, 8.0768e-04],
        [4.2763e-13, 5.2860e-10, 6.5341e-07]])
2023-10-12 19:22:21,742 | INFO | hi-lo.kernel-accessor : Fetching kernel: laplace
2023-10-12 19:22:21,742 | INFO | hi-lo.laplace-kernel : MU (LOCATION): -0.03942040726542473 | SIGMA (SCALE): 0.06761210411787033
2023-10-12 19:22:21,743 | INFO | hi-lo.laplace-kernel : TOP-RIGHT
tensor([[1.4235e-13, 3.7729e-07, 1.0000e+00],
        [5.3707e-20, 1.4235e-13, 3.7729e-07],
        [2.0263e-26, 5.3707e-20, 1.4235e-13]])
2023-10-12 19:22:21,743 | INFO | hi-lo.kernel-accessor : Fetching kernel: laplace
2023-10-12 19:22:21,743 | INFO | hi-lo.laplace-kernel : MU (LOCATION): -0.003554148832336068 | SIGMA (SCALE): 0.0032602848950773478
2023-10-12 19:22:21,744 | INFO | hi-lo.laplace-kernel : TOP-LEFT
tensor([[1., 0., 0.],
        [0., 0., 0.],
        [0., 0., 0.]])
2023-10-12 19:22:30,247 | INFO | hi-lo : END EPOCH:  10 | ACCURACY: 11.25 | LOSS: 2.3413681983947754
2023-10-12 19:22:30,247 | INFO | hi-lo : BEGIN EPOCH 11 =========================================================================
2023-10-12 19:22:30,247 | INFO | hi-lo.kernel-accessor : Fetching kernel: laplace
2023-10-12 19:22:30,248 | INFO | hi-lo.laplace-kernel : MU (LOCATION): -0.003766926471143961 | SIGMA (SCALE): 0.4471166729927063
2023-10-12 19:22:30,248 | INFO | hi-lo.laplace-kernel : TOP-RIGHT
tensor([[9.1261e-03, 8.5430e-02, 7.9971e-01],
        [9.7491e-04, 9.1261e-03, 8.5430e-02],
        [1.0415e-04, 9.7491e-04, 9.1261e-03]])
2023-10-12 19:22:30,249 | INFO | hi-lo.kernel-accessor : Fetching kernel: laplace
2023-10-12 19:22:30,249 | INFO | hi-lo.laplace-kernel : MU (LOCATION): -0.01654238998889923 | SIGMA (SCALE): 0.07925011962652206
2023-10-12 19:22:30,249 | INFO | hi-lo.laplace-kernel : TOP-LEFT
tensor([[9.9999e-01, 3.3109e-06, 1.0962e-11],
        [3.3109e-06, 1.0962e-11, 3.6295e-17],
        [1.0962e-11, 3.6295e-17, 1.2017e-22]])
2023-10-12 19:22:30,250 | INFO | hi-lo.kernel-accessor : Fetching kernel: laplace
2023-10-12 19:22:30,250 | INFO | hi-lo.laplace-kernel : MU (LOCATION): -0.01651228964328766 | SIGMA (SCALE): 0.0260035190731287
2023-10-12 19:22:30,250 | INFO | hi-lo.laplace-kernel : TOP-RIGHT
tensor([[3.9559e-34, 1.9890e-17, 1.0000e+00],
        [0.0000e+00, 3.9559e-34, 1.9890e-17],
        [0.0000e+00, 0.0000e+00, 3.9559e-34]])
2023-10-12 19:22:30,251 | INFO | hi-lo.kernel-accessor : Fetching kernel: laplace
2023-10-12 19:22:30,251 | INFO | hi-lo.laplace-kernel : MU (LOCATION): -0.0024006576277315617 | SIGMA (SCALE): 0.0022021650802344084
2023-10-12 19:22:30,252 | INFO | hi-lo.laplace-kernel : TOP-RIGHT
tensor([[0., 0., 1.],
        [0., 0., 0.],
        [0., 0., 0.]])
2023-10-12 19:22:38,829 | INFO | hi-lo : END EPOCH:  11 | ACCURACY: 10.47 | LOSS: 2.3646457195281982
2023-10-12 19:22:38,829 | INFO | hi-lo : BEGIN EPOCH 12 =========================================================================
2023-10-12 19:22:38,829 | INFO | hi-lo.kernel-accessor : Fetching kernel: laplace
2023-10-12 19:22:38,830 | INFO | hi-lo.laplace-kernel : MU (LOCATION): -0.02757861837744713 | SIGMA (SCALE): 0.5477770566940308
2023-10-12 19:22:38,831 | INFO | hi-lo.laplace-kernel : TOP-RIGHT
tensor([[1.8423e-02, 1.1434e-01, 7.0963e-01],
        [2.9685e-03, 1.8423e-02, 1.1434e-01],
        [4.7831e-04, 2.9685e-03, 1.8423e-02]])
2023-10-12 19:22:38,831 | INFO | hi-lo.kernel-accessor : Fetching kernel: laplace
2023-10-12 19:22:38,831 | INFO | hi-lo.laplace-kernel : MU (LOCATION): -0.013931849971413612 | SIGMA (SCALE): 0.06749174743890762
2023-10-12 19:22:38,832 | INFO | hi-lo.laplace-kernel : TOP-RIGHT
tensor([[1.3503e-13, 3.6747e-07, 1.0000e+00],
        [4.9621e-20, 1.3503e-13, 3.6747e-07],
        [1.8234e-26, 4.9621e-20, 1.3503e-13]])
2023-10-12 19:22:38,832 | INFO | hi-lo.kernel-accessor : Fetching kernel: laplace
2023-10-12 19:22:38,832 | INFO | hi-lo.laplace-kernel : MU (LOCATION): -0.0100044971331954 | SIGMA (SCALE): 0.015975769609212875
2023-10-12 19:22:38,833 | INFO | hi-lo.laplace-kernel : TOP-LEFT
tensor([[1.0000e+00, 6.5377e-28, 0.0000e+00],
        [6.5377e-28, 0.0000e+00, 0.0000e+00],
        [0.0000e+00, 0.0000e+00, 0.0000e+00]])
2023-10-12 19:22:38,833 | INFO | hi-lo.kernel-accessor : Fetching kernel: laplace
2023-10-12 19:22:38,833 | INFO | hi-lo.laplace-kernel : MU (LOCATION): -0.0016215203795582056 | SIGMA (SCALE): 0.001487451372668147
2023-10-12 19:22:38,833 | INFO | hi-lo.laplace-kernel : TOP-RIGHT
tensor([[0., 0., 1.],
        [0., 0., 0.],
        [0., 0., 0.]])
2023-10-12 19:22:47,399 | INFO | hi-lo : END EPOCH:  12 | ACCURACY: 14.06 | LOSS: 2.3393659591674805
2023-10-12 19:22:47,399 | INFO | hi-lo : BEGIN EPOCH 13 =========================================================================
2023-10-12 19:22:47,399 | INFO | hi-lo.kernel-accessor : Fetching kernel: laplace
2023-10-12 19:22:47,400 | INFO | hi-lo.laplace-kernel : MU (LOCATION): -0.10656370967626572 | SIGMA (SCALE): 0.46594592928886414
2023-10-12 19:22:47,400 | INFO | hi-lo.laplace-kernel : TOP-LEFT
tensor([[7.8231e-01, 9.1476e-02, 1.0696e-02],
        [9.1476e-02, 1.0696e-02, 1.2507e-03],
        [1.0696e-02, 1.2507e-03, 1.4625e-04]])
2023-10-12 19:22:47,401 | INFO | hi-lo.kernel-accessor : Fetching kernel: laplace
2023-10-12 19:22:47,401 | INFO | hi-lo.laplace-kernel : MU (LOCATION): -0.013064970262348652 | SIGMA (SCALE): 0.04044053331017494
2023-10-12 19:22:47,401 | INFO | hi-lo.laplace-kernel : TOP-RIGHT
tensor([[3.3252e-22, 1.8235e-11, 1.0000e+00],
        [6.0637e-33, 3.3252e-22, 1.8235e-11],
        [1.1070e-43, 6.0637e-33, 3.3252e-22]])
2023-10-12 19:22:47,402 | INFO | hi-lo.kernel-accessor : Fetching kernel: laplace
2023-10-12 19:22:47,402 | INFO | hi-lo.laplace-kernel : MU (LOCATION): -0.0046224892139434814 | SIGMA (SCALE): 0.0059485905803740025
2023-10-12 19:22:47,403 | INFO | hi-lo.laplace-kernel : TOP-LEFT
tensor([[1., 0., 0.],
        [0., 0., 0.],
        [0., 0., 0.]])
2023-10-12 19:22:47,403 | INFO | hi-lo.kernel-accessor : Fetching kernel: laplace
2023-10-12 19:22:47,403 | INFO | hi-lo.laplace-kernel : MU (LOCATION): -0.0010952550219371915 | SIGMA (SCALE): 0.0010046997340396047
2023-10-12 19:22:47,404 | INFO | hi-lo.laplace-kernel : TOP-LEFT
tensor([[1., 0., 0.],
        [0., 0., 0.],
        [0., 0., 0.]])
2023-10-12 19:22:55,959 | INFO | hi-lo : END EPOCH:  13 | ACCURACY: 10.94 | LOSS: 2.382293224334717
2023-10-12 19:22:55,959 | INFO | hi-lo : BEGIN EPOCH 14 =========================================================================
2023-10-12 19:22:55,959 | INFO | hi-lo.kernel-accessor : Fetching kernel: laplace
2023-10-12 19:22:55,960 | INFO | hi-lo.laplace-kernel : MU (LOCATION): -0.019616924226284027 | SIGMA (SCALE): 0.5109295845031738
2023-10-12 19:22:55,961 | INFO | hi-lo.laplace-kernel : TOP-RIGHT
tensor([[1.4797e-02, 1.0476e-01, 7.4162e-01],
        [2.0901e-03, 1.4797e-02, 1.0476e-01],
        [2.9522e-04, 2.0901e-03, 1.4797e-02]])
2023-10-12 19:22:55,961 | INFO | hi-lo.kernel-accessor : Fetching kernel: laplace
2023-10-12 19:22:55,961 | INFO | hi-lo.laplace-kernel : MU (LOCATION): -0.005956392735242844 | SIGMA (SCALE): 0.028933722525835037
2023-10-12 19:22:55,962 | INFO | hi-lo.laplace-kernel : TOP-LEFT
tensor([[1.0000e+00, 9.7729e-16, 9.5509e-31],
        [9.7729e-16, 9.5509e-31, 1.4013e-45],
        [9.5509e-31, 1.4013e-45, 0.0000e+00]])
2023-10-12 19:22:55,962 | INFO | hi-lo.kernel-accessor : Fetching kernel: laplace
2023-10-12 19:22:55,963 | INFO | hi-lo.laplace-kernel : MU (LOCATION): -0.0031018618028610945 | SIGMA (SCALE): 0.00391855463385582
2023-10-12 19:22:55,963 | INFO | hi-lo.laplace-kernel : TOP-RIGHT
tensor([[0., 0., 1.],
        [0., 0., 0.],
        [0., 0., 0.]])
2023-10-12 19:22:55,963 | INFO | hi-lo.kernel-accessor : Fetching kernel: laplace
2023-10-12 19:22:55,964 | INFO | hi-lo.laplace-kernel : MU (LOCATION): -0.0007397888693958521 | SIGMA (SCALE): 0.000678624608553946
2023-10-12 19:22:55,964 | INFO | hi-lo.laplace-kernel : TOP-LEFT
tensor([[1., 0., 0.],
        [0., 0., 0.],
        [0., 0., 0.]])
2023-10-12 19:23:04,627 | INFO | hi-lo : END EPOCH:  14 | ACCURACY: 12.63 | LOSS: 2.3407106399536133
2023-10-12 19:23:04,627 | INFO | hi-lo : BEGIN EPOCH 15 =========================================================================
2023-10-12 19:23:04,627 | INFO | hi-lo.kernel-accessor : Fetching kernel: laplace
2023-10-12 19:23:04,628 | INFO | hi-lo.laplace-kernel : MU (LOCATION): -0.157443568110466 | SIGMA (SCALE): 0.5319768190383911
2023-10-12 19:23:04,629 | INFO | hi-lo.laplace-kernel : TOP-RIGHT
tensor([[1.6846e-02, 1.1037e-01, 7.2318e-01],
        [2.5711e-03, 1.6846e-02, 1.1037e-01],
        [3.9240e-04, 2.5711e-03, 1.6846e-02]])
2023-10-12 19:23:04,629 | INFO | hi-lo.kernel-accessor : Fetching kernel: laplace
2023-10-12 19:23:04,629 | INFO | hi-lo.laplace-kernel : MU (LOCATION): -0.007097496651113033 | SIGMA (SCALE): 0.021489059552550316
2023-10-12 19:23:04,630 | INFO | hi-lo.laplace-kernel : TOP-RIGHT
tensor([[3.8013e-41, 6.1656e-21, 1.0000e+00],
        [0.0000e+00, 3.8013e-41, 6.1656e-21],
        [0.0000e+00, 0.0000e+00, 3.8013e-41]])
2023-10-12 19:23:04,630 | INFO | hi-lo.kernel-accessor : Fetching kernel: laplace
2023-10-12 19:23:04,630 | INFO | hi-lo.laplace-kernel : MU (LOCATION): -0.001690713339485228 | SIGMA (SCALE): 0.0019040213664993644
2023-10-12 19:23:04,631 | INFO | hi-lo.laplace-kernel : TOP-LEFT
tensor([[1., 0., 0.],
        [0., 0., 0.],
        [0., 0., 0.]])
2023-10-12 19:23:04,631 | INFO | hi-lo.kernel-accessor : Fetching kernel: laplace
2023-10-12 19:23:04,632 | INFO | hi-lo.laplace-kernel : MU (LOCATION): -0.000499691057484597 | SIGMA (SCALE): 0.00045837799552828074
2023-10-12 19:23:04,632 | INFO | hi-lo.laplace-kernel : TOP-LEFT
tensor([[1., 0., 0.],
        [0., 0., 0.],
        [0., 0., 0.]])
2023-10-12 19:23:13,257 | INFO | hi-lo : END EPOCH:  15 | ACCURACY: 10.94 | LOSS: 2.3466062545776367
2023-10-12 19:23:13,257 | INFO | hi-lo : BEGIN EPOCH 16 =========================================================================
2023-10-12 19:23:13,257 | INFO | hi-lo.kernel-accessor : Fetching kernel: laplace
2023-10-12 19:23:13,257 | INFO | hi-lo.laplace-kernel : MU (LOCATION): -0.017178867012262344 | SIGMA (SCALE): 0.4900432825088501
2023-10-12 19:23:13,258 | INFO | hi-lo.laplace-kernel : TOP-LEFT
tensor([[7.6033e-01, 9.8801e-02, 1.2839e-02],
        [9.8801e-02, 1.2839e-02, 1.6684e-03],
        [1.2839e-02, 1.6684e-03, 2.1680e-04]])
2023-10-12 19:23:13,258 | INFO | hi-lo.kernel-accessor : Fetching kernel: laplace
2023-10-12 19:23:13,259 | INFO | hi-lo.laplace-kernel : MU (LOCATION): -0.0026681593153625727 | SIGMA (SCALE): 0.012202112004160881
2023-10-12 19:23:13,259 | INFO | hi-lo.laplace-kernel : TOP-LEFT
tensor([[1.0000e+00, 2.5601e-36, 0.0000e+00],
        [2.5601e-36, 0.0000e+00, 0.0000e+00],
        [0.0000e+00, 0.0000e+00, 0.0000e+00]])
2023-10-12 19:23:13,259 | INFO | hi-lo.kernel-accessor : Fetching kernel: laplace
2023-10-12 19:23:13,260 | INFO | hi-lo.laplace-kernel : MU (LOCATION): -0.0010901786154136062 | SIGMA (SCALE): 0.0011693360283970833
2023-10-12 19:23:13,260 | INFO | hi-lo.laplace-kernel : TOP-LEFT
tensor([[1., 0., 0.],
        [0., 0., 0.],
        [0., 0., 0.]])
2023-10-12 19:23:13,260 | INFO | hi-lo.kernel-accessor : Fetching kernel: laplace
2023-10-12 19:23:13,261 | INFO | hi-lo.laplace-kernel : MU (LOCATION): -0.000337516627041623 | SIGMA (SCALE): 0.00030961193260736763
2023-10-12 19:23:13,261 | INFO | hi-lo.laplace-kernel : TOP-RIGHT
tensor([[0., 0., 1.],
        [0., 0., 0.],
        [0., 0., 0.]])
2023-10-12 19:23:21,924 | INFO | hi-lo : END EPOCH:  16 | ACCURACY: 15.62 | LOSS: 2.3201537132263184
2023-10-12 19:23:21,924 | INFO | hi-lo : BEGIN EPOCH 17 =========================================================================
2023-10-12 19:23:21,925 | INFO | hi-lo.kernel-accessor : Fetching kernel: laplace
2023-10-12 19:23:21,925 | INFO | hi-lo.laplace-kernel : MU (LOCATION): -0.004602271132171154 | SIGMA (SCALE): 0.4761703610420227
2023-10-12 19:23:21,926 | INFO | hi-lo.laplace-kernel : TOP-RIGHT
tensor([[1.1589e-02, 9.4643e-02, 7.7294e-01],
        [1.4190e-03, 1.1589e-02, 9.4643e-02],
        [1.7375e-04, 1.4190e-03, 1.1589e-02]])
2023-10-12 19:23:21,926 | INFO | hi-lo.kernel-accessor : Fetching kernel: laplace
2023-10-12 19:23:21,926 | INFO | hi-lo.laplace-kernel : MU (LOCATION): -0.0016845227219164371 | SIGMA (SCALE): 0.007978399284183979
2023-10-12 19:23:21,926 | INFO | hi-lo.laplace-kernel : TOP-LEFT
tensor([[1., 0., 0.],
        [0., 0., 0.],
        [0., 0., 0.]])
2023-10-12 19:23:21,927 | INFO | hi-lo.kernel-accessor : Fetching kernel: laplace
2023-10-12 19:23:21,927 | INFO | hi-lo.laplace-kernel : MU (LOCATION): -0.0006895519327372313 | SIGMA (SCALE): 0.0007059121271595359
2023-10-12 19:23:21,927 | INFO | hi-lo.laplace-kernel : TOP-LEFT
tensor([[1., 0., 0.],
        [0., 0., 0.],
        [0., 0., 0.]])
2023-10-12 19:23:21,927 | INFO | hi-lo.kernel-accessor : Fetching kernel: laplace
2023-10-12 19:23:21,928 | INFO | hi-lo.laplace-kernel : MU (LOCATION): -0.00022797600831836462 | SIGMA (SCALE): 0.0002091279166052118
2023-10-12 19:23:21,928 | INFO | hi-lo.laplace-kernel : TOP-LEFT
tensor([[1., 0., 0.],
        [0., 0., 0.],
        [0., 0., 0.]])
2023-10-12 19:23:30,528 | INFO | hi-lo : END EPOCH:  17 | ACCURACY: 14.06 | LOSS: 2.326199769973755
2023-10-12 19:23:30,528 | INFO | hi-lo : BEGIN EPOCH 18 =========================================================================
2023-10-12 19:23:30,528 | INFO | hi-lo.kernel-accessor : Fetching kernel: laplace
2023-10-12 19:23:30,529 | INFO | hi-lo.laplace-kernel : MU (LOCATION): -0.0321376696228981 | SIGMA (SCALE): 0.4919091761112213
2023-10-12 19:23:30,529 | INFO | hi-lo.laplace-kernel : TOP-LEFT
tensor([[7.5864e-01, 9.9349e-02, 1.3010e-02],
        [9.9349e-02, 1.3010e-02, 1.7038e-03],
        [1.3010e-02, 1.7038e-03, 2.2312e-04]])
2023-10-12 19:23:30,530 | INFO | hi-lo.kernel-accessor : Fetching kernel: laplace
2023-10-12 19:23:30,530 | INFO | hi-lo.laplace-kernel : MU (LOCATION): -0.0013205059804022312 | SIGMA (SCALE): 0.005735875107347965
2023-10-12 19:23:30,530 | INFO | hi-lo.laplace-kernel : TOP-LEFT
tensor([[1., 0., 0.],
        [0., 0., 0.],
        [0., 0., 0.]])
2023-10-12 19:23:30,531 | INFO | hi-lo.kernel-accessor : Fetching kernel: laplace
2023-10-12 19:23:30,531 | INFO | hi-lo.laplace-kernel : MU (LOCATION): -0.0004457856994122267 | SIGMA (SCALE): 0.0004480765201151371
2023-10-12 19:23:30,532 | INFO | hi-lo.laplace-kernel : TOP-LEFT
tensor([[1., 0., 0.],
        [0., 0., 0.],
        [0., 0., 0.]])
2023-10-12 19:23:30,532 | INFO | hi-lo.kernel-accessor : Fetching kernel: laplace
2023-10-12 19:23:30,532 | INFO | hi-lo.laplace-kernel : MU (LOCATION): -0.00015398673713207245 | SIGMA (SCALE): 0.0001412558340234682
2023-10-12 19:23:30,533 | INFO | hi-lo.laplace-kernel : TOP-LEFT
tensor([[1., 0., 0.],
        [0., 0., 0.],
        [0., 0., 0.]])
2023-10-12 19:23:39,171 | INFO | hi-lo : END EPOCH:  18 | ACCURACY: 10.69 | LOSS: 2.310997486114502
2023-10-12 19:23:39,171 | INFO | hi-lo : BEGIN EPOCH 19 =========================================================================
2023-10-12 19:23:39,171 | INFO | hi-lo.kernel-accessor : Fetching kernel: laplace
2023-10-12 19:23:39,172 | INFO | hi-lo.laplace-kernel : MU (LOCATION): -0.022692134603857994 | SIGMA (SCALE): 0.44204768538475037
2023-10-12 19:23:39,173 | INFO | hi-lo.laplace-kernel : TOP-LEFT
tensor([[8.0441e-01, 8.3757e-02, 8.7208e-03],
        [8.3757e-02, 8.7208e-03, 9.0802e-04],
        [8.7208e-03, 9.0802e-04, 9.4545e-05]])
2023-10-12 19:23:39,173 | INFO | hi-lo.kernel-accessor : Fetching kernel: laplace
2023-10-12 19:23:39,173 | INFO | hi-lo.laplace-kernel : MU (LOCATION): -0.0008265805663540959 | SIGMA (SCALE): 0.0034718632232397795
2023-10-12 19:23:39,174 | INFO | hi-lo.laplace-kernel : TOP-RIGHT
tensor([[0., 0., 1.],
        [0., 0., 0.],
        [0., 0., 0.]])
2023-10-12 19:23:39,174 | INFO | hi-lo.kernel-accessor : Fetching kernel: laplace
2023-10-12 19:23:39,174 | INFO | hi-lo.laplace-kernel : MU (LOCATION): -0.00028819666476920247 | SIGMA (SCALE): 0.00028623227262869477
2023-10-12 19:23:39,175 | INFO | hi-lo.laplace-kernel : TOP-RIGHT
tensor([[0., 0., 1.],
        [0., 0., 0.],
        [0., 0., 0.]])
2023-10-12 19:23:39,175 | INFO | hi-lo.kernel-accessor : Fetching kernel: laplace
2023-10-12 19:23:39,175 | INFO | hi-lo.laplace-kernel : MU (LOCATION): -0.0001040105998981744 | SIGMA (SCALE): 9.541152394376695e-05
2023-10-12 19:23:39,175 | INFO | hi-lo.laplace-kernel : TOP-RIGHT
tensor([[0., 0., 1.],
        [0., 0., 0.],
        [0., 0., 0.]])
2023-10-12 19:23:47,764 | INFO | hi-lo : END EPOCH:  19 | ACCURACY: 10.4 | LOSS: 2.3148889541625977
2023-10-12 19:23:47,764 | INFO | hi-lo : BEGIN EPOCH 20 =========================================================================
2023-10-12 19:23:47,765 | INFO | hi-lo.kernel-accessor : Fetching kernel: laplace
2023-10-12 19:23:47,765 | INFO | hi-lo.laplace-kernel : MU (LOCATION): -0.0883035659790039 | SIGMA (SCALE): 0.44742152094841003
2023-10-12 19:23:47,766 | INFO | hi-lo.laplace-kernel : TOP-LEFT
tensor([[7.9943e-01, 8.5530e-02, 9.1508e-03],
        [8.5530e-02, 9.1508e-03, 9.7903e-04],
        [9.1508e-03, 9.7903e-04, 1.0475e-04]])
2023-10-12 19:23:47,766 | INFO | hi-lo.kernel-accessor : Fetching kernel: laplace
2023-10-12 19:23:47,766 | INFO | hi-lo.laplace-kernel : MU (LOCATION): -0.0007762554450891912 | SIGMA (SCALE): 0.0024275139439851046
2023-10-12 19:23:47,767 | INFO | hi-lo.laplace-kernel : TOP-RIGHT
tensor([[0., 0., 1.],
        [0., 0., 0.],
        [0., 0., 0.]])
2023-10-12 19:23:47,767 | INFO | hi-lo.kernel-accessor : Fetching kernel: laplace
2023-10-12 19:23:47,767 | INFO | hi-lo.laplace-kernel : MU (LOCATION): -0.0001891688589239493 | SIGMA (SCALE): 0.0001868147519417107
2023-10-12 19:23:47,768 | INFO | hi-lo.laplace-kernel : TOP-RIGHT
tensor([[0., 0., 1.],
        [0., 0., 0.],
        [0., 0., 0.]])
2023-10-12 19:23:47,768 | INFO | hi-lo.kernel-accessor : Fetching kernel: laplace
2023-10-12 19:23:47,768 | INFO | hi-lo.laplace-kernel : MU (LOCATION): -7.025415834505111e-05 | SIGMA (SCALE): 6.444591417675838e-05
2023-10-12 19:23:47,769 | INFO | hi-lo.laplace-kernel : TOP-LEFT
tensor([[1., 0., 0.],
        [0., 0., 0.],
        [0., 0., 0.]])
2023-10-12 19:23:56,390 | INFO | hi-lo : END EPOCH:  20 | ACCURACY: 11.12 | LOSS: 2.3530123233795166
2023-10-12 19:23:56,391 | INFO | hi-lo : BEGIN EPOCH 21 =========================================================================
2023-10-12 19:23:56,391 | INFO | hi-lo.kernel-accessor : Fetching kernel: laplace
2023-10-12 19:23:56,391 | INFO | hi-lo.laplace-kernel : MU (LOCATION): -0.1020628958940506 | SIGMA (SCALE): 0.47353339195251465
2023-10-12 19:23:56,392 | INFO | hi-lo.laplace-kernel : TOP-RIGHT
tensor([[1.1356e-02, 9.3834e-02, 7.7535e-01],
        [1.3743e-03, 1.1356e-02, 9.3834e-02],
        [1.6632e-04, 1.3743e-03, 1.1356e-02]])
2023-10-12 19:23:56,392 | INFO | hi-lo.kernel-accessor : Fetching kernel: laplace
2023-10-12 19:23:56,393 | INFO | hi-lo.laplace-kernel : MU (LOCATION): -0.0005560328136198223 | SIGMA (SCALE): 0.0017576675163581967
2023-10-12 19:23:56,393 | INFO | hi-lo.laplace-kernel : TOP-RIGHT
tensor([[0., 0., 1.],
        [0., 0., 0.],
        [0., 0., 0.]])
2023-10-12 19:23:56,393 | INFO | hi-lo.kernel-accessor : Fetching kernel: laplace
2023-10-12 19:23:56,394 | INFO | hi-lo.laplace-kernel : MU (LOCATION): -0.00012643291847780347 | SIGMA (SCALE): 0.00012464313476812094
2023-10-12 19:23:56,394 | INFO | hi-lo.laplace-kernel : TOP-RIGHT
tensor([[0., 0., 1.],
        [0., 0., 0.],
        [0., 0., 0.]])
2023-10-12 19:23:56,394 | INFO | hi-lo.kernel-accessor : Fetching kernel: laplace
2023-10-12 19:23:56,394 | INFO | hi-lo.laplace-kernel : MU (LOCATION): -4.745331534650177e-05 | SIGMA (SCALE): 4.35301371908281e-05
2023-10-12 19:23:56,395 | INFO | hi-lo.laplace-kernel : TOP-LEFT
tensor([[1., 0., 0.],
        [0., 0., 0.],
        [0., 0., 0.]])
2023-10-12 19:24:05,063 | INFO | hi-lo : END EPOCH:  21 | ACCURACY: 10.94 | LOSS: 2.3427271842956543
2023-10-12 19:24:05,063 | INFO | hi-lo : BEGIN EPOCH 22 =========================================================================
2023-10-12 19:24:05,063 | INFO | hi-lo.kernel-accessor : Fetching kernel: laplace
2023-10-12 19:24:05,064 | INFO | hi-lo.laplace-kernel : MU (LOCATION): -0.08710122108459473 | SIGMA (SCALE): 0.5222291350364685
2023-10-12 19:24:05,064 | INFO | hi-lo.laplace-kernel : TOP-RIGHT
tensor([[1.5888e-02, 1.0782e-01, 7.3167e-01],
        [2.3413e-03, 1.5888e-02, 1.0782e-01],
        [3.4502e-04, 2.3413e-03, 1.5888e-02]])
