2023-10-25 20:41:18,874 | INFO | hi-lo : 
+=========================================================================+
|  ______     ______   ______    ___         ___        ______   _______  |
| /| ___ \  // ____ \ /| ___ \  /| |        /| |      // ____ \ /| ___  \ |
| /| |//\ \ /| |//| | /| |//\ \ /| |        /| |      /| |//| | /| |//| | |
| /| | /| | /| ____ | /| | /| | /| |        /| |      /| ____ | /| ___  / |
| /| |_// / /| |//| | /| |_// / /| |____    /| |____  /| |//| | /| |//\ \ |
| /|_____/  /|_| /|_| /|_____/  /|______|   /|______| /|_| /|_| /|______/ |
| ///////   ///  ///  //////    ////////    ////////  ///  ///  ////////  |
+=========================================================================+
|                  Hi-Lo Resolution Image Classification                  |
|                  -------------------------------------                  |
|                            Gabriel C. Trahan                            |
|                               Sahan Ahmad                               |
|                            MD  Aminual Islam                            |
+=========================================================================+
| MODEL:                      normal | LR:                            0.1 |
| DISTRO:                     gumbel | KERNEL TYPE:                    10 |
| DATASET:                  imagenet | BATCH SIZE:                     64 |
+=========================================================================+
2023-10-25 20:41:18,874 | INFO | hi-lo : Output directory: output/gumbel//10/normal/imagenet/20231025_204118
2023-10-25 20:41:18,874 | INFO | hi-lo.dataset-accessor : Fetching dataset: imagenet
2023-10-25 20:41:18,874 | INFO | hi-lo.imagenet-dataset : Initializing transform.
2023-10-25 20:41:18,875 | INFO | hi-lo.imagenet-dataset : Verifying/downloading train data.
2023-10-25 20:41:21,933 | INFO | hi-lo.imagenet-dataset : Verifying/downloading test data.
2023-10-25 20:41:21,965 | INFO | hi-lo.imagenet-dataset : Creating train data loader.
2023-10-25 20:41:21,965 | INFO | hi-lo.imagenet-dataset : Creating test data loader.
2023-10-25 20:41:22,959 | INFO | hi-lo : Using device: NVIDIA GeForce GTX 1060 6GB
2023-10-25 20:41:22,959 | INFO | hi-lo : Commencing training phase...
2023-10-25 20:41:22,960 | INFO | hi-lo : BEGIN EPOCH 1 =========================================================================
2023-10-25 20:41:22,960 | INFO | hi-lo.kernel-accessor : Fetching kernel: gumbel
2023-10-25 20:41:22,961 | INFO | hi-lo.gumbel-kernel : MU (LOCATION): 0.0 | BETA (SCALE): 1.0
2023-10-25 20:41:22,961 | INFO | hi-lo.gumbel-kernel : TOP-RIGHT
tensor([[2.0072e-04, 5.8259e-02, 8.8288e-01],
        [2.2609e-10, 2.0072e-04, 5.8259e-02],
        [8.5377e-26, 2.2609e-10, 2.0072e-04]])
2023-10-25 20:41:22,961 | INFO | hi-lo.kernel-accessor : Fetching kernel: gumbel
2023-10-25 20:41:22,961 | INFO | hi-lo.gumbel-kernel : MU (LOCATION): 0.0 | BETA (SCALE): 1.0
2023-10-25 20:41:22,962 | INFO | hi-lo.gumbel-kernel : TOP-RIGHT
tensor([[2.0072e-04, 5.8259e-02, 8.8288e-01],
        [2.2609e-10, 2.0072e-04, 5.8259e-02],
        [8.5377e-26, 2.2609e-10, 2.0072e-04]])
2023-10-25 20:41:22,962 | INFO | hi-lo.kernel-accessor : Fetching kernel: gumbel
2023-10-25 20:41:22,962 | INFO | hi-lo.gumbel-kernel : MU (LOCATION): 1 | BETA (SCALE): 1
2023-10-25 20:41:22,962 | INFO | hi-lo.gumbel-kernel : STATIC
tensor([[5.6765e-01, 1.6550e-01, 3.2357e-02],
        [1.6550e-01, 3.2357e-02, 2.1352e-03],
        [3.2357e-02, 2.1352e-03, 7.3562e-06]])
2023-10-25 20:41:22,962 | INFO | hi-lo.kernel-accessor : Fetching kernel: gumbel
2023-10-25 20:41:22,962 | INFO | hi-lo.gumbel-kernel : MU (LOCATION): 1 | BETA (SCALE): 1
2023-10-25 20:41:22,963 | INFO | hi-lo.gumbel-kernel : STATIC
tensor([[5.6765e-01, 1.6550e-01, 3.2357e-02],
        [1.6550e-01, 3.2357e-02, 2.1352e-03],
        [3.2357e-02, 2.1352e-03, 7.3562e-06]])
2023-10-25 20:41:47,603 | INFO | hi-lo : END EPOCH:   1 | ACCURACY: 1.56 | LOSS: 4.961909770965576
2023-10-25 20:41:47,603 | INFO | hi-lo : BEGIN EPOCH 2 =========================================================================
2023-10-25 20:41:47,603 | INFO | hi-lo.kernel-accessor : Fetching kernel: gumbel
2023-10-25 20:41:47,604 | INFO | hi-lo.gumbel-kernel : MU (LOCATION): -0.10990011692047119 | BETA (SCALE): 0.5348386764526367
2023-10-25 20:41:47,605 | INFO | hi-lo.gumbel-kernel : TOP-RIGHT
tensor([[2.9556e-29, 3.9274e-05, 9.9992e-01],
        [0.0000e+00, 2.9555e-29, 3.9274e-05],
        [0.0000e+00, 0.0000e+00, 2.9556e-29]])
2023-10-25 20:41:47,605 | INFO | hi-lo.kernel-accessor : Fetching kernel: gumbel
2023-10-25 20:41:47,605 | INFO | hi-lo.gumbel-kernel : MU (LOCATION): -0.38815757632255554 | BETA (SCALE): 0.7803752422332764
2023-10-25 20:41:47,606 | INFO | hi-lo.gumbel-kernel : TOP-RIGHT
tensor([[6.6921e-16, 2.4417e-04, 9.9951e-01],
        [0.0000e+00, 6.6921e-16, 2.4417e-04],
        [0.0000e+00, 0.0000e+00, 6.6921e-16]])
2023-10-25 20:41:47,606 | INFO | hi-lo.kernel-accessor : Fetching kernel: gumbel
2023-10-25 20:41:47,606 | INFO | hi-lo.gumbel-kernel : MU (LOCATION): 1 | BETA (SCALE): 1
2023-10-25 20:41:47,607 | INFO | hi-lo.gumbel-kernel : STATIC
tensor([[5.6765e-01, 1.6550e-01, 3.2357e-02],
        [1.6550e-01, 3.2357e-02, 2.1352e-03],
        [3.2357e-02, 2.1352e-03, 7.3562e-06]])
2023-10-25 20:41:47,607 | INFO | hi-lo.kernel-accessor : Fetching kernel: gumbel
2023-10-25 20:41:47,607 | INFO | hi-lo.gumbel-kernel : MU (LOCATION): -0.43219587206840515 | BETA (SCALE): 0.7772969007492065
2023-10-25 20:41:47,608 | INFO | hi-lo.gumbel-kernel : BOTTOM-RIGHT
tensor([[0.0000e+00, 0.0000e+00, 7.8938e-18],
        [0.0000e+00, 7.8938e-18, 9.5784e-05],
        [7.8938e-18, 9.5784e-05, 9.9981e-01]])
2023-10-25 20:42:11,536 | INFO | hi-lo : END EPOCH:   2 | ACCURACY: 0.62 | LOSS: 4.404648780822754
2023-10-25 20:42:11,536 | INFO | hi-lo : BEGIN EPOCH 3 =========================================================================
2023-10-25 20:42:11,536 | INFO | hi-lo.kernel-accessor : Fetching kernel: gumbel
2023-10-25 20:42:11,537 | INFO | hi-lo.gumbel-kernel : MU (LOCATION): 1 | BETA (SCALE): 1
2023-10-25 20:42:11,537 | INFO | hi-lo.gumbel-kernel : STATIC
tensor([[5.6765e-01, 1.6550e-01, 3.2357e-02],
        [1.6550e-01, 3.2357e-02, 2.1352e-03],
        [3.2357e-02, 2.1352e-03, 7.3562e-06]])
2023-10-25 20:42:11,538 | INFO | hi-lo.kernel-accessor : Fetching kernel: gumbel
2023-10-25 20:42:11,538 | INFO | hi-lo.gumbel-kernel : MU (LOCATION): 1 | BETA (SCALE): 1
2023-10-25 20:42:11,538 | INFO | hi-lo.gumbel-kernel : STATIC
tensor([[5.6765e-01, 1.6550e-01, 3.2357e-02],
        [1.6550e-01, 3.2357e-02, 2.1352e-03],
        [3.2357e-02, 2.1352e-03, 7.3562e-06]])
2023-10-25 20:42:11,539 | INFO | hi-lo.kernel-accessor : Fetching kernel: gumbel
2023-10-25 20:42:11,539 | INFO | hi-lo.gumbel-kernel : MU (LOCATION): 1 | BETA (SCALE): 1
2023-10-25 20:42:11,539 | INFO | hi-lo.gumbel-kernel : STATIC
tensor([[5.6765e-01, 1.6550e-01, 3.2357e-02],
        [1.6550e-01, 3.2357e-02, 2.1352e-03],
        [3.2357e-02, 2.1352e-03, 7.3562e-06]])
2023-10-25 20:42:11,540 | INFO | hi-lo.kernel-accessor : Fetching kernel: gumbel
2023-10-25 20:42:11,540 | INFO | hi-lo.gumbel-kernel : MU (LOCATION): -0.6468504667282104 | BETA (SCALE): 0.9508206844329834
2023-10-25 20:42:11,541 | INFO | hi-lo.gumbel-kernel : TOP-RIGHT
tensor([[8.0397e-14, 2.4515e-04, 9.9951e-01],
        [4.0443e-40, 8.0397e-14, 2.4515e-04],
        [0.0000e+00, 4.0443e-40, 8.0397e-14]])
2023-10-25 20:42:35,614 | INFO | hi-lo : END EPOCH:   3 | ACCURACY: 0.06 | LOSS: 4.538635730743408
2023-10-25 20:42:35,614 | INFO | hi-lo : BEGIN EPOCH 4 =========================================================================
2023-10-25 20:42:35,614 | INFO | hi-lo.kernel-accessor : Fetching kernel: gumbel
2023-10-25 20:42:35,615 | INFO | hi-lo.gumbel-kernel : MU (LOCATION): -0.10639296472072601 | BETA (SCALE): 0.4950339198112488
2023-10-25 20:42:35,615 | INFO | hi-lo.gumbel-kernel : BOTTOM-RIGHT
tensor([[0.0000e+00, 0.0000e+00, 9.4533e-40],
        [0.0000e+00, 9.4528e-40, 5.7271e-06],
        [9.4533e-40, 5.7271e-06, 9.9999e-01]])
2023-10-25 20:42:35,615 | INFO | hi-lo.kernel-accessor : Fetching kernel: gumbel
2023-10-25 20:42:35,616 | INFO | hi-lo.gumbel-kernel : MU (LOCATION): 1 | BETA (SCALE): 1
2023-10-25 20:42:35,616 | INFO | hi-lo.gumbel-kernel : STATIC
tensor([[5.6765e-01, 1.6550e-01, 3.2357e-02],
        [1.6550e-01, 3.2357e-02, 2.1352e-03],
        [3.2357e-02, 2.1352e-03, 7.3562e-06]])
2023-10-25 20:42:35,616 | INFO | hi-lo.kernel-accessor : Fetching kernel: gumbel
2023-10-25 20:42:35,617 | INFO | hi-lo.gumbel-kernel : MU (LOCATION): -1.1142034530639648 | BETA (SCALE): 1.4365036487579346
2023-10-25 20:42:35,617 | INFO | hi-lo.gumbel-kernel : TOP-RIGHT
tensor([[1.5710e-07, 4.2944e-03, 9.9141e-01],
        [3.9841e-16, 1.5710e-07, 4.2944e-03],
        [4.5850e-33, 3.9841e-16, 1.5710e-07]])
2023-10-25 20:42:35,617 | INFO | hi-lo.kernel-accessor : Fetching kernel: gumbel
2023-10-25 20:42:35,618 | INFO | hi-lo.gumbel-kernel : MU (LOCATION): 1 | BETA (SCALE): 1
2023-10-25 20:42:35,618 | INFO | hi-lo.gumbel-kernel : STATIC
tensor([[5.6765e-01, 1.6550e-01, 3.2357e-02],
        [1.6550e-01, 3.2357e-02, 2.1352e-03],
        [3.2357e-02, 2.1352e-03, 7.3562e-06]])
2023-10-25 20:42:59,722 | INFO | hi-lo : END EPOCH:   4 | ACCURACY: 0.18 | LOSS: 4.324882507324219
2023-10-25 20:42:59,722 | INFO | hi-lo : BEGIN EPOCH 5 =========================================================================
2023-10-25 20:42:59,722 | INFO | hi-lo.kernel-accessor : Fetching kernel: gumbel
2023-10-25 20:42:59,723 | INFO | hi-lo.gumbel-kernel : MU (LOCATION): 1 | BETA (SCALE): 1
2023-10-25 20:42:59,723 | INFO | hi-lo.gumbel-kernel : STATIC
tensor([[5.6765e-01, 1.6550e-01, 3.2357e-02],
        [1.6550e-01, 3.2357e-02, 2.1352e-03],
        [3.2357e-02, 2.1352e-03, 7.3562e-06]])
2023-10-25 20:42:59,723 | INFO | hi-lo.kernel-accessor : Fetching kernel: gumbel
2023-10-25 20:42:59,724 | INFO | hi-lo.gumbel-kernel : MU (LOCATION): -0.6274127960205078 | BETA (SCALE): 0.9223999381065369
2023-10-25 20:42:59,724 | INFO | hi-lo.gumbel-kernel : TOP-RIGHT
tensor([[8.9354e-15, 1.6464e-04, 9.9967e-01],
        [0.0000e+00, 8.9354e-15, 1.6464e-04],
        [0.0000e+00, 0.0000e+00, 8.9354e-15]])
2023-10-25 20:42:59,724 | INFO | hi-lo.kernel-accessor : Fetching kernel: gumbel
2023-10-25 20:42:59,725 | INFO | hi-lo.gumbel-kernel : MU (LOCATION): -1.1967895030975342 | BETA (SCALE): 2.7077465057373047
2023-10-25 20:42:59,725 | INFO | hi-lo.gumbel-kernel : BOTTOM-RIGHT
tensor([[4.0462e-05, 1.5469e-03, 2.1517e-02],
        [1.5469e-03, 2.1517e-02, 1.4879e-01],
        [2.1517e-02, 1.4879e-01, 6.3473e-01]])
2023-10-25 20:42:59,726 | INFO | hi-lo.kernel-accessor : Fetching kernel: gumbel
2023-10-25 20:42:59,726 | INFO | hi-lo.gumbel-kernel : MU (LOCATION): -1.0235122442245483 | BETA (SCALE): 1.180214762687683
2023-10-25 20:42:59,727 | INFO | hi-lo.gumbel-kernel : TOP-RIGHT
tensor([[2.1259e-12, 2.2436e-04, 9.9955e-01],
        [1.2498e-30, 2.1259e-12, 2.2436e-04],
        [0.0000e+00, 1.2498e-30, 2.1259e-12]])
2023-10-25 20:43:23,858 | INFO | hi-lo : END EPOCH:   5 | ACCURACY: 0.01 | LOSS: 4.481411457061768
2023-10-25 20:43:23,858 | INFO | hi-lo : BEGIN EPOCH 6 =========================================================================
2023-10-25 20:43:23,858 | INFO | hi-lo.kernel-accessor : Fetching kernel: gumbel
2023-10-25 20:43:23,859 | INFO | hi-lo.gumbel-kernel : MU (LOCATION): -0.017423007637262344 | BETA (SCALE): 0.5395959615707397
2023-10-25 20:43:23,860 | INFO | hi-lo.gumbel-kernel : BOTTOM-RIGHT
tensor([[0.0000e+00, 0.0000e+00, 9.8520e-21],
        [0.0000e+00, 9.8518e-21, 5.0366e-04],
        [9.8520e-21, 5.0366e-04, 9.9899e-01]])
2023-10-25 20:43:23,860 | INFO | hi-lo.kernel-accessor : Fetching kernel: gumbel
2023-10-25 20:43:23,860 | INFO | hi-lo.gumbel-kernel : MU (LOCATION): 1 | BETA (SCALE): 1
2023-10-25 20:43:23,861 | INFO | hi-lo.gumbel-kernel : STATIC
tensor([[5.6765e-01, 1.6550e-01, 3.2357e-02],
        [1.6550e-01, 3.2357e-02, 2.1352e-03],
        [3.2357e-02, 2.1352e-03, 7.3562e-06]])
2023-10-25 20:43:23,861 | INFO | hi-lo.kernel-accessor : Fetching kernel: gumbel
2023-10-25 20:43:23,862 | INFO | hi-lo.gumbel-kernel : MU (LOCATION): -1.2405853271484375 | BETA (SCALE): 2.4291508197784424
2023-10-25 20:43:23,862 | INFO | hi-lo.gumbel-kernel : BOTTOM-RIGHT
tensor([[1.2533e-06, 2.4492e-04, 9.2732e-03],
        [2.4492e-04, 9.2732e-03, 1.1836e-01],
        [9.2732e-03, 1.1836e-01, 7.3498e-01]])
2023-10-25 20:43:23,862 | INFO | hi-lo.kernel-accessor : Fetching kernel: gumbel
2023-10-25 20:43:23,863 | INFO | hi-lo.gumbel-kernel : MU (LOCATION): 1 | BETA (SCALE): 1
2023-10-25 20:43:23,863 | INFO | hi-lo.gumbel-kernel : STATIC
tensor([[5.6765e-01, 1.6550e-01, 3.2357e-02],
        [1.6550e-01, 3.2357e-02, 2.1352e-03],
        [3.2357e-02, 2.1352e-03, 7.3562e-06]])
2023-10-25 20:43:48,085 | INFO | hi-lo : END EPOCH:   6 | ACCURACY: 0.78 | LOSS: 4.239181041717529
2023-10-25 20:43:48,085 | INFO | hi-lo : BEGIN EPOCH 7 =========================================================================
2023-10-25 20:43:48,085 | INFO | hi-lo.kernel-accessor : Fetching kernel: gumbel
2023-10-25 20:43:48,086 | INFO | hi-lo.gumbel-kernel : MU (LOCATION): -0.1758410781621933 | BETA (SCALE): 0.5388369560241699
2023-10-25 20:43:48,087 | INFO | hi-lo.gumbel-kernel : TOP-RIGHT
tensor([[1.2212e-35, 4.9215e-06, 9.9999e-01],
        [0.0000e+00, 1.2212e-35, 4.9215e-06],
        [0.0000e+00, 0.0000e+00, 1.2212e-35]])
2023-10-25 20:43:48,087 | INFO | hi-lo.kernel-accessor : Fetching kernel: gumbel
2023-10-25 20:43:48,087 | INFO | hi-lo.gumbel-kernel : MU (LOCATION): -0.7368943095207214 | BETA (SCALE): 0.957694947719574
2023-10-25 20:43:48,088 | INFO | hi-lo.gumbel-kernel : BOTTOM-RIGHT
tensor([[0.0000e+00, 0.0000e+00, 6.0706e-16],
        [0.0000e+00, 6.0706e-16, 6.6219e-05],
        [6.0706e-16, 6.6219e-05, 9.9987e-01]])
2023-10-25 20:43:48,088 | INFO | hi-lo.kernel-accessor : Fetching kernel: gumbel
2023-10-25 20:43:48,088 | INFO | hi-lo.gumbel-kernel : MU (LOCATION): 1 | BETA (SCALE): 1
2023-10-25 20:43:48,089 | INFO | hi-lo.gumbel-kernel : STATIC
tensor([[5.6765e-01, 1.6550e-01, 3.2357e-02],
        [1.6550e-01, 3.2357e-02, 2.1352e-03],
        [3.2357e-02, 2.1352e-03, 7.3562e-06]])
2023-10-25 20:43:48,089 | INFO | hi-lo.kernel-accessor : Fetching kernel: gumbel
2023-10-25 20:43:48,089 | INFO | hi-lo.gumbel-kernel : MU (LOCATION): 1 | BETA (SCALE): 1
2023-10-25 20:43:48,090 | INFO | hi-lo.gumbel-kernel : STATIC
tensor([[5.6765e-01, 1.6550e-01, 3.2357e-02],
        [1.6550e-01, 3.2357e-02, 2.1352e-03],
        [3.2357e-02, 2.1352e-03, 7.3562e-06]])
2023-10-25 20:44:12,270 | INFO | hi-lo : END EPOCH:   7 | ACCURACY: 1.56 | LOSS: 3.9912121295928955
2023-10-25 20:44:12,271 | INFO | hi-lo : BEGIN EPOCH 8 =========================================================================
2023-10-25 20:44:12,271 | INFO | hi-lo.kernel-accessor : Fetching kernel: gumbel
2023-10-25 20:44:12,271 | INFO | hi-lo.gumbel-kernel : MU (LOCATION): -0.21850919723510742 | BETA (SCALE): 0.5836334228515625
2023-10-25 20:44:12,272 | INFO | hi-lo.gumbel-kernel : TOP-RIGHT
tensor([[1.4679e-29, 1.2013e-05, 9.9998e-01],
        [0.0000e+00, 1.4679e-29, 1.2013e-05],
        [0.0000e+00, 0.0000e+00, 1.4679e-29]])
2023-10-25 20:44:12,272 | INFO | hi-lo.kernel-accessor : Fetching kernel: gumbel
2023-10-25 20:44:12,273 | INFO | hi-lo.gumbel-kernel : MU (LOCATION): 1 | BETA (SCALE): 1
2023-10-25 20:44:12,273 | INFO | hi-lo.gumbel-kernel : STATIC
tensor([[5.6765e-01, 1.6550e-01, 3.2357e-02],
        [1.6550e-01, 3.2357e-02, 2.1352e-03],
        [3.2357e-02, 2.1352e-03, 7.3562e-06]])
2023-10-25 20:44:12,273 | INFO | hi-lo.kernel-accessor : Fetching kernel: gumbel
2023-10-25 20:44:12,274 | INFO | hi-lo.gumbel-kernel : MU (LOCATION): -1.4547994136810303 | BETA (SCALE): 1.9818907976150513
2023-10-25 20:44:12,274 | INFO | hi-lo.gumbel-kernel : TOP-RIGHT
tensor([[1.7608e-04, 3.2663e-02, 9.3415e-01],
        [4.2911e-08, 1.7608e-04, 3.2663e-02],
        [6.1947e-14, 4.2911e-08, 1.7608e-04]])
2023-10-25 20:44:12,274 | INFO | hi-lo.kernel-accessor : Fetching kernel: gumbel
2023-10-25 20:44:12,275 | INFO | hi-lo.gumbel-kernel : MU (LOCATION): -1.4616475105285645 | BETA (SCALE): 1.9037660360336304
2023-10-25 20:44:12,275 | INFO | hi-lo.gumbel-kernel : TOP-RIGHT
tensor([[5.9397e-05, 2.2808e-02, 9.5421e-01],
        [3.6433e-09, 5.9397e-05, 2.2808e-02],
        [3.9490e-16, 3.6433e-09, 5.9397e-05]])
2023-10-25 20:44:36,476 | INFO | hi-lo : END EPOCH:   8 | ACCURACY: 4.69 | LOSS: 4.327027797698975
2023-10-25 20:44:36,476 | INFO | hi-lo : BEGIN EPOCH 9 =========================================================================
2023-10-25 20:44:36,476 | INFO | hi-lo.kernel-accessor : Fetching kernel: gumbel
2023-10-25 20:44:36,477 | INFO | hi-lo.gumbel-kernel : MU (LOCATION): 1 | BETA (SCALE): 1
2023-10-25 20:44:36,478 | INFO | hi-lo.gumbel-kernel : STATIC
tensor([[5.6765e-01, 1.6550e-01, 3.2357e-02],
        [1.6550e-01, 3.2357e-02, 2.1352e-03],
        [3.2357e-02, 2.1352e-03, 7.3562e-06]])
2023-10-25 20:44:36,478 | INFO | hi-lo.kernel-accessor : Fetching kernel: gumbel
2023-10-25 20:44:36,478 | INFO | hi-lo.gumbel-kernel : MU (LOCATION): 1 | BETA (SCALE): 1
2023-10-25 20:44:36,479 | INFO | hi-lo.gumbel-kernel : STATIC
tensor([[5.6765e-01, 1.6550e-01, 3.2357e-02],
        [1.6550e-01, 3.2357e-02, 2.1352e-03],
        [3.2357e-02, 2.1352e-03, 7.3562e-06]])
2023-10-25 20:44:36,479 | INFO | hi-lo.kernel-accessor : Fetching kernel: gumbel
2023-10-25 20:44:36,479 | INFO | hi-lo.gumbel-kernel : MU (LOCATION): 1 | BETA (SCALE): 1
2023-10-25 20:44:36,480 | INFO | hi-lo.gumbel-kernel : STATIC
tensor([[5.6765e-01, 1.6550e-01, 3.2357e-02],
        [1.6550e-01, 3.2357e-02, 2.1352e-03],
        [3.2357e-02, 2.1352e-03, 7.3562e-06]])
2023-10-25 20:44:36,480 | INFO | hi-lo.kernel-accessor : Fetching kernel: gumbel
2023-10-25 20:44:36,480 | INFO | hi-lo.gumbel-kernel : MU (LOCATION): 1 | BETA (SCALE): 1
2023-10-25 20:44:36,481 | INFO | hi-lo.gumbel-kernel : STATIC
tensor([[5.6765e-01, 1.6550e-01, 3.2357e-02],
        [1.6550e-01, 3.2357e-02, 2.1352e-03],
        [3.2357e-02, 2.1352e-03, 7.3562e-06]])
2023-10-25 20:45:00,692 | INFO | hi-lo : END EPOCH:   9 | ACCURACY: 0.52 | LOSS: 4.022587299346924
2023-10-25 20:45:00,692 | INFO | hi-lo : BEGIN EPOCH 10 =========================================================================
2023-10-25 20:45:00,692 | INFO | hi-lo.kernel-accessor : Fetching kernel: gumbel
2023-10-25 20:45:00,693 | INFO | hi-lo.gumbel-kernel : MU (LOCATION): -0.19530612230300903 | BETA (SCALE): 0.5094744563102722
2023-10-25 20:45:00,694 | INFO | hi-lo.gumbel-kernel : BOTTOM-RIGHT
tensor([[0.0000e+00, 0.0000e+00, 0.0000e+00],
        [0.0000e+00, 0.0000e+00, 2.6716e-07],
        [0.0000e+00, 2.6716e-07, 1.0000e+00]])
2023-10-25 20:45:00,694 | INFO | hi-lo.kernel-accessor : Fetching kernel: gumbel
2023-10-25 20:45:00,694 | INFO | hi-lo.gumbel-kernel : MU (LOCATION): -0.7150147557258606 | BETA (SCALE): 0.894567608833313
2023-10-25 20:45:00,695 | INFO | hi-lo.gumbel-kernel : TOP-RIGHT
tensor([[1.2200e-19, 1.2396e-05, 9.9998e-01],
        [0.0000e+00, 1.2200e-19, 1.2396e-05],
        [0.0000e+00, 0.0000e+00, 1.2200e-19]])
2023-10-25 20:45:00,695 | INFO | hi-lo.kernel-accessor : Fetching kernel: gumbel
2023-10-25 20:45:00,695 | INFO | hi-lo.gumbel-kernel : MU (LOCATION): 1 | BETA (SCALE): 1
2023-10-25 20:45:00,696 | INFO | hi-lo.gumbel-kernel : STATIC
tensor([[5.6765e-01, 1.6550e-01, 3.2357e-02],
        [1.6550e-01, 3.2357e-02, 2.1352e-03],
        [3.2357e-02, 2.1352e-03, 7.3562e-06]])
2023-10-25 20:45:00,696 | INFO | hi-lo.kernel-accessor : Fetching kernel: gumbel
2023-10-25 20:45:00,696 | INFO | hi-lo.gumbel-kernel : MU (LOCATION): -1.0150182247161865 | BETA (SCALE): 1.2290561199188232
2023-10-25 20:45:00,697 | INFO | hi-lo.gumbel-kernel : BOTTOM-RIGHT
tensor([[0.0000e+00, 1.5571e-25, 1.0669e-10],
        [1.5571e-25, 1.0669e-10, 6.3209e-04],
        [1.0669e-10, 6.3209e-04, 9.9874e-01]])
2023-10-25 20:45:24,933 | INFO | hi-lo : END EPOCH:  10 | ACCURACY: 2.6 | LOSS: 4.48951530456543
2023-10-25 20:45:24,933 | INFO | hi-lo : BEGIN EPOCH 11 =========================================================================
2023-10-25 20:45:24,933 | INFO | hi-lo.kernel-accessor : Fetching kernel: gumbel
2023-10-25 20:45:24,934 | INFO | hi-lo.gumbel-kernel : MU (LOCATION): -0.16516225039958954 | BETA (SCALE): 0.5392637848854065
2023-10-25 20:45:24,935 | INFO | hi-lo.gumbel-kernel : BOTTOM-RIGHT
tensor([[0.0000e+00, 0.0000e+00, 3.1181e-34],
        [0.0000e+00, 3.1182e-34, 7.5388e-06],
        [3.1181e-34, 7.5388e-06, 9.9998e-01]])
2023-10-25 20:45:24,935 | INFO | hi-lo.kernel-accessor : Fetching kernel: gumbel
2023-10-25 20:45:24,935 | INFO | hi-lo.gumbel-kernel : MU (LOCATION): 1 | BETA (SCALE): 1
2023-10-25 20:45:24,936 | INFO | hi-lo.gumbel-kernel : STATIC
tensor([[5.6765e-01, 1.6550e-01, 3.2357e-02],
        [1.6550e-01, 3.2357e-02, 2.1352e-03],
        [3.2357e-02, 2.1352e-03, 7.3562e-06]])
2023-10-25 20:45:24,936 | INFO | hi-lo.kernel-accessor : Fetching kernel: gumbel
2023-10-25 20:45:24,936 | INFO | hi-lo.gumbel-kernel : MU (LOCATION): 1 | BETA (SCALE): 1
2023-10-25 20:45:24,937 | INFO | hi-lo.gumbel-kernel : STATIC
tensor([[5.6765e-01, 1.6550e-01, 3.2357e-02],
        [1.6550e-01, 3.2357e-02, 2.1352e-03],
        [3.2357e-02, 2.1352e-03, 7.3562e-06]])
2023-10-25 20:45:24,937 | INFO | hi-lo.kernel-accessor : Fetching kernel: gumbel
2023-10-25 20:45:24,937 | INFO | hi-lo.gumbel-kernel : MU (LOCATION): -1.3141968250274658 | BETA (SCALE): 1.5303609371185303
2023-10-25 20:45:24,938 | INFO | hi-lo.gumbel-kernel : TOP-RIGHT
tensor([[8.1420e-08, 3.0385e-03, 9.9392e-01],
        [2.4240e-16, 8.1420e-08, 3.0385e-03],
        [1.8099e-32, 2.4240e-16, 8.1420e-08]])
2023-10-25 20:45:49,077 | INFO | hi-lo : END EPOCH:  11 | ACCURACY: 0.37 | LOSS: 4.713205337524414
2023-10-25 20:45:49,077 | INFO | hi-lo : BEGIN EPOCH 12 =========================================================================
2023-10-25 20:45:49,077 | INFO | hi-lo.kernel-accessor : Fetching kernel: gumbel
2023-10-25 20:45:49,078 | INFO | hi-lo.gumbel-kernel : MU (LOCATION): 0.027835875749588013 | BETA (SCALE): 0.5764629244804382
2023-10-25 20:45:49,079 | INFO | hi-lo.gumbel-kernel : BOTTOM-RIGHT
tensor([[0.0000e+00, 0.0000e+00, 1.6617e-14],
        [0.0000e+00, 1.6617e-14, 2.5353e-03],
        [1.6617e-14, 2.5353e-03, 9.9493e-01]])
2023-10-25 20:45:49,079 | INFO | hi-lo.kernel-accessor : Fetching kernel: gumbel
2023-10-25 20:45:49,079 | INFO | hi-lo.gumbel-kernel : MU (LOCATION): -0.7543328404426575 | BETA (SCALE): 1.0448789596557617
2023-10-25 20:45:49,080 | INFO | hi-lo.gumbel-kernel : TOP-RIGHT
tensor([[3.3956e-12, 4.2897e-04, 9.9914e-01],
        [1.2627e-32, 3.3956e-12, 4.2897e-04],
        [0.0000e+00, 1.2627e-32, 3.3956e-12]])
2023-10-25 20:45:49,080 | INFO | hi-lo.kernel-accessor : Fetching kernel: gumbel
2023-10-25 20:45:49,080 | INFO | hi-lo.gumbel-kernel : MU (LOCATION): 1 | BETA (SCALE): 1
2023-10-25 20:45:49,081 | INFO | hi-lo.gumbel-kernel : STATIC
tensor([[5.6765e-01, 1.6550e-01, 3.2357e-02],
        [1.6550e-01, 3.2357e-02, 2.1352e-03],
        [3.2357e-02, 2.1352e-03, 7.3562e-06]])
2023-10-25 20:45:49,081 | INFO | hi-lo.kernel-accessor : Fetching kernel: gumbel
2023-10-25 20:45:49,081 | INFO | hi-lo.gumbel-kernel : MU (LOCATION): 1 | BETA (SCALE): 1
2023-10-25 20:45:49,082 | INFO | hi-lo.gumbel-kernel : STATIC
tensor([[5.6765e-01, 1.6550e-01, 3.2357e-02],
        [1.6550e-01, 3.2357e-02, 2.1352e-03],
        [3.2357e-02, 2.1352e-03, 7.3562e-06]])
2023-10-25 20:46:13,265 | INFO | hi-lo : END EPOCH:  12 | ACCURACY: 0.33 | LOSS: 4.177674293518066
2023-10-25 20:46:13,265 | INFO | hi-lo : BEGIN EPOCH 13 =========================================================================
2023-10-25 20:46:13,265 | INFO | hi-lo.kernel-accessor : Fetching kernel: gumbel
2023-10-25 20:46:13,266 | INFO | hi-lo.gumbel-kernel : MU (LOCATION): -0.12814238667488098 | BETA (SCALE): 0.5212013721466064
2023-10-25 20:46:13,266 | INFO | hi-lo.gumbel-kernel : BOTTOM-RIGHT
tensor([[0.0000e+00, 0.0000e+00, 1.2420e-34],
        [0.0000e+00, 1.2420e-34, 1.0957e-05],
        [1.2420e-34, 1.0957e-05, 9.9998e-01]])
2023-10-25 20:46:13,266 | INFO | hi-lo.kernel-accessor : Fetching kernel: gumbel
2023-10-25 20:46:13,267 | INFO | hi-lo.gumbel-kernel : MU (LOCATION): -0.6305228471755981 | BETA (SCALE): 0.9695430994033813
2023-10-25 20:46:13,267 | INFO | hi-lo.gumbel-kernel : BOTTOM-RIGHT
tensor([[0.0000e+00, 1.1394e-35, 1.4180e-12],
        [1.1394e-35, 1.4180e-12, 4.7135e-04],
        [1.4180e-12, 4.7135e-04, 9.9906e-01]])
2023-10-25 20:46:13,267 | INFO | hi-lo.kernel-accessor : Fetching kernel: gumbel
2023-10-25 20:46:13,268 | INFO | hi-lo.gumbel-kernel : MU (LOCATION): -1.4529392719268799 | BETA (SCALE): 2.0757851600646973
2023-10-25 20:46:13,268 | INFO | hi-lo.gumbel-kernel : TOP-RIGHT
tensor([[4.8433e-04, 4.5574e-02, 9.0740e-01],
        [4.1648e-07, 4.8433e-04, 4.5574e-02],
        [6.1132e-12, 4.1648e-07, 4.8433e-04]])
2023-10-25 20:46:13,269 | INFO | hi-lo.kernel-accessor : Fetching kernel: gumbel
2023-10-25 20:46:13,269 | INFO | hi-lo.gumbel-kernel : MU (LOCATION): 1 | BETA (SCALE): 1
2023-10-25 20:46:13,269 | INFO | hi-lo.gumbel-kernel : STATIC
tensor([[5.6765e-01, 1.6550e-01, 3.2357e-02],
        [1.6550e-01, 3.2357e-02, 2.1352e-03],
        [3.2357e-02, 2.1352e-03, 7.3562e-06]])
2023-10-25 20:46:37,500 | INFO | hi-lo : END EPOCH:  13 | ACCURACY: 0.05 | LOSS: 4.241016387939453
2023-10-25 20:46:37,500 | INFO | hi-lo : BEGIN EPOCH 14 =========================================================================
2023-10-25 20:46:37,500 | INFO | hi-lo.kernel-accessor : Fetching kernel: gumbel
2023-10-25 20:46:37,501 | INFO | hi-lo.gumbel-kernel : MU (LOCATION): -0.10523353517055511 | BETA (SCALE): 0.5284463763237
2023-10-25 20:46:37,501 | INFO | hi-lo.gumbel-kernel : TOP-RIGHT
tensor([[3.3968e-30, 3.4170e-05, 9.9993e-01],
        [0.0000e+00, 3.3967e-30, 3.4170e-05],
        [0.0000e+00, 0.0000e+00, 3.3968e-30]])
2023-10-25 20:46:37,501 | INFO | hi-lo.kernel-accessor : Fetching kernel: gumbel
2023-10-25 20:46:37,501 | INFO | hi-lo.gumbel-kernel : MU (LOCATION): 1 | BETA (SCALE): 1
2023-10-25 20:46:37,502 | INFO | hi-lo.gumbel-kernel : STATIC
tensor([[5.6765e-01, 1.6550e-01, 3.2357e-02],
        [1.6550e-01, 3.2357e-02, 2.1352e-03],
        [3.2357e-02, 2.1352e-03, 7.3562e-06]])
2023-10-25 20:46:37,502 | INFO | hi-lo.kernel-accessor : Fetching kernel: gumbel
2023-10-25 20:46:37,502 | INFO | hi-lo.gumbel-kernel : MU (LOCATION): -1.2720301151275635 | BETA (SCALE): 1.7856844663619995
2023-10-25 20:46:37,502 | INFO | hi-lo.gumbel-kernel : TOP-RIGHT
tensor([[5.8155e-05, 2.4000e-02, 9.5183e-01],
        [2.3335e-09, 5.8155e-05, 2.4000e-02],
        [7.1375e-17, 2.3335e-09, 5.8155e-05]])
2023-10-25 20:46:37,502 | INFO | hi-lo.kernel-accessor : Fetching kernel: gumbel
2023-10-25 20:46:37,502 | INFO | hi-lo.gumbel-kernel : MU (LOCATION): 1 | BETA (SCALE): 1
2023-10-25 20:46:37,503 | INFO | hi-lo.gumbel-kernel : STATIC
tensor([[5.6765e-01, 1.6550e-01, 3.2357e-02],
        [1.6550e-01, 3.2357e-02, 2.1352e-03],
        [3.2357e-02, 2.1352e-03, 7.3562e-06]])
2023-10-25 20:47:01,792 | INFO | hi-lo : END EPOCH:  14 | ACCURACY: 1.56 | LOSS: 3.9288532733917236
2023-10-25 20:47:01,792 | INFO | hi-lo : BEGIN EPOCH 15 =========================================================================
2023-10-25 20:47:01,792 | INFO | hi-lo.kernel-accessor : Fetching kernel: gumbel
2023-10-25 20:47:01,793 | INFO | hi-lo.gumbel-kernel : MU (LOCATION): -0.09503515809774399 | BETA (SCALE): 0.5268684029579163
2023-10-25 20:47:01,793 | INFO | hi-lo.gumbel-kernel : BOTTOM-RIGHT
tensor([[0.0000e+00, 0.0000e+00, 1.7306e-29],
        [0.0000e+00, 1.7305e-29, 4.3842e-05],
        [1.7306e-29, 4.3842e-05, 9.9991e-01]])
2023-10-25 20:47:01,793 | INFO | hi-lo.kernel-accessor : Fetching kernel: gumbel
2023-10-25 20:47:01,794 | INFO | hi-lo.gumbel-kernel : MU (LOCATION): 1 | BETA (SCALE): 1
2023-10-25 20:47:01,794 | INFO | hi-lo.gumbel-kernel : STATIC
tensor([[5.6765e-01, 1.6550e-01, 3.2357e-02],
        [1.6550e-01, 3.2357e-02, 2.1352e-03],
        [3.2357e-02, 2.1352e-03, 7.3562e-06]])
2023-10-25 20:47:01,794 | INFO | hi-lo.kernel-accessor : Fetching kernel: gumbel
2023-10-25 20:47:01,795 | INFO | hi-lo.gumbel-kernel : MU (LOCATION): -0.9693248867988586 | BETA (SCALE): 1.5946340560913086
2023-10-25 20:47:01,795 | INFO | hi-lo.gumbel-kernel : TOP-RIGHT
tensor([[5.7819e-05, 2.6682e-02, 9.4646e-01],
        [1.0277e-09, 5.7819e-05, 2.6682e-02],
        [2.2706e-18, 1.0277e-09, 5.7819e-05]])
2023-10-25 20:47:01,796 | INFO | hi-lo.kernel-accessor : Fetching kernel: gumbel
2023-10-25 20:47:01,796 | INFO | hi-lo.gumbel-kernel : MU (LOCATION): -1.4051194190979004 | BETA (SCALE): 1.5658252239227295
2023-10-25 20:47:01,797 | INFO | hi-lo.gumbel-kernel : TOP-RIGHT
tensor([[4.8117e-08, 2.4226e-03, 9.9515e-01],
        [1.0595e-16, 4.8117e-08, 2.4226e-03],
        [7.5364e-33, 1.0595e-16, 4.8117e-08]])
2023-10-25 20:47:26,007 | INFO | hi-lo : END EPOCH:  15 | ACCURACY: 0.16 | LOSS: 4.079178810119629
2023-10-25 20:47:26,008 | INFO | hi-lo : BEGIN EPOCH 16 =========================================================================
2023-10-25 20:47:26,008 | INFO | hi-lo.kernel-accessor : Fetching kernel: gumbel
2023-10-25 20:47:26,009 | INFO | hi-lo.gumbel-kernel : MU (LOCATION): -0.09307150542736053 | BETA (SCALE): 0.4557437598705292
2023-10-25 20:47:26,009 | INFO | hi-lo.gumbel-kernel : BOTTOM-RIGHT
tensor([[0.0000e+00, 0.0000e+00, 0.0000e+00],
        [0.0000e+00, 0.0000e+00, 6.8815e-07],
        [0.0000e+00, 6.8815e-07, 1.0000e+00]])
2023-10-25 20:47:26,009 | INFO | hi-lo.kernel-accessor : Fetching kernel: gumbel
2023-10-25 20:47:26,010 | INFO | hi-lo.gumbel-kernel : MU (LOCATION): 1 | BETA (SCALE): 1
2023-10-25 20:47:26,010 | INFO | hi-lo.gumbel-kernel : STATIC
tensor([[5.6765e-01, 1.6550e-01, 3.2357e-02],
        [1.6550e-01, 3.2357e-02, 2.1352e-03],
        [3.2357e-02, 2.1352e-03, 7.3562e-06]])
2023-10-25 20:47:26,010 | INFO | hi-lo.kernel-accessor : Fetching kernel: gumbel
2023-10-25 20:47:26,011 | INFO | hi-lo.gumbel-kernel : MU (LOCATION): -1.2568581104278564 | BETA (SCALE): 1.9659295082092285
2023-10-25 20:47:26,011 | INFO | hi-lo.gumbel-kernel : BOTTOM-RIGHT
tensor([[4.9796e-12, 4.7384e-07, 5.7179e-04],
        [4.7384e-07, 5.7179e-04, 4.9920e-02],
        [5.7179e-04, 4.9920e-02, 8.9844e-01]])
2023-10-25 20:47:26,011 | INFO | hi-lo.kernel-accessor : Fetching kernel: gumbel
2023-10-25 20:47:26,012 | INFO | hi-lo.gumbel-kernel : MU (LOCATION): 1 | BETA (SCALE): 1
2023-10-25 20:47:26,012 | INFO | hi-lo.gumbel-kernel : STATIC
tensor([[5.6765e-01, 1.6550e-01, 3.2357e-02],
        [1.6550e-01, 3.2357e-02, 2.1352e-03],
        [3.2357e-02, 2.1352e-03, 7.3562e-06]])
2023-10-25 20:47:50,239 | INFO | hi-lo : END EPOCH:  16 | ACCURACY: 0.78 | LOSS: 4.260643482208252
2023-10-25 20:47:50,239 | INFO | hi-lo : BEGIN EPOCH 17 =========================================================================
2023-10-25 20:47:50,240 | INFO | hi-lo.kernel-accessor : Fetching kernel: gumbel
2023-10-25 20:47:50,240 | INFO | hi-lo.gumbel-kernel : MU (LOCATION): -0.04127858206629753 | BETA (SCALE): 0.5294052362442017
2023-10-25 20:47:50,241 | INFO | hi-lo.gumbel-kernel : TOP-RIGHT
tensor([[4.7276e-24, 2.1420e-04, 9.9957e-01],
        [0.0000e+00, 4.7276e-24, 2.1420e-04],
        [0.0000e+00, 0.0000e+00, 4.7276e-24]])
2023-10-25 20:47:50,241 | INFO | hi-lo.kernel-accessor : Fetching kernel: gumbel
2023-10-25 20:47:50,241 | INFO | hi-lo.gumbel-kernel : MU (LOCATION): -0.7178863286972046 | BETA (SCALE): 1.14824640750885
2023-10-25 20:47:50,242 | INFO | hi-lo.gumbel-kernel : TOP-RIGHT
tensor([[1.2647e-08, 3.2548e-03, 9.9349e-01],
        [5.0271e-21, 1.2647e-08, 3.2548e-03],
        [0.0000e+00, 5.0271e-21, 1.2647e-08]])
2023-10-25 20:47:50,242 | INFO | hi-lo.kernel-accessor : Fetching kernel: gumbel
2023-10-25 20:47:50,242 | INFO | hi-lo.gumbel-kernel : MU (LOCATION): 1 | BETA (SCALE): 1
2023-10-25 20:47:50,243 | INFO | hi-lo.gumbel-kernel : STATIC
tensor([[5.6765e-01, 1.6550e-01, 3.2357e-02],
        [1.6550e-01, 3.2357e-02, 2.1352e-03],
        [3.2357e-02, 2.1352e-03, 7.3562e-06]])
2023-10-25 20:47:50,243 | INFO | hi-lo.kernel-accessor : Fetching kernel: gumbel
2023-10-25 20:47:50,243 | INFO | hi-lo.gumbel-kernel : MU (LOCATION): -1.4914731979370117 | BETA (SCALE): 1.7024493217468262
2023-10-25 20:47:50,244 | INFO | hi-lo.gumbel-kernel : TOP-RIGHT
tensor([[7.6073e-07, 5.4734e-03, 9.8905e-01],
        [1.3972e-13, 7.6073e-07, 5.4734e-03],
        [1.6951e-25, 1.3972e-13, 7.6073e-07]])
2023-10-25 20:48:14,457 | INFO | hi-lo : END EPOCH:  17 | ACCURACY: 3.12 | LOSS: 4.409203052520752
2023-10-25 20:48:14,457 | INFO | hi-lo : BEGIN EPOCH 18 =========================================================================
2023-10-25 20:48:14,457 | INFO | hi-lo.kernel-accessor : Fetching kernel: gumbel
2023-10-25 20:48:14,458 | INFO | hi-lo.gumbel-kernel : MU (LOCATION): -0.17498978972434998 | BETA (SCALE): 0.4864784777164459
2023-10-25 20:48:14,458 | INFO | hi-lo.gumbel-kernel : BOTTOM-RIGHT
tensor([[0.0000e+00, 0.0000e+00, 0.0000e+00],
        [0.0000e+00, 0.0000e+00, 1.0801e-07],
        [0.0000e+00, 1.0801e-07, 1.0000e+00]])
2023-10-25 20:48:14,459 | INFO | hi-lo.kernel-accessor : Fetching kernel: gumbel
2023-10-25 20:48:14,459 | INFO | hi-lo.gumbel-kernel : MU (LOCATION): -0.6585416793823242 | BETA (SCALE): 0.9079699516296387
2023-10-25 20:48:14,459 | INFO | hi-lo.gumbel-kernel : BOTTOM-RIGHT
tensor([[0.0000e+00, 0.0000e+00, 1.3531e-16],
        [0.0000e+00, 1.3531e-16, 6.3286e-05],
        [1.3531e-16, 6.3286e-05, 9.9987e-01]])
2023-10-25 20:48:14,460 | INFO | hi-lo.kernel-accessor : Fetching kernel: gumbel
2023-10-25 20:48:14,460 | INFO | hi-lo.gumbel-kernel : MU (LOCATION): 1 | BETA (SCALE): 1
2023-10-25 20:48:14,460 | INFO | hi-lo.gumbel-kernel : STATIC
tensor([[5.6765e-01, 1.6550e-01, 3.2357e-02],
        [1.6550e-01, 3.2357e-02, 2.1352e-03],
        [3.2357e-02, 2.1352e-03, 7.3562e-06]])
2023-10-25 20:48:14,461 | INFO | hi-lo.kernel-accessor : Fetching kernel: gumbel
2023-10-25 20:48:14,461 | INFO | hi-lo.gumbel-kernel : MU (LOCATION): -1.2410624027252197 | BETA (SCALE): 1.50965416431427
2023-10-25 20:48:14,461 | INFO | hi-lo.gumbel-kernel : TOP-RIGHT
tensor([[1.6325e-07, 3.9518e-03, 9.9210e-01],
        [9.5649e-16, 1.6325e-07, 3.9518e-03],
        [1.9278e-31, 9.5649e-16, 1.6325e-07]])
2023-10-25 20:48:38,647 | INFO | hi-lo : END EPOCH:  18 | ACCURACY: 1.92 | LOSS: 3.7756900787353516
2023-10-25 20:48:38,647 | INFO | hi-lo : BEGIN EPOCH 19 =========================================================================
2023-10-25 20:48:38,647 | INFO | hi-lo.kernel-accessor : Fetching kernel: gumbel
2023-10-25 20:48:38,648 | INFO | hi-lo.gumbel-kernel : MU (LOCATION): -0.1120113953948021 | BETA (SCALE): 0.5492687821388245
2023-10-25 20:48:38,648 | INFO | hi-lo.gumbel-kernel : TOP-RIGHT
tensor([[1.4709e-26, 6.7547e-05, 9.9986e-01],
        [0.0000e+00, 1.4709e-26, 6.7547e-05],
        [0.0000e+00, 0.0000e+00, 1.4709e-26]])
2023-10-25 20:48:38,648 | INFO | hi-lo.kernel-accessor : Fetching kernel: gumbel
2023-10-25 20:48:38,649 | INFO | hi-lo.gumbel-kernel : MU (LOCATION): -0.6671689748764038 | BETA (SCALE): 1.0727393627166748
2023-10-25 20:48:38,649 | INFO | hi-lo.gumbel-kernel : BOTTOM-RIGHT
tensor([[0.0000e+00, 3.9827e-25, 9.4397e-10],
        [3.9827e-25, 9.4398e-10, 1.8763e-03],
        [9.4397e-10, 1.8763e-03, 9.9625e-01]])
2023-10-25 20:48:38,649 | INFO | hi-lo.kernel-accessor : Fetching kernel: gumbel
2023-10-25 20:48:38,650 | INFO | hi-lo.gumbel-kernel : MU (LOCATION): -1.6561717987060547 | BETA (SCALE): 2.3296761512756348
2023-10-25 20:48:38,650 | INFO | hi-lo.gumbel-kernel : TOP-RIGHT
tensor([[1.3209e-03, 6.1596e-02, 8.7284e-01],
        [4.5451e-06, 1.3209e-03, 6.1596e-02],
        [9.4097e-10, 4.5451e-06, 1.3209e-03]])
2023-10-25 20:48:38,650 | INFO | hi-lo.kernel-accessor : Fetching kernel: gumbel
2023-10-25 20:48:38,651 | INFO | hi-lo.gumbel-kernel : MU (LOCATION): -1.1767611503601074 | BETA (SCALE): 1.4692275524139404
2023-10-25 20:48:38,651 | INFO | hi-lo.gumbel-kernel : BOTTOM-RIGHT
tensor([[1.4838e-32, 4.5642e-16, 1.4227e-07],
        [4.5642e-16, 1.4227e-07, 3.9759e-03],
        [1.4227e-07, 3.9759e-03, 9.9205e-01]])
2023-10-25 20:49:02,877 | INFO | hi-lo : END EPOCH:  19 | ACCURACY: 1.56 | LOSS: 4.115836143493652
2023-10-25 20:49:02,877 | INFO | hi-lo : BEGIN EPOCH 20 =========================================================================
2023-10-25 20:49:02,877 | INFO | hi-lo.kernel-accessor : Fetching kernel: gumbel
2023-10-25 20:49:02,878 | INFO | hi-lo.gumbel-kernel : MU (LOCATION): -0.02537912130355835 | BETA (SCALE): 0.5080541372299194
2023-10-25 20:49:02,879 | INFO | hi-lo.gumbel-kernel : TOP-RIGHT
tensor([[1.5036e-26, 1.5469e-04, 9.9969e-01],
        [0.0000e+00, 1.5036e-26, 1.5469e-04],
        [0.0000e+00, 0.0000e+00, 1.5036e-26]])
2023-10-25 20:49:02,879 | INFO | hi-lo.kernel-accessor : Fetching kernel: gumbel
2023-10-25 20:49:02,879 | INFO | hi-lo.gumbel-kernel : MU (LOCATION): -0.6617701053619385 | BETA (SCALE): 0.9628487825393677
2023-10-25 20:49:02,880 | INFO | hi-lo.gumbel-kernel : TOP-RIGHT
tensor([[1.2879e-13, 2.5992e-04, 9.9948e-01],
        [4.4120e-39, 1.2879e-13, 2.5992e-04],
        [0.0000e+00, 4.4120e-39, 1.2879e-13]])
2023-10-25 20:49:02,880 | INFO | hi-lo.kernel-accessor : Fetching kernel: gumbel
2023-10-25 20:49:02,880 | INFO | hi-lo.gumbel-kernel : MU (LOCATION): -1.4321439266204834 | BETA (SCALE): 1.8892241716384888
2023-10-25 20:49:02,881 | INFO | hi-lo.gumbel-kernel : TOP-RIGHT
tensor([[6.2501e-05, 2.3390e-02, 9.5303e-01],
        [3.8697e-09, 6.2501e-05, 2.3390e-02],
        [4.0134e-16, 3.8697e-09, 6.2501e-05]])
2023-10-25 20:49:02,881 | INFO | hi-lo.kernel-accessor : Fetching kernel: gumbel
2023-10-25 20:49:02,882 | INFO | hi-lo.gumbel-kernel : MU (LOCATION): -1.4020569324493408 | BETA (SCALE): 1.4450000524520874
2023-10-25 20:49:02,882 | INFO | hi-lo.gumbel-kernel : TOP-RIGHT
tensor([[2.2576e-10, 4.8069e-04, 9.9904e-01],
        [1.0259e-22, 2.2576e-10, 4.8069e-04],
        [0.0000e+00, 1.0259e-22, 2.2576e-10]])
2023-10-25 20:49:27,095 | INFO | hi-lo : END EPOCH:  20 | ACCURACY: 1.17 | LOSS: 4.287093162536621
2023-10-25 20:49:27,095 | INFO | hi-lo : BEGIN EPOCH 21 =========================================================================
2023-10-25 20:49:27,096 | INFO | hi-lo.kernel-accessor : Fetching kernel: gumbel
2023-10-25 20:49:27,096 | INFO | hi-lo.gumbel-kernel : MU (LOCATION): 1 | BETA (SCALE): 1
2023-10-25 20:49:27,097 | INFO | hi-lo.gumbel-kernel : STATIC
tensor([[5.6765e-01, 1.6550e-01, 3.2357e-02],
        [1.6550e-01, 3.2357e-02, 2.1352e-03],
        [3.2357e-02, 2.1352e-03, 7.3562e-06]])
2023-10-25 20:49:27,097 | INFO | hi-lo.kernel-accessor : Fetching kernel: gumbel
2023-10-25 20:49:27,097 | INFO | hi-lo.gumbel-kernel : MU (LOCATION): -0.7028205394744873 | BETA (SCALE): 0.9205105304718018
2023-10-25 20:49:27,098 | INFO | hi-lo.gumbel-kernel : BOTTOM-RIGHT
tensor([[0.0000e+00, 0.0000e+00, 3.1243e-17],
        [0.0000e+00, 3.1243e-17, 3.9984e-05],
        [3.1243e-17, 3.9984e-05, 9.9992e-01]])
2023-10-25 20:49:27,098 | INFO | hi-lo.kernel-accessor : Fetching kernel: gumbel
2023-10-25 20:49:27,098 | INFO | hi-lo.gumbel-kernel : MU (LOCATION): -1.0972100496292114 | BETA (SCALE): 1.5021880865097046
2023-10-25 20:49:27,099 | INFO | hi-lo.gumbel-kernel : BOTTOM-RIGHT
tensor([[7.5237e-27, 1.6135e-13, 1.5830e-06],
        [1.6135e-13, 1.5830e-06, 8.5735e-03],
        [1.5830e-06, 8.5735e-03, 9.8285e-01]])
2023-10-25 20:49:27,099 | INFO | hi-lo.kernel-accessor : Fetching kernel: gumbel
2023-10-25 20:49:27,100 | INFO | hi-lo.gumbel-kernel : MU (LOCATION): 1 | BETA (SCALE): 1
