2023-11-30 08:11:57,657 | INFO | hi-lo : 
+==============================================================+
|                                                              |
| ██████╗  █████╗ ██████╗ ██╗         ██╗      █████╗ ██████╗  |
| ██╔══██╗██╔══██╗██╔══██╗██║         ██║     ██╔══██╗██╔══██╗ |
| ██║  ██║███████║██║  ██║██║         ██║     ███████║██████╔╝ |
| ██║  ██║██╔══██║██║  ██║██║         ██║     ██╔══██║██╔══██╗ |
| ██████╔╝██║  ██║██████╔╝███████╗    ███████╗██║  ██║██████╔╝ |
| ╚═════╝ ╚═╝  ╚═╝╚═════╝ ╚══════╝    ╚══════╝╚═╝  ╚═╝╚═════╝  |
|                                                              |
+==============================================================+
|             Hi-Lo Resolution Image Classification            |
|             -------------------------------------            |
|                       Gabriel C. Trahan                      |
|                          Sahan Ahmad                         |
|                       MD  Aminual Islam                      |
+==============================================================+
| MODEL:                 normal | LR:                      0.1 |
| DISTRO:                gumbel | KERNEL TYPE:               1 |
| DATASET:              cifar10 | BATCH SIZE:               64 |
+=========================================================================+
2023-11-30 08:11:57,657 | INFO | hi-lo : Output directory: output/normal/gumbel/1/cifar10/20231130_081157
2023-11-30 08:11:57,657 | INFO | hi-lo.dataset-accessor : Fetching dataset: cifar10
2023-11-30 08:11:57,657 | INFO | hi-lo.cifar10-dataset : Initializing transform.
2023-11-30 08:11:57,657 | INFO | hi-lo.cifar10-dataset : Verifying/downloading train data.
2023-11-30 08:11:58,258 | INFO | hi-lo.cifar10-dataset : Verifying/downloading test data.
2023-11-30 08:11:58,765 | INFO | hi-lo.cifar10-dataset : Creating train data loader.
2023-11-30 08:11:58,765 | INFO | hi-lo.cifar10-dataset : Creating test data loader.
2023-11-30 08:11:59,760 | INFO | hi-lo : Using device: NVIDIA GeForce GTX 1060 6GB
2023-11-30 08:11:59,761 | INFO | hi-lo : Commencing training phase...
2023-11-30 08:11:59,761 | INFO | hi-lo : BEGIN EPOCH 1 =========================================================================
2023-11-30 08:11:59,761 | INFO | hi-lo.kernel-accessor : Fetching kernel: gumbel
2023-11-30 08:11:59,762 | INFO | hi-lo.gumbel-kernel : MU (LOCATION): 0.0 | BETA (SCALE): 1.0
2023-11-30 08:11:59,763 | INFO | hi-lo.gumbel-kernel : TOP-LEFT
tensor([[8.8288e-01, 5.8259e-02, 2.0072e-04],
        [5.8259e-02, 2.0072e-04, 2.2609e-10],
        [2.0072e-04, 2.2609e-10, 8.5377e-26]])
2023-11-30 08:11:59,763 | INFO | hi-lo.kernel-accessor : Fetching kernel: gumbel
2023-11-30 08:11:59,763 | INFO | hi-lo.gumbel-kernel : MU (LOCATION): 0.0 | BETA (SCALE): 1.0
2023-11-30 08:11:59,763 | INFO | hi-lo.gumbel-kernel : TOP-LEFT
tensor([[8.8288e-01, 5.8259e-02, 2.0072e-04],
        [5.8259e-02, 2.0072e-04, 2.2609e-10],
        [2.0072e-04, 2.2609e-10, 8.5377e-26]])
2023-11-30 08:11:59,764 | INFO | hi-lo.kernel-accessor : Fetching kernel: gumbel
2023-11-30 08:11:59,764 | INFO | hi-lo.gumbel-kernel : MU (LOCATION): 0.0 | BETA (SCALE): 1.0
2023-11-30 08:11:59,764 | INFO | hi-lo.gumbel-kernel : TOP-LEFT
tensor([[8.8288e-01, 5.8259e-02, 2.0072e-04],
        [5.8259e-02, 2.0072e-04, 2.2609e-10],
        [2.0072e-04, 2.2609e-10, 8.5377e-26]])
2023-11-30 08:11:59,764 | INFO | hi-lo.kernel-accessor : Fetching kernel: gumbel
2023-11-30 08:11:59,764 | INFO | hi-lo.gumbel-kernel : MU (LOCATION): 0.0 | BETA (SCALE): 1.0
2023-11-30 08:11:59,765 | INFO | hi-lo.gumbel-kernel : BOTTOM-RIGHT
tensor([[8.5377e-26, 2.2609e-10, 2.0072e-04],
        [2.2609e-10, 2.0072e-04, 5.8259e-02],
        [2.0072e-04, 5.8259e-02, 8.8288e-01]])
2023-11-30 08:12:08,922 | INFO | hi-lo : END EPOCH:   1 | ACCURACY: 44.78 | LOSS: 1.5382695198059082
2023-11-30 08:12:08,922 | INFO | hi-lo : BEGIN EPOCH 2 =========================================================================
2023-11-30 08:12:08,923 | INFO | hi-lo.kernel-accessor : Fetching kernel: gumbel
2023-11-30 08:12:08,923 | INFO | hi-lo.gumbel-kernel : MU (LOCATION): -0.05707048624753952 | BETA (SCALE): 0.5198221206665039
2023-11-30 08:12:08,924 | INFO | hi-lo.gumbel-kernel : BOTTOM-RIGHT
tensor([[0.0000e+00, 0.0000e+00, 3.2654e-27],
        [0.0000e+00, 3.2654e-27, 1.0043e-04],
        [3.2654e-27, 1.0043e-04, 9.9980e-01]])
2023-11-30 08:12:08,924 | INFO | hi-lo.kernel-accessor : Fetching kernel: gumbel
2023-11-30 08:12:08,925 | INFO | hi-lo.gumbel-kernel : MU (LOCATION): -0.3785656690597534 | BETA (SCALE): 0.7405454516410828
2023-11-30 08:12:08,925 | INFO | hi-lo.gumbel-kernel : BOTTOM-RIGHT
tensor([[0.0000e+00, 0.0000e+00, 1.1418e-18],
        [0.0000e+00, 1.1418e-18, 9.1646e-05],
        [1.1418e-18, 9.1646e-05, 9.9982e-01]])
2023-11-30 08:12:08,925 | INFO | hi-lo.kernel-accessor : Fetching kernel: gumbel
2023-11-30 08:12:08,926 | INFO | hi-lo.gumbel-kernel : MU (LOCATION): -1.322021722793579 | BETA (SCALE): 1.5362566709518433
2023-11-30 08:12:08,926 | INFO | hi-lo.gumbel-kernel : BOTTOM-RIGHT
tensor([[3.0377e-32, 2.9096e-16, 8.5956e-08],
        [2.9096e-16, 8.5956e-08, 3.0716e-03],
        [8.5956e-08, 3.0716e-03, 9.9386e-01]])
2023-11-30 08:12:08,926 | INFO | hi-lo.kernel-accessor : Fetching kernel: gumbel
2023-11-30 08:12:08,927 | INFO | hi-lo.gumbel-kernel : MU (LOCATION): -0.8499048352241516 | BETA (SCALE): 1.1147140264511108
2023-11-30 08:12:08,927 | INFO | hi-lo.gumbel-kernel : TOP-LEFT
tensor([[9.9897e-01, 5.1487e-04, 1.6377e-11],
        [5.1487e-04, 1.6377e-11, 2.4713e-29],
        [1.6377e-11, 2.4713e-29, 0.0000e+00]])
2023-11-30 08:12:17,380 | INFO | hi-lo : END EPOCH:   2 | ACCURACY: 54.19 | LOSS: 1.0896097421646118
2023-11-30 08:12:17,381 | INFO | hi-lo : BEGIN EPOCH 3 =========================================================================
2023-11-30 08:12:17,381 | INFO | hi-lo.kernel-accessor : Fetching kernel: gumbel
2023-11-30 08:12:17,381 | INFO | hi-lo.gumbel-kernel : MU (LOCATION): -0.12490297853946686 | BETA (SCALE): 0.5145121216773987
2023-11-30 08:12:17,382 | INFO | hi-lo.gumbel-kernel : TOP-LEFT
tensor([[9.9998e-01, 8.5691e-06, 3.9500e-36],
        [8.5691e-06, 3.9500e-36, 0.0000e+00],
        [3.9500e-36, 0.0000e+00, 0.0000e+00]])
2023-11-30 08:12:17,382 | INFO | hi-lo.kernel-accessor : Fetching kernel: gumbel
2023-11-30 08:12:17,383 | INFO | hi-lo.gumbel-kernel : MU (LOCATION): -0.6064497232437134 | BETA (SCALE): 0.7866771817207336
2023-11-30 08:12:17,383 | INFO | hi-lo.gumbel-kernel : TOP-LEFT
tensor([[1.0000e+00, 1.7472e-06, 1.3559e-25],
        [1.7472e-06, 1.3559e-25, 0.0000e+00],
        [1.3559e-25, 0.0000e+00, 0.0000e+00]])
2023-11-30 08:12:17,383 | INFO | hi-lo.kernel-accessor : Fetching kernel: gumbel
2023-11-30 08:12:17,384 | INFO | hi-lo.gumbel-kernel : MU (LOCATION): -1.627824068069458 | BETA (SCALE): 1.7711223363876343
2023-11-30 08:12:17,384 | INFO | hi-lo.gumbel-kernel : BOTTOM-RIGHT
tensor([[4.2371e-25, 1.3801e-13, 6.1895e-07],
        [1.3801e-13, 6.1895e-07, 4.7807e-03],
        [6.1895e-07, 4.7807e-03, 9.9044e-01]])
2023-11-30 08:12:17,384 | INFO | hi-lo.kernel-accessor : Fetching kernel: gumbel
2023-11-30 08:12:17,385 | INFO | hi-lo.gumbel-kernel : MU (LOCATION): -1.239802598953247 | BETA (SCALE): 1.362257957458496
2023-11-30 08:12:17,385 | INFO | hi-lo.gumbel-kernel : BOTTOM-RIGHT
tensor([[0.0000e+00, 2.9798e-23, 2.5361e-10],
        [2.9798e-23, 2.5361e-10, 5.9660e-04],
        [2.5361e-10, 5.9660e-04, 9.9881e-01]])
2023-11-30 08:12:25,816 | INFO | hi-lo : END EPOCH:   3 | ACCURACY: 53.12 | LOSS: 1.6543599367141724
2023-11-30 08:12:25,816 | INFO | hi-lo : BEGIN EPOCH 4 =========================================================================
2023-11-30 08:12:25,816 | INFO | hi-lo.kernel-accessor : Fetching kernel: gumbel
2023-11-30 08:12:25,817 | INFO | hi-lo.gumbel-kernel : MU (LOCATION): 0.007960278540849686 | BETA (SCALE): 0.5232183337211609
2023-11-30 08:12:25,818 | INFO | hi-lo.gumbel-kernel : BOTTOM-RIGHT
tensor([[0.0000e+00, 0.0000e+00, 3.1668e-21],
        [0.0000e+00, 3.1667e-21, 5.5242e-04],
        [3.1668e-21, 5.5242e-04, 9.9890e-01]])
2023-11-30 08:12:25,818 | INFO | hi-lo.kernel-accessor : Fetching kernel: gumbel
2023-11-30 08:12:25,818 | INFO | hi-lo.gumbel-kernel : MU (LOCATION): -0.6335521340370178 | BETA (SCALE): 0.9334859848022461
2023-11-30 08:12:25,819 | INFO | hi-lo.gumbel-kernel : BOTTOM-RIGHT
tensor([[0.0000e+00, 2.2281e-42, 2.3805e-14],
        [2.2281e-42, 2.3805e-14, 1.9763e-04],
        [2.3805e-14, 1.9763e-04, 9.9960e-01]])
2023-11-30 08:12:25,819 | INFO | hi-lo.kernel-accessor : Fetching kernel: gumbel
2023-11-30 08:12:25,819 | INFO | hi-lo.gumbel-kernel : MU (LOCATION): -2.428154945373535 | BETA (SCALE): 2.770336151123047
2023-11-30 08:12:25,820 | INFO | hi-lo.gumbel-kernel : BOTTOM-RIGHT
tensor([[1.6254e-09, 3.8527e-06, 9.6721e-04],
        [3.8527e-06, 9.6721e-04, 5.0775e-02],
        [9.6721e-04, 5.0775e-02, 8.9554e-01]])
2023-11-30 08:12:25,820 | INFO | hi-lo.kernel-accessor : Fetching kernel: gumbel
2023-11-30 08:12:25,821 | INFO | hi-lo.gumbel-kernel : MU (LOCATION): -1.6842740774154663 | BETA (SCALE): 1.8484264612197876
2023-11-30 08:12:25,821 | INFO | hi-lo.gumbel-kernel : TOP-LEFT
tensor([[9.8645e-01, 6.7722e-03, 1.9201e-06],
        [6.7722e-03, 1.9201e-06, 2.2830e-12],
        [1.9201e-06, 2.2830e-12, 2.2383e-22]])
2023-11-30 08:12:34,272 | INFO | hi-lo : END EPOCH:   4 | ACCURACY: 60.42 | LOSS: 1.3037550449371338
2023-11-30 08:12:34,272 | INFO | hi-lo : BEGIN EPOCH 5 =========================================================================
2023-11-30 08:12:34,273 | INFO | hi-lo.kernel-accessor : Fetching kernel: gumbel
2023-11-30 08:12:34,273 | INFO | hi-lo.gumbel-kernel : MU (LOCATION): -0.05970720574259758 | BETA (SCALE): 0.4794439971446991
2023-11-30 08:12:34,274 | INFO | hi-lo.gumbel-kernel : TOP-LEFT
tensor([[9.9997e-01, 1.4658e-05, 4.3324e-38],
        [1.4658e-05, 4.3324e-38, 0.0000e+00],
        [4.3324e-38, 0.0000e+00, 0.0000e+00]])
2023-11-30 08:12:34,274 | INFO | hi-lo.kernel-accessor : Fetching kernel: gumbel
2023-11-30 08:12:34,275 | INFO | hi-lo.gumbel-kernel : MU (LOCATION): -0.7227309942245483 | BETA (SCALE): 0.8592237234115601
2023-11-30 08:12:34,275 | INFO | hi-lo.gumbel-kernel : BOTTOM-RIGHT
tensor([[0.0000e+00, 0.0000e+00, 2.3734e-23],
        [0.0000e+00, 2.3735e-23, 2.2446e-06],
        [2.3734e-23, 2.2446e-06, 1.0000e+00]])
2023-11-30 08:12:34,275 | INFO | hi-lo.kernel-accessor : Fetching kernel: gumbel
2023-11-30 08:12:34,276 | INFO | hi-lo.gumbel-kernel : MU (LOCATION): -1.794687271118164 | BETA (SCALE): 2.369718074798584
2023-11-30 08:12:34,276 | INFO | hi-lo.gumbel-kernel : BOTTOM-RIGHT
tensor([[3.2277e-10, 2.3429e-06, 9.2166e-04],
        [2.3429e-06, 9.2166e-04, 5.3602e-02],
        [9.2166e-04, 5.3602e-02, 8.9003e-01]])
2023-11-30 08:12:34,276 | INFO | hi-lo.kernel-accessor : Fetching kernel: gumbel
2023-11-30 08:12:34,277 | INFO | hi-lo.gumbel-kernel : MU (LOCATION): -1.997145652770996 | BETA (SCALE): 2.184584856033325
2023-11-30 08:12:34,277 | INFO | hi-lo.gumbel-kernel : BOTTOM-RIGHT
tensor([[1.0614e-15, 2.6302e-09, 3.4560e-05],
        [2.6302e-09, 3.4560e-05, 1.6498e-02],
        [3.4560e-05, 1.6498e-02, 9.6690e-01]])
2023-11-30 08:12:42,672 | INFO | hi-lo : END EPOCH:   5 | ACCURACY: 60.94 | LOSS: 1.3317809104919434
2023-11-30 08:12:42,672 | INFO | hi-lo : BEGIN EPOCH 6 =========================================================================
2023-11-30 08:12:42,672 | INFO | hi-lo.kernel-accessor : Fetching kernel: gumbel
2023-11-30 08:12:42,673 | INFO | hi-lo.gumbel-kernel : MU (LOCATION): -0.12989811599254608 | BETA (SCALE): 0.5131081342697144
2023-11-30 08:12:42,674 | INFO | hi-lo.gumbel-kernel : BOTTOM-RIGHT
tensor([[0.0000e+00, 0.0000e+00, 3.2183e-37],
        [0.0000e+00, 3.2183e-37, 6.5319e-06],
        [3.2183e-37, 6.5319e-06, 9.9999e-01]])
2023-11-30 08:12:42,674 | INFO | hi-lo.kernel-accessor : Fetching kernel: gumbel
2023-11-30 08:12:42,674 | INFO | hi-lo.gumbel-kernel : MU (LOCATION): -0.8038840293884277 | BETA (SCALE): 0.9203055500984192
2023-11-30 08:12:42,675 | INFO | hi-lo.gumbel-kernel : BOTTOM-RIGHT
tensor([[0.0000e+00, 0.0000e+00, 4.5206e-21],
        [0.0000e+00, 4.5206e-21, 4.3053e-06],
        [4.5206e-21, 4.3053e-06, 9.9999e-01]])
2023-11-30 08:12:42,675 | INFO | hi-lo.kernel-accessor : Fetching kernel: gumbel
2023-11-30 08:12:42,675 | INFO | hi-lo.gumbel-kernel : MU (LOCATION): -2.2109642028808594 | BETA (SCALE): 2.9089155197143555
2023-11-30 08:12:42,676 | INFO | hi-lo.gumbel-kernel : TOP-LEFT
tensor([[8.1047e-01, 8.8043e-02, 4.4299e-03],
        [8.8043e-02, 4.4299e-03, 7.5286e-05],
        [4.4299e-03, 7.5286e-05, 2.7686e-07]])
2023-11-30 08:12:42,676 | INFO | hi-lo.kernel-accessor : Fetching kernel: gumbel
2023-11-30 08:12:42,677 | INFO | hi-lo.gumbel-kernel : MU (LOCATION): -1.7774709463119507 | BETA (SCALE): 1.9103012084960938
2023-11-30 08:12:42,677 | INFO | hi-lo.gumbel-kernel : BOTTOM-RIGHT
tensor([[1.6298e-21, 4.7463e-12, 2.3776e-06],
        [4.7463e-12, 2.3776e-06, 7.0092e-03],
        [2.3776e-06, 7.0092e-03, 9.8597e-01]])
2023-11-30 08:12:51,047 | INFO | hi-lo : END EPOCH:   6 | ACCURACY: 60.94 | LOSS: 1.245173454284668
2023-11-30 08:12:51,047 | INFO | hi-lo : BEGIN EPOCH 7 =========================================================================
2023-11-30 08:12:51,048 | INFO | hi-lo.kernel-accessor : Fetching kernel: gumbel
2023-11-30 08:12:51,048 | INFO | hi-lo.gumbel-kernel : MU (LOCATION): -0.019337356090545654 | BETA (SCALE): 0.5095446705818176
2023-11-30 08:12:51,049 | INFO | hi-lo.gumbel-kernel : TOP-LEFT
tensor([[9.9962e-01, 1.9111e-04, 1.0690e-25],
        [1.9111e-04, 1.0690e-25, 0.0000e+00],
        [1.0690e-25, 0.0000e+00, 0.0000e+00]])
2023-11-30 08:12:51,049 | INFO | hi-lo.kernel-accessor : Fetching kernel: gumbel
2023-11-30 08:12:51,050 | INFO | hi-lo.gumbel-kernel : MU (LOCATION): -0.7634652256965637 | BETA (SCALE): 0.994504988193512
2023-11-30 08:12:51,050 | INFO | hi-lo.gumbel-kernel : TOP-LEFT
tensor([[9.9977e-01, 1.1695e-04, 1.1961e-14],
        [1.1695e-04, 1.1961e-14, 3.3593e-41],
        [1.1961e-14, 3.3593e-41, 0.0000e+00]])
2023-11-30 08:12:51,050 | INFO | hi-lo.kernel-accessor : Fetching kernel: gumbel
2023-11-30 08:12:51,051 | INFO | hi-lo.gumbel-kernel : MU (LOCATION): -2.525655508041382 | BETA (SCALE): 3.062669038772583
2023-11-30 08:12:51,051 | INFO | hi-lo.gumbel-kernel : BOTTOM-RIGHT
tensor([[1.8570e-07, 5.4258e-05, 3.5709e-03],
        [5.4258e-05, 3.5709e-03, 8.0183e-02],
        [3.5709e-03, 8.0183e-02, 8.2881e-01]])
2023-11-30 08:12:51,051 | INFO | hi-lo.kernel-accessor : Fetching kernel: gumbel
2023-11-30 08:12:51,052 | INFO | hi-lo.gumbel-kernel : MU (LOCATION): -2.1448922157287598 | BETA (SCALE): 2.2554311752319336
2023-11-30 08:12:51,052 | INFO | hi-lo.gumbel-kernel : TOP-LEFT
tensor([[9.7026e-01, 1.4826e-02, 2.8146e-05],
        [1.4826e-02, 2.8146e-05, 2.0735e-09],
        [2.8146e-05, 2.0735e-09, 9.6732e-16]])
2023-11-30 08:12:59,491 | INFO | hi-lo : END EPOCH:   7 | ACCURACY: 62.5 | LOSS: 1.3898881673812866
2023-11-30 08:12:59,492 | INFO | hi-lo : BEGIN EPOCH 8 =========================================================================
2023-11-30 08:12:59,492 | INFO | hi-lo.kernel-accessor : Fetching kernel: gumbel
2023-11-30 08:12:59,492 | INFO | hi-lo.gumbel-kernel : MU (LOCATION): 0.03223104774951935 | BETA (SCALE): 0.5104178190231323
2023-11-30 08:12:59,493 | INFO | hi-lo.gumbel-kernel : BOTTOM-RIGHT
tensor([[0.0000e+00, 0.0000e+00, 2.6328e-21],
        [0.0000e+00, 2.6328e-21, 6.5489e-04],
        [2.6328e-21, 6.5489e-04, 9.9869e-01]])
2023-11-30 08:12:59,493 | INFO | hi-lo.kernel-accessor : Fetching kernel: gumbel
2023-11-30 08:12:59,494 | INFO | hi-lo.gumbel-kernel : MU (LOCATION): -0.6960939764976501 | BETA (SCALE): 0.927965521812439
2023-11-30 08:12:59,494 | INFO | hi-lo.gumbel-kernel : TOP-LEFT
tensor([[9.9989e-01, 5.7476e-05, 1.6186e-16],
        [5.7476e-05, 1.6186e-16, 0.0000e+00],
        [1.6186e-16, 0.0000e+00, 0.0000e+00]])
2023-11-30 08:12:59,494 | INFO | hi-lo.kernel-accessor : Fetching kernel: gumbel
2023-11-30 08:12:59,495 | INFO | hi-lo.gumbel-kernel : MU (LOCATION): -2.4987173080444336 | BETA (SCALE): 3.0438761711120605
2023-11-30 08:12:59,495 | INFO | hi-lo.gumbel-kernel : TOP-LEFT
tensor([[8.2908e-01, 8.0095e-02, 3.5428e-03],
        [8.0095e-02, 3.5428e-03, 5.2953e-05],
        [3.5428e-03, 5.2953e-05, 1.7537e-07]])
2023-11-30 08:12:59,495 | INFO | hi-lo.kernel-accessor : Fetching kernel: gumbel
2023-11-30 08:12:59,496 | INFO | hi-lo.gumbel-kernel : MU (LOCATION): -2.644843816757202 | BETA (SCALE): 2.706512212753296
2023-11-30 08:12:59,496 | INFO | hi-lo.gumbel-kernel : BOTTOM-RIGHT
tensor([[9.0792e-12, 1.8644e-07, 1.9972e-04],
        [1.8644e-07, 1.9973e-04, 2.7794e-02],
        [1.9972e-04, 2.7794e-02, 9.4381e-01]])
2023-11-30 08:13:07,992 | INFO | hi-lo : END EPOCH:   8 | ACCURACY: 60.49 | LOSS: 1.0406248569488525
2023-11-30 08:13:07,992 | INFO | hi-lo : BEGIN EPOCH 9 =========================================================================
2023-11-30 08:13:07,992 | INFO | hi-lo.kernel-accessor : Fetching kernel: gumbel
2023-11-30 08:13:07,993 | INFO | hi-lo.gumbel-kernel : MU (LOCATION): -0.044756703078746796 | BETA (SCALE): 0.5180928111076355
2023-11-30 08:13:07,994 | INFO | hi-lo.gumbel-kernel : BOTTOM-RIGHT
tensor([[0.0000e+00, 0.0000e+00, 2.1391e-26],
        [0.0000e+00, 2.1391e-26, 1.3210e-04],
        [2.1391e-26, 1.3210e-04, 9.9974e-01]])
2023-11-30 08:13:07,994 | INFO | hi-lo.kernel-accessor : Fetching kernel: gumbel
2023-11-30 08:13:07,994 | INFO | hi-lo.gumbel-kernel : MU (LOCATION): -0.7862755060195923 | BETA (SCALE): 0.9179304838180542
2023-11-30 08:13:07,995 | INFO | hi-lo.gumbel-kernel : TOP-LEFT
tensor([[9.9999e-01, 5.9641e-06, 1.5103e-20],
        [5.9641e-06, 1.5103e-20, 0.0000e+00],
        [1.5103e-20, 0.0000e+00, 0.0000e+00]])
2023-11-30 08:13:07,995 | INFO | hi-lo.kernel-accessor : Fetching kernel: gumbel
2023-11-30 08:13:07,995 | INFO | hi-lo.gumbel-kernel : MU (LOCATION): -2.132321357727051 | BETA (SCALE): 2.8025400638580322
2023-11-30 08:13:07,996 | INFO | hi-lo.gumbel-kernel : TOP-LEFT
tensor([[8.2713e-01, 8.1234e-02, 3.4372e-03],
        [8.1234e-02, 3.4372e-03, 4.3670e-05],
        [3.4372e-03, 4.3670e-05, 9.9455e-08]])
2023-11-30 08:13:07,996 | INFO | hi-lo.kernel-accessor : Fetching kernel: gumbel
2023-11-30 08:13:07,996 | INFO | hi-lo.gumbel-kernel : MU (LOCATION): -1.9946374893188477 | BETA (SCALE): 2.1574931144714355
2023-11-30 08:13:07,997 | INFO | hi-lo.gumbel-kernel : TOP-LEFT
tensor([[9.7109e-01, 1.4420e-02, 2.3514e-05],
        [1.4420e-02, 2.3514e-05, 1.1448e-09],
        [2.3514e-05, 1.1448e-09, 2.0989e-16]])
2023-11-30 08:13:16,464 | INFO | hi-lo : END EPOCH:   9 | ACCURACY: 58.28 | LOSS: 1.7141947746276855
2023-11-30 08:13:16,464 | INFO | hi-lo : BEGIN EPOCH 10 =========================================================================
2023-11-30 08:13:16,464 | INFO | hi-lo.kernel-accessor : Fetching kernel: gumbel
2023-11-30 08:13:16,465 | INFO | hi-lo.gumbel-kernel : MU (LOCATION): -0.022144973278045654 | BETA (SCALE): 0.500438928604126
2023-11-30 08:13:16,465 | INFO | hi-lo.gumbel-kernel : BOTTOM-RIGHT
tensor([[0.0000e+00, 0.0000e+00, 8.3861e-28],
        [0.0000e+00, 8.3861e-28, 1.2785e-04],
        [8.3861e-28, 1.2785e-04, 9.9974e-01]])
2023-11-30 08:13:16,466 | INFO | hi-lo.kernel-accessor : Fetching kernel: gumbel
2023-11-30 08:13:16,466 | INFO | hi-lo.gumbel-kernel : MU (LOCATION): -0.7457262873649597 | BETA (SCALE): 0.9974824786186218
2023-11-30 08:13:16,467 | INFO | hi-lo.gumbel-kernel : TOP-LEFT
tensor([[9.9967e-01, 1.6699e-04, 4.7918e-14],
        [1.6699e-04, 4.7918e-14, 2.6765e-39],
        [4.7918e-14, 2.6765e-39, 0.0000e+00]])
2023-11-30 08:13:16,467 | INFO | hi-lo.kernel-accessor : Fetching kernel: gumbel
2023-11-30 08:13:16,467 | INFO | hi-lo.gumbel-kernel : MU (LOCATION): -2.7033045291900635 | BETA (SCALE): 3.0550777912139893
2023-11-30 08:13:16,468 | INFO | hi-lo.gumbel-kernel : BOTTOM-RIGHT
tensor([[3.0019e-08, 1.7980e-05, 1.9794e-03],
        [1.7980e-05, 1.9794e-03, 6.4272e-02],
        [1.9794e-03, 6.4272e-02, 8.6548e-01]])
2023-11-30 08:13:16,468 | INFO | hi-lo.kernel-accessor : Fetching kernel: gumbel
2023-11-30 08:13:16,468 | INFO | hi-lo.gumbel-kernel : MU (LOCATION): -2.043689489364624 | BETA (SCALE): 2.2526967525482178
2023-11-30 08:13:16,469 | INFO | hi-lo.gumbel-kernel : BOTTOM-RIGHT
tensor([[1.3771e-14, 9.4052e-09, 6.1005e-05],
        [9.4052e-09, 6.1005e-05, 1.9951e-02],
        [6.1005e-05, 1.9951e-02, 9.5992e-01]])
2023-11-30 08:13:24,933 | INFO | hi-lo : END EPOCH:  10 | ACCURACY: 64.06 | LOSS: 0.9968981146812439
2023-11-30 08:13:24,933 | INFO | hi-lo : BEGIN EPOCH 11 =========================================================================
2023-11-30 08:13:24,933 | INFO | hi-lo.kernel-accessor : Fetching kernel: gumbel
2023-11-30 08:13:24,934 | INFO | hi-lo.gumbel-kernel : MU (LOCATION): 0.03253534808754921 | BETA (SCALE): 0.5530109405517578
2023-11-30 08:13:24,935 | INFO | hi-lo.gumbel-kernel : BOTTOM-RIGHT
tensor([[0.0000e+00, 0.0000e+00, 2.8046e-16],
        [0.0000e+00, 2.8046e-16, 1.7544e-03],
        [2.8046e-16, 1.7544e-03, 9.9649e-01]])
2023-11-30 08:13:24,935 | INFO | hi-lo.kernel-accessor : Fetching kernel: gumbel
2023-11-30 08:13:24,935 | INFO | hi-lo.gumbel-kernel : MU (LOCATION): -0.8177151083946228 | BETA (SCALE): 0.987622082233429
2023-11-30 08:13:24,936 | INFO | hi-lo.gumbel-kernel : BOTTOM-RIGHT
tensor([[0.0000e+00, 0.0000e+00, 1.4454e-16],
        [0.0000e+00, 1.4454e-16, 3.7453e-05],
        [1.4454e-16, 3.7453e-05, 9.9993e-01]])
2023-11-30 08:13:24,936 | INFO | hi-lo.kernel-accessor : Fetching kernel: gumbel
2023-11-30 08:13:24,936 | INFO | hi-lo.gumbel-kernel : MU (LOCATION): -2.4298996925354004 | BETA (SCALE): 2.9080395698547363
2023-11-30 08:13:24,937 | INFO | hi-lo.gumbel-kernel : TOP-LEFT
tensor([[8.5635e-01, 6.8453e-02, 2.2342e-03],
        [6.8453e-02, 2.2342e-03, 2.0613e-05],
        [2.2342e-03, 2.0613e-05, 3.2013e-08]])
2023-11-30 08:13:24,937 | INFO | hi-lo.kernel-accessor : Fetching kernel: gumbel
2023-11-30 08:13:24,937 | INFO | hi-lo.gumbel-kernel : MU (LOCATION): -2.191300868988037 | BETA (SCALE): 2.2303688526153564
2023-11-30 08:13:24,938 | INFO | hi-lo.gumbel-kernel : TOP-LEFT
tensor([[9.7790e-01, 1.1031e-02, 1.2683e-05],
        [1.1031e-02, 1.2683e-05, 4.0837e-10],
        [1.2683e-05, 4.0837e-10, 4.8715e-17]])
2023-11-30 08:13:33,405 | INFO | hi-lo : END EPOCH:  11 | ACCURACY: 70.31 | LOSS: 1.0945886373519897
2023-11-30 08:13:33,405 | INFO | hi-lo : BEGIN EPOCH 12 =========================================================================
2023-11-30 08:13:33,405 | INFO | hi-lo.kernel-accessor : Fetching kernel: gumbel
2023-11-30 08:13:33,406 | INFO | hi-lo.gumbel-kernel : MU (LOCATION): 0.007303330115973949 | BETA (SCALE): 0.5413383841514587
2023-11-30 08:13:33,407 | INFO | hi-lo.gumbel-kernel : BOTTOM-RIGHT
tensor([[0.0000e+00, 0.0000e+00, 6.4870e-19],
        [0.0000e+00, 6.4870e-19, 8.6803e-04],
        [6.4870e-19, 8.6803e-04, 9.9826e-01]])
2023-11-30 08:13:33,407 | INFO | hi-lo.kernel-accessor : Fetching kernel: gumbel
2023-11-30 08:13:33,407 | INFO | hi-lo.gumbel-kernel : MU (LOCATION): -0.7670558094978333 | BETA (SCALE): 1.0049775838851929
2023-11-30 08:13:33,408 | INFO | hi-lo.gumbel-kernel : TOP-LEFT
tensor([[9.9971e-01, 1.4464e-04, 3.2476e-14],
        [1.4464e-04, 3.2476e-14, 1.4120e-39],
        [3.2476e-14, 1.4120e-39, 0.0000e+00]])
2023-11-30 08:13:33,408 | INFO | hi-lo.kernel-accessor : Fetching kernel: gumbel
2023-11-30 08:13:33,408 | INFO | hi-lo.gumbel-kernel : MU (LOCATION): -2.5209784507751465 | BETA (SCALE): 3.262202262878418
2023-11-30 08:13:33,409 | INFO | hi-lo.gumbel-kernel : BOTTOM-RIGHT
tensor([[2.7939e-06, 2.5842e-04, 7.8432e-03],
        [2.5842e-04, 7.8432e-03, 1.0484e-01],
        [7.8432e-03, 1.0484e-01, 7.6628e-01]])
2023-11-30 08:13:33,409 | INFO | hi-lo.kernel-accessor : Fetching kernel: gumbel
2023-11-30 08:13:33,409 | INFO | hi-lo.gumbel-kernel : MU (LOCATION): -2.4261839389801025 | BETA (SCALE): 2.779764413833618
2023-11-30 08:13:33,410 | INFO | hi-lo.gumbel-kernel : TOP-LEFT
tensor([[8.9260e-01, 5.2134e-02, 1.0403e-03],
        [5.2134e-02, 1.0403e-03, 4.4545e-06],
        [1.0403e-03, 4.4545e-06, 2.1023e-09]])
2023-11-30 08:13:41,904 | INFO | hi-lo : END EPOCH:  12 | ACCURACY: 61.04 | LOSS: 0.8759343028068542
2023-11-30 08:13:41,904 | INFO | hi-lo : BEGIN EPOCH 13 =========================================================================
2023-11-30 08:13:41,904 | INFO | hi-lo.kernel-accessor : Fetching kernel: gumbel
2023-11-30 08:13:41,905 | INFO | hi-lo.gumbel-kernel : MU (LOCATION): -0.006856346037238836 | BETA (SCALE): 0.5274602174758911
2023-11-30 08:13:41,905 | INFO | hi-lo.gumbel-kernel : TOP-LEFT
tensor([[9.9910e-01, 4.5093e-04, 1.0899e-21],
        [4.5093e-04, 1.0900e-21, 0.0000e+00],
        [1.0899e-21, 0.0000e+00, 0.0000e+00]])
2023-11-30 08:13:41,905 | INFO | hi-lo.kernel-accessor : Fetching kernel: gumbel
2023-11-30 08:13:41,905 | INFO | hi-lo.gumbel-kernel : MU (LOCATION): -0.7358907461166382 | BETA (SCALE): 0.9638486504554749
2023-11-30 08:13:41,906 | INFO | hi-lo.gumbel-kernel : BOTTOM-RIGHT
tensor([[0.0000e+00, 0.0000e+00, 1.4865e-15],
        [0.0000e+00, 1.4865e-15, 8.0485e-05],
        [1.4865e-15, 8.0485e-05, 9.9984e-01]])
2023-11-30 08:13:41,906 | INFO | hi-lo.kernel-accessor : Fetching kernel: gumbel
2023-11-30 08:13:41,906 | INFO | hi-lo.gumbel-kernel : MU (LOCATION): -2.5727570056915283 | BETA (SCALE): 3.517704486846924
2023-11-30 08:13:41,906 | INFO | hi-lo.gumbel-kernel : TOP-LEFT
tensor([[6.9990e-01, 1.2735e-01, 1.4530e-02],
        [1.2735e-01, 1.4530e-02, 8.9150e-04],
        [1.4530e-02, 8.9150e-04, 2.3990e-05]])
2023-11-30 08:13:41,906 | INFO | hi-lo.kernel-accessor : Fetching kernel: gumbel
2023-11-30 08:13:41,906 | INFO | hi-lo.gumbel-kernel : MU (LOCATION): -2.3582355976104736 | BETA (SCALE): 2.727128505706787
2023-11-30 08:13:41,907 | INFO | hi-lo.gumbel-kernel : TOP-LEFT
tensor([[8.9499e-01, 5.1058e-02, 9.6369e-04],
        [5.1058e-02, 9.6369e-04, 3.6868e-06],
        [9.6369e-04, 3.6868e-06, 1.4099e-09]])
2023-11-30 08:13:50,440 | INFO | hi-lo : END EPOCH:  13 | ACCURACY: 71.88 | LOSS: 0.7736256718635559
2023-11-30 08:13:50,440 | INFO | hi-lo : BEGIN EPOCH 14 =========================================================================
2023-11-30 08:13:50,440 | INFO | hi-lo.kernel-accessor : Fetching kernel: gumbel
2023-11-30 08:13:50,441 | INFO | hi-lo.gumbel-kernel : MU (LOCATION): -0.17395322024822235 | BETA (SCALE): 0.49879997968673706
2023-11-30 08:13:50,441 | INFO | hi-lo.gumbel-kernel : BOTTOM-RIGHT
tensor([[0.0000e+00, 0.0000e+00, 0.0000e+00],
        [0.0000e+00, 0.0000e+00, 3.3468e-07],
        [0.0000e+00, 3.3468e-07, 1.0000e+00]])
2023-11-30 08:13:50,441 | INFO | hi-lo.kernel-accessor : Fetching kernel: gumbel
2023-11-30 08:13:50,442 | INFO | hi-lo.gumbel-kernel : MU (LOCATION): -0.7171744108200073 | BETA (SCALE): 0.9958250522613525
2023-11-30 08:13:50,442 | INFO | hi-lo.gumbel-kernel : TOP-LEFT
tensor([[9.9951e-01, 2.4657e-04, 1.9857e-13],
        [2.4657e-04, 1.9858e-13, 1.6917e-37],
        [1.9857e-13, 1.6917e-37, 0.0000e+00]])
2023-11-30 08:13:50,442 | INFO | hi-lo.kernel-accessor : Fetching kernel: gumbel
2023-11-30 08:13:50,443 | INFO | hi-lo.gumbel-kernel : MU (LOCATION): -2.9128427505493164 | BETA (SCALE): 3.284238576889038
2023-11-30 08:13:50,443 | INFO | hi-lo.gumbel-kernel : TOP-LEFT
tensor([[8.3834e-01, 7.5893e-02, 3.2565e-03],
        [7.5893e-02, 3.2565e-03, 5.0774e-05],
        [3.2565e-03, 5.0774e-05, 2.0063e-07]])
2023-11-30 08:13:50,444 | INFO | hi-lo.kernel-accessor : Fetching kernel: gumbel
2023-11-30 08:13:50,444 | INFO | hi-lo.gumbel-kernel : MU (LOCATION): -1.9411540031433105 | BETA (SCALE): 2.2693777084350586
2023-11-30 08:13:50,444 | INFO | hi-lo.gumbel-kernel : BOTTOM-RIGHT
tensor([[4.0597e-13, 6.1720e-08, 1.5625e-04],
        [6.1720e-08, 1.5625e-04, 2.8347e-02],
        [1.5625e-04, 2.8347e-02, 9.4284e-01]])
2023-11-30 08:13:58,844 | INFO | hi-lo : END EPOCH:  14 | ACCURACY: 66.41 | LOSS: 0.9555788040161133
2023-11-30 08:13:58,844 | INFO | hi-lo : BEGIN EPOCH 15 =========================================================================
2023-11-30 08:13:58,844 | INFO | hi-lo.kernel-accessor : Fetching kernel: gumbel
2023-11-30 08:13:58,845 | INFO | hi-lo.gumbel-kernel : MU (LOCATION): -0.09972105920314789 | BETA (SCALE): 0.4619100093841553
2023-11-30 08:13:58,846 | INFO | hi-lo.gumbel-kernel : BOTTOM-RIGHT
tensor([[0.0000e+00, 0.0000e+00, 0.0000e+00],
        [0.0000e+00, 0.0000e+00, 7.9547e-07],
        [0.0000e+00, 7.9547e-07, 1.0000e+00]])
2023-11-30 08:13:58,846 | INFO | hi-lo.kernel-accessor : Fetching kernel: gumbel
2023-11-30 08:13:58,846 | INFO | hi-lo.gumbel-kernel : MU (LOCATION): -0.722826361656189 | BETA (SCALE): 0.8729342222213745
2023-11-30 08:13:58,847 | INFO | hi-lo.gumbel-kernel : TOP-LEFT
tensor([[9.9999e-01, 4.2079e-06, 6.1345e-22],
        [4.2079e-06, 6.1346e-22, 0.0000e+00],
        [6.1345e-22, 0.0000e+00, 0.0000e+00]])
2023-11-30 08:13:58,847 | INFO | hi-lo.kernel-accessor : Fetching kernel: gumbel
2023-11-30 08:13:58,847 | INFO | hi-lo.gumbel-kernel : MU (LOCATION): -2.2322614192962646 | BETA (SCALE): 2.730397939682007
2023-11-30 08:13:58,848 | INFO | hi-lo.gumbel-kernel : BOTTOM-RIGHT
tensor([[7.7608e-09, 1.0132e-05, 1.6397e-03],
        [1.0132e-05, 1.6397e-03, 6.2394e-02],
        [1.6397e-03, 6.2394e-02, 8.7027e-01]])
2023-11-30 08:13:58,848 | INFO | hi-lo.kernel-accessor : Fetching kernel: gumbel
2023-11-30 08:13:58,848 | INFO | hi-lo.gumbel-kernel : MU (LOCATION): -2.2514586448669434 | BETA (SCALE): 2.295109987258911
2023-11-30 08:13:58,849 | INFO | hi-lo.gumbel-kernel : TOP-LEFT
tensor([[9.7403e-01, 1.2955e-02, 2.0660e-05],
        [1.2955e-02, 2.0660e-05, 1.2408e-09],
        [2.0660e-05, 1.2408e-09, 4.6817e-16]])
2023-11-30 08:14:07,312 | INFO | hi-lo : END EPOCH:  15 | ACCURACY: 61.72 | LOSS: 0.9200742840766907
2023-11-30 08:14:07,312 | INFO | hi-lo : BEGIN EPOCH 16 =========================================================================
2023-11-30 08:14:07,312 | INFO | hi-lo.kernel-accessor : Fetching kernel: gumbel
2023-11-30 08:14:07,313 | INFO | hi-lo.gumbel-kernel : MU (LOCATION): 0.018750179558992386 | BETA (SCALE): 0.5175616145133972
2023-11-30 08:14:07,313 | INFO | hi-lo.gumbel-kernel : TOP-LEFT
tensor([[9.9881e-01, 5.9621e-04, 2.9505e-21],
        [5.9621e-04, 2.9505e-21, 0.0000e+00],
        [2.9505e-21, 0.0000e+00, 0.0000e+00]])
2023-11-30 08:14:07,313 | INFO | hi-lo.kernel-accessor : Fetching kernel: gumbel
2023-11-30 08:14:07,314 | INFO | hi-lo.gumbel-kernel : MU (LOCATION): -0.7212368249893188 | BETA (SCALE): 0.938218355178833
2023-11-30 08:14:07,314 | INFO | hi-lo.gumbel-kernel : TOP-LEFT
tensor([[9.9990e-01, 4.9104e-05, 1.1542e-16],
        [4.9104e-05, 1.1541e-16, 0.0000e+00],
        [1.1542e-16, 0.0000e+00, 0.0000e+00]])
2023-11-30 08:14:07,314 | INFO | hi-lo.kernel-accessor : Fetching kernel: gumbel
2023-11-30 08:14:07,315 | INFO | hi-lo.gumbel-kernel : MU (LOCATION): -2.388054370880127 | BETA (SCALE): 3.092372417449951
2023-11-30 08:14:07,315 | INFO | hi-lo.gumbel-kernel : TOP-LEFT
tensor([[7.9085e-01, 9.5666e-02, 5.8454e-03],
        [9.5666e-02, 5.8454e-03, 1.3900e-04],
        [5.8454e-03, 1.3900e-04, 8.9724e-07]])
2023-11-30 08:14:07,316 | INFO | hi-lo.kernel-accessor : Fetching kernel: gumbel
2023-11-30 08:14:07,316 | INFO | hi-lo.gumbel-kernel : MU (LOCATION): -2.4776790142059326 | BETA (SCALE): 2.45747709274292
2023-11-30 08:14:07,316 | INFO | hi-lo.gumbel-kernel : BOTTOM-RIGHT
tensor([[8.5250e-15, 4.5782e-09, 3.4215e-05],
        [4.5782e-09, 3.4215e-05, 1.4856e-02],
        [3.4215e-05, 1.4856e-02, 9.7019e-01]])
2023-11-30 08:14:15,829 | INFO | hi-lo : END EPOCH:  16 | ACCURACY: 62.72 | LOSS: 1.279056429862976
2023-11-30 08:14:15,829 | INFO | hi-lo : BEGIN EPOCH 17 =========================================================================
2023-11-30 08:14:15,829 | INFO | hi-lo.kernel-accessor : Fetching kernel: gumbel
2023-11-30 08:14:15,830 | INFO | hi-lo.gumbel-kernel : MU (LOCATION): -0.06959395110607147 | BETA (SCALE): 0.49464842677116394
2023-11-30 08:14:15,830 | INFO | hi-lo.gumbel-kernel : TOP-LEFT
tensor([[9.9996e-01, 2.2520e-05, 1.0299e-34],
        [2.2520e-05, 1.0299e-34, 0.0000e+00],
        [1.0299e-34, 0.0000e+00, 0.0000e+00]])
2023-11-30 08:14:15,830 | INFO | hi-lo.kernel-accessor : Fetching kernel: gumbel
2023-11-30 08:14:15,831 | INFO | hi-lo.gumbel-kernel : MU (LOCATION): -0.718356192111969 | BETA (SCALE): 0.9197074174880981
2023-11-30 08:14:15,831 | INFO | hi-lo.gumbel-kernel : TOP-LEFT
tensor([[9.9994e-01, 2.8532e-05, 8.0021e-18],
        [2.8532e-05, 8.0021e-18, 0.0000e+00],
        [8.0021e-18, 0.0000e+00, 0.0000e+00]])
2023-11-30 08:14:15,832 | INFO | hi-lo.kernel-accessor : Fetching kernel: gumbel
2023-11-30 08:14:15,832 | INFO | hi-lo.gumbel-kernel : MU (LOCATION): -2.472787857055664 | BETA (SCALE): 2.812661647796631
2023-11-30 08:14:15,832 | INFO | hi-lo.gumbel-kernel : BOTTOM-RIGHT
tensor([[2.5380e-09, 4.8421e-06, 1.0721e-03],
        [4.8421e-06, 1.0721e-03, 5.2473e-02],
        [1.0721e-03, 5.2473e-02, 8.9183e-01]])
2023-11-30 08:14:15,833 | INFO | hi-lo.kernel-accessor : Fetching kernel: gumbel
2023-11-30 08:14:15,833 | INFO | hi-lo.gumbel-kernel : MU (LOCATION): -1.7789684534072876 | BETA (SCALE): 1.884904384613037
2023-11-30 08:14:15,834 | INFO | hi-lo.gumbel-kernel : BOTTOM-RIGHT
tensor([[9.9534e-23, 1.2190e-12, 1.3049e-06],
        [1.2190e-12, 1.3049e-06, 5.7223e-03],
        [1.3049e-06, 5.7223e-03, 9.8855e-01]])
2023-11-30 08:14:24,324 | INFO | hi-lo : END EPOCH:  17 | ACCURACY: 59.9 | LOSS: 1.4042792320251465
2023-11-30 08:14:24,324 | INFO | hi-lo : BEGIN EPOCH 18 =========================================================================
2023-11-30 08:14:24,324 | INFO | hi-lo.kernel-accessor : Fetching kernel: gumbel
2023-11-30 08:14:24,325 | INFO | hi-lo.gumbel-kernel : MU (LOCATION): -0.15189296007156372 | BETA (SCALE): 0.45537108182907104
2023-11-30 08:14:24,325 | INFO | hi-lo.gumbel-kernel : BOTTOM-RIGHT
tensor([[0.0000e+00, 0.0000e+00, 0.0000e+00],
        [0.0000e+00, 0.0000e+00, 1.9291e-08],
        [0.0000e+00, 1.9291e-08, 1.0000e+00]])
2023-11-30 08:14:24,326 | INFO | hi-lo.kernel-accessor : Fetching kernel: gumbel
2023-11-30 08:14:24,326 | INFO | hi-lo.gumbel-kernel : MU (LOCATION): -0.7364084124565125 | BETA (SCALE): 0.9031037092208862
2023-11-30 08:14:24,327 | INFO | hi-lo.gumbel-kernel : TOP-LEFT
tensor([[9.9998e-01, 1.0573e-05, 8.7296e-20],
        [1.0573e-05, 8.7296e-20, 0.0000e+00],
        [8.7296e-20, 0.0000e+00, 0.0000e+00]])
2023-11-30 08:14:24,327 | INFO | hi-lo.kernel-accessor : Fetching kernel: gumbel
2023-11-30 08:14:24,327 | INFO | hi-lo.gumbel-kernel : MU (LOCATION): -2.8815174102783203 | BETA (SCALE): 3.0365793704986572
2023-11-30 08:14:24,328 | INFO | hi-lo.gumbel-kernel : TOP-LEFT
tensor([[9.0111e-01, 4.8049e-02, 9.2863e-04],
        [4.8049e-02, 9.2863e-04, 4.3788e-06],
        [9.2863e-04, 4.3788e-06, 2.9058e-09]])
2023-11-30 08:14:24,328 | INFO | hi-lo.kernel-accessor : Fetching kernel: gumbel
2023-11-30 08:14:24,328 | INFO | hi-lo.gumbel-kernel : MU (LOCATION): -1.894068717956543 | BETA (SCALE): 2.067621946334839
2023-11-30 08:14:24,329 | INFO | hi-lo.gumbel-kernel : BOTTOM-RIGHT
tensor([[1.2138e-17, 3.1256e-10, 1.3946e-05],
        [3.1256e-10, 1.3946e-05, 1.2348e-02],
        [1.3946e-05, 1.2348e-02, 9.7526e-01]])
2023-11-30 08:14:32,844 | INFO | hi-lo : END EPOCH:  18 | ACCURACY: 62.5 | LOSS: 1.306142807006836
2023-11-30 08:14:32,844 | INFO | hi-lo : BEGIN EPOCH 19 =========================================================================
2023-11-30 08:14:32,844 | INFO | hi-lo.kernel-accessor : Fetching kernel: gumbel
2023-11-30 08:14:32,845 | INFO | hi-lo.gumbel-kernel : MU (LOCATION): -0.039703793823719025 | BETA (SCALE): 0.48960721492767334
2023-11-30 08:14:32,845 | INFO | hi-lo.gumbel-kernel : BOTTOM-RIGHT
tensor([[0.0000e+00, 0.0000e+00, 2.3913e-32],
        [0.0000e+00, 2.3913e-32, 4.8524e-05],
        [2.3913e-32, 4.8524e-05, 9.9990e-01]])
2023-11-30 08:14:32,846 | INFO | hi-lo.kernel-accessor : Fetching kernel: gumbel
2023-11-30 08:14:32,846 | INFO | hi-lo.gumbel-kernel : MU (LOCATION): -0.810840368270874 | BETA (SCALE): 0.9867881536483765
2023-11-30 08:14:32,847 | INFO | hi-lo.gumbel-kernel : BOTTOM-RIGHT
tensor([[0.0000e+00, 0.0000e+00, 2.0722e-16],
        [0.0000e+00, 2.0722e-16, 4.1445e-05],
        [2.0722e-16, 4.1445e-05, 9.9992e-01]])
2023-11-30 08:14:32,847 | INFO | hi-lo.kernel-accessor : Fetching kernel: gumbel
2023-11-30 08:14:32,847 | INFO | hi-lo.gumbel-kernel : MU (LOCATION): -2.658670663833618 | BETA (SCALE): 3.3324756622314453
2023-11-30 08:14:32,848 | INFO | hi-lo.gumbel-kernel : BOTTOM-RIGHT
tensor([[2.4892e-06, 2.3458e-04, 7.3535e-03],
        [2.3458e-04, 7.3535e-03, 1.0200e-01],
        [7.3535e-03, 1.0200e-01, 7.7346e-01]])
2023-11-30 08:14:32,848 | INFO | hi-lo.kernel-accessor : Fetching kernel: gumbel
2023-11-30 08:14:32,848 | INFO | hi-lo.gumbel-kernel : MU (LOCATION): -2.706263303756714 | BETA (SCALE): 2.4621782302856445
2023-11-30 08:14:32,849 | INFO | hi-lo.gumbel-kernel : BOTTOM-RIGHT
tensor([[2.1817e-17, 1.3959e-10, 5.4707e-06],
        [1.3959e-10, 5.4707e-06, 7.1938e-03],
        [5.4707e-06, 7.1938e-03, 9.8560e-01]])
2023-11-30 08:14:41,367 | INFO | hi-lo : END EPOCH:  19 | ACCURACY: 58.21 | LOSS: 1.6619881391525269
2023-11-30 08:14:41,367 | INFO | hi-lo : BEGIN EPOCH 20 =========================================================================
2023-11-30 08:14:41,367 | INFO | hi-lo.kernel-accessor : Fetching kernel: gumbel
2023-11-30 08:14:41,368 | INFO | hi-lo.gumbel-kernel : MU (LOCATION): -0.13295529782772064 | BETA (SCALE): 0.4979376494884491
2023-11-30 08:14:41,369 | INFO | hi-lo.gumbel-kernel : BOTTOM-RIGHT
tensor([[0.0000e+00, 0.0000e+00, 7.4689e-43],
        [0.0000e+00, 7.4689e-43, 2.2346e-06],
        [7.4689e-43, 2.2346e-06, 1.0000e+00]])
2023-11-30 08:14:41,369 | INFO | hi-lo.kernel-accessor : Fetching kernel: gumbel
2023-11-30 08:14:41,369 | INFO | hi-lo.gumbel-kernel : MU (LOCATION): -0.7542021870613098 | BETA (SCALE): 0.9175280332565308
2023-11-30 08:14:41,370 | INFO | hi-lo.gumbel-kernel : TOP-LEFT
tensor([[9.9998e-01, 1.2293e-05, 2.6359e-19],
        [1.2293e-05, 2.6359e-19, 0.0000e+00],
        [2.6359e-19, 0.0000e+00, 0.0000e+00]])
2023-11-30 08:14:41,370 | INFO | hi-lo.kernel-accessor : Fetching kernel: gumbel
2023-11-30 08:14:41,371 | INFO | hi-lo.gumbel-kernel : MU (LOCATION): -2.309075355529785 | BETA (SCALE): 2.853672504425049
2023-11-30 08:14:41,371 | INFO | hi-lo.gumbel-kernel : BOTTOM-RIGHT
tensor([[4.0861e-08, 2.4790e-05, 2.5093e-03],
        [2.4790e-05, 2.5093e-03, 7.1951e-02],
        [2.5093e-03, 7.1951e-02, 8.4852e-01]])
2023-11-30 08:14:41,371 | INFO | hi-lo.kernel-accessor : Fetching kernel: gumbel
2023-11-30 08:14:41,372 | INFO | hi-lo.gumbel-kernel : MU (LOCATION): -2.475644588470459 | BETA (SCALE): 2.374178171157837
2023-11-30 08:14:41,372 | INFO | hi-lo.gumbel-kernel : BOTTOM-RIGHT
tensor([[8.1387e-17, 3.7255e-10, 1.0120e-05],
        [3.7255e-10, 1.0120e-05, 9.5037e-03],
        [1.0120e-05, 9.5037e-03, 9.8096e-01]])
2023-11-30 08:14:49,913 | INFO | hi-lo : END EPOCH:  20 | ACCURACY: 64.06 | LOSS: 1.5403633117675781
2023-11-30 08:14:49,913 | INFO | hi-lo : BEGIN EPOCH 21 =========================================================================
2023-11-30 08:14:49,914 | INFO | hi-lo.kernel-accessor : Fetching kernel: gumbel
2023-11-30 08:14:49,914 | INFO | hi-lo.gumbel-kernel : MU (LOCATION): -0.043179046362638474 | BETA (SCALE): 0.5321441292762756
2023-11-30 08:14:49,915 | INFO | hi-lo.gumbel-kernel : BOTTOM-RIGHT
tensor([[0.0000e+00, 0.0000e+00, 9.4452e-24],
        [0.0000e+00, 9.4452e-24, 2.2366e-04],
