2023-12-02 00:14:31,377 | INFO | hi-lo : 
+==============================================================+
|                                                              |
| ██████╗  █████╗ ██████╗ ██╗         ██╗      █████╗ ██████╗  |
| ██╔══██╗██╔══██╗██╔══██╗██║         ██║     ██╔══██╗██╔══██╗ |
| ██║  ██║███████║██║  ██║██║         ██║     ███████║██████╔╝ |
| ██║  ██║██╔══██║██║  ██║██║         ██║     ██╔══██║██╔══██╗ |
| ██████╔╝██║  ██║██████╔╝███████╗    ███████╗██║  ██║██████╔╝ |
| ╚═════╝ ╚═╝  ╚═╝╚═════╝ ╚══════╝    ╚══════╝╚═╝  ╚═╝╚═════╝  |
|                                                              |
+==============================================================+
|             Hi-Lo Resolution Image Classification            |
|             -------------------------------------            |
|                       Gabriel C. Trahan                      |
|                          Sahan Ahmad                         |
|                       MD  Aminual Islam                      |
+==============================================================+
| MODEL:                 normal | LR:                      0.1 |
| DISTRO:                gumbel | KERNEL TYPE:               1 |
| DATASET:              cifar10 | BATCH SIZE:               64 |
+=========================================================================+
2023-12-02 00:14:31,378 | INFO | hi-lo : Output directory: output/normal/gumbel/1/cifar10/20231202_001431
2023-12-02 00:14:31,378 | INFO | hi-lo.dataset-accessor : Fetching dataset: cifar10
2023-12-02 00:14:31,378 | INFO | hi-lo.cifar10-dataset : Initializing transform.
2023-12-02 00:14:31,378 | INFO | hi-lo.cifar10-dataset : Verifying/downloading train data.
2023-12-02 00:14:31,995 | INFO | hi-lo.cifar10-dataset : Verifying/downloading test data.
2023-12-02 00:14:32,489 | INFO | hi-lo.cifar10-dataset : Creating train data loader.
2023-12-02 00:14:32,489 | INFO | hi-lo.cifar10-dataset : Creating test data loader.
2023-12-02 00:14:33,488 | INFO | hi-lo : Using device: NVIDIA GeForce GTX 1060 6GB
2023-12-02 00:14:33,489 | INFO | hi-lo : Commencing training phase...
2023-12-02 00:14:33,489 | INFO | hi-lo : BEGIN EPOCH 1 =========================================================================
2023-12-02 00:14:33,489 | INFO | hi-lo.kernel-accessor : Fetching kernel: gumbel
2023-12-02 00:14:33,490 | INFO | hi-lo.gumbel-kernel : MU (LOCATION): 0.0 | BETA (SCALE): 1.0
2023-12-02 00:14:33,491 | INFO | hi-lo.gumbel-kernel : TOP-LEFT
tensor([[8.8288e-01, 5.8259e-02, 2.0072e-04],
        [5.8259e-02, 2.0072e-04, 2.2609e-10],
        [2.0072e-04, 2.2609e-10, 8.5377e-26]])
2023-12-02 00:14:33,491 | INFO | hi-lo.kernel-accessor : Fetching kernel: gumbel
2023-12-02 00:14:33,491 | INFO | hi-lo.gumbel-kernel : MU (LOCATION): 0.0 | BETA (SCALE): 1.0
2023-12-02 00:14:33,492 | INFO | hi-lo.gumbel-kernel : TOP-LEFT
tensor([[8.8288e-01, 5.8259e-02, 2.0072e-04],
        [5.8259e-02, 2.0072e-04, 2.2609e-10],
        [2.0072e-04, 2.2609e-10, 8.5377e-26]])
2023-12-02 00:14:33,492 | INFO | hi-lo.kernel-accessor : Fetching kernel: gumbel
2023-12-02 00:14:33,492 | INFO | hi-lo.gumbel-kernel : MU (LOCATION): 0.0 | BETA (SCALE): 1.0
2023-12-02 00:14:33,492 | INFO | hi-lo.gumbel-kernel : TOP-LEFT
tensor([[8.8288e-01, 5.8259e-02, 2.0072e-04],
        [5.8259e-02, 2.0072e-04, 2.2609e-10],
        [2.0072e-04, 2.2609e-10, 8.5377e-26]])
2023-12-02 00:14:33,492 | INFO | hi-lo.kernel-accessor : Fetching kernel: gumbel
2023-12-02 00:14:33,493 | INFO | hi-lo.gumbel-kernel : MU (LOCATION): 0.0 | BETA (SCALE): 1.0
2023-12-02 00:14:33,493 | INFO | hi-lo.gumbel-kernel : TOP-LEFT
tensor([[8.8288e-01, 5.8259e-02, 2.0072e-04],
        [5.8259e-02, 2.0072e-04, 2.2609e-10],
        [2.0072e-04, 2.2609e-10, 8.5377e-26]])
2023-12-02 00:14:42,718 | INFO | hi-lo : END EPOCH:   1 | ACCURACY: 48.44 | LOSS: 1.462433099746704
2023-12-02 00:14:42,718 | INFO | hi-lo : BEGIN EPOCH 2 =========================================================================
2023-12-02 00:14:42,718 | INFO | hi-lo.kernel-accessor : Fetching kernel: gumbel
2023-12-02 00:14:42,719 | INFO | hi-lo.gumbel-kernel : MU (LOCATION): -0.07255107909440994 | BETA (SCALE): 0.45577460527420044
2023-12-02 00:14:42,719 | INFO | hi-lo.gumbel-kernel : TOP-LEFT
tensor([[1.0000e+00, 1.9376e-06, 0.0000e+00],
        [1.9376e-06, 0.0000e+00, 0.0000e+00],
        [0.0000e+00, 0.0000e+00, 0.0000e+00]])
2023-12-02 00:14:42,719 | INFO | hi-lo.kernel-accessor : Fetching kernel: gumbel
2023-12-02 00:14:42,720 | INFO | hi-lo.gumbel-kernel : MU (LOCATION): -0.5271478891372681 | BETA (SCALE): 0.6588164567947388
2023-12-02 00:14:42,720 | INFO | hi-lo.gumbel-kernel : BOTTOM-RIGHT
tensor([[0.0000e+00, 0.0000e+00, 0.0000e+00],
        [0.0000e+00, 0.0000e+00, 4.7355e-09],
        [0.0000e+00, 4.7355e-09, 1.0000e+00]])
2023-12-02 00:14:42,721 | INFO | hi-lo.kernel-accessor : Fetching kernel: gumbel
2023-12-02 00:14:42,721 | INFO | hi-lo.gumbel-kernel : MU (LOCATION): -0.908219039440155 | BETA (SCALE): 1.2158458232879639
2023-12-02 00:14:42,721 | INFO | hi-lo.gumbel-kernel : TOP-LEFT
tensor([[9.9702e-01, 1.4881e-03, 1.5703e-09],
        [1.4881e-03, 1.5703e-09, 1.1174e-22],
        [1.5703e-09, 1.1174e-22, 0.0000e+00]])
2023-12-02 00:14:42,722 | INFO | hi-lo.kernel-accessor : Fetching kernel: gumbel
2023-12-02 00:14:42,722 | INFO | hi-lo.gumbel-kernel : MU (LOCATION): -0.6189274787902832 | BETA (SCALE): 0.7663933038711548
2023-12-02 00:14:42,723 | INFO | hi-lo.gumbel-kernel : BOTTOM-RIGHT
tensor([[0.0000e+00, 0.0000e+00, 2.3015e-29],
        [0.0000e+00, 2.3015e-29, 3.6732e-07],
        [2.3015e-29, 3.6732e-07, 1.0000e+00]])
2023-12-02 00:14:51,120 | INFO | hi-lo : END EPOCH:   2 | ACCURACY: 47.19 | LOSS: 1.6223335266113281
2023-12-02 00:14:51,120 | INFO | hi-lo : BEGIN EPOCH 3 =========================================================================
2023-12-02 00:14:51,120 | INFO | hi-lo.kernel-accessor : Fetching kernel: gumbel
2023-12-02 00:14:51,121 | INFO | hi-lo.gumbel-kernel : MU (LOCATION): 0.05952070653438568 | BETA (SCALE): 0.5248184204101562
2023-12-02 00:14:51,122 | INFO | hi-lo.gumbel-kernel : TOP-LEFT
tensor([[9.9690e-01, 1.5500e-03, 1.1153e-17],
        [1.5500e-03, 1.1153e-17, 0.0000e+00],
        [1.1153e-17, 0.0000e+00, 0.0000e+00]])
2023-12-02 00:14:51,122 | INFO | hi-lo.kernel-accessor : Fetching kernel: gumbel
2023-12-02 00:14:51,122 | INFO | hi-lo.gumbel-kernel : MU (LOCATION): -0.5624621510505676 | BETA (SCALE): 0.8678979873657227
2023-12-02 00:14:51,123 | INFO | hi-lo.gumbel-kernel : TOP-LEFT
tensor([[9.9977e-01, 1.1546e-04, 4.8208e-16],
        [1.1546e-04, 4.8208e-16, 0.0000e+00],
        [4.8208e-16, 0.0000e+00, 0.0000e+00]])
2023-12-02 00:14:51,123 | INFO | hi-lo.kernel-accessor : Fetching kernel: gumbel
2023-12-02 00:14:51,123 | INFO | hi-lo.gumbel-kernel : MU (LOCATION): -1.922497272491455 | BETA (SCALE): 2.3677468299865723
2023-12-02 00:14:51,124 | INFO | hi-lo.gumbel-kernel : BOTTOM-RIGHT
tensor([[3.1530e-11, 6.2040e-07, 4.6837e-04],
        [6.2040e-07, 4.6837e-04, 4.1713e-02],
        [4.6837e-04, 4.1713e-02, 9.1517e-01]])
2023-12-02 00:14:51,124 | INFO | hi-lo.kernel-accessor : Fetching kernel: gumbel
2023-12-02 00:14:51,124 | INFO | hi-lo.gumbel-kernel : MU (LOCATION): -1.3880765438079834 | BETA (SCALE): 1.5675140619277954
2023-12-02 00:14:51,125 | INFO | hi-lo.gumbel-kernel : TOP-LEFT
tensor([[9.9446e-01, 2.7687e-03, 7.1350e-08],
        [2.7687e-03, 7.1350e-08, 2.6047e-16],
        [7.1350e-08, 2.6047e-16, 4.9430e-32]])
2023-12-02 00:14:59,529 | INFO | hi-lo : END EPOCH:   3 | ACCURACY: 53.93 | LOSS: 1.3244808912277222
2023-12-02 00:14:59,529 | INFO | hi-lo : BEGIN EPOCH 4 =========================================================================
2023-12-02 00:14:59,529 | INFO | hi-lo.kernel-accessor : Fetching kernel: gumbel
2023-12-02 00:14:59,530 | INFO | hi-lo.gumbel-kernel : MU (LOCATION): -0.08356916159391403 | BETA (SCALE): 0.490413099527359
2023-12-02 00:14:59,531 | INFO | hi-lo.gumbel-kernel : TOP-LEFT
tensor([[9.9998e-01, 1.0789e-05, 6.1253e-38],
        [1.0789e-05, 6.1251e-38, 0.0000e+00],
        [6.1253e-38, 0.0000e+00, 0.0000e+00]])
2023-12-02 00:14:59,531 | INFO | hi-lo.kernel-accessor : Fetching kernel: gumbel
2023-12-02 00:14:59,531 | INFO | hi-lo.gumbel-kernel : MU (LOCATION): -0.5912638902664185 | BETA (SCALE): 0.8579381108283997
2023-12-02 00:14:59,532 | INFO | hi-lo.gumbel-kernel : TOP-LEFT
tensor([[9.9990e-01, 4.8844e-05, 9.4866e-18],
        [4.8844e-05, 9.4865e-18, 0.0000e+00],
        [9.4866e-18, 0.0000e+00, 0.0000e+00]])
2023-12-02 00:14:59,532 | INFO | hi-lo.kernel-accessor : Fetching kernel: gumbel
2023-12-02 00:14:59,532 | INFO | hi-lo.gumbel-kernel : MU (LOCATION): -2.036773681640625 | BETA (SCALE): 2.4210433959960938
2023-12-02 00:14:59,533 | INFO | hi-lo.gumbel-kernel : BOTTOM-RIGHT
tensor([[2.4650e-11, 4.9690e-07, 4.0265e-04],
        [4.9690e-07, 4.0265e-04, 3.8913e-02],
        [4.0265e-04, 3.8913e-02, 9.2096e-01]])
2023-12-02 00:14:59,533 | INFO | hi-lo.kernel-accessor : Fetching kernel: gumbel
2023-12-02 00:14:59,533 | INFO | hi-lo.gumbel-kernel : MU (LOCATION): -1.3209233283996582 | BETA (SCALE): 1.6283682584762573
2023-12-02 00:14:59,534 | INFO | hi-lo.gumbel-kernel : BOTTOM-RIGHT
tensor([[2.9507e-25, 3.2354e-13, 1.4042e-06],
        [3.2354e-13, 1.4042e-06, 7.2692e-03],
        [1.4042e-06, 7.2692e-03, 9.8546e-01]])
2023-12-02 00:15:07,914 | INFO | hi-lo : END EPOCH:   4 | ACCURACY: 55.47 | LOSS: 1.3853766918182373
2023-12-02 00:15:07,914 | INFO | hi-lo : BEGIN EPOCH 5 =========================================================================
2023-12-02 00:15:07,914 | INFO | hi-lo.kernel-accessor : Fetching kernel: gumbel
2023-12-02 00:15:07,915 | INFO | hi-lo.gumbel-kernel : MU (LOCATION): -0.04796914383769035 | BETA (SCALE): 0.4498402178287506
2023-12-02 00:15:07,916 | INFO | hi-lo.gumbel-kernel : BOTTOM-RIGHT
tensor([[0.0000e+00, 0.0000e+00, 0.0000e+00],
        [0.0000e+00, 0.0000e+00, 4.0541e-06],
        [0.0000e+00, 4.0541e-06, 9.9999e-01]])
2023-12-02 00:15:07,916 | INFO | hi-lo.kernel-accessor : Fetching kernel: gumbel
2023-12-02 00:15:07,916 | INFO | hi-lo.gumbel-kernel : MU (LOCATION): -0.6482722759246826 | BETA (SCALE): 0.9161282181739807
2023-12-02 00:15:07,917 | INFO | hi-lo.gumbel-kernel : TOP-LEFT
tensor([[9.9981e-01, 9.7097e-05, 9.3734e-16],
        [9.7097e-05, 9.3734e-16, 0.0000e+00],
        [9.3734e-16, 0.0000e+00, 0.0000e+00]])
2023-12-02 00:15:07,917 | INFO | hi-lo.kernel-accessor : Fetching kernel: gumbel
2023-12-02 00:15:07,917 | INFO | hi-lo.gumbel-kernel : MU (LOCATION): -2.258117198944092 | BETA (SCALE): 3.0940372943878174
2023-12-02 00:15:07,918 | INFO | hi-lo.gumbel-kernel : BOTTOM-RIGHT
tensor([[2.3969e-06, 2.5166e-04, 7.9905e-03],
        [2.5166e-04, 7.9905e-03, 1.0674e-01],
        [7.9905e-03, 1.0674e-01, 7.6203e-01]])
2023-12-02 00:15:07,918 | INFO | hi-lo.kernel-accessor : Fetching kernel: gumbel
2023-12-02 00:15:07,918 | INFO | hi-lo.gumbel-kernel : MU (LOCATION): -1.8234624862670898 | BETA (SCALE): 1.948210597038269
2023-12-02 00:15:07,919 | INFO | hi-lo.gumbel-kernel : TOP-LEFT
tensor([[9.8493e-01, 7.5279e-03, 3.0875e-06],
        [7.5279e-03, 3.0875e-06, 9.5520e-12],
        [3.0875e-06, 9.5520e-12, 8.4029e-21]])
2023-12-02 00:15:16,350 | INFO | hi-lo : END EPOCH:   5 | ACCURACY: 58.44 | LOSS: 1.234938144683838
2023-12-02 00:15:16,350 | INFO | hi-lo : BEGIN EPOCH 6 =========================================================================
2023-12-02 00:15:16,350 | INFO | hi-lo.kernel-accessor : Fetching kernel: gumbel
2023-12-02 00:15:16,351 | INFO | hi-lo.gumbel-kernel : MU (LOCATION): -0.11815272271633148 | BETA (SCALE): 0.48061782121658325
2023-12-02 00:15:16,351 | INFO | hi-lo.gumbel-kernel : TOP-LEFT
tensor([[1.0000e+00, 1.3148e-06, 0.0000e+00],
        [1.3148e-06, 0.0000e+00, 0.0000e+00],
        [0.0000e+00, 0.0000e+00, 0.0000e+00]])
2023-12-02 00:15:16,352 | INFO | hi-lo.kernel-accessor : Fetching kernel: gumbel
2023-12-02 00:15:16,352 | INFO | hi-lo.gumbel-kernel : MU (LOCATION): -0.6419534683227539 | BETA (SCALE): 0.8595821261405945
2023-12-02 00:15:16,352 | INFO | hi-lo.gumbel-kernel : TOP-LEFT
tensor([[9.9997e-01, 1.7322e-05, 1.2909e-19],
        [1.7322e-05, 1.2909e-19, 0.0000e+00],
        [1.2909e-19, 0.0000e+00, 0.0000e+00]])
2023-12-02 00:15:16,353 | INFO | hi-lo.kernel-accessor : Fetching kernel: gumbel
2023-12-02 00:15:16,353 | INFO | hi-lo.gumbel-kernel : MU (LOCATION): -2.181382894515991 | BETA (SCALE): 2.7102060317993164
2023-12-02 00:15:16,354 | INFO | hi-lo.gumbel-kernel : BOTTOM-RIGHT
tensor([[9.2387e-09, 1.1432e-05, 1.7615e-03],
        [1.1432e-05, 1.7615e-03, 6.4271e-02],
        [1.7615e-03, 6.4271e-02, 8.6615e-01]])
2023-12-02 00:15:16,354 | INFO | hi-lo.kernel-accessor : Fetching kernel: gumbel
2023-12-02 00:15:16,354 | INFO | hi-lo.gumbel-kernel : MU (LOCATION): -1.5491286516189575 | BETA (SCALE): 1.788779377937317
2023-12-02 00:15:16,355 | INFO | hi-lo.gumbel-kernel : TOP-LEFT
tensor([[9.8368e-01, 8.1562e-03, 2.8381e-06],
        [8.1562e-03, 2.8381e-06, 3.8554e-12],
        [2.8381e-06, 3.8554e-12, 3.2110e-22]])
2023-12-02 00:15:24,804 | INFO | hi-lo : END EPOCH:   6 | ACCURACY: 59.9 | LOSS: 1.1117665767669678
2023-12-02 00:15:24,804 | INFO | hi-lo : BEGIN EPOCH 7 =========================================================================
2023-12-02 00:15:24,805 | INFO | hi-lo.kernel-accessor : Fetching kernel: gumbel
2023-12-02 00:15:24,805 | INFO | hi-lo.gumbel-kernel : MU (LOCATION): -0.02144606225192547 | BETA (SCALE): 0.47270581126213074
2023-12-02 00:15:24,806 | INFO | hi-lo.gumbel-kernel : BOTTOM-RIGHT
tensor([[0.0000e+00, 0.0000e+00, 8.4821e-35],
        [0.0000e+00, 8.4818e-35, 4.1002e-05],
        [8.4821e-35, 4.1002e-05, 9.9992e-01]])
2023-12-02 00:15:24,806 | INFO | hi-lo.kernel-accessor : Fetching kernel: gumbel
2023-12-02 00:15:24,807 | INFO | hi-lo.gumbel-kernel : MU (LOCATION): -0.592638373374939 | BETA (SCALE): 0.8460054397583008
2023-12-02 00:15:24,807 | INFO | hi-lo.gumbel-kernel : TOP-LEFT
tensor([[9.9994e-01, 3.1668e-05, 9.7501e-19],
        [3.1668e-05, 9.7501e-19, 0.0000e+00],
        [9.7501e-19, 0.0000e+00, 0.0000e+00]])
2023-12-02 00:15:24,807 | INFO | hi-lo.kernel-accessor : Fetching kernel: gumbel
2023-12-02 00:15:24,808 | INFO | hi-lo.gumbel-kernel : MU (LOCATION): -1.8251757621765137 | BETA (SCALE): 2.453249931335449
2023-12-02 00:15:24,808 | INFO | hi-lo.gumbel-kernel : TOP-LEFT
tensor([[8.7083e-01, 6.2392e-02, 1.4565e-03],
        [6.2392e-02, 1.4565e-03, 6.3004e-06],
        [1.4565e-03, 6.3004e-06, 2.1622e-09]])
2023-12-02 00:15:24,808 | INFO | hi-lo.kernel-accessor : Fetching kernel: gumbel
2023-12-02 00:15:24,809 | INFO | hi-lo.gumbel-kernel : MU (LOCATION): -2.134136915206909 | BETA (SCALE): 2.2077877521514893
2023-12-02 00:15:24,809 | INFO | hi-lo.gumbel-kernel : BOTTOM-RIGHT
tensor([[6.7480e-17, 5.2367e-10, 1.4825e-05],
        [5.2367e-10, 1.4825e-05, 1.1830e-02],
        [1.4825e-05, 1.1830e-02, 9.7630e-01]])
2023-12-02 00:15:33,244 | INFO | hi-lo : END EPOCH:   7 | ACCURACY: 73.44 | LOSS: 0.9989544153213501
2023-12-02 00:15:33,244 | INFO | hi-lo : BEGIN EPOCH 8 =========================================================================
2023-12-02 00:15:33,244 | INFO | hi-lo.kernel-accessor : Fetching kernel: gumbel
2023-12-02 00:15:33,245 | INFO | hi-lo.gumbel-kernel : MU (LOCATION): -0.03787688538432121 | BETA (SCALE): 0.4980536103248596
2023-12-02 00:15:33,245 | INFO | hi-lo.gumbel-kernel : BOTTOM-RIGHT
tensor([[0.0000e+00, 0.0000e+00, 5.2449e-30],
        [0.0000e+00, 5.2449e-30, 7.3804e-05],
        [5.2449e-30, 7.3804e-05, 9.9985e-01]])
2023-12-02 00:15:33,246 | INFO | hi-lo.kernel-accessor : Fetching kernel: gumbel
2023-12-02 00:15:33,246 | INFO | hi-lo.gumbel-kernel : MU (LOCATION): -0.6521009802818298 | BETA (SCALE): 0.9199554324150085
2023-12-02 00:15:33,246 | INFO | hi-lo.gumbel-kernel : TOP-LEFT
tensor([[9.9980e-01, 1.0110e-04, 1.2171e-15],
        [1.0110e-04, 1.2171e-15, 0.0000e+00],
        [1.2171e-15, 0.0000e+00, 0.0000e+00]])
2023-12-02 00:15:33,247 | INFO | hi-lo.kernel-accessor : Fetching kernel: gumbel
2023-12-02 00:15:33,247 | INFO | hi-lo.gumbel-kernel : MU (LOCATION): -2.2525877952575684 | BETA (SCALE): 3.1275441646575928
2023-12-02 00:15:33,248 | INFO | hi-lo.gumbel-kernel : TOP-LEFT
tensor([[7.5026e-01, 1.1102e-01, 9.0206e-03],
        [1.1102e-01, 9.0206e-03, 3.2111e-04],
        [9.0206e-03, 3.2111e-04, 3.6696e-06]])
2023-12-02 00:15:33,248 | INFO | hi-lo.kernel-accessor : Fetching kernel: gumbel
2023-12-02 00:15:33,248 | INFO | hi-lo.gumbel-kernel : MU (LOCATION): -2.459977865219116 | BETA (SCALE): 2.488370895385742
2023-12-02 00:15:33,249 | INFO | hi-lo.gumbel-kernel : TOP-LEFT
tensor([[9.6360e-01, 1.8111e-02, 5.8161e-05],
        [1.8111e-02, 5.8161e-05, 1.3317e-08],
        [5.8161e-05, 1.3317e-08, 5.8884e-14]])
2023-12-02 00:15:41,692 | INFO | hi-lo : END EPOCH:   8 | ACCURACY: 59.9 | LOSS: 1.3556078672409058
2023-12-02 00:15:41,692 | INFO | hi-lo : BEGIN EPOCH 9 =========================================================================
2023-12-02 00:15:41,692 | INFO | hi-lo.kernel-accessor : Fetching kernel: gumbel
2023-12-02 00:15:41,693 | INFO | hi-lo.gumbel-kernel : MU (LOCATION): -0.02471962198615074 | BETA (SCALE): 0.5567988157272339
2023-12-02 00:15:41,693 | INFO | hi-lo.gumbel-kernel : TOP-LEFT
tensor([[9.9863e-01, 6.8277e-04, 4.8179e-19],
        [6.8277e-04, 4.8180e-19, 0.0000e+00],
        [4.8179e-19, 0.0000e+00, 0.0000e+00]])
2023-12-02 00:15:41,694 | INFO | hi-lo.kernel-accessor : Fetching kernel: gumbel
2023-12-02 00:15:41,694 | INFO | hi-lo.gumbel-kernel : MU (LOCATION): -0.7238125205039978 | BETA (SCALE): 0.8927567005157471
2023-12-02 00:15:41,695 | INFO | hi-lo.gumbel-kernel : TOP-LEFT
tensor([[9.9998e-01, 9.4273e-06, 3.7530e-20],
        [9.4273e-06, 3.7530e-20, 0.0000e+00],
        [3.7530e-20, 0.0000e+00, 0.0000e+00]])
2023-12-02 00:15:41,695 | INFO | hi-lo.kernel-accessor : Fetching kernel: gumbel
2023-12-02 00:15:41,695 | INFO | hi-lo.gumbel-kernel : MU (LOCATION): -1.956274151802063 | BETA (SCALE): 2.6094467639923096
2023-12-02 00:15:41,696 | INFO | hi-lo.gumbel-kernel : TOP-LEFT
tensor([[8.5006e-01, 7.1551e-02, 2.2675e-03],
        [7.1551e-02, 2.2675e-03, 1.7146e-05],
        [2.2675e-03, 1.7146e-05, 1.5840e-08]])
2023-12-02 00:15:41,696 | INFO | hi-lo.kernel-accessor : Fetching kernel: gumbel
2023-12-02 00:15:41,696 | INFO | hi-lo.gumbel-kernel : MU (LOCATION): -2.229801654815674 | BETA (SCALE): 2.5132925510406494
2023-12-02 00:15:41,697 | INFO | hi-lo.gumbel-kernel : BOTTOM-RIGHT
tensor([[1.8208e-11, 3.6456e-07, 3.2209e-04],
        [3.6456e-07, 3.2209e-04, 3.4978e-02],
        [3.2209e-04, 3.4978e-02, 9.2908e-01]])
2023-12-02 00:15:50,102 | INFO | hi-lo : END EPOCH:   9 | ACCURACY: 67.71 | LOSS: 1.141011357307434
2023-12-02 00:15:50,102 | INFO | hi-lo : BEGIN EPOCH 10 =========================================================================
2023-12-02 00:15:50,102 | INFO | hi-lo.kernel-accessor : Fetching kernel: gumbel
2023-12-02 00:15:50,103 | INFO | hi-lo.gumbel-kernel : MU (LOCATION): -0.12839114665985107 | BETA (SCALE): 0.4683207869529724
2023-12-02 00:15:50,104 | INFO | hi-lo.gumbel-kernel : TOP-LEFT
tensor([[1.0000e+00, 2.9316e-07, 0.0000e+00],
        [2.9316e-07, 0.0000e+00, 0.0000e+00],
        [0.0000e+00, 0.0000e+00, 0.0000e+00]])
2023-12-02 00:15:50,104 | INFO | hi-lo.kernel-accessor : Fetching kernel: gumbel
2023-12-02 00:15:50,104 | INFO | hi-lo.gumbel-kernel : MU (LOCATION): -0.7412484884262085 | BETA (SCALE): 0.8363384008407593
2023-12-02 00:15:50,105 | INFO | hi-lo.gumbel-kernel : TOP-LEFT
tensor([[1.0000e+00, 3.8571e-07, 3.8095e-27],
        [3.8571e-07, 3.8096e-27, 0.0000e+00],
        [3.8095e-27, 0.0000e+00, 0.0000e+00]])
2023-12-02 00:15:50,105 | INFO | hi-lo.kernel-accessor : Fetching kernel: gumbel
2023-12-02 00:15:50,106 | INFO | hi-lo.gumbel-kernel : MU (LOCATION): -2.13472580909729 | BETA (SCALE): 2.760676145553589
2023-12-02 00:15:50,106 | INFO | hi-lo.gumbel-kernel : BOTTOM-RIGHT
tensor([[4.4787e-08, 2.8000e-05, 2.7626e-03],
        [2.8000e-05, 2.7626e-03, 7.5389e-02],
        [2.7626e-03, 7.5389e-02, 8.4088e-01]])
2023-12-02 00:15:50,106 | INFO | hi-lo.kernel-accessor : Fetching kernel: gumbel
2023-12-02 00:15:50,107 | INFO | hi-lo.gumbel-kernel : MU (LOCATION): -1.9288705587387085 | BETA (SCALE): 1.9873642921447754
2023-12-02 00:15:50,107 | INFO | hi-lo.gumbel-kernel : BOTTOM-RIGHT
tensor([[3.1895e-21, 4.7301e-12, 2.0240e-06],
        [4.7301e-12, 2.0240e-06, 6.2712e-03],
        [2.0240e-06, 6.2712e-03, 9.8745e-01]])
2023-12-02 00:15:58,586 | INFO | hi-lo : END EPOCH:  10 | ACCURACY: 60.79 | LOSS: 1.1985055208206177
2023-12-02 00:15:58,587 | INFO | hi-lo : BEGIN EPOCH 11 =========================================================================
2023-12-02 00:15:58,587 | INFO | hi-lo.kernel-accessor : Fetching kernel: gumbel
2023-12-02 00:15:58,588 | INFO | hi-lo.gumbel-kernel : MU (LOCATION): -0.06583194434642792 | BETA (SCALE): 0.5055832266807556
2023-12-02 00:15:58,588 | INFO | hi-lo.gumbel-kernel : TOP-LEFT
tensor([[9.9991e-01, 4.2832e-05, 2.5678e-31],
        [4.2832e-05, 2.5678e-31, 0.0000e+00],
        [2.5678e-31, 0.0000e+00, 0.0000e+00]])
2023-12-02 00:15:58,588 | INFO | hi-lo.kernel-accessor : Fetching kernel: gumbel
2023-12-02 00:15:58,589 | INFO | hi-lo.gumbel-kernel : MU (LOCATION): -0.7149035930633545 | BETA (SCALE): 0.9175362586975098
2023-12-02 00:15:58,589 | INFO | hi-lo.gumbel-kernel : BOTTOM-RIGHT
tensor([[0.0000e+00, 0.0000e+00, 7.3968e-18],
        [0.0000e+00, 7.3968e-18, 2.8445e-05],
        [7.3968e-18, 2.8445e-05, 9.9994e-01]])
2023-12-02 00:15:58,590 | INFO | hi-lo.kernel-accessor : Fetching kernel: gumbel
2023-12-02 00:15:58,590 | INFO | hi-lo.gumbel-kernel : MU (LOCATION): -2.027867317199707 | BETA (SCALE): 2.74267840385437
2023-12-02 00:15:58,590 | INFO | hi-lo.gumbel-kernel : TOP-LEFT
tensor([[8.2325e-01, 8.2964e-02, 3.5763e-03],
        [8.2964e-02, 3.5763e-03, 4.5386e-05],
        [3.5763e-03, 4.5386e-05, 9.9014e-08]])
2023-12-02 00:15:58,591 | INFO | hi-lo.kernel-accessor : Fetching kernel: gumbel
2023-12-02 00:15:58,591 | INFO | hi-lo.gumbel-kernel : MU (LOCATION): -3.017820119857788 | BETA (SCALE): 2.9743335247039795
2023-12-02 00:15:58,592 | INFO | hi-lo.gumbel-kernel : BOTTOM-RIGHT
tensor([[1.0252e-10, 5.9891e-07, 3.2372e-04],
        [5.9891e-07, 3.2372e-04, 3.1943e-02],
        [3.2372e-04, 3.1943e-02, 9.3514e-01]])
2023-12-02 00:16:07,015 | INFO | hi-lo : END EPOCH:  11 | ACCURACY: 64.06 | LOSS: 1.0452207326889038
2023-12-02 00:16:07,016 | INFO | hi-lo : BEGIN EPOCH 12 =========================================================================
2023-12-02 00:16:07,016 | INFO | hi-lo.kernel-accessor : Fetching kernel: gumbel
2023-12-02 00:16:07,016 | INFO | hi-lo.gumbel-kernel : MU (LOCATION): 0.03794664889574051 | BETA (SCALE): 0.5316498279571533
2023-12-02 00:16:07,017 | INFO | hi-lo.gumbel-kernel : BOTTOM-RIGHT
tensor([[0.0000e+00, 0.0000e+00, 3.4705e-18],
        [0.0000e+00, 3.4705e-18, 1.2267e-03],
        [3.4705e-18, 1.2267e-03, 9.9755e-01]])
2023-12-02 00:16:07,017 | INFO | hi-lo.kernel-accessor : Fetching kernel: gumbel
2023-12-02 00:16:07,017 | INFO | hi-lo.gumbel-kernel : MU (LOCATION): -0.7038455605506897 | BETA (SCALE): 0.9185642600059509
2023-12-02 00:16:07,017 | INFO | hi-lo.gumbel-kernel : TOP-LEFT
tensor([[9.9993e-01, 3.6782e-05, 2.1182e-17],
        [3.6782e-05, 2.1182e-17, 0.0000e+00],
        [2.1182e-17, 0.0000e+00, 0.0000e+00]])
2023-12-02 00:16:07,017 | INFO | hi-lo.kernel-accessor : Fetching kernel: gumbel
2023-12-02 00:16:07,017 | INFO | hi-lo.gumbel-kernel : MU (LOCATION): -2.2406437397003174 | BETA (SCALE): 2.934697151184082
2023-12-02 00:16:07,018 | INFO | hi-lo.gumbel-kernel : TOP-LEFT
tensor([[8.0875e-01, 8.8709e-02, 4.5552e-03],
        [8.8709e-02, 4.5552e-03, 8.0463e-05],
        [4.5552e-03, 8.0463e-05, 3.1702e-07]])
2023-12-02 00:16:07,018 | INFO | hi-lo.kernel-accessor : Fetching kernel: gumbel
2023-12-02 00:16:07,018 | INFO | hi-lo.gumbel-kernel : MU (LOCATION): -2.3439831733703613 | BETA (SCALE): 2.515101909637451
2023-12-02 00:16:07,018 | INFO | hi-lo.gumbel-kernel : TOP-LEFT
tensor([[9.4500e-01, 2.7245e-02, 1.6885e-04],
        [2.7245e-02, 1.6885e-04, 1.0618e-07],
        [1.6885e-04, 1.0618e-07, 2.2174e-12]])
2023-12-02 00:16:15,411 | INFO | hi-lo : END EPOCH:  12 | ACCURACY: 60.42 | LOSS: 1.311164140701294
2023-12-02 00:16:15,411 | INFO | hi-lo : BEGIN EPOCH 13 =========================================================================
2023-12-02 00:16:15,411 | INFO | hi-lo.kernel-accessor : Fetching kernel: gumbel
2023-12-02 00:16:15,412 | INFO | hi-lo.gumbel-kernel : MU (LOCATION): -0.05834385007619858 | BETA (SCALE): 0.48669981956481934
2023-12-02 00:16:15,413 | INFO | hi-lo.gumbel-kernel : BOTTOM-RIGHT
tensor([[0.0000e+00, 0.0000e+00, 1.4137e-35],
        [0.0000e+00, 1.4137e-35, 2.2493e-05],
        [1.4137e-35, 2.2493e-05, 9.9996e-01]])
2023-12-02 00:16:15,413 | INFO | hi-lo.kernel-accessor : Fetching kernel: gumbel
2023-12-02 00:16:15,413 | INFO | hi-lo.gumbel-kernel : MU (LOCATION): -0.6986995339393616 | BETA (SCALE): 0.8980871438980103
2023-12-02 00:16:15,414 | INFO | hi-lo.gumbel-kernel : BOTTOM-RIGHT
tensor([[0.0000e+00, 0.0000e+00, 1.0148e-18],
        [0.0000e+00, 1.0148e-18, 2.0280e-05],
        [1.0148e-18, 2.0280e-05, 9.9996e-01]])
2023-12-02 00:16:15,414 | INFO | hi-lo.kernel-accessor : Fetching kernel: gumbel
2023-12-02 00:16:15,414 | INFO | hi-lo.gumbel-kernel : MU (LOCATION): -2.1945176124572754 | BETA (SCALE): 2.970700263977051
2023-12-02 00:16:15,415 | INFO | hi-lo.gumbel-kernel : TOP-LEFT
tensor([[7.8715e-01, 9.7339e-02, 5.9666e-03],
        [9.7339e-02, 5.9666e-03, 1.3690e-04],
        [5.9666e-03, 1.3690e-04, 7.9340e-07]])
2023-12-02 00:16:15,415 | INFO | hi-lo.kernel-accessor : Fetching kernel: gumbel
2023-12-02 00:16:15,415 | INFO | hi-lo.gumbel-kernel : MU (LOCATION): -1.890733003616333 | BETA (SCALE): 1.8543370962142944
2023-12-02 00:16:15,416 | INFO | hi-lo.gumbel-kernel : TOP-LEFT
tensor([[9.9522e-01, 2.3888e-03, 1.1307e-07],
        [2.3888e-03, 1.1307e-07, 6.3780e-15],
        [1.1307e-07, 6.3780e-15, 3.4860e-27]])
2023-12-02 00:16:24,043 | INFO | hi-lo : END EPOCH:  13 | ACCURACY: 62.5 | LOSS: 1.413338541984558
2023-12-02 00:16:24,044 | INFO | hi-lo : BEGIN EPOCH 14 =========================================================================
2023-12-02 00:16:24,044 | INFO | hi-lo.kernel-accessor : Fetching kernel: gumbel
2023-12-02 00:16:24,045 | INFO | hi-lo.gumbel-kernel : MU (LOCATION): -0.028826769441366196 | BETA (SCALE): 0.4870251417160034
2023-12-02 00:16:24,045 | INFO | hi-lo.gumbel-kernel : BOTTOM-RIGHT
tensor([[0.0000e+00, 0.0000e+00, 1.0289e-31],
        [0.0000e+00, 1.0289e-31, 6.1248e-05],
        [1.0289e-31, 6.1248e-05, 9.9988e-01]])
2023-12-02 00:16:24,045 | INFO | hi-lo.kernel-accessor : Fetching kernel: gumbel
2023-12-02 00:16:24,046 | INFO | hi-lo.gumbel-kernel : MU (LOCATION): -0.7359679937362671 | BETA (SCALE): 0.880679726600647
2023-12-02 00:16:24,046 | INFO | hi-lo.gumbel-kernel : BOTTOM-RIGHT
tensor([[0.0000e+00, 0.0000e+00, 8.7268e-22],
        [0.0000e+00, 8.7270e-22, 4.2281e-06],
        [8.7268e-22, 4.2281e-06, 9.9999e-01]])
2023-12-02 00:16:24,047 | INFO | hi-lo.kernel-accessor : Fetching kernel: gumbel
2023-12-02 00:16:24,047 | INFO | hi-lo.gumbel-kernel : MU (LOCATION): -2.220968246459961 | BETA (SCALE): 2.779581308364868
2023-12-02 00:16:24,048 | INFO | hi-lo.gumbel-kernel : BOTTOM-RIGHT
tensor([[2.5117e-08, 1.9573e-05, 2.2741e-03],
        [1.9573e-05, 2.2741e-03, 7.0011e-02],
        [2.2741e-03, 7.0011e-02, 8.5312e-01]])
2023-12-02 00:16:24,048 | INFO | hi-lo.kernel-accessor : Fetching kernel: gumbel
2023-12-02 00:16:24,048 | INFO | hi-lo.gumbel-kernel : MU (LOCATION): -2.5082337856292725 | BETA (SCALE): 2.4953715801239014
2023-12-02 00:16:24,049 | INFO | hi-lo.gumbel-kernel : BOTTOM-RIGHT
tensor([[2.6594e-14, 8.2591e-09, 4.4995e-05],
        [8.2591e-09, 4.4996e-05, 1.6340e-02],
        [4.4995e-05, 1.6340e-02, 9.6719e-01]])
2023-12-02 00:16:32,542 | INFO | hi-lo : END EPOCH:  14 | ACCURACY: 61.02 | LOSS: 1.0860673189163208
2023-12-02 00:16:32,542 | INFO | hi-lo : BEGIN EPOCH 15 =========================================================================
2023-12-02 00:16:32,542 | INFO | hi-lo.kernel-accessor : Fetching kernel: gumbel
2023-12-02 00:16:32,543 | INFO | hi-lo.gumbel-kernel : MU (LOCATION): -0.042335718870162964 | BETA (SCALE): 0.4814664125442505
2023-12-02 00:16:32,543 | INFO | hi-lo.gumbel-kernel : TOP-LEFT
tensor([[9.9994e-01, 3.0445e-05, 5.4561e-35],
        [3.0445e-05, 5.4561e-35, 0.0000e+00],
        [5.4561e-35, 0.0000e+00, 0.0000e+00]])
2023-12-02 00:16:32,543 | INFO | hi-lo.kernel-accessor : Fetching kernel: gumbel
2023-12-02 00:16:32,544 | INFO | hi-lo.gumbel-kernel : MU (LOCATION): -0.6916797161102295 | BETA (SCALE): 0.9346424341201782
2023-12-02 00:16:32,544 | INFO | hi-lo.gumbel-kernel : BOTTOM-RIGHT
tensor([[0.0000e+00, 0.0000e+00, 5.8066e-16],
        [0.0000e+00, 5.8066e-16, 7.6051e-05],
        [5.8066e-16, 7.6051e-05, 9.9985e-01]])
2023-12-02 00:16:32,545 | INFO | hi-lo.kernel-accessor : Fetching kernel: gumbel
2023-12-02 00:16:32,545 | INFO | hi-lo.gumbel-kernel : MU (LOCATION): -2.677236557006836 | BETA (SCALE): 3.188370943069458
2023-12-02 00:16:32,545 | INFO | hi-lo.gumbel-kernel : TOP-LEFT
tensor([[8.2116e-01, 8.3234e-02, 4.0750e-03],
        [8.3234e-02, 4.0750e-03, 7.3698e-05],
        [4.0750e-03, 7.3698e-05, 3.4118e-07]])
2023-12-02 00:16:32,546 | INFO | hi-lo.kernel-accessor : Fetching kernel: gumbel
2023-12-02 00:16:32,546 | INFO | hi-lo.gumbel-kernel : MU (LOCATION): -2.506591796875 | BETA (SCALE): 2.5536725521087646
2023-12-02 00:16:32,547 | INFO | hi-lo.gumbel-kernel : BOTTOM-RIGHT
tensor([[3.8118e-13, 3.5541e-08, 9.2296e-05],
        [3.5541e-08, 9.2296e-05, 2.1300e-02],
        [9.2296e-05, 2.1300e-02, 9.5712e-01]])
2023-12-02 00:16:41,002 | INFO | hi-lo : END EPOCH:  15 | ACCURACY: 66.25 | LOSS: 1.3957312107086182
2023-12-02 00:16:41,002 | INFO | hi-lo : BEGIN EPOCH 16 =========================================================================
2023-12-02 00:16:41,002 | INFO | hi-lo.kernel-accessor : Fetching kernel: gumbel
2023-12-02 00:16:41,003 | INFO | hi-lo.gumbel-kernel : MU (LOCATION): -0.004621261265128851 | BETA (SCALE): 0.47825831174850464
2023-12-02 00:16:41,004 | INFO | hi-lo.gumbel-kernel : BOTTOM-RIGHT
tensor([[0.0000e+00, 0.0000e+00, 4.2780e-31],
        [0.0000e+00, 4.2780e-31, 8.9448e-05],
        [4.2780e-31, 8.9448e-05, 9.9982e-01]])
2023-12-02 00:16:41,004 | INFO | hi-lo.kernel-accessor : Fetching kernel: gumbel
2023-12-02 00:16:41,004 | INFO | hi-lo.gumbel-kernel : MU (LOCATION): -0.68268883228302 | BETA (SCALE): 0.8822581171989441
2023-12-02 00:16:41,005 | INFO | hi-lo.gumbel-kernel : TOP-LEFT
tensor([[9.9997e-01, 1.6147e-05, 2.2889e-19],
        [1.6147e-05, 2.2888e-19, 0.0000e+00],
        [2.2889e-19, 0.0000e+00, 0.0000e+00]])
2023-12-02 00:16:41,005 | INFO | hi-lo.kernel-accessor : Fetching kernel: gumbel
2023-12-02 00:16:41,005 | INFO | hi-lo.gumbel-kernel : MU (LOCATION): -1.9163055419921875 | BETA (SCALE): 2.481832504272461
2023-12-02 00:16:41,006 | INFO | hi-lo.gumbel-kernel : TOP-LEFT
tensor([[8.8118e-01, 5.7620e-02, 1.1890e-03],
        [5.7620e-02, 1.1890e-03, 4.3682e-06],
        [1.1890e-03, 4.3682e-06, 1.2136e-09]])
2023-12-02 00:16:41,006 | INFO | hi-lo.kernel-accessor : Fetching kernel: gumbel
2023-12-02 00:16:41,006 | INFO | hi-lo.gumbel-kernel : MU (LOCATION): -2.6031150817871094 | BETA (SCALE): 2.557434320449829
2023-12-02 00:16:41,007 | INFO | hi-lo.gumbel-kernel : TOP-LEFT
tensor([[9.6635e-01, 1.6750e-02, 5.0288e-05],
        [1.6750e-02, 5.0288e-05, 1.1303e-08],
        [5.0288e-05, 1.1303e-08, 5.5018e-14]])
2023-12-02 00:16:49,511 | INFO | hi-lo : END EPOCH:  16 | ACCURACY: 63.44 | LOSS: 1.5289860963821411
2023-12-02 00:16:49,511 | INFO | hi-lo : BEGIN EPOCH 17 =========================================================================
2023-12-02 00:16:49,512 | INFO | hi-lo.kernel-accessor : Fetching kernel: gumbel
2023-12-02 00:16:49,512 | INFO | hi-lo.gumbel-kernel : MU (LOCATION): -0.17101745307445526 | BETA (SCALE): 0.4347052276134491
2023-12-02 00:16:49,513 | INFO | hi-lo.gumbel-kernel : TOP-LEFT
tensor([[1.0000e+00, 2.7335e-10, 0.0000e+00],
        [2.7335e-10, 0.0000e+00, 0.0000e+00],
        [0.0000e+00, 0.0000e+00, 0.0000e+00]])
2023-12-02 00:16:49,513 | INFO | hi-lo.kernel-accessor : Fetching kernel: gumbel
2023-12-02 00:16:49,514 | INFO | hi-lo.gumbel-kernel : MU (LOCATION): -0.6827634572982788 | BETA (SCALE): 0.9111295938491821
2023-12-02 00:16:49,514 | INFO | hi-lo.gumbel-kernel : BOTTOM-RIGHT
tensor([[0.0000e+00, 0.0000e+00, 3.4129e-17],
        [0.0000e+00, 3.4130e-17, 4.3833e-05],
        [3.4129e-17, 4.3833e-05, 9.9991e-01]])
2023-12-02 00:16:49,514 | INFO | hi-lo.kernel-accessor : Fetching kernel: gumbel
2023-12-02 00:16:49,515 | INFO | hi-lo.gumbel-kernel : MU (LOCATION): -1.953554630279541 | BETA (SCALE): 2.552391290664673
2023-12-02 00:16:49,515 | INFO | hi-lo.gumbel-kernel : BOTTOM-RIGHT
tensor([[4.4089e-09, 8.5701e-06, 1.6247e-03],
        [8.5701e-06, 1.6247e-03, 6.3877e-02],
        [1.6247e-03, 6.3877e-02, 8.6735e-01]])
2023-12-02 00:16:49,515 | INFO | hi-lo.kernel-accessor : Fetching kernel: gumbel
2023-12-02 00:16:49,516 | INFO | hi-lo.gumbel-kernel : MU (LOCATION): -2.4387154579162598 | BETA (SCALE): 2.4379618167877197
2023-12-02 00:16:49,516 | INFO | hi-lo.gumbel-kernel : BOTTOM-RIGHT
tensor([[8.3159e-15, 4.6956e-09, 3.5329e-05],
        [4.6956e-09, 3.5329e-05, 1.5142e-02],
        [3.5329e-05, 1.5142e-02, 9.6961e-01]])
2023-12-02 00:16:58,008 | INFO | hi-lo : END EPOCH:  17 | ACCURACY: 58.33 | LOSS: 1.317906379699707
2023-12-02 00:16:58,008 | INFO | hi-lo : BEGIN EPOCH 18 =========================================================================
2023-12-02 00:16:58,008 | INFO | hi-lo.kernel-accessor : Fetching kernel: gumbel
2023-12-02 00:16:58,009 | INFO | hi-lo.gumbel-kernel : MU (LOCATION): -0.14798861742019653 | BETA (SCALE): 0.5075209736824036
2023-12-02 00:16:58,010 | INFO | hi-lo.gumbel-kernel : BOTTOM-RIGHT
tensor([[0.0000e+00, 0.0000e+00, 1.0634e-41],
        [0.0000e+00, 1.0634e-41, 2.1909e-06],
        [1.0634e-41, 2.1909e-06, 1.0000e+00]])
2023-12-02 00:16:58,010 | INFO | hi-lo.kernel-accessor : Fetching kernel: gumbel
2023-12-02 00:16:58,011 | INFO | hi-lo.gumbel-kernel : MU (LOCATION): -0.7371193170547485 | BETA (SCALE): 0.9948657155036926
2023-12-02 00:16:58,011 | INFO | hi-lo.gumbel-kernel : BOTTOM-RIGHT
tensor([[0.0000e+00, 4.0923e-39, 5.8677e-14],
        [4.0923e-39, 5.8677e-14, 1.7872e-04],
        [5.8677e-14, 1.7872e-04, 9.9964e-01]])
2023-12-02 00:16:58,012 | INFO | hi-lo.kernel-accessor : Fetching kernel: gumbel
2023-12-02 00:16:58,012 | INFO | hi-lo.gumbel-kernel : MU (LOCATION): -2.5435547828674316 | BETA (SCALE): 3.272840738296509
2023-12-02 00:16:58,013 | INFO | hi-lo.gumbel-kernel : BOTTOM-RIGHT
tensor([[2.7128e-06, 2.5279e-04, 7.7369e-03],
        [2.5279e-04, 7.7369e-03, 1.0426e-01],
        [7.7369e-03, 1.0426e-01, 7.6776e-01]])
2023-12-02 00:16:58,013 | INFO | hi-lo.kernel-accessor : Fetching kernel: gumbel
2023-12-02 00:16:58,013 | INFO | hi-lo.gumbel-kernel : MU (LOCATION): -2.4964754581451416 | BETA (SCALE): 2.411766767501831
2023-12-02 00:16:58,014 | INFO | hi-lo.gumbel-kernel : BOTTOM-RIGHT
tensor([[4.3015e-16, 8.9129e-10, 1.5263e-05],
        [8.9129e-10, 1.5263e-05, 1.1000e-02],
        [1.5263e-05, 1.1000e-02, 9.7795e-01]])
2023-12-02 00:17:06,529 | INFO | hi-lo : END EPOCH:  18 | ACCURACY: 70.31 | LOSS: 1.1675885915756226
2023-12-02 00:17:06,529 | INFO | hi-lo : BEGIN EPOCH 19 =========================================================================
2023-12-02 00:17:06,529 | INFO | hi-lo.kernel-accessor : Fetching kernel: gumbel
2023-12-02 00:17:06,530 | INFO | hi-lo.gumbel-kernel : MU (LOCATION): -0.08824022859334946 | BETA (SCALE): 0.4824680685997009
2023-12-02 00:17:06,530 | INFO | hi-lo.gumbel-kernel : TOP-LEFT
tensor([[9.9999e-01, 5.6353e-06, 1.9676e-41],
        [5.6353e-06, 1.9676e-41, 0.0000e+00],
        [1.9676e-41, 0.0000e+00, 0.0000e+00]])
2023-12-02 00:17:06,530 | INFO | hi-lo.kernel-accessor : Fetching kernel: gumbel
2023-12-02 00:17:06,531 | INFO | hi-lo.gumbel-kernel : MU (LOCATION): -0.6769512295722961 | BETA (SCALE): 0.9442864060401917
2023-12-02 00:17:06,531 | INFO | hi-lo.gumbel-kernel : BOTTOM-RIGHT
tensor([[0.0000e+00, 0.0000e+00, 5.6947e-15],
        [0.0000e+00, 5.6947e-15, 1.2849e-04],
        [5.6947e-15, 1.2849e-04, 9.9974e-01]])
2023-12-02 00:17:06,531 | INFO | hi-lo.kernel-accessor : Fetching kernel: gumbel
2023-12-02 00:17:06,532 | INFO | hi-lo.gumbel-kernel : MU (LOCATION): -2.4286274909973145 | BETA (SCALE): 2.9830737113952637
2023-12-02 00:17:06,532 | INFO | hi-lo.gumbel-kernel : BOTTOM-RIGHT
tensor([[1.2389e-07, 4.4434e-05, 3.2827e-03],
        [4.4434e-05, 3.2827e-03, 7.8345e-02],
        [3.2827e-03, 7.8345e-02, 8.3337e-01]])
2023-12-02 00:17:06,532 | INFO | hi-lo.kernel-accessor : Fetching kernel: gumbel
2023-12-02 00:17:06,532 | INFO | hi-lo.gumbel-kernel : MU (LOCATION): -2.4785714149475098 | BETA (SCALE): 2.7554526329040527
2023-12-02 00:17:06,533 | INFO | hi-lo.gumbel-kernel : TOP-LEFT
tensor([[9.0812e-01, 4.4890e-02, 6.9777e-04],
        [4.4890e-02, 6.9777e-04, 2.0560e-06],
        [6.9777e-04, 2.0560e-06, 5.5470e-10]])
2023-12-02 00:17:15,050 | INFO | hi-lo : END EPOCH:  19 | ACCURACY: 62.5 | LOSS: 1.2098743915557861
2023-12-02 00:17:15,051 | INFO | hi-lo : BEGIN EPOCH 20 =========================================================================
2023-12-02 00:17:15,051 | INFO | hi-lo.kernel-accessor : Fetching kernel: gumbel
2023-12-02 00:17:15,052 | INFO | hi-lo.gumbel-kernel : MU (LOCATION): -0.11912545561790466 | BETA (SCALE): 0.47753357887268066
2023-12-02 00:17:15,052 | INFO | hi-lo.gumbel-kernel : BOTTOM-RIGHT
tensor([[0.0000e+00, 0.0000e+00, 0.0000e+00],
        [0.0000e+00, 0.0000e+00, 9.9836e-07],
        [0.0000e+00, 9.9836e-07, 1.0000e+00]])
2023-12-02 00:17:15,052 | INFO | hi-lo.kernel-accessor : Fetching kernel: gumbel
2023-12-02 00:17:15,053 | INFO | hi-lo.gumbel-kernel : MU (LOCATION): -0.6837963461875916 | BETA (SCALE): 0.9300568103790283
2023-12-02 00:17:15,053 | INFO | hi-lo.gumbel-kernel : TOP-LEFT
tensor([[9.9985e-01, 7.6698e-05, 5.3269e-16],
        [7.6698e-05, 5.3269e-16, 0.0000e+00],
        [5.3269e-16, 0.0000e+00, 0.0000e+00]])
2023-12-02 00:17:15,053 | INFO | hi-lo.kernel-accessor : Fetching kernel: gumbel
2023-12-02 00:17:15,054 | INFO | hi-lo.gumbel-kernel : MU (LOCATION): -1.9940084218978882 | BETA (SCALE): 2.6513044834136963
2023-12-02 00:17:15,054 | INFO | hi-lo.gumbel-kernel : TOP-LEFT
tensor([[8.4501e-01, 7.3721e-02, 2.5006e-03],
        [7.3721e-02, 2.5006e-03, 2.1393e-05],
        [2.5006e-03, 2.1393e-05, 2.4558e-08]])
2023-12-02 00:17:15,054 | INFO | hi-lo.kernel-accessor : Fetching kernel: gumbel
2023-12-02 00:17:15,055 | INFO | hi-lo.gumbel-kernel : MU (LOCATION): -3.1813812255859375 | BETA (SCALE): 2.9891910552978516
2023-12-02 00:17:15,055 | INFO | hi-lo.gumbel-kernel : TOP-LEFT
tensor([[9.5119e-01, 2.4160e-02, 1.6289e-04],
        [2.4160e-02, 1.6289e-04, 1.7211e-07],
        [1.6289e-04, 1.7211e-07, 1.3647e-11]])
2023-12-02 00:17:23,580 | INFO | hi-lo : END EPOCH:  20 | ACCURACY: 55.21 | LOSS: 1.3207087516784668
2023-12-02 00:17:23,580 | INFO | hi-lo : BEGIN EPOCH 21 =========================================================================
2023-12-02 00:17:23,581 | INFO | hi-lo.kernel-accessor : Fetching kernel: gumbel
2023-12-02 00:17:23,581 | INFO | hi-lo.gumbel-kernel : MU (LOCATION): -0.08150768280029297 | BETA (SCALE): 0.4982268512248993
2023-12-02 00:17:23,582 | INFO | hi-lo.gumbel-kernel : BOTTOM-RIGHT
tensor([[0.0000e+00, 0.0000e+00, 3.1462e-35],
        [0.0000e+00, 3.1462e-35, 1.7692e-05],
        [3.1462e-35, 1.7692e-05, 9.9996e-01]])
