2023-12-06 09:50:51,237 | INFO | hi-lo : 
+==============================================================+
|                                                              |
| ██████╗  █████╗ ██████╗ ██╗         ██╗      █████╗ ██████╗  |
| ██╔══██╗██╔══██╗██╔══██╗██║         ██║     ██╔══██╗██╔══██╗ |
| ██║  ██║███████║██║  ██║██║         ██║     ███████║██████╔╝ |
| ██║  ██║██╔══██║██║  ██║██║         ██║     ██╔══██║██╔══██╗ |
| ██████╔╝██║  ██║██████╔╝███████╗    ███████╗██║  ██║██████╔╝ |
| ╚═════╝ ╚═╝  ╚═╝╚═════╝ ╚══════╝    ╚══════╝╚═╝  ╚═╝╚═════╝  |
|                                                              |
+==============================================================+
|             Hi-Lo Resolution Image Classification            |
|             -------------------------------------            |
|                       Gabriel C. Trahan                      |
|                          Sahan Ahmad                         |
|                       MD  Aminual Islam                      |
+==============================================================+
| MODEL:                 normal | LR:                      0.1 |
| DISTRO:                gumbel | KERNEL TYPE:               4 |
| DATASET:             imagenet | BATCH SIZE:               64 |
+=========================================================================+
2023-12-06 09:50:51,237 | INFO | hi-lo : Output directory: output/normal/gumbel/4/imagenet/20231206_095051
2023-12-06 09:50:51,237 | INFO | hi-lo.dataset-accessor : Fetching dataset: imagenet
2023-12-06 09:50:51,237 | INFO | hi-lo.imagenet-dataset : Initializing transform.
2023-12-06 09:50:51,237 | INFO | hi-lo.imagenet-dataset : Verifying/downloading train data.
2023-12-06 09:50:54,126 | INFO | hi-lo.imagenet-dataset : Verifying/downloading test data.
2023-12-06 09:50:54,244 | INFO | hi-lo.imagenet-dataset : Creating train data loader.
2023-12-06 09:50:54,245 | INFO | hi-lo.imagenet-dataset : Creating test data loader.
2023-12-06 09:50:55,267 | INFO | hi-lo : Using device: NVIDIA GeForce GTX 1060 6GB
2023-12-06 09:50:55,267 | INFO | hi-lo : Commencing training phase...
2023-12-06 09:50:55,268 | INFO | hi-lo : BEGIN EPOCH 1 =========================================================================
2023-12-06 09:50:55,268 | INFO | hi-lo.kernel-accessor : Fetching kernel: gumbel
2023-12-06 09:50:55,269 | INFO | hi-lo.gumbel-kernel : MU (LOCATION): 0.0 | BETA (SCALE): 1.0
2023-12-06 09:50:55,269 | INFO | hi-lo.gumbel-kernel : BOTTOM-RIGHT
tensor([[8.5377e-26, 2.2609e-10, 2.0072e-04],
        [2.2609e-10, 2.0072e-04, 5.8259e-02],
        [2.0072e-04, 5.8259e-02, 8.8288e-01]])
2023-12-06 09:50:55,269 | INFO | hi-lo.kernel-accessor : Fetching kernel: gumbel
2023-12-06 09:50:55,269 | INFO | hi-lo.gumbel-kernel : MU (LOCATION): 0.0 | BETA (SCALE): 1.0
2023-12-06 09:50:55,270 | INFO | hi-lo.gumbel-kernel : TOP-RIGHT
tensor([[2.0072e-04, 5.8259e-02, 8.8288e-01],
        [2.2609e-10, 2.0072e-04, 5.8259e-02],
        [8.5377e-26, 2.2609e-10, 2.0072e-04]])
2023-12-06 09:50:55,270 | INFO | hi-lo.kernel-accessor : Fetching kernel: gumbel
2023-12-06 09:50:55,270 | INFO | hi-lo.gumbel-kernel : MU (LOCATION): 0.0 | BETA (SCALE): 1.0
2023-12-06 09:50:55,270 | INFO | hi-lo.gumbel-kernel : BOTTOM-RIGHT
tensor([[8.5377e-26, 2.2609e-10, 2.0072e-04],
        [2.2609e-10, 2.0072e-04, 5.8259e-02],
        [2.0072e-04, 5.8259e-02, 8.8288e-01]])
2023-12-06 09:50:55,270 | INFO | hi-lo.kernel-accessor : Fetching kernel: gumbel
2023-12-06 09:50:55,271 | INFO | hi-lo.gumbel-kernel : MU (LOCATION): 0.0 | BETA (SCALE): 1.0
2023-12-06 09:50:55,271 | INFO | hi-lo.gumbel-kernel : BOTTOM-RIGHT
tensor([[8.5377e-26, 2.2609e-10, 2.0072e-04],
        [2.2609e-10, 2.0072e-04, 5.8259e-02],
        [2.0072e-04, 5.8259e-02, 8.8288e-01]])
2023-12-06 09:51:20,305 | INFO | hi-lo : END EPOCH:   1 | ACCURACY: 1.09 | LOSS: 4.692933559417725
2023-12-06 09:51:20,306 | INFO | hi-lo : BEGIN EPOCH 2 =========================================================================
2023-12-06 09:51:20,306 | INFO | hi-lo.kernel-accessor : Fetching kernel: gumbel
2023-12-06 09:51:20,306 | INFO | hi-lo.gumbel-kernel : MU (LOCATION): -0.17465373873710632 | BETA (SCALE): 0.519104540348053
2023-12-06 09:51:20,307 | INFO | hi-lo.gumbel-kernel : BOTTOM-RIGHT
tensor([[0.0000e+00, 0.0000e+00, 1.1659e-41],
        [0.0000e+00, 1.1659e-41, 1.4840e-06],
        [1.1659e-41, 1.4840e-06, 1.0000e+00]])
2023-12-06 09:51:20,307 | INFO | hi-lo.kernel-accessor : Fetching kernel: gumbel
2023-12-06 09:51:20,308 | INFO | hi-lo.gumbel-kernel : MU (LOCATION): -0.32660210132598877 | BETA (SCALE): 0.6090087890625
2023-12-06 09:51:20,308 | INFO | hi-lo.gumbel-kernel : BOTTOM-RIGHT
tensor([[0.0000e+00, 0.0000e+00, 9.3772e-35],
        [0.0000e+00, 9.3772e-35, 9.9808e-07],
        [9.3772e-35, 9.9808e-07, 1.0000e+00]])
2023-12-06 09:51:20,308 | INFO | hi-lo.kernel-accessor : Fetching kernel: gumbel
2023-12-06 09:51:20,309 | INFO | hi-lo.gumbel-kernel : MU (LOCATION): -0.5069698095321655 | BETA (SCALE): 0.7423911094665527
2023-12-06 09:51:20,309 | INFO | hi-lo.gumbel-kernel : BOTTOM-RIGHT
tensor([[0.0000e+00, 0.0000e+00, 2.2892e-25],
        [0.0000e+00, 2.2892e-25, 3.7293e-06],
        [2.2892e-25, 3.7293e-06, 9.9999e-01]])
2023-12-06 09:51:20,309 | INFO | hi-lo.kernel-accessor : Fetching kernel: gumbel
2023-12-06 09:51:20,310 | INFO | hi-lo.gumbel-kernel : MU (LOCATION): -0.3664611577987671 | BETA (SCALE): 0.6751335263252258
2023-12-06 09:51:20,310 | INFO | hi-lo.gumbel-kernel : TOP-RIGHT
tensor([[1.3260e-25, 9.6952e-06, 9.9998e-01],
        [0.0000e+00, 1.3260e-25, 9.6952e-06],
        [0.0000e+00, 0.0000e+00, 1.3260e-25]])
2023-12-06 09:51:44,635 | INFO | hi-lo : END EPOCH:   2 | ACCURACY: 1.77 | LOSS: 4.302388668060303
2023-12-06 09:51:44,635 | INFO | hi-lo : BEGIN EPOCH 3 =========================================================================
2023-12-06 09:51:44,635 | INFO | hi-lo.kernel-accessor : Fetching kernel: gumbel
2023-12-06 09:51:44,636 | INFO | hi-lo.gumbel-kernel : MU (LOCATION): -0.06164693087339401 | BETA (SCALE): 0.5415703058242798
2023-12-06 09:51:44,636 | INFO | hi-lo.gumbel-kernel : TOP-RIGHT
tensor([[1.0940e-23, 1.9375e-04, 9.9961e-01],
        [0.0000e+00, 1.0940e-23, 1.9375e-04],
        [0.0000e+00, 0.0000e+00, 1.0940e-23]])
2023-12-06 09:51:44,637 | INFO | hi-lo.kernel-accessor : Fetching kernel: gumbel
2023-12-06 09:51:44,637 | INFO | hi-lo.gumbel-kernel : MU (LOCATION): -0.6325470805168152 | BETA (SCALE): 0.8526081442832947
2023-12-06 09:51:44,638 | INFO | hi-lo.gumbel-kernel : BOTTOM-RIGHT
tensor([[0.0000e+00, 0.0000e+00, 7.9594e-20],
        [0.0000e+00, 7.9594e-20, 1.6503e-05],
        [7.9594e-20, 1.6503e-05, 9.9997e-01]])
2023-12-06 09:51:44,638 | INFO | hi-lo.kernel-accessor : Fetching kernel: gumbel
2023-12-06 09:51:44,638 | INFO | hi-lo.gumbel-kernel : MU (LOCATION): -1.24833083152771 | BETA (SCALE): 1.431740164756775
2023-12-06 09:51:44,639 | INFO | hi-lo.gumbel-kernel : TOP-RIGHT
tensor([[6.8369e-09, 1.5317e-03, 9.9694e-01],
        [2.4202e-19, 6.8369e-09, 1.5317e-03],
        [4.7387e-40, 2.4202e-19, 6.8369e-09]])
2023-12-06 09:51:44,639 | INFO | hi-lo.kernel-accessor : Fetching kernel: gumbel
2023-12-06 09:51:44,640 | INFO | hi-lo.gumbel-kernel : MU (LOCATION): -0.8228980302810669 | BETA (SCALE): 1.1206508874893188
2023-12-06 09:51:44,640 | INFO | hi-lo.gumbel-kernel : BOTTOM-RIGHT
tensor([[0.0000e+00, 1.9689e-27, 7.4648e-11],
        [1.9689e-27, 7.4647e-11, 7.8353e-04],
        [7.4648e-11, 7.8353e-04, 9.9843e-01]])
2023-12-06 09:52:08,992 | INFO | hi-lo : END EPOCH:   3 | ACCURACY: 0.07 | LOSS: 4.51620626449585
2023-12-06 09:52:08,992 | INFO | hi-lo : BEGIN EPOCH 4 =========================================================================
2023-12-06 09:52:08,993 | INFO | hi-lo.kernel-accessor : Fetching kernel: gumbel
2023-12-06 09:52:08,993 | INFO | hi-lo.gumbel-kernel : MU (LOCATION): -0.07568134367465973 | BETA (SCALE): 0.5218592286109924
2023-12-06 09:52:08,994 | INFO | hi-lo.gumbel-kernel : BOTTOM-RIGHT
tensor([[0.0000e+00, 0.0000e+00, 1.3010e-28],
        [0.0000e+00, 1.3011e-28, 6.3680e-05],
        [1.3010e-28, 6.3680e-05, 9.9987e-01]])
2023-12-06 09:52:08,994 | INFO | hi-lo.kernel-accessor : Fetching kernel: gumbel
2023-12-06 09:52:08,995 | INFO | hi-lo.gumbel-kernel : MU (LOCATION): -0.7077289819717407 | BETA (SCALE): 0.8105384707450867
2023-12-06 09:52:08,995 | INFO | hi-lo.gumbel-kernel : BOTTOM-RIGHT
tensor([[0.0000e+00, 0.0000e+00, 1.1325e-28],
        [0.0000e+00, 1.1325e-28, 2.5312e-07],
        [1.1325e-28, 2.5312e-07, 1.0000e+00]])
2023-12-06 09:52:08,995 | INFO | hi-lo.kernel-accessor : Fetching kernel: gumbel
2023-12-06 09:52:08,996 | INFO | hi-lo.gumbel-kernel : MU (LOCATION): -1.1667728424072266 | BETA (SCALE): 1.4018194675445557
2023-12-06 09:52:08,996 | INFO | hi-lo.gumbel-kernel : TOP-RIGHT
tensor([[1.3055e-08, 1.9953e-03, 9.9601e-01],
        [7.2119e-19, 1.3055e-08, 1.9953e-03],
        [1.7628e-39, 7.2119e-19, 1.3055e-08]])
2023-12-06 09:52:08,996 | INFO | hi-lo.kernel-accessor : Fetching kernel: gumbel
2023-12-06 09:52:08,996 | INFO | hi-lo.gumbel-kernel : MU (LOCATION): -0.8504226207733154 | BETA (SCALE): 0.987904965877533
2023-12-06 09:52:08,997 | INFO | hi-lo.gumbel-kernel : BOTTOM-RIGHT
tensor([[0.0000e+00, 0.0000e+00, 1.4267e-17],
        [0.0000e+00, 1.4267e-17, 2.0168e-05],
        [1.4267e-17, 2.0168e-05, 9.9996e-01]])
2023-12-06 09:52:33,270 | INFO | hi-lo : END EPOCH:   4 | ACCURACY: 0.1 | LOSS: 4.341838836669922
2023-12-06 09:52:33,270 | INFO | hi-lo : BEGIN EPOCH 5 =========================================================================
2023-12-06 09:52:33,270 | INFO | hi-lo.kernel-accessor : Fetching kernel: gumbel
2023-12-06 09:52:33,271 | INFO | hi-lo.gumbel-kernel : MU (LOCATION): -0.06439647078514099 | BETA (SCALE): 0.5609960556030273
2023-12-06 09:52:33,272 | INFO | hi-lo.gumbel-kernel : BOTTOM-RIGHT
tensor([[0.0000e+00, 0.0000e+00, 4.8705e-21],
        [0.0000e+00, 4.8705e-21, 3.3402e-04],
        [4.8705e-21, 3.3402e-04, 9.9933e-01]])
2023-12-06 09:52:33,272 | INFO | hi-lo.kernel-accessor : Fetching kernel: gumbel
2023-12-06 09:52:33,272 | INFO | hi-lo.gumbel-kernel : MU (LOCATION): -0.8360318541526794 | BETA (SCALE): 0.9523428082466125
2023-12-06 09:52:33,273 | INFO | hi-lo.gumbel-kernel : BOTTOM-RIGHT
tensor([[0.0000e+00, 0.0000e+00, 1.1845e-19],
        [0.0000e+00, 1.1845e-19, 7.4873e-06],
        [1.1845e-19, 7.4873e-06, 9.9998e-01]])
2023-12-06 09:52:33,273 | INFO | hi-lo.kernel-accessor : Fetching kernel: gumbel
2023-12-06 09:52:33,274 | INFO | hi-lo.gumbel-kernel : MU (LOCATION): -1.087587594985962 | BETA (SCALE): 1.3278554677963257
2023-12-06 09:52:33,274 | INFO | hi-lo.gumbel-kernel : BOTTOM-RIGHT
tensor([[0.0000e+00, 7.1256e-21, 3.1778e-09],
        [7.1256e-21, 3.1778e-09, 1.4485e-03],
        [3.1778e-09, 1.4485e-03, 9.9710e-01]])
2023-12-06 09:52:33,274 | INFO | hi-lo.kernel-accessor : Fetching kernel: gumbel
2023-12-06 09:52:33,275 | INFO | hi-lo.gumbel-kernel : MU (LOCATION): -1.2954158782958984 | BETA (SCALE): 1.341400146484375
2023-12-06 09:52:33,275 | INFO | hi-lo.gumbel-kernel : TOP-RIGHT
tensor([[1.0975e-11, 2.2784e-04, 9.9954e-01],
        [9.5078e-27, 1.0975e-11, 2.2784e-04],
        [0.0000e+00, 9.5078e-27, 1.0975e-11]])
2023-12-06 09:52:57,714 | INFO | hi-lo : END EPOCH:   5 | ACCURACY: 1.56 | LOSS: 4.665319919586182
2023-12-06 09:52:57,714 | INFO | hi-lo : BEGIN EPOCH 6 =========================================================================
2023-12-06 09:52:57,715 | INFO | hi-lo.kernel-accessor : Fetching kernel: gumbel
2023-12-06 09:52:57,715 | INFO | hi-lo.gumbel-kernel : MU (LOCATION): -0.10587882995605469 | BETA (SCALE): 0.5168153643608093
2023-12-06 09:52:57,716 | INFO | hi-lo.gumbel-kernel : BOTTOM-RIGHT
tensor([[0.0000e+00, 0.0000e+00, 4.1002e-33],
        [0.0000e+00, 4.1002e-33, 1.9244e-05],
        [4.1002e-33, 1.9244e-05, 9.9996e-01]])
2023-12-06 09:52:57,716 | INFO | hi-lo.kernel-accessor : Fetching kernel: gumbel
2023-12-06 09:52:57,716 | INFO | hi-lo.gumbel-kernel : MU (LOCATION): -0.8122096061706543 | BETA (SCALE): 0.9044637084007263
2023-12-06 09:52:57,717 | INFO | hi-lo.gumbel-kernel : BOTTOM-RIGHT
tensor([[0.0000e+00, 0.0000e+00, 5.9171e-23],
        [0.0000e+00, 5.9171e-23, 1.7016e-06],
        [5.9171e-23, 1.7016e-06, 1.0000e+00]])
2023-12-06 09:52:57,717 | INFO | hi-lo.kernel-accessor : Fetching kernel: gumbel
2023-12-06 09:52:57,717 | INFO | hi-lo.gumbel-kernel : MU (LOCATION): -1.2658028602600098 | BETA (SCALE): 1.6684023141860962
2023-12-06 09:52:57,718 | INFO | hi-lo.gumbel-kernel : BOTTOM-RIGHT
tensor([[1.4162e-21, 1.6963e-11, 7.6110e-06],
        [1.6963e-11, 7.6110e-06, 1.2664e-02],
        [7.6110e-06, 1.2664e-02, 9.7465e-01]])
2023-12-06 09:52:57,718 | INFO | hi-lo.kernel-accessor : Fetching kernel: gumbel
2023-12-06 09:52:57,718 | INFO | hi-lo.gumbel-kernel : MU (LOCATION): -1.3592227697372437 | BETA (SCALE): 1.3745307922363281
2023-12-06 09:52:57,719 | INFO | hi-lo.gumbel-kernel : BOTTOM-RIGHT
tensor([[0.0000e+00, 2.2716e-26, 1.1469e-11],
        [2.2716e-26, 1.1469e-11, 2.1184e-04],
        [1.1469e-11, 2.1184e-04, 9.9958e-01]])
2023-12-06 09:53:22,058 | INFO | hi-lo : END EPOCH:   6 | ACCURACY: 0.34 | LOSS: 4.294920444488525
2023-12-06 09:53:22,058 | INFO | hi-lo : BEGIN EPOCH 7 =========================================================================
2023-12-06 09:53:22,058 | INFO | hi-lo.kernel-accessor : Fetching kernel: gumbel
2023-12-06 09:53:22,059 | INFO | hi-lo.gumbel-kernel : MU (LOCATION): -0.061485763639211655 | BETA (SCALE): 0.4794820547103882
2023-12-06 09:53:22,059 | INFO | hi-lo.gumbel-kernel : TOP-RIGHT
tensor([[2.4260e-38, 1.3732e-05, 9.9997e-01],
        [0.0000e+00, 2.4260e-38, 1.3732e-05],
        [0.0000e+00, 0.0000e+00, 2.4260e-38]])
2023-12-06 09:53:22,059 | INFO | hi-lo.kernel-accessor : Fetching kernel: gumbel
2023-12-06 09:53:22,060 | INFO | hi-lo.gumbel-kernel : MU (LOCATION): -0.7455330491065979 | BETA (SCALE): 0.8639385104179382
2023-12-06 09:53:22,060 | INFO | hi-lo.gumbel-kernel : TOP-RIGHT
tensor([[5.4120e-24, 1.4932e-06, 1.0000e+00],
        [0.0000e+00, 5.4120e-24, 1.4932e-06],
        [0.0000e+00, 0.0000e+00, 5.4120e-24]])
2023-12-06 09:53:22,060 | INFO | hi-lo.kernel-accessor : Fetching kernel: gumbel
2023-12-06 09:53:22,060 | INFO | hi-lo.gumbel-kernel : MU (LOCATION): -1.0721511840820312 | BETA (SCALE): 1.3991776704788208
2023-12-06 09:53:22,061 | INFO | hi-lo.gumbel-kernel : BOTTOM-RIGHT
tensor([[4.9684e-35, 8.2298e-17, 9.7541e-08],
        [8.2298e-17, 9.7541e-08, 3.8711e-03],
        [9.7541e-08, 3.8711e-03, 9.9226e-01]])
2023-12-06 09:53:22,061 | INFO | hi-lo.kernel-accessor : Fetching kernel: gumbel
2023-12-06 09:53:22,061 | INFO | hi-lo.gumbel-kernel : MU (LOCATION): -1.0604636669158936 | BETA (SCALE): 1.125218152999878
2023-12-06 09:53:22,062 | INFO | hi-lo.gumbel-kernel : BOTTOM-RIGHT
tensor([[0.0000e+00, 3.6118e-40, 1.4840e-15],
        [3.6118e-40, 1.4840e-15, 3.2981e-05],
        [1.4840e-15, 3.2981e-05, 9.9993e-01]])
2023-12-06 09:53:46,440 | INFO | hi-lo : END EPOCH:   7 | ACCURACY: 0.98 | LOSS: 4.231075763702393
2023-12-06 09:53:46,440 | INFO | hi-lo : BEGIN EPOCH 8 =========================================================================
2023-12-06 09:53:46,440 | INFO | hi-lo.kernel-accessor : Fetching kernel: gumbel
2023-12-06 09:53:46,441 | INFO | hi-lo.gumbel-kernel : MU (LOCATION): -0.09393493831157684 | BETA (SCALE): 0.5180889368057251
2023-12-06 09:53:46,442 | INFO | hi-lo.gumbel-kernel : BOTTOM-RIGHT
tensor([[0.0000e+00, 0.0000e+00, 2.0575e-31],
        [0.0000e+00, 2.0576e-31, 3.0564e-05],
        [2.0575e-31, 3.0564e-05, 9.9994e-01]])
2023-12-06 09:53:46,442 | INFO | hi-lo.kernel-accessor : Fetching kernel: gumbel
2023-12-06 09:53:46,443 | INFO | hi-lo.gumbel-kernel : MU (LOCATION): -0.7348945140838623 | BETA (SCALE): 0.9675455689430237
2023-12-06 09:53:46,443 | INFO | hi-lo.gumbel-kernel : BOTTOM-RIGHT
tensor([[0.0000e+00, 0.0000e+00, 2.5697e-15],
        [0.0000e+00, 2.5697e-15, 9.0829e-05],
        [2.5697e-15, 9.0829e-05, 9.9982e-01]])
2023-12-06 09:53:46,443 | INFO | hi-lo.kernel-accessor : Fetching kernel: gumbel
2023-12-06 09:53:46,444 | INFO | hi-lo.gumbel-kernel : MU (LOCATION): -1.2850303649902344 | BETA (SCALE): 1.791812777519226
2023-12-06 09:53:46,444 | INFO | hi-lo.gumbel-kernel : TOP-RIGHT
tensor([[5.6468e-05, 2.3677e-02, 9.5248e-01],
        [2.2414e-09, 5.6468e-05, 2.3677e-02],
        [6.9358e-17, 2.2414e-09, 5.6468e-05]])
2023-12-06 09:53:46,444 | INFO | hi-lo.kernel-accessor : Fetching kernel: gumbel
2023-12-06 09:53:46,445 | INFO | hi-lo.gumbel-kernel : MU (LOCATION): -1.178423523902893 | BETA (SCALE): 1.2356784343719482
2023-12-06 09:53:46,445 | INFO | hi-lo.gumbel-kernel : BOTTOM-RIGHT
tensor([[0.0000e+00, 5.2261e-32, 2.9051e-13],
        [5.2261e-32, 2.9051e-13, 1.0071e-04],
        [2.9051e-13, 1.0071e-04, 9.9980e-01]])
2023-12-06 09:54:10,831 | INFO | hi-lo : END EPOCH:   8 | ACCURACY: 0.6 | LOSS: 4.015040397644043
2023-12-06 09:54:10,831 | INFO | hi-lo : BEGIN EPOCH 9 =========================================================================
2023-12-06 09:54:10,832 | INFO | hi-lo.kernel-accessor : Fetching kernel: gumbel
2023-12-06 09:54:10,832 | INFO | hi-lo.gumbel-kernel : MU (LOCATION): -0.04351557791233063 | BETA (SCALE): 0.5162232518196106
2023-12-06 09:54:10,833 | INFO | hi-lo.gumbel-kernel : BOTTOM-RIGHT
tensor([[0.0000e+00, 0.0000e+00, 1.2041e-26],
        [0.0000e+00, 1.2042e-26, 1.2756e-04],
        [1.2041e-26, 1.2756e-04, 9.9974e-01]])
2023-12-06 09:54:10,833 | INFO | hi-lo.kernel-accessor : Fetching kernel: gumbel
2023-12-06 09:54:10,834 | INFO | hi-lo.gumbel-kernel : MU (LOCATION): -0.6837992072105408 | BETA (SCALE): 0.903994083404541
2023-12-06 09:54:10,834 | INFO | hi-lo.gumbel-kernel : BOTTOM-RIGHT
tensor([[0.0000e+00, 0.0000e+00, 9.8978e-18],
        [0.0000e+00, 9.8978e-18, 3.3997e-05],
        [9.8978e-18, 3.3997e-05, 9.9993e-01]])
2023-12-06 09:54:10,834 | INFO | hi-lo.kernel-accessor : Fetching kernel: gumbel
2023-12-06 09:54:10,835 | INFO | hi-lo.gumbel-kernel : MU (LOCATION): -1.3256821632385254 | BETA (SCALE): 1.764853835105896
2023-12-06 09:54:10,835 | INFO | hi-lo.gumbel-kernel : TOP-RIGHT
tensor([[2.4215e-05, 1.7823e-02, 9.6428e-01],
        [3.3063e-10, 2.4215e-05, 1.7823e-02],
        [1.3609e-18, 3.3063e-10, 2.4215e-05]])
2023-12-06 09:54:10,835 | INFO | hi-lo.kernel-accessor : Fetching kernel: gumbel
2023-12-06 09:54:10,836 | INFO | hi-lo.gumbel-kernel : MU (LOCATION): -1.3068385124206543 | BETA (SCALE): 1.3985148668289185
2023-12-06 09:54:10,836 | INFO | hi-lo.gumbel-kernel : BOTTOM-RIGHT
tensor([[0.0000e+00, 6.8545e-23, 2.6931e-10],
        [6.8545e-23, 2.6931e-10, 5.6186e-04],
        [2.6931e-10, 5.6186e-04, 9.9888e-01]])
2023-12-06 09:54:35,281 | INFO | hi-lo : END EPOCH:   9 | ACCURACY: 2.31 | LOSS: 4.222784042358398
2023-12-06 09:54:35,282 | INFO | hi-lo : BEGIN EPOCH 10 =========================================================================
2023-12-06 09:54:35,282 | INFO | hi-lo.kernel-accessor : Fetching kernel: gumbel
2023-12-06 09:54:35,282 | INFO | hi-lo.gumbel-kernel : MU (LOCATION): -0.23762492835521698 | BETA (SCALE): 0.48503294587135315
2023-12-06 09:54:35,283 | INFO | hi-lo.gumbel-kernel : TOP-RIGHT
tensor([[0.0000e+00, 1.4740e-09, 1.0000e+00],
        [0.0000e+00, 0.0000e+00, 1.4740e-09],
        [0.0000e+00, 0.0000e+00, 0.0000e+00]])
2023-12-06 09:54:35,283 | INFO | hi-lo.kernel-accessor : Fetching kernel: gumbel
2023-12-06 09:54:35,283 | INFO | hi-lo.gumbel-kernel : MU (LOCATION): -0.6891617774963379 | BETA (SCALE): 1.0463449954986572
2023-12-06 09:54:35,283 | INFO | hi-lo.gumbel-kernel : TOP-RIGHT
tensor([[6.6976e-11, 9.7533e-04, 9.9805e-01],
        [7.2804e-29, 6.6976e-11, 9.7533e-04],
        [0.0000e+00, 7.2804e-29, 6.6976e-11]])
2023-12-06 09:54:35,283 | INFO | hi-lo.kernel-accessor : Fetching kernel: gumbel
2023-12-06 09:54:35,284 | INFO | hi-lo.gumbel-kernel : MU (LOCATION): -1.6423001289367676 | BETA (SCALE): 2.0114598274230957
2023-12-06 09:54:35,284 | INFO | hi-lo.gumbel-kernel : BOTTOM-RIGHT
tensor([[1.2579e-15, 4.7604e-09, 5.7992e-05],
        [4.7604e-09, 5.7992e-05, 2.1534e-02],
        [5.7992e-05, 2.1534e-02, 9.5676e-01]])
2023-12-06 09:54:35,284 | INFO | hi-lo.kernel-accessor : Fetching kernel: gumbel
2023-12-06 09:54:35,284 | INFO | hi-lo.gumbel-kernel : MU (LOCATION): -1.169420599937439 | BETA (SCALE): 1.4695602655410767
2023-12-06 09:54:35,284 | INFO | hi-lo.gumbel-kernel : TOP-RIGHT
tensor([[1.6597e-07, 4.1842e-03, 9.9163e-01],
        [6.5434e-16, 1.6597e-07, 4.1842e-03],
        [3.2142e-32, 6.5434e-16, 1.6597e-07]])
2023-12-06 09:54:59,745 | INFO | hi-lo : END EPOCH:  10 | ACCURACY: 1.56 | LOSS: 4.025157451629639
2023-12-06 09:54:59,745 | INFO | hi-lo : BEGIN EPOCH 11 =========================================================================
2023-12-06 09:54:59,745 | INFO | hi-lo.kernel-accessor : Fetching kernel: gumbel
2023-12-06 09:54:59,746 | INFO | hi-lo.gumbel-kernel : MU (LOCATION): -0.13062958419322968 | BETA (SCALE): 0.5468935370445251
2023-12-06 09:54:59,747 | INFO | hi-lo.gumbel-kernel : BOTTOM-RIGHT
tensor([[0.0000e+00, 0.0000e+00, 9.5574e-29],
        [0.0000e+00, 9.5574e-29, 3.5264e-05],
        [9.5574e-29, 3.5264e-05, 9.9993e-01]])
2023-12-06 09:54:59,747 | INFO | hi-lo.kernel-accessor : Fetching kernel: gumbel
2023-12-06 09:54:59,747 | INFO | hi-lo.gumbel-kernel : MU (LOCATION): -0.6440350413322449 | BETA (SCALE): 0.975563108921051
2023-12-06 09:54:59,748 | INFO | hi-lo.gumbel-kernel : BOTTOM-RIGHT
tensor([[0.0000e+00, 1.1917e-35, 1.2631e-12],
        [1.1917e-35, 1.2631e-12, 4.4451e-04],
        [1.2631e-12, 4.4451e-04, 9.9911e-01]])
2023-12-06 09:54:59,748 | INFO | hi-lo.kernel-accessor : Fetching kernel: gumbel
2023-12-06 09:54:59,748 | INFO | hi-lo.gumbel-kernel : MU (LOCATION): -1.557490348815918 | BETA (SCALE): 2.040001153945923
2023-12-06 09:54:59,749 | INFO | hi-lo.gumbel-kernel : BOTTOM-RIGHT
tensor([[8.1897e-14, 4.2765e-08, 1.6436e-04],
        [4.2765e-08, 1.6436e-04, 3.1184e-02],
        [1.6436e-04, 3.1184e-02, 9.3714e-01]])
2023-12-06 09:54:59,749 | INFO | hi-lo.kernel-accessor : Fetching kernel: gumbel
2023-12-06 09:54:59,749 | INFO | hi-lo.gumbel-kernel : MU (LOCATION): -1.368070363998413 | BETA (SCALE): 1.407710313796997
2023-12-06 09:54:59,750 | INFO | hi-lo.gumbel-kernel : TOP-RIGHT
tensor([[7.2025e-11, 3.5684e-04, 9.9929e-01],
        [3.5816e-24, 7.2025e-11, 3.5684e-04],
        [0.0000e+00, 3.5816e-24, 7.2025e-11]])
2023-12-06 09:55:24,185 | INFO | hi-lo : END EPOCH:  11 | ACCURACY: 0.27 | LOSS: 4.570112705230713
2023-12-06 09:55:24,185 | INFO | hi-lo : BEGIN EPOCH 12 =========================================================================
2023-12-06 09:55:24,185 | INFO | hi-lo.kernel-accessor : Fetching kernel: gumbel
2023-12-06 09:55:24,186 | INFO | hi-lo.gumbel-kernel : MU (LOCATION): -0.12168493866920471 | BETA (SCALE): 0.5331911444664001
2023-12-06 09:55:24,187 | INFO | hi-lo.gumbel-kernel : BOTTOM-RIGHT
tensor([[0.0000e+00, 0.0000e+00, 7.5623e-31],
        [0.0000e+00, 7.5626e-31, 2.5041e-05],
        [7.5623e-31, 2.5041e-05, 9.9995e-01]])
2023-12-06 09:55:24,187 | INFO | hi-lo.kernel-accessor : Fetching kernel: gumbel
2023-12-06 09:55:24,187 | INFO | hi-lo.gumbel-kernel : MU (LOCATION): -0.7053290009498596 | BETA (SCALE): 0.9599004983901978
2023-12-06 09:55:24,188 | INFO | hi-lo.gumbel-kernel : BOTTOM-RIGHT
tensor([[0.0000e+00, 4.5122e-43, 6.5518e-15],
        [4.5122e-43, 6.5518e-15, 1.2142e-04],
        [6.5518e-15, 1.2142e-04, 9.9976e-01]])
2023-12-06 09:55:24,188 | INFO | hi-lo.kernel-accessor : Fetching kernel: gumbel
2023-12-06 09:55:24,188 | INFO | hi-lo.gumbel-kernel : MU (LOCATION): -1.2302660942077637 | BETA (SCALE): 1.6153583526611328
2023-12-06 09:55:24,189 | INFO | hi-lo.gumbel-kernel : BOTTOM-RIGHT
tensor([[1.6186e-23, 2.6060e-12, 3.7532e-06],
        [2.6060e-12, 3.7532e-06, 1.0340e-02],
        [3.7532e-06, 1.0340e-02, 9.7931e-01]])
2023-12-06 09:55:24,189 | INFO | hi-lo.kernel-accessor : Fetching kernel: gumbel
2023-12-06 09:55:24,189 | INFO | hi-lo.gumbel-kernel : MU (LOCATION): -1.4690837860107422 | BETA (SCALE): 1.48297119140625
2023-12-06 09:55:24,189 | INFO | hi-lo.gumbel-kernel : TOP-RIGHT
tensor([[2.6973e-10, 4.7285e-04, 9.9905e-01],
        [2.8718e-22, 2.6973e-10, 4.7285e-04],
        [0.0000e+00, 2.8718e-22, 2.6973e-10]])
2023-12-06 09:55:48,601 | INFO | hi-lo : END EPOCH:  12 | ACCURACY: 0.52 | LOSS: 4.363278388977051
2023-12-06 09:55:48,601 | INFO | hi-lo : BEGIN EPOCH 13 =========================================================================
2023-12-06 09:55:48,601 | INFO | hi-lo.kernel-accessor : Fetching kernel: gumbel
2023-12-06 09:55:48,602 | INFO | hi-lo.gumbel-kernel : MU (LOCATION): -0.060106292366981506 | BETA (SCALE): 0.546583890914917
2023-12-06 09:55:48,602 | INFO | hi-lo.gumbel-kernel : BOTTOM-RIGHT
tensor([[0.0000e+00, 0.0000e+00, 8.7484e-23],
        [0.0000e+00, 8.7484e-23, 2.3690e-04],
        [8.7484e-23, 2.3690e-04, 9.9953e-01]])
2023-12-06 09:55:48,603 | INFO | hi-lo.kernel-accessor : Fetching kernel: gumbel
2023-12-06 09:55:48,603 | INFO | hi-lo.gumbel-kernel : MU (LOCATION): -0.6335890889167786 | BETA (SCALE): 0.9090083837509155
2023-12-06 09:55:48,603 | INFO | hi-lo.gumbel-kernel : BOTTOM-RIGHT
tensor([[0.0000e+00, 0.0000e+00, 9.8218e-16],
        [0.0000e+00, 9.8218e-16, 1.0304e-04],
        [9.8218e-16, 1.0304e-04, 9.9979e-01]])
2023-12-06 09:55:48,604 | INFO | hi-lo.kernel-accessor : Fetching kernel: gumbel
2023-12-06 09:55:48,604 | INFO | hi-lo.gumbel-kernel : MU (LOCATION): -1.318786859512329 | BETA (SCALE): 1.737435221672058
2023-12-06 09:55:48,605 | INFO | hi-lo.gumbel-kernel : BOTTOM-RIGHT
tensor([[1.4324e-19, 1.1913e-10, 1.5919e-05],
        [1.1913e-10, 1.5919e-05, 1.5633e-02],
        [1.5919e-05, 1.5633e-02, 9.6869e-01]])
2023-12-06 09:55:48,605 | INFO | hi-lo.kernel-accessor : Fetching kernel: gumbel
2023-12-06 09:55:48,605 | INFO | hi-lo.gumbel-kernel : MU (LOCATION): -1.3903706073760986 | BETA (SCALE): 1.3931078910827637
2023-12-06 09:55:48,606 | INFO | hi-lo.gumbel-kernel : BOTTOM-RIGHT
tensor([[0.0000e+00, 5.3085e-26, 1.3812e-11],
        [5.3085e-26, 1.3812e-11, 2.1475e-04],
        [1.3812e-11, 2.1475e-04, 9.9957e-01]])
2023-12-06 09:56:13,051 | INFO | hi-lo : END EPOCH:  13 | ACCURACY: 0.16 | LOSS: 4.508623123168945
2023-12-06 09:56:13,051 | INFO | hi-lo : BEGIN EPOCH 14 =========================================================================
2023-12-06 09:56:13,051 | INFO | hi-lo.kernel-accessor : Fetching kernel: gumbel
2023-12-06 09:56:13,052 | INFO | hi-lo.gumbel-kernel : MU (LOCATION): -0.17837199568748474 | BETA (SCALE): 0.4601605236530304
2023-12-06 09:56:13,053 | INFO | hi-lo.gumbel-kernel : BOTTOM-RIGHT
tensor([[0.0000e+00, 0.0000e+00, 0.0000e+00],
        [0.0000e+00, 0.0000e+00, 5.1840e-09],
        [0.0000e+00, 5.1840e-09, 1.0000e+00]])
2023-12-06 09:56:13,053 | INFO | hi-lo.kernel-accessor : Fetching kernel: gumbel
2023-12-06 09:56:13,053 | INFO | hi-lo.gumbel-kernel : MU (LOCATION): -0.7281836271286011 | BETA (SCALE): 1.0638892650604248
2023-12-06 09:56:13,054 | INFO | hi-lo.gumbel-kernel : BOTTOM-RIGHT
tensor([[0.0000e+00, 6.9873e-29, 5.0450e-11],
        [6.9873e-29, 5.0450e-11, 8.4727e-04],
        [5.0450e-11, 8.4727e-04, 9.9831e-01]])
2023-12-06 09:56:13,054 | INFO | hi-lo.kernel-accessor : Fetching kernel: gumbel
2023-12-06 09:56:13,055 | INFO | hi-lo.gumbel-kernel : MU (LOCATION): -1.4194343090057373 | BETA (SCALE): 1.9937103986740112
2023-12-06 09:56:13,055 | INFO | hi-lo.gumbel-kernel : TOP-RIGHT
tensor([[2.6020e-04, 3.7426e-02, 9.2437e-01],
        [9.8590e-08, 2.6020e-04, 3.7426e-02],
        [3.0603e-13, 9.8590e-08, 2.6020e-04]])
2023-12-06 09:56:13,055 | INFO | hi-lo.kernel-accessor : Fetching kernel: gumbel
2023-12-06 09:56:13,056 | INFO | hi-lo.gumbel-kernel : MU (LOCATION): -1.6618103981018066 | BETA (SCALE): 1.6232333183288574
2023-12-06 09:56:13,056 | INFO | hi-lo.gumbel-kernel : TOP-RIGHT
tensor([[1.9586e-09, 7.3443e-04, 9.9853e-01],
        [1.5810e-19, 1.9586e-09, 7.3443e-04],
        [5.4764e-38, 1.5810e-19, 1.9586e-09]])
2023-12-06 09:56:37,399 | INFO | hi-lo : END EPOCH:  14 | ACCURACY: 1.17 | LOSS: 4.4302449226379395
2023-12-06 09:56:37,399 | INFO | hi-lo : BEGIN EPOCH 15 =========================================================================
2023-12-06 09:56:37,399 | INFO | hi-lo.kernel-accessor : Fetching kernel: gumbel
2023-12-06 09:56:37,400 | INFO | hi-lo.gumbel-kernel : MU (LOCATION): -0.12302293628454208 | BETA (SCALE): 0.47972801327705383
2023-12-06 09:56:37,400 | INFO | hi-lo.gumbel-kernel : BOTTOM-RIGHT
tensor([[0.0000e+00, 0.0000e+00, 0.0000e+00],
        [0.0000e+00, 0.0000e+00, 9.7269e-07],
        [0.0000e+00, 9.7269e-07, 1.0000e+00]])
2023-12-06 09:56:37,400 | INFO | hi-lo.kernel-accessor : Fetching kernel: gumbel
2023-12-06 09:56:37,400 | INFO | hi-lo.gumbel-kernel : MU (LOCATION): -0.6297318935394287 | BETA (SCALE): 0.8935005068778992
2023-12-06 09:56:37,400 | INFO | hi-lo.gumbel-kernel : BOTTOM-RIGHT
tensor([[0.0000e+00, 0.0000e+00, 1.3504e-16],
        [0.0000e+00, 1.3504e-16, 7.0264e-05],
        [1.3504e-16, 7.0264e-05, 9.9986e-01]])
2023-12-06 09:56:37,401 | INFO | hi-lo.kernel-accessor : Fetching kernel: gumbel
2023-12-06 09:56:37,401 | INFO | hi-lo.gumbel-kernel : MU (LOCATION): -1.1486079692840576 | BETA (SCALE): 1.5255669355392456
2023-12-06 09:56:37,401 | INFO | hi-lo.gumbel-kernel : TOP-RIGHT
tensor([[1.3142e-06, 7.8598e-03, 9.8428e-01],
        [1.2822e-13, 1.3142e-06, 7.8598e-03],
        [7.3837e-27, 1.2822e-13, 1.3142e-06]])
2023-12-06 09:56:37,401 | INFO | hi-lo.kernel-accessor : Fetching kernel: gumbel
2023-12-06 09:56:37,401 | INFO | hi-lo.gumbel-kernel : MU (LOCATION): -1.2995904684066772 | BETA (SCALE): 1.4706653356552124
2023-12-06 09:56:37,402 | INFO | hi-lo.gumbel-kernel : BOTTOM-RIGHT
tensor([[5.7973e-38, 1.2617e-18, 1.1061e-08],
        [1.2617e-18, 1.1061e-08, 1.6862e-03],
        [1.1061e-08, 1.6862e-03, 9.9663e-01]])
2023-12-06 09:57:01,759 | INFO | hi-lo : END EPOCH:  15 | ACCURACY: 0.78 | LOSS: 4.093342304229736
2023-12-06 09:57:01,759 | INFO | hi-lo : BEGIN EPOCH 16 =========================================================================
2023-12-06 09:57:01,759 | INFO | hi-lo.kernel-accessor : Fetching kernel: gumbel
2023-12-06 09:57:01,760 | INFO | hi-lo.gumbel-kernel : MU (LOCATION): -0.12570497393608093 | BETA (SCALE): 0.5245771408081055
2023-12-06 09:57:01,761 | INFO | hi-lo.gumbel-kernel : TOP-RIGHT
tensor([[1.9848e-33, 1.4281e-05, 9.9997e-01],
        [0.0000e+00, 1.9848e-33, 1.4281e-05],
        [0.0000e+00, 0.0000e+00, 1.9848e-33]])
2023-12-06 09:57:01,761 | INFO | hi-lo.kernel-accessor : Fetching kernel: gumbel
2023-12-06 09:57:01,761 | INFO | hi-lo.gumbel-kernel : MU (LOCATION): -0.7055552005767822 | BETA (SCALE): 0.9191850423812866
2023-12-06 09:57:01,762 | INFO | hi-lo.gumbel-kernel : BOTTOM-RIGHT
tensor([[0.0000e+00, 0.0000e+00, 2.0439e-17],
        [0.0000e+00, 2.0439e-17, 3.6283e-05],
        [2.0439e-17, 3.6283e-05, 9.9993e-01]])
2023-12-06 09:57:01,762 | INFO | hi-lo.kernel-accessor : Fetching kernel: gumbel
2023-12-06 09:57:01,762 | INFO | hi-lo.gumbel-kernel : MU (LOCATION): -1.0329675674438477 | BETA (SCALE): 1.3843845129013062
2023-12-06 09:57:01,763 | INFO | hi-lo.gumbel-kernel : TOP-RIGHT
tensor([[1.2878e-07, 4.3311e-03, 9.9134e-01],
        [1.3195e-16, 1.2878e-07, 4.3311e-03],
        [8.7338e-35, 1.3195e-16, 1.2878e-07]])
2023-12-06 09:57:01,763 | INFO | hi-lo.kernel-accessor : Fetching kernel: gumbel
2023-12-06 09:57:01,764 | INFO | hi-lo.gumbel-kernel : MU (LOCATION): -1.3776559829711914 | BETA (SCALE): 1.424372673034668
2023-12-06 09:57:01,764 | INFO | hi-lo.gumbel-kernel : BOTTOM-RIGHT
tensor([[0.0000e+00, 2.4898e-23, 1.4378e-10],
        [2.4898e-23, 1.4378e-10, 4.3213e-04],
        [1.4378e-10, 4.3213e-04, 9.9914e-01]])
2023-12-06 09:57:26,138 | INFO | hi-lo : END EPOCH:  16 | ACCURACY: 0.35 | LOSS: 3.9210288524627686
2023-12-06 09:57:26,139 | INFO | hi-lo : BEGIN EPOCH 17 =========================================================================
2023-12-06 09:57:26,139 | INFO | hi-lo.kernel-accessor : Fetching kernel: gumbel
2023-12-06 09:57:26,140 | INFO | hi-lo.gumbel-kernel : MU (LOCATION): -0.20971280336380005 | BETA (SCALE): 0.5329642295837402
2023-12-06 09:57:26,140 | INFO | hi-lo.gumbel-kernel : BOTTOM-RIGHT
tensor([[0.0000e+00, 0.0000e+00, 4.4870e-42],
        [0.0000e+00, 4.4870e-42, 8.1292e-07],
        [4.4870e-42, 8.1292e-07, 1.0000e+00]])
2023-12-06 09:57:26,141 | INFO | hi-lo.kernel-accessor : Fetching kernel: gumbel
2023-12-06 09:57:26,141 | INFO | hi-lo.gumbel-kernel : MU (LOCATION): -0.6898943185806274 | BETA (SCALE): 0.9628648161888123
2023-12-06 09:57:26,142 | INFO | hi-lo.gumbel-kernel : TOP-RIGHT
tensor([[2.4525e-14, 1.6848e-04, 9.9966e-01],
        [2.6534e-41, 2.4525e-14, 1.6848e-04],
        [0.0000e+00, 2.6534e-41, 2.4525e-14]])
2023-12-06 09:57:26,142 | INFO | hi-lo.kernel-accessor : Fetching kernel: gumbel
2023-12-06 09:57:26,142 | INFO | hi-lo.gumbel-kernel : MU (LOCATION): -1.4007678031921387 | BETA (SCALE): 1.7250847816467285
2023-12-06 09:57:26,143 | INFO | hi-lo.gumbel-kernel : TOP-RIGHT
tensor([[4.6439e-06, 1.0201e-02, 9.7958e-01],
        [7.9069e-12, 4.6439e-06, 1.0201e-02],
        [6.2459e-22, 7.9069e-12, 4.6439e-06]])
2023-12-06 09:57:26,143 | INFO | hi-lo.kernel-accessor : Fetching kernel: gumbel
2023-12-06 09:57:26,144 | INFO | hi-lo.gumbel-kernel : MU (LOCATION): -1.5338951349258423 | BETA (SCALE): 1.5200114250183105
2023-12-06 09:57:26,144 | INFO | hi-lo.gumbel-kernel : BOTTOM-RIGHT
tensor([[0.0000e+00, 7.7511e-22, 3.2634e-10],
        [7.7511e-22, 3.2634e-10, 4.7003e-04],
        [3.2634e-10, 4.7003e-04, 9.9906e-01]])
2023-12-06 09:57:50,519 | INFO | hi-lo : END EPOCH:  17 | ACCURACY: 4.69 | LOSS: 4.213263988494873
2023-12-06 09:57:50,519 | INFO | hi-lo : BEGIN EPOCH 18 =========================================================================
2023-12-06 09:57:50,519 | INFO | hi-lo.kernel-accessor : Fetching kernel: gumbel
2023-12-06 09:57:50,520 | INFO | hi-lo.gumbel-kernel : MU (LOCATION): -0.055563680827617645 | BETA (SCALE): 0.5506328344345093
2023-12-06 09:57:50,520 | INFO | hi-lo.gumbel-kernel : BOTTOM-RIGHT
tensor([[0.0000e+00, 0.0000e+00, 7.3925e-22],
        [0.0000e+00, 7.3925e-22, 2.9883e-04],
        [7.3925e-22, 2.9883e-04, 9.9940e-01]])
2023-12-06 09:57:50,521 | INFO | hi-lo.kernel-accessor : Fetching kernel: gumbel
2023-12-06 09:57:50,521 | INFO | hi-lo.gumbel-kernel : MU (LOCATION): -0.7671933770179749 | BETA (SCALE): 0.9708443284034729
2023-12-06 09:57:50,521 | INFO | hi-lo.gumbel-kernel : TOP-RIGHT
tensor([[4.6017e-16, 5.6643e-05, 9.9989e-01],
        [0.0000e+00, 4.6017e-16, 5.6643e-05],
        [0.0000e+00, 0.0000e+00, 4.6017e-16]])
2023-12-06 09:57:50,522 | INFO | hi-lo.kernel-accessor : Fetching kernel: gumbel
2023-12-06 09:57:50,522 | INFO | hi-lo.gumbel-kernel : MU (LOCATION): -1.3324410915374756 | BETA (SCALE): 1.8518242835998535
2023-12-06 09:57:50,523 | INFO | hi-lo.gumbel-kernel : TOP-RIGHT
tensor([[8.8191e-05, 2.6920e-02, 9.4590e-01],
        [7.0735e-09, 8.8191e-05, 2.6920e-02],
        [9.7521e-16, 7.0735e-09, 8.8191e-05]])
2023-12-06 09:57:50,523 | INFO | hi-lo.kernel-accessor : Fetching kernel: gumbel
2023-12-06 09:57:50,523 | INFO | hi-lo.gumbel-kernel : MU (LOCATION): -1.8488829135894775 | BETA (SCALE): 1.705938696861267
2023-12-06 09:57:50,524 | INFO | hi-lo.gumbel-kernel : TOP-RIGHT
tensor([[1.0714e-09, 5.2515e-04, 9.9895e-01],
        [1.0156e-19, 1.0714e-09, 5.2515e-04],
        [1.5729e-37, 1.0156e-19, 1.0714e-09]])
2023-12-06 09:58:14,873 | INFO | hi-lo : END EPOCH:  18 | ACCURACY: 1.77 | LOSS: 4.380645751953125
2023-12-06 09:58:14,873 | INFO | hi-lo : BEGIN EPOCH 19 =========================================================================
2023-12-06 09:58:14,873 | INFO | hi-lo.kernel-accessor : Fetching kernel: gumbel
2023-12-06 09:58:14,874 | INFO | hi-lo.gumbel-kernel : MU (LOCATION): -0.20224368572235107 | BETA (SCALE): 0.44741466641426086
2023-12-06 09:58:14,875 | INFO | hi-lo.gumbel-kernel : TOP-RIGHT
tensor([[0.0000e+00, 1.1935e-10, 1.0000e+00],
        [0.0000e+00, 0.0000e+00, 1.1935e-10],
        [0.0000e+00, 0.0000e+00, 0.0000e+00]])
2023-12-06 09:58:14,875 | INFO | hi-lo.kernel-accessor : Fetching kernel: gumbel
2023-12-06 09:58:14,876 | INFO | hi-lo.gumbel-kernel : MU (LOCATION): -0.7007054090499878 | BETA (SCALE): 0.8223081827163696
2023-12-06 09:58:14,876 | INFO | hi-lo.gumbel-kernel : TOP-RIGHT
tensor([[1.4246e-26, 6.3714e-07, 1.0000e+00],
        [0.0000e+00, 1.4247e-26, 6.3714e-07],
        [0.0000e+00, 0.0000e+00, 1.4246e-26]])
2023-12-06 09:58:14,876 | INFO | hi-lo.kernel-accessor : Fetching kernel: gumbel
2023-12-06 09:58:14,877 | INFO | hi-lo.gumbel-kernel : MU (LOCATION): -0.9880858659744263 | BETA (SCALE): 1.4561084508895874
2023-12-06 09:58:14,877 | INFO | hi-lo.gumbel-kernel : TOP-RIGHT
tensor([[2.6176e-06, 1.0631e-02, 9.7873e-01],
        [3.4748e-13, 2.6176e-06, 1.0631e-02],
        [1.4757e-26, 3.4748e-13, 2.6176e-06]])
2023-12-06 09:58:14,877 | INFO | hi-lo.kernel-accessor : Fetching kernel: gumbel
2023-12-06 09:58:14,878 | INFO | hi-lo.gumbel-kernel : MU (LOCATION): -1.1526074409484863 | BETA (SCALE): 1.2655571699142456
2023-12-06 09:58:14,879 | INFO | hi-lo.gumbel-kernel : TOP-RIGHT
tensor([[9.1358e-12, 2.6619e-04, 9.9947e-01],
        [8.3943e-28, 9.1358e-12, 2.6619e-04],
        [0.0000e+00, 8.3943e-28, 9.1358e-12]])
2023-12-06 09:58:39,300 | INFO | hi-lo : END EPOCH:  19 | ACCURACY: 1.27 | LOSS: 4.466061592102051
2023-12-06 09:58:39,300 | INFO | hi-lo : BEGIN EPOCH 20 =========================================================================
2023-12-06 09:58:39,300 | INFO | hi-lo.kernel-accessor : Fetching kernel: gumbel
2023-12-06 09:58:39,301 | INFO | hi-lo.gumbel-kernel : MU (LOCATION): -0.1084999069571495 | BETA (SCALE): 0.4970071017742157
2023-12-06 09:58:39,301 | INFO | hi-lo.gumbel-kernel : BOTTOM-RIGHT
tensor([[0.0000e+00, 0.0000e+00, 2.1728e-39],
        [0.0000e+00, 2.1729e-39, 5.9187e-06],
        [2.1728e-39, 5.9187e-06, 9.9999e-01]])
2023-12-06 09:58:39,302 | INFO | hi-lo.kernel-accessor : Fetching kernel: gumbel
2023-12-06 09:58:39,302 | INFO | hi-lo.gumbel-kernel : MU (LOCATION): -0.743363082408905 | BETA (SCALE): 0.980736494064331
2023-12-06 09:58:39,302 | INFO | hi-lo.gumbel-kernel : BOTTOM-RIGHT
tensor([[0.0000e+00, 2.9708e-42, 7.8277e-15],
        [2.9708e-42, 7.8277e-15, 1.1281e-04],
        [7.8277e-15, 1.1281e-04, 9.9977e-01]])
2023-12-06 09:58:39,303 | INFO | hi-lo.kernel-accessor : Fetching kernel: gumbel
2023-12-06 09:58:39,303 | INFO | hi-lo.gumbel-kernel : MU (LOCATION): -1.3229210376739502 | BETA (SCALE): 1.8049365282058716
2023-12-06 09:58:39,304 | INFO | hi-lo.gumbel-kernel : TOP-RIGHT
tensor([[4.8206e-05, 2.2236e-02, 9.5538e-01],
        [1.6797e-09, 4.8206e-05, 2.2236e-02],
        [4.4209e-17, 1.6797e-09, 4.8206e-05]])
2023-12-06 09:58:39,304 | INFO | hi-lo.kernel-accessor : Fetching kernel: gumbel
2023-12-06 09:58:39,304 | INFO | hi-lo.gumbel-kernel : MU (LOCATION): -1.6838817596435547 | BETA (SCALE): 1.6100846529006958
2023-12-06 09:58:39,305 | INFO | hi-lo.gumbel-kernel : BOTTOM-RIGHT
tensor([[1.8012e-40, 1.0987e-20, 6.2669e-10],
        [1.0987e-20, 6.2669e-10, 5.0326e-04],
        [6.2669e-10, 5.0326e-04, 9.9899e-01]])
2023-12-06 09:59:03,683 | INFO | hi-lo : END EPOCH:  20 | ACCURACY: 1.56 | LOSS: 4.421130657196045
2023-12-06 09:59:03,683 | INFO | hi-lo : BEGIN EPOCH 21 =========================================================================
2023-12-06 09:59:03,684 | INFO | hi-lo.kernel-accessor : Fetching kernel: gumbel
2023-12-06 09:59:03,684 | INFO | hi-lo.gumbel-kernel : MU (LOCATION): -0.018535681068897247 | BETA (SCALE): 0.500269889831543
2023-12-06 09:59:03,685 | INFO | hi-lo.gumbel-kernel : TOP-RIGHT
tensor([[1.7818e-27, 1.4039e-04, 9.9972e-01],
