2023-10-11 02:31:13,999 | INFO | hi-lo : 
+=========================================================================+
|  ______     ______   ______    ___         ___        ______   _______  |
| /| ___ \  // ____ \ /| ___ \  /| |        /| |      // ____ \ /| ___  \ |
| /| |//\ \ /| |//| | /| |//\ \ /| |        /| |      /| |//| | /| |//| | |
| /| | /| | /| ____ | /| | /| | /| |        /| |      /| ____ | /| ___  / |
| /| |_// / /| |//| | /| |_// / /| |____    /| |____  /| |//| | /| |//\ \ |
| /|_____/  /|_| /|_| /|_____/  /|______|   /|______| /|_| /|_| /|______/ |
| ///////   ///  ///  //////    ////////    ////////  ///  ///  ////////  |
+=========================================================================+
|                  Hi-Lo Resolution Image Classification                  |
|                  -------------------------------------                  |
|                            Gabriel C. Trahan                            |
|                               Sahan Ahmad                               |
|                            MD  Aminual Islam                            |
+=========================================================================+
| MODEL:                      normal | LR:                            0.1 |
| DISTRO:                     gumbel | KERNEL TYPE:                    12 |
| DATASET:                   cifar10 | BATCH SIZE:                     64 |
+=========================================================================+
2023-10-11 02:31:13,999 | INFO | hi-lo : Output directory: output/gumbel//12/normal/cifar10/20231011_023113
2023-10-11 02:31:13,999 | INFO | hi-lo.dataset-accessor : Fetching dataset: cifar10
2023-10-11 02:31:13,999 | INFO | hi-lo.cifar10-dataset : Initializing transform.
2023-10-11 02:31:13,999 | INFO | hi-lo.cifar10-dataset : Verifying/downloading train data.
2023-10-11 02:31:14,605 | INFO | hi-lo.cifar10-dataset : Verifying/downloading test data.
2023-10-11 02:31:15,095 | INFO | hi-lo.cifar10-dataset : Creating train data loader.
2023-10-11 02:31:15,095 | INFO | hi-lo.cifar10-dataset : Creating test data loader.
2023-10-11 02:31:16,118 | INFO | hi-lo : Using device: NVIDIA GeForce GTX 1060 6GB
2023-10-11 02:31:16,119 | INFO | hi-lo : Commencing training phase...
2023-10-11 02:31:16,119 | INFO | hi-lo : BEGIN EPOCH 1 =========================================================================
2023-10-11 02:31:16,119 | INFO | hi-lo.kernel-accessor : Fetching kernel: gumbel
2023-10-11 02:31:16,120 | INFO | hi-lo.gumbel-kernel : MU (LOCATION): 1 | BETA (SCALE): 1
2023-10-11 02:31:16,121 | INFO | hi-lo.gumbel-kernel : STATIC
tensor([[5.6765e-01, 1.6550e-01, 3.2357e-02],
        [1.6550e-01, 3.2357e-02, 2.1352e-03],
        [3.2357e-02, 2.1352e-03, 7.3562e-06]])
2023-10-11 02:31:16,121 | INFO | hi-lo.kernel-accessor : Fetching kernel: gumbel
2023-10-11 02:31:16,121 | INFO | hi-lo.gumbel-kernel : MU (LOCATION): 0.0 | BETA (SCALE): 1.0
2023-10-11 02:31:16,121 | INFO | hi-lo.gumbel-kernel : BOTTOM-RIGHT
tensor([[8.5377e-26, 2.2609e-10, 2.0072e-04],
        [2.2609e-10, 2.0072e-04, 5.8259e-02],
        [2.0072e-04, 5.8259e-02, 8.8288e-01]])
2023-10-11 02:31:16,122 | INFO | hi-lo.kernel-accessor : Fetching kernel: gumbel
2023-10-11 02:31:16,122 | INFO | hi-lo.gumbel-kernel : MU (LOCATION): 1 | BETA (SCALE): 1
2023-10-11 02:31:16,122 | INFO | hi-lo.gumbel-kernel : STATIC
tensor([[5.6765e-01, 1.6550e-01, 3.2357e-02],
        [1.6550e-01, 3.2357e-02, 2.1352e-03],
        [3.2357e-02, 2.1352e-03, 7.3562e-06]])
2023-10-11 02:31:16,122 | INFO | hi-lo.kernel-accessor : Fetching kernel: gumbel
2023-10-11 02:31:16,122 | INFO | hi-lo.gumbel-kernel : MU (LOCATION): 1 | BETA (SCALE): 1
2023-10-11 02:31:16,122 | INFO | hi-lo.gumbel-kernel : STATIC
tensor([[5.6765e-01, 1.6550e-01, 3.2357e-02],
        [1.6550e-01, 3.2357e-02, 2.1352e-03],
        [3.2357e-02, 2.1352e-03, 7.3562e-06]])
2023-10-11 02:31:25,394 | INFO | hi-lo : END EPOCH:   1 | ACCURACY: 49.22 | LOSS: 1.743752121925354
2023-10-11 02:31:25,394 | INFO | hi-lo : BEGIN EPOCH 2 =========================================================================
2023-10-11 02:31:25,394 | INFO | hi-lo.kernel-accessor : Fetching kernel: gumbel
2023-10-11 02:31:25,395 | INFO | hi-lo.gumbel-kernel : MU (LOCATION): 0.05091163516044617 | BETA (SCALE): 0.5159098505973816
2023-10-11 02:31:25,396 | INFO | hi-lo.gumbel-kernel : BOTTOM-LEFT
tensor([[2.9251e-19, 0.0000e+00, 0.0000e+00],
        [1.0891e-03, 2.9251e-19, 0.0000e+00],
        [9.9782e-01, 1.0891e-03, 2.9251e-19]])
2023-10-11 02:31:25,396 | INFO | hi-lo.kernel-accessor : Fetching kernel: gumbel
2023-10-11 02:31:25,396 | INFO | hi-lo.gumbel-kernel : MU (LOCATION): -0.3934686779975891 | BETA (SCALE): 0.7605391144752502
2023-10-11 02:31:25,397 | INFO | hi-lo.gumbel-kernel : BOTTOM-RIGHT
tensor([[0.0000e+00, 0.0000e+00, 1.3427e-17],
        [0.0000e+00, 1.3427e-17, 1.2567e-04],
        [1.3427e-17, 1.2567e-04, 9.9975e-01]])
2023-10-11 02:31:25,397 | INFO | hi-lo.kernel-accessor : Fetching kernel: gumbel
2023-10-11 02:31:25,398 | INFO | hi-lo.gumbel-kernel : MU (LOCATION): -1.0226993560791016 | BETA (SCALE): 1.4091049432754517
2023-10-11 02:31:25,398 | INFO | hi-lo.gumbel-kernel : BOTTOM-RIGHT
tensor([[8.3140e-32, 2.1677e-15, 3.6832e-07],
        [2.1677e-15, 3.6832e-07, 5.8955e-03],
        [3.6832e-07, 5.8955e-03, 9.8821e-01]])
2023-10-11 02:31:25,398 | INFO | hi-lo.kernel-accessor : Fetching kernel: gumbel
2023-10-11 02:31:25,399 | INFO | hi-lo.gumbel-kernel : MU (LOCATION): -0.6855611801147461 | BETA (SCALE): 1.106973648071289
2023-10-11 02:31:25,399 | INFO | hi-lo.gumbel-kernel : BOTTOM-LEFT
tensor([[3.8378e-09, 6.2121e-23, 0.0000e+00],
        [2.5442e-03, 3.8378e-09, 6.2121e-23],
        [9.9491e-01, 2.5442e-03, 3.8378e-09]])
2023-10-11 02:31:33,900 | INFO | hi-lo : END EPOCH:   2 | ACCURACY: 47.08 | LOSS: 1.293649673461914
2023-10-11 02:31:33,900 | INFO | hi-lo : BEGIN EPOCH 3 =========================================================================
2023-10-11 02:31:33,900 | INFO | hi-lo.kernel-accessor : Fetching kernel: gumbel
2023-10-11 02:31:33,901 | INFO | hi-lo.gumbel-kernel : MU (LOCATION): 1 | BETA (SCALE): 1
2023-10-11 02:31:33,901 | INFO | hi-lo.gumbel-kernel : STATIC
tensor([[5.6765e-01, 1.6550e-01, 3.2357e-02],
        [1.6550e-01, 3.2357e-02, 2.1352e-03],
        [3.2357e-02, 2.1352e-03, 7.3562e-06]])
2023-10-11 02:31:33,902 | INFO | hi-lo.kernel-accessor : Fetching kernel: gumbel
2023-10-11 02:31:33,902 | INFO | hi-lo.gumbel-kernel : MU (LOCATION): -0.625518798828125 | BETA (SCALE): 0.8574668765068054
2023-10-11 02:31:33,903 | INFO | hi-lo.gumbel-kernel : BOTTOM-RIGHT
tensor([[0.0000e+00, 0.0000e+00, 4.0466e-19],
        [0.0000e+00, 4.0466e-19, 2.3180e-05],
        [4.0466e-19, 2.3180e-05, 9.9995e-01]])
2023-10-11 02:31:33,903 | INFO | hi-lo.kernel-accessor : Fetching kernel: gumbel
2023-10-11 02:31:33,903 | INFO | hi-lo.gumbel-kernel : MU (LOCATION): -1.7254960536956787 | BETA (SCALE): 2.2517590522766113
2023-10-11 02:31:33,904 | INFO | hi-lo.gumbel-kernel : BOTTOM-LEFT
tensor([[4.9739e-04, 5.9042e-07, 2.0789e-11],
        [4.3884e-02, 4.9739e-04, 5.9042e-07],
        [9.1074e-01, 4.3884e-02, 4.9739e-04]])
2023-10-11 02:31:33,904 | INFO | hi-lo.kernel-accessor : Fetching kernel: gumbel
2023-10-11 02:31:33,904 | INFO | hi-lo.gumbel-kernel : MU (LOCATION): -0.9396548271179199 | BETA (SCALE): 1.2859796285629272
2023-10-11 02:31:33,905 | INFO | hi-lo.gumbel-kernel : BOTTOM-RIGHT
tensor([[2.8811e-42, 3.5902e-19, 2.1160e-08],
        [3.5902e-19, 2.1160e-08, 2.8644e-03],
        [2.1160e-08, 2.8644e-03, 9.9427e-01]])
2023-10-11 02:31:42,527 | INFO | hi-lo : END EPOCH:   3 | ACCURACY: 50.0 | LOSS: 1.4333082437515259
2023-10-11 02:31:42,528 | INFO | hi-lo : BEGIN EPOCH 4 =========================================================================
2023-10-11 02:31:42,528 | INFO | hi-lo.kernel-accessor : Fetching kernel: gumbel
2023-10-11 02:31:42,529 | INFO | hi-lo.gumbel-kernel : MU (LOCATION): -0.10541879385709763 | BETA (SCALE): 0.49079060554504395
2023-10-11 02:31:42,529 | INFO | hi-lo.gumbel-kernel : BOTTOM-RIGHT
tensor([[0.0000e+00, 0.0000e+00, 4.1843e-41],
        [0.0000e+00, 4.1843e-41, 4.6006e-06],
        [4.1843e-41, 4.6006e-06, 9.9999e-01]])
2023-10-11 02:31:42,529 | INFO | hi-lo.kernel-accessor : Fetching kernel: gumbel
2023-10-11 02:31:42,530 | INFO | hi-lo.gumbel-kernel : MU (LOCATION): -0.6340211629867554 | BETA (SCALE): 0.8788760304450989
2023-10-11 02:31:42,530 | INFO | hi-lo.gumbel-kernel : BOTTOM-LEFT
tensor([[9.0568e-18, 0.0000e+00, 0.0000e+00],
        [4.0644e-05, 9.0569e-18, 0.0000e+00],
        [9.9992e-01, 4.0644e-05, 9.0568e-18]])
2023-10-11 02:31:42,530 | INFO | hi-lo.kernel-accessor : Fetching kernel: gumbel
2023-10-11 02:31:42,531 | INFO | hi-lo.gumbel-kernel : MU (LOCATION): -1.5798680782318115 | BETA (SCALE): 1.9660154581069946
2023-10-11 02:31:42,531 | INFO | hi-lo.gumbel-kernel : BOTTOM-RIGHT
tensor([[4.9221e-16, 3.3124e-09, 5.1756e-05],
        [3.3124e-09, 5.1756e-05, 2.1077e-02],
        [5.1756e-05, 2.1077e-02, 9.5769e-01]])
2023-10-11 02:31:42,532 | INFO | hi-lo.kernel-accessor : Fetching kernel: gumbel
2023-10-11 02:31:42,532 | INFO | hi-lo.gumbel-kernel : MU (LOCATION): -1.2232139110565186 | BETA (SCALE): 1.603682041168213
2023-10-11 02:31:42,533 | INFO | hi-lo.gumbel-kernel : BOTTOM-LEFT
tensor([[3.1432e-06, 1.6281e-12, 5.2450e-24],
        [9.8249e-03, 3.1432e-06, 1.6281e-12],
        [9.8034e-01, 9.8249e-03, 3.1432e-06]])
2023-10-11 02:31:51,065 | INFO | hi-lo : END EPOCH:   4 | ACCURACY: 62.5 | LOSS: 1.446502685546875
2023-10-11 02:31:51,065 | INFO | hi-lo : BEGIN EPOCH 5 =========================================================================
2023-10-11 02:31:51,065 | INFO | hi-lo.kernel-accessor : Fetching kernel: gumbel
2023-10-11 02:31:51,066 | INFO | hi-lo.gumbel-kernel : MU (LOCATION): -0.0795869529247284 | BETA (SCALE): 0.489835649728775
2023-10-11 02:31:51,067 | INFO | hi-lo.gumbel-kernel : BOTTOM-RIGHT
tensor([[0.0000e+00, 0.0000e+00, 1.4845e-37],
        [0.0000e+00, 1.4845e-37, 1.2163e-05],
        [1.4845e-37, 1.2163e-05, 9.9998e-01]])
2023-10-11 02:31:51,067 | INFO | hi-lo.kernel-accessor : Fetching kernel: gumbel
2023-10-11 02:31:51,068 | INFO | hi-lo.gumbel-kernel : MU (LOCATION): -0.6766420602798462 | BETA (SCALE): 0.8761715292930603
2023-10-11 02:31:51,068 | INFO | hi-lo.gumbel-kernel : BOTTOM-LEFT
tensor([[1.2442e-19, 0.0000e+00, 0.0000e+00],
        [1.4717e-05, 1.2442e-19, 0.0000e+00],
        [9.9997e-01, 1.4717e-05, 1.2442e-19]])
2023-10-11 02:31:51,068 | INFO | hi-lo.kernel-accessor : Fetching kernel: gumbel
2023-10-11 02:31:51,069 | INFO | hi-lo.gumbel-kernel : MU (LOCATION): -1.735821008682251 | BETA (SCALE): 2.195753812789917
2023-10-11 02:31:51,069 | INFO | hi-lo.gumbel-kernel : BOTTOM-RIGHT
tensor([[1.7288e-12, 1.6191e-07, 2.7192e-04],
        [1.6191e-07, 2.7192e-04, 3.5656e-02],
        [2.7192e-04, 3.5656e-02, 9.2787e-01]])
2023-10-11 02:31:51,069 | INFO | hi-lo.kernel-accessor : Fetching kernel: gumbel
2023-10-11 02:31:51,070 | INFO | hi-lo.gumbel-kernel : MU (LOCATION): 1 | BETA (SCALE): 1
2023-10-11 02:31:51,070 | INFO | hi-lo.gumbel-kernel : STATIC
tensor([[5.6765e-01, 1.6550e-01, 3.2357e-02],
        [1.6550e-01, 3.2357e-02, 2.1352e-03],
        [3.2357e-02, 2.1352e-03, 7.3562e-06]])
2023-10-11 02:31:59,647 | INFO | hi-lo : END EPOCH:   5 | ACCURACY: 57.81 | LOSS: 1.1254687309265137
2023-10-11 02:31:59,647 | INFO | hi-lo : BEGIN EPOCH 6 =========================================================================
2023-10-11 02:31:59,647 | INFO | hi-lo.kernel-accessor : Fetching kernel: gumbel
2023-10-11 02:31:59,648 | INFO | hi-lo.gumbel-kernel : MU (LOCATION): -0.0026103737764060497 | BETA (SCALE): 0.5393648743629456
2023-10-11 02:31:59,649 | INFO | hi-lo.gumbel-kernel : BOTTOM-LEFT
tensor([[8.8514e-20, 0.0000e+00, 0.0000e+00],
        [6.8009e-04, 8.8515e-20, 0.0000e+00],
        [9.9864e-01, 6.8009e-04, 8.8514e-20]])
2023-10-11 02:31:59,649 | INFO | hi-lo.kernel-accessor : Fetching kernel: gumbel
2023-10-11 02:31:59,649 | INFO | hi-lo.gumbel-kernel : MU (LOCATION): -0.6664425134658813 | BETA (SCALE): 0.9575222730636597
2023-10-11 02:31:59,650 | INFO | hi-lo.gumbel-kernel : BOTTOM-LEFT
tensor([[5.3994e-14, 1.9894e-40, 0.0000e+00],
        [2.1318e-04, 5.3993e-14, 1.9894e-40],
        [9.9957e-01, 2.1318e-04, 5.3994e-14]])
2023-10-11 02:31:59,650 | INFO | hi-lo.kernel-accessor : Fetching kernel: gumbel
2023-10-11 02:31:59,650 | INFO | hi-lo.gumbel-kernel : MU (LOCATION): -2.083688735961914 | BETA (SCALE): 2.9312446117401123
2023-10-11 02:31:59,651 | INFO | hi-lo.gumbel-kernel : BOTTOM-RIGHT
tensor([[1.1263e-06, 1.7223e-04, 6.7914e-03],
        [1.7223e-04, 6.7914e-03, 1.0218e-01],
        [6.7914e-03, 1.0218e-01, 7.7492e-01]])
2023-10-11 02:31:59,651 | INFO | hi-lo.kernel-accessor : Fetching kernel: gumbel
2023-10-11 02:31:59,651 | INFO | hi-lo.gumbel-kernel : MU (LOCATION): -2.143176317214966 | BETA (SCALE): 2.7119204998016357
2023-10-11 02:31:59,652 | INFO | hi-lo.gumbel-kernel : BOTTOM-RIGHT
tensor([[1.5183e-08, 1.5320e-05, 2.0519e-03],
        [1.5320e-05, 2.0519e-03, 6.8002e-02],
        [2.0519e-03, 6.8002e-02, 8.5781e-01]])
2023-10-11 02:32:08,245 | INFO | hi-lo : END EPOCH:   6 | ACCURACY: 62.5 | LOSS: 1.0318104028701782
2023-10-11 02:32:08,245 | INFO | hi-lo : BEGIN EPOCH 7 =========================================================================
2023-10-11 02:32:08,245 | INFO | hi-lo.kernel-accessor : Fetching kernel: gumbel
2023-10-11 02:32:08,246 | INFO | hi-lo.gumbel-kernel : MU (LOCATION): -0.16058053076267242 | BETA (SCALE): 0.488446444272995
2023-10-11 02:32:08,246 | INFO | hi-lo.gumbel-kernel : BOTTOM-RIGHT
tensor([[0.0000e+00, 0.0000e+00, 0.0000e+00],
        [0.0000e+00, 0.0000e+00, 2.8551e-07],
        [0.0000e+00, 2.8551e-07, 1.0000e+00]])
2023-10-11 02:32:08,246 | INFO | hi-lo.kernel-accessor : Fetching kernel: gumbel
2023-10-11 02:32:08,246 | INFO | hi-lo.gumbel-kernel : MU (LOCATION): -0.758040189743042 | BETA (SCALE): 0.9346082806587219
2023-10-11 02:32:08,247 | INFO | hi-lo.gumbel-kernel : BOTTOM-LEFT
tensor([[3.7896e-18, 0.0000e+00, 0.0000e+00],
        [2.1042e-05, 3.7896e-18, 0.0000e+00],
        [9.9996e-01, 2.1042e-05, 3.7896e-18]])
2023-10-11 02:32:08,247 | INFO | hi-lo.kernel-accessor : Fetching kernel: gumbel
2023-10-11 02:32:08,247 | INFO | hi-lo.gumbel-kernel : MU (LOCATION): -1.7806224822998047 | BETA (SCALE): 2.417295217514038
2023-10-11 02:32:08,247 | INFO | hi-lo.gumbel-kernel : BOTTOM-LEFT
tensor([[1.3869e-03, 5.5148e-06, 1.5963e-09],
        [6.1680e-02, 1.3869e-03, 5.5148e-06],
        [8.7247e-01, 6.1680e-02, 1.3869e-03]])
2023-10-11 02:32:08,247 | INFO | hi-lo.kernel-accessor : Fetching kernel: gumbel
2023-10-11 02:32:08,247 | INFO | hi-lo.gumbel-kernel : MU (LOCATION): 1 | BETA (SCALE): 1
2023-10-11 02:32:08,248 | INFO | hi-lo.gumbel-kernel : STATIC
tensor([[5.6765e-01, 1.6550e-01, 3.2357e-02],
        [1.6550e-01, 3.2357e-02, 2.1352e-03],
        [3.2357e-02, 2.1352e-03, 7.3562e-06]])
2023-10-11 02:32:16,798 | INFO | hi-lo : END EPOCH:   7 | ACCURACY: 61.72 | LOSS: 1.0274343490600586
2023-10-11 02:32:16,798 | INFO | hi-lo : BEGIN EPOCH 8 =========================================================================
2023-10-11 02:32:16,798 | INFO | hi-lo.kernel-accessor : Fetching kernel: gumbel
2023-10-11 02:32:16,799 | INFO | hi-lo.gumbel-kernel : MU (LOCATION): 0.007344025187194347 | BETA (SCALE): 0.4839663505554199
2023-10-11 02:32:16,799 | INFO | hi-lo.gumbel-kernel : BOTTOM-RIGHT
tensor([[0.0000e+00, 0.0000e+00, 2.3125e-28],
        [0.0000e+00, 2.3125e-28, 1.5756e-04],
        [2.3125e-28, 1.5756e-04, 9.9968e-01]])
2023-10-11 02:32:16,799 | INFO | hi-lo.kernel-accessor : Fetching kernel: gumbel
2023-10-11 02:32:16,800 | INFO | hi-lo.gumbel-kernel : MU (LOCATION): 1 | BETA (SCALE): 1
2023-10-11 02:32:16,800 | INFO | hi-lo.gumbel-kernel : STATIC
tensor([[5.6765e-01, 1.6550e-01, 3.2357e-02],
        [1.6550e-01, 3.2357e-02, 2.1352e-03],
        [3.2357e-02, 2.1352e-03, 7.3562e-06]])
2023-10-11 02:32:16,801 | INFO | hi-lo.kernel-accessor : Fetching kernel: gumbel
2023-10-11 02:32:16,801 | INFO | hi-lo.gumbel-kernel : MU (LOCATION): 1 | BETA (SCALE): 1
2023-10-11 02:32:16,801 | INFO | hi-lo.gumbel-kernel : STATIC
tensor([[5.6765e-01, 1.6550e-01, 3.2357e-02],
        [1.6550e-01, 3.2357e-02, 2.1352e-03],
        [3.2357e-02, 2.1352e-03, 7.3562e-06]])
2023-10-11 02:32:16,802 | INFO | hi-lo.kernel-accessor : Fetching kernel: gumbel
2023-10-11 02:32:16,802 | INFO | hi-lo.gumbel-kernel : MU (LOCATION): -1.8315467834472656 | BETA (SCALE): 2.2737197875976562
2023-10-11 02:32:16,803 | INFO | hi-lo.gumbel-kernel : BOTTOM-RIGHT
tensor([[5.5515e-12, 2.6946e-07, 3.2889e-04],
        [2.6946e-07, 3.2889e-04, 3.7433e-02],
        [3.2889e-04, 3.7433e-02, 9.2415e-01]])
2023-10-11 02:32:25,407 | INFO | hi-lo : END EPOCH:   8 | ACCURACY: 64.06 | LOSS: 0.8155423402786255
2023-10-11 02:32:25,407 | INFO | hi-lo : BEGIN EPOCH 9 =========================================================================
2023-10-11 02:32:25,407 | INFO | hi-lo.kernel-accessor : Fetching kernel: gumbel
2023-10-11 02:32:25,407 | INFO | hi-lo.gumbel-kernel : MU (LOCATION): 0.02254919707775116 | BETA (SCALE): 0.5073656439781189
2023-10-11 02:32:25,408 | INFO | hi-lo.gumbel-kernel : BOTTOM-LEFT
tensor([[1.6366e-22, 0.0000e+00, 0.0000e+00],
        [4.8852e-04, 1.6366e-22, 0.0000e+00],
        [9.9902e-01, 4.8852e-04, 1.6366e-22]])
2023-10-11 02:32:25,408 | INFO | hi-lo.kernel-accessor : Fetching kernel: gumbel
2023-10-11 02:32:25,408 | INFO | hi-lo.gumbel-kernel : MU (LOCATION): 1 | BETA (SCALE): 1
2023-10-11 02:32:25,408 | INFO | hi-lo.gumbel-kernel : STATIC
tensor([[5.6765e-01, 1.6550e-01, 3.2357e-02],
        [1.6550e-01, 3.2357e-02, 2.1352e-03],
        [3.2357e-02, 2.1352e-03, 7.3562e-06]])
2023-10-11 02:32:25,408 | INFO | hi-lo.kernel-accessor : Fetching kernel: gumbel
2023-10-11 02:32:25,408 | INFO | hi-lo.gumbel-kernel : MU (LOCATION): -2.0936050415039062 | BETA (SCALE): 2.7903952598571777
2023-10-11 02:32:25,409 | INFO | hi-lo.gumbel-kernel : BOTTOM-LEFT
tensor([[3.6590e-03, 4.8854e-05, 1.1848e-07],
        [8.3203e-02, 3.6590e-03, 4.8854e-05],
        [8.2252e-01, 8.3203e-02, 3.6590e-03]])
2023-10-11 02:32:25,409 | INFO | hi-lo.kernel-accessor : Fetching kernel: gumbel
2023-10-11 02:32:25,409 | INFO | hi-lo.gumbel-kernel : MU (LOCATION): -1.534087896347046 | BETA (SCALE): 1.9618899822235107
2023-10-11 02:32:25,409 | INFO | hi-lo.gumbel-kernel : BOTTOM-RIGHT
tensor([[1.6982e-15, 6.5447e-09, 7.2483e-05],
        [6.5447e-09, 7.2483e-05, 2.3875e-02],
        [7.2483e-05, 2.3875e-02, 9.5203e-01]])
2023-10-11 02:32:34,043 | INFO | hi-lo : END EPOCH:   9 | ACCURACY: 65.62 | LOSS: 1.282711148262024
2023-10-11 02:32:34,043 | INFO | hi-lo : BEGIN EPOCH 10 =========================================================================
2023-10-11 02:32:34,043 | INFO | hi-lo.kernel-accessor : Fetching kernel: gumbel
2023-10-11 02:32:34,044 | INFO | hi-lo.gumbel-kernel : MU (LOCATION): 0.0530412420630455 | BETA (SCALE): 0.5292084813117981
2023-10-11 02:32:34,044 | INFO | hi-lo.gumbel-kernel : BOTTOM-RIGHT
tensor([[0.0000e+00, 0.0000e+00, 1.4197e-17],
        [0.0000e+00, 1.4197e-17, 1.5197e-03],
        [1.4197e-17, 1.5197e-03, 9.9696e-01]])
2023-10-11 02:32:34,045 | INFO | hi-lo.kernel-accessor : Fetching kernel: gumbel
2023-10-11 02:32:34,045 | INFO | hi-lo.gumbel-kernel : MU (LOCATION): -0.7806190848350525 | BETA (SCALE): 1.0157147645950317
2023-10-11 02:32:34,046 | INFO | hi-lo.gumbel-kernel : BOTTOM-RIGHT
tensor([[0.0000e+00, 1.0144e-38, 4.9452e-14],
        [1.0144e-38, 4.9452e-14, 1.5340e-04],
        [4.9452e-14, 1.5340e-04, 9.9969e-01]])
2023-10-11 02:32:34,046 | INFO | hi-lo.kernel-accessor : Fetching kernel: gumbel
2023-10-11 02:32:34,046 | INFO | hi-lo.gumbel-kernel : MU (LOCATION): -1.7432918548583984 | BETA (SCALE): 2.577679395675659
2023-10-11 02:32:34,047 | INFO | hi-lo.gumbel-kernel : BOTTOM-LEFT
tensor([[4.0089e-03, 5.0708e-05, 9.7153e-08],
        [8.8077e-02, 4.0089e-03, 5.0708e-05],
        [8.1172e-01, 8.8077e-02, 4.0089e-03]])
2023-10-11 02:32:34,047 | INFO | hi-lo.kernel-accessor : Fetching kernel: gumbel
2023-10-11 02:32:34,047 | INFO | hi-lo.gumbel-kernel : MU (LOCATION): 1 | BETA (SCALE): 1
2023-10-11 02:32:34,048 | INFO | hi-lo.gumbel-kernel : STATIC
tensor([[5.6765e-01, 1.6550e-01, 3.2357e-02],
        [1.6550e-01, 3.2357e-02, 2.1352e-03],
        [3.2357e-02, 2.1352e-03, 7.3562e-06]])
2023-10-11 02:32:42,699 | INFO | hi-lo : END EPOCH:  10 | ACCURACY: 68.75 | LOSS: 1.0815781354904175
2023-10-11 02:32:42,699 | INFO | hi-lo : BEGIN EPOCH 11 =========================================================================
2023-10-11 02:32:42,699 | INFO | hi-lo.kernel-accessor : Fetching kernel: gumbel
2023-10-11 02:32:42,700 | INFO | hi-lo.gumbel-kernel : MU (LOCATION): 0.038526687771081924 | BETA (SCALE): 0.5040884017944336
2023-10-11 02:32:42,700 | INFO | hi-lo.gumbel-kernel : BOTTOM-LEFT
tensor([[8.8737e-22, 0.0000e+00, 0.0000e+00],
        [6.3212e-04, 8.8738e-22, 0.0000e+00],
        [9.9874e-01, 6.3212e-04, 8.8737e-22]])
2023-10-11 02:32:42,701 | INFO | hi-lo.kernel-accessor : Fetching kernel: gumbel
2023-10-11 02:32:42,701 | INFO | hi-lo.gumbel-kernel : MU (LOCATION): -0.7075340747833252 | BETA (SCALE): 0.9597110152244568
2023-10-11 02:32:42,701 | INFO | hi-lo.gumbel-kernel : BOTTOM-RIGHT
tensor([[0.0000e+00, 0.0000e+00, 5.5575e-15],
        [0.0000e+00, 5.5575e-15, 1.1645e-04],
        [5.5575e-15, 1.1645e-04, 9.9977e-01]])
2023-10-11 02:32:42,702 | INFO | hi-lo.kernel-accessor : Fetching kernel: gumbel
2023-10-11 02:32:42,702 | INFO | hi-lo.gumbel-kernel : MU (LOCATION): -1.7169486284255981 | BETA (SCALE): 2.369621753692627
2023-10-11 02:32:42,702 | INFO | hi-lo.gumbel-kernel : BOTTOM-LEFT
tensor([[1.3257e-03, 4.7912e-06, 1.1287e-09],
        [6.1211e-02, 1.3257e-03, 4.7912e-06],
        [8.7359e-01, 6.1211e-02, 1.3257e-03]])
2023-10-11 02:32:42,703 | INFO | hi-lo.kernel-accessor : Fetching kernel: gumbel
2023-10-11 02:32:42,703 | INFO | hi-lo.gumbel-kernel : MU (LOCATION): -2.758103370666504 | BETA (SCALE): 2.7782328128814697
2023-10-11 02:32:42,704 | INFO | hi-lo.gumbel-kernel : BOTTOM-RIGHT
tensor([[1.4652e-11, 2.2728e-07, 2.1268e-04],
        [2.2728e-07, 2.1268e-04, 2.8055e-02],
        [2.1268e-04, 2.8055e-02, 9.4325e-01]])
2023-10-11 02:32:51,219 | INFO | hi-lo : END EPOCH:  11 | ACCURACY: 55.15 | LOSS: 1.3138359785079956
2023-10-11 02:32:51,219 | INFO | hi-lo : BEGIN EPOCH 12 =========================================================================
2023-10-11 02:32:51,219 | INFO | hi-lo.kernel-accessor : Fetching kernel: gumbel
2023-10-11 02:32:51,220 | INFO | hi-lo.gumbel-kernel : MU (LOCATION): 1 | BETA (SCALE): 1
2023-10-11 02:32:51,221 | INFO | hi-lo.gumbel-kernel : STATIC
tensor([[5.6765e-01, 1.6550e-01, 3.2357e-02],
        [1.6550e-01, 3.2357e-02, 2.1352e-03],
        [3.2357e-02, 2.1352e-03, 7.3562e-06]])
2023-10-11 02:32:51,221 | INFO | hi-lo.kernel-accessor : Fetching kernel: gumbel
2023-10-11 02:32:51,221 | INFO | hi-lo.gumbel-kernel : MU (LOCATION): 1 | BETA (SCALE): 1
2023-10-11 02:32:51,222 | INFO | hi-lo.gumbel-kernel : STATIC
tensor([[5.6765e-01, 1.6550e-01, 3.2357e-02],
        [1.6550e-01, 3.2357e-02, 2.1352e-03],
        [3.2357e-02, 2.1352e-03, 7.3562e-06]])
2023-10-11 02:32:51,222 | INFO | hi-lo.kernel-accessor : Fetching kernel: gumbel
2023-10-11 02:32:51,222 | INFO | hi-lo.gumbel-kernel : MU (LOCATION): 1 | BETA (SCALE): 1
2023-10-11 02:32:51,223 | INFO | hi-lo.gumbel-kernel : STATIC
tensor([[5.6765e-01, 1.6550e-01, 3.2357e-02],
        [1.6550e-01, 3.2357e-02, 2.1352e-03],
        [3.2357e-02, 2.1352e-03, 7.3562e-06]])
2023-10-11 02:32:51,223 | INFO | hi-lo.kernel-accessor : Fetching kernel: gumbel
2023-10-11 02:32:51,223 | INFO | hi-lo.gumbel-kernel : MU (LOCATION): 1 | BETA (SCALE): 1
2023-10-11 02:32:51,224 | INFO | hi-lo.gumbel-kernel : STATIC
tensor([[5.6765e-01, 1.6550e-01, 3.2357e-02],
        [1.6550e-01, 3.2357e-02, 2.1352e-03],
        [3.2357e-02, 2.1352e-03, 7.3562e-06]])
2023-10-11 02:32:59,755 | INFO | hi-lo : END EPOCH:  12 | ACCURACY: 64.06 | LOSS: 0.9761430621147156
2023-10-11 02:32:59,756 | INFO | hi-lo : BEGIN EPOCH 13 =========================================================================
2023-10-11 02:32:59,756 | INFO | hi-lo.kernel-accessor : Fetching kernel: gumbel
2023-10-11 02:32:59,756 | INFO | hi-lo.gumbel-kernel : MU (LOCATION): -0.17948387563228607 | BETA (SCALE): 0.465411901473999
2023-10-11 02:32:59,757 | INFO | hi-lo.gumbel-kernel : BOTTOM-LEFT
tensor([[0.0000e+00, 0.0000e+00, 0.0000e+00],
        [9.0006e-09, 0.0000e+00, 0.0000e+00],
        [1.0000e+00, 9.0006e-09, 0.0000e+00]])
2023-10-11 02:32:59,757 | INFO | hi-lo.kernel-accessor : Fetching kernel: gumbel
2023-10-11 02:32:59,758 | INFO | hi-lo.gumbel-kernel : MU (LOCATION): -0.7000348567962646 | BETA (SCALE): 0.9265302419662476
2023-10-11 02:32:59,758 | INFO | hi-lo.gumbel-kernel : BOTTOM-LEFT
tensor([[9.7529e-17, 0.0000e+00, 0.0000e+00],
        [5.1054e-05, 9.7529e-17, 0.0000e+00],
        [9.9990e-01, 5.1054e-05, 9.7529e-17]])
2023-10-11 02:32:59,758 | INFO | hi-lo.kernel-accessor : Fetching kernel: gumbel
2023-10-11 02:32:59,759 | INFO | hi-lo.gumbel-kernel : MU (LOCATION): -1.3347411155700684 | BETA (SCALE): 2.0595781803131104
2023-10-11 02:32:59,759 | INFO | hi-lo.gumbel-kernel : BOTTOM-LEFT
tensor([[8.3434e-04, 1.2311e-06, 4.1834e-11],
        [5.5536e-02, 8.3434e-04, 1.2311e-06],
        [8.8642e-01, 5.5536e-02, 8.3434e-04]])
2023-10-11 02:32:59,760 | INFO | hi-lo.kernel-accessor : Fetching kernel: gumbel
2023-10-11 02:32:59,760 | INFO | hi-lo.gumbel-kernel : MU (LOCATION): -1.5276916027069092 | BETA (SCALE): 1.693892002105713
2023-10-11 02:32:59,761 | INFO | hi-lo.gumbel-kernel : BOTTOM-LEFT
tensor([[3.4053e-07, 2.3176e-14, 4.3386e-27],
        [4.1494e-03, 3.4053e-07, 2.3176e-14],
        [9.9170e-01, 4.1494e-03, 3.4053e-07]])
2023-10-11 02:33:08,335 | INFO | hi-lo : END EPOCH:  13 | ACCURACY: 62.5 | LOSS: 1.3171266317367554
2023-10-11 02:33:08,335 | INFO | hi-lo : BEGIN EPOCH 14 =========================================================================
2023-10-11 02:33:08,336 | INFO | hi-lo.kernel-accessor : Fetching kernel: gumbel
2023-10-11 02:33:08,336 | INFO | hi-lo.gumbel-kernel : MU (LOCATION): 0.011534465476870537 | BETA (SCALE): 0.5257329940795898
2023-10-11 02:33:08,337 | INFO | hi-lo.gumbel-kernel : BOTTOM-RIGHT
tensor([[0.0000e+00, 0.0000e+00, 1.2720e-20],
        [0.0000e+00, 1.2720e-20, 6.3705e-04],
        [1.2720e-20, 6.3705e-04, 9.9873e-01]])
2023-10-11 02:33:08,337 | INFO | hi-lo.kernel-accessor : Fetching kernel: gumbel
2023-10-11 02:33:08,338 | INFO | hi-lo.gumbel-kernel : MU (LOCATION): 1 | BETA (SCALE): 1
2023-10-11 02:33:08,338 | INFO | hi-lo.gumbel-kernel : STATIC
tensor([[5.6765e-01, 1.6550e-01, 3.2357e-02],
        [1.6550e-01, 3.2357e-02, 2.1352e-03],
        [3.2357e-02, 2.1352e-03, 7.3562e-06]])
2023-10-11 02:33:08,338 | INFO | hi-lo.kernel-accessor : Fetching kernel: gumbel
2023-10-11 02:33:08,339 | INFO | hi-lo.gumbel-kernel : MU (LOCATION): -2.55304217338562 | BETA (SCALE): 3.047689199447632
2023-10-11 02:33:08,339 | INFO | hi-lo.gumbel-kernel : BOTTOM-RIGHT
tensor([[1.1360e-07, 4.0596e-05, 3.0710e-03],
        [4.0596e-05, 3.0710e-03, 7.5926e-02],
        [3.0710e-03, 7.5926e-02, 8.3885e-01]])
2023-10-11 02:33:08,340 | INFO | hi-lo.kernel-accessor : Fetching kernel: gumbel
2023-10-11 02:33:08,340 | INFO | hi-lo.gumbel-kernel : MU (LOCATION): -2.714480400085449 | BETA (SCALE): 2.6536014080047607
2023-10-11 02:33:08,341 | INFO | hi-lo.gumbel-kernel : BOTTOM-LEFT
tensor([[7.5255e-05, 2.7899e-08, 3.3057e-13],
        [1.9126e-02, 7.5255e-05, 2.7899e-08],
        [9.6152e-01, 1.9126e-02, 7.5255e-05]])
2023-10-11 02:33:16,882 | INFO | hi-lo : END EPOCH:  14 | ACCURACY: 57.4 | LOSS: 1.0541857481002808
2023-10-11 02:33:16,882 | INFO | hi-lo : BEGIN EPOCH 15 =========================================================================
2023-10-11 02:33:16,882 | INFO | hi-lo.kernel-accessor : Fetching kernel: gumbel
2023-10-11 02:33:16,883 | INFO | hi-lo.gumbel-kernel : MU (LOCATION): -0.0125398775562644 | BETA (SCALE): 0.5762156844139099
2023-10-11 02:33:16,883 | INFO | hi-lo.gumbel-kernel : BOTTOM-RIGHT
tensor([[0.0000e+00, 0.0000e+00, 2.2589e-16],
        [0.0000e+00, 2.2589e-16, 1.3368e-03],
        [2.2589e-16, 1.3368e-03, 9.9733e-01]])
2023-10-11 02:33:16,884 | INFO | hi-lo.kernel-accessor : Fetching kernel: gumbel
2023-10-11 02:33:16,884 | INFO | hi-lo.gumbel-kernel : MU (LOCATION): 1 | BETA (SCALE): 1
2023-10-11 02:33:16,885 | INFO | hi-lo.gumbel-kernel : STATIC
tensor([[5.6765e-01, 1.6550e-01, 3.2357e-02],
        [1.6550e-01, 3.2357e-02, 2.1352e-03],
        [3.2357e-02, 2.1352e-03, 7.3562e-06]])
2023-10-11 02:33:16,885 | INFO | hi-lo.kernel-accessor : Fetching kernel: gumbel
2023-10-11 02:33:16,885 | INFO | hi-lo.gumbel-kernel : MU (LOCATION): -2.4879143238067627 | BETA (SCALE): 3.1553537845611572
2023-10-11 02:33:16,886 | INFO | hi-lo.gumbel-kernel : BOTTOM-RIGHT
tensor([[9.6083e-07, 1.4081e-04, 5.8036e-03],
        [1.4081e-04, 5.8036e-03, 9.4945e-02],
        [5.8036e-03, 9.4945e-02, 7.9242e-01]])
2023-10-11 02:33:16,886 | INFO | hi-lo.kernel-accessor : Fetching kernel: gumbel
2023-10-11 02:33:16,887 | INFO | hi-lo.gumbel-kernel : MU (LOCATION): -2.231227159500122 | BETA (SCALE): 2.33807373046875
2023-10-11 02:33:16,887 | INFO | hi-lo.gumbel-kernel : BOTTOM-RIGHT
tensor([[9.2148e-15, 6.1635e-09, 4.4939e-05],
        [6.1635e-09, 4.4939e-05, 1.7212e-02],
        [4.4939e-05, 1.7212e-02, 9.6544e-01]])
2023-10-11 02:33:25,432 | INFO | hi-lo : END EPOCH:  15 | ACCURACY: 61.11 | LOSS: 1.2327277660369873
2023-10-11 02:33:25,433 | INFO | hi-lo : BEGIN EPOCH 16 =========================================================================
2023-10-11 02:33:25,433 | INFO | hi-lo.kernel-accessor : Fetching kernel: gumbel
2023-10-11 02:33:25,433 | INFO | hi-lo.gumbel-kernel : MU (LOCATION): 1 | BETA (SCALE): 1
2023-10-11 02:33:25,434 | INFO | hi-lo.gumbel-kernel : STATIC
tensor([[5.6765e-01, 1.6550e-01, 3.2357e-02],
        [1.6550e-01, 3.2357e-02, 2.1352e-03],
        [3.2357e-02, 2.1352e-03, 7.3562e-06]])
2023-10-11 02:33:25,434 | INFO | hi-lo.kernel-accessor : Fetching kernel: gumbel
2023-10-11 02:33:25,435 | INFO | hi-lo.gumbel-kernel : MU (LOCATION): -0.789718747138977 | BETA (SCALE): 0.912265956401825
2023-10-11 02:33:25,435 | INFO | hi-lo.gumbel-kernel : BOTTOM-LEFT
tensor([[3.4007e-21, 0.0000e+00, 0.0000e+00],
        [4.3244e-06, 3.4007e-21, 0.0000e+00],
        [9.9999e-01, 4.3244e-06, 3.4007e-21]])
2023-10-11 02:33:25,435 | INFO | hi-lo.kernel-accessor : Fetching kernel: gumbel
2023-10-11 02:33:25,436 | INFO | hi-lo.gumbel-kernel : MU (LOCATION): -1.4925105571746826 | BETA (SCALE): 2.526219606399536
2023-10-11 02:33:25,436 | INFO | hi-lo.gumbel-kernel : BOTTOM-RIGHT
tensor([[5.2079e-07, 1.3896e-04, 6.7955e-03],
        [1.3896e-04, 6.7955e-03, 1.0605e-01],
        [6.7955e-03, 1.0605e-01, 7.6723e-01]])
2023-10-11 02:33:25,436 | INFO | hi-lo.kernel-accessor : Fetching kernel: gumbel
2023-10-11 02:33:25,437 | INFO | hi-lo.gumbel-kernel : MU (LOCATION): -2.180457353591919 | BETA (SCALE): 2.0367751121520996
2023-10-11 02:33:25,437 | INFO | hi-lo.gumbel-kernel : BOTTOM-LEFT
tensor([[2.5197e-07, 8.6024e-14, 3.1898e-24],
        [2.7664e-03, 2.5197e-07, 8.6024e-14],
        [9.9447e-01, 2.7664e-03, 2.5197e-07]])
2023-10-11 02:33:34,021 | INFO | hi-lo : END EPOCH:  16 | ACCURACY: 62.5 | LOSS: 1.3938647508621216
2023-10-11 02:33:34,021 | INFO | hi-lo : BEGIN EPOCH 17 =========================================================================
2023-10-11 02:33:34,021 | INFO | hi-lo.kernel-accessor : Fetching kernel: gumbel
2023-10-11 02:33:34,022 | INFO | hi-lo.gumbel-kernel : MU (LOCATION): -0.08257632702589035 | BETA (SCALE): 0.49241769313812256
2023-10-11 02:33:34,023 | INFO | hi-lo.gumbel-kernel : BOTTOM-LEFT
tensor([[3.7696e-37, 0.0000e+00, 0.0000e+00],
        [1.2510e-05, 3.7696e-37, 0.0000e+00],
        [9.9997e-01, 1.2510e-05, 3.7696e-37]])
2023-10-11 02:33:34,023 | INFO | hi-lo.kernel-accessor : Fetching kernel: gumbel
2023-10-11 02:33:34,023 | INFO | hi-lo.gumbel-kernel : MU (LOCATION): -0.7326124310493469 | BETA (SCALE): 1.0253956317901611
2023-10-11 02:33:34,024 | INFO | hi-lo.gumbel-kernel : BOTTOM-LEFT
tensor([[1.6501e-12, 5.4586e-34, 0.0000e+00],
        [3.8166e-04, 1.6501e-12, 5.4586e-34],
        [9.9924e-01, 3.8166e-04, 1.6501e-12]])
2023-10-11 02:33:34,024 | INFO | hi-lo.kernel-accessor : Fetching kernel: gumbel
2023-10-11 02:33:34,024 | INFO | hi-lo.gumbel-kernel : MU (LOCATION): 1 | BETA (SCALE): 1
2023-10-11 02:33:34,025 | INFO | hi-lo.gumbel-kernel : STATIC
tensor([[5.6765e-01, 1.6550e-01, 3.2357e-02],
        [1.6550e-01, 3.2357e-02, 2.1352e-03],
        [3.2357e-02, 2.1352e-03, 7.3562e-06]])
2023-10-11 02:33:34,025 | INFO | hi-lo.kernel-accessor : Fetching kernel: gumbel
2023-10-11 02:33:34,025 | INFO | hi-lo.gumbel-kernel : MU (LOCATION): 1 | BETA (SCALE): 1
2023-10-11 02:33:34,026 | INFO | hi-lo.gumbel-kernel : STATIC
tensor([[5.6765e-01, 1.6550e-01, 3.2357e-02],
        [1.6550e-01, 3.2357e-02, 2.1352e-03],
        [3.2357e-02, 2.1352e-03, 7.3562e-06]])
2023-10-11 02:33:42,624 | INFO | hi-lo : END EPOCH:  17 | ACCURACY: 67.19 | LOSS: 1.250454306602478
2023-10-11 02:33:42,624 | INFO | hi-lo : BEGIN EPOCH 18 =========================================================================
2023-10-11 02:33:42,624 | INFO | hi-lo.kernel-accessor : Fetching kernel: gumbel
2023-10-11 02:33:42,625 | INFO | hi-lo.gumbel-kernel : MU (LOCATION): -0.12384597957134247 | BETA (SCALE): 0.4867686629295349
2023-10-11 02:33:42,625 | INFO | hi-lo.gumbel-kernel : BOTTOM-RIGHT
tensor([[0.0000e+00, 0.0000e+00, 0.0000e+00],
        [0.0000e+00, 0.0000e+00, 1.5637e-06],
        [0.0000e+00, 1.5637e-06, 1.0000e+00]])
2023-10-11 02:33:42,625 | INFO | hi-lo.kernel-accessor : Fetching kernel: gumbel
2023-10-11 02:33:42,625 | INFO | hi-lo.gumbel-kernel : MU (LOCATION): 1 | BETA (SCALE): 1
2023-10-11 02:33:42,625 | INFO | hi-lo.gumbel-kernel : STATIC
tensor([[5.6765e-01, 1.6550e-01, 3.2357e-02],
        [1.6550e-01, 3.2357e-02, 2.1352e-03],
        [3.2357e-02, 2.1352e-03, 7.3562e-06]])
2023-10-11 02:33:42,626 | INFO | hi-lo.kernel-accessor : Fetching kernel: gumbel
2023-10-11 02:33:42,626 | INFO | hi-lo.gumbel-kernel : MU (LOCATION): -2.5622963905334473 | BETA (SCALE): 3.2466013431549072
2023-10-11 02:33:42,626 | INFO | hi-lo.gumbel-kernel : BOTTOM-LEFT
tensor([[6.7877e-03, 1.9584e-04, 1.7574e-06],
        [9.9727e-02, 6.7877e-03, 1.9584e-04],
        [7.7979e-01, 9.9727e-02, 6.7877e-03]])
2023-10-11 02:33:42,626 | INFO | hi-lo.kernel-accessor : Fetching kernel: gumbel
2023-10-11 02:33:42,626 | INFO | hi-lo.gumbel-kernel : MU (LOCATION): -2.0436668395996094 | BETA (SCALE): 2.3106398582458496
2023-10-11 02:33:42,627 | INFO | hi-lo.gumbel-kernel : BOTTOM-RIGHT
tensor([[2.4524e-13, 4.2663e-08, 1.2462e-04],
        [4.2663e-08, 1.2462e-04, 2.5687e-02],
        [1.2462e-04, 2.5687e-02, 9.4825e-01]])
2023-10-11 02:33:51,167 | INFO | hi-lo : END EPOCH:  18 | ACCURACY: 59.38 | LOSS: 1.3450675010681152
2023-10-11 02:33:51,167 | INFO | hi-lo : BEGIN EPOCH 19 =========================================================================
2023-10-11 02:33:51,167 | INFO | hi-lo.kernel-accessor : Fetching kernel: gumbel
2023-10-11 02:33:51,168 | INFO | hi-lo.gumbel-kernel : MU (LOCATION): -0.0830143392086029 | BETA (SCALE): 0.519514799118042
2023-10-11 02:33:51,169 | INFO | hi-lo.gumbel-kernel : BOTTOM-LEFT
tensor([[6.9046e-30, 0.0000e+00, 0.0000e+00],
        [4.6146e-05, 6.9044e-30, 0.0000e+00],
        [9.9991e-01, 4.6146e-05, 6.9046e-30]])
2023-10-11 02:33:51,169 | INFO | hi-lo.kernel-accessor : Fetching kernel: gumbel
2023-10-11 02:33:51,169 | INFO | hi-lo.gumbel-kernel : MU (LOCATION): -0.7482695579528809 | BETA (SCALE): 1.0818591117858887
2023-10-11 02:33:51,170 | INFO | hi-lo.gumbel-kernel : BOTTOM-LEFT
tensor([[8.4689e-11, 6.3610e-28, 0.0000e+00],
        [9.2217e-04, 8.4689e-11, 6.3610e-28],
        [9.9816e-01, 9.2217e-04, 8.4689e-11]])
2023-10-11 02:33:51,170 | INFO | hi-lo.kernel-accessor : Fetching kernel: gumbel
2023-10-11 02:33:51,170 | INFO | hi-lo.gumbel-kernel : MU (LOCATION): -2.5248496532440186 | BETA (SCALE): 3.2521915435791016
2023-10-11 02:33:51,171 | INFO | hi-lo.gumbel-kernel : BOTTOM-LEFT
tensor([[7.5229e-03, 2.3807e-04, 2.4277e-06],
        [1.0338e-01, 7.5229e-03, 2.3807e-04],
        [7.7019e-01, 1.0338e-01, 7.5229e-03]])
2023-10-11 02:33:51,171 | INFO | hi-lo.kernel-accessor : Fetching kernel: gumbel
2023-10-11 02:33:51,171 | INFO | hi-lo.gumbel-kernel : MU (LOCATION): 1 | BETA (SCALE): 1
2023-10-11 02:33:51,171 | INFO | hi-lo.gumbel-kernel : STATIC
tensor([[5.6765e-01, 1.6550e-01, 3.2357e-02],
        [1.6550e-01, 3.2357e-02, 2.1352e-03],
        [3.2357e-02, 2.1352e-03, 7.3562e-06]])
2023-10-11 02:33:59,793 | INFO | hi-lo : END EPOCH:  19 | ACCURACY: 70.31 | LOSS: 1.2229360342025757
2023-10-11 02:33:59,793 | INFO | hi-lo : BEGIN EPOCH 20 =========================================================================
2023-10-11 02:33:59,794 | INFO | hi-lo.kernel-accessor : Fetching kernel: gumbel
2023-10-11 02:33:59,794 | INFO | hi-lo.gumbel-kernel : MU (LOCATION): 1 | BETA (SCALE): 1
2023-10-11 02:33:59,795 | INFO | hi-lo.gumbel-kernel : STATIC
tensor([[5.6765e-01, 1.6550e-01, 3.2357e-02],
        [1.6550e-01, 3.2357e-02, 2.1352e-03],
        [3.2357e-02, 2.1352e-03, 7.3562e-06]])
2023-10-11 02:33:59,795 | INFO | hi-lo.kernel-accessor : Fetching kernel: gumbel
2023-10-11 02:33:59,796 | INFO | hi-lo.gumbel-kernel : MU (LOCATION): -0.6456975936889648 | BETA (SCALE): 0.8955206871032715
2023-10-11 02:33:59,796 | INFO | hi-lo.gumbel-kernel : BOTTOM-LEFT
tensor([[5.3416e-17, 0.0000e+00, 0.0000e+00],
        [5.5078e-05, 5.3416e-17, 0.0000e+00],
        [9.9989e-01, 5.5078e-05, 5.3416e-17]])
2023-10-11 02:33:59,796 | INFO | hi-lo.kernel-accessor : Fetching kernel: gumbel
2023-10-11 02:33:59,797 | INFO | hi-lo.gumbel-kernel : MU (LOCATION): 1 | BETA (SCALE): 1
2023-10-11 02:33:59,797 | INFO | hi-lo.gumbel-kernel : STATIC
tensor([[5.6765e-01, 1.6550e-01, 3.2357e-02],
        [1.6550e-01, 3.2357e-02, 2.1352e-03],
        [3.2357e-02, 2.1352e-03, 7.3562e-06]])
2023-10-11 02:33:59,798 | INFO | hi-lo.kernel-accessor : Fetching kernel: gumbel
2023-10-11 02:33:59,798 | INFO | hi-lo.gumbel-kernel : MU (LOCATION): -2.635071277618408 | BETA (SCALE): 2.518078327178955
2023-10-11 02:33:59,799 | INFO | hi-lo.gumbel-kernel : BOTTOM-LEFT
tensor([[2.3610e-05, 2.5204e-09, 3.7809e-15],
        [1.2576e-02, 2.3610e-05, 2.5204e-09],
        [9.7478e-01, 1.2576e-02, 2.3610e-05]])
2023-10-11 02:34:08,534 | INFO | hi-lo : END EPOCH:  20 | ACCURACY: 73.44 | LOSS: 1.2509859800338745
2023-10-11 02:34:08,534 | INFO | hi-lo : BEGIN EPOCH 21 =========================================================================
2023-10-11 02:34:08,534 | INFO | hi-lo.kernel-accessor : Fetching kernel: gumbel
2023-10-11 02:34:08,535 | INFO | hi-lo.gumbel-kernel : MU (LOCATION): -0.03814177215099335 | BETA (SCALE): 0.5051685571670532
2023-10-11 02:34:08,536 | INFO | hi-lo.gumbel-kernel : BOTTOM-RIGHT
tensor([[0.0000e+00, 0.0000e+00, 2.0636e-28],
        [0.0000e+00, 2.0636e-28, 9.7450e-05],
        [2.0636e-28, 9.7450e-05, 9.9981e-01]])
2023-10-11 02:34:08,536 | INFO | hi-lo.kernel-accessor : Fetching kernel: gumbel
2023-10-11 02:34:08,536 | INFO | hi-lo.gumbel-kernel : MU (LOCATION): -0.6012221574783325 | BETA (SCALE): 0.9865238070487976
2023-10-11 02:34:08,537 | INFO | hi-lo.gumbel-kernel : BOTTOM-RIGHT
tensor([[0.0000e+00, 2.5123e-31, 2.6920e-11],
        [2.5123e-31, 2.6920e-11, 9.5325e-04],
        [2.6920e-11, 9.5325e-04, 9.9809e-01]])
2023-10-11 02:34:08,537 | INFO | hi-lo.kernel-accessor : Fetching kernel: gumbel
