2023-12-06 16:49:02,027 | INFO | hi-lo : 
+==============================================================+
|                                                              |
| ██████╗  █████╗ ██████╗ ██╗         ██╗      █████╗ ██████╗  |
| ██╔══██╗██╔══██╗██╔══██╗██║         ██║     ██╔══██╗██╔══██╗ |
| ██║  ██║███████║██║  ██║██║         ██║     ███████║██████╔╝ |
| ██║  ██║██╔══██║██║  ██║██║         ██║     ██╔══██║██╔══██╗ |
| ██████╔╝██║  ██║██████╔╝███████╗    ███████╗██║  ██║██████╔╝ |
| ╚═════╝ ╚═╝  ╚═╝╚═════╝ ╚══════╝    ╚══════╝╚═╝  ╚═╝╚═════╝  |
|                                                              |
+==============================================================+
|             Hi-Lo Resolution Image Classification            |
|             -------------------------------------            |
|                       Gabriel C. Trahan                      |
|                          Sahan Ahmad                         |
|                       MD  Aminual Islam                      |
+==============================================================+
| MODEL:                 normal | LR:                      0.1 |
| DISTRO:                gumbel | KERNEL TYPE:               9 |
| DATASET:             imagenet | BATCH SIZE:               64 |
+=========================================================================+
2023-12-06 16:49:02,028 | INFO | hi-lo : Output directory: output/normal/gumbel/9/imagenet/20231206_164902
2023-12-06 16:49:02,028 | INFO | hi-lo.dataset-accessor : Fetching dataset: imagenet
2023-12-06 16:49:02,028 | INFO | hi-lo.imagenet-dataset : Initializing transform.
2023-12-06 16:49:02,028 | INFO | hi-lo.imagenet-dataset : Verifying/downloading train data.
2023-12-06 16:49:04,943 | INFO | hi-lo.imagenet-dataset : Verifying/downloading test data.
2023-12-06 16:49:05,063 | INFO | hi-lo.imagenet-dataset : Creating train data loader.
2023-12-06 16:49:05,063 | INFO | hi-lo.imagenet-dataset : Creating test data loader.
2023-12-06 16:49:06,090 | INFO | hi-lo : Using device: NVIDIA GeForce GTX 1060 6GB
2023-12-06 16:49:06,091 | INFO | hi-lo : Commencing training phase...
2023-12-06 16:49:06,091 | INFO | hi-lo : BEGIN EPOCH 1 =========================================================================
2023-12-06 16:49:06,091 | INFO | hi-lo.kernel-accessor : Fetching kernel: gumbel
2023-12-06 16:49:06,092 | INFO | hi-lo.gumbel-kernel : MU (LOCATION): 0.0 | BETA (SCALE): 1.0
2023-12-06 16:49:06,093 | INFO | hi-lo.gumbel-kernel : TOP-LEFT
tensor([[8.8288e-01, 5.8259e-02, 2.0072e-04],
        [5.8259e-02, 2.0072e-04, 2.2609e-10],
        [2.0072e-04, 2.2609e-10, 8.5377e-26]])
2023-12-06 16:49:06,093 | INFO | hi-lo.kernel-accessor : Fetching kernel: gumbel
2023-12-06 16:49:06,093 | INFO | hi-lo.gumbel-kernel : MU (LOCATION): 0.0 | BETA (SCALE): 1.0
2023-12-06 16:49:06,093 | INFO | hi-lo.gumbel-kernel : TOP-LEFT
tensor([[8.8288e-01, 5.8259e-02, 2.0072e-04],
        [5.8259e-02, 2.0072e-04, 2.2609e-10],
        [2.0072e-04, 2.2609e-10, 8.5377e-26]])
2023-12-06 16:49:06,093 | INFO | hi-lo.kernel-accessor : Fetching kernel: gumbel
2023-12-06 16:49:06,094 | INFO | hi-lo.gumbel-kernel : MU (LOCATION): 0.0 | BETA (SCALE): 1.0
2023-12-06 16:49:06,094 | INFO | hi-lo.gumbel-kernel : BOTTOM-LEFT
tensor([[2.0072e-04, 2.2609e-10, 8.5377e-26],
        [5.8259e-02, 2.0072e-04, 2.2609e-10],
        [8.8288e-01, 5.8259e-02, 2.0072e-04]])
2023-12-06 16:49:06,094 | INFO | hi-lo.kernel-accessor : Fetching kernel: gumbel
2023-12-06 16:49:06,094 | INFO | hi-lo.gumbel-kernel : MU (LOCATION): 0.0 | BETA (SCALE): 1.0
2023-12-06 16:49:06,094 | INFO | hi-lo.gumbel-kernel : BOTTOM-LEFT
tensor([[2.0072e-04, 2.2609e-10, 8.5377e-26],
        [5.8259e-02, 2.0072e-04, 2.2609e-10],
        [8.8288e-01, 5.8259e-02, 2.0072e-04]])
2023-12-06 16:49:31,068 | INFO | hi-lo : END EPOCH:   1 | ACCURACY: 6.25 | LOSS: 4.55148983001709
2023-12-06 16:49:31,068 | INFO | hi-lo : BEGIN EPOCH 2 =========================================================================
2023-12-06 16:49:31,068 | INFO | hi-lo.kernel-accessor : Fetching kernel: gumbel
2023-12-06 16:49:31,069 | INFO | hi-lo.gumbel-kernel : MU (LOCATION): -0.18869994580745697 | BETA (SCALE): 0.49123415350914
2023-12-06 16:49:31,069 | INFO | hi-lo.gumbel-kernel : TOP-LEFT
tensor([[1.0000e+00, 7.6229e-08, 0.0000e+00],
        [7.6229e-08, 0.0000e+00, 0.0000e+00],
        [0.0000e+00, 0.0000e+00, 0.0000e+00]])
2023-12-06 16:49:31,070 | INFO | hi-lo.kernel-accessor : Fetching kernel: gumbel
2023-12-06 16:49:31,070 | INFO | hi-lo.gumbel-kernel : MU (LOCATION): 1 | BETA (SCALE): 1
2023-12-06 16:49:31,070 | INFO | hi-lo.gumbel-kernel : STATIC
tensor([[5.6765e-01, 1.6550e-01, 3.2357e-02],
        [1.6550e-01, 3.2357e-02, 2.1352e-03],
        [3.2357e-02, 2.1352e-03, 7.3562e-06]])
2023-12-06 16:49:31,071 | INFO | hi-lo.kernel-accessor : Fetching kernel: gumbel
2023-12-06 16:49:31,071 | INFO | hi-lo.gumbel-kernel : MU (LOCATION): -0.4194026291370392 | BETA (SCALE): 0.779398500919342
2023-12-06 16:49:31,072 | INFO | hi-lo.gumbel-kernel : TOP-LEFT
tensor([[9.9974e-01, 1.3198e-04, 3.7868e-17],
        [1.3198e-04, 3.7868e-17, 0.0000e+00],
        [3.7868e-17, 0.0000e+00, 0.0000e+00]])
2023-12-06 16:49:31,072 | INFO | hi-lo.kernel-accessor : Fetching kernel: gumbel
2023-12-06 16:49:31,072 | INFO | hi-lo.gumbel-kernel : MU (LOCATION): 1 | BETA (SCALE): 1
2023-12-06 16:49:31,073 | INFO | hi-lo.gumbel-kernel : STATIC
tensor([[5.6765e-01, 1.6550e-01, 3.2357e-02],
        [1.6550e-01, 3.2357e-02, 2.1352e-03],
        [3.2357e-02, 2.1352e-03, 7.3562e-06]])
2023-12-06 16:49:55,167 | INFO | hi-lo : END EPOCH:   2 | ACCURACY: 0.35 | LOSS: 4.359135150909424
2023-12-06 16:49:55,167 | INFO | hi-lo : BEGIN EPOCH 3 =========================================================================
2023-12-06 16:49:55,167 | INFO | hi-lo.kernel-accessor : Fetching kernel: gumbel
2023-12-06 16:49:55,168 | INFO | hi-lo.gumbel-kernel : MU (LOCATION): -0.09834924340248108 | BETA (SCALE): 0.502028226852417
2023-12-06 16:49:55,168 | INFO | hi-lo.gumbel-kernel : BOTTOM-LEFT
tensor([[2.4536e-36, 0.0000e+00, 0.0000e+00],
        [1.1681e-05, 2.4537e-36, 0.0000e+00],
        [9.9998e-01, 1.1681e-05, 2.4536e-36]])
2023-12-06 16:49:55,168 | INFO | hi-lo.kernel-accessor : Fetching kernel: gumbel
2023-12-06 16:49:55,169 | INFO | hi-lo.gumbel-kernel : MU (LOCATION): -0.5337870121002197 | BETA (SCALE): 0.8581265807151794
2023-12-06 16:49:55,169 | INFO | hi-lo.gumbel-kernel : BOTTOM-LEFT
tensor([[9.9246e-16, 0.0000e+00, 0.0000e+00],
        [1.4727e-04, 9.9246e-16, 0.0000e+00],
        [9.9971e-01, 1.4727e-04, 9.9246e-16]])
2023-12-06 16:49:55,170 | INFO | hi-lo.kernel-accessor : Fetching kernel: gumbel
2023-12-06 16:49:55,170 | INFO | hi-lo.gumbel-kernel : MU (LOCATION): -1.355446219444275 | BETA (SCALE): 1.982892394065857
2023-12-06 16:49:55,170 | INFO | hi-lo.gumbel-kernel : BOTTOM-LEFT
tensor([[3.5872e-04, 1.8670e-07, 9.4983e-13],
        [4.2124e-02, 3.5872e-04, 1.8670e-07],
        [9.1467e-01, 4.2124e-02, 3.5872e-04]])
2023-12-06 16:49:55,171 | INFO | hi-lo.kernel-accessor : Fetching kernel: gumbel
2023-12-06 16:49:55,171 | INFO | hi-lo.gumbel-kernel : MU (LOCATION): -1.0696581602096558 | BETA (SCALE): 1.4743561744689941
2023-12-06 16:49:55,171 | INFO | hi-lo.gumbel-kernel : BOTTOM-LEFT
tensor([[1.1518e-06, 6.0750e-14, 5.3558e-28],
        [7.9417e-03, 1.1518e-06, 6.0750e-14],
        [9.8411e-01, 7.9417e-03, 1.1518e-06]])
2023-12-06 16:50:19,274 | INFO | hi-lo : END EPOCH:   3 | ACCURACY: 0.78 | LOSS: 4.637309551239014
2023-12-06 16:50:19,274 | INFO | hi-lo : BEGIN EPOCH 4 =========================================================================
2023-12-06 16:50:19,275 | INFO | hi-lo.kernel-accessor : Fetching kernel: gumbel
2023-12-06 16:50:19,275 | INFO | hi-lo.gumbel-kernel : MU (LOCATION): -0.033434800803661346 | BETA (SCALE): 0.4682055413722992
2023-12-06 16:50:19,275 | INFO | hi-lo.gumbel-kernel : BOTTOM-LEFT
tensor([[5.7186e-38, 0.0000e+00, 0.0000e+00],
        [2.1538e-05, 5.7189e-38, 0.0000e+00],
        [9.9996e-01, 2.1538e-05, 5.7186e-38]])
2023-12-06 16:50:19,276 | INFO | hi-lo.kernel-accessor : Fetching kernel: gumbel
2023-12-06 16:50:19,276 | INFO | hi-lo.gumbel-kernel : MU (LOCATION): 1 | BETA (SCALE): 1
2023-12-06 16:50:19,276 | INFO | hi-lo.gumbel-kernel : STATIC
tensor([[5.6765e-01, 1.6550e-01, 3.2357e-02],
        [1.6550e-01, 3.2357e-02, 2.1352e-03],
        [3.2357e-02, 2.1352e-03, 7.3562e-06]])
2023-12-06 16:50:19,276 | INFO | hi-lo.kernel-accessor : Fetching kernel: gumbel
2023-12-06 16:50:19,276 | INFO | hi-lo.gumbel-kernel : MU (LOCATION): -1.2445788383483887 | BETA (SCALE): 1.4651594161987305
2023-12-06 16:50:19,277 | INFO | hi-lo.gumbel-kernel : TOP-LEFT
tensor([[9.9524e-01, 2.3825e-03, 3.0255e-08],
        [2.3825e-03, 3.0255e-08, 1.2078e-17],
        [3.0255e-08, 1.2078e-17, 5.9330e-36]])
2023-12-06 16:50:19,277 | INFO | hi-lo.kernel-accessor : Fetching kernel: gumbel
2023-12-06 16:50:19,277 | INFO | hi-lo.gumbel-kernel : MU (LOCATION): 1 | BETA (SCALE): 1
2023-12-06 16:50:19,277 | INFO | hi-lo.gumbel-kernel : STATIC
tensor([[5.6765e-01, 1.6550e-01, 3.2357e-02],
        [1.6550e-01, 3.2357e-02, 2.1352e-03],
        [3.2357e-02, 2.1352e-03, 7.3562e-06]])
2023-12-06 16:50:43,324 | INFO | hi-lo : END EPOCH:   4 | ACCURACY: 0.44 | LOSS: 4.470419883728027
2023-12-06 16:50:43,324 | INFO | hi-lo : BEGIN EPOCH 5 =========================================================================
2023-12-06 16:50:43,325 | INFO | hi-lo.kernel-accessor : Fetching kernel: gumbel
2023-12-06 16:50:43,325 | INFO | hi-lo.gumbel-kernel : MU (LOCATION): -0.21043597161769867 | BETA (SCALE): 0.583621084690094
2023-12-06 16:50:43,326 | INFO | hi-lo.gumbel-kernel : BOTTOM-LEFT
tensor([[8.1361e-29, 0.0000e+00, 0.0000e+00],
        [1.5608e-05, 8.1359e-29, 0.0000e+00],
        [9.9997e-01, 1.5608e-05, 8.1361e-29]])
2023-12-06 16:50:43,326 | INFO | hi-lo.kernel-accessor : Fetching kernel: gumbel
2023-12-06 16:50:43,327 | INFO | hi-lo.gumbel-kernel : MU (LOCATION): -0.7088671922683716 | BETA (SCALE): 0.9838904738426208
2023-12-06 16:50:43,327 | INFO | hi-lo.gumbel-kernel : BOTTOM-LEFT
tensor([[8.7763e-14, 6.3504e-39, 0.0000e+00],
        [2.1059e-04, 8.7763e-14, 6.3504e-39],
        [9.9958e-01, 2.1059e-04, 8.7763e-14]])
2023-12-06 16:50:43,327 | INFO | hi-lo.kernel-accessor : Fetching kernel: gumbel
2023-12-06 16:50:43,328 | INFO | hi-lo.gumbel-kernel : MU (LOCATION): -1.9378015995025635 | BETA (SCALE): 2.1260366439819336
2023-12-06 16:50:43,328 | INFO | hi-lo.gumbel-kernel : BOTTOM-LEFT
tensor([[2.3981e-05, 1.0954e-09, 1.6419e-16],
        [1.4731e-02, 2.3981e-05, 1.0954e-09],
        [9.7047e-01, 1.4731e-02, 2.3981e-05]])
2023-12-06 16:50:43,328 | INFO | hi-lo.kernel-accessor : Fetching kernel: gumbel
2023-12-06 16:50:43,329 | INFO | hi-lo.gumbel-kernel : MU (LOCATION): -0.7745550870895386 | BETA (SCALE): 0.9767192602157593
2023-12-06 16:50:43,329 | INFO | hi-lo.gumbel-kernel : BOTTOM-LEFT
tensor([[6.2033e-16, 0.0000e+00, 0.0000e+00],
        [5.9064e-05, 6.2033e-16, 0.0000e+00],
        [9.9988e-01, 5.9064e-05, 6.2033e-16]])
2023-12-06 16:51:07,440 | INFO | hi-lo : END EPOCH:   5 | ACCURACY: 3.02 | LOSS: 4.512389183044434
2023-12-06 16:51:07,440 | INFO | hi-lo : BEGIN EPOCH 6 =========================================================================
2023-12-06 16:51:07,440 | INFO | hi-lo.kernel-accessor : Fetching kernel: gumbel
2023-12-06 16:51:07,441 | INFO | hi-lo.gumbel-kernel : MU (LOCATION): 1 | BETA (SCALE): 1
2023-12-06 16:51:07,441 | INFO | hi-lo.gumbel-kernel : STATIC
tensor([[5.6765e-01, 1.6550e-01, 3.2357e-02],
        [1.6550e-01, 3.2357e-02, 2.1352e-03],
        [3.2357e-02, 2.1352e-03, 7.3562e-06]])
2023-12-06 16:51:07,442 | INFO | hi-lo.kernel-accessor : Fetching kernel: gumbel
2023-12-06 16:51:07,442 | INFO | hi-lo.gumbel-kernel : MU (LOCATION): 1 | BETA (SCALE): 1
2023-12-06 16:51:07,442 | INFO | hi-lo.gumbel-kernel : STATIC
tensor([[5.6765e-01, 1.6550e-01, 3.2357e-02],
        [1.6550e-01, 3.2357e-02, 2.1352e-03],
        [3.2357e-02, 2.1352e-03, 7.3562e-06]])
2023-12-06 16:51:07,443 | INFO | hi-lo.kernel-accessor : Fetching kernel: gumbel
2023-12-06 16:51:07,443 | INFO | hi-lo.gumbel-kernel : MU (LOCATION): -1.6815788745880127 | BETA (SCALE): 2.0687942504882812
2023-12-06 16:51:07,444 | INFO | hi-lo.gumbel-kernel : BOTTOM-LEFT
tensor([[9.1587e-05, 1.3968e-08, 1.2210e-14],
        [2.4891e-02, 9.1587e-05, 1.3968e-08],
        [9.4994e-01, 2.4891e-02, 9.1587e-05]])
2023-12-06 16:51:07,444 | INFO | hi-lo.kernel-accessor : Fetching kernel: gumbel
2023-12-06 16:51:07,444 | INFO | hi-lo.gumbel-kernel : MU (LOCATION): -1.1991255283355713 | BETA (SCALE): 1.3563686609268188
2023-12-06 16:51:07,445 | INFO | hi-lo.gumbel-kernel : BOTTOM-LEFT
tensor([[6.0968e-10, 2.2038e-22, 0.0000e+00],
        [8.0279e-04, 6.0968e-10, 2.2038e-22],
        [9.9839e-01, 8.0279e-04, 6.0968e-10]])
2023-12-06 16:51:31,704 | INFO | hi-lo : END EPOCH:   6 | ACCURACY: 0.26 | LOSS: 4.48705530166626
2023-12-06 16:51:31,704 | INFO | hi-lo : BEGIN EPOCH 7 =========================================================================
2023-12-06 16:51:31,704 | INFO | hi-lo.kernel-accessor : Fetching kernel: gumbel
2023-12-06 16:51:31,705 | INFO | hi-lo.gumbel-kernel : MU (LOCATION): 1 | BETA (SCALE): 1
2023-12-06 16:51:31,705 | INFO | hi-lo.gumbel-kernel : STATIC
tensor([[5.6765e-01, 1.6550e-01, 3.2357e-02],
        [1.6550e-01, 3.2357e-02, 2.1352e-03],
        [3.2357e-02, 2.1352e-03, 7.3562e-06]])
2023-12-06 16:51:31,705 | INFO | hi-lo.kernel-accessor : Fetching kernel: gumbel
2023-12-06 16:51:31,705 | INFO | hi-lo.gumbel-kernel : MU (LOCATION): -0.7122066020965576 | BETA (SCALE): 0.9999597668647766
2023-12-06 16:51:31,706 | INFO | hi-lo.gumbel-kernel : TOP-LEFT
tensor([[9.9942e-01, 2.9115e-04, 3.9739e-13],
        [2.9115e-04, 3.9739e-13, 1.7671e-36],
        [3.9739e-13, 1.7671e-36, 0.0000e+00]])
2023-12-06 16:51:31,706 | INFO | hi-lo.kernel-accessor : Fetching kernel: gumbel
2023-12-06 16:51:31,706 | INFO | hi-lo.gumbel-kernel : MU (LOCATION): 1 | BETA (SCALE): 1
2023-12-06 16:51:31,706 | INFO | hi-lo.gumbel-kernel : STATIC
tensor([[5.6765e-01, 1.6550e-01, 3.2357e-02],
        [1.6550e-01, 3.2357e-02, 2.1352e-03],
        [3.2357e-02, 2.1352e-03, 7.3562e-06]])
2023-12-06 16:51:31,706 | INFO | hi-lo.kernel-accessor : Fetching kernel: gumbel
2023-12-06 16:51:31,707 | INFO | hi-lo.gumbel-kernel : MU (LOCATION): -0.879949152469635 | BETA (SCALE): 1.011791706085205
2023-12-06 16:51:31,707 | INFO | hi-lo.gumbel-kernel : TOP-LEFT
tensor([[9.9995e-01, 2.5098e-05, 5.8016e-17],
        [2.5098e-05, 5.8016e-17, 0.0000e+00],
        [5.8016e-17, 0.0000e+00, 0.0000e+00]])
2023-12-06 16:51:56,042 | INFO | hi-lo : END EPOCH:   7 | ACCURACY: 0.02 | LOSS: 4.247286796569824
2023-12-06 16:51:56,042 | INFO | hi-lo : BEGIN EPOCH 8 =========================================================================
2023-12-06 16:51:56,042 | INFO | hi-lo.kernel-accessor : Fetching kernel: gumbel
2023-12-06 16:51:56,043 | INFO | hi-lo.gumbel-kernel : MU (LOCATION): -0.039754852652549744 | BETA (SCALE): 0.5135822892189026
2023-12-06 16:51:56,043 | INFO | hi-lo.gumbel-kernel : BOTTOM-LEFT
tensor([[8.1743e-27, 0.0000e+00, 0.0000e+00],
        [1.2822e-04, 8.1743e-27, 0.0000e+00],
        [9.9974e-01, 1.2822e-04, 8.1743e-27]])
2023-12-06 16:51:56,044 | INFO | hi-lo.kernel-accessor : Fetching kernel: gumbel
2023-12-06 16:51:56,044 | INFO | hi-lo.gumbel-kernel : MU (LOCATION): -0.6549208760261536 | BETA (SCALE): 0.8866931796073914
2023-12-06 16:51:56,045 | INFO | hi-lo.gumbel-kernel : TOP-LEFT
tensor([[9.9993e-01, 3.4367e-05, 5.9061e-18],
        [3.4367e-05, 5.9061e-18, 0.0000e+00],
        [5.9061e-18, 0.0000e+00, 0.0000e+00]])
2023-12-06 16:51:56,045 | INFO | hi-lo.kernel-accessor : Fetching kernel: gumbel
2023-12-06 16:51:56,045 | INFO | hi-lo.gumbel-kernel : MU (LOCATION): -1.089198112487793 | BETA (SCALE): 1.3374139070510864
2023-12-06 16:51:56,046 | INFO | hi-lo.gumbel-kernel : TOP-LEFT
tensor([[9.9674e-01, 1.6277e-03, 4.8544e-09],
        [1.6277e-03, 4.8544e-09, 2.3804e-20],
        [4.8544e-09, 2.3804e-20, 0.0000e+00]])
2023-12-06 16:51:56,046 | INFO | hi-lo.kernel-accessor : Fetching kernel: gumbel
2023-12-06 16:51:56,046 | INFO | hi-lo.gumbel-kernel : MU (LOCATION): -0.8717719316482544 | BETA (SCALE): 1.1303815841674805
2023-12-06 16:51:56,047 | INFO | hi-lo.gumbel-kernel : TOP-LEFT
tensor([[9.9893e-01, 5.3370e-04, 2.2275e-11],
        [5.3370e-04, 2.2275e-11, 1.0471e-28],
        [2.2275e-11, 1.0471e-28, 0.0000e+00]])
2023-12-06 16:52:20,426 | INFO | hi-lo : END EPOCH:   8 | ACCURACY: 0.04 | LOSS: 4.573463439941406
2023-12-06 16:52:20,426 | INFO | hi-lo : BEGIN EPOCH 9 =========================================================================
2023-12-06 16:52:20,426 | INFO | hi-lo.kernel-accessor : Fetching kernel: gumbel
2023-12-06 16:52:20,427 | INFO | hi-lo.gumbel-kernel : MU (LOCATION): 0.021270889788866043 | BETA (SCALE): 0.4897892475128174
2023-12-06 16:52:20,428 | INFO | hi-lo.gumbel-kernel : TOP-LEFT
tensor([[9.9944e-01, 2.7791e-04, 9.8844e-26],
        [2.7791e-04, 9.8844e-26, 0.0000e+00],
        [9.8844e-26, 0.0000e+00, 0.0000e+00]])
2023-12-06 16:52:20,428 | INFO | hi-lo.kernel-accessor : Fetching kernel: gumbel
2023-12-06 16:52:20,428 | INFO | hi-lo.gumbel-kernel : MU (LOCATION): 1 | BETA (SCALE): 1
2023-12-06 16:52:20,429 | INFO | hi-lo.gumbel-kernel : STATIC
tensor([[5.6765e-01, 1.6550e-01, 3.2357e-02],
        [1.6550e-01, 3.2357e-02, 2.1352e-03],
        [3.2357e-02, 2.1352e-03, 7.3562e-06]])
2023-12-06 16:52:20,429 | INFO | hi-lo.kernel-accessor : Fetching kernel: gumbel
2023-12-06 16:52:20,429 | INFO | hi-lo.gumbel-kernel : MU (LOCATION): -1.5784817934036255 | BETA (SCALE): 1.8578920364379883
2023-12-06 16:52:20,430 | INFO | hi-lo.gumbel-kernel : TOP-LEFT
tensor([[9.7688e-01, 1.1545e-02, 8.4599e-06],
        [1.1545e-02, 8.4599e-06, 5.2933e-11],
        [8.4599e-06, 5.2933e-11, 9.4750e-20]])
2023-12-06 16:52:20,430 | INFO | hi-lo.kernel-accessor : Fetching kernel: gumbel
2023-12-06 16:52:20,430 | INFO | hi-lo.gumbel-kernel : MU (LOCATION): -0.8132420778274536 | BETA (SCALE): 0.923349916934967
2023-12-06 16:52:20,431 | INFO | hi-lo.gumbel-kernel : BOTTOM-LEFT
tensor([[3.4147e-21, 0.0000e+00, 0.0000e+00],
        [3.8979e-06, 3.4146e-21, 0.0000e+00],
        [9.9999e-01, 3.8979e-06, 3.4147e-21]])
2023-12-06 16:52:44,751 | INFO | hi-lo : END EPOCH:   9 | ACCURACY: 3.12 | LOSS: 4.62113618850708
2023-12-06 16:52:44,752 | INFO | hi-lo : BEGIN EPOCH 10 =========================================================================
2023-12-06 16:52:44,752 | INFO | hi-lo.kernel-accessor : Fetching kernel: gumbel
2023-12-06 16:52:44,752 | INFO | hi-lo.gumbel-kernel : MU (LOCATION): -0.10230161249637604 | BETA (SCALE): 0.5133445262908936
2023-12-06 16:52:44,753 | INFO | hi-lo.gumbel-kernel : BOTTOM-LEFT
tensor([[1.3191e-33, 0.0000e+00, 0.0000e+00],
        [1.8309e-05, 1.3191e-33, 0.0000e+00],
        [9.9996e-01, 1.8309e-05, 1.3191e-33]])
2023-12-06 16:52:44,753 | INFO | hi-lo.kernel-accessor : Fetching kernel: gumbel
2023-12-06 16:52:44,753 | INFO | hi-lo.gumbel-kernel : MU (LOCATION): -0.7670618891716003 | BETA (SCALE): 0.8847392201423645
2023-12-06 16:52:44,753 | INFO | hi-lo.gumbel-kernel : TOP-LEFT
tensor([[1.0000e+00, 2.2531e-06, 7.8566e-23],
        [2.2531e-06, 7.8566e-23, 0.0000e+00],
        [7.8566e-23, 0.0000e+00, 0.0000e+00]])
2023-12-06 16:52:44,753 | INFO | hi-lo.kernel-accessor : Fetching kernel: gumbel
2023-12-06 16:52:44,754 | INFO | hi-lo.gumbel-kernel : MU (LOCATION): -0.9153789281845093 | BETA (SCALE): 1.4751659631729126
2023-12-06 16:52:44,754 | INFO | hi-lo.gumbel-kernel : TOP-LEFT
tensor([[9.6572e-01, 1.7124e-02, 1.1739e-05],
        [1.7124e-02, 1.1739e-05, 1.3275e-11],
        [1.1739e-05, 1.3275e-11, 4.9584e-23]])
2023-12-06 16:52:44,754 | INFO | hi-lo.kernel-accessor : Fetching kernel: gumbel
2023-12-06 16:52:44,754 | INFO | hi-lo.gumbel-kernel : MU (LOCATION): 1 | BETA (SCALE): 1
2023-12-06 16:52:44,755 | INFO | hi-lo.gumbel-kernel : STATIC
tensor([[5.6765e-01, 1.6550e-01, 3.2357e-02],
        [1.6550e-01, 3.2357e-02, 2.1352e-03],
        [3.2357e-02, 2.1352e-03, 7.3562e-06]])
2023-12-06 16:53:09,217 | INFO | hi-lo : END EPOCH:  10 | ACCURACY: 0.04 | LOSS: 4.045862674713135
2023-12-06 16:53:09,217 | INFO | hi-lo : BEGIN EPOCH 11 =========================================================================
2023-12-06 16:53:09,217 | INFO | hi-lo.kernel-accessor : Fetching kernel: gumbel
2023-12-06 16:53:09,218 | INFO | hi-lo.gumbel-kernel : MU (LOCATION): -0.135591059923172 | BETA (SCALE): 0.4959016442298889
2023-12-06 16:53:09,219 | INFO | hi-lo.gumbel-kernel : TOP-LEFT
tensor([[1.0000e+00, 1.7284e-06, 4.0638e-44],
        [1.7284e-06, 4.0638e-44, 0.0000e+00],
        [4.0638e-44, 0.0000e+00, 0.0000e+00]])
2023-12-06 16:53:09,219 | INFO | hi-lo.kernel-accessor : Fetching kernel: gumbel
2023-12-06 16:53:09,219 | INFO | hi-lo.gumbel-kernel : MU (LOCATION): 1 | BETA (SCALE): 1
2023-12-06 16:53:09,220 | INFO | hi-lo.gumbel-kernel : STATIC
tensor([[5.6765e-01, 1.6550e-01, 3.2357e-02],
        [1.6550e-01, 3.2357e-02, 2.1352e-03],
        [3.2357e-02, 2.1352e-03, 7.3562e-06]])
2023-12-06 16:53:09,220 | INFO | hi-lo.kernel-accessor : Fetching kernel: gumbel
2023-12-06 16:53:09,220 | INFO | hi-lo.gumbel-kernel : MU (LOCATION): -1.050193190574646 | BETA (SCALE): 1.4459425210952759
2023-12-06 16:53:09,221 | INFO | hi-lo.gumbel-kernel : TOP-LEFT
tensor([[9.8606e-01, 6.9670e-03, 7.0378e-07],
        [6.9670e-03, 7.0378e-07, 1.4726e-14],
        [7.0378e-07, 1.4726e-14, 1.3572e-29]])
2023-12-06 16:53:09,221 | INFO | hi-lo.kernel-accessor : Fetching kernel: gumbel
2023-12-06 16:53:09,221 | INFO | hi-lo.gumbel-kernel : MU (LOCATION): 1 | BETA (SCALE): 1
2023-12-06 16:53:09,222 | INFO | hi-lo.gumbel-kernel : STATIC
tensor([[5.6765e-01, 1.6550e-01, 3.2357e-02],
        [1.6550e-01, 3.2357e-02, 2.1352e-03],
        [3.2357e-02, 2.1352e-03, 7.3562e-06]])
2023-12-06 16:53:33,622 | INFO | hi-lo : END EPOCH:  11 | ACCURACY: 0.17 | LOSS: 4.391903400421143
2023-12-06 16:53:33,622 | INFO | hi-lo : BEGIN EPOCH 12 =========================================================================
2023-12-06 16:53:33,622 | INFO | hi-lo.kernel-accessor : Fetching kernel: gumbel
2023-12-06 16:53:33,623 | INFO | hi-lo.gumbel-kernel : MU (LOCATION): -0.03500783443450928 | BETA (SCALE): 0.465839147567749
2023-12-06 16:53:33,623 | INFO | hi-lo.gumbel-kernel : TOP-LEFT
tensor([[9.9996e-01, 1.7940e-05, 4.8870e-39],
        [1.7940e-05, 4.8873e-39, 0.0000e+00],
        [4.8870e-39, 0.0000e+00, 0.0000e+00]])
2023-12-06 16:53:33,623 | INFO | hi-lo.kernel-accessor : Fetching kernel: gumbel
2023-12-06 16:53:33,624 | INFO | hi-lo.gumbel-kernel : MU (LOCATION): -0.6572016477584839 | BETA (SCALE): 0.8833537697792053
2023-12-06 16:53:33,624 | INFO | hi-lo.gumbel-kernel : TOP-LEFT
tensor([[9.9994e-01, 2.9240e-05, 2.7220e-18],
        [2.9240e-05, 2.7220e-18, 0.0000e+00],
        [2.7220e-18, 0.0000e+00, 0.0000e+00]])
2023-12-06 16:53:33,624 | INFO | hi-lo.kernel-accessor : Fetching kernel: gumbel
2023-12-06 16:53:33,624 | INFO | hi-lo.gumbel-kernel : MU (LOCATION): -0.978318452835083 | BETA (SCALE): 1.551788568496704
2023-12-06 16:53:33,624 | INFO | hi-lo.gumbel-kernel : TOP-LEFT
tensor([[9.5861e-01, 2.0659e-02, 2.4763e-05],
        [2.0659e-02, 2.4763e-05, 1.2088e-10],
        [2.4763e-05, 1.2088e-10, 1.6515e-20]])
2023-12-06 16:53:33,624 | INFO | hi-lo.kernel-accessor : Fetching kernel: gumbel
2023-12-06 16:53:33,625 | INFO | hi-lo.gumbel-kernel : MU (LOCATION): -1.3276606798171997 | BETA (SCALE): 1.2611231803894043
2023-12-06 16:53:33,625 | INFO | hi-lo.gumbel-kernel : TOP-LEFT
tensor([[9.9996e-01, 2.1925e-05, 2.8948e-15],
        [2.1925e-05, 2.8948e-15, 1.1118e-36],
        [2.8948e-15, 1.1118e-36, 0.0000e+00]])
2023-12-06 16:53:58,018 | INFO | hi-lo : END EPOCH:  12 | ACCURACY: 0.46 | LOSS: 4.080781936645508
2023-12-06 16:53:58,019 | INFO | hi-lo : BEGIN EPOCH 13 =========================================================================
2023-12-06 16:53:58,019 | INFO | hi-lo.kernel-accessor : Fetching kernel: gumbel
2023-12-06 16:53:58,020 | INFO | hi-lo.gumbel-kernel : MU (LOCATION): -0.16097977757453918 | BETA (SCALE): 0.5017781853675842
2023-12-06 16:53:58,020 | INFO | hi-lo.gumbel-kernel : BOTTOM-LEFT
tensor([[0.0000e+00, 0.0000e+00, 0.0000e+00],
        [8.0666e-07, 0.0000e+00, 0.0000e+00],
        [1.0000e+00, 8.0666e-07, 0.0000e+00]])
2023-12-06 16:53:58,020 | INFO | hi-lo.kernel-accessor : Fetching kernel: gumbel
2023-12-06 16:53:58,021 | INFO | hi-lo.gumbel-kernel : MU (LOCATION): -0.603926420211792 | BETA (SCALE): 0.918669581413269
2023-12-06 16:53:58,021 | INFO | hi-lo.gumbel-kernel : BOTTOM-LEFT
tensor([[2.5500e-14, 5.9555e-43, 0.0000e+00],
        [2.1936e-04, 2.5500e-14, 5.9555e-43],
        [9.9956e-01, 2.1936e-04, 2.5500e-14]])
2023-12-06 16:53:58,021 | INFO | hi-lo.kernel-accessor : Fetching kernel: gumbel
2023-12-06 16:53:58,022 | INFO | hi-lo.gumbel-kernel : MU (LOCATION): -1.5459998846054077 | BETA (SCALE): 1.9555751085281372
2023-12-06 16:53:58,022 | INFO | hi-lo.gumbel-kernel : BOTTOM-LEFT
tensor([[5.9848e-05, 4.3313e-09, 7.5938e-16],
        [2.2330e-02, 5.9848e-05, 4.3313e-09],
        [9.5516e-01, 2.2330e-02, 5.9848e-05]])
2023-12-06 16:53:58,022 | INFO | hi-lo.kernel-accessor : Fetching kernel: gumbel
2023-12-06 16:53:58,023 | INFO | hi-lo.gumbel-kernel : MU (LOCATION): 1 | BETA (SCALE): 1
2023-12-06 16:53:58,023 | INFO | hi-lo.gumbel-kernel : STATIC
tensor([[5.6765e-01, 1.6550e-01, 3.2357e-02],
        [1.6550e-01, 3.2357e-02, 2.1352e-03],
        [3.2357e-02, 2.1352e-03, 7.3562e-06]])
2023-12-06 16:54:22,482 | INFO | hi-lo : END EPOCH:  13 | ACCURACY: 0.52 | LOSS: 4.480286598205566
2023-12-06 16:54:22,483 | INFO | hi-lo : BEGIN EPOCH 14 =========================================================================
2023-12-06 16:54:22,483 | INFO | hi-lo.kernel-accessor : Fetching kernel: gumbel
2023-12-06 16:54:22,484 | INFO | hi-lo.gumbel-kernel : MU (LOCATION): 1 | BETA (SCALE): 1
2023-12-06 16:54:22,484 | INFO | hi-lo.gumbel-kernel : STATIC
tensor([[5.6765e-01, 1.6550e-01, 3.2357e-02],
        [1.6550e-01, 3.2357e-02, 2.1352e-03],
        [3.2357e-02, 2.1352e-03, 7.3562e-06]])
2023-12-06 16:54:22,484 | INFO | hi-lo.kernel-accessor : Fetching kernel: gumbel
2023-12-06 16:54:22,485 | INFO | hi-lo.gumbel-kernel : MU (LOCATION): -0.593827486038208 | BETA (SCALE): 0.8832945227622986
2023-12-06 16:54:22,485 | INFO | hi-lo.gumbel-kernel : BOTTOM-LEFT
tensor([[4.4408e-16, 0.0000e+00, 0.0000e+00],
        [1.0127e-04, 4.4408e-16, 0.0000e+00],
        [9.9980e-01, 1.0127e-04, 4.4408e-16]])
2023-12-06 16:54:22,485 | INFO | hi-lo.kernel-accessor : Fetching kernel: gumbel
2023-12-06 16:54:22,486 | INFO | hi-lo.gumbel-kernel : MU (LOCATION): -1.488196611404419 | BETA (SCALE): 1.8092989921569824
2023-12-06 16:54:22,486 | INFO | hi-lo.gumbel-kernel : BOTTOM-LEFT
tensor([[9.1779e-06, 5.0961e-11, 5.6313e-20],
        [1.2265e-02, 9.1779e-06, 5.0961e-11],
        [9.7544e-01, 1.2265e-02, 9.1779e-06]])
2023-12-06 16:54:22,487 | INFO | hi-lo.kernel-accessor : Fetching kernel: gumbel
2023-12-06 16:54:22,487 | INFO | hi-lo.gumbel-kernel : MU (LOCATION): 1 | BETA (SCALE): 1
2023-12-06 16:54:22,487 | INFO | hi-lo.gumbel-kernel : STATIC
tensor([[5.6765e-01, 1.6550e-01, 3.2357e-02],
        [1.6550e-01, 3.2357e-02, 2.1352e-03],
        [3.2357e-02, 2.1352e-03, 7.3562e-06]])
2023-12-06 16:54:46,829 | INFO | hi-lo : END EPOCH:  14 | ACCURACY: 0.52 | LOSS: 4.4881134033203125
2023-12-06 16:54:46,829 | INFO | hi-lo : BEGIN EPOCH 15 =========================================================================
2023-12-06 16:54:46,829 | INFO | hi-lo.kernel-accessor : Fetching kernel: gumbel
2023-12-06 16:54:46,830 | INFO | hi-lo.gumbel-kernel : MU (LOCATION): -0.07411884516477585 | BETA (SCALE): 0.48023879528045654
2023-12-06 16:54:46,830 | INFO | hi-lo.gumbel-kernel : TOP-LEFT
tensor([[9.9998e-01, 8.7645e-06, 5.2465e-40],
        [8.7645e-06, 5.2465e-40, 0.0000e+00],
        [5.2465e-40, 0.0000e+00, 0.0000e+00]])
2023-12-06 16:54:46,831 | INFO | hi-lo.kernel-accessor : Fetching kernel: gumbel
2023-12-06 16:54:46,831 | INFO | hi-lo.gumbel-kernel : MU (LOCATION): 1 | BETA (SCALE): 1
2023-12-06 16:54:46,832 | INFO | hi-lo.gumbel-kernel : STATIC
tensor([[5.6765e-01, 1.6550e-01, 3.2357e-02],
        [1.6550e-01, 3.2357e-02, 2.1352e-03],
        [3.2357e-02, 2.1352e-03, 7.3562e-06]])
2023-12-06 16:54:46,832 | INFO | hi-lo.kernel-accessor : Fetching kernel: gumbel
2023-12-06 16:54:46,832 | INFO | hi-lo.gumbel-kernel : MU (LOCATION): 1 | BETA (SCALE): 1
2023-12-06 16:54:46,833 | INFO | hi-lo.gumbel-kernel : STATIC
tensor([[5.6765e-01, 1.6550e-01, 3.2357e-02],
        [1.6550e-01, 3.2357e-02, 2.1352e-03],
        [3.2357e-02, 2.1352e-03, 7.3562e-06]])
2023-12-06 16:54:46,833 | INFO | hi-lo.kernel-accessor : Fetching kernel: gumbel
2023-12-06 16:54:46,833 | INFO | hi-lo.gumbel-kernel : MU (LOCATION): -1.4123164415359497 | BETA (SCALE): 1.3356943130493164
2023-12-06 16:54:46,834 | INFO | hi-lo.gumbel-kernel : BOTTOM-LEFT
tensor([[7.2655e-14, 4.0874e-32, 0.0000e+00],
        [4.6202e-05, 7.2655e-14, 4.0874e-32],
        [9.9991e-01, 4.6202e-05, 7.2655e-14]])
2023-12-06 16:55:11,007 | INFO | hi-lo : END EPOCH:  15 | ACCURACY: 1.56 | LOSS: 3.955307960510254
2023-12-06 16:55:11,007 | INFO | hi-lo : BEGIN EPOCH 16 =========================================================================
2023-12-06 16:55:11,007 | INFO | hi-lo.kernel-accessor : Fetching kernel: gumbel
2023-12-06 16:55:11,008 | INFO | hi-lo.gumbel-kernel : MU (LOCATION): -0.02044397033751011 | BETA (SCALE): 0.5118130445480347
2023-12-06 16:55:11,008 | INFO | hi-lo.gumbel-kernel : BOTTOM-LEFT
tensor([[2.2621e-25, 0.0000e+00, 0.0000e+00],
        [2.0072e-04, 2.2621e-25, 0.0000e+00],
        [9.9960e-01, 2.0072e-04, 2.2621e-25]])
2023-12-06 16:55:11,009 | INFO | hi-lo.kernel-accessor : Fetching kernel: gumbel
2023-12-06 16:55:11,009 | INFO | hi-lo.gumbel-kernel : MU (LOCATION): -0.635807454586029 | BETA (SCALE): 0.9263143539428711
2023-12-06 16:55:11,009 | INFO | hi-lo.gumbel-kernel : BOTTOM-LEFT
tensor([[8.4828e-15, 0.0000e+00, 0.0000e+00],
        [1.5865e-04, 8.4828e-15, 0.0000e+00],
        [9.9968e-01, 1.5865e-04, 8.4828e-15]])
2023-12-06 16:55:11,009 | INFO | hi-lo.kernel-accessor : Fetching kernel: gumbel
2023-12-06 16:55:11,010 | INFO | hi-lo.gumbel-kernel : MU (LOCATION): 1 | BETA (SCALE): 1
2023-12-06 16:55:11,010 | INFO | hi-lo.gumbel-kernel : STATIC
tensor([[5.6765e-01, 1.6550e-01, 3.2357e-02],
        [1.6550e-01, 3.2357e-02, 2.1352e-03],
        [3.2357e-02, 2.1352e-03, 7.3562e-06]])
2023-12-06 16:55:11,010 | INFO | hi-lo.kernel-accessor : Fetching kernel: gumbel
2023-12-06 16:55:11,011 | INFO | hi-lo.gumbel-kernel : MU (LOCATION): -0.8516808748245239 | BETA (SCALE): 1.0754261016845703
2023-12-06 16:55:11,011 | INFO | hi-lo.gumbel-kernel : BOTTOM-LEFT
tensor([[5.1924e-13, 2.8635e-34, 0.0000e+00],
        [2.2315e-04, 5.1923e-13, 2.8635e-34],
        [9.9955e-01, 2.2315e-04, 5.1924e-13]])
2023-12-06 16:55:35,128 | INFO | hi-lo : END EPOCH:  16 | ACCURACY: 2.34 | LOSS: 4.205121994018555
2023-12-06 16:55:35,129 | INFO | hi-lo : BEGIN EPOCH 17 =========================================================================
2023-12-06 16:55:35,129 | INFO | hi-lo.kernel-accessor : Fetching kernel: gumbel
2023-12-06 16:55:35,130 | INFO | hi-lo.gumbel-kernel : MU (LOCATION): -0.17147991061210632 | BETA (SCALE): 0.4888424873352051
2023-12-06 16:55:35,130 | INFO | hi-lo.gumbel-kernel : TOP-LEFT
tensor([[1.0000e+00, 1.6325e-07, 0.0000e+00],
        [1.6325e-07, 0.0000e+00, 0.0000e+00],
        [0.0000e+00, 0.0000e+00, 0.0000e+00]])
2023-12-06 16:55:35,130 | INFO | hi-lo.kernel-accessor : Fetching kernel: gumbel
2023-12-06 16:55:35,131 | INFO | hi-lo.gumbel-kernel : MU (LOCATION): -0.6127224564552307 | BETA (SCALE): 1.0187243223190308
2023-12-06 16:55:35,131 | INFO | hi-lo.gumbel-kernel : TOP-LEFT
tensor([[9.9711e-01, 1.4427e-03, 1.9607e-10],
        [1.4427e-03, 1.9607e-10, 4.7641e-28],
        [1.9607e-10, 4.7641e-28, 0.0000e+00]])
2023-12-06 16:55:35,131 | INFO | hi-lo.kernel-accessor : Fetching kernel: gumbel
2023-12-06 16:55:35,132 | INFO | hi-lo.gumbel-kernel : MU (LOCATION): -1.8746607303619385 | BETA (SCALE): 2.2793376445770264
2023-12-06 16:55:35,132 | INFO | hi-lo.gumbel-kernel : TOP-LEFT
tensor([[9.3003e-01, 3.4585e-02, 2.6722e-04],
        [3.4585e-02, 2.6722e-04, 1.8057e-07],
        [2.6722e-04, 1.8057e-07, 2.7890e-12]])
2023-12-06 16:55:35,132 | INFO | hi-lo.kernel-accessor : Fetching kernel: gumbel
2023-12-06 16:55:35,133 | INFO | hi-lo.gumbel-kernel : MU (LOCATION): -1.3809534311294556 | BETA (SCALE): 1.7513997554779053
2023-12-06 16:55:35,133 | INFO | hi-lo.gumbel-kernel : BOTTOM-LEFT
tensor([[1.0208e-05, 4.8994e-11, 2.9303e-20],
        [1.3237e-02, 1.0208e-05, 4.8994e-11],
        [9.7350e-01, 1.3237e-02, 1.0208e-05]])
2023-12-06 16:55:59,396 | INFO | hi-lo : END EPOCH:  17 | ACCURACY: 3.12 | LOSS: 4.230184555053711
2023-12-06 16:55:59,397 | INFO | hi-lo : BEGIN EPOCH 18 =========================================================================
2023-12-06 16:55:59,397 | INFO | hi-lo.kernel-accessor : Fetching kernel: gumbel
2023-12-06 16:55:59,397 | INFO | hi-lo.gumbel-kernel : MU (LOCATION): 1 | BETA (SCALE): 1
2023-12-06 16:55:59,398 | INFO | hi-lo.gumbel-kernel : STATIC
tensor([[5.6765e-01, 1.6550e-01, 3.2357e-02],
        [1.6550e-01, 3.2357e-02, 2.1352e-03],
        [3.2357e-02, 2.1352e-03, 7.3562e-06]])
2023-12-06 16:55:59,398 | INFO | hi-lo.kernel-accessor : Fetching kernel: gumbel
2023-12-06 16:55:59,399 | INFO | hi-lo.gumbel-kernel : MU (LOCATION): -0.5731626749038696 | BETA (SCALE): 0.8967740535736084
2023-12-06 16:55:59,399 | INFO | hi-lo.gumbel-kernel : BOTTOM-LEFT
tensor([[1.2191e-14, 0.0000e+00, 0.0000e+00],
        [2.0850e-04, 1.2191e-14, 0.0000e+00],
        [9.9958e-01, 2.0850e-04, 1.2191e-14]])
2023-12-06 16:55:59,399 | INFO | hi-lo.kernel-accessor : Fetching kernel: gumbel
2023-12-06 16:55:59,400 | INFO | hi-lo.gumbel-kernel : MU (LOCATION): 1 | BETA (SCALE): 1
2023-12-06 16:55:59,400 | INFO | hi-lo.gumbel-kernel : STATIC
tensor([[5.6765e-01, 1.6550e-01, 3.2357e-02],
        [1.6550e-01, 3.2357e-02, 2.1352e-03],
        [3.2357e-02, 2.1352e-03, 7.3562e-06]])
2023-12-06 16:55:59,400 | INFO | hi-lo.kernel-accessor : Fetching kernel: gumbel
2023-12-06 16:55:59,401 | INFO | hi-lo.gumbel-kernel : MU (LOCATION): -1.302961826324463 | BETA (SCALE): 1.3493672609329224
2023-12-06 16:55:59,401 | INFO | hi-lo.gumbel-kernel : TOP-LEFT
tensor([[9.9951e-01, 2.4433e-04, 1.4557e-11],
        [2.4433e-04, 1.4557e-11, 2.2758e-26],
        [1.4557e-11, 2.2758e-26, 0.0000e+00]])
2023-12-06 16:56:23,627 | INFO | hi-lo : END EPOCH:  18 | ACCURACY: 0.76 | LOSS: 4.394819259643555
2023-12-06 16:56:23,627 | INFO | hi-lo : BEGIN EPOCH 19 =========================================================================
2023-12-06 16:56:23,627 | INFO | hi-lo.kernel-accessor : Fetching kernel: gumbel
2023-12-06 16:56:23,628 | INFO | hi-lo.gumbel-kernel : MU (LOCATION): -0.2278641164302826 | BETA (SCALE): 0.5099686980247498
2023-12-06 16:56:23,628 | INFO | hi-lo.gumbel-kernel : TOP-LEFT
tensor([[1.0000e+00, 4.6518e-08, 0.0000e+00],
        [4.6518e-08, 0.0000e+00, 0.0000e+00],
        [0.0000e+00, 0.0000e+00, 0.0000e+00]])
2023-12-06 16:56:23,628 | INFO | hi-lo.kernel-accessor : Fetching kernel: gumbel
2023-12-06 16:56:23,629 | INFO | hi-lo.gumbel-kernel : MU (LOCATION): -0.5179839134216309 | BETA (SCALE): 0.9753180146217346
2023-12-06 16:56:23,629 | INFO | hi-lo.gumbel-kernel : TOP-LEFT
tensor([[9.9595e-01, 2.0267e-03, 3.9749e-10],
        [2.0267e-03, 3.9749e-10, 4.9590e-28],
        [3.9749e-10, 4.9590e-28, 0.0000e+00]])
2023-12-06 16:56:23,630 | INFO | hi-lo.kernel-accessor : Fetching kernel: gumbel
2023-12-06 16:56:23,630 | INFO | hi-lo.gumbel-kernel : MU (LOCATION): -1.934335708618164 | BETA (SCALE): 2.2898128032684326
2023-12-06 16:56:23,630 | INFO | hi-lo.gumbel-kernel : BOTTOM-LEFT
tensor([[2.0436e-04, 1.0843e-07, 1.1754e-12],
        [3.1176e-02, 2.0436e-04, 1.0843e-07],
        [9.3704e-01, 3.1176e-02, 2.0436e-04]])
2023-12-06 16:56:23,631 | INFO | hi-lo.kernel-accessor : Fetching kernel: gumbel
2023-12-06 16:56:23,631 | INFO | hi-lo.gumbel-kernel : MU (LOCATION): -0.8571678996086121 | BETA (SCALE): 1.1285271644592285
2023-12-06 16:56:23,632 | INFO | hi-lo.gumbel-kernel : TOP-LEFT
tensor([[9.9878e-01, 6.1129e-04, 3.4727e-11],
        [6.1129e-04, 3.4727e-11, 3.2650e-28],
        [3.4727e-11, 3.2650e-28, 0.0000e+00]])
2023-12-06 16:56:47,778 | INFO | hi-lo : END EPOCH:  19 | ACCURACY: 0.47 | LOSS: 4.387214660644531
2023-12-06 16:56:47,779 | INFO | hi-lo : BEGIN EPOCH 20 =========================================================================
2023-12-06 16:56:47,779 | INFO | hi-lo.kernel-accessor : Fetching kernel: gumbel
2023-12-06 16:56:47,779 | INFO | hi-lo.gumbel-kernel : MU (LOCATION): -0.11375676095485687 | BETA (SCALE): 0.5236752033233643
2023-12-06 16:56:47,780 | INFO | hi-lo.gumbel-kernel : TOP-LEFT
tensor([[9.9996e-01, 2.0631e-05, 2.8526e-32],
        [2.0631e-05, 2.8526e-32, 0.0000e+00],
        [2.8526e-32, 0.0000e+00, 0.0000e+00]])
2023-12-06 16:56:47,780 | INFO | hi-lo.kernel-accessor : Fetching kernel: gumbel
2023-12-06 16:56:47,781 | INFO | hi-lo.gumbel-kernel : MU (LOCATION): -0.5975532531738281 | BETA (SCALE): 0.9259404540061951
2023-12-06 16:56:47,781 | INFO | hi-lo.gumbel-kernel : BOTTOM-LEFT
tensor([[8.9329e-14, 7.2565e-41, 0.0000e+00],
        [2.8877e-04, 8.9329e-14, 7.2565e-41],
        [9.9942e-01, 2.8877e-04, 8.9329e-14]])
2023-12-06 16:56:47,781 | INFO | hi-lo.kernel-accessor : Fetching kernel: gumbel
2023-12-06 16:56:47,782 | INFO | hi-lo.gumbel-kernel : MU (LOCATION): -1.5121524333953857 | BETA (SCALE): 2.136434555053711
2023-12-06 16:56:47,782 | INFO | hi-lo.gumbel-kernel : TOP-LEFT
tensor([[9.0160e-01, 4.8303e-02, 5.9647e-04],
        [4.8303e-02, 5.9647e-04, 7.0697e-07],
        [5.9647e-04, 7.0697e-07, 1.9856e-11]])
2023-12-06 16:56:47,783 | INFO | hi-lo.kernel-accessor : Fetching kernel: gumbel
2023-12-06 16:56:47,783 | INFO | hi-lo.gumbel-kernel : MU (LOCATION): -1.3441758155822754 | BETA (SCALE): 1.3607842922210693
2023-12-06 16:56:47,784 | INFO | hi-lo.gumbel-kernel : BOTTOM-LEFT
tensor([[7.5242e-12, 6.0296e-27, 0.0000e+00],
        [1.9151e-04, 7.5242e-12, 6.0296e-27],
        [9.9962e-01, 1.9151e-04, 7.5242e-12]])
2023-12-06 16:57:11,988 | INFO | hi-lo : END EPOCH:  20 | ACCURACY: 3.12 | LOSS: 4.383345603942871
2023-12-06 16:57:11,988 | INFO | hi-lo : BEGIN EPOCH 21 =========================================================================
2023-12-06 16:57:11,989 | INFO | hi-lo.kernel-accessor : Fetching kernel: gumbel
2023-12-06 16:57:11,989 | INFO | hi-lo.gumbel-kernel : MU (LOCATION): -0.08911003917455673 | BETA (SCALE): 0.47539299726486206
2023-12-06 16:57:11,990 | INFO | hi-lo.gumbel-kernel : BOTTOM-LEFT
tensor([[2.5223e-44, 0.0000e+00, 0.0000e+00],
        [3.4712e-06, 2.5223e-44, 0.0000e+00],
        [9.9999e-01, 3.4712e-06, 2.5223e-44]])
2023-12-06 16:57:11,990 | INFO | hi-lo.kernel-accessor : Fetching kernel: gumbel
2023-12-06 16:57:11,991 | INFO | hi-lo.gumbel-kernel : MU (LOCATION): -0.6083374619483948 | BETA (SCALE): 0.8951340913772583
2023-12-06 16:57:11,991 | INFO | hi-lo.gumbel-kernel : BOTTOM-LEFT
tensor([[8.4860e-16, 0.0000e+00, 0.0000e+00],
        [1.0922e-04, 8.4860e-16, 0.0000e+00],
        [9.9978e-01, 1.0922e-04, 8.4860e-16]])
2023-12-06 16:57:11,992 | INFO | hi-lo.kernel-accessor : Fetching kernel: gumbel
2023-12-06 16:57:11,992 | INFO | hi-lo.gumbel-kernel : MU (LOCATION): -1.6386427879333496 | BETA (SCALE): 1.894331455230713
2023-12-06 16:57:11,993 | INFO | hi-lo.gumbel-kernel : TOP-LEFT
tensor([[9.7716e-01, 1.1408e-02, 8.7083e-06],
        [1.1408e-02, 8.7083e-06, 6.5233e-11],
