2024-03-04 13:29:33,854 | INFO | hilo : 
+==============================================================+
|                                                              |
| ██████╗  █████╗ ██████╗ ██╗         ██╗      █████╗ ██████╗  |
| ██╔══██╗██╔══██╗██╔══██╗██║         ██║     ██╔══██╗██╔══██╗ |
| ██║  ██║███████║██║  ██║██║         ██║     ███████║██████╔╝ |
| ██║  ██║██╔══██║██║  ██║██║         ██║     ██╔══██║██╔══██╗ |
| ██████╔╝██║  ██║██████╔╝███████╗    ███████╗██║  ██║██████╔╝ |
| ╚═════╝ ╚═╝  ╚═╝╚═════╝ ╚══════╝    ╚══════╝╚═╝  ╚═╝╚═════╝  |
+==============================================================+
|             Hi-Lo Resolution Image Classification            |
|             -------------------------------------            |
|                       Gabriel C. Trahan                      |
|                          Sahan Ahmad                         |
|                       MD  Aminual Islam                      |
+==============================================================+
2024-03-04 13:29:35,431 | INFO | hilo.dataset-accessor : Fetching dataset: cifar10
2024-03-04 13:29:35,431 | INFO | hilo.cifar10-dataset : Initializing transform
2024-03-04 13:29:35,431 | INFO | hilo.cifar10-dataset : Verifying/downloading train data
2024-03-04 13:29:36,027 | INFO | hilo.cifar10-dataset : Verifying/downloading test data
2024-03-04 13:29:36,507 | INFO | hilo.cifar10-dataset : Creating train data loader.
2024-03-04 13:29:36,507 | INFO | hilo.cifar10-dataset : Creating test data loader.
2024-03-04 13:29:36,617 | INFO | hilo : Output directory: output/resnet/cifar10/gumbel/4/20240304_132935/
2024-03-04 13:29:37,613 | INFO | hilo : Using device: NVIDIA GeForce GTX 1060 6GB
2024-03-04 13:29:37,614 | INFO | hilo : Exeucting job: MODEL resnet | DATASET cifar10 | KERNEL gumbel | TYPE 4
2024-03-04 13:29:37,614 | INFO | hilo : Commencing training phase...
2024-03-04 13:29:37,614 | INFO | hilo.kernel-accessor : Fetching kernel: gumbel
2024-03-04 13:29:37,614 | INFO | hilo.gumbel-kernel : Calculating Gumbel distribution (location: 0.0, scale 1.0)
2024-03-04 13:29:37,615 | INFO | hilo.gumbel-kernel : TOP-RIGHT:
tensor([[2.0072e-04, 5.8259e-02, 8.8288e-01],
        [2.2609e-10, 2.0072e-04, 5.8259e-02],
        [8.5377e-26, 2.2609e-10, 2.0072e-04]])
2024-03-04 13:29:37,615 | INFO | hilo.kernel-accessor : Fetching kernel: gumbel
2024-03-04 13:29:37,615 | INFO | hilo.gumbel-kernel : Calculating Gumbel distribution (location: 0.0, scale 1.0)
2024-03-04 13:29:37,616 | INFO | hilo.gumbel-kernel : TOP-RIGHT:
tensor([[2.0072e-04, 5.8259e-02, 8.8288e-01],
        [2.2609e-10, 2.0072e-04, 5.8259e-02],
        [8.5377e-26, 2.2609e-10, 2.0072e-04]])
2024-03-04 13:29:37,616 | INFO | hilo.kernel-accessor : Fetching kernel: gumbel
2024-03-04 13:29:37,616 | INFO | hilo.gumbel-kernel : Calculating Gumbel distribution (location: 0.0, scale 1.0)
2024-03-04 13:29:37,616 | INFO | hilo.gumbel-kernel : TOP-RIGHT:
tensor([[2.0072e-04, 5.8259e-02, 8.8288e-01],
        [2.2609e-10, 2.0072e-04, 5.8259e-02],
        [8.5377e-26, 2.2609e-10, 2.0072e-04]])
2024-03-04 13:29:37,616 | INFO | hilo.kernel-accessor : Fetching kernel: gumbel
2024-03-04 13:29:37,616 | INFO | hilo.gumbel-kernel : Calculating Gumbel distribution (location: 0.0, scale 1.0)
2024-03-04 13:29:37,617 | INFO | hilo.gumbel-kernel : TOP-RIGHT:
tensor([[2.0072e-04, 5.8259e-02, 8.8288e-01],
        [2.2609e-10, 2.0072e-04, 5.8259e-02],
        [8.5377e-26, 2.2609e-10, 2.0072e-04]])
2024-03-04 13:29:37,617 | INFO | hilo.kernel-accessor : Fetching kernel: gumbel
2024-03-04 13:29:37,617 | INFO | hilo.gumbel-kernel : Calculating Gumbel distribution (location: 0.0, scale 1.0)
2024-03-04 13:29:37,617 | INFO | hilo.gumbel-kernel : BOTTOM-RIGHT:
tensor([[8.5377e-26, 2.2609e-10, 2.0072e-04],
        [2.2609e-10, 2.0072e-04, 5.8259e-02],
        [2.0072e-04, 5.8259e-02, 8.8288e-01]])
2024-03-04 13:29:37,617 | INFO | hilo.kernel-accessor : Fetching kernel: gumbel
2024-03-04 13:29:37,618 | INFO | hilo.gumbel-kernel : Calculating Gumbel distribution (location: 0.0, scale 1.0)
2024-03-04 13:29:37,618 | INFO | hilo.gumbel-kernel : TOP-RIGHT:
tensor([[2.0072e-04, 5.8259e-02, 8.8288e-01],
        [2.2609e-10, 2.0072e-04, 5.8259e-02],
        [8.5377e-26, 2.2609e-10, 2.0072e-04]])
2024-03-04 13:29:37,618 | INFO | hilo.kernel-accessor : Fetching kernel: gumbel
2024-03-04 13:29:37,618 | INFO | hilo.gumbel-kernel : Calculating Gumbel distribution (location: 0.0, scale 1.0)
2024-03-04 13:29:37,618 | INFO | hilo.gumbel-kernel : TOP-RIGHT:
tensor([[2.0072e-04, 5.8259e-02, 8.8288e-01],
        [2.2609e-10, 2.0072e-04, 5.8259e-02],
        [8.5377e-26, 2.2609e-10, 2.0072e-04]])
2024-03-04 13:29:37,618 | INFO | hilo.kernel-accessor : Fetching kernel: gumbel
2024-03-04 13:29:37,619 | INFO | hilo.gumbel-kernel : Calculating Gumbel distribution (location: 0.0, scale 1.0)
2024-03-04 13:29:37,619 | INFO | hilo.gumbel-kernel : TOP-RIGHT:
tensor([[2.0072e-04, 5.8259e-02, 8.8288e-01],
        [2.2609e-10, 2.0072e-04, 5.8259e-02],
        [8.5377e-26, 2.2609e-10, 2.0072e-04]])
2024-03-04 13:29:37,619 | INFO | hilo.kernel-accessor : Fetching kernel: gumbel
2024-03-04 13:29:37,619 | INFO | hilo.gumbel-kernel : Calculating Gumbel distribution (location: 0.0, scale 1.0)
2024-03-04 13:29:37,619 | INFO | hilo.gumbel-kernel : BOTTOM-RIGHT:
tensor([[8.5377e-26, 2.2609e-10, 2.0072e-04],
        [2.2609e-10, 2.0072e-04, 5.8259e-02],
        [2.0072e-04, 5.8259e-02, 8.8288e-01]])
2024-03-04 13:29:37,620 | INFO | hilo.kernel-accessor : Fetching kernel: gumbel
2024-03-04 13:29:37,620 | INFO | hilo.gumbel-kernel : Calculating Gumbel distribution (location: 0.0, scale 1.0)
2024-03-04 13:29:37,620 | INFO | hilo.gumbel-kernel : BOTTOM-RIGHT:
tensor([[8.5377e-26, 2.2609e-10, 2.0072e-04],
        [2.2609e-10, 2.0072e-04, 5.8259e-02],
        [2.0072e-04, 5.8259e-02, 8.8288e-01]])
2024-03-04 13:29:37,620 | INFO | hilo.kernel-accessor : Fetching kernel: gumbel
2024-03-04 13:29:37,620 | INFO | hilo.gumbel-kernel : Calculating Gumbel distribution (location: 0.0, scale 1.0)
2024-03-04 13:29:37,621 | INFO | hilo.gumbel-kernel : TOP-RIGHT:
tensor([[2.0072e-04, 5.8259e-02, 8.8288e-01],
        [2.2609e-10, 2.0072e-04, 5.8259e-02],
        [8.5377e-26, 2.2609e-10, 2.0072e-04]])
2024-03-04 13:29:37,621 | INFO | hilo.kernel-accessor : Fetching kernel: gumbel
2024-03-04 13:29:37,621 | INFO | hilo.gumbel-kernel : Calculating Gumbel distribution (location: 0.0, scale 1.0)
2024-03-04 13:29:37,621 | INFO | hilo.gumbel-kernel : TOP-RIGHT:
tensor([[2.0072e-04, 5.8259e-02, 8.8288e-01],
        [2.2609e-10, 2.0072e-04, 5.8259e-02],
        [8.5377e-26, 2.2609e-10, 2.0072e-04]])
2024-03-04 13:29:37,621 | INFO | hilo.kernel-accessor : Fetching kernel: gumbel
2024-03-04 13:29:37,621 | INFO | hilo.gumbel-kernel : Calculating Gumbel distribution (location: 0.0, scale 1.0)
2024-03-04 13:29:37,622 | INFO | hilo.gumbel-kernel : BOTTOM-RIGHT:
tensor([[8.5377e-26, 2.2609e-10, 2.0072e-04],
        [2.2609e-10, 2.0072e-04, 5.8259e-02],
        [2.0072e-04, 5.8259e-02, 8.8288e-01]])
2024-03-04 13:29:37,622 | INFO | hilo.kernel-accessor : Fetching kernel: gumbel
2024-03-04 13:29:37,622 | INFO | hilo.gumbel-kernel : Calculating Gumbel distribution (location: 0.0, scale 1.0)
2024-03-04 13:29:37,622 | INFO | hilo.gumbel-kernel : BOTTOM-RIGHT:
tensor([[8.5377e-26, 2.2609e-10, 2.0072e-04],
        [2.2609e-10, 2.0072e-04, 5.8259e-02],
        [2.0072e-04, 5.8259e-02, 8.8288e-01]])
2024-03-04 13:29:37,622 | INFO | hilo.kernel-accessor : Fetching kernel: gumbel
2024-03-04 13:29:37,622 | INFO | hilo.gumbel-kernel : Calculating Gumbel distribution (location: 0.0, scale 1.0)
2024-03-04 13:29:37,623 | INFO | hilo.gumbel-kernel : TOP-RIGHT:
tensor([[2.0072e-04, 5.8259e-02, 8.8288e-01],
        [2.2609e-10, 2.0072e-04, 5.8259e-02],
        [8.5377e-26, 2.2609e-10, 2.0072e-04]])
2024-03-04 13:29:37,623 | INFO | hilo.kernel-accessor : Fetching kernel: gumbel
2024-03-04 13:29:37,623 | INFO | hilo.gumbel-kernel : Calculating Gumbel distribution (location: 0.0, scale 1.0)
2024-03-04 13:29:37,623 | INFO | hilo.gumbel-kernel : BOTTOM-RIGHT:
tensor([[8.5377e-26, 2.2609e-10, 2.0072e-04],
        [2.2609e-10, 2.0072e-04, 5.8259e-02],
        [2.0072e-04, 5.8259e-02, 8.8288e-01]])
2024-03-04 13:29:37,623 | INFO | hilo.kernel-accessor : Fetching kernel: gumbel
2024-03-04 13:29:37,624 | INFO | hilo.gumbel-kernel : Calculating Gumbel distribution (location: 0.0, scale 1.0)
2024-03-04 13:29:37,624 | INFO | hilo.gumbel-kernel : BOTTOM-RIGHT:
tensor([[8.5377e-26, 2.2609e-10, 2.0072e-04],
        [2.2609e-10, 2.0072e-04, 5.8259e-02],
        [2.0072e-04, 5.8259e-02, 8.8288e-01]])
2024-03-04 13:30:59,231 | INFO | hilo : Epoch   1/200 | Accuracy:  45.3776 | Loss:   1.3078
2024-03-04 13:30:59,231 | INFO | hilo.kernel-accessor : Fetching kernel: gumbel
2024-03-04 13:30:59,232 | INFO | hilo.gumbel-kernel : Calculating Gumbel distribution (location: -0.004494612570852041, scale 0.6148817539215088)
2024-03-04 13:30:59,233 | INFO | hilo.gumbel-kernel : TOP-RIGHT:
tensor([[4.2617e-13, 3.0953e-03, 9.9381e-01],
        [0.0000e+00, 4.2617e-13, 3.0953e-03],
        [0.0000e+00, 0.0000e+00, 4.2617e-13]])
2024-03-04 13:30:59,233 | INFO | hilo.kernel-accessor : Fetching kernel: gumbel
2024-03-04 13:30:59,233 | INFO | hilo.gumbel-kernel : Calculating Gumbel distribution (location: -0.42124849557876587, scale 1.8651676177978516)
2024-03-04 13:30:59,234 | INFO | hilo.gumbel-kernel : BOTTOM-RIGHT:
tensor([[5.8695e-07, 2.6244e-04, 1.1646e-02],
        [2.6244e-04, 1.1646e-02, 1.3378e-01],
        [1.1646e-02, 1.3378e-01, 6.9699e-01]])
2024-03-04 13:30:59,234 | INFO | hilo.kernel-accessor : Fetching kernel: gumbel
2024-03-04 13:30:59,234 | INFO | hilo.gumbel-kernel : Calculating Gumbel distribution (location: -0.30007532238960266, scale 1.5806975364685059)
2024-03-04 13:30:59,235 | INFO | hilo.gumbel-kernel : BOTTOM-RIGHT:
tensor([[2.7779e-09, 2.8621e-05, 5.2137e-03],
        [2.8621e-05, 5.2137e-03, 1.1135e-01],
        [5.2137e-03, 1.1135e-01, 7.6161e-01]])
2024-03-04 13:30:59,235 | INFO | hilo.kernel-accessor : Fetching kernel: gumbel
2024-03-04 13:30:59,235 | INFO | hilo.gumbel-kernel : Calculating Gumbel distribution (location: -0.21672552824020386, scale 1.4124410152435303)
2024-03-04 13:30:59,236 | INFO | hilo.gumbel-kernel : BOTTOM-RIGHT:
tensor([[1.7371e-11, 4.2891e-06, 2.7855e-03],
        [4.2891e-06, 2.7855e-03, 9.6930e-02],
        [2.7855e-03, 9.6930e-02, 7.9777e-01]])
2024-03-04 13:30:59,236 | INFO | hilo.kernel-accessor : Fetching kernel: gumbel
2024-03-04 13:30:59,236 | INFO | hilo.gumbel-kernel : Calculating Gumbel distribution (location: -0.27250951528549194, scale 1.371392846107483)
2024-03-04 13:30:59,236 | INFO | hilo.gumbel-kernel : TOP-RIGHT:
tensor([[1.4303e-03, 8.1344e-02, 8.3302e-01],
        [7.1910e-07, 1.4303e-03, 8.1344e-02],
        [2.2768e-13, 7.1910e-07, 1.4303e-03]])
2024-03-04 13:30:59,237 | INFO | hilo.kernel-accessor : Fetching kernel: gumbel
2024-03-04 13:30:59,237 | INFO | hilo.gumbel-kernel : Calculating Gumbel distribution (location: -0.22973784804344177, scale 1.1332210302352905)
2024-03-04 13:30:59,237 | INFO | hilo.gumbel-kernel : TOP-RIGHT:
tensor([[1.0938e-04, 4.4951e-02, 9.0977e-01],
        [1.8401e-10, 1.0938e-04, 4.4951e-02],
        [7.1295e-24, 1.8401e-10, 1.0938e-04]])
2024-03-04 13:30:59,237 | INFO | hilo.kernel-accessor : Fetching kernel: gumbel
2024-03-04 13:30:59,238 | INFO | hilo.gumbel-kernel : Calculating Gumbel distribution (location: -0.16427919268608093, scale 1.349486231803894)
2024-03-04 13:30:59,238 | INFO | hilo.gumbel-kernel : TOP-RIGHT:
tensor([[2.3817e-03, 9.4424e-02, 8.0400e-01],
        [2.3830e-06, 2.3817e-03, 9.4424e-02],
        [2.7339e-12, 2.3830e-06, 2.3817e-03]])
2024-03-04 13:30:59,238 | INFO | hilo.kernel-accessor : Fetching kernel: gumbel
2024-03-04 13:30:59,239 | INFO | hilo.gumbel-kernel : Calculating Gumbel distribution (location: -0.15774157643318176, scale 1.260187029838562)
2024-03-04 13:30:59,239 | INFO | hilo.gumbel-kernel : BOTTOM-RIGHT:
tensor([[5.8376e-15, 2.6036e-07, 1.1580e-03],
        [2.6036e-07, 1.1580e-03, 7.9863e-02],
        [1.1580e-03, 7.9863e-02, 8.3680e-01]])
2024-03-04 13:30:59,239 | INFO | hilo.kernel-accessor : Fetching kernel: gumbel
2024-03-04 13:30:59,239 | INFO | hilo.gumbel-kernel : Calculating Gumbel distribution (location: -0.3358229398727417, scale 1.3196390867233276)
2024-03-04 13:30:59,240 | INFO | hilo.gumbel-kernel : BOTTOM-RIGHT:
tensor([[2.3848e-16, 4.5724e-08, 5.2135e-04],
        [4.5724e-08, 5.2135e-04, 6.2160e-02],
        [5.2135e-04, 6.2160e-02, 8.7412e-01]])
2024-03-04 13:30:59,240 | INFO | hilo.kernel-accessor : Fetching kernel: gumbel
2024-03-04 13:30:59,240 | INFO | hilo.gumbel-kernel : Calculating Gumbel distribution (location: -0.13829413056373596, scale 0.9736090302467346)
2024-03-04 13:30:59,241 | INFO | hilo.gumbel-kernel : TOP-RIGHT:
tensor([[1.4327e-05, 3.1016e-02, 9.3792e-01],
        [4.3672e-14, 1.4327e-05, 3.1016e-02],
        [4.5201e-37, 4.3672e-14, 1.4327e-05]])
2024-03-04 13:30:59,241 | INFO | hilo.kernel-accessor : Fetching kernel: gumbel
2024-03-04 13:30:59,241 | INFO | hilo.gumbel-kernel : Calculating Gumbel distribution (location: -0.009248270653188229, scale 1.1381937265396118)
2024-03-04 13:30:59,242 | INFO | hilo.gumbel-kernel : TOP-RIGHT:
tensor([[1.0958e-03, 8.2607e-02, 8.3150e-01],
        [1.1408e-07, 1.0958e-03, 8.2607e-02],
        [1.0148e-16, 1.1408e-07, 1.0958e-03]])
2024-03-04 13:30:59,242 | INFO | hilo.kernel-accessor : Fetching kernel: gumbel
2024-03-04 13:30:59,242 | INFO | hilo.gumbel-kernel : Calculating Gumbel distribution (location: -0.04633842781186104, scale 1.2721936702728271)
2024-03-04 13:30:59,243 | INFO | hilo.gumbel-kernel : TOP-RIGHT:
tensor([[2.7116e-03, 9.9856e-02, 7.9215e-01],
        [2.5343e-06, 2.7116e-03, 9.9856e-02],
        [1.4560e-12, 2.5343e-06, 2.7116e-03]])
2024-03-04 13:30:59,243 | INFO | hilo.kernel-accessor : Fetching kernel: gumbel
2024-03-04 13:30:59,243 | INFO | hilo.gumbel-kernel : Calculating Gumbel distribution (location: -0.045926161110401154, scale 1.2853419780731201)
2024-03-04 13:30:59,244 | INFO | hilo.gumbel-kernel : BOTTOM-RIGHT:
tensor([[3.3972e-12, 3.4289e-06, 2.9897e-03],
        [3.4289e-06, 2.9897e-03, 1.0208e-01],
        [2.9897e-03, 1.0208e-01, 7.8687e-01]])
2024-03-04 13:30:59,244 | INFO | hilo.kernel-accessor : Fetching kernel: gumbel
2024-03-04 13:30:59,244 | INFO | hilo.gumbel-kernel : Calculating Gumbel distribution (location: 0.027853623032569885, scale 1.0041688680648804)
2024-03-04 13:30:59,245 | INFO | hilo.gumbel-kernel : BOTTOM-RIGHT:
tensor([[3.6168e-24, 8.0037e-10, 2.9867e-04],
        [8.0037e-10, 2.9867e-04, 6.4007e-02],
        [2.9867e-04, 6.4007e-02, 8.7109e-01]])
2024-03-04 13:30:59,245 | INFO | hilo.kernel-accessor : Fetching kernel: gumbel
2024-03-04 13:30:59,245 | INFO | hilo.gumbel-kernel : Calculating Gumbel distribution (location: 0.12345323711633682, scale 1.0706424713134766)
2024-03-04 13:30:59,246 | INFO | hilo.gumbel-kernel : BOTTOM-RIGHT:
tensor([[1.4774e-16, 2.2550e-07, 1.6154e-03],
        [2.2550e-07, 1.6154e-03, 9.3212e-02],
        [1.6154e-03, 9.3212e-02, 8.0873e-01]])
2024-03-04 13:30:59,246 | INFO | hilo.kernel-accessor : Fetching kernel: gumbel
2024-03-04 13:30:59,246 | INFO | hilo.gumbel-kernel : Calculating Gumbel distribution (location: 0.1717507392168045, scale 1.2054109573364258)
2024-03-04 13:30:59,246 | INFO | hilo.gumbel-kernel : BOTTOM-RIGHT:
tensor([[5.4285e-11, 1.5130e-05, 5.7316e-03],
        [1.5130e-05, 5.7316e-03, 1.2195e-01],
        [5.7316e-03, 1.2195e-01, 7.3887e-01]])
2024-03-04 13:30:59,247 | INFO | hilo.kernel-accessor : Fetching kernel: gumbel
2024-03-04 13:30:59,247 | INFO | hilo.gumbel-kernel : Calculating Gumbel distribution (location: -0.26181790232658386, scale 1.9833396673202515)
2024-03-04 13:30:59,247 | INFO | hilo.gumbel-kernel : TOP-RIGHT:
tensor([[2.3153e-02, 1.5757e-01, 6.1269e-01],
        [1.3466e-03, 2.3153e-02, 1.5757e-01],
        [1.6883e-05, 1.3466e-03, 2.3153e-02]])
2024-03-04 13:32:20,067 | INFO | hilo : Epoch   2/200 | Accuracy:  51.1203 | Loss:   1.1352
2024-03-04 13:32:20,067 | INFO | hilo.kernel-accessor : Fetching kernel: gumbel
2024-03-04 13:32:20,067 | INFO | hilo.gumbel-kernel : Calculating Gumbel distribution (location: -0.015559135004878044, scale 0.5209839940071106)
2024-03-04 13:32:20,068 | INFO | hilo.gumbel-kernel : BOTTOM-RIGHT:
tensor([[0.0000e+00, 0.0000e+00, 2.3331e-23],
        [0.0000e+00, 2.3332e-23, 3.0498e-04],
        [2.3331e-23, 3.0498e-04, 9.9939e-01]])
2024-03-04 13:32:20,068 | INFO | hilo.kernel-accessor : Fetching kernel: gumbel
2024-03-04 13:32:20,068 | INFO | hilo.gumbel-kernel : Calculating Gumbel distribution (location: -0.5250874757766724, scale 1.557753086090088)
2024-03-04 13:32:20,068 | INFO | hilo.gumbel-kernel : TOP-RIGHT:
tensor([[1.3924e-03, 7.5920e-02, 8.4398e-01],
        [1.2443e-06, 1.3924e-03, 7.5920e-02],
        [3.5685e-12, 1.2443e-06, 1.3924e-03]])
2024-03-04 13:32:20,068 | INFO | hilo.kernel-accessor : Fetching kernel: gumbel
2024-03-04 13:32:20,069 | INFO | hilo.gumbel-kernel : Calculating Gumbel distribution (location: -0.4332711100578308, scale 1.0247324705123901)
2024-03-04 13:32:20,069 | INFO | hilo.gumbel-kernel : TOP-RIGHT:
tensor([[1.0819e-07, 7.8803e-03, 9.8424e-01],
        [6.8049e-20, 1.0819e-07, 7.8803e-03],
        [0.0000e+00, 6.8049e-20, 1.0819e-07]])
2024-03-04 13:32:20,069 | INFO | hilo.kernel-accessor : Fetching kernel: gumbel
2024-03-04 13:32:20,069 | INFO | hilo.gumbel-kernel : Calculating Gumbel distribution (location: -0.15845650434494019, scale 0.8876477479934692)
2024-03-04 13:32:20,069 | INFO | hilo.gumbel-kernel : TOP-RIGHT:
tensor([[5.2605e-07, 1.5944e-02, 9.6811e-01],
        [8.2274e-20, 5.2605e-07, 1.5944e-02],
        [0.0000e+00, 8.2274e-20, 5.2605e-07]])
2024-03-04 13:32:20,070 | INFO | hilo.kernel-accessor : Fetching kernel: gumbel
2024-03-04 13:32:20,070 | INFO | hilo.gumbel-kernel : Calculating Gumbel distribution (location: -0.3031632900238037, scale 0.9479052424430847)
2024-03-04 13:32:20,070 | INFO | hilo.gumbel-kernel : TOP-RIGHT:
tensor([[1.2819e-07, 9.8186e-03, 9.8036e-01],
        [8.6850e-21, 1.2819e-07, 9.8186e-03],
        [0.0000e+00, 8.6850e-21, 1.2819e-07]])
2024-03-04 13:32:20,070 | INFO | hilo.kernel-accessor : Fetching kernel: gumbel
2024-03-04 13:32:20,070 | INFO | hilo.gumbel-kernel : Calculating Gumbel distribution (location: -0.2523263394832611, scale 0.7721583843231201)
2024-03-04 13:32:20,071 | INFO | hilo.gumbel-kernel : TOP-RIGHT:
tensor([[3.7866e-12, 1.6697e-03, 9.9666e-01],
        [3.2174e-42, 3.7865e-12, 1.6697e-03],
        [0.0000e+00, 3.2174e-42, 3.7866e-12]])
2024-03-04 13:32:20,071 | INFO | hilo.kernel-accessor : Fetching kernel: gumbel
2024-03-04 13:32:20,071 | INFO | hilo.gumbel-kernel : Calculating Gumbel distribution (location: -0.2100834846496582, scale 0.8989258408546448)
2024-03-04 13:32:20,071 | INFO | hilo.gumbel-kernel : BOTTOM-RIGHT:
tensor([[0.0000e+00, 5.3382e-21, 2.0111e-07],
        [5.3382e-21, 2.0111e-07, 1.2329e-02],
        [2.0111e-07, 1.2329e-02, 9.7534e-01]])
2024-03-04 13:32:20,071 | INFO | hilo.kernel-accessor : Fetching kernel: gumbel
2024-03-04 13:32:20,071 | INFO | hilo.gumbel-kernel : Calculating Gumbel distribution (location: -0.22790110111236572, scale 0.8519044518470764)
2024-03-04 13:32:20,072 | INFO | hilo.gumbel-kernel : TOP-RIGHT:
tensor([[9.0864e-09, 6.7203e-03, 9.8656e-01],
        [1.3027e-26, 9.0863e-09, 6.7203e-03],
        [0.0000e+00, 1.3027e-26, 9.0864e-09]])
2024-03-04 13:32:20,072 | INFO | hilo.kernel-accessor : Fetching kernel: gumbel
2024-03-04 13:32:20,072 | INFO | hilo.gumbel-kernel : Calculating Gumbel distribution (location: -0.2582476735115051, scale 0.8994671106338501)
2024-03-04 13:32:20,072 | INFO | hilo.gumbel-kernel : BOTTOM-RIGHT:
tensor([[0.0000e+00, 4.5126e-23, 4.7000e-08],
        [4.5126e-23, 4.7000e-08, 8.6408e-03],
        [4.7000e-08, 8.6408e-03, 9.8272e-01]])
2024-03-04 13:32:20,072 | INFO | hilo.kernel-accessor : Fetching kernel: gumbel
2024-03-04 13:32:20,072 | INFO | hilo.gumbel-kernel : Calculating Gumbel distribution (location: -0.17819005250930786, scale 0.6809011101722717)
2024-03-04 13:32:20,073 | INFO | hilo.gumbel-kernel : BOTTOM-RIGHT:
tensor([[0.0000e+00, 0.0000e+00, 4.2590e-15],
        [0.0000e+00, 4.2590e-15, 8.1447e-04],
        [4.2590e-15, 8.1447e-04, 9.9837e-01]])
2024-03-04 13:32:20,073 | INFO | hilo.kernel-accessor : Fetching kernel: gumbel
2024-03-04 13:32:20,073 | INFO | hilo.gumbel-kernel : Calculating Gumbel distribution (location: -0.09779838472604752, scale 0.7786451578140259)
2024-03-04 13:32:20,073 | INFO | hilo.gumbel-kernel : TOP-RIGHT:
tensor([[1.4130e-08, 9.4535e-03, 9.8109e-01],
        [3.6730e-28, 1.4130e-08, 9.4535e-03],
        [0.0000e+00, 3.6730e-28, 1.4130e-08]])
2024-03-04 13:32:20,073 | INFO | hilo.kernel-accessor : Fetching kernel: gumbel
2024-03-04 13:32:20,073 | INFO | hilo.gumbel-kernel : Calculating Gumbel distribution (location: -0.05563994497060776, scale 0.7507738471031189)
2024-03-04 13:32:20,074 | INFO | hilo.gumbel-kernel : TOP-RIGHT:
tensor([[1.2846e-08, 1.0188e-02, 9.7962e-01],
        [2.3575e-29, 1.2846e-08, 1.0188e-02],
        [0.0000e+00, 2.3575e-29, 1.2846e-08]])
2024-03-04 13:32:20,074 | INFO | hilo.kernel-accessor : Fetching kernel: gumbel
2024-03-04 13:32:20,074 | INFO | hilo.gumbel-kernel : Calculating Gumbel distribution (location: -0.04310457035899162, scale 0.7457581162452698)
2024-03-04 13:32:20,074 | INFO | hilo.gumbel-kernel : TOP-RIGHT:
tensor([[1.5482e-08, 1.0768e-02, 9.7846e-01],
        [3.1696e-29, 1.5482e-08, 1.0768e-02],
        [0.0000e+00, 3.1696e-29, 1.5482e-08]])
2024-03-04 13:32:20,074 | INFO | hilo.kernel-accessor : Fetching kernel: gumbel
2024-03-04 13:32:20,075 | INFO | hilo.gumbel-kernel : Calculating Gumbel distribution (location: 0.002867645351216197, scale 0.5439851880073547)
2024-03-04 13:32:20,075 | INFO | hilo.gumbel-kernel : BOTTOM-RIGHT:
tensor([[0.0000e+00, 0.0000e+00, 7.1283e-19],
        [0.0000e+00, 7.1283e-19, 8.4998e-04],
        [7.1283e-19, 8.4998e-04, 9.9830e-01]])
2024-03-04 13:32:20,075 | INFO | hilo.kernel-accessor : Fetching kernel: gumbel
2024-03-04 13:32:20,075 | INFO | hilo.gumbel-kernel : Calculating Gumbel distribution (location: 0.09578493982553482, scale 0.5961832404136658)
2024-03-04 13:32:20,075 | INFO | hilo.gumbel-kernel : TOP-RIGHT:
tensor([[6.7974e-11, 7.8391e-03, 9.8432e-01],
        [0.0000e+00, 6.7974e-11, 7.8391e-03],
        [0.0000e+00, 0.0000e+00, 6.7974e-11]])
2024-03-04 13:32:20,075 | INFO | hilo.kernel-accessor : Fetching kernel: gumbel
2024-03-04 13:32:20,076 | INFO | hilo.gumbel-kernel : Calculating Gumbel distribution (location: 0.1066947728395462, scale 0.6898422241210938)
2024-03-04 13:32:20,076 | INFO | hilo.gumbel-kernel : BOTTOM-RIGHT:
tensor([[0.0000e+00, 5.5602e-27, 1.7908e-07],
        [5.5602e-27, 1.7908e-07, 2.0543e-02],
        [1.7908e-07, 2.0543e-02, 9.5891e-01]])
2024-03-04 13:32:20,076 | INFO | hilo.kernel-accessor : Fetching kernel: gumbel
2024-03-04 13:32:20,076 | INFO | hilo.gumbel-kernel : Calculating Gumbel distribution (location: -0.06867715716362, scale 0.8983628153800964)
2024-03-04 13:32:20,077 | INFO | hilo.gumbel-kernel : BOTTOM-RIGHT:
tensor([[0.0000e+00, 5.7355e-16, 6.6831e-06],
        [5.7355e-16, 6.6831e-06, 2.8620e-02],
        [6.6831e-06, 2.8620e-02, 9.4274e-01]])
2024-03-04 13:33:40,799 | INFO | hilo : Epoch   3/200 | Accuracy:  39.5833 | Loss:   1.0837
2024-03-04 13:33:40,799 | INFO | hilo.kernel-accessor : Fetching kernel: gumbel
2024-03-04 13:33:40,800 | INFO | hilo.gumbel-kernel : Calculating Gumbel distribution (location: -0.015773722901940346, scale 0.544508695602417)
2024-03-04 13:33:40,801 | INFO | hilo.gumbel-kernel : BOTTOM-RIGHT:
tensor([[0.0000e+00, 0.0000e+00, 5.5701e-20],
        [0.0000e+00, 5.5701e-20, 5.9498e-04],
        [5.5701e-20, 5.9498e-04, 9.9881e-01]])
2024-03-04 13:33:40,801 | INFO | hilo.kernel-accessor : Fetching kernel: gumbel
2024-03-04 13:33:40,801 | INFO | hilo.gumbel-kernel : Calculating Gumbel distribution (location: -0.3712175786495209, scale 1.345619559288025)
2024-03-04 13:33:40,802 | INFO | hilo.gumbel-kernel : BOTTOM-RIGHT:
tensor([[4.6669e-16, 5.2401e-08, 5.2169e-04],
        [5.2401e-08, 5.2169e-04, 6.1403e-02],
        [5.2169e-04, 6.1403e-02, 8.7563e-01]])
2024-03-04 13:33:40,802 | INFO | hilo.kernel-accessor : Fetching kernel: gumbel
2024-03-04 13:33:40,802 | INFO | hilo.gumbel-kernel : Calculating Gumbel distribution (location: -0.5783931612968445, scale 1.1504186391830444)
2024-03-04 13:33:40,803 | INFO | hilo.gumbel-kernel : BOTTOM-RIGHT:
tensor([[1.7863e-39, 8.6987e-17, 4.6859e-07],
        [8.6987e-17, 4.6859e-07, 9.3336e-03],
        [4.6859e-07, 9.3336e-03, 9.8133e-01]])
2024-03-04 13:33:40,803 | INFO | hilo.kernel-accessor : Fetching kernel: gumbel
2024-03-04 13:33:40,803 | INFO | hilo.gumbel-kernel : Calculating Gumbel distribution (location: -0.277670681476593, scale 0.8571221232414246)
2024-03-04 13:33:40,804 | INFO | hilo.gumbel-kernel : BOTTOM-RIGHT:
tensor([[0.0000e+00, 6.4898e-29, 1.7840e-09],
        [6.4898e-29, 1.7840e-09, 4.5036e-03],
        [1.7840e-09, 4.5036e-03, 9.9099e-01]])
2024-03-04 13:33:40,804 | INFO | hilo.kernel-accessor : Fetching kernel: gumbel
2024-03-04 13:33:40,804 | INFO | hilo.gumbel-kernel : Calculating Gumbel distribution (location: -0.30620813369750977, scale 0.7821440696716309)
2024-03-04 13:33:40,805 | INFO | hilo.gumbel-kernel : BOTTOM-RIGHT:
tensor([[0.0000e+00, 0.0000e+00, 3.8248e-13],
        [0.0000e+00, 3.8248e-13, 9.5821e-04],
        [3.8248e-13, 9.5821e-04, 9.9808e-01]])
2024-03-04 13:33:40,805 | INFO | hilo.kernel-accessor : Fetching kernel: gumbel
2024-03-04 13:33:40,805 | INFO | hilo.gumbel-kernel : Calculating Gumbel distribution (location: -0.2660145163536072, scale 0.6637731194496155)
2024-03-04 13:33:40,806 | INFO | hilo.gumbel-kernel : TOP-RIGHT:
tensor([[9.1280e-21, 8.8483e-05, 9.9982e-01],
        [0.0000e+00, 9.1280e-21, 8.8483e-05],
        [0.0000e+00, 0.0000e+00, 9.1280e-21]])
2024-03-04 13:33:40,806 | INFO | hilo.kernel-accessor : Fetching kernel: gumbel
2024-03-04 13:33:40,806 | INFO | hilo.gumbel-kernel : Calculating Gumbel distribution (location: -0.2516508996486664, scale 0.7628498673439026)
2024-03-04 13:33:40,807 | INFO | hilo.gumbel-kernel : BOTTOM-RIGHT:
tensor([[0.0000e+00, 1.4013e-44, 1.3837e-12],
        [1.4013e-44, 1.3837e-12, 1.4235e-03],
        [1.3837e-12, 1.4235e-03, 9.9715e-01]])
2024-03-04 13:33:40,807 | INFO | hilo.kernel-accessor : Fetching kernel: gumbel
2024-03-04 13:33:40,808 | INFO | hilo.gumbel-kernel : Calculating Gumbel distribution (location: -0.20655925571918488, scale 0.6579148173332214)
2024-03-04 13:33:40,808 | INFO | hilo.gumbel-kernel : BOTTOM-RIGHT:
tensor([[0.0000e+00, 0.0000e+00, 3.0437e-18],
        [0.0000e+00, 3.0436e-18, 2.7099e-04],
        [3.0437e-18, 2.7099e-04, 9.9946e-01]])
2024-03-04 13:33:40,808 | INFO | hilo.kernel-accessor : Fetching kernel: gumbel
2024-03-04 13:33:40,809 | INFO | hilo.gumbel-kernel : Calculating Gumbel distribution (location: -0.2384117841720581, scale 0.7516189813613892)
2024-03-04 13:33:40,809 | INFO | hilo.gumbel-kernel : BOTTOM-RIGHT:
tensor([[0.0000e+00, 0.0000e+00, 8.7564e-13],
        [0.0000e+00, 8.7564e-13, 1.3861e-03],
        [8.7564e-13, 1.3861e-03, 9.9723e-01]])
2024-03-04 13:33:40,809 | INFO | hilo.kernel-accessor : Fetching kernel: gumbel
2024-03-04 13:33:40,810 | INFO | hilo.gumbel-kernel : Calculating Gumbel distribution (location: -0.1440715789794922, scale 0.5941503047943115)
2024-03-04 13:33:40,810 | INFO | hilo.gumbel-kernel : BOTTOM-RIGHT:
tensor([[0.0000e+00, 0.0000e+00, 6.4811e-22],
        [0.0000e+00, 6.4811e-22, 1.5067e-04],
        [6.4811e-22, 1.5067e-04, 9.9970e-01]])
2024-03-04 13:33:40,810 | INFO | hilo.kernel-accessor : Fetching kernel: gumbel
2024-03-04 13:33:40,811 | INFO | hilo.gumbel-kernel : Calculating Gumbel distribution (location: -0.17214961349964142, scale 0.6439660787582397)
2024-03-04 13:33:40,811 | INFO | hilo.gumbel-kernel : BOTTOM-RIGHT:
tensor([[0.0000e+00, 0.0000e+00, 6.9554e-18],
        [0.0000e+00, 6.9554e-18, 3.6642e-04],
        [6.9554e-18, 3.6642e-04, 9.9927e-01]])
2024-03-04 13:33:40,812 | INFO | hilo.kernel-accessor : Fetching kernel: gumbel
2024-03-04 13:33:40,812 | INFO | hilo.gumbel-kernel : Calculating Gumbel distribution (location: -0.10201846808195114, scale 0.5627843141555786)
2024-03-04 13:33:40,812 | INFO | hilo.gumbel-kernel : TOP-RIGHT:
tensor([[1.8733e-23, 1.4558e-04, 9.9971e-01],
        [0.0000e+00, 1.8732e-23, 1.4558e-04],
        [0.0000e+00, 0.0000e+00, 1.8733e-23]])
2024-03-04 13:33:40,813 | INFO | hilo.kernel-accessor : Fetching kernel: gumbel
2024-03-04 13:33:40,813 | INFO | hilo.gumbel-kernel : Calculating Gumbel distribution (location: -0.08979985862970352, scale 0.6116405129432678)
2024-03-04 13:33:40,813 | INFO | hilo.gumbel-kernel : BOTTOM-RIGHT:
tensor([[0.0000e+00, 0.0000e+00, 6.8637e-17],
        [0.0000e+00, 6.8637e-17, 7.6553e-04],
        [6.8637e-17, 7.6553e-04, 9.9847e-01]])
2024-03-04 13:33:40,814 | INFO | hilo.kernel-accessor : Fetching kernel: gumbel
2024-03-04 13:33:40,814 | INFO | hilo.gumbel-kernel : Calculating Gumbel distribution (location: -0.0044177500531077385, scale 0.40780872106552124)
2024-03-04 13:33:40,814 | INFO | hilo.gumbel-kernel : TOP-RIGHT:
tensor([[0.0000e+00, 1.6784e-06, 1.0000e+00],
        [0.0000e+00, 0.0000e+00, 1.6784e-06],
        [0.0000e+00, 0.0000e+00, 0.0000e+00]])
2024-03-04 13:33:40,815 | INFO | hilo.kernel-accessor : Fetching kernel: gumbel
2024-03-04 13:33:40,815 | INFO | hilo.gumbel-kernel : Calculating Gumbel distribution (location: 0.06407126784324646, scale 0.42751216888427734)
2024-03-04 13:33:40,816 | INFO | hilo.gumbel-kernel : BOTTOM-RIGHT:
tensor([[0.0000e+00, 0.0000e+00, 4.6681e-37],
        [0.0000e+00, 4.6681e-37, 9.2890e-05],
        [4.6681e-37, 9.2890e-05, 9.9981e-01]])
2024-03-04 13:33:40,816 | INFO | hilo.kernel-accessor : Fetching kernel: gumbel
2024-03-04 13:33:40,816 | INFO | hilo.gumbel-kernel : Calculating Gumbel distribution (location: 0.04465702921152115, scale 0.4377993643283844)
2024-03-04 13:33:40,817 | INFO | hilo.gumbel-kernel : BOTTOM-RIGHT:
tensor([[0.0000e+00, 0.0000e+00, 1.7264e-36],
        [0.0000e+00, 1.7264e-36, 7.6787e-05],
        [1.7264e-36, 7.6787e-05, 9.9985e-01]])
2024-03-04 13:33:40,817 | INFO | hilo.kernel-accessor : Fetching kernel: gumbel
2024-03-04 13:33:40,817 | INFO | hilo.gumbel-kernel : Calculating Gumbel distribution (location: 0.14238378405570984, scale 0.5444241166114807)
2024-03-04 13:33:40,818 | INFO | hilo.gumbel-kernel : BOTTOM-RIGHT:
tensor([[0.0000e+00, 0.0000e+00, 3.2788e-12],
        [0.0000e+00, 3.2788e-12, 6.8876e-03],
        [3.2788e-12, 6.8876e-03, 9.8622e-01]])
2024-03-04 13:35:01,593 | INFO | hilo : Epoch   4/200 | Accuracy:  60.0000 | Loss:   1.3677
2024-03-04 13:35:01,593 | INFO | hilo.kernel-accessor : Fetching kernel: gumbel
2024-03-04 13:35:01,594 | INFO | hilo.gumbel-kernel : Calculating Gumbel distribution (location: -0.01420131791383028, scale 0.48964160680770874)
2024-03-04 13:35:01,595 | INFO | hilo.gumbel-kernel : BOTTOM-RIGHT:
tensor([[0.0000e+00, 0.0000e+00, 2.1854e-29],
        [0.0000e+00, 2.1854e-29, 1.0605e-04],
        [2.1854e-29, 1.0605e-04, 9.9979e-01]])
2024-03-04 13:35:01,595 | INFO | hilo.kernel-accessor : Fetching kernel: gumbel
2024-03-04 13:35:01,595 | INFO | hilo.gumbel-kernel : Calculating Gumbel distribution (location: -0.3226608633995056, scale 1.286892056465149)
2024-03-04 13:35:01,596 | INFO | hilo.gumbel-kernel : TOP-RIGHT:
tensor([[3.9378e-04, 5.8278e-02, 8.8226e-01],
        [1.8679e-08, 3.9378e-04, 5.8278e-02],
        [1.8327e-17, 1.8679e-08, 3.9378e-04]])
2024-03-04 13:35:01,596 | INFO | hilo.kernel-accessor : Fetching kernel: gumbel
2024-03-04 13:35:01,596 | INFO | hilo.gumbel-kernel : Calculating Gumbel distribution (location: -0.5316803455352783, scale 1.1688990592956543)
2024-03-04 13:35:01,597 | INFO | hilo.gumbel-kernel : TOP-RIGHT:
tensor([[2.2554e-06, 1.4352e-02, 9.7129e-01],
        [8.0783e-15, 2.2554e-06, 1.4352e-02],
        [3.4702e-34, 8.0783e-15, 2.2554e-06]])
2024-03-04 13:35:01,597 | INFO | hilo.kernel-accessor : Fetching kernel: gumbel
2024-03-04 13:35:01,597 | INFO | hilo.gumbel-kernel : Calculating Gumbel distribution (location: -0.3680678606033325, scale 0.9708974957466125)
2024-03-04 13:35:01,598 | INFO | hilo.gumbel-kernel : BOTTOM-RIGHT:
tensor([[0.0000e+00, 1.6138e-21, 5.6641e-08],
        [1.6138e-21, 5.6640e-08, 7.5271e-03],
        [5.6641e-08, 7.5271e-03, 9.8495e-01]])
2024-03-04 13:35:01,598 | INFO | hilo.kernel-accessor : Fetching kernel: gumbel
2024-03-04 13:35:01,598 | INFO | hilo.gumbel-kernel : Calculating Gumbel distribution (location: -0.2511284351348877, scale 0.8130432367324829)
2024-03-04 13:35:01,599 | INFO | hilo.gumbel-kernel : BOTTOM-RIGHT:
tensor([[0.0000e+00, 8.8903e-34, 2.0279e-10],
        [8.8903e-34, 2.0279e-10, 3.2571e-03],
        [2.0279e-10, 3.2571e-03, 9.9349e-01]])
2024-03-04 13:35:01,599 | INFO | hilo.kernel-accessor : Fetching kernel: gumbel
2024-03-04 13:35:01,599 | INFO | hilo.gumbel-kernel : Calculating Gumbel distribution (location: -0.2520104944705963, scale 0.6642088294029236)
2024-03-04 13:35:01,600 | INFO | hilo.gumbel-kernel : TOP-RIGHT:
tensor([[6.0440e-20, 1.2401e-04, 9.9975e-01],
        [0.0000e+00, 6.0442e-20, 1.2401e-04],
        [0.0000e+00, 0.0000e+00, 6.0440e-20]])
2024-03-04 13:35:01,600 | INFO | hilo.kernel-accessor : Fetching kernel: gumbel
2024-03-04 13:35:01,600 | INFO | hilo.gumbel-kernel : Calculating Gumbel distribution (location: -0.23299409449100494, scale 0.7042128443717957)
2024-03-04 13:35:01,601 | INFO | hilo.gumbel-kernel : BOTTOM-RIGHT:
tensor([[0.0000e+00, 0.0000e+00, 1.5869e-15],
        [0.0000e+00, 1.5869e-15, 5.5230e-04],
        [1.5869e-15, 5.5230e-04, 9.9890e-01]])
2024-03-04 13:35:01,601 | INFO | hilo.kernel-accessor : Fetching kernel: gumbel
2024-03-04 13:35:01,601 | INFO | hilo.gumbel-kernel : Calculating Gumbel distribution (location: -0.17361177504062653, scale 0.5712646842002869)
2024-03-04 13:35:01,602 | INFO | hilo.gumbel-kernel : BOTTOM-RIGHT:
tensor([[0.0000e+00, 0.0000e+00, 6.9095e-28],
        [0.0000e+00, 6.9097e-28, 2.7889e-05],
        [6.9095e-28, 2.7889e-05, 9.9994e-01]])
2024-03-04 13:35:01,602 | INFO | hilo.kernel-accessor : Fetching kernel: gumbel
2024-03-04 13:35:01,602 | INFO | hilo.gumbel-kernel : Calculating Gumbel distribution (location: -0.15502533316612244, scale 0.5728602409362793)
2024-03-04 13:35:01,603 | INFO | hilo.gumbel-kernel : TOP-RIGHT:
tensor([[5.4361e-26, 5.1621e-05, 9.9990e-01],
        [0.0000e+00, 5.4361e-26, 5.1621e-05],
        [0.0000e+00, 0.0000e+00, 5.4361e-26]])
2024-03-04 13:35:01,603 | INFO | hilo.kernel-accessor : Fetching kernel: gumbel
2024-03-04 13:35:01,604 | INFO | hilo.gumbel-kernel : Calculating Gumbel distribution (location: -0.0900174155831337, scale 0.4714604914188385)
2024-03-04 13:35:01,604 | INFO | hilo.gumbel-kernel : TOP-RIGHT:
tensor([[0.0000e+00, 2.5629e-06, 9.9999e-01],
        [0.0000e+00, 0.0000e+00, 2.5629e-06],
        [0.0000e+00, 0.0000e+00, 0.0000e+00]])
2024-03-04 13:35:01,604 | INFO | hilo.kernel-accessor : Fetching kernel: gumbel
2024-03-04 13:35:01,605 | INFO | hilo.gumbel-kernel : Calculating Gumbel distribution (location: -0.05766495317220688, scale 0.5151325464248657)
2024-03-04 13:35:01,605 | INFO | hilo.gumbel-kernel : BOTTOM-RIGHT:
tensor([[0.0000e+00, 0.0000e+00, 3.0471e-28],
        [0.0000e+00, 3.0470e-28, 8.2210e-05],
        [3.0471e-28, 8.2210e-05, 9.9984e-01]])
2024-03-04 13:35:01,605 | INFO | hilo.kernel-accessor : Fetching kernel: gumbel
2024-03-04 13:35:01,606 | INFO | hilo.gumbel-kernel : Calculating Gumbel distribution (location: -0.07306444644927979, scale 0.4680730402469635)
2024-03-04 13:35:01,606 | INFO | hilo.gumbel-kernel : TOP-RIGHT:
tensor([[1.4013e-44, 4.3633e-06, 9.9999e-01],
        [0.0000e+00, 1.4013e-44, 4.3633e-06],
        [0.0000e+00, 0.0000e+00, 1.4013e-44]])
2024-03-04 13:35:01,606 | INFO | hilo.kernel-accessor : Fetching kernel: gumbel
2024-03-04 13:35:01,607 | INFO | hilo.gumbel-kernel : Calculating Gumbel distribution (location: 0.022316498681902885, scale 0.44102492928504944)
2024-03-04 13:35:01,607 | INFO | hilo.gumbel-kernel : TOP-RIGHT:
tensor([[6.8761e-39, 4.1525e-05, 9.9992e-01],
        [0.0000e+00, 6.8761e-39, 4.1525e-05],
        [0.0000e+00, 0.0000e+00, 6.8761e-39]])
2024-03-04 13:35:01,607 | INFO | hilo.kernel-accessor : Fetching kernel: gumbel
2024-03-04 13:35:01,608 | INFO | hilo.gumbel-kernel : Calculating Gumbel distribution (location: 0.03256271407008171, scale 0.34849098324775696)
2024-03-04 13:35:01,608 | INFO | hilo.gumbel-kernel : BOTTOM-RIGHT:
tensor([[0.0000e+00, 0.0000e+00, 0.0000e+00],
        [0.0000e+00, 0.0000e+00, 5.7957e-08],
        [0.0000e+00, 5.7957e-08, 1.0000e+00]])
2024-03-04 13:35:01,608 | INFO | hilo.kernel-accessor : Fetching kernel: gumbel
2024-03-04 13:35:01,609 | INFO | hilo.gumbel-kernel : Calculating Gumbel distribution (location: 0.048757947981357574, scale 0.35452061891555786)
2024-03-04 13:35:01,609 | INFO | hilo.gumbel-kernel : TOP-RIGHT:
tensor([[0.0000e+00, 3.6893e-07, 1.0000e+00],
        [0.0000e+00, 0.0000e+00, 3.6893e-07],
        [0.0000e+00, 0.0000e+00, 0.0000e+00]])
2024-03-04 13:35:01,609 | INFO | hilo.kernel-accessor : Fetching kernel: gumbel
2024-03-04 13:35:01,610 | INFO | hilo.gumbel-kernel : Calculating Gumbel distribution (location: 0.049500472843647, scale 0.3343272805213928)
2024-03-04 13:35:01,610 | INFO | hilo.gumbel-kernel : TOP-RIGHT:
tensor([[0.0000e+00, 3.9289e-08, 1.0000e+00],
        [0.0000e+00, 0.0000e+00, 3.9289e-08],
        [0.0000e+00, 0.0000e+00, 0.0000e+00]])
2024-03-04 13:35:01,610 | INFO | hilo.kernel-accessor : Fetching kernel: gumbel
2024-03-04 13:35:01,611 | INFO | hilo.gumbel-kernel : Calculating Gumbel distribution (location: 0.03867122158408165, scale 0.381368488073349)
2024-03-04 13:35:01,611 | INFO | hilo.gumbel-kernel : BOTTOM-RIGHT:
tensor([[0.0000e+00, 0.0000e+00, 0.0000e+00],
        [0.0000e+00, 0.0000e+00, 2.1629e-06],
        [0.0000e+00, 2.1629e-06, 1.0000e+00]])
2024-03-04 13:36:22,436 | INFO | hilo : Epoch   5/200 | Accuracy:  57.9861 | Loss:   1.2481
2024-03-04 13:36:22,436 | INFO | hilo.kernel-accessor : Fetching kernel: gumbel
2024-03-04 13:36:22,437 | INFO | hilo.gumbel-kernel : Calculating Gumbel distribution (location: -0.004927033558487892, scale 0.4924052655696869)
2024-03-04 13:36:22,437 | INFO | hilo.gumbel-kernel : BOTTOM-RIGHT:
tensor([[0.0000e+00, 0.0000e+00, 8.8827e-28],
        [0.0000e+00, 8.8825e-28, 1.5293e-04],
        [8.8827e-28, 1.5293e-04, 9.9969e-01]])
2024-03-04 13:36:22,437 | INFO | hilo.kernel-accessor : Fetching kernel: gumbel
2024-03-04 13:36:22,438 | INFO | hilo.gumbel-kernel : Calculating Gumbel distribution (location: -0.2931123375892639, scale 1.098958134651184)
2024-03-04 13:36:22,438 | INFO | hilo.gumbel-kernel : BOTTOM-RIGHT:
tensor([[8.6221e-30, 1.5041e-12, 2.2590e-05],
        [1.5041e-12, 2.2590e-05, 3.0125e-02],
        [2.2590e-05, 3.0125e-02, 9.3968e-01]])
2024-03-04 13:36:22,438 | INFO | hilo.kernel-accessor : Fetching kernel: gumbel
2024-03-04 13:36:22,439 | INFO | hilo.gumbel-kernel : Calculating Gumbel distribution (location: -0.42101696133613586, scale 0.9855818748474121)
2024-03-04 13:36:22,439 | INFO | hilo.gumbel-kernel : TOP-RIGHT:
tensor([[2.3420e-08, 5.7530e-03, 9.8849e-01],
        [1.8884e-22, 2.3420e-08, 5.7530e-03],
        [0.0000e+00, 1.8884e-22, 2.3420e-08]])
2024-03-04 13:36:22,439 | INFO | hilo.kernel-accessor : Fetching kernel: gumbel
2024-03-04 13:36:22,439 | INFO | hilo.gumbel-kernel : Calculating Gumbel distribution (location: -0.3752900958061218, scale 0.9007285833358765)
2024-03-04 13:36:22,440 | INFO | hilo.gumbel-kernel : TOP-RIGHT:
tensor([[6.7264e-10, 3.0317e-03, 9.9394e-01],
