2023-12-29 03:36:40,209 | INFO | hilo : 
+==============================================================+
|                                                              |
| ██████╗  █████╗ ██████╗ ██╗         ██╗      █████╗ ██████╗  |
| ██╔══██╗██╔══██╗██╔══██╗██║         ██║     ██╔══██╗██╔══██╗ |
| ██║  ██║███████║██║  ██║██║         ██║     ███████║██████╔╝ |
| ██║  ██║██╔══██║██║  ██║██║         ██║     ██╔══██║██╔══██╗ |
| ██████╔╝██║  ██║██████╔╝███████╗    ███████╗██║  ██║██████╔╝ |
| ╚═════╝ ╚═╝  ╚═╝╚═════╝ ╚══════╝    ╚══════╝╚═╝  ╚═╝╚═════╝  |
+==============================================================+
|             Hi-Lo Resolution Image Classification            |
|             -------------------------------------            |
|                       Gabriel C. Trahan                      |
|                          Sahan Ahmad                         |
|                       MD  Aminual Islam                      |
+==============================================================+
2023-12-29 03:36:41,816 | INFO | hilo.dataset-accessor : Fetching dataset: cifar10
2023-12-29 03:36:41,816 | INFO | hilo.cifar10-dataset : Initializing transform
2023-12-29 03:36:41,816 | INFO | hilo.cifar10-dataset : Verifying/downloading train data
2023-12-29 03:36:42,424 | INFO | hilo.cifar10-dataset : Verifying/downloading test data
2023-12-29 03:36:42,909 | INFO | hilo.cifar10-dataset : Creating train data loader.
2023-12-29 03:36:42,910 | INFO | hilo.cifar10-dataset : Creating test data loader.
2023-12-29 03:36:42,935 | INFO | hilo : Output directory: output/normal/cifar10/gumbel/7/20231229_033641/
2023-12-29 03:36:42,958 | INFO | hilo : Using device: NVIDIA GeForce GTX 1060 6GB
2023-12-29 03:36:43,898 | INFO | hilo : Exeucting job: MODEL normal | DATASET cifar10 | KERNEL gumbel | TYPE 7
2023-12-29 03:36:43,898 | INFO | hilo : Commencing training phase...
2023-12-29 03:36:43,898 | INFO | hilo.kernel-accessor : Fetching kernel: gumbel
2023-12-29 03:36:43,899 | INFO | hilo.gumbel-kernel : Calculating Gumbel distribution (location: 0.0, scale 1.0)
2023-12-29 03:36:43,900 | INFO | hilo.gumbel-kernel : TOP-LEFT:
tensor([[8.8288e-01, 5.8259e-02, 2.0072e-04],
        [5.8259e-02, 2.0072e-04, 2.2609e-10],
        [2.0072e-04, 2.2609e-10, 8.5377e-26]])
2023-12-29 03:36:43,900 | INFO | hilo.kernel-accessor : Fetching kernel: gumbel
2023-12-29 03:36:43,900 | INFO | hilo.gumbel-kernel : Calculating Gumbel distribution (location: 0.0, scale 1.0)
2023-12-29 03:36:43,900 | INFO | hilo.gumbel-kernel : BOTTOM-RIGHT:
tensor([[8.5377e-26, 2.2609e-10, 2.0072e-04],
        [2.2609e-10, 2.0072e-04, 5.8259e-02],
        [2.0072e-04, 5.8259e-02, 8.8288e-01]])
2023-12-29 03:36:43,900 | INFO | hilo.kernel-accessor : Fetching kernel: gumbel
2023-12-29 03:36:43,900 | INFO | hilo.gumbel-kernel : Calculating Gumbel distribution (location: 0.0, scale 1.0)
2023-12-29 03:36:43,901 | INFO | hilo.gumbel-kernel : BOTTOM-RIGHT:
tensor([[8.5377e-26, 2.2609e-10, 2.0072e-04],
        [2.2609e-10, 2.0072e-04, 5.8259e-02],
        [2.0072e-04, 5.8259e-02, 8.8288e-01]])
2023-12-29 03:36:43,901 | INFO | hilo.kernel-accessor : Fetching kernel: gumbel
2023-12-29 03:36:43,901 | INFO | hilo.gumbel-kernel : Calculating Gumbel distribution (location: 0.0, scale 1.0)
2023-12-29 03:36:43,901 | INFO | hilo.gumbel-kernel : TOP-LEFT:
tensor([[8.8288e-01, 5.8259e-02, 2.0072e-04],
        [5.8259e-02, 2.0072e-04, 2.2609e-10],
        [2.0072e-04, 2.2609e-10, 8.5377e-26]])
2023-12-29 03:36:52,974 | INFO | hilo : Epoch   1/200 | Accuracy:  51.5625 | Loss:   1.4401
2023-12-29 03:36:52,974 | INFO | hilo.kernel-accessor : Fetching kernel: gumbel
2023-12-29 03:36:52,975 | INFO | hilo.gumbel-kernel : Calculating Gumbel distribution (location: -0.04695604369044304, scale 0.48612740635871887)
2023-12-29 03:36:52,976 | INFO | hilo.gumbel-kernel : STATIC:
tensor([[9.9993e-01, 3.2502e-05, 3.1413e-34],
        [3.2502e-05, 3.1413e-34, 0.0000e+00],
        [3.1413e-34, 0.0000e+00, 0.0000e+00]])
2023-12-29 03:36:52,976 | INFO | hilo.kernel-accessor : Fetching kernel: gumbel
2023-12-29 03:36:52,976 | INFO | hilo.gumbel-kernel : Calculating Gumbel distribution (location: -0.4472424387931824, scale 0.7375394105911255)
2023-12-29 03:36:52,977 | INFO | hilo.gumbel-kernel : TOP-LEFT:
tensor([[9.9997e-01, 1.6026e-05, 1.9728e-22],
        [1.6026e-05, 1.9728e-22, 0.0000e+00],
        [1.9728e-22, 0.0000e+00, 0.0000e+00]])
2023-12-29 03:36:52,977 | INFO | hilo.kernel-accessor : Fetching kernel: gumbel
2023-12-29 03:36:52,977 | INFO | hilo.gumbel-kernel : Calculating Gumbel distribution (location: -0.9218278527259827, scale 1.2135664224624634)
2023-12-29 03:36:52,978 | INFO | hilo.gumbel-kernel : BOTTOM-RIGHT:
tensor([[0.0000e+00, 2.5360e-23, 9.0432e-10],
        [2.5360e-23, 9.0432e-10, 1.2650e-03],
        [9.0432e-10, 1.2650e-03, 9.9747e-01]])
2023-12-29 03:36:52,978 | INFO | hilo.kernel-accessor : Fetching kernel: gumbel
2023-12-29 03:36:52,978 | INFO | hilo.gumbel-kernel : Calculating Gumbel distribution (location: -0.48146578669548035, scale 0.8220486044883728)
2023-12-29 03:36:52,979 | INFO | hilo.gumbel-kernel : STATIC:
tensor([[9.9972e-01, 1.3909e-04, 2.4053e-16],
        [1.3909e-04, 2.4053e-16, 0.0000e+00],
        [2.4053e-16, 0.0000e+00, 0.0000e+00]])
2023-12-29 03:37:01,192 | INFO | hilo : Epoch   2/200 | Accuracy:  53.1250 | Loss:   1.3093
2023-12-29 03:37:01,192 | INFO | hilo.kernel-accessor : Fetching kernel: gumbel
2023-12-29 03:37:01,193 | INFO | hilo.gumbel-kernel : Calculating Gumbel distribution (location: 0.1653117835521698, scale 0.483643114566803)
2023-12-29 03:37:01,194 | INFO | hilo.gumbel-kernel : TOP-LEFT:
tensor([[9.9231e-01, 3.8429e-03, 5.2076e-16],
        [3.8429e-03, 5.2076e-16, 0.0000e+00],
        [5.2076e-16, 0.0000e+00, 0.0000e+00]])
2023-12-29 03:37:01,194 | INFO | hilo.kernel-accessor : Fetching kernel: gumbel
2023-12-29 03:37:01,194 | INFO | hilo.gumbel-kernel : Calculating Gumbel distribution (location: -0.487640917301178, scale 0.9180717468261719)
2023-12-29 03:37:01,195 | INFO | hilo.gumbel-kernel : BOTTOM-RIGHT:
tensor([[0.0000e+00, 7.1288e-34, 1.6270e-11],
        [7.1288e-34, 1.6270e-11, 1.1175e-03],
        [1.6270e-11, 1.1175e-03, 9.9776e-01]])
2023-12-29 03:37:01,195 | INFO | hilo.kernel-accessor : Fetching kernel: gumbel
2023-12-29 03:37:01,196 | INFO | hilo.gumbel-kernel : Calculating Gumbel distribution (location: -1.713975429534912, scale 2.2388553619384766)
2023-12-29 03:37:01,196 | INFO | hilo.gumbel-kernel : STATIC:
tensor([[9.1218e-01, 4.3202e-02, 4.7239e-04],
        [4.3202e-02, 4.7239e-04, 5.2243e-07],
        [4.7239e-04, 5.2243e-07, 1.6083e-11]])
2023-12-29 03:37:01,196 | INFO | hilo.kernel-accessor : Fetching kernel: gumbel
2023-12-29 03:37:01,197 | INFO | hilo.gumbel-kernel : Calculating Gumbel distribution (location: -0.8055590391159058, scale 1.3624149560928345)
2023-12-29 03:37:01,197 | INFO | hilo.gumbel-kernel : TOP-LEFT:
tensor([[9.7275e-01, 1.3619e-02, 4.1415e-06],
        [1.3619e-02, 4.1415e-06, 4.3184e-13],
        [4.1415e-06, 4.3184e-13, 2.7220e-27]])
2023-12-29 03:37:09,545 | INFO | hilo : Epoch   3/200 | Accuracy:  50.7102 | Loss:   1.4628
2023-12-29 03:37:09,545 | INFO | hilo.kernel-accessor : Fetching kernel: gumbel
2023-12-29 03:37:09,546 | INFO | hilo.gumbel-kernel : Calculating Gumbel distribution (location: -0.11184431612491608, scale 0.5023733973503113)
2023-12-29 03:37:09,547 | INFO | hilo.gumbel-kernel : TOP-LEFT:
tensor([[9.9999e-01, 7.1045e-06, 4.2675e-38],
        [7.1045e-06, 4.2675e-38, 0.0000e+00],
        [4.2675e-38, 0.0000e+00, 0.0000e+00]])
2023-12-29 03:37:09,547 | INFO | hilo.kernel-accessor : Fetching kernel: gumbel
2023-12-29 03:37:09,547 | INFO | hilo.gumbel-kernel : Calculating Gumbel distribution (location: -0.6985959410667419, scale 0.9527109265327454)
2023-12-29 03:37:09,548 | INFO | hilo.gumbel-kernel : BOTTOM-RIGHT:
tensor([[0.0000e+00, 0.0000e+00, 4.0763e-15],
        [0.0000e+00, 4.0763e-15, 1.1202e-04],
        [4.0763e-15, 1.1202e-04, 9.9978e-01]])
2023-12-29 03:37:09,548 | INFO | hilo.kernel-accessor : Fetching kernel: gumbel
2023-12-29 03:37:09,549 | INFO | hilo.gumbel-kernel : Calculating Gumbel distribution (location: -1.3465781211853027, scale 1.863250970840454)
2023-12-29 03:37:09,549 | INFO | hilo.gumbel-kernel : TOP-LEFT:
tensor([[9.4547e-01, 2.7128e-02, 9.1463e-05],
        [2.7128e-02, 9.1463e-05, 7.9166e-09],
        [9.1463e-05, 7.9166e-09, 1.3046e-15]])
2023-12-29 03:37:09,549 | INFO | hilo.kernel-accessor : Fetching kernel: gumbel
2023-12-29 03:37:09,550 | INFO | hilo.gumbel-kernel : Calculating Gumbel distribution (location: -1.2369056940078735, scale 1.9029165506362915)
2023-12-29 03:37:09,550 | INFO | hilo.gumbel-kernel : BOTTOM-RIGHT:
tensor([[3.9945e-13, 1.4444e-07, 3.4619e-04],
        [1.4444e-07, 3.4619e-04, 4.2737e-02],
        [3.4619e-04, 4.2737e-02, 9.1349e-01]])
2023-12-29 03:37:17,708 | INFO | hilo : Epoch   4/200 | Accuracy:  52.0312 | Loss:   1.3459
2023-12-29 03:37:17,708 | INFO | hilo.kernel-accessor : Fetching kernel: gumbel
2023-12-29 03:37:17,709 | INFO | hilo.gumbel-kernel : Calculating Gumbel distribution (location: 0.0488772988319397, scale 0.5044507384300232)
2023-12-29 03:37:17,710 | INFO | hilo.gumbel-kernel : TOP-LEFT:
tensor([[9.9842e-01, 7.9196e-04, 5.9993e-21],
        [7.9196e-04, 5.9994e-21, 0.0000e+00],
        [5.9993e-21, 0.0000e+00, 0.0000e+00]])
2023-12-29 03:37:17,710 | INFO | hilo.kernel-accessor : Fetching kernel: gumbel
2023-12-29 03:37:17,710 | INFO | hilo.gumbel-kernel : Calculating Gumbel distribution (location: -0.7243168354034424, scale 0.9228201508522034)
2023-12-29 03:37:17,711 | INFO | hilo.gumbel-kernel : BOTTOM-RIGHT:
tensor([[0.0000e+00, 0.0000e+00, 8.2521e-18],
        [0.0000e+00, 8.2521e-18, 2.8075e-05],
        [8.2521e-18, 2.8075e-05, 9.9994e-01]])
2023-12-29 03:37:17,711 | INFO | hilo.kernel-accessor : Fetching kernel: gumbel
2023-12-29 03:37:17,711 | INFO | hilo.gumbel-kernel : Calculating Gumbel distribution (location: -1.2910559177398682, scale 1.9712969064712524)
2023-12-29 03:37:17,712 | INFO | hilo.gumbel-kernel : TOP-LEFT:
tensor([[9.0442e-01, 4.7061e-02, 4.8562e-04],
        [4.7061e-02, 4.8562e-04, 3.4117e-07],
        [4.8562e-04, 3.4117e-07, 2.7645e-12]])
2023-12-29 03:37:17,712 | INFO | hilo.kernel-accessor : Fetching kernel: gumbel
2023-12-29 03:37:17,712 | INFO | hilo.gumbel-kernel : Calculating Gumbel distribution (location: -1.66963791847229, scale 2.4593279361724854)
2023-12-29 03:37:17,713 | INFO | hilo.gumbel-kernel : STATIC:
tensor([[8.3365e-01, 7.8939e-02, 2.8092e-03],
        [7.8939e-02, 2.8092e-03, 2.2994e-05],
        [2.8092e-03, 2.2994e-05, 2.0710e-08]])
2023-12-29 03:37:26,028 | INFO | hilo : Epoch   5/200 | Accuracy:  49.8047 | Loss:   1.3891
2023-12-29 03:37:26,029 | INFO | hilo.kernel-accessor : Fetching kernel: gumbel
2023-12-29 03:37:26,029 | INFO | hilo.gumbel-kernel : Calculating Gumbel distribution (location: -0.10823869705200195, scale 0.4917583465576172)
2023-12-29 03:37:26,030 | INFO | hilo.gumbel-kernel : STATIC:
tensor([[9.9999e-01, 4.3422e-06, 3.3865e-41],
        [4.3422e-06, 3.3865e-41, 0.0000e+00],
        [3.3865e-41, 0.0000e+00, 0.0000e+00]])
2023-12-29 03:37:26,030 | INFO | hilo.kernel-accessor : Fetching kernel: gumbel
2023-12-29 03:37:26,031 | INFO | hilo.gumbel-kernel : Calculating Gumbel distribution (location: -0.7373620271682739, scale 0.9506176114082336)
2023-12-29 03:37:26,031 | INFO | hilo.gumbel-kernel : TOP-LEFT:
tensor([[9.9989e-01, 5.3156e-05, 2.1788e-16],
        [5.3156e-05, 2.1788e-16, 0.0000e+00],
        [2.1788e-16, 0.0000e+00, 0.0000e+00]])
2023-12-29 03:37:26,031 | INFO | hilo.kernel-accessor : Fetching kernel: gumbel
2023-12-29 03:37:26,032 | INFO | hilo.gumbel-kernel : Calculating Gumbel distribution (location: -1.6079307794570923, scale 2.2645246982574463)
2023-12-29 03:37:26,032 | INFO | hilo.gumbel-kernel : BOTTOM-RIGHT:
tensor([[2.9132e-10, 2.5619e-06, 1.0308e-03],
        [2.5619e-06, 1.0308e-03, 5.7074e-02],
        [1.0308e-03, 5.7074e-02, 8.8275e-01]])
2023-12-29 03:37:26,033 | INFO | hilo.kernel-accessor : Fetching kernel: gumbel
2023-12-29 03:37:26,033 | INFO | hilo.gumbel-kernel : Calculating Gumbel distribution (location: -1.4040690660476685, scale 1.8310983180999756)
2023-12-29 03:37:26,033 | INFO | hilo.gumbel-kernel : TOP-LEFT:
tensor([[9.6150e-01, 1.9202e-02, 3.3209e-05],
        [1.9202e-02, 3.3209e-05, 8.4081e-10],
        [3.3209e-05, 8.4081e-10, 1.4484e-17]])
2023-12-29 03:37:34,260 | INFO | hilo : Epoch   6/200 | Accuracy:  57.0312 | Loss:   1.3491
2023-12-29 03:37:34,261 | INFO | hilo.kernel-accessor : Fetching kernel: gumbel
2023-12-29 03:37:34,261 | INFO | hilo.gumbel-kernel : Calculating Gumbel distribution (location: -0.029413346201181412, scale 0.5467157959938049)
2023-12-29 03:37:34,262 | INFO | hilo.gumbel-kernel : BOTTOM-RIGHT:
tensor([[0.0000e+00, 0.0000e+00, 1.3601e-20],
        [0.0000e+00, 1.3601e-20, 4.7495e-04],
        [1.3601e-20, 4.7495e-04, 9.9905e-01]])
2023-12-29 03:37:34,262 | INFO | hilo.kernel-accessor : Fetching kernel: gumbel
2023-12-29 03:37:34,263 | INFO | hilo.gumbel-kernel : Calculating Gumbel distribution (location: -0.7498302459716797, scale 0.9824004769325256)
2023-12-29 03:37:34,263 | INFO | hilo.gumbel-kernel : BOTTOM-RIGHT:
tensor([[0.0000e+00, 1.8946e-42, 6.4157e-15],
        [1.8946e-42, 6.4157e-15, 1.0600e-04],
        [6.4157e-15, 1.0600e-04, 9.9979e-01]])
2023-12-29 03:37:34,264 | INFO | hilo.kernel-accessor : Fetching kernel: gumbel
2023-12-29 03:37:34,264 | INFO | hilo.gumbel-kernel : Calculating Gumbel distribution (location: -1.9339098930358887, scale 2.6252200603485107)
2023-12-29 03:37:34,265 | INFO | hilo.gumbel-kernel : STATIC:
tensor([[8.4010e-01, 7.5901e-02, 2.6841e-03],
        [7.5901e-02, 2.6841e-03, 2.4049e-05],
        [2.6841e-03, 2.4049e-05, 2.8889e-08]])
2023-12-29 03:37:34,265 | INFO | hilo.kernel-accessor : Fetching kernel: gumbel
2023-12-29 03:37:34,265 | INFO | hilo.gumbel-kernel : Calculating Gumbel distribution (location: -1.4516713619232178, scale 1.9634792804718018)
2023-12-29 03:37:34,266 | INFO | hilo.gumbel-kernel : TOP-LEFT:
tensor([[9.3835e-01, 3.0607e-02, 1.4418e-04],
        [3.0607e-02, 1.4418e-04, 2.7136e-08],
        [1.4418e-04, 2.7136e-08, 2.4042e-14]])
2023-12-29 03:37:42,658 | INFO | hilo : Epoch   7/200 | Accuracy:  62.5000 | Loss:   1.4773
2023-12-29 03:37:42,658 | INFO | hilo.kernel-accessor : Fetching kernel: gumbel
2023-12-29 03:37:42,659 | INFO | hilo.gumbel-kernel : Calculating Gumbel distribution (location: -0.08468678593635559, scale 0.5034137964248657)
2023-12-29 03:37:42,659 | INFO | hilo.gumbel-kernel : BOTTOM-RIGHT:
tensor([[0.0000e+00, 0.0000e+00, 3.7611e-34],
        [0.0000e+00, 3.7611e-34, 2.0571e-05],
        [3.7611e-34, 2.0571e-05, 9.9996e-01]])
2023-12-29 03:37:42,660 | INFO | hilo.kernel-accessor : Fetching kernel: gumbel
2023-12-29 03:37:42,660 | INFO | hilo.gumbel-kernel : Calculating Gumbel distribution (location: -0.891272783279419, scale 0.989876925945282)
2023-12-29 03:37:42,661 | INFO | hilo.gumbel-kernel : BOTTOM-RIGHT:
tensor([[0.0000e+00, 0.0000e+00, 8.3540e-19],
        [0.0000e+00, 8.3540e-19, 9.3282e-06],
        [8.3540e-19, 9.3282e-06, 9.9998e-01]])
2023-12-29 03:37:42,661 | INFO | hilo.kernel-accessor : Fetching kernel: gumbel
2023-12-29 03:37:42,661 | INFO | hilo.gumbel-kernel : Calculating Gumbel distribution (location: -1.4210724830627441, scale 2.3430066108703613)
2023-12-29 03:37:42,662 | INFO | hilo.gumbel-kernel : TOP-LEFT:
tensor([[8.1197e-01, 8.8412e-02, 3.7110e-03],
        [8.8412e-02, 3.7110e-03, 3.6149e-05],
        [3.7110e-03, 3.6149e-05, 3.7550e-08]])
2023-12-29 03:37:42,662 | INFO | hilo.kernel-accessor : Fetching kernel: gumbel
2023-12-29 03:37:42,662 | INFO | hilo.gumbel-kernel : Calculating Gumbel distribution (location: -1.5879594087600708, scale 1.9605070352554321)
2023-12-29 03:37:42,663 | INFO | hilo.gumbel-kernel : BOTTOM-RIGHT:
tensor([[2.5663e-16, 2.3752e-09, 4.4380e-05],
        [2.3752e-09, 4.4380e-05, 1.9977e-02],
        [4.4380e-05, 1.9977e-02, 9.5991e-01]])
2023-12-29 03:37:51,089 | INFO | hilo : Epoch   8/200 | Accuracy:  57.8125 | Loss:   1.2574
2023-12-29 03:37:51,089 | INFO | hilo.kernel-accessor : Fetching kernel: gumbel
2023-12-29 03:37:51,090 | INFO | hilo.gumbel-kernel : Calculating Gumbel distribution (location: -0.0938519686460495, scale 0.508095383644104)
2023-12-29 03:37:51,091 | INFO | hilo.gumbel-kernel : STATIC:
tensor([[9.9996e-01, 1.8884e-05, 5.3535e-34],
        [1.8884e-05, 5.3537e-34, 0.0000e+00],
        [5.3535e-34, 0.0000e+00, 0.0000e+00]])
2023-12-29 03:37:51,091 | INFO | hilo.kernel-accessor : Fetching kernel: gumbel
2023-12-29 03:37:51,091 | INFO | hilo.gumbel-kernel : Calculating Gumbel distribution (location: -0.8270387649536133, scale 0.9966905117034912)
2023-12-29 03:37:51,092 | INFO | hilo.gumbel-kernel : TOP-LEFT:
tensor([[9.9992e-01, 4.1741e-05, 2.6865e-16],
        [4.1741e-05, 2.6865e-16, 0.0000e+00],
        [2.6865e-16, 0.0000e+00, 0.0000e+00]])
2023-12-29 03:37:51,092 | INFO | hilo.kernel-accessor : Fetching kernel: gumbel
2023-12-29 03:37:51,092 | INFO | hilo.gumbel-kernel : Calculating Gumbel distribution (location: -1.6248853206634521, scale 2.616847276687622)
2023-12-29 03:37:51,093 | INFO | hilo.gumbel-kernel : TOP-LEFT:
tensor([[7.6975e-01, 1.0486e-01, 6.7481e-03],
        [1.0486e-01, 6.7481e-03, 1.4470e-04],
        [6.7481e-03, 1.4470e-04, 6.2000e-07]])
2023-12-29 03:37:51,093 | INFO | hilo.kernel-accessor : Fetching kernel: gumbel
2023-12-29 03:37:51,093 | INFO | hilo.gumbel-kernel : Calculating Gumbel distribution (location: -2.3176755905151367, scale 2.688164710998535)
2023-12-29 03:37:51,094 | INFO | hilo.gumbel-kernel : TOP-LEFT:
tensor([[8.9846e-01, 4.9458e-02, 8.7157e-04],
        [4.9458e-02, 8.7157e-04, 2.9430e-06],
        [8.7157e-04, 2.9430e-06, 9.0436e-10]])
2023-12-29 03:37:59,442 | INFO | hilo : Epoch   9/200 | Accuracy:  53.2964 | Loss:   1.2398
2023-12-29 03:37:59,442 | INFO | hilo.kernel-accessor : Fetching kernel: gumbel
2023-12-29 03:37:59,443 | INFO | hilo.gumbel-kernel : Calculating Gumbel distribution (location: -0.09757804125547409, scale 0.5269612669944763)
2023-12-29 03:37:59,444 | INFO | hilo.gumbel-kernel : BOTTOM-RIGHT:
tensor([[0.0000e+00, 0.0000e+00, 9.9084e-30],
        [0.0000e+00, 9.9084e-30, 4.0682e-05],
        [9.9084e-30, 4.0682e-05, 9.9992e-01]])
2023-12-29 03:37:59,444 | INFO | hilo.kernel-accessor : Fetching kernel: gumbel
2023-12-29 03:37:59,444 | INFO | hilo.gumbel-kernel : Calculating Gumbel distribution (location: -0.8272351026535034, scale 0.9933246374130249)
2023-12-29 03:37:59,445 | INFO | hilo.gumbel-kernel : TOP-LEFT:
tensor([[9.9993e-01, 3.7493e-05, 1.6631e-16],
        [3.7493e-05, 1.6632e-16, 0.0000e+00],
        [1.6631e-16, 0.0000e+00, 0.0000e+00]])
2023-12-29 03:37:59,445 | INFO | hilo.kernel-accessor : Fetching kernel: gumbel
2023-12-29 03:37:59,445 | INFO | hilo.gumbel-kernel : Calculating Gumbel distribution (location: -1.60610032081604, scale 2.632094144821167)
2023-12-29 03:37:59,446 | INFO | hilo.gumbel-kernel : STATIC:
tensor([[7.5997e-01, 1.0855e-01, 7.5189e-03],
        [1.0855e-01, 7.5189e-03, 1.8073e-04],
        [7.5189e-03, 1.8073e-04, 9.2435e-07]])
2023-12-29 03:37:59,446 | INFO | hilo.kernel-accessor : Fetching kernel: gumbel
2023-12-29 03:37:59,446 | INFO | hilo.gumbel-kernel : Calculating Gumbel distribution (location: -2.3384993076324463, scale 2.7695889472961426)
2023-12-29 03:37:59,447 | INFO | hilo.gumbel-kernel : BOTTOM-RIGHT:
tensor([[5.0591e-09, 7.5939e-06, 1.3859e-03],
        [7.5939e-06, 1.3859e-03, 5.8236e-02],
        [1.3859e-03, 5.8236e-02, 8.7936e-01]])
2023-12-29 03:38:07,777 | INFO | hilo : Epoch  10/200 | Accuracy:  64.0625 | Loss:   1.6126
2023-12-29 03:38:07,778 | INFO | hilo.kernel-accessor : Fetching kernel: gumbel
2023-12-29 03:38:07,778 | INFO | hilo.gumbel-kernel : Calculating Gumbel distribution (location: 0.057454608380794525, scale 0.479804128408432)
2023-12-29 03:38:07,779 | INFO | hilo.gumbel-kernel : BOTTOM-RIGHT:
tensor([[0.0000e+00, 0.0000e+00, 2.8009e-24],
        [0.0000e+00, 2.8009e-24, 4.8844e-04],
        [2.8009e-24, 4.8844e-04, 9.9902e-01]])
2023-12-29 03:38:07,779 | INFO | hilo.kernel-accessor : Fetching kernel: gumbel
2023-12-29 03:38:07,780 | INFO | hilo.gumbel-kernel : Calculating Gumbel distribution (location: -0.7221317291259766, scale 1.038826584815979)
2023-12-29 03:38:07,780 | INFO | hilo.gumbel-kernel : BOTTOM-RIGHT:
tensor([[0.0000e+00, 1.4913e-31, 8.8778e-12],
        [1.4913e-31, 8.8778e-12, 5.7342e-04],
        [8.8778e-12, 5.7342e-04, 9.9885e-01]])
2023-12-29 03:38:07,780 | INFO | hilo.kernel-accessor : Fetching kernel: gumbel
2023-12-29 03:38:07,781 | INFO | hilo.gumbel-kernel : Calculating Gumbel distribution (location: -1.8933343887329102, scale 2.900794506072998)
2023-12-29 03:38:07,781 | INFO | hilo.gumbel-kernel : BOTTOM-RIGHT:
tensor([[3.2459e-06, 3.2814e-04, 9.5471e-03],
        [3.2814e-04, 9.5471e-03, 1.1495e-01],
        [9.5471e-03, 1.1495e-01, 7.4080e-01]])
2023-12-29 03:38:07,781 | INFO | hilo.kernel-accessor : Fetching kernel: gumbel
2023-12-29 03:38:07,782 | INFO | hilo.gumbel-kernel : Calculating Gumbel distribution (location: -1.6490790843963623, scale 2.2570438385009766)
2023-12-29 03:38:07,782 | INFO | hilo.gumbel-kernel : STATIC:
tensor([[8.9386e-01, 5.1885e-02, 7.8872e-04],
        [5.1885e-02, 7.8872e-04, 1.4878e-06],
        [7.8872e-04, 1.4878e-06, 1.0882e-10]])
2023-12-29 03:38:16,198 | INFO | hilo : Epoch  11/200 | Accuracy:  54.5312 | Loss:   1.6375
2023-12-29 03:38:16,198 | INFO | hilo.kernel-accessor : Fetching kernel: gumbel
2023-12-29 03:38:16,199 | INFO | hilo.gumbel-kernel : Calculating Gumbel distribution (location: -0.020359553396701813, scale 0.46834930777549744)
2023-12-29 03:38:16,200 | INFO | hilo.gumbel-kernel : TOP-LEFT:
tensor([[9.9993e-01, 3.4620e-05, 5.3154e-36],
        [3.4620e-05, 5.3154e-36, 0.0000e+00],
        [5.3154e-36, 0.0000e+00, 0.0000e+00]])
2023-12-29 03:38:16,200 | INFO | hilo.kernel-accessor : Fetching kernel: gumbel
2023-12-29 03:38:16,200 | INFO | hilo.gumbel-kernel : Calculating Gumbel distribution (location: -0.6818439960479736, scale 0.926850438117981)
2023-12-29 03:38:16,201 | INFO | hilo.gumbel-kernel : TOP-LEFT:
tensor([[9.9986e-01, 7.2332e-05, 3.8853e-16],
        [7.2332e-05, 3.8853e-16, 0.0000e+00],
        [3.8853e-16, 0.0000e+00, 0.0000e+00]])
2023-12-29 03:38:16,201 | INFO | hilo.kernel-accessor : Fetching kernel: gumbel
2023-12-29 03:38:16,201 | INFO | hilo.gumbel-kernel : Calculating Gumbel distribution (location: -1.847336769104004, scale 2.7614264488220215)
2023-12-29 03:38:16,202 | INFO | hilo.gumbel-kernel : STATIC:
tensor([[7.7546e-01, 1.0232e-01, 6.5340e-03],
        [1.0232e-01, 6.5340e-03, 1.4710e-04],
        [6.5340e-03, 1.4710e-04, 7.4085e-07]])
2023-12-29 03:38:16,202 | INFO | hilo.kernel-accessor : Fetching kernel: gumbel
2023-12-29 03:38:16,202 | INFO | hilo.gumbel-kernel : Calculating Gumbel distribution (location: -1.89615797996521, scale 2.2810022830963135)
2023-12-29 03:38:16,203 | INFO | hilo.gumbel-kernel : STATIC:
tensor([[9.3313e-01, 3.3078e-02, 2.3760e-04],
        [3.3078e-02, 2.3760e-04, 1.4368e-07],
        [2.3760e-04, 1.4368e-07, 1.8741e-12]])
2023-12-29 03:38:24,484 | INFO | hilo : Epoch  12/200 | Accuracy:  67.1875 | Loss:   1.1982
2023-12-29 03:38:24,485 | INFO | hilo.kernel-accessor : Fetching kernel: gumbel
2023-12-29 03:38:24,485 | INFO | hilo.gumbel-kernel : Calculating Gumbel distribution (location: 0.0013250805204734206, scale 0.4859199523925781)
2023-12-29 03:38:24,486 | INFO | hilo.gumbel-kernel : STATIC:
tensor([[9.9971e-01, 1.4324e-04, 1.4573e-28],
        [1.4324e-04, 1.4573e-28, 0.0000e+00],
        [1.4573e-28, 0.0000e+00, 0.0000e+00]])
2023-12-29 03:38:24,486 | INFO | hilo.kernel-accessor : Fetching kernel: gumbel
2023-12-29 03:38:24,486 | INFO | hilo.gumbel-kernel : Calculating Gumbel distribution (location: -0.6871850490570068, scale 0.9970698356628418)
2023-12-29 03:38:24,487 | INFO | hilo.gumbel-kernel : STATIC:
tensor([[9.9922e-01, 3.8796e-04, 1.1008e-12],
        [3.8796e-04, 1.1008e-12, 3.1033e-35],
        [1.1008e-12, 3.1033e-35, 0.0000e+00]])
2023-12-29 03:38:24,487 | INFO | hilo.kernel-accessor : Fetching kernel: gumbel
2023-12-29 03:38:24,487 | INFO | hilo.gumbel-kernel : Calculating Gumbel distribution (location: -2.025338649749756, scale 3.033574342727661)
2023-12-29 03:38:24,488 | INFO | hilo.gumbel-kernel : STATIC:
tensor([[7.2890e-01, 1.1883e-01, 1.0851e-02],
        [1.1883e-01, 1.0851e-02, 4.4265e-04],
        [1.0851e-02, 4.4265e-04, 5.8886e-06]])
2023-12-29 03:38:24,488 | INFO | hilo.kernel-accessor : Fetching kernel: gumbel
2023-12-29 03:38:24,488 | INFO | hilo.gumbel-kernel : Calculating Gumbel distribution (location: -1.7039486169815063, scale 2.0821540355682373)
2023-12-29 03:38:24,489 | INFO | hilo.gumbel-kernel : BOTTOM-RIGHT:
tensor([[1.3720e-14, 1.4367e-08, 9.1404e-05],
        [1.4367e-08, 9.1404e-05, 2.4745e-02],
        [9.1404e-05, 2.4745e-02, 9.5024e-01]])
2023-12-29 03:38:32,882 | INFO | hilo : Epoch  13/200 | Accuracy:  58.2812 | Loss:   1.4075
2023-12-29 03:38:32,882 | INFO | hilo.kernel-accessor : Fetching kernel: gumbel
2023-12-29 03:38:32,883 | INFO | hilo.gumbel-kernel : Calculating Gumbel distribution (location: 0.013365677557885647, scale 0.5253044366836548)
2023-12-29 03:38:32,884 | INFO | hilo.gumbel-kernel : TOP-LEFT:
tensor([[9.9869e-01, 6.5423e-04, 1.4890e-20],
        [6.5423e-04, 1.4891e-20, 0.0000e+00],
        [1.4890e-20, 0.0000e+00, 0.0000e+00]])
2023-12-29 03:38:32,884 | INFO | hilo.kernel-accessor : Fetching kernel: gumbel
2023-12-29 03:38:32,884 | INFO | hilo.gumbel-kernel : Calculating Gumbel distribution (location: -0.6798321008682251, scale 1.0198358297348022)
2023-12-29 03:38:32,885 | INFO | hilo.gumbel-kernel : TOP-LEFT:
tensor([[9.9865e-01, 6.7478e-04, 1.2216e-11],
        [6.7478e-04, 1.2216e-11, 1.4329e-31],
        [1.2216e-11, 1.4329e-31, 0.0000e+00]])
2023-12-29 03:38:32,885 | INFO | hilo.kernel-accessor : Fetching kernel: gumbel
2023-12-29 03:38:32,885 | INFO | hilo.gumbel-kernel : Calculating Gumbel distribution (location: -2.1860544681549072, scale 3.144835948944092)
2023-12-29 03:38:32,886 | INFO | hilo.gumbel-kernel : BOTTOM-RIGHT:
tensor([[6.8036e-06, 4.6312e-04, 1.0889e-02],
        [4.6312e-04, 1.0889e-02, 1.1814e-01],
        [1.0889e-02, 1.1814e-01, 7.3012e-01]])
2023-12-29 03:38:32,886 | INFO | hilo.kernel-accessor : Fetching kernel: gumbel
2023-12-29 03:38:32,886 | INFO | hilo.gumbel-kernel : Calculating Gumbel distribution (location: -1.848265528678894, scale 2.2393767833709717)
2023-12-29 03:38:32,886 | INFO | hilo.gumbel-kernel : BOTTOM-RIGHT:
tensor([[9.0323e-13, 1.0302e-07, 2.0820e-04],
        [1.0302e-07, 2.0820e-04, 3.1866e-02],
        [2.0820e-04, 3.1866e-02, 9.3564e-01]])
2023-12-29 03:38:41,336 | INFO | hilo : Epoch  14/200 | Accuracy:  63.4375 | Loss:   1.2029
2023-12-29 03:38:41,337 | INFO | hilo.kernel-accessor : Fetching kernel: gumbel
2023-12-29 03:38:41,337 | INFO | hilo.gumbel-kernel : Calculating Gumbel distribution (location: -0.06154719740152359, scale 0.4978947639465332)
2023-12-29 03:38:41,338 | INFO | hilo.gumbel-kernel : BOTTOM-RIGHT:
tensor([[0.0000e+00, 0.0000e+00, 8.5407e-33],
        [0.0000e+00, 8.5410e-33, 3.4661e-05],
        [8.5407e-33, 3.4661e-05, 9.9993e-01]])
2023-12-29 03:38:41,338 | INFO | hilo.kernel-accessor : Fetching kernel: gumbel
2023-12-29 03:38:41,339 | INFO | hilo.gumbel-kernel : Calculating Gumbel distribution (location: -0.6681891083717346, scale 0.960655152797699)
2023-12-29 03:38:41,339 | INFO | hilo.gumbel-kernel : STATIC:
tensor([[9.9955e-01, 2.2386e-04, 6.9524e-14],
        [2.2386e-04, 6.9524e-14, 5.5572e-40],
        [6.9524e-14, 5.5572e-40, 0.0000e+00]])
2023-12-29 03:38:41,339 | INFO | hilo.kernel-accessor : Fetching kernel: gumbel
2023-12-29 03:38:41,340 | INFO | hilo.gumbel-kernel : Calculating Gumbel distribution (location: -1.755650281906128, scale 2.9718966484069824)
2023-12-29 03:38:41,340 | INFO | hilo.gumbel-kernel : BOTTOM-RIGHT:
tensor([[1.6958e-05, 8.4974e-04, 1.5319e-02],
        [8.4974e-04, 1.5319e-02, 1.3307e-01],
        [1.5319e-02, 1.3307e-01, 6.8618e-01]])
2023-12-29 03:38:41,340 | INFO | hilo.kernel-accessor : Fetching kernel: gumbel
2023-12-29 03:38:41,341 | INFO | hilo.gumbel-kernel : Calculating Gumbel distribution (location: -2.3545541763305664, scale 2.797266721725464)
2023-12-29 03:38:41,341 | INFO | hilo.gumbel-kernel : STATIC:
tensor([[8.7439e-01, 6.0475e-02, 1.5475e-03],
        [6.0475e-02, 1.5475e-03, 9.5555e-06],
        [1.5475e-03, 9.5555e-06, 7.7297e-09]])
2023-12-29 03:38:49,764 | INFO | hilo : Epoch  15/200 | Accuracy:  60.9375 | Loss:   1.2283
2023-12-29 03:38:49,764 | INFO | hilo.kernel-accessor : Fetching kernel: gumbel
2023-12-29 03:38:49,765 | INFO | hilo.gumbel-kernel : Calculating Gumbel distribution (location: -0.11425428092479706, scale 0.4405992329120636)
2023-12-29 03:38:49,765 | INFO | hilo.gumbel-kernel : STATIC:
tensor([[1.0000e+00, 4.8449e-08, 0.0000e+00],
        [4.8449e-08, 0.0000e+00, 0.0000e+00],
        [0.0000e+00, 0.0000e+00, 0.0000e+00]])
2023-12-29 03:38:49,766 | INFO | hilo.kernel-accessor : Fetching kernel: gumbel
2023-12-29 03:38:49,766 | INFO | hilo.gumbel-kernel : Calculating Gumbel distribution (location: -0.7569516897201538, scale 0.8550304770469666)
2023-12-29 03:38:49,766 | INFO | hilo.gumbel-kernel : TOP-LEFT:
tensor([[1.0000e+00, 6.7158e-07, 1.1882e-25],
        [6.7158e-07, 1.1882e-25, 0.0000e+00],
        [1.1882e-25, 0.0000e+00, 0.0000e+00]])
2023-12-29 03:38:49,767 | INFO | hilo.kernel-accessor : Fetching kernel: gumbel
2023-12-29 03:38:49,767 | INFO | hilo.gumbel-kernel : Calculating Gumbel distribution (location: -1.3848276138305664, scale 2.337489128112793)
2023-12-29 03:38:49,767 | INFO | hilo.gumbel-kernel : STATIC:
tensor([[8.0458e-01, 9.1516e-02, 4.0981e-03],
        [9.1516e-02, 4.0981e-03, 4.3923e-05],
        [4.0981e-03, 4.3923e-05, 5.2515e-08]])
2023-12-29 03:38:49,768 | INFO | hilo.kernel-accessor : Fetching kernel: gumbel
2023-12-29 03:38:49,768 | INFO | hilo.gumbel-kernel : Calculating Gumbel distribution (location: -1.713857650756836, scale 2.1029903888702393)
2023-12-29 03:38:49,769 | INFO | hilo.gumbel-kernel : TOP-LEFT:
tensor([[9.4702e-01, 2.6327e-02, 1.1037e-04],
        [2.6327e-02, 1.1037e-04, 2.2054e-08],
        [1.1037e-04, 2.2054e-08, 3.2926e-14]])
2023-12-29 03:38:58,331 | INFO | hilo : Epoch  16/200 | Accuracy:  59.8958 | Loss:   1.9070
2023-12-29 03:38:58,331 | INFO | hilo.kernel-accessor : Fetching kernel: gumbel
2023-12-29 03:38:58,331 | INFO | hilo.gumbel-kernel : Calculating Gumbel distribution (location: -0.09868353605270386, scale 0.5217722654342651)
2023-12-29 03:38:58,332 | INFO | hilo.gumbel-kernel : TOP-LEFT:
tensor([[9.9994e-01, 3.1066e-05, 4.7541e-31],
        [3.1066e-05, 4.7541e-31, 0.0000e+00],
        [4.7541e-31, 0.0000e+00, 0.0000e+00]])
2023-12-29 03:38:58,332 | INFO | hilo.kernel-accessor : Fetching kernel: gumbel
2023-12-29 03:38:58,333 | INFO | hilo.gumbel-kernel : Calculating Gumbel distribution (location: -0.7452027797698975, scale 0.9871312975883484)
2023-12-29 03:38:58,333 | INFO | hilo.gumbel-kernel : TOP-LEFT:
tensor([[9.9974e-01, 1.2952e-04, 1.5063e-14],
        [1.2952e-04, 1.5063e-14, 3.9320e-41],
        [1.5063e-14, 3.9320e-41, 0.0000e+00]])
2023-12-29 03:38:58,333 | INFO | hilo.kernel-accessor : Fetching kernel: gumbel
2023-12-29 03:38:58,334 | INFO | hilo.gumbel-kernel : Calculating Gumbel distribution (location: -1.7644143104553223, scale 2.763493061065674)
2023-12-29 03:38:58,334 | INFO | hilo.gumbel-kernel : BOTTOM-RIGHT:
tensor([[1.5305e-06, 2.2515e-04, 8.1225e-03],
        [2.2515e-04, 8.1225e-03, 1.1011e-01],
        [8.1225e-03, 1.1011e-01, 7.5496e-01]])
2023-12-29 03:38:58,335 | INFO | hilo.kernel-accessor : Fetching kernel: gumbel
2023-12-29 03:38:58,335 | INFO | hilo.gumbel-kernel : Calculating Gumbel distribution (location: -2.443251132965088, scale 2.6274869441986084)
2023-12-29 03:38:58,336 | INFO | hilo.gumbel-kernel : BOTTOM-RIGHT:
tensor([[2.0679e-11, 3.3660e-07, 2.8699e-04],
        [3.3660e-07, 2.8699e-04, 3.2602e-02],
        [2.8699e-04, 3.2602e-02, 9.3393e-01]])
2023-12-29 03:39:06,809 | INFO | hilo : Epoch  17/200 | Accuracy:  67.1875 | Loss:   1.3944
2023-12-29 03:39:06,809 | INFO | hilo.kernel-accessor : Fetching kernel: gumbel
2023-12-29 03:39:06,810 | INFO | hilo.gumbel-kernel : Calculating Gumbel distribution (location: -0.1727786362171173, scale 0.46016278862953186)
2023-12-29 03:39:06,810 | INFO | hilo.gumbel-kernel : STATIC:
tensor([[1.0000e+00, 7.7823e-09, 0.0000e+00],
        [7.7823e-09, 0.0000e+00, 0.0000e+00],
        [0.0000e+00, 0.0000e+00, 0.0000e+00]])
2023-12-29 03:39:06,811 | INFO | hilo.kernel-accessor : Fetching kernel: gumbel
2023-12-29 03:39:06,811 | INFO | hilo.gumbel-kernel : Calculating Gumbel distribution (location: -0.705951452255249, scale 0.9018478989601135)
2023-12-29 03:39:06,811 | INFO | hilo.gumbel-kernel : STATIC:
tensor([[9.9996e-01, 1.9853e-05, 1.0578e-18],
        [1.9853e-05, 1.0578e-18, 0.0000e+00],
        [1.0578e-18, 0.0000e+00, 0.0000e+00]])
2023-12-29 03:39:06,812 | INFO | hilo.kernel-accessor : Fetching kernel: gumbel
2023-12-29 03:39:06,812 | INFO | hilo.gumbel-kernel : Calculating Gumbel distribution (location: -1.676687479019165, scale 2.542773485183716)
2023-12-29 03:39:06,812 | INFO | hilo.gumbel-kernel : TOP-LEFT:
tensor([[8.0741e-01, 8.9935e-02, 4.2054e-03],
        [8.9935e-02, 4.2054e-03, 5.4336e-05],
        [4.2054e-03, 5.4336e-05, 1.0439e-07]])
2023-12-29 03:39:06,813 | INFO | hilo.kernel-accessor : Fetching kernel: gumbel
2023-12-29 03:39:06,813 | INFO | hilo.gumbel-kernel : Calculating Gumbel distribution (location: -2.0404977798461914, scale 2.1443722248077393)
2023-12-29 03:39:06,814 | INFO | hilo.gumbel-kernel : STATIC:
tensor([[9.7716e-01, 1.1399e-02, 1.2461e-05],
        [1.1399e-02, 1.2461e-05, 3.1270e-10],
        [1.2461e-05, 3.1270e-10, 1.9130e-17]])
2023-12-29 03:39:15,305 | INFO | hilo : Epoch  18/200 | Accuracy:  62.5000 | Loss:   1.2283
2023-12-29 03:39:15,305 | INFO | hilo.kernel-accessor : Fetching kernel: gumbel
2023-12-29 03:39:15,306 | INFO | hilo.gumbel-kernel : Calculating Gumbel distribution (location: -0.061992399394512177, scale 0.4591526389122009)
2023-12-29 03:39:15,307 | INFO | hilo.gumbel-kernel : BOTTOM-RIGHT:
tensor([[0.0000e+00, 0.0000e+00, 0.0000e+00],
        [0.0000e+00, 0.0000e+00, 3.9865e-06],
        [0.0000e+00, 3.9865e-06, 9.9999e-01]])
2023-12-29 03:39:15,307 | INFO | hilo.kernel-accessor : Fetching kernel: gumbel
2023-12-29 03:39:15,307 | INFO | hilo.gumbel-kernel : Calculating Gumbel distribution (location: -0.739048957824707, scale 0.8938760161399841)
2023-12-29 03:39:15,308 | INFO | hilo.gumbel-kernel : TOP-LEFT:
tensor([[9.9999e-01, 6.8686e-06, 1.0818e-20],
        [6.8686e-06, 1.0818e-20, 0.0000e+00],
        [1.0818e-20, 0.0000e+00, 0.0000e+00]])
2023-12-29 03:39:15,308 | INFO | hilo.kernel-accessor : Fetching kernel: gumbel
2023-12-29 03:39:15,309 | INFO | hilo.gumbel-kernel : Calculating Gumbel distribution (location: -1.7996056079864502, scale 2.8768327236175537)
2023-12-29 03:39:15,309 | INFO | hilo.gumbel-kernel : TOP-LEFT:
tensor([[7.2645e-01, 1.2008e-01, 1.0852e-02],
        [1.2008e-01, 1.0852e-02, 4.1723e-04],
        [1.0852e-02, 4.1723e-04, 4.7835e-06]])
2023-12-29 03:39:15,309 | INFO | hilo.kernel-accessor : Fetching kernel: gumbel
2023-12-29 03:39:15,310 | INFO | hilo.gumbel-kernel : Calculating Gumbel distribution (location: -2.3256173133850098, scale 2.429046154022217)
2023-12-29 03:39:15,310 | INFO | hilo.gumbel-kernel : BOTTOM-RIGHT:
tensor([[8.2934e-14, 1.8162e-08, 7.2065e-05],
        [1.8162e-08, 7.2065e-05, 2.0055e-02],
        [7.2065e-05, 2.0055e-02, 9.5967e-01]])
2023-12-29 03:39:23,744 | INFO | hilo : Epoch  19/200 | Accuracy:  65.6250 | Loss:   1.3547
2023-12-29 03:39:23,744 | INFO | hilo.kernel-accessor : Fetching kernel: gumbel
2023-12-29 03:39:23,745 | INFO | hilo.gumbel-kernel : Calculating Gumbel distribution (location: -0.00405846256762743, scale 0.5207844972610474)
2023-12-29 03:39:23,746 | INFO | hilo.gumbel-kernel : TOP-LEFT:
tensor([[9.9921e-01, 3.9580e-04, 1.7474e-22],
        [3.9580e-04, 1.7474e-22, 0.0000e+00],
        [1.7474e-22, 0.0000e+00, 0.0000e+00]])
2023-12-29 03:39:23,746 | INFO | hilo.kernel-accessor : Fetching kernel: gumbel
2023-12-29 03:39:23,746 | INFO | hilo.gumbel-kernel : Calculating Gumbel distribution (location: -0.6995048522949219, scale 0.9673010110855103)
2023-12-29 03:39:23,747 | INFO | hilo.gumbel-kernel : TOP-LEFT:
tensor([[9.9968e-01, 1.6178e-04, 2.3078e-14],
        [1.6178e-04, 2.3078e-14, 3.1389e-41],
        [2.3078e-14, 3.1389e-41, 0.0000e+00]])
2023-12-29 03:39:23,747 | INFO | hilo.kernel-accessor : Fetching kernel: gumbel
2023-12-29 03:39:23,748 | INFO | hilo.gumbel-kernel : Calculating Gumbel distribution (location: -1.8248372077941895, scale 2.9011940956115723)
2023-12-29 03:39:23,748 | INFO | hilo.gumbel-kernel : STATIC:
tensor([[7.2459e-01, 1.2066e-01, 1.1072e-02],
        [1.2066e-01, 1.1072e-02, 4.3811e-04],
        [1.1072e-02, 4.3811e-04, 5.2881e-06]])
2023-12-29 03:39:23,749 | INFO | hilo.kernel-accessor : Fetching kernel: gumbel
2023-12-29 03:39:23,749 | INFO | hilo.gumbel-kernel : Calculating Gumbel distribution (location: -2.442410469055176, scale 2.6014397144317627)
2023-12-29 03:39:23,750 | INFO | hilo.gumbel-kernel : BOTTOM-RIGHT:
tensor([[8.5191e-12, 2.0637e-07, 2.2541e-04],
        [2.0637e-07, 2.2541e-04, 2.9849e-02],
        [2.2541e-04, 2.9849e-02, 9.3963e-01]])
2023-12-29 03:39:32,171 | INFO | hilo : Epoch  20/200 | Accuracy:  59.3750 | Loss:   1.1986
2023-12-29 03:39:32,171 | INFO | hilo.kernel-accessor : Fetching kernel: gumbel
2023-12-29 03:39:32,171 | INFO | hilo.gumbel-kernel : Calculating Gumbel distribution (location: 0.051455289125442505, scale 0.5265293717384338)
2023-12-29 03:39:32,172 | INFO | hilo.gumbel-kernel : TOP-LEFT:
tensor([[9.9721e-01, 1.3959e-03, 5.8081e-18],
        [1.3959e-03, 5.8081e-18, 0.0000e+00],
        [5.8081e-18, 0.0000e+00, 0.0000e+00]])
2023-12-29 03:39:32,172 | INFO | hilo.kernel-accessor : Fetching kernel: gumbel
2023-12-29 03:39:32,173 | INFO | hilo.gumbel-kernel : Calculating Gumbel distribution (location: -0.6963381767272949, scale 1.0113238096237183)
2023-12-29 03:39:32,173 | INFO | hilo.gumbel-kernel : TOP-LEFT:
tensor([[9.9908e-01, 4.6203e-04, 2.6621e-12],
        [4.6203e-04, 2.6621e-12, 1.0055e-33],
        [2.6621e-12, 1.0055e-33, 0.0000e+00]])
2023-12-29 03:39:32,173 | INFO | hilo.kernel-accessor : Fetching kernel: gumbel
2023-12-29 03:39:32,174 | INFO | hilo.gumbel-kernel : Calculating Gumbel distribution (location: -1.9104962348937988, scale 3.260082483291626)
2023-12-29 03:39:32,174 | INFO | hilo.gumbel-kernel : TOP-LEFT:
tensor([[6.3552e-01, 1.4674e-01, 2.2350e-02],
        [1.4674e-01, 2.2350e-02, 1.9338e-03],
        [2.2350e-02, 1.9338e-03, 7.7596e-05]])
2023-12-29 03:39:32,174 | INFO | hilo.kernel-accessor : Fetching kernel: gumbel
2023-12-29 03:39:32,175 | INFO | hilo.gumbel-kernel : Calculating Gumbel distribution (location: -2.9704232215881348, scale 3.0327770709991455)
2023-12-29 03:39:32,175 | INFO | hilo.gumbel-kernel : BOTTOM-RIGHT:
tensor([[8.9590e-10, 2.1390e-06, 6.3034e-04],
        [2.1390e-06, 6.3034e-04, 4.1263e-02],
        [6.3034e-04, 4.1263e-02, 9.1558e-01]])
2023-12-29 03:39:40,726 | INFO | hilo : Epoch  21/200 | Accuracy:  57.9770 | Loss:   1.2237
2023-12-29 03:39:40,726 | INFO | hilo.kernel-accessor : Fetching kernel: gumbel
2023-12-29 03:39:40,727 | INFO | hilo.gumbel-kernel : Calculating Gumbel distribution (location: 0.03770139440894127, scale 0.5170482397079468)
2023-12-29 03:39:40,728 | INFO | hilo.gumbel-kernel : TOP-LEFT:
tensor([[9.9827e-01, 8.6714e-04, 5.4068e-20],
