2023-12-09 03:40:39,712 | INFO | hi-lo : 
+==============================================================+
|                                                              |
| ██████╗  █████╗ ██████╗ ██╗         ██╗      █████╗ ██████╗  |
| ██╔══██╗██╔══██╗██╔══██╗██║         ██║     ██╔══██╗██╔══██╗ |
| ██║  ██║███████║██║  ██║██║         ██║     ███████║██████╔╝ |
| ██║  ██║██╔══██║██║  ██║██║         ██║     ██╔══██║██╔══██╗ |
| ██████╔╝██║  ██║██████╔╝███████╗    ███████╗██║  ██║██████╔╝ |
| ╚═════╝ ╚═╝  ╚═╝╚═════╝ ╚══════╝    ╚══════╝╚═╝  ╚═╝╚═════╝  |
|                                                              |
+==============================================================+
|             Hi-Lo Resolution Image Classification            |
|             -------------------------------------            |
|                       Gabriel C. Trahan                      |
|                          Sahan Ahmad                         |
|                       MD  Aminual Islam                      |
+==============================================================+
| MODEL:                 normal | LR:                      0.1 |
| DISTRO:              gaussian | KERNEL TYPE:               6 |
| DATASET:                mnist | BATCH SIZE:               64 |
+=========================================================================+
2023-12-09 03:40:39,712 | INFO | hi-lo : Output directory: output/normal/gaussian/6/mnist/20231209_034039
2023-12-09 03:40:39,712 | INFO | hi-lo.dataset-accessor : Fetching dataset: mnist
2023-12-09 03:40:39,712 | INFO | hi-lo.mnist-dataset : Initializing transform.
2023-12-09 03:40:39,712 | INFO | hi-lo.mnist-dataset : Verifying/downloading train data.
2023-12-09 03:40:39,767 | INFO | hi-lo.mnist-dataset : Verifying/downloading test data.
2023-12-09 03:40:39,773 | INFO | hi-lo.mnist-dataset : Creating train data loader.
2023-12-09 03:40:39,774 | INFO | hi-lo.mnist-dataset : Creating test data loader.
2023-12-09 03:40:40,827 | INFO | hi-lo : Using device: NVIDIA GeForce GTX 1060 6GB
2023-12-09 03:40:40,827 | INFO | hi-lo : Commencing training phase...
2023-12-09 03:40:40,828 | INFO | hi-lo : BEGIN EPOCH 1 =========================================================================
2023-12-09 03:40:40,828 | INFO | hi-lo.kernel-accessor : Fetching kernel: gaussian
2023-12-09 03:40:40,829 | INFO | hi-lo.gaussian-kernel : MU (LOCATION): 0.0 | SIGMA (SCALE): 1.0 | VARIANCE: 1.0
2023-12-09 03:40:40,830 | INFO | hi-lo.gaussian-kernel : BOTTOM-LEFT
tensor([[0.0446, 0.0271, 0.0060],
        [0.1999, 0.1212, 0.0271],
        [0.3296, 0.1999, 0.0446]])
2023-12-09 03:40:40,830 | INFO | hi-lo.kernel-accessor : Fetching kernel: gaussian
2023-12-09 03:40:40,830 | INFO | hi-lo.gaussian-kernel : MU (LOCATION): 0.0 | SIGMA (SCALE): 1.0 | VARIANCE: 1.0
2023-12-09 03:40:40,830 | INFO | hi-lo.gaussian-kernel : BOTTOM-LEFT
tensor([[0.0446, 0.0271, 0.0060],
        [0.1999, 0.1212, 0.0271],
        [0.3296, 0.1999, 0.0446]])
2023-12-09 03:40:40,830 | INFO | hi-lo.kernel-accessor : Fetching kernel: gaussian
2023-12-09 03:40:40,830 | INFO | hi-lo.gaussian-kernel : MU (LOCATION): 0.0 | SIGMA (SCALE): 1.0 | VARIANCE: 1.0
2023-12-09 03:40:40,831 | INFO | hi-lo.gaussian-kernel : BOTTOM-RIGHT
tensor([[0.0060, 0.0271, 0.0446],
        [0.0271, 0.1212, 0.1999],
        [0.0446, 0.1999, 0.3296]])
2023-12-09 03:40:40,831 | INFO | hi-lo.kernel-accessor : Fetching kernel: gaussian
2023-12-09 03:40:40,831 | INFO | hi-lo.gaussian-kernel : MU (LOCATION): 0.0 | SIGMA (SCALE): 1.0 | VARIANCE: 1.0
2023-12-09 03:40:40,831 | INFO | hi-lo.gaussian-kernel : BOTTOM-RIGHT
tensor([[0.0060, 0.0271, 0.0446],
        [0.0271, 0.1212, 0.1999],
        [0.0446, 0.1999, 0.3296]])
2023-12-09 03:40:49,686 | INFO | hi-lo : END EPOCH:   1 | ACCURACY: 94.53 | LOSS: 0.06172630563378334
2023-12-09 03:40:49,686 | INFO | hi-lo : BEGIN EPOCH 2 =========================================================================
2023-12-09 03:40:49,686 | INFO | hi-lo.kernel-accessor : Fetching kernel: gaussian
2023-12-09 03:40:49,687 | INFO | hi-lo.gaussian-kernel : MU (LOCATION): -0.7213422656059265 | SIGMA (SCALE): 0.6334365606307983 | VARIANCE: 0.40124187634377506
2023-12-09 03:40:49,688 | INFO | hi-lo.gaussian-kernel : BOTTOM-RIGHT
tensor([[3.2126e-08, 8.1505e-06, 1.7105e-04],
        [8.1505e-06, 2.0678e-03, 4.3397e-02],
        [1.7105e-04, 4.3397e-02, 9.1078e-01]])
2023-12-09 03:40:49,688 | INFO | hi-lo.kernel-accessor : Fetching kernel: gaussian
2023-12-09 03:40:49,688 | INFO | hi-lo.gaussian-kernel : MU (LOCATION): -0.7235288023948669 | SIGMA (SCALE): 0.814022958278656 | VARIANCE: 0.6626333766047345
2023-12-09 03:40:49,689 | INFO | hi-lo.gaussian-kernel : BOTTOM-LEFT
tensor([[4.0681e-03, 6.4192e-04, 2.2396e-05],
        [1.1660e-01, 1.8399e-02, 6.4192e-04],
        [7.3895e-01, 1.1660e-01, 4.0681e-03]])
2023-12-09 03:40:49,689 | INFO | hi-lo.kernel-accessor : Fetching kernel: gaussian
2023-12-09 03:40:49,689 | INFO | hi-lo.gaussian-kernel : MU (LOCATION): -0.36253201961517334 | SIGMA (SCALE): 0.9334840178489685 | VARIANCE: 0.8713924115794534
2023-12-09 03:40:49,690 | INFO | hi-lo.gaussian-kernel : BOTTOM-LEFT
tensor([[0.0219, 0.0081, 0.0010],
        [0.1855, 0.0689, 0.0081],
        [0.4991, 0.1855, 0.0219]])
2023-12-09 03:40:49,690 | INFO | hi-lo.kernel-accessor : Fetching kernel: gaussian
2023-12-09 03:40:49,691 | INFO | hi-lo.gaussian-kernel : MU (LOCATION): -0.4804789423942566 | SIGMA (SCALE): 1.2615524530410767 | VARIANCE: 1.591514591773958
2023-12-09 03:40:49,691 | INFO | hi-lo.gaussian-kernel : BOTTOM-RIGHT
tensor([[0.0084, 0.0292, 0.0541],
        [0.0292, 0.1014, 0.1878],
        [0.0541, 0.1878, 0.3478]])
2023-12-09 03:40:57,653 | INFO | hi-lo : END EPOCH:   2 | ACCURACY: 98.18 | LOSS: 0.1030355840921402
2023-12-09 03:40:57,654 | INFO | hi-lo : BEGIN EPOCH 3 =========================================================================
2023-12-09 03:40:57,654 | INFO | hi-lo.kernel-accessor : Fetching kernel: gaussian
2023-12-09 03:40:57,655 | INFO | hi-lo.gaussian-kernel : MU (LOCATION): -0.7237926125526428 | SIGMA (SCALE): 0.637617826461792 | VARIANCE: 0.4065564926218599
2023-12-09 03:40:57,655 | INFO | hi-lo.gaussian-kernel : BOTTOM-RIGHT
tensor([[3.9123e-08, 9.2886e-06, 1.8847e-04],
        [9.2886e-06, 2.2053e-03, 4.4746e-02],
        [1.8847e-04, 4.4746e-02, 9.0791e-01]])
2023-12-09 03:40:57,655 | INFO | hi-lo.kernel-accessor : Fetching kernel: gaussian
2023-12-09 03:40:57,656 | INFO | hi-lo.gaussian-kernel : MU (LOCATION): -0.9562619924545288 | SIGMA (SCALE): 0.804901123046875 | VARIANCE: 0.6478658178821206
2023-12-09 03:40:57,656 | INFO | hi-lo.gaussian-kernel : BOTTOM-RIGHT
tensor([[4.6282e-06, 2.0510e-04, 1.9416e-03],
        [2.0510e-04, 9.0888e-03, 8.6041e-02],
        [1.9416e-03, 8.6041e-02, 8.1453e-01]])
2023-12-09 03:40:57,656 | INFO | hi-lo.kernel-accessor : Fetching kernel: gaussian
2023-12-09 03:40:57,657 | INFO | hi-lo.gaussian-kernel : MU (LOCATION): -0.44426172971725464 | SIGMA (SCALE): 1.100977897644043 | VARIANCE: 1.2121523311006968
2023-12-09 03:40:57,657 | INFO | hi-lo.gaussian-kernel : BOTTOM-RIGHT
tensor([[0.0035, 0.0176, 0.0384],
        [0.0176, 0.0875, 0.1907],
        [0.0384, 0.1907, 0.4156]])
2023-12-09 03:40:57,657 | INFO | hi-lo.kernel-accessor : Fetching kernel: gaussian
2023-12-09 03:40:57,658 | INFO | hi-lo.gaussian-kernel : MU (LOCATION): -0.4400847554206848 | SIGMA (SCALE): 1.2120299339294434 | VARIANCE: 1.4690165607410108
2023-12-09 03:40:57,658 | INFO | hi-lo.gaussian-kernel : BOTTOM-RIGHT
tensor([[0.0071, 0.0267, 0.0506],
        [0.0267, 0.0999, 0.1895],
        [0.0506, 0.1895, 0.3594]])
2023-12-09 03:41:05,656 | INFO | hi-lo : END EPOCH:   3 | ACCURACY: 97.55 | LOSS: 0.09117087721824646
2023-12-09 03:41:05,656 | INFO | hi-lo : BEGIN EPOCH 4 =========================================================================
2023-12-09 03:41:05,656 | INFO | hi-lo.kernel-accessor : Fetching kernel: gaussian
2023-12-09 03:41:05,657 | INFO | hi-lo.gaussian-kernel : MU (LOCATION): -0.7141093611717224 | SIGMA (SCALE): 0.6423879265785217 | VARIANCE: 0.4126622482138522
2023-12-09 03:41:05,657 | INFO | hi-lo.gaussian-kernel : BOTTOM-LEFT
tensor([[2.2244e-04, 1.1734e-05, 5.4864e-08],
        [4.7576e-02, 2.5098e-03, 1.1734e-05],
        [9.0187e-01, 4.7576e-02, 2.2244e-04]])
2023-12-09 03:41:05,658 | INFO | hi-lo.kernel-accessor : Fetching kernel: gaussian
2023-12-09 03:41:05,658 | INFO | hi-lo.gaussian-kernel : MU (LOCATION): -0.8160560727119446 | SIGMA (SCALE): 0.6677812337875366 | VARIANCE: 0.44593177619880464
2023-12-09 03:41:05,659 | INFO | hi-lo.gaussian-kernel : BOTTOM-RIGHT
tensor([[7.6006e-08, 1.3692e-05, 2.6192e-04],
        [1.3692e-05, 2.4665e-03, 4.7184e-02],
        [2.6192e-04, 4.7184e-02, 9.0262e-01]])
2023-12-09 03:41:05,659 | INFO | hi-lo.kernel-accessor : Fetching kernel: gaussian
2023-12-09 03:41:05,659 | INFO | hi-lo.gaussian-kernel : MU (LOCATION): -0.3699946403503418 | SIGMA (SCALE): 0.9828415513038635 | VARIANCE: 0.965977514969385
2023-12-09 03:41:05,660 | INFO | hi-lo.gaussian-kernel : BOTTOM-RIGHT
tensor([[0.0016, 0.0111, 0.0273],
        [0.0111, 0.0769, 0.1893],
        [0.0273, 0.1893, 0.4660]])
2023-12-09 03:41:05,660 | INFO | hi-lo.kernel-accessor : Fetching kernel: gaussian
2023-12-09 03:41:05,660 | INFO | hi-lo.gaussian-kernel : MU (LOCATION): -0.5364826917648315 | SIGMA (SCALE): 1.5426350831985474 | VARIANCE: 2.379722999914989
2023-12-09 03:41:05,661 | INFO | hi-lo.gaussian-kernel : BOTTOM-RIGHT
tensor([[0.0205, 0.0482, 0.0744],
        [0.0482, 0.1133, 0.1752],
        [0.0744, 0.1752, 0.2708]])
2023-12-09 03:41:13,676 | INFO | hi-lo : END EPOCH:   4 | ACCURACY: 99.15 | LOSS: 0.01668383553624153
2023-12-09 03:41:13,677 | INFO | hi-lo : BEGIN EPOCH 5 =========================================================================
2023-12-09 03:41:13,677 | INFO | hi-lo.kernel-accessor : Fetching kernel: gaussian
2023-12-09 03:41:13,678 | INFO | hi-lo.gaussian-kernel : MU (LOCATION): -0.7561073899269104 | SIGMA (SCALE): 0.5985071659088135 | VARIANCE: 0.3582108276442
2023-12-09 03:41:13,678 | INFO | hi-lo.gaussian-kernel : BOTTOM-RIGHT
tensor([[2.8699e-09, 1.5602e-06, 5.2009e-05],
        [1.5602e-06, 8.4815e-04, 2.8273e-02],
        [5.2009e-05, 2.8273e-02, 9.4250e-01]])
2023-12-09 03:41:13,678 | INFO | hi-lo.kernel-accessor : Fetching kernel: gaussian
2023-12-09 03:41:13,679 | INFO | hi-lo.gaussian-kernel : MU (LOCATION): -0.7000366449356079 | SIGMA (SCALE): 0.6281629800796509 | VARIANCE: 0.39458872954254787
2023-12-09 03:41:13,679 | INFO | hi-lo.gaussian-kernel : BOTTOM-LEFT
tensor([[1.6486e-04, 7.8762e-06, 2.9847e-08],
        [4.3503e-02, 2.0784e-03, 7.8762e-06],
        [9.1057e-01, 4.3503e-02, 1.6486e-04]])
2023-12-09 03:41:13,679 | INFO | hi-lo.kernel-accessor : Fetching kernel: gaussian
2023-12-09 03:41:13,680 | INFO | hi-lo.gaussian-kernel : MU (LOCATION): -0.3438764214515686 | SIGMA (SCALE): 0.9850522875785828 | VARIANCE: 0.9703280092637989
2023-12-09 03:41:13,680 | INFO | hi-lo.gaussian-kernel : BOTTOM-LEFT
tensor([[0.0285, 0.0120, 0.0018],
        [0.1909, 0.0800, 0.0120],
        [0.4555, 0.1909, 0.0285]])
2023-12-09 03:41:13,680 | INFO | hi-lo.kernel-accessor : Fetching kernel: gaussian
2023-12-09 03:41:13,681 | INFO | hi-lo.gaussian-kernel : MU (LOCATION): -0.4566573202610016 | SIGMA (SCALE): 1.3451042175292969 | VARIANCE: 1.809305356015102
2023-12-09 03:41:13,681 | INFO | hi-lo.gaussian-kernel : BOTTOM-LEFT
tensor([[0.0624, 0.0368, 0.0125],
        [0.1841, 0.1085, 0.0368],
        [0.3124, 0.1841, 0.0624]])
2023-12-09 03:41:21,763 | INFO | hi-lo : END EPOCH:   5 | ACCURACY: 98.12 | LOSS: 0.034354016184806824
2023-12-09 03:41:21,763 | INFO | hi-lo : BEGIN EPOCH 6 =========================================================================
2023-12-09 03:41:21,764 | INFO | hi-lo.kernel-accessor : Fetching kernel: gaussian
2023-12-09 03:41:21,764 | INFO | hi-lo.gaussian-kernel : MU (LOCATION): -0.7443839907646179 | SIGMA (SCALE): 0.6088522672653198 | VARIANCE: 0.37070108335412044
2023-12-09 03:41:21,765 | INFO | hi-lo.gaussian-kernel : BOTTOM-RIGHT
tensor([[6.2468e-09, 2.6611e-06, 7.6369e-05],
        [2.6611e-06, 1.1336e-03, 3.2533e-02],
        [7.6369e-05, 3.2533e-02, 9.3364e-01]])
2023-12-09 03:41:21,765 | INFO | hi-lo.kernel-accessor : Fetching kernel: gaussian
2023-12-09 03:41:21,766 | INFO | hi-lo.gaussian-kernel : MU (LOCATION): -0.7130007147789001 | SIGMA (SCALE): 0.6555946469306946 | VARIANCE: 0.4298043410841821
2023-12-09 03:41:21,766 | INFO | hi-lo.gaussian-kernel : BOTTOM-RIGHT
tensor([[1.0616e-07, 1.8284e-05, 3.0743e-04],
        [1.8284e-05, 3.1491e-03, 5.2950e-02],
        [3.0743e-04, 5.2950e-02, 8.9030e-01]])
2023-12-09 03:41:21,766 | INFO | hi-lo.kernel-accessor : Fetching kernel: gaussian
2023-12-09 03:41:21,767 | INFO | hi-lo.gaussian-kernel : MU (LOCATION): -0.3718297481536865 | SIGMA (SCALE): 1.0363694429397583 | VARIANCE: 1.074061622259265
2023-12-09 03:41:21,767 | INFO | hi-lo.gaussian-kernel : BOTTOM-LEFT
tensor([[0.0336, 0.0149, 0.0026],
        [0.1918, 0.0852, 0.0149],
        [0.4318, 0.1918, 0.0336]])
2023-12-09 03:41:21,767 | INFO | hi-lo.kernel-accessor : Fetching kernel: gaussian
2023-12-09 03:41:21,768 | INFO | hi-lo.gaussian-kernel : MU (LOCATION): -0.48992297053337097 | SIGMA (SCALE): 1.499914526939392 | VARIANCE: 2.2497435881238204
2023-12-09 03:41:21,768 | INFO | hi-lo.gaussian-kernel : BOTTOM-RIGHT
tensor([[0.0194, 0.0469, 0.0729],
        [0.0469, 0.1137, 0.1765],
        [0.0729, 0.1765, 0.2741]])
2023-12-09 03:41:29,893 | INFO | hi-lo : END EPOCH:   6 | ACCURACY: 98.78 | LOSS: 0.10343295335769653
2023-12-09 03:41:29,893 | INFO | hi-lo : BEGIN EPOCH 7 =========================================================================
2023-12-09 03:41:29,894 | INFO | hi-lo.kernel-accessor : Fetching kernel: gaussian
2023-12-09 03:41:29,894 | INFO | hi-lo.gaussian-kernel : MU (LOCATION): -0.7312150001525879 | SIGMA (SCALE): 0.6279053688049316 | VARIANCE: 0.3942651521740572
2023-12-09 03:41:29,895 | INFO | hi-lo.gaussian-kernel : BOTTOM-RIGHT
tensor([[2.1603e-08, 6.1981e-06, 1.4076e-04],
        [6.1981e-06, 1.7783e-03, 4.0385e-02],
        [1.4076e-04, 4.0385e-02, 9.1716e-01]])
2023-12-09 03:41:29,895 | INFO | hi-lo.kernel-accessor : Fetching kernel: gaussian
2023-12-09 03:41:29,895 | INFO | hi-lo.gaussian-kernel : MU (LOCATION): -0.6472198367118835 | SIGMA (SCALE): 0.6230747103691101 | VARIANCE: 0.38822209470155045
2023-12-09 03:41:29,896 | INFO | hi-lo.gaussian-kernel : BOTTOM-LEFT
tensor([[1.8635e-04, 9.7042e-06, 3.8452e-08],
        [4.7029e-02, 2.4491e-03, 9.7042e-06],
        [9.0310e-01, 4.7029e-02, 1.8635e-04]])
2023-12-09 03:41:29,896 | INFO | hi-lo.kernel-accessor : Fetching kernel: gaussian
2023-12-09 03:41:29,897 | INFO | hi-lo.gaussian-kernel : MU (LOCATION): -0.34574323892593384 | SIGMA (SCALE): 1.027170181274414 | VARIANCE: 1.0550785812993126
2023-12-09 03:41:29,897 | INFO | hi-lo.gaussian-kernel : BOTTOM-RIGHT
tensor([[0.0026, 0.0150, 0.0335],
        [0.0150, 0.0864, 0.1925],
        [0.0335, 0.1925, 0.4291]])
2023-12-09 03:41:29,897 | INFO | hi-lo.kernel-accessor : Fetching kernel: gaussian
2023-12-09 03:41:29,898 | INFO | hi-lo.gaussian-kernel : MU (LOCATION): -0.4869239926338196 | SIGMA (SCALE): 1.4650431871414185 | VARIANCE: 2.1463515401894853
2023-12-09 03:41:29,898 | INFO | hi-lo.gaussian-kernel : BOTTOM-RIGHT
tensor([[0.0177, 0.0446, 0.0707],
        [0.0446, 0.1126, 0.1783],
        [0.0707, 0.1783, 0.2825]])
2023-12-09 03:41:37,948 | INFO | hi-lo : END EPOCH:   7 | ACCURACY: 100.0 | LOSS: 0.09851553291082382
2023-12-09 03:41:37,948 | INFO | hi-lo : BEGIN EPOCH 8 =========================================================================
2023-12-09 03:41:37,948 | INFO | hi-lo.kernel-accessor : Fetching kernel: gaussian
2023-12-09 03:41:37,949 | INFO | hi-lo.gaussian-kernel : MU (LOCATION): -0.7415165901184082 | SIGMA (SCALE): 0.614757239818573 | VARIANCE: 0.3779264639093505
2023-12-09 03:41:37,949 | INFO | hi-lo.gaussian-kernel : BOTTOM-RIGHT
tensor([[9.1819e-09, 3.4576e-06, 9.2355e-05],
        [3.4576e-06, 1.3020e-03, 3.4778e-02],
        [9.2355e-05, 3.4778e-02, 9.2895e-01]])
2023-12-09 03:41:37,949 | INFO | hi-lo.kernel-accessor : Fetching kernel: gaussian
2023-12-09 03:41:37,949 | INFO | hi-lo.gaussian-kernel : MU (LOCATION): -0.6198805570602417 | SIGMA (SCALE): 0.5928145051002502 | VARIANCE: 0.3514290374572546
2023-12-09 03:41:37,949 | INFO | hi-lo.gaussian-kernel : BOTTOM-RIGHT
tensor([[9.0655e-09, 3.7769e-06, 9.1427e-05],
        [3.7769e-06, 1.5735e-03, 3.8090e-02],
        [9.1427e-05, 3.8090e-02, 9.2206e-01]])
2023-12-09 03:41:37,950 | INFO | hi-lo.kernel-accessor : Fetching kernel: gaussian
2023-12-09 03:41:37,950 | INFO | hi-lo.gaussian-kernel : MU (LOCATION): -0.3240964710712433 | SIGMA (SCALE): 0.9640536308288574 | VARIANCE: 0.9293994031143029
2023-12-09 03:41:37,950 | INFO | hi-lo.gaussian-kernel : BOTTOM-RIGHT
tensor([[0.0016, 0.0110, 0.0268],
        [0.0110, 0.0786, 0.1907],
        [0.0268, 0.1907, 0.4628]])
2023-12-09 03:41:37,950 | INFO | hi-lo.kernel-accessor : Fetching kernel: gaussian
2023-12-09 03:41:37,950 | INFO | hi-lo.gaussian-kernel : MU (LOCATION): -0.4477699398994446 | SIGMA (SCALE): 1.3369882106781006 | VARIANCE: 1.787537475492229
2023-12-09 03:41:37,951 | INFO | hi-lo.gaussian-kernel : BOTTOM-LEFT
tensor([[0.0620, 0.0365, 0.0123],
        [0.1844, 0.1085, 0.0365],
        [0.3134, 0.1844, 0.0620]])
2023-12-09 03:41:46,034 | INFO | hi-lo : END EPOCH:   8 | ACCURACY: 98.79 | LOSS: 0.17101730406284332
2023-12-09 03:41:46,034 | INFO | hi-lo : BEGIN EPOCH 9 =========================================================================
2023-12-09 03:41:46,034 | INFO | hi-lo.kernel-accessor : Fetching kernel: gaussian
2023-12-09 03:41:46,035 | INFO | hi-lo.gaussian-kernel : MU (LOCATION): -0.7624680995941162 | SIGMA (SCALE): 0.5920745134353638 | VARIANCE: 0.35055222945972275
2023-12-09 03:41:46,035 | INFO | hi-lo.gaussian-kernel : BOTTOM-LEFT
tensor([[4.0699e-05, 1.1105e-06, 1.7482e-09],
        [2.5854e-02, 7.0546e-04, 1.1105e-06],
        [9.4750e-01, 2.5854e-02, 4.0699e-05]])
2023-12-09 03:41:46,036 | INFO | hi-lo.kernel-accessor : Fetching kernel: gaussian
2023-12-09 03:41:46,036 | INFO | hi-lo.gaussian-kernel : MU (LOCATION): -0.5973444581031799 | SIGMA (SCALE): 0.5959641933441162 | VARIANCE: 0.35517331974830313
2023-12-09 03:41:46,037 | INFO | hi-lo.gaussian-kernel : BOTTOM-RIGHT
tensor([[1.4077e-08, 5.1650e-06, 1.1347e-04],
        [5.1650e-06, 1.8951e-03, 4.1633e-02],
        [1.1347e-04, 4.1633e-02, 9.1460e-01]])
2023-12-09 03:41:46,037 | INFO | hi-lo.kernel-accessor : Fetching kernel: gaussian
2023-12-09 03:41:46,037 | INFO | hi-lo.gaussian-kernel : MU (LOCATION): -0.3332306146621704 | SIGMA (SCALE): 0.9320217370986938 | VARIANCE: 0.8686645184244668
2023-12-09 03:41:46,038 | INFO | hi-lo.gaussian-kernel : BOTTOM-RIGHT
tensor([[0.0011, 0.0087, 0.0227],
        [0.0087, 0.0718, 0.1875],
        [0.0227, 0.1875, 0.4893]])
2023-12-09 03:41:46,038 | INFO | hi-lo.kernel-accessor : Fetching kernel: gaussian
2023-12-09 03:41:46,038 | INFO | hi-lo.gaussian-kernel : MU (LOCATION): -0.33000099658966064 | SIGMA (SCALE): 1.088837742805481 | VARIANCE: 1.1855676301577347
2023-12-09 03:41:46,039 | INFO | hi-lo.gaussian-kernel : BOTTOM-RIGHT
tensor([[0.0044, 0.0205, 0.0413],
        [0.0205, 0.0960, 0.1933],
        [0.0413, 0.1933, 0.3894]])
2023-12-09 03:41:54,203 | INFO | hi-lo : END EPOCH:   9 | ACCURACY: 100.0 | LOSS: 0.02748721092939377
2023-12-09 03:41:54,203 | INFO | hi-lo : BEGIN EPOCH 10 =========================================================================
2023-12-09 03:41:54,203 | INFO | hi-lo.kernel-accessor : Fetching kernel: gaussian
2023-12-09 03:41:54,204 | INFO | hi-lo.gaussian-kernel : MU (LOCATION): -0.7448517084121704 | SIGMA (SCALE): 0.6099838614463806 | VARIANCE: 0.37208031122503726
2023-12-09 03:41:54,205 | INFO | hi-lo.gaussian-kernel : BOTTOM-LEFT
tensor([[7.8822e-05, 2.7775e-06, 6.6595e-09],
        [3.2874e-02, 1.1584e-03, 2.7775e-06],
        [9.3293e-01, 3.2874e-02, 7.8822e-05]])
2023-12-09 03:41:54,205 | INFO | hi-lo.kernel-accessor : Fetching kernel: gaussian
2023-12-09 03:41:54,205 | INFO | hi-lo.gaussian-kernel : MU (LOCATION): -0.6418072581291199 | SIGMA (SCALE): 0.5893118977546692 | VARIANCE: 0.3472885128352097
2023-12-09 03:41:54,205 | INFO | hi-lo.gaussian-kernel : BOTTOM-RIGHT
tensor([[5.6962e-09, 2.7163e-06, 7.2751e-05],
        [2.7163e-06, 1.2953e-03, 3.4692e-02],
        [7.2751e-05, 3.4692e-02, 9.2917e-01]])
2023-12-09 03:41:54,205 | INFO | hi-lo.kernel-accessor : Fetching kernel: gaussian
2023-12-09 03:41:54,206 | INFO | hi-lo.gaussian-kernel : MU (LOCATION): -0.35438716411590576 | SIGMA (SCALE): 0.994537353515625 | VARIANCE: 0.9891045475378633
2023-12-09 03:41:54,206 | INFO | hi-lo.gaussian-kernel : BOTTOM-RIGHT
tensor([[0.0019, 0.0123, 0.0293],
        [0.0123, 0.0805, 0.1909],
        [0.0293, 0.1909, 0.4527]])
2023-12-09 03:41:54,206 | INFO | hi-lo.kernel-accessor : Fetching kernel: gaussian
2023-12-09 03:41:54,206 | INFO | hi-lo.gaussian-kernel : MU (LOCATION): -0.3999122083187103 | SIGMA (SCALE): 1.1226919889450073 | VARIANCE: 1.2604373020412964
2023-12-09 03:41:54,206 | INFO | hi-lo.gaussian-kernel : BOTTOM-RIGHT
tensor([[0.0046, 0.0208, 0.0425],
        [0.0208, 0.0939, 0.1917],
        [0.0425, 0.1917, 0.3915]])
2023-12-09 03:42:02,311 | INFO | hi-lo : END EPOCH:  10 | ACCURACY: 100.0 | LOSS: 0.007543924730271101
2023-12-09 03:42:02,311 | INFO | hi-lo : BEGIN EPOCH 11 =========================================================================
2023-12-09 03:42:02,311 | INFO | hi-lo.kernel-accessor : Fetching kernel: gaussian
2023-12-09 03:42:02,312 | INFO | hi-lo.gaussian-kernel : MU (LOCATION): -0.7210496068000793 | SIGMA (SCALE): 0.633686363697052 | VARIANCE: 0.40155840753559247
2023-12-09 03:42:02,313 | INFO | hi-lo.gaussian-kernel : BOTTOM-RIGHT
tensor([[3.2649e-08, 8.2411e-06, 1.7242e-04],
        [8.2411e-06, 2.0802e-03, 4.3521e-02],
        [1.7242e-04, 4.3521e-02, 9.1052e-01]])
2023-12-09 03:42:02,313 | INFO | hi-lo.kernel-accessor : Fetching kernel: gaussian
2023-12-09 03:42:02,313 | INFO | hi-lo.gaussian-kernel : MU (LOCATION): -0.5759231448173523 | SIGMA (SCALE): 0.5964688658714294 | VARIANCE: 0.3557751079539493
2023-12-09 03:42:02,314 | INFO | hi-lo.gaussian-kernel : BOTTOM-RIGHT
tensor([[1.8355e-08, 6.2781e-06, 1.2918e-04],
        [6.2781e-06, 2.1474e-03, 4.4186e-02],
        [1.2918e-04, 4.4186e-02, 9.0921e-01]])
2023-12-09 03:42:02,314 | INFO | hi-lo.kernel-accessor : Fetching kernel: gaussian
2023-12-09 03:42:02,314 | INFO | hi-lo.gaussian-kernel : MU (LOCATION): -0.35388731956481934 | SIGMA (SCALE): 1.0158897638320923 | VARIANCE: 1.0320320122588242
2023-12-09 03:42:02,315 | INFO | hi-lo.gaussian-kernel : BOTTOM-LEFT
tensor([[0.0318, 0.0139, 0.0023],
        [0.1918, 0.0839, 0.0139],
        [0.4387, 0.1918, 0.0318]])
2023-12-09 03:42:02,315 | INFO | hi-lo.kernel-accessor : Fetching kernel: gaussian
2023-12-09 03:42:02,316 | INFO | hi-lo.gaussian-kernel : MU (LOCATION): -0.5006455183029175 | SIGMA (SCALE): 1.3504502773284912 | VARIANCE: 1.8237159515365988
2023-12-09 03:42:02,316 | INFO | hi-lo.gaussian-kernel : BOTTOM-LEFT
tensor([[0.0615, 0.0355, 0.0119],
        [0.1843, 0.1065, 0.0355],
        [0.3190, 0.1843, 0.0615]])
2023-12-09 03:42:10,390 | INFO | hi-lo : END EPOCH:  11 | ACCURACY: 98.87 | LOSS: 0.035152729600667953
2023-12-09 03:42:10,390 | INFO | hi-lo : BEGIN EPOCH 12 =========================================================================
2023-12-09 03:42:10,390 | INFO | hi-lo.kernel-accessor : Fetching kernel: gaussian
2023-12-09 03:42:10,391 | INFO | hi-lo.gaussian-kernel : MU (LOCATION): -0.6971482038497925 | SIGMA (SCALE): 0.6630963087081909 | VARIANCE: 0.43969671462242843
2023-12-09 03:42:10,391 | INFO | hi-lo.gaussian-kernel : BOTTOM-LEFT
tensor([[3.9064e-04, 2.5665e-05, 1.7345e-07],
        [5.7800e-02, 3.7974e-03, 2.5665e-05],
        [8.7977e-01, 5.7800e-02, 3.9064e-04]])
2023-12-09 03:42:10,392 | INFO | hi-lo.kernel-accessor : Fetching kernel: gaussian
2023-12-09 03:42:10,392 | INFO | hi-lo.gaussian-kernel : MU (LOCATION): -0.5701718926429749 | SIGMA (SCALE): 0.576122522354126 | VARIANCE: 0.3319171607636804
2023-12-09 03:42:10,393 | INFO | hi-lo.gaussian-kernel : BOTTOM-RIGHT
tensor([[5.5992e-09, 2.8631e-06, 7.1959e-05],
        [2.8631e-06, 1.4640e-03, 3.6795e-02],
        [7.1959e-05, 3.6795e-02, 9.2480e-01]])
2023-12-09 03:42:10,393 | INFO | hi-lo.kernel-accessor : Fetching kernel: gaussian
2023-12-09 03:42:10,393 | INFO | hi-lo.gaussian-kernel : MU (LOCATION): -0.4118746519088745 | SIGMA (SCALE): 1.0798105001449585 | VARIANCE: 1.1659907162233054
2023-12-09 03:42:10,394 | INFO | hi-lo.gaussian-kernel : BOTTOM-RIGHT
tensor([[0.0033, 0.0170, 0.0371],
        [0.0170, 0.0875, 0.1913],
        [0.0371, 0.1913, 0.4183]])
2023-12-09 03:42:10,394 | INFO | hi-lo.kernel-accessor : Fetching kernel: gaussian
2023-12-09 03:42:10,394 | INFO | hi-lo.gaussian-kernel : MU (LOCATION): -0.3947305381298065 | SIGMA (SCALE): 1.1355599164962769 | VARIANCE: 1.2894963239530313
2023-12-09 03:42:10,395 | INFO | hi-lo.gaussian-kernel : BOTTOM-LEFT
tensor([[0.0441, 0.0220, 0.0051],
        [0.1917, 0.0958, 0.0220],
        [0.3836, 0.1917, 0.0441]])
2023-12-09 03:42:18,453 | INFO | hi-lo : END EPOCH:  12 | ACCURACY: 98.96 | LOSS: 0.008416450582444668
2023-12-09 03:42:18,453 | INFO | hi-lo : BEGIN EPOCH 13 =========================================================================
2023-12-09 03:42:18,453 | INFO | hi-lo.kernel-accessor : Fetching kernel: gaussian
2023-12-09 03:42:18,454 | INFO | hi-lo.gaussian-kernel : MU (LOCATION): -0.7047731876373291 | SIGMA (SCALE): 0.6525454521179199 | VARIANCE: 0.4258155670797805
2023-12-09 03:42:18,455 | INFO | hi-lo.gaussian-kernel : BOTTOM-LEFT
tensor([[2.9679e-04, 1.7526e-05, 9.8859e-08],
        [5.2617e-02, 3.1072e-03, 1.7526e-05],
        [8.9103e-01, 5.2617e-02, 2.9679e-04]])
2023-12-09 03:42:18,455 | INFO | hi-lo.kernel-accessor : Fetching kernel: gaussian
2023-12-09 03:42:18,455 | INFO | hi-lo.gaussian-kernel : MU (LOCATION): -0.5529348850250244 | SIGMA (SCALE): 0.5888097882270813 | VARIANCE: 0.3466969667120203
2023-12-09 03:42:18,456 | INFO | hi-lo.gaussian-kernel : BOTTOM-RIGHT
tensor([[1.5065e-08, 5.6184e-06, 1.1711e-04],
        [5.6184e-06, 2.0953e-03, 4.3673e-02],
        [1.1711e-04, 4.3673e-02, 9.1031e-01]])
2023-12-09 03:42:18,456 | INFO | hi-lo.kernel-accessor : Fetching kernel: gaussian
2023-12-09 03:42:18,456 | INFO | hi-lo.gaussian-kernel : MU (LOCATION): -0.39905083179473877 | SIGMA (SCALE): 1.0773446559906006 | VARIANCE: 1.1606715077915055
2023-12-09 03:42:18,457 | INFO | hi-lo.gaussian-kernel : BOTTOM-LEFT
tensor([[0.0373, 0.0172, 0.0033],
        [0.1917, 0.0883, 0.0172],
        [0.4159, 0.1917, 0.0373]])
2023-12-09 03:42:18,457 | INFO | hi-lo.kernel-accessor : Fetching kernel: gaussian
2023-12-09 03:42:18,457 | INFO | hi-lo.gaussian-kernel : MU (LOCATION): -0.47414156794548035 | SIGMA (SCALE): 1.2050198316574097 | VARIANCE: 1.452072794687652
2023-12-09 03:42:18,458 | INFO | hi-lo.gaussian-kernel : BOTTOM-LEFT
tensor([[0.0487, 0.0249, 0.0064],
        [0.1895, 0.0969, 0.0249],
        [0.3706, 0.1895, 0.0487]])
2023-12-09 03:42:26,521 | INFO | hi-lo : END EPOCH:  13 | ACCURACY: 98.84 | LOSS: 0.031573668122291565
2023-12-09 03:42:26,521 | INFO | hi-lo : BEGIN EPOCH 14 =========================================================================
2023-12-09 03:42:26,522 | INFO | hi-lo.kernel-accessor : Fetching kernel: gaussian
2023-12-09 03:42:26,522 | INFO | hi-lo.gaussian-kernel : MU (LOCATION): -0.7254720330238342 | SIGMA (SCALE): 0.6335611939430237 | VARIANCE: 0.40139978647050967
2023-12-09 03:42:26,523 | INFO | hi-lo.gaussian-kernel : BOTTOM-RIGHT
tensor([[3.1065e-08, 7.9456e-06, 1.6828e-04],
        [7.9456e-06, 2.0322e-03, 4.3040e-02],
        [1.6828e-04, 4.3040e-02, 9.1153e-01]])
2023-12-09 03:42:26,523 | INFO | hi-lo.kernel-accessor : Fetching kernel: gaussian
2023-12-09 03:42:26,524 | INFO | hi-lo.gaussian-kernel : MU (LOCATION): -0.6290990114212036 | SIGMA (SCALE): 0.6185964941978455 | VARIANCE: 0.38266162263386505
2023-12-09 03:42:26,524 | INFO | hi-lo.gaussian-kernel : BOTTOM-RIGHT
tensor([[3.6299e-08, 9.4683e-06, 1.8102e-04],
        [9.4683e-06, 2.4697e-03, 4.7217e-02],
        [1.8102e-04, 4.7217e-02, 9.0271e-01]])
2023-12-09 03:42:26,524 | INFO | hi-lo.kernel-accessor : Fetching kernel: gaussian
2023-12-09 03:42:26,525 | INFO | hi-lo.gaussian-kernel : MU (LOCATION): -0.3988407850265503 | SIGMA (SCALE): 1.0815914869308472 | VARIANCE: 1.169840144601281
2023-12-09 03:42:26,525 | INFO | hi-lo.gaussian-kernel : BOTTOM-RIGHT
tensor([[0.0035, 0.0175, 0.0378],
        [0.0175, 0.0889, 0.1917],
        [0.0378, 0.1917, 0.4134]])
2023-12-09 03:42:26,525 | INFO | hi-lo.kernel-accessor : Fetching kernel: gaussian
2023-12-09 03:42:26,526 | INFO | hi-lo.gaussian-kernel : MU (LOCATION): -0.3567771911621094 | SIGMA (SCALE): 1.120492935180664 | VARIANCE: 1.2555044177897798
2023-12-09 03:42:26,526 | INFO | hi-lo.gaussian-kernel : BOTTOM-RIGHT
tensor([[0.0051, 0.0222, 0.0439],
        [0.0222, 0.0973, 0.1924],
        [0.0439, 0.1924, 0.3808]])
2023-12-09 03:42:34,720 | INFO | hi-lo : END EPOCH:  14 | ACCURACY: 99.22 | LOSS: 0.034091055393218994
2023-12-09 03:42:34,720 | INFO | hi-lo : BEGIN EPOCH 15 =========================================================================
2023-12-09 03:42:34,720 | INFO | hi-lo.kernel-accessor : Fetching kernel: gaussian
2023-12-09 03:42:34,721 | INFO | hi-lo.gaussian-kernel : MU (LOCATION): -0.7837222218513489 | SIGMA (SCALE): 0.5630484223365784 | VARIANCE: 0.3170235258957099
2023-12-09 03:42:34,722 | INFO | hi-lo.gaussian-kernel : BOTTOM-RIGHT
tensor([[1.6248e-10, 2.1843e-07, 1.2528e-05],
        [2.1843e-07, 2.9363e-04, 1.6842e-02],
        [1.2528e-05, 1.6842e-02, 9.6600e-01]])
2023-12-09 03:42:34,722 | INFO | hi-lo.kernel-accessor : Fetching kernel: gaussian
2023-12-09 03:42:34,722 | INFO | hi-lo.gaussian-kernel : MU (LOCATION): -0.5523245334625244 | SIGMA (SCALE): 0.5906762480735779 | VARIANCE: 0.3488984300382789
2023-12-09 03:42:34,723 | INFO | hi-lo.gaussian-kernel : BOTTOM-RIGHT
tensor([[1.6954e-08, 6.0801e-06, 1.2411e-04],
        [6.0801e-06, 2.1805e-03, 4.4510e-02],
        [1.2411e-04, 4.4510e-02, 9.0854e-01]])
2023-12-09 03:42:34,723 | INFO | hi-lo.kernel-accessor : Fetching kernel: gaussian
2023-12-09 03:42:34,723 | INFO | hi-lo.gaussian-kernel : MU (LOCATION): -0.4175277054309845 | SIGMA (SCALE): 1.0245816707611084 | VARIANCE: 1.0497676000596243
2023-12-09 03:42:34,724 | INFO | hi-lo.gaussian-kernel : BOTTOM-RIGHT
tensor([[0.0020, 0.0127, 0.0305],
        [0.0127, 0.0790, 0.1894],
        [0.0305, 0.1894, 0.4538]])
2023-12-09 03:42:34,724 | INFO | hi-lo.kernel-accessor : Fetching kernel: gaussian
2023-12-09 03:42:34,724 | INFO | hi-lo.gaussian-kernel : MU (LOCATION): -0.38594529032707214 | SIGMA (SCALE): 1.089224934577942 | VARIANCE: 1.1864109581063218
2023-12-09 03:42:34,725 | INFO | hi-lo.gaussian-kernel : BOTTOM-LEFT
tensor([[0.0392, 0.0186, 0.0038],
        [0.1921, 0.0910, 0.0186],
        [0.4054, 0.1921, 0.0392]])
2023-12-09 03:42:42,909 | INFO | hi-lo : END EPOCH:  15 | ACCURACY: 99.38 | LOSS: 0.02099526673555374
2023-12-09 03:42:42,909 | INFO | hi-lo : BEGIN EPOCH 16 =========================================================================
2023-12-09 03:42:42,909 | INFO | hi-lo.kernel-accessor : Fetching kernel: gaussian
2023-12-09 03:42:42,910 | INFO | hi-lo.gaussian-kernel : MU (LOCATION): -0.705458402633667 | SIGMA (SCALE): 0.6500843167304993 | VARIANCE: 0.4226096188589601
2023-12-09 03:42:42,911 | INFO | hi-lo.gaussian-kernel : BOTTOM-RIGHT
tensor([[8.7209e-08, 1.6106e-05, 2.7912e-04],
        [1.6106e-05, 2.9747e-03, 5.1550e-02],
        [2.7912e-04, 5.1550e-02, 8.9334e-01]])
2023-12-09 03:42:42,911 | INFO | hi-lo.kernel-accessor : Fetching kernel: gaussian
2023-12-09 03:42:42,911 | INFO | hi-lo.gaussian-kernel : MU (LOCATION): -0.5536972284317017 | SIGMA (SCALE): 0.5906291604042053 | VARIANCE: 0.3488428051197765
2023-12-09 03:42:42,912 | INFO | hi-lo.gaussian-kernel : BOTTOM-LEFT
tensor([[1.2301e-04, 5.9999e-06, 1.6649e-08],
        [4.4332e-02, 2.1623e-03, 5.9999e-06],
        [9.0892e-01, 4.4332e-02, 1.2301e-04]])
2023-12-09 03:42:42,912 | INFO | hi-lo.kernel-accessor : Fetching kernel: gaussian
2023-12-09 03:42:42,912 | INFO | hi-lo.gaussian-kernel : MU (LOCATION): -0.4194588363170624 | SIGMA (SCALE): 1.0584486722946167 | VARIANCE: 1.120313591882237
2023-12-09 03:42:42,913 | INFO | hi-lo.gaussian-kernel : BOTTOM-LEFT
tensor([[0.0344, 0.0151, 0.0027],
        [0.1906, 0.0839, 0.0151],
        [0.4331, 0.1906, 0.0344]])
2023-12-09 03:42:42,913 | INFO | hi-lo.kernel-accessor : Fetching kernel: gaussian
2023-12-09 03:42:42,913 | INFO | hi-lo.gaussian-kernel : MU (LOCATION): -0.46119004487991333 | SIGMA (SCALE): 1.1661875247955322 | VARIANCE: 1.35999334298873
2023-12-09 03:42:42,914 | INFO | hi-lo.gaussian-kernel : BOTTOM-LEFT
tensor([[0.0450, 0.0222, 0.0052],
        [0.1903, 0.0939, 0.0222],
        [0.3859, 0.1903, 0.0450]])
2023-12-09 03:42:51,118 | INFO | hi-lo : END EPOCH:  16 | ACCURACY: 98.88 | LOSS: 0.021901028230786324
2023-12-09 03:42:51,118 | INFO | hi-lo : BEGIN EPOCH 17 =========================================================================
2023-12-09 03:42:51,119 | INFO | hi-lo.kernel-accessor : Fetching kernel: gaussian
2023-12-09 03:42:51,119 | INFO | hi-lo.gaussian-kernel : MU (LOCATION): -0.7157318592071533 | SIGMA (SCALE): 0.6454718112945557 | VARIANCE: 0.4166338591758745
2023-12-09 03:42:51,119 | INFO | hi-lo.gaussian-kernel : BOTTOM-RIGHT
tensor([[6.3129e-08, 1.2879e-05, 2.3831e-04],
        [1.2879e-05, 2.6275e-03, 4.8618e-02],
        [2.3831e-04, 4.8618e-02, 8.9963e-01]])
2023-12-09 03:42:51,120 | INFO | hi-lo.kernel-accessor : Fetching kernel: gaussian
2023-12-09 03:42:51,120 | INFO | hi-lo.gaussian-kernel : MU (LOCATION): -0.6383389234542847 | SIGMA (SCALE): 0.6158128380775452 | VARIANCE: 0.37922545154112086
2023-12-09 03:42:51,120 | INFO | hi-lo.gaussian-kernel : BOTTOM-LEFT
tensor([[1.6041e-04, 7.9723e-06, 2.8361e-08],
        [4.5090e-02, 2.2410e-03, 7.9723e-06],
        [9.0724e-01, 4.5090e-02, 1.6041e-04]])
2023-12-09 03:42:51,120 | INFO | hi-lo.kernel-accessor : Fetching kernel: gaussian
2023-12-09 03:42:51,120 | INFO | hi-lo.gaussian-kernel : MU (LOCATION): -0.44573235511779785 | SIGMA (SCALE): 1.1398414373397827 | VARIANCE: 1.2992385022768218
2023-12-09 03:42:51,121 | INFO | hi-lo.gaussian-kernel : BOTTOM-LEFT
tensor([[0.0427, 0.0206, 0.0046],
        [0.1908, 0.0921, 0.0206],
        [0.3951, 0.1908, 0.0427]])
2023-12-09 03:42:51,121 | INFO | hi-lo.kernel-accessor : Fetching kernel: gaussian
2023-12-09 03:42:51,121 | INFO | hi-lo.gaussian-kernel : MU (LOCATION): -0.42805200815200806 | SIGMA (SCALE): 1.232444405555725 | VARIANCE: 1.5189192127856046
2023-12-09 03:42:51,121 | INFO | hi-lo.gaussian-kernel : BOTTOM-RIGHT
tensor([[0.0081, 0.0288, 0.0531],
        [0.0288, 0.1025, 0.1889],
        [0.0531, 0.1889, 0.3479]])
2023-12-09 03:42:59,313 | INFO | hi-lo : END EPOCH:  17 | ACCURACY: 99.38 | LOSS: 0.02814624458551407
2023-12-09 03:42:59,313 | INFO | hi-lo : BEGIN EPOCH 18 =========================================================================
2023-12-09 03:42:59,313 | INFO | hi-lo.kernel-accessor : Fetching kernel: gaussian
2023-12-09 03:42:59,314 | INFO | hi-lo.gaussian-kernel : MU (LOCATION): -0.7845650315284729 | SIGMA (SCALE): 0.5627113580703735 | VARIANCE: 0.31664407250140414
2023-12-09 03:42:59,314 | INFO | hi-lo.gaussian-kernel : BOTTOM-LEFT
tensor([[1.2298e-05, 2.1281e-07, 1.5652e-10],
        [1.6720e-02, 2.8933e-04, 2.1281e-07],
        [9.6625e-01, 1.6720e-02, 1.2298e-05]])
2023-12-09 03:42:59,315 | INFO | hi-lo.kernel-accessor : Fetching kernel: gaussian
2023-12-09 03:42:59,315 | INFO | hi-lo.gaussian-kernel : MU (LOCATION): -0.5933987498283386 | SIGMA (SCALE): 0.5406162142753601 | VARIANCE: 0.2922658911374221
2023-12-09 03:42:59,315 | INFO | hi-lo.gaussian-kernel : BOTTOM-RIGHT
tensor([[3.2265e-10, 4.1632e-07, 1.7546e-05],
        [4.1632e-07, 5.3719e-04, 2.2640e-02],
        [1.7546e-05, 2.2640e-02, 9.5415e-01]])
2023-12-09 03:42:59,316 | INFO | hi-lo.kernel-accessor : Fetching kernel: gaussian
2023-12-09 03:42:59,316 | INFO | hi-lo.gaussian-kernel : MU (LOCATION): -0.32919034361839294 | SIGMA (SCALE): 0.8640123009681702 | VARIANCE: 0.7465172562243119
2023-12-09 03:42:59,316 | INFO | hi-lo.gaussian-kernel : BOTTOM-LEFT
tensor([[1.5411e-02, 5.0751e-03, 4.3782e-04],
        [1.7864e-01, 5.8830e-02, 5.0751e-03],
        [5.4247e-01, 1.7864e-01, 1.5411e-02]])
2023-12-09 03:42:59,317 | INFO | hi-lo.kernel-accessor : Fetching kernel: gaussian
2023-12-09 03:42:59,317 | INFO | hi-lo.gaussian-kernel : MU (LOCATION): -0.3244422972202301 | SIGMA (SCALE): 0.9692074060440063 | VARIANCE: 0.9393629959305514
2023-12-09 03:42:59,318 | INFO | hi-lo.gaussian-kernel : BOTTOM-RIGHT
tensor([[0.0016, 0.0114, 0.0274],
        [0.0114, 0.0794, 0.1910],
        [0.0274, 0.1910, 0.4594]])
2023-12-09 03:43:07,551 | INFO | hi-lo : END EPOCH:  18 | ACCURACY: 100.0 | LOSS: 0.10152822732925415
2023-12-09 03:43:07,551 | INFO | hi-lo : BEGIN EPOCH 19 =========================================================================
2023-12-09 03:43:07,551 | INFO | hi-lo.kernel-accessor : Fetching kernel: gaussian
2023-12-09 03:43:07,552 | INFO | hi-lo.gaussian-kernel : MU (LOCATION): -0.7491984367370605 | SIGMA (SCALE): 0.601125955581665 | VARIANCE: 0.36135241447396993
2023-12-09 03:43:07,552 | INFO | hi-lo.gaussian-kernel : BOTTOM-RIGHT
tensor([[3.6630e-09, 1.8495e-06, 5.8669e-05],
        [1.8495e-06, 9.3383e-04, 2.9623e-02],
        [5.8669e-05, 2.9623e-02, 9.3970e-01]])
2023-12-09 03:43:07,552 | INFO | hi-lo.kernel-accessor : Fetching kernel: gaussian
2023-12-09 03:43:07,553 | INFO | hi-lo.gaussian-kernel : MU (LOCATION): -0.5965561866760254 | SIGMA (SCALE): 0.5742444396018982 | VARIANCE: 0.3297566764136981
2023-12-09 03:43:07,553 | INFO | hi-lo.gaussian-kernel : BOTTOM-LEFT
tensor([[5.8061e-05, 2.0879e-06, 3.6183e-09],
        [3.3503e-02, 1.2048e-03, 2.0879e-06],
        [9.3167e-01, 3.3503e-02, 5.8061e-05]])
2023-12-09 03:43:07,553 | INFO | hi-lo.kernel-accessor : Fetching kernel: gaussian
2023-12-09 03:43:07,554 | INFO | hi-lo.gaussian-kernel : MU (LOCATION): -0.4110790491104126 | SIGMA (SCALE): 1.0090433359146118 | VARIANCE: 1.0181684537536881
2023-12-09 03:43:07,554 | INFO | hi-lo.gaussian-kernel : BOTTOM-RIGHT
tensor([[0.0018, 0.0118, 0.0289],
        [0.0118, 0.0772, 0.1888],
        [0.0289, 0.1888, 0.4620]])
2023-12-09 03:43:07,554 | INFO | hi-lo.kernel-accessor : Fetching kernel: gaussian
2023-12-09 03:43:07,555 | INFO | hi-lo.gaussian-kernel : MU (LOCATION): -0.41982734203338623 | SIGMA (SCALE): 0.9965203404426575 | VARIANCE: 0.99305278891595
2023-12-09 03:43:07,555 | INFO | hi-lo.gaussian-kernel : BOTTOM-RIGHT
tensor([[0.0016, 0.0107, 0.0271],
        [0.0107, 0.0743, 0.1875],
        [0.0271, 0.1875, 0.4734]])
2023-12-09 03:43:15,787 | INFO | hi-lo : END EPOCH:  19 | ACCURACY: 100.0 | LOSS: 0.008016460575163364
2023-12-09 03:43:15,787 | INFO | hi-lo : BEGIN EPOCH 20 =========================================================================
2023-12-09 03:43:15,787 | INFO | hi-lo.kernel-accessor : Fetching kernel: gaussian
2023-12-09 03:43:15,788 | INFO | hi-lo.gaussian-kernel : MU (LOCATION): -0.7429614663124084 | SIGMA (SCALE): 0.6111184358596802 | VARIANCE: 0.37346574264758203
2023-12-09 03:43:15,788 | INFO | hi-lo.gaussian-kernel : BOTTOM-RIGHT
tensor([[7.2766e-09, 2.9527e-06, 8.2343e-05],
        [2.9527e-06, 1.1981e-03, 3.3413e-02],
        [8.2343e-05, 3.3413e-02, 9.3181e-01]])
2023-12-09 03:43:15,789 | INFO | hi-lo.kernel-accessor : Fetching kernel: gaussian
