2024-03-05 08:40:14,841 | INFO | hilo : 
+==============================================================+
|                                                              |
| ██████╗  █████╗ ██████╗ ██╗         ██╗      █████╗ ██████╗  |
| ██╔══██╗██╔══██╗██╔══██╗██║         ██║     ██╔══██╗██╔══██╗ |
| ██║  ██║███████║██║  ██║██║         ██║     ███████║██████╔╝ |
| ██║  ██║██╔══██║██║  ██║██║         ██║     ██╔══██║██╔══██╗ |
| ██████╔╝██║  ██║██████╔╝███████╗    ███████╗██║  ██║██████╔╝ |
| ╚═════╝ ╚═╝  ╚═╝╚═════╝ ╚══════╝    ╚══════╝╚═╝  ╚═╝╚═════╝  |
+==============================================================+
|             Hi-Lo Resolution Image Classification            |
|             -------------------------------------            |
|                       Gabriel C. Trahan                      |
|                          Sahan Ahmad                         |
|                       MD  Aminual Islam                      |
+==============================================================+
2024-03-05 08:40:16,418 | INFO | hilo.dataset-accessor : Fetching dataset: cifar10
2024-03-05 08:40:16,418 | INFO | hilo.cifar10-dataset : Initializing transform
2024-03-05 08:40:16,418 | INFO | hilo.cifar10-dataset : Verifying/downloading train data
2024-03-05 08:40:17,019 | INFO | hilo.cifar10-dataset : Verifying/downloading test data
2024-03-05 08:40:17,499 | INFO | hilo.cifar10-dataset : Creating train data loader.
2024-03-05 08:40:17,499 | INFO | hilo.cifar10-dataset : Creating test data loader.
2024-03-05 08:40:17,610 | INFO | hilo : Output directory: output/resnet/cifar10/gumbel/9/20240305_084016/
2024-03-05 08:40:18,613 | INFO | hilo : Using device: NVIDIA GeForce GTX 1060 6GB
2024-03-05 08:40:18,613 | INFO | hilo : Exeucting job: MODEL resnet | DATASET cifar10 | KERNEL gumbel | TYPE 9
2024-03-05 08:40:18,613 | INFO | hilo : Commencing training phase...
2024-03-05 08:40:18,613 | INFO | hilo.kernel-accessor : Fetching kernel: gumbel
2024-03-05 08:40:18,614 | INFO | hilo.gumbel-kernel : Calculating Gumbel distribution (location: 0.0, scale 1.0)
2024-03-05 08:40:18,615 | INFO | hilo.gumbel-kernel : TOP-LEFT:
tensor([[8.8288e-01, 5.8259e-02, 2.0072e-04],
        [5.8259e-02, 2.0072e-04, 2.2609e-10],
        [2.0072e-04, 2.2609e-10, 8.5377e-26]])
2024-03-05 08:40:18,615 | INFO | hilo.kernel-accessor : Fetching kernel: gumbel
2024-03-05 08:40:18,615 | INFO | hilo.gumbel-kernel : Calculating Gumbel distribution (location: 0.0, scale 1.0)
2024-03-05 08:40:18,615 | INFO | hilo.gumbel-kernel : STATIC:
tensor([[8.8288e-01, 5.8259e-02, 2.0072e-04],
        [5.8259e-02, 2.0072e-04, 2.2609e-10],
        [2.0072e-04, 2.2609e-10, 8.5377e-26]])
2024-03-05 08:40:18,615 | INFO | hilo.kernel-accessor : Fetching kernel: gumbel
2024-03-05 08:40:18,616 | INFO | hilo.gumbel-kernel : Calculating Gumbel distribution (location: 0.0, scale 1.0)
2024-03-05 08:40:18,616 | INFO | hilo.gumbel-kernel : STATIC:
tensor([[8.8288e-01, 5.8259e-02, 2.0072e-04],
        [5.8259e-02, 2.0072e-04, 2.2609e-10],
        [2.0072e-04, 2.2609e-10, 8.5377e-26]])
2024-03-05 08:40:18,616 | INFO | hilo.kernel-accessor : Fetching kernel: gumbel
2024-03-05 08:40:18,616 | INFO | hilo.gumbel-kernel : Calculating Gumbel distribution (location: 0.0, scale 1.0)
2024-03-05 08:40:18,616 | INFO | hilo.gumbel-kernel : BOTTOM-LEFT:
tensor([[2.0072e-04, 2.2609e-10, 8.5377e-26],
        [5.8259e-02, 2.0072e-04, 2.2609e-10],
        [8.8288e-01, 5.8259e-02, 2.0072e-04]])
2024-03-05 08:40:18,616 | INFO | hilo.kernel-accessor : Fetching kernel: gumbel
2024-03-05 08:40:18,617 | INFO | hilo.gumbel-kernel : Calculating Gumbel distribution (location: 0.0, scale 1.0)
2024-03-05 08:40:18,617 | INFO | hilo.gumbel-kernel : BOTTOM-LEFT:
tensor([[2.0072e-04, 2.2609e-10, 8.5377e-26],
        [5.8259e-02, 2.0072e-04, 2.2609e-10],
        [8.8288e-01, 5.8259e-02, 2.0072e-04]])
2024-03-05 08:40:18,617 | INFO | hilo.kernel-accessor : Fetching kernel: gumbel
2024-03-05 08:40:18,617 | INFO | hilo.gumbel-kernel : Calculating Gumbel distribution (location: 0.0, scale 1.0)
2024-03-05 08:40:18,617 | INFO | hilo.gumbel-kernel : BOTTOM-LEFT:
tensor([[2.0072e-04, 2.2609e-10, 8.5377e-26],
        [5.8259e-02, 2.0072e-04, 2.2609e-10],
        [8.8288e-01, 5.8259e-02, 2.0072e-04]])
2024-03-05 08:40:18,618 | INFO | hilo.kernel-accessor : Fetching kernel: gumbel
2024-03-05 08:40:18,618 | INFO | hilo.gumbel-kernel : Calculating Gumbel distribution (location: 0.0, scale 1.0)
2024-03-05 08:40:18,618 | INFO | hilo.gumbel-kernel : BOTTOM-LEFT:
tensor([[2.0072e-04, 2.2609e-10, 8.5377e-26],
        [5.8259e-02, 2.0072e-04, 2.2609e-10],
        [8.8288e-01, 5.8259e-02, 2.0072e-04]])
2024-03-05 08:40:18,618 | INFO | hilo.kernel-accessor : Fetching kernel: gumbel
2024-03-05 08:40:18,618 | INFO | hilo.gumbel-kernel : Calculating Gumbel distribution (location: 0.0, scale 1.0)
2024-03-05 08:40:18,618 | INFO | hilo.gumbel-kernel : BOTTOM-LEFT:
tensor([[2.0072e-04, 2.2609e-10, 8.5377e-26],
        [5.8259e-02, 2.0072e-04, 2.2609e-10],
        [8.8288e-01, 5.8259e-02, 2.0072e-04]])
2024-03-05 08:40:18,619 | INFO | hilo.kernel-accessor : Fetching kernel: gumbel
2024-03-05 08:40:18,619 | INFO | hilo.gumbel-kernel : Calculating Gumbel distribution (location: 0.0, scale 1.0)
2024-03-05 08:40:18,619 | INFO | hilo.gumbel-kernel : TOP-LEFT:
tensor([[8.8288e-01, 5.8259e-02, 2.0072e-04],
        [5.8259e-02, 2.0072e-04, 2.2609e-10],
        [2.0072e-04, 2.2609e-10, 8.5377e-26]])
2024-03-05 08:40:18,619 | INFO | hilo.kernel-accessor : Fetching kernel: gumbel
2024-03-05 08:40:18,619 | INFO | hilo.gumbel-kernel : Calculating Gumbel distribution (location: 0.0, scale 1.0)
2024-03-05 08:40:18,620 | INFO | hilo.gumbel-kernel : BOTTOM-LEFT:
tensor([[2.0072e-04, 2.2609e-10, 8.5377e-26],
        [5.8259e-02, 2.0072e-04, 2.2609e-10],
        [8.8288e-01, 5.8259e-02, 2.0072e-04]])
2024-03-05 08:40:18,620 | INFO | hilo.kernel-accessor : Fetching kernel: gumbel
2024-03-05 08:40:18,620 | INFO | hilo.gumbel-kernel : Calculating Gumbel distribution (location: 0.0, scale 1.0)
2024-03-05 08:40:18,620 | INFO | hilo.gumbel-kernel : STATIC:
tensor([[8.8288e-01, 5.8259e-02, 2.0072e-04],
        [5.8259e-02, 2.0072e-04, 2.2609e-10],
        [2.0072e-04, 2.2609e-10, 8.5377e-26]])
2024-03-05 08:40:18,620 | INFO | hilo.kernel-accessor : Fetching kernel: gumbel
2024-03-05 08:40:18,620 | INFO | hilo.gumbel-kernel : Calculating Gumbel distribution (location: 0.0, scale 1.0)
2024-03-05 08:40:18,621 | INFO | hilo.gumbel-kernel : BOTTOM-LEFT:
tensor([[2.0072e-04, 2.2609e-10, 8.5377e-26],
        [5.8259e-02, 2.0072e-04, 2.2609e-10],
        [8.8288e-01, 5.8259e-02, 2.0072e-04]])
2024-03-05 08:40:18,621 | INFO | hilo.kernel-accessor : Fetching kernel: gumbel
2024-03-05 08:40:18,621 | INFO | hilo.gumbel-kernel : Calculating Gumbel distribution (location: 0.0, scale 1.0)
2024-03-05 08:40:18,621 | INFO | hilo.gumbel-kernel : BOTTOM-LEFT:
tensor([[2.0072e-04, 2.2609e-10, 8.5377e-26],
        [5.8259e-02, 2.0072e-04, 2.2609e-10],
        [8.8288e-01, 5.8259e-02, 2.0072e-04]])
2024-03-05 08:40:18,621 | INFO | hilo.kernel-accessor : Fetching kernel: gumbel
2024-03-05 08:40:18,621 | INFO | hilo.gumbel-kernel : Calculating Gumbel distribution (location: 0.0, scale 1.0)
2024-03-05 08:40:18,622 | INFO | hilo.gumbel-kernel : TOP-LEFT:
tensor([[8.8288e-01, 5.8259e-02, 2.0072e-04],
        [5.8259e-02, 2.0072e-04, 2.2609e-10],
        [2.0072e-04, 2.2609e-10, 8.5377e-26]])
2024-03-05 08:40:18,622 | INFO | hilo.kernel-accessor : Fetching kernel: gumbel
2024-03-05 08:40:18,622 | INFO | hilo.gumbel-kernel : Calculating Gumbel distribution (location: 0.0, scale 1.0)
2024-03-05 08:40:18,622 | INFO | hilo.gumbel-kernel : BOTTOM-LEFT:
tensor([[2.0072e-04, 2.2609e-10, 8.5377e-26],
        [5.8259e-02, 2.0072e-04, 2.2609e-10],
        [8.8288e-01, 5.8259e-02, 2.0072e-04]])
2024-03-05 08:40:18,622 | INFO | hilo.kernel-accessor : Fetching kernel: gumbel
2024-03-05 08:40:18,622 | INFO | hilo.gumbel-kernel : Calculating Gumbel distribution (location: 0.0, scale 1.0)
2024-03-05 08:40:18,623 | INFO | hilo.gumbel-kernel : TOP-LEFT:
tensor([[8.8288e-01, 5.8259e-02, 2.0072e-04],
        [5.8259e-02, 2.0072e-04, 2.2609e-10],
        [2.0072e-04, 2.2609e-10, 8.5377e-26]])
2024-03-05 08:40:18,623 | INFO | hilo.kernel-accessor : Fetching kernel: gumbel
2024-03-05 08:40:18,623 | INFO | hilo.gumbel-kernel : Calculating Gumbel distribution (location: 0.0, scale 1.0)
2024-03-05 08:40:18,623 | INFO | hilo.gumbel-kernel : TOP-LEFT:
tensor([[8.8288e-01, 5.8259e-02, 2.0072e-04],
        [5.8259e-02, 2.0072e-04, 2.2609e-10],
        [2.0072e-04, 2.2609e-10, 8.5377e-26]])
2024-03-05 08:41:40,301 | INFO | hilo : Epoch   1/200 | Accuracy:  36.4583 | Loss:   1.7175
2024-03-05 08:41:40,301 | INFO | hilo.kernel-accessor : Fetching kernel: gumbel
2024-03-05 08:41:40,302 | INFO | hilo.gumbel-kernel : Calculating Gumbel distribution (location: -0.008762424811720848, scale 0.5785859823226929)
2024-03-05 08:41:40,302 | INFO | hilo.gumbel-kernel : BOTTOM-LEFT:
tensor([[5.6122e-16, 0.0000e+00, 0.0000e+00],
        [1.4957e-03, 5.6121e-16, 0.0000e+00],
        [9.9701e-01, 1.4957e-03, 5.6122e-16]])
2024-03-05 08:41:40,302 | INFO | hilo.kernel-accessor : Fetching kernel: gumbel
2024-03-05 08:41:40,303 | INFO | hilo.gumbel-kernel : Calculating Gumbel distribution (location: -0.6953994631767273, scale 1.6648955345153809)
2024-03-05 08:41:40,303 | INFO | hilo.gumbel-kernel : TOP-LEFT:
tensor([[8.5572e-01, 7.0323e-02, 1.2110e-03],
        [7.0323e-02, 1.2110e-03, 1.2072e-06],
        [1.2110e-03, 1.2072e-06, 6.6701e-12]])
2024-03-05 08:41:40,303 | INFO | hilo.kernel-accessor : Fetching kernel: gumbel
2024-03-05 08:41:40,304 | INFO | hilo.gumbel-kernel : Calculating Gumbel distribution (location: -0.2689177989959717, scale 1.224959373474121)
2024-03-05 08:41:40,304 | INFO | hilo.gumbel-kernel : STATIC:
tensor([[8.8829e-01, 5.5417e-02, 2.9199e-04],
        [5.5417e-02, 2.9199e-04, 5.7397e-09],
        [2.9199e-04, 5.7397e-09, 3.6242e-19]])
2024-03-05 08:41:40,304 | INFO | hilo.kernel-accessor : Fetching kernel: gumbel
2024-03-05 08:41:40,304 | INFO | hilo.gumbel-kernel : Calculating Gumbel distribution (location: -0.3465028703212738, scale 1.4189960956573486)
2024-03-05 08:41:40,305 | INFO | hilo.gumbel-kernel : BOTTOM-LEFT:
tensor([[1.3252e-03, 7.1028e-07, 3.5214e-13],
        [7.8288e-02, 1.3252e-03, 7.1028e-07],
        [8.3945e-01, 7.8288e-02, 1.3252e-03]])
2024-03-05 08:41:40,305 | INFO | hilo.kernel-accessor : Fetching kernel: gumbel
2024-03-05 08:41:40,305 | INFO | hilo.gumbel-kernel : Calculating Gumbel distribution (location: -0.3749230206012726, scale 1.2915078401565552)
2024-03-05 08:41:40,306 | INFO | hilo.gumbel-kernel : TOP-LEFT:
tensor([[8.9687e-01, 5.1183e-02, 2.5398e-04],
        [5.1183e-02, 2.5398e-04, 6.3057e-09],
        [2.5398e-04, 6.3057e-09, 1.6004e-18]])
2024-03-05 08:41:40,306 | INFO | hilo.kernel-accessor : Fetching kernel: gumbel
2024-03-05 08:41:40,306 | INFO | hilo.gumbel-kernel : Calculating Gumbel distribution (location: -0.099886454641819, scale 0.9714200496673584)
2024-03-05 08:41:40,307 | INFO | hilo.gumbel-kernel : TOP-LEFT:
tensor([[9.2727e-01, 3.6326e-02, 2.6662e-05],
        [3.6326e-02, 2.6662e-05, 2.8578e-13],
        [2.6662e-05, 2.8578e-13, 8.8990e-35]])
2024-03-05 08:41:40,307 | INFO | hilo.kernel-accessor : Fetching kernel: gumbel
2024-03-05 08:41:40,307 | INFO | hilo.gumbel-kernel : Calculating Gumbel distribution (location: -0.21200330555438995, scale 1.2070472240447998)
2024-03-05 08:41:40,308 | INFO | hilo.gumbel-kernel : TOP-LEFT:
tensor([[8.7634e-01, 6.1229e-02, 4.0241e-04],
        [6.1229e-02, 4.0241e-04, 1.1795e-08],
        [4.0241e-04, 1.1795e-08, 1.4328e-18]])
2024-03-05 08:41:40,308 | INFO | hilo.kernel-accessor : Fetching kernel: gumbel
2024-03-05 08:41:40,308 | INFO | hilo.gumbel-kernel : Calculating Gumbel distribution (location: -0.2811279296875, scale 1.2058122158050537)
2024-03-05 08:41:40,308 | INFO | hilo.gumbel-kernel : TOP-LEFT:
tensor([[8.9930e-01, 5.0057e-02, 1.9492e-04],
        [5.0057e-02, 1.9492e-04, 1.7094e-09],
        [1.9492e-04, 1.7094e-09, 1.2844e-20]])
2024-03-05 08:41:40,309 | INFO | hilo.kernel-accessor : Fetching kernel: gumbel
2024-03-05 08:41:40,309 | INFO | hilo.gumbel-kernel : Calculating Gumbel distribution (location: -0.30317482352256775, scale 1.1945747137069702)
2024-03-05 08:41:40,309 | INFO | hilo.gumbel-kernel : TOP-LEFT:
tensor([[9.1015e-01, 4.4733e-02, 1.2723e-04],
        [4.4733e-02, 1.2723e-04, 5.0131e-10],
        [1.2723e-04, 5.0131e-10, 4.9378e-22]])
2024-03-05 08:41:40,309 | INFO | hilo.kernel-accessor : Fetching kernel: gumbel
2024-03-05 08:41:40,310 | INFO | hilo.gumbel-kernel : Calculating Gumbel distribution (location: -0.12029803544282913, scale 0.9414025545120239)
2024-03-05 08:41:40,310 | INFO | hilo.gumbel-kernel : STATIC:
tensor([[9.4336e-01, 2.8308e-02, 8.3173e-06],
        [2.8308e-02, 8.3173e-06, 3.7658e-15],
        [8.3173e-06, 3.7658e-15, 2.6171e-41]])
2024-03-05 08:41:40,310 | INFO | hilo.kernel-accessor : Fetching kernel: gumbel
2024-03-05 08:41:40,311 | INFO | hilo.gumbel-kernel : Calculating Gumbel distribution (location: -0.07117962837219238, scale 1.080156922340393)
2024-03-05 08:41:40,311 | INFO | hilo.gumbel-kernel : STATIC:
tensor([[8.7695e-01, 6.1076e-02, 3.0074e-04],
        [6.1076e-02, 3.0074e-04, 1.8476e-09],
        [3.0074e-04, 1.8476e-09, 5.3210e-22]])
2024-03-05 08:41:40,311 | INFO | hilo.kernel-accessor : Fetching kernel: gumbel
2024-03-05 08:41:40,311 | INFO | hilo.gumbel-kernel : Calculating Gumbel distribution (location: -0.0484614372253418, scale 1.0861388444900513)
2024-03-05 08:41:40,312 | INFO | hilo.gumbel-kernel : STATIC:
tensor([[8.6648e-01, 6.6134e-02, 4.1586e-04],
        [6.6134e-02, 4.1586e-04, 4.9565e-09],
        [4.1586e-04, 4.9565e-09, 8.6223e-21]])
2024-03-05 08:41:40,312 | INFO | hilo.kernel-accessor : Fetching kernel: gumbel
2024-03-05 08:41:40,312 | INFO | hilo.gumbel-kernel : Calculating Gumbel distribution (location: 0.025456957519054413, scale 1.0895466804504395)
2024-03-05 08:41:40,313 | INFO | hilo.gumbel-kernel : BOTTOM-LEFT:
tensor([[8.7538e-04, 4.3274e-08, 2.8465e-18],
        [7.9683e-02, 8.7538e-04, 4.3274e-08],
        [8.3801e-01, 7.9683e-02, 8.7538e-04]])
2024-03-05 08:41:40,313 | INFO | hilo.kernel-accessor : Fetching kernel: gumbel
2024-03-05 08:41:40,313 | INFO | hilo.gumbel-kernel : Calculating Gumbel distribution (location: -0.043957944959402084, scale 0.9303970336914062)
2024-03-05 08:41:40,314 | INFO | hilo.gumbel-kernel : TOP-LEFT:
tensor([[9.2423e-01, 3.7845e-02, 2.5898e-05],
        [3.7845e-02, 2.5898e-05, 1.1040e-13],
        [2.5898e-05, 1.1040e-13, 2.6505e-37]])
2024-03-05 08:41:40,314 | INFO | hilo.kernel-accessor : Fetching kernel: gumbel
2024-03-05 08:41:40,314 | INFO | hilo.gumbel-kernel : Calculating Gumbel distribution (location: 0.022321097552776337, scale 0.8684219717979431)
2024-03-05 08:41:40,315 | INFO | hilo.gumbel-kernel : TOP-LEFT:
tensor([[9.2500e-01, 3.7475e-02, 1.7837e-05],
        [3.7475e-02, 1.7837e-05, 6.6722e-15],
        [1.7837e-05, 6.6722e-15, 1.2472e-43]])
2024-03-05 08:41:40,315 | INFO | hilo.kernel-accessor : Fetching kernel: gumbel
2024-03-05 08:41:40,315 | INFO | hilo.gumbel-kernel : Calculating Gumbel distribution (location: 0.07958962023258209, scale 0.8583368062973022)
2024-03-05 08:41:40,315 | INFO | hilo.gumbel-kernel : STATIC:
tensor([[9.0914e-01, 4.5368e-02, 3.9724e-05],
        [4.5368e-02, 3.9724e-05, 8.1674e-14],
        [3.9724e-05, 8.1674e-14, 1.5042e-40]])
2024-03-05 08:41:40,316 | INFO | hilo.kernel-accessor : Fetching kernel: gumbel
2024-03-05 08:41:40,316 | INFO | hilo.gumbel-kernel : Calculating Gumbel distribution (location: 0.0035846512764692307, scale 1.2390986680984497)
2024-03-05 08:41:40,316 | INFO | hilo.gumbel-kernel : BOTTOM-LEFT:
tensor([[2.8693e-03, 2.6002e-06, 1.0726e-12],
        [1.0221e-01, 2.8693e-03, 2.6002e-06],
        [7.8696e-01, 1.0221e-01, 2.8693e-03]])
2024-03-05 08:43:01,134 | INFO | hilo : Epoch   2/200 | Accuracy:  50.0000 | Loss:   1.4063
2024-03-05 08:43:01,134 | INFO | hilo.kernel-accessor : Fetching kernel: gumbel
2024-03-05 08:43:01,135 | INFO | hilo.gumbel-kernel : Calculating Gumbel distribution (location: -0.009019002318382263, scale 0.567793607711792)
2024-03-05 08:43:01,135 | INFO | hilo.gumbel-kernel : TOP-LEFT:
tensor([[9.9763e-01, 1.1843e-03, 5.4330e-17],
        [1.1843e-03, 5.4329e-17, 0.0000e+00],
        [5.4330e-17, 0.0000e+00, 0.0000e+00]])
2024-03-05 08:43:01,135 | INFO | hilo.kernel-accessor : Fetching kernel: gumbel
2024-03-05 08:43:01,135 | INFO | hilo.gumbel-kernel : Calculating Gumbel distribution (location: -0.8430824279785156, scale 1.538267731666565)
2024-03-05 08:43:01,136 | INFO | hilo.gumbel-kernel : TOP-LEFT:
tensor([[9.3662e-01, 3.1559e-02, 8.6480e-05],
        [3.1559e-02, 8.6480e-05, 1.9365e-09],
        [8.6480e-05, 1.9365e-09, 4.3425e-18]])
2024-03-05 08:43:01,136 | INFO | hilo.kernel-accessor : Fetching kernel: gumbel
2024-03-05 08:43:01,136 | INFO | hilo.gumbel-kernel : Calculating Gumbel distribution (location: -0.2609686851501465, scale 0.9838078618049622)
2024-03-05 08:43:01,136 | INFO | hilo.gumbel-kernel : BOTTOM-LEFT:
tensor([[1.5944e-06, 6.6116e-17, 1.2612e-44],
        [1.7433e-02, 1.5944e-06, 6.6116e-17],
        [9.6513e-01, 1.7433e-02, 1.5944e-06]])
2024-03-05 08:43:01,136 | INFO | hilo.kernel-accessor : Fetching kernel: gumbel
2024-03-05 08:43:01,136 | INFO | hilo.gumbel-kernel : Calculating Gumbel distribution (location: -0.33918339014053345, scale 1.0495938062667847)
2024-03-05 08:43:01,137 | INFO | hilo.gumbel-kernel : STATIC:
tensor([[9.6440e-01, 1.7794e-02, 2.5907e-06],
        [1.7794e-02, 2.5907e-06, 1.3310e-15],
        [2.5907e-06, 1.3310e-15, 4.9866e-39]])
2024-03-05 08:43:01,137 | INFO | hilo.kernel-accessor : Fetching kernel: gumbel
2024-03-05 08:43:01,137 | INFO | hilo.gumbel-kernel : Calculating Gumbel distribution (location: -0.3556944727897644, scale 1.0440566539764404)
2024-03-05 08:43:01,137 | INFO | hilo.gumbel-kernel : BOTTOM-LEFT:
tensor([[1.5247e-06, 2.5419e-16, 3.9093e-41],
        [1.5550e-02, 1.5247e-06, 2.5419e-16],
        [9.6890e-01, 1.5550e-02, 1.5247e-06]])
2024-03-05 08:43:01,137 | INFO | hilo.kernel-accessor : Fetching kernel: gumbel
2024-03-05 08:43:01,138 | INFO | hilo.gumbel-kernel : Calculating Gumbel distribution (location: -0.12092914432287216, scale 0.8301416635513306)
2024-03-05 08:43:01,138 | INFO | hilo.gumbel-kernel : BOTTOM-LEFT:
tensor([[1.1421e-07, 2.7142e-23, 0.0000e+00],
        [1.2830e-02, 1.1421e-07, 2.7142e-23],
        [9.7434e-01, 1.2830e-02, 1.1421e-07]])
2024-03-05 08:43:01,138 | INFO | hilo.kernel-accessor : Fetching kernel: gumbel
2024-03-05 08:43:01,138 | INFO | hilo.gumbel-kernel : Calculating Gumbel distribution (location: -0.21961703896522522, scale 1.0797353982925415)
2024-03-05 08:43:01,138 | INFO | hilo.gumbel-kernel : BOTTOM-LEFT:
tensor([[4.5305e-05, 8.1972e-12, 3.1894e-28],
        [3.7118e-02, 4.5305e-05, 8.1972e-12],
        [9.2563e-01, 3.7118e-02, 4.5305e-05]])
2024-03-05 08:43:01,138 | INFO | hilo.kernel-accessor : Fetching kernel: gumbel
2024-03-05 08:43:01,139 | INFO | hilo.gumbel-kernel : Calculating Gumbel distribution (location: -0.2608723044395447, scale 1.0032283067703247)
2024-03-05 08:43:01,139 | INFO | hilo.gumbel-kernel : TOP-LEFT:
tensor([[9.6004e-01, 1.9975e-02, 3.0454e-06],
        [1.9975e-02, 3.0454e-06, 7.6165e-16],
        [3.0454e-06, 7.6165e-16, 4.0272e-41]])
2024-03-05 08:43:01,139 | INFO | hilo.kernel-accessor : Fetching kernel: gumbel
2024-03-05 08:43:01,139 | INFO | hilo.gumbel-kernel : Calculating Gumbel distribution (location: -0.12888789176940918, scale 0.9410013556480408)
2024-03-05 08:43:01,139 | INFO | hilo.gumbel-kernel : STATIC:
tensor([[9.4585e-01, 2.7067e-02, 6.9154e-06],
        [2.7067e-02, 6.9154e-06, 2.0719e-15],
        [6.9154e-06, 2.0719e-15, 4.2473e-42]])
2024-03-05 08:43:01,140 | INFO | hilo.kernel-accessor : Fetching kernel: gumbel
2024-03-05 08:43:01,140 | INFO | hilo.gumbel-kernel : Calculating Gumbel distribution (location: -0.005215439945459366, scale 0.7896132469177246)
2024-03-05 08:43:01,140 | INFO | hilo.gumbel-kernel : BOTTOM-LEFT:
tensor([[6.0470e-07, 1.2986e-21, 0.0000e+00],
        [2.0440e-02, 6.0470e-07, 1.2986e-21],
        [9.5912e-01, 2.0440e-02, 6.0470e-07]])
2024-03-05 08:43:01,140 | INFO | hilo.kernel-accessor : Fetching kernel: gumbel
2024-03-05 08:43:01,140 | INFO | hilo.gumbel-kernel : Calculating Gumbel distribution (location: 0.0032280897721648216, scale 0.9168385863304138)
2024-03-05 08:43:01,141 | INFO | hilo.gumbel-kernel : STATIC:
tensor([[9.1362e-01, 4.3129e-02, 4.2103e-05],
        [4.3129e-02, 4.2103e-05, 3.9834e-13],
        [4.2103e-05, 3.9834e-13, 4.5068e-36]])
2024-03-05 08:43:01,141 | INFO | hilo.kernel-accessor : Fetching kernel: gumbel
2024-03-05 08:43:01,141 | INFO | hilo.gumbel-kernel : Calculating Gumbel distribution (location: -0.05162567272782326, scale 0.8860574960708618)
2024-03-05 08:43:01,141 | INFO | hilo.gumbel-kernel : TOP-LEFT:
tensor([[9.4185e-01, 2.9063e-02, 6.5847e-06],
        [2.9063e-02, 6.5847e-06, 3.7701e-16],
        [6.5847e-06, 3.7701e-16, 0.0000e+00]])
2024-03-05 08:43:01,141 | INFO | hilo.kernel-accessor : Fetching kernel: gumbel
2024-03-05 08:43:01,141 | INFO | hilo.gumbel-kernel : Calculating Gumbel distribution (location: -0.003385627642273903, scale 0.8604221940040588)
2024-03-05 08:43:01,142 | INFO | hilo.gumbel-kernel : BOTTOM-LEFT:
tensor([[8.4245e-06, 3.9027e-16, 0.0000e+00],
        [3.1978e-02, 8.4245e-06, 3.9027e-16],
        [9.3602e-01, 3.1978e-02, 8.4245e-06]])
2024-03-05 08:43:01,142 | INFO | hilo.kernel-accessor : Fetching kernel: gumbel
2024-03-05 08:43:01,142 | INFO | hilo.gumbel-kernel : Calculating Gumbel distribution (location: 0.003951597027480602, scale 0.6966053247451782)
2024-03-05 08:43:01,142 | INFO | hilo.gumbel-kernel : BOTTOM-LEFT:
tensor([[3.9133e-09, 4.9494e-34, 0.0000e+00],
        [9.8412e-03, 3.9133e-09, 4.9494e-34],
        [9.8032e-01, 9.8412e-03, 3.9133e-09]])
2024-03-05 08:43:01,142 | INFO | hilo.kernel-accessor : Fetching kernel: gumbel
2024-03-05 08:43:01,142 | INFO | hilo.gumbel-kernel : Calculating Gumbel distribution (location: 0.09041376411914825, scale 0.775888204574585)
2024-03-05 08:43:01,143 | INFO | hilo.gumbel-kernel : BOTTOM-LEFT:
tensor([[4.6368e-06, 1.5864e-18, 0.0000e+00],
        [3.2147e-02, 4.6368e-06, 1.5864e-18],
        [9.3569e-01, 3.2147e-02, 4.6368e-06]])
2024-03-05 08:43:01,143 | INFO | hilo.kernel-accessor : Fetching kernel: gumbel
2024-03-05 08:43:01,143 | INFO | hilo.gumbel-kernel : Calculating Gumbel distribution (location: 0.07560937851667404, scale 0.8115988373756409)
2024-03-05 08:43:01,143 | INFO | hilo.gumbel-kernel : STATIC:
tensor([[9.2786e-01, 3.6055e-02, 1.0483e-05],
        [3.6055e-02, 1.0483e-05, 1.5667e-16],
        [1.0483e-05, 1.5667e-16, 0.0000e+00]])
2024-03-05 08:43:01,143 | INFO | hilo.kernel-accessor : Fetching kernel: gumbel
2024-03-05 08:43:01,143 | INFO | hilo.gumbel-kernel : Calculating Gumbel distribution (location: -0.09708530455827713, scale 1.0274162292480469)
2024-03-05 08:43:01,144 | INFO | hilo.gumbel-kernel : STATIC:
tensor([[9.0607e-01, 4.6830e-02, 9.1467e-05],
        [4.6830e-02, 9.1466e-05, 3.0670e-11],
        [9.1467e-05, 3.0670e-11, 1.1131e-27]])
2024-03-05 08:44:22,020 | INFO | hilo : Epoch   3/200 | Accuracy:  60.9375 | Loss:   1.1989
2024-03-05 08:44:22,020 | INFO | hilo.kernel-accessor : Fetching kernel: gumbel
2024-03-05 08:44:22,020 | INFO | hilo.gumbel-kernel : Calculating Gumbel distribution (location: -0.007354149129241705, scale 0.5005601644515991)
2024-03-05 08:44:22,021 | INFO | hilo.gumbel-kernel : STATIC:
tensor([[9.9962e-01, 1.9148e-04, 2.5244e-26],
        [1.9148e-04, 2.5244e-26, 0.0000e+00],
        [2.5244e-26, 0.0000e+00, 0.0000e+00]])
2024-03-05 08:44:22,021 | INFO | hilo.kernel-accessor : Fetching kernel: gumbel
2024-03-05 08:44:22,022 | INFO | hilo.gumbel-kernel : Calculating Gumbel distribution (location: -0.8395965099334717, scale 1.4367561340332031)
2024-03-05 08:44:22,022 | INFO | hilo.gumbel-kernel : STATIC:
tensor([[9.6224e-01, 1.8856e-02, 1.4257e-05],
        [1.8856e-02, 1.4257e-05, 1.5748e-11],
        [1.4257e-05, 1.5748e-11, 3.5768e-23]])
2024-03-05 08:44:22,022 | INFO | hilo.kernel-accessor : Fetching kernel: gumbel
2024-03-05 08:44:22,022 | INFO | hilo.gumbel-kernel : Calculating Gumbel distribution (location: -0.4034149646759033, scale 0.9812687039375305)
2024-03-05 08:44:22,023 | INFO | hilo.gumbel-kernel : TOP-LEFT:
tensor([[9.8732e-01, 6.3384e-03, 3.2435e-08],
        [6.3384e-03, 3.2435e-08, 4.3168e-22],
        [3.2435e-08, 4.3168e-22, 0.0000e+00]])
2024-03-05 08:44:22,023 | INFO | hilo.kernel-accessor : Fetching kernel: gumbel
2024-03-05 08:44:22,023 | INFO | hilo.gumbel-kernel : Calculating Gumbel distribution (location: -0.3142014145851135, scale 0.7824633121490479)
2024-03-05 08:44:22,024 | INFO | hilo.gumbel-kernel : STATIC:
tensor([[9.9828e-01, 8.5815e-04, 2.3255e-13],
        [8.5815e-04, 2.3255e-13, 0.0000e+00],
        [2.3255e-13, 0.0000e+00, 0.0000e+00]])
2024-03-05 08:44:22,024 | INFO | hilo.kernel-accessor : Fetching kernel: gumbel
2024-03-05 08:44:22,024 | INFO | hilo.gumbel-kernel : Calculating Gumbel distribution (location: -0.31429028511047363, scale 0.8494917154312134)
2024-03-05 08:44:22,024 | INFO | hilo.gumbel-kernel : TOP-LEFT:
tensor([[9.9446e-01, 2.7718e-03, 1.9938e-10],
        [2.7718e-03, 1.9938e-10, 1.8486e-32],
        [1.9938e-10, 1.8486e-32, 0.0000e+00]])
2024-03-05 08:44:22,024 | INFO | hilo.kernel-accessor : Fetching kernel: gumbel
2024-03-05 08:44:22,025 | INFO | hilo.gumbel-kernel : Calculating Gumbel distribution (location: -0.10286279022693634, scale 0.6448501944541931)
2024-03-05 08:44:22,025 | INFO | hilo.gumbel-kernel : TOP-LEFT:
tensor([[9.9745e-01, 1.2756e-03, 9.2542e-15],
        [1.2756e-03, 9.2542e-15, 0.0000e+00],
        [9.2542e-15, 0.0000e+00, 0.0000e+00]])
2024-03-05 08:44:22,025 | INFO | hilo.kernel-accessor : Fetching kernel: gumbel
2024-03-05 08:44:22,025 | INFO | hilo.gumbel-kernel : Calculating Gumbel distribution (location: -0.16812220215797424, scale 0.771849513053894)
2024-03-05 08:44:22,026 | INFO | hilo.gumbel-kernel : BOTTOM-LEFT:
tensor([[3.8199e-10, 1.7657e-34, 0.0000e+00],
        [4.4886e-03, 3.8199e-10, 1.7657e-34],
        [9.9102e-01, 4.4886e-03, 3.8199e-10]])
2024-03-05 08:44:22,026 | INFO | hilo.kernel-accessor : Fetching kernel: gumbel
2024-03-05 08:44:22,026 | INFO | hilo.gumbel-kernel : Calculating Gumbel distribution (location: -0.12854841351509094, scale 0.7106712460517883)
2024-03-05 08:44:22,027 | INFO | hilo.gumbel-kernel : TOP-LEFT:
tensor([[9.9419e-01, 2.9048e-03, 9.9333e-12],
        [2.9048e-03, 9.9333e-12, 1.8217e-44],
        [9.9333e-12, 1.8217e-44, 0.0000e+00]])
2024-03-05 08:44:22,027 | INFO | hilo.kernel-accessor : Fetching kernel: gumbel
2024-03-05 08:44:22,027 | INFO | hilo.gumbel-kernel : Calculating Gumbel distribution (location: -0.06719305366277695, scale 0.7598293423652649)
2024-03-05 08:44:22,027 | INFO | hilo.gumbel-kernel : TOP-LEFT:
tensor([[9.7976e-01, 1.0120e-02, 1.4444e-08],
        [1.0120e-02, 1.4444e-08, 8.3696e-29],
        [1.4444e-08, 8.3696e-29, 0.0000e+00]])
2024-03-05 08:44:22,028 | INFO | hilo.kernel-accessor : Fetching kernel: gumbel
2024-03-05 08:44:22,028 | INFO | hilo.gumbel-kernel : Calculating Gumbel distribution (location: 0.005201802588999271, scale 0.6746373176574707)
2024-03-05 08:44:22,028 | INFO | hilo.gumbel-kernel : BOTTOM-LEFT:
tensor([[6.9641e-10, 9.7067e-39, 0.0000e+00],
        [7.8365e-03, 6.9641e-10, 9.7067e-39],
        [9.8433e-01, 7.8365e-03, 6.9641e-10]])
2024-03-05 08:44:22,028 | INFO | hilo.kernel-accessor : Fetching kernel: gumbel
2024-03-05 08:44:22,029 | INFO | hilo.gumbel-kernel : Calculating Gumbel distribution (location: 0.08122824877500534, scale 0.8558907508850098)
2024-03-05 08:44:22,029 | INFO | hilo.gumbel-kernel : TOP-LEFT:
tensor([[9.0949e-01, 4.5196e-02, 3.8567e-05],
        [4.5196e-02, 3.8567e-05, 6.9059e-14],
        [3.8567e-05, 6.9059e-14, 6.7157e-41]])
2024-03-05 08:44:22,029 | INFO | hilo.kernel-accessor : Fetching kernel: gumbel
2024-03-05 08:44:22,029 | INFO | hilo.gumbel-kernel : Calculating Gumbel distribution (location: 0.027643412351608276, scale 0.7193405032157898)
2024-03-05 08:44:22,030 | INFO | hilo.gumbel-kernel : BOTTOM-LEFT:
tensor([[4.9774e-08, 3.4583e-28, 0.0000e+00],
        [1.4807e-02, 4.9774e-08, 3.4583e-28],
        [9.7039e-01, 1.4807e-02, 4.9774e-08]])
2024-03-05 08:44:22,030 | INFO | hilo.kernel-accessor : Fetching kernel: gumbel
2024-03-05 08:44:22,030 | INFO | hilo.gumbel-kernel : Calculating Gumbel distribution (location: 0.0558898001909256, scale 0.7591350674629211)
2024-03-05 08:44:22,031 | INFO | hilo.gumbel-kernel : TOP-LEFT:
tensor([[9.5181e-01, 2.4095e-02, 9.6608e-07],
        [2.4095e-02, 9.6608e-07, 1.3606e-21],
        [9.6608e-07, 1.3606e-21, 0.0000e+00]])
2024-03-05 08:44:22,031 | INFO | hilo.kernel-accessor : Fetching kernel: gumbel
2024-03-05 08:44:22,031 | INFO | hilo.gumbel-kernel : Calculating Gumbel distribution (location: 0.022726338356733322, scale 0.5574973225593567)
2024-03-05 08:44:22,031 | INFO | hilo.gumbel-kernel : TOP-LEFT:
tensor([[9.9673e-01, 1.6345e-03, 2.3629e-16],
        [1.6345e-03, 2.3629e-16, 0.0000e+00],
        [2.3629e-16, 0.0000e+00, 0.0000e+00]])
2024-03-05 08:44:22,032 | INFO | hilo.kernel-accessor : Fetching kernel: gumbel
2024-03-05 08:44:22,032 | INFO | hilo.gumbel-kernel : Calculating Gumbel distribution (location: 0.08641497790813446, scale 0.659929096698761)
2024-03-05 08:44:22,032 | INFO | hilo.gumbel-kernel : STATIC:
tensor([[9.7221e-01, 1.3895e-02, 1.2128e-08],
        [1.3895e-02, 1.2129e-08, 7.0263e-34],
        [1.2128e-08, 7.0263e-34, 0.0000e+00]])
2024-03-05 08:44:22,033 | INFO | hilo.kernel-accessor : Fetching kernel: gumbel
2024-03-05 08:44:22,033 | INFO | hilo.gumbel-kernel : Calculating Gumbel distribution (location: 0.05194178968667984, scale 0.5686753392219543)
2024-03-05 08:44:22,033 | INFO | hilo.gumbel-kernel : BOTTOM-LEFT:
tensor([[4.4289e-14, 0.0000e+00, 0.0000e+00],
        [3.1313e-03, 4.4289e-14, 0.0000e+00],
        [9.9374e-01, 3.1313e-03, 4.4289e-14]])
2024-03-05 08:44:22,033 | INFO | hilo.kernel-accessor : Fetching kernel: gumbel
2024-03-05 08:44:22,034 | INFO | hilo.gumbel-kernel : Calculating Gumbel distribution (location: 0.009111911989748478, scale 0.6718367338180542)
2024-03-05 08:44:22,034 | INFO | hilo.gumbel-kernel : TOP-LEFT:
tensor([[9.8423e-01, 7.8849e-03, 6.7152e-10],
        [7.8849e-03, 6.7152e-10, 5.2934e-39],
        [6.7152e-10, 5.2934e-39, 0.0000e+00]])
2024-03-05 08:45:42,917 | INFO | hilo : Epoch   4/200 | Accuracy:  46.8750 | Loss:   1.1487
2024-03-05 08:45:42,917 | INFO | hilo.kernel-accessor : Fetching kernel: gumbel
2024-03-05 08:45:42,917 | INFO | hilo.gumbel-kernel : Calculating Gumbel distribution (location: -0.00477366428822279, scale 0.4577760100364685)
2024-03-05 08:45:42,918 | INFO | hilo.gumbel-kernel : STATIC:
tensor([[9.9993e-01, 3.5830e-05, 3.3976e-37],
        [3.5830e-05, 3.3976e-37, 0.0000e+00],
        [3.3976e-37, 0.0000e+00, 0.0000e+00]])
2024-03-05 08:45:42,918 | INFO | hilo.kernel-accessor : Fetching kernel: gumbel
2024-03-05 08:45:42,918 | INFO | hilo.gumbel-kernel : Calculating Gumbel distribution (location: -0.6510063409805298, scale 1.3904284238815308)
2024-03-05 08:45:42,919 | INFO | hilo.gumbel-kernel : STATIC:
tensor([[9.3753e-01, 3.1142e-02, 6.1214e-05],
        [3.1142e-02, 6.1214e-05, 3.6290e-10],
        [6.1214e-05, 3.6290e-10, 1.4406e-20]])
2024-03-05 08:45:42,919 | INFO | hilo.kernel-accessor : Fetching kernel: gumbel
2024-03-05 08:45:42,919 | INFO | hilo.gumbel-kernel : Calculating Gumbel distribution (location: -0.4493735134601593, scale 1.1216015815734863)
2024-03-05 08:45:42,920 | INFO | hilo.gumbel-kernel : TOP-LEFT:
tensor([[9.6786e-01, 1.6067e-02, 2.6428e-06],
        [1.6067e-02, 2.6428e-06, 5.6290e-15],
        [2.6428e-06, 5.6290e-15, 1.4376e-35]])
2024-03-05 08:45:42,920 | INFO | hilo.kernel-accessor : Fetching kernel: gumbel
2024-03-05 08:45:42,920 | INFO | hilo.gumbel-kernel : Calculating Gumbel distribution (location: -0.3887714147567749, scale 0.7909036874771118)
2024-03-05 08:45:42,920 | INFO | hilo.gumbel-kernel : TOP-LEFT:
tensor([[9.9937e-01, 3.1715e-04, 3.2271e-15],
        [3.1715e-04, 3.2272e-15, 0.0000e+00],
        [3.2271e-15, 0.0000e+00, 0.0000e+00]])
2024-03-05 08:45:42,920 | INFO | hilo.kernel-accessor : Fetching kernel: gumbel
2024-03-05 08:45:42,921 | INFO | hilo.gumbel-kernel : Calculating Gumbel distribution (location: -0.2773735523223877, scale 0.7560054063796997)
2024-03-05 08:45:42,921 | INFO | hilo.gumbel-kernel : STATIC:
tensor([[9.9828e-01, 8.5853e-04, 1.0202e-13],
        [8.5853e-04, 1.0202e-13, 0.0000e+00],
        [1.0202e-13, 0.0000e+00, 0.0000e+00]])
2024-03-05 08:45:42,921 | INFO | hilo.kernel-accessor : Fetching kernel: gumbel
2024-03-05 08:45:42,921 | INFO | hilo.gumbel-kernel : Calculating Gumbel distribution (location: -0.14262673258781433, scale 0.6336212158203125)
2024-03-05 08:45:42,922 | INFO | hilo.gumbel-kernel : BOTTOM-LEFT:
tensor([[2.0391e-17, 0.0000e+00, 0.0000e+00],
        [4.9413e-04, 2.0391e-17, 0.0000e+00],
        [9.9901e-01, 4.9413e-04, 2.0391e-17]])
2024-03-05 08:45:42,922 | INFO | hilo.kernel-accessor : Fetching kernel: gumbel
2024-03-05 08:45:42,922 | INFO | hilo.gumbel-kernel : Calculating Gumbel distribution (location: -0.160646453499794, scale 0.7458957433700562)
2024-03-05 08:45:42,923 | INFO | hilo.gumbel-kernel : STATIC:
tensor([[9.9323e-01, 3.3856e-03, 5.5335e-11],
        [3.3856e-03, 5.5335e-11, 4.2505e-39],
        [5.5335e-11, 4.2505e-39, 0.0000e+00]])
2024-03-05 08:45:42,923 | INFO | hilo.kernel-accessor : Fetching kernel: gumbel
2024-03-05 08:45:42,923 | INFO | hilo.gumbel-kernel : Calculating Gumbel distribution (location: -0.18694478273391724, scale 0.6266859173774719)
2024-03-05 08:45:42,924 | INFO | hilo.gumbel-kernel : STATIC:
tensor([[9.9968e-01, 1.6071e-04, 1.6615e-20],
        [1.6071e-04, 1.6615e-20, 0.0000e+00],
        [1.6615e-20, 0.0000e+00, 0.0000e+00]])
2024-03-05 08:45:42,924 | INFO | hilo.kernel-accessor : Fetching kernel: gumbel
2024-03-05 08:45:42,924 | INFO | hilo.gumbel-kernel : Calculating Gumbel distribution (location: -0.14271026849746704, scale 0.5790138244628906)
2024-03-05 08:45:42,924 | INFO | hilo.gumbel-kernel : STATIC:
tensor([[9.9982e-01, 9.1642e-05, 5.2610e-24],
        [9.1642e-05, 5.2610e-24, 0.0000e+00],
        [5.2610e-24, 0.0000e+00, 0.0000e+00]])
2024-03-05 08:45:42,924 | INFO | hilo.kernel-accessor : Fetching kernel: gumbel
2024-03-05 08:45:42,925 | INFO | hilo.gumbel-kernel : Calculating Gumbel distribution (location: -0.03166075050830841, scale 0.46482688188552856)
2024-03-05 08:45:42,925 | INFO | hilo.gumbel-kernel : STATIC:
tensor([[9.9996e-01, 1.9282e-05, 7.1137e-39],
        [1.9282e-05, 7.1137e-39, 0.0000e+00],
        [7.1137e-39, 0.0000e+00, 0.0000e+00]])
2024-03-05 08:45:42,925 | INFO | hilo.kernel-accessor : Fetching kernel: gumbel
2024-03-05 08:45:42,925 | INFO | hilo.gumbel-kernel : Calculating Gumbel distribution (location: 0.04795624315738678, scale 0.4730392396450043)
2024-03-05 08:45:42,926 | INFO | hilo.gumbel-kernel : TOP-LEFT:
tensor([[9.9937e-01, 3.1607e-04, 1.5878e-26],
        [3.1607e-04, 1.5878e-26, 0.0000e+00],
        [1.5878e-26, 0.0000e+00, 0.0000e+00]])
2024-03-05 08:45:42,926 | INFO | hilo.kernel-accessor : Fetching kernel: gumbel
2024-03-05 08:45:42,926 | INFO | hilo.gumbel-kernel : Calculating Gumbel distribution (location: 0.014936304651200771, scale 0.36830151081085205)
2024-03-05 08:45:42,927 | INFO | hilo.gumbel-kernel : STATIC:
tensor([[1.0000e+00, 1.4842e-07, 0.0000e+00],
        [1.4842e-07, 0.0000e+00, 0.0000e+00],
        [0.0000e+00, 0.0000e+00, 0.0000e+00]])
2024-03-05 08:45:42,927 | INFO | hilo.kernel-accessor : Fetching kernel: gumbel
2024-03-05 08:45:42,927 | INFO | hilo.gumbel-kernel : Calculating Gumbel distribution (location: 0.012109193950891495, scale 0.40040266513824463)
2024-03-05 08:45:42,927 | INFO | hilo.gumbel-kernel : STATIC:
tensor([[1.0000e+00, 2.2720e-06, 0.0000e+00],
        [2.2720e-06, 0.0000e+00, 0.0000e+00],
        [0.0000e+00, 0.0000e+00, 0.0000e+00]])
2024-03-05 08:45:42,928 | INFO | hilo.kernel-accessor : Fetching kernel: gumbel
2024-03-05 08:45:42,928 | INFO | hilo.gumbel-kernel : Calculating Gumbel distribution (location: 0.021057507023215294, scale 0.34030622243881226)
2024-03-05 08:45:42,928 | INFO | hilo.gumbel-kernel : TOP-LEFT:
tensor([[1.0000e+00, 7.2350e-09, 0.0000e+00],
        [7.2350e-09, 0.0000e+00, 0.0000e+00],
        [0.0000e+00, 0.0000e+00, 0.0000e+00]])
2024-03-05 08:45:42,928 | INFO | hilo.kernel-accessor : Fetching kernel: gumbel
2024-03-05 08:45:42,929 | INFO | hilo.gumbel-kernel : Calculating Gumbel distribution (location: 0.042016301304101944, scale 0.35363221168518066)
2024-03-05 08:45:42,929 | INFO | hilo.gumbel-kernel : STATIC:
tensor([[1.0000e+00, 2.1102e-07, 0.0000e+00],
        [2.1102e-07, 0.0000e+00, 0.0000e+00],
        [0.0000e+00, 0.0000e+00, 0.0000e+00]])
2024-03-05 08:45:42,929 | INFO | hilo.kernel-accessor : Fetching kernel: gumbel
2024-03-05 08:45:42,929 | INFO | hilo.gumbel-kernel : Calculating Gumbel distribution (location: 0.03706321865320206, scale 0.3486422002315521)
2024-03-05 08:45:42,930 | INFO | hilo.gumbel-kernel : STATIC:
tensor([[1.0000e+00, 8.3860e-08, 0.0000e+00],
        [8.3860e-08, 0.0000e+00, 0.0000e+00],
        [0.0000e+00, 0.0000e+00, 0.0000e+00]])
2024-03-05 08:45:42,930 | INFO | hilo.kernel-accessor : Fetching kernel: gumbel
2024-03-05 08:45:42,930 | INFO | hilo.gumbel-kernel : Calculating Gumbel distribution (location: 0.08315971493721008, scale 0.40163519978523254)
2024-03-05 08:45:42,931 | INFO | hilo.gumbel-kernel : TOP-LEFT:
tensor([[9.9989e-01, 5.5493e-05, 2.2421e-44],
        [5.5493e-05, 2.2421e-44, 0.0000e+00],
        [2.2421e-44, 0.0000e+00, 0.0000e+00]])
2024-03-05 08:47:03,820 | INFO | hilo : Epoch   5/200 | Accuracy:  53.1250 | Loss:   1.4419
2024-03-05 08:47:03,820 | INFO | hilo.kernel-accessor : Fetching kernel: gumbel
2024-03-05 08:47:03,820 | INFO | hilo.gumbel-kernel : Calculating Gumbel distribution (location: 0.0007133837789297104, scale 0.49760156869888306)
2024-03-05 08:47:03,821 | INFO | hilo.gumbel-kernel : STATIC:
tensor([[9.9957e-01, 2.1343e-04, 3.8305e-26],
        [2.1343e-04, 3.8305e-26, 0.0000e+00],
        [3.8305e-26, 0.0000e+00, 0.0000e+00]])
2024-03-05 08:47:03,821 | INFO | hilo.kernel-accessor : Fetching kernel: gumbel
2024-03-05 08:47:03,821 | INFO | hilo.gumbel-kernel : Calculating Gumbel distribution (location: -0.8214245438575745, scale 1.5201189517974854)
2024-03-05 08:47:03,822 | INFO | hilo.gumbel-kernel : BOTTOM-LEFT:
tensor([[8.1289e-05, 1.5313e-09, 2.1320e-18],
        [3.1270e-02, 8.1289e-05, 1.5313e-09],
        [9.3722e-01, 3.1270e-02, 8.1289e-05]])
2024-03-05 08:47:03,822 | INFO | hilo.kernel-accessor : Fetching kernel: gumbel
2024-03-05 08:47:03,822 | INFO | hilo.gumbel-kernel : Calculating Gumbel distribution (location: -0.3955124020576477, scale 1.138287901878357)
2024-03-05 08:47:03,823 | INFO | hilo.gumbel-kernel : BOTTOM-LEFT:
tensor([[1.1053e-05, 3.6766e-13, 1.2601e-30],
        [2.3599e-02, 1.1053e-05, 3.6766e-13],
        [9.5277e-01, 2.3599e-02, 1.1053e-05]])
2024-03-05 08:47:03,823 | INFO | hilo.kernel-accessor : Fetching kernel: gumbel
2024-03-05 08:47:03,823 | INFO | hilo.gumbel-kernel : Calculating Gumbel distribution (location: -0.41836515069007874, scale 0.88037109375)
2024-03-05 08:47:03,823 | INFO | hilo.gumbel-kernel : STATIC:
tensor([[9.9730e-01, 1.3510e-03, 1.7464e-11],
        [1.3510e-03, 1.7464e-11, 5.2575e-35],
        [1.7464e-11, 5.2575e-35, 0.0000e+00]])
2024-03-05 08:47:03,824 | INFO | hilo.kernel-accessor : Fetching kernel: gumbel
