2023-12-03 02:17:28,465 | INFO | hi-lo : 
+==============================================================+
|                                                              |
| ██████╗  █████╗ ██████╗ ██╗         ██╗      █████╗ ██████╗  |
| ██╔══██╗██╔══██╗██╔══██╗██║         ██║     ██╔══██╗██╔══██╗ |
| ██║  ██║███████║██║  ██║██║         ██║     ███████║██████╔╝ |
| ██║  ██║██╔══██║██║  ██║██║         ██║     ██╔══██║██╔══██╗ |
| ██████╔╝██║  ██║██████╔╝███████╗    ███████╗██║  ██║██████╔╝ |
| ╚═════╝ ╚═╝  ╚═╝╚═════╝ ╚══════╝    ╚══════╝╚═╝  ╚═╝╚═════╝  |
|                                                              |
+==============================================================+
|             Hi-Lo Resolution Image Classification            |
|             -------------------------------------            |
|                       Gabriel C. Trahan                      |
|                          Sahan Ahmad                         |
|                       MD  Aminual Islam                      |
+==============================================================+
| MODEL:                 normal | LR:                      0.1 |
| DISTRO:                cauchy | KERNEL TYPE:               6 |
| DATASET:             cifar100 | BATCH SIZE:               64 |
+=========================================================================+
2023-12-03 02:17:28,466 | INFO | hi-lo : Output directory: output/normal/cauchy/6/cifar100/20231203_021728
2023-12-03 02:17:28,466 | INFO | hi-lo.dataset-accessor : Fetching dataset: cifar100
2023-12-03 02:17:28,466 | INFO | hi-lo.cifar100-dataset : Initializing transform.
2023-12-03 02:17:28,466 | INFO | hi-lo.cifar100-dataset : Verifying/downloading train data.
2023-12-03 02:17:29,087 | INFO | hi-lo.cifar100-dataset : Verifying/downloading test data.
2023-12-03 02:17:29,587 | INFO | hi-lo.cifar100-dataset : Creating train data loader.
2023-12-03 02:17:29,587 | INFO | hi-lo.cifar100-dataset : Creating test data loader.
2023-12-03 02:17:30,566 | INFO | hi-lo : Using device: NVIDIA GeForce GTX 1060 6GB
2023-12-03 02:17:30,566 | INFO | hi-lo : Commencing training phase...
2023-12-03 02:17:30,567 | INFO | hi-lo : BEGIN EPOCH 1 =========================================================================
2023-12-03 02:17:30,567 | INFO | hi-lo.kernel-accessor : Fetching kernel: cauchy
2023-12-03 02:17:30,568 | INFO | hi-lo.cauchy-kernel : CHI (LOCATION): 0.0 | GAMMA (SCALE): 1.0 | VAIRANCE: 1.0
2023-12-03 02:17:30,568 | INFO | hi-lo.cauchy-kernel : BOTTOM-RIGHT
tensor([[0.0206, 0.0350, 0.0700],
        [0.0350, 0.0700, 0.1749],
        [0.0700, 0.1749, 0.3498]])
2023-12-03 02:17:30,569 | INFO | hi-lo.kernel-accessor : Fetching kernel: cauchy
2023-12-03 02:17:30,569 | INFO | hi-lo.cauchy-kernel : CHI (LOCATION): 0.0 | GAMMA (SCALE): 1.0 | VAIRANCE: 1.0
2023-12-03 02:17:30,569 | INFO | hi-lo.cauchy-kernel : BOTTOM-LEFT
tensor([[0.0700, 0.0350, 0.0206],
        [0.1749, 0.0700, 0.0350],
        [0.3498, 0.1749, 0.0700]])
2023-12-03 02:17:30,569 | INFO | hi-lo.kernel-accessor : Fetching kernel: cauchy
2023-12-03 02:17:30,569 | INFO | hi-lo.cauchy-kernel : CHI (LOCATION): 0.0 | GAMMA (SCALE): 1.0 | VAIRANCE: 1.0
2023-12-03 02:17:30,570 | INFO | hi-lo.cauchy-kernel : BOTTOM-LEFT
tensor([[0.0700, 0.0350, 0.0206],
        [0.1749, 0.0700, 0.0350],
        [0.3498, 0.1749, 0.0700]])
2023-12-03 02:17:30,570 | INFO | hi-lo.kernel-accessor : Fetching kernel: cauchy
2023-12-03 02:17:30,570 | INFO | hi-lo.cauchy-kernel : CHI (LOCATION): 0.0 | GAMMA (SCALE): 1.0 | VAIRANCE: 1.0
2023-12-03 02:17:30,570 | INFO | hi-lo.cauchy-kernel : BOTTOM-LEFT
tensor([[0.0700, 0.0350, 0.0206],
        [0.1749, 0.0700, 0.0350],
        [0.3498, 0.1749, 0.0700]])
2023-12-03 02:17:39,791 | INFO | hi-lo : END EPOCH:   1 | ACCURACY: 14.06 | LOSS: 2.311495542526245
2023-12-03 02:17:39,792 | INFO | hi-lo : BEGIN EPOCH 2 =========================================================================
2023-12-03 02:17:39,792 | INFO | hi-lo.kernel-accessor : Fetching kernel: cauchy
2023-12-03 02:17:39,793 | INFO | hi-lo.cauchy-kernel : CHI (LOCATION): -0.13533638417720795 | GAMMA (SCALE): 0.47473621368408203 | VAIRANCE: 0.2253744725830984
2023-12-03 02:17:39,793 | INFO | hi-lo.cauchy-kernel : BOTTOM-RIGHT
tensor([[0.0091, 0.0158, 0.0331],
        [0.0158, 0.0331, 0.1047],
        [0.0331, 0.1047, 0.6506]])
2023-12-03 02:17:39,793 | INFO | hi-lo.kernel-accessor : Fetching kernel: cauchy
2023-12-03 02:17:39,794 | INFO | hi-lo.cauchy-kernel : CHI (LOCATION): -0.5424362421035767 | GAMMA (SCALE): 1.3411548137664795 | VAIRANCE: 1.7986962344890003
2023-12-03 02:17:39,794 | INFO | hi-lo.cauchy-kernel : BOTTOM-LEFT
tensor([[0.0805, 0.0464, 0.0296],
        [0.1592, 0.0805, 0.0464],
        [0.3178, 0.1592, 0.0805]])
2023-12-03 02:17:39,794 | INFO | hi-lo.kernel-accessor : Fetching kernel: cauchy
2023-12-03 02:17:39,795 | INFO | hi-lo.cauchy-kernel : CHI (LOCATION): -1.8807759284973145 | GAMMA (SCALE): 8.370155334472656 | VAIRANCE: 70.05950032320106
2023-12-03 02:17:39,795 | INFO | hi-lo.cauchy-kernel : BOTTOM-RIGHT
tensor([[0.0908, 0.1012, 0.1117],
        [0.1012, 0.1117, 0.1213],
        [0.1117, 0.1213, 0.1291]])
2023-12-03 02:17:39,796 | INFO | hi-lo.kernel-accessor : Fetching kernel: cauchy
2023-12-03 02:17:39,796 | INFO | hi-lo.cauchy-kernel : CHI (LOCATION): -0.033728085458278656 | GAMMA (SCALE): 0.04305928200483322 | VAIRANCE: 0.001854101766771754
2023-12-03 02:17:39,797 | INFO | hi-lo.cauchy-kernel : BOTTOM-RIGHT
tensor([[1.8228e-04, 3.2223e-04, 7.1684e-04],
        [3.2223e-04, 7.1684e-04, 2.7710e-03],
        [7.1684e-04, 2.7710e-03, 9.9148e-01]])
2023-12-03 02:17:48,245 | INFO | hi-lo : END EPOCH:   2 | ACCURACY: 12.11 | LOSS: 2.3144760131835938
2023-12-03 02:17:48,245 | INFO | hi-lo : BEGIN EPOCH 3 =========================================================================
2023-12-03 02:17:48,245 | INFO | hi-lo.kernel-accessor : Fetching kernel: cauchy
2023-12-03 02:17:48,246 | INFO | hi-lo.cauchy-kernel : CHI (LOCATION): -0.1270223706960678 | GAMMA (SCALE): 0.4913311302661896 | VAIRANCE: 0.24140627956865135
2023-12-03 02:17:48,247 | INFO | hi-lo.cauchy-kernel : BOTTOM-RIGHT
tensor([[0.0095, 0.0164, 0.0344],
        [0.0164, 0.0344, 0.1086],
        [0.0344, 0.1086, 0.6373]])
2023-12-03 02:17:48,247 | INFO | hi-lo.kernel-accessor : Fetching kernel: cauchy
2023-12-03 02:17:48,247 | INFO | hi-lo.cauchy-kernel : CHI (LOCATION): -0.3508399426937103 | GAMMA (SCALE): 0.9459899663925171 | VAIRANCE: 0.8948970165153156
2023-12-03 02:17:48,248 | INFO | hi-lo.cauchy-kernel : BOTTOM-LEFT
tensor([[0.0649, 0.0344, 0.0210],
        [0.1532, 0.0649, 0.0344],
        [0.4092, 0.1532, 0.0649]])
2023-12-03 02:17:48,248 | INFO | hi-lo.kernel-accessor : Fetching kernel: cauchy
2023-12-03 02:17:48,248 | INFO | hi-lo.cauchy-kernel : CHI (LOCATION): -0.9523382782936096 | GAMMA (SCALE): 3.7649073600769043 | VAIRANCE: 14.174527429961245
2023-12-03 02:17:48,249 | INFO | hi-lo.cauchy-kernel : BOTTOM-RIGHT
tensor([[0.0644, 0.0836, 0.1088],
        [0.0836, 0.1088, 0.1385],
        [0.1088, 0.1385, 0.1651]])
2023-12-03 02:17:48,249 | INFO | hi-lo.kernel-accessor : Fetching kernel: cauchy
2023-12-03 02:17:48,249 | INFO | hi-lo.cauchy-kernel : CHI (LOCATION): -0.022767668589949608 | GAMMA (SCALE): 0.029043840244412422 | VAIRANCE: 0.0008435446561429506
2023-12-03 02:17:48,250 | INFO | hi-lo.cauchy-kernel : BOTTOM-RIGHT
tensor([[8.3820e-05, 1.4845e-04, 3.3147e-04],
        [1.4845e-04, 3.3147e-04, 1.2957e-03],
        [3.3147e-04, 1.2957e-03, 9.9603e-01]])
2023-12-03 02:17:56,633 | INFO | hi-lo : END EPOCH:   3 | ACCURACY: 10.88 | LOSS: 2.3201937675476074
2023-12-03 02:17:56,633 | INFO | hi-lo : BEGIN EPOCH 4 =========================================================================
2023-12-03 02:17:56,633 | INFO | hi-lo.kernel-accessor : Fetching kernel: cauchy
2023-12-03 02:17:56,634 | INFO | hi-lo.cauchy-kernel : CHI (LOCATION): -0.04050035774707794 | GAMMA (SCALE): 0.4843546748161316 | VAIRANCE: 0.23459945101624058
2023-12-03 02:17:56,635 | INFO | hi-lo.cauchy-kernel : BOTTOM-RIGHT
tensor([[0.0090, 0.0157, 0.0339],
        [0.0157, 0.0339, 0.1132],
        [0.0339, 0.1132, 0.6313]])
2023-12-03 02:17:56,635 | INFO | hi-lo.kernel-accessor : Fetching kernel: cauchy
2023-12-03 02:17:56,635 | INFO | hi-lo.cauchy-kernel : CHI (LOCATION): -0.1750238686800003 | GAMMA (SCALE): 0.6059289574623108 | VAIRANCE: 0.36714990149136284
2023-12-03 02:17:56,636 | INFO | hi-lo.cauchy-kernel : BOTTOM-LEFT
tensor([[0.0436, 0.0213, 0.0125],
        [0.1273, 0.0436, 0.0213],
        [0.5594, 0.1273, 0.0436]])
2023-12-03 02:17:56,636 | INFO | hi-lo.kernel-accessor : Fetching kernel: cauchy
2023-12-03 02:17:56,636 | INFO | hi-lo.cauchy-kernel : CHI (LOCATION): -0.5979048013687134 | GAMMA (SCALE): 2.134153366088867 | VAIRANCE: 4.554610589988442
2023-12-03 02:17:56,637 | INFO | hi-lo.cauchy-kernel : BOTTOM-RIGHT
tensor([[0.0431, 0.0632, 0.0979],
        [0.0632, 0.0979, 0.1557],
        [0.0979, 0.1557, 0.2253]])
2023-12-03 02:17:56,637 | INFO | hi-lo.kernel-accessor : Fetching kernel: cauchy
2023-12-03 02:17:56,637 | INFO | hi-lo.cauchy-kernel : CHI (LOCATION): -0.015400359407067299 | GAMMA (SCALE): 0.019507495686411858 | VAIRANCE: 0.00038054238795537723
2023-12-03 02:17:56,638 | INFO | hi-lo.cauchy-kernel : BOTTOM-RIGHT
tensor([[3.8241e-05, 6.7809e-05, 1.5179e-04],
        [6.7809e-05, 1.5179e-04, 5.9780e-04],
        [1.5179e-04, 5.9780e-04, 9.9818e-01]])
2023-12-03 02:18:05,030 | INFO | hi-lo : END EPOCH:   4 | ACCURACY: 10.57 | LOSS: 2.373979330062866
2023-12-03 02:18:05,030 | INFO | hi-lo : BEGIN EPOCH 5 =========================================================================
2023-12-03 02:18:05,030 | INFO | hi-lo.kernel-accessor : Fetching kernel: cauchy
2023-12-03 02:18:05,031 | INFO | hi-lo.cauchy-kernel : CHI (LOCATION): -0.09823276847600937 | GAMMA (SCALE): 0.5079310536384583 | VAIRANCE: 0.25799395525027435
2023-12-03 02:18:05,031 | INFO | hi-lo.cauchy-kernel : BOTTOM-RIGHT
tensor([[0.0098, 0.0169, 0.0357],
        [0.0169, 0.0357, 0.1137],
        [0.0357, 0.1137, 0.6219]])
2023-12-03 02:18:05,032 | INFO | hi-lo.kernel-accessor : Fetching kernel: cauchy
2023-12-03 02:18:05,032 | INFO | hi-lo.cauchy-kernel : CHI (LOCATION): -0.1489863395690918 | GAMMA (SCALE): 0.433697909116745 | VAIRANCE: 0.1880938763722364
2023-12-03 02:18:05,033 | INFO | hi-lo.cauchy-kernel : BOTTOM-RIGHT
tensor([[0.0083, 0.0142, 0.0299],
        [0.0142, 0.0299, 0.0952],
        [0.0299, 0.0952, 0.6831]])
2023-12-03 02:18:05,033 | INFO | hi-lo.kernel-accessor : Fetching kernel: cauchy
2023-12-03 02:18:05,033 | INFO | hi-lo.cauchy-kernel : CHI (LOCATION): -0.2483709454536438 | GAMMA (SCALE): 0.8627962470054626 | VAIRANCE: 0.7444173638467113
2023-12-03 02:18:05,034 | INFO | hi-lo.cauchy-kernel : BOTTOM-RIGHT
tensor([[0.0186, 0.0310, 0.0604],
        [0.0310, 0.0604, 0.1520],
        [0.0604, 0.1520, 0.4343]])
2023-12-03 02:18:05,034 | INFO | hi-lo.kernel-accessor : Fetching kernel: cauchy
2023-12-03 02:18:05,034 | INFO | hi-lo.cauchy-kernel : CHI (LOCATION): -0.010449966415762901 | GAMMA (SCALE): 0.013196088373661041 | VAIRANCE: 0.0001741367483654721
2023-12-03 02:18:05,035 | INFO | hi-lo.cauchy-kernel : BOTTOM-LEFT
tensor([[7.0038e-05, 3.1237e-05, 1.7601e-05],
        [2.7723e-04, 7.0038e-05, 3.1237e-05],
        [9.9916e-01, 2.7723e-04, 7.0038e-05]])
2023-12-03 02:18:13,262 | INFO | hi-lo : END EPOCH:   5 | ACCURACY: 12.5 | LOSS: 2.347557783126831
2023-12-03 02:18:13,262 | INFO | hi-lo : BEGIN EPOCH 6 =========================================================================
2023-12-03 02:18:13,262 | INFO | hi-lo.kernel-accessor : Fetching kernel: cauchy
2023-12-03 02:18:13,263 | INFO | hi-lo.cauchy-kernel : CHI (LOCATION): -0.09955111145973206 | GAMMA (SCALE): 0.43373507261276245 | VAIRANCE: 0.18812611321439832
2023-12-03 02:18:13,264 | INFO | hi-lo.cauchy-kernel : BOTTOM-RIGHT
tensor([[0.0080, 0.0138, 0.0294],
        [0.0138, 0.0294, 0.0968],
        [0.0294, 0.0968, 0.6827]])
2023-12-03 02:18:13,264 | INFO | hi-lo.kernel-accessor : Fetching kernel: cauchy
2023-12-03 02:18:13,264 | INFO | hi-lo.cauchy-kernel : CHI (LOCATION): -0.09958284348249435 | GAMMA (SCALE): 0.25253885984420776 | VAIRANCE: 0.06377587573141241
2023-12-03 02:18:13,265 | INFO | hi-lo.cauchy-kernel : BOTTOM-LEFT
tensor([[0.0139, 0.0064, 0.0037],
        [0.0489, 0.0139, 0.0064],
        [0.8440, 0.0489, 0.0139]])
2023-12-03 02:18:13,265 | INFO | hi-lo.kernel-accessor : Fetching kernel: cauchy
2023-12-03 02:18:13,265 | INFO | hi-lo.cauchy-kernel : CHI (LOCATION): -0.08870545029640198 | GAMMA (SCALE): 0.29694172739982605 | VAIRANCE: 0.0881743894711926
2023-12-03 02:18:13,266 | INFO | hi-lo.cauchy-kernel : BOTTOM-LEFT
tensor([[0.0174, 0.0080, 0.0046],
        [0.0608, 0.0174, 0.0080],
        [0.8056, 0.0608, 0.0174]])
2023-12-03 02:18:13,266 | INFO | hi-lo.kernel-accessor : Fetching kernel: cauchy
2023-12-03 02:18:13,267 | INFO | hi-lo.cauchy-kernel : CHI (LOCATION): -0.0070162583142519 | GAMMA (SCALE): 0.009229703806340694 | VAIRANCE: 8.51874323527799e-05
2023-12-03 02:18:13,267 | INFO | hi-lo.cauchy-kernel : BOTTOM-RIGHT
tensor([[8.3681e-06, 1.4859e-05, 3.3355e-05],
        [1.4859e-05, 3.3355e-05, 1.3248e-04],
        [3.3355e-05, 1.3248e-04, 9.9960e-01]])
2023-12-03 02:18:21,701 | INFO | hi-lo : END EPOCH:   6 | ACCURACY: 11.88 | LOSS: 2.3458268642425537
2023-12-03 02:18:21,701 | INFO | hi-lo : BEGIN EPOCH 7 =========================================================================
2023-12-03 02:18:21,701 | INFO | hi-lo.kernel-accessor : Fetching kernel: cauchy
2023-12-03 02:18:21,702 | INFO | hi-lo.cauchy-kernel : CHI (LOCATION): -0.0792904794216156 | GAMMA (SCALE): 0.4780866205692291 | VAIRANCE: 0.22856681676730606
2023-12-03 02:18:21,703 | INFO | hi-lo.cauchy-kernel : BOTTOM-RIGHT
tensor([[0.0090, 0.0156, 0.0332],
        [0.0156, 0.0332, 0.1084],
        [0.0332, 0.1084, 0.6434]])
2023-12-03 02:18:21,703 | INFO | hi-lo.kernel-accessor : Fetching kernel: cauchy
2023-12-03 02:18:21,703 | INFO | hi-lo.cauchy-kernel : CHI (LOCATION): -0.06314074993133545 | GAMMA (SCALE): 0.18497821688652039 | VAIRANCE: 0.034216940722516576
2023-12-03 02:18:21,704 | INFO | hi-lo.cauchy-kernel : BOTTOM-RIGHT
tensor([[0.0021, 0.0037, 0.0081],
        [0.0037, 0.0081, 0.0298],
        [0.0081, 0.0298, 0.9068]])
2023-12-03 02:18:21,704 | INFO | hi-lo.kernel-accessor : Fetching kernel: cauchy
2023-12-03 02:18:21,705 | INFO | hi-lo.cauchy-kernel : CHI (LOCATION): -0.05622253939509392 | GAMMA (SCALE): 0.17887957394123077 | VAIRANCE: 0.03199790197339625
2023-12-03 02:18:21,705 | INFO | hi-lo.cauchy-kernel : BOTTOM-RIGHT
tensor([[0.0019, 0.0034, 0.0075],
        [0.0034, 0.0075, 0.0280],
        [0.0075, 0.0280, 0.9127]])
2023-12-03 02:18:21,705 | INFO | hi-lo.kernel-accessor : Fetching kernel: cauchy
2023-12-03 02:18:21,706 | INFO | hi-lo.cauchy-kernel : CHI (LOCATION): -0.004676587879657745 | GAMMA (SCALE): 0.006526220589876175 | VAIRANCE: 4.259155518772373e-05
2023-12-03 02:18:21,706 | INFO | hi-lo.cauchy-kernel : BOTTOM-RIGHT
tensor([[4.0187e-06, 7.1388e-06, 1.6037e-05],
        [7.1388e-06, 1.6037e-05, 6.3848e-05],
        [1.6037e-05, 6.3848e-05, 9.9981e-01]])
2023-12-03 02:18:30,137 | INFO | hi-lo : END EPOCH:   7 | ACCURACY: 10.08 | LOSS: 2.352585554122925
2023-12-03 02:18:30,137 | INFO | hi-lo : BEGIN EPOCH 8 =========================================================================
2023-12-03 02:18:30,137 | INFO | hi-lo.kernel-accessor : Fetching kernel: cauchy
2023-12-03 02:18:30,138 | INFO | hi-lo.cauchy-kernel : CHI (LOCATION): -0.13495168089866638 | GAMMA (SCALE): 0.4975467920303345 | VAIRANCE: 0.2475528102596769
2023-12-03 02:18:30,138 | INFO | hi-lo.cauchy-kernel : BOTTOM-RIGHT
tensor([[0.0097, 0.0167, 0.0350],
        [0.0167, 0.0350, 0.1095],
        [0.0350, 0.1095, 0.6329]])
2023-12-03 02:18:30,138 | INFO | hi-lo.kernel-accessor : Fetching kernel: cauchy
2023-12-03 02:18:30,139 | INFO | hi-lo.cauchy-kernel : CHI (LOCATION): -0.050315067172050476 | GAMMA (SCALE): 0.13276857137680054 | VAIRANCE: 0.01762749354543658
2023-12-03 02:18:30,139 | INFO | hi-lo.cauchy-kernel : BOTTOM-RIGHT
tensor([[0.0012, 0.0020, 0.0045],
        [0.0020, 0.0045, 0.0170],
        [0.0045, 0.0170, 0.9471]])
2023-12-03 02:18:30,139 | INFO | hi-lo.kernel-accessor : Fetching kernel: cauchy
2023-12-03 02:18:30,140 | INFO | hi-lo.cauchy-kernel : CHI (LOCATION): -0.026049498468637466 | GAMMA (SCALE): 0.07428514212369919 | VAIRANCE: 0.0055182823403381875
2023-12-03 02:18:30,140 | INFO | hi-lo.cauchy-kernel : BOTTOM-LEFT
tensor([[1.4810e-03, 6.6439e-04, 3.7543e-04],
        [5.7521e-03, 1.4810e-03, 6.6439e-04],
        [9.8235e-01, 5.7521e-03, 1.4810e-03]])
2023-12-03 02:18:30,140 | INFO | hi-lo.kernel-accessor : Fetching kernel: cauchy
2023-12-03 02:18:30,141 | INFO | hi-lo.cauchy-kernel : CHI (LOCATION): -0.0030984929762780666 | GAMMA (SCALE): 0.004687989596277475 | VAIRANCE: 2.1977246454805846e-05
2023-12-03 02:18:30,141 | INFO | hi-lo.cauchy-kernel : BOTTOM-LEFT
tensor([[7.8693e-06, 3.5011e-06, 1.9704e-06],
        [3.1379e-05, 7.8693e-06, 3.5011e-06],
        [9.9990e-01, 3.1379e-05, 7.8693e-06]])
2023-12-03 02:18:38,541 | INFO | hi-lo : END EPOCH:   8 | ACCURACY: 10.94 | LOSS: 2.309722661972046
2023-12-03 02:18:38,541 | INFO | hi-lo : BEGIN EPOCH 9 =========================================================================
2023-12-03 02:18:38,542 | INFO | hi-lo.kernel-accessor : Fetching kernel: cauchy
2023-12-03 02:18:38,542 | INFO | hi-lo.cauchy-kernel : CHI (LOCATION): -0.1332576870918274 | GAMMA (SCALE): 0.47092869877815247 | VAIRANCE: 0.22177383933288386
2023-12-03 02:18:38,543 | INFO | hi-lo.cauchy-kernel : BOTTOM-RIGHT
tensor([[0.0090, 0.0156, 0.0328],
        [0.0156, 0.0328, 0.1039],
        [0.0328, 0.1039, 0.6535]])
2023-12-03 02:18:38,543 | INFO | hi-lo.kernel-accessor : Fetching kernel: cauchy
2023-12-03 02:18:38,543 | INFO | hi-lo.cauchy-kernel : CHI (LOCATION): -0.033190615475177765 | GAMMA (SCALE): 0.08799851685762405 | VAIRANCE: 0.007743738969141545
2023-12-03 02:18:38,543 | INFO | hi-lo.cauchy-kernel : BOTTOM-RIGHT
tensor([[5.3009e-04, 9.3689e-04, 2.0830e-03],
        [9.3689e-04, 2.0830e-03, 8.0233e-03],
        [2.0830e-03, 8.0233e-03, 9.7530e-01]])
2023-12-03 02:18:38,543 | INFO | hi-lo.kernel-accessor : Fetching kernel: cauchy
2023-12-03 02:18:38,544 | INFO | hi-lo.cauchy-kernel : CHI (LOCATION): -0.014905582182109356 | GAMMA (SCALE): 0.037583280354738235 | VAIRANCE: 0.001412502962222853
2023-12-03 02:18:38,544 | INFO | hi-lo.cauchy-kernel : BOTTOM-LEFT
tensor([[4.0057e-04, 1.7895e-04, 1.0091e-04],
        [1.5772e-03, 4.0057e-04, 1.7895e-04],
        [9.9518e-01, 1.5772e-03, 4.0057e-04]])
2023-12-03 02:18:38,544 | INFO | hi-lo.kernel-accessor : Fetching kernel: cauchy
2023-12-03 02:18:38,544 | INFO | hi-lo.cauchy-kernel : CHI (LOCATION): -0.0020749641116708517 | GAMMA (SCALE): 0.00325382174924016 | VAIRANCE: 1.0587355975828295e-05
2023-12-03 02:18:38,544 | INFO | hi-lo.cauchy-kernel : BOTTOM-RIGHT
tensor([[9.2979e-07, 1.6524e-06, 3.7153e-06],
        [1.6524e-06, 3.7153e-06, 1.4830e-05],
        [3.7153e-06, 1.4830e-05, 9.9995e-01]])
2023-12-03 02:18:46,995 | INFO | hi-lo : END EPOCH:   9 | ACCURACY: 13.54 | LOSS: 2.3345866203308105
2023-12-03 02:18:46,995 | INFO | hi-lo : BEGIN EPOCH 10 =========================================================================
2023-12-03 02:18:46,996 | INFO | hi-lo.kernel-accessor : Fetching kernel: cauchy
2023-12-03 02:18:46,996 | INFO | hi-lo.cauchy-kernel : CHI (LOCATION): -0.16998139023780823 | GAMMA (SCALE): 0.4372989535331726 | VAIRANCE: 0.19123037476120786
2023-12-03 02:18:46,997 | INFO | hi-lo.cauchy-kernel : BOTTOM-RIGHT
tensor([[0.0085, 0.0146, 0.0305],
        [0.0146, 0.0305, 0.0958],
        [0.0305, 0.0958, 0.6791]])
2023-12-03 02:18:46,997 | INFO | hi-lo.kernel-accessor : Fetching kernel: cauchy
2023-12-03 02:18:46,998 | INFO | hi-lo.cauchy-kernel : CHI (LOCATION): -0.02531859464943409 | GAMMA (SCALE): 0.056959740817546844 | VAIRANCE: 0.003244412074002112
2023-12-03 02:18:46,998 | INFO | hi-lo.cauchy-kernel : BOTTOM-LEFT
tensor([[9.3591e-04, 4.1963e-04, 2.3707e-04],
        [3.6434e-03, 9.3591e-04, 4.1963e-04],
        [9.8883e-01, 3.6434e-03, 9.3591e-04]])
2023-12-03 02:18:46,998 | INFO | hi-lo.kernel-accessor : Fetching kernel: cauchy
2023-12-03 02:18:46,999 | INFO | hi-lo.cauchy-kernel : CHI (LOCATION): -0.006892676465213299 | GAMMA (SCALE): 0.014463272877037525 | VAIRANCE: 0.00020918626231564933
2023-12-03 02:18:46,999 | INFO | hi-lo.cauchy-kernel : BOTTOM-RIGHT
tensor([[1.5976e-05, 2.8369e-05, 6.3681e-05],
        [2.8369e-05, 6.3681e-05, 2.5295e-04],
        [6.3681e-05, 2.5295e-04, 9.9923e-01]])
2023-12-03 02:18:47,000 | INFO | hi-lo.kernel-accessor : Fetching kernel: cauchy
2023-12-03 02:18:47,000 | INFO | hi-lo.cauchy-kernel : CHI (LOCATION): -0.0013750512152910233 | GAMMA (SCALE): 0.0023289332166314125 | VAIRANCE: 5.423929927529138e-06
2023-12-03 02:18:47,001 | INFO | hi-lo.cauchy-kernel : BOTTOM-RIGHT
tensor([[4.5684e-07, 8.1198e-07, 1.8261e-06],
        [8.1198e-07, 1.8261e-06, 7.2944e-06],
        [1.8261e-06, 7.2944e-06, 9.9998e-01]])
2023-12-03 02:18:55,457 | INFO | hi-lo : END EPOCH:  10 | ACCURACY: 14.06 | LOSS: 2.347353458404541
2023-12-03 02:18:55,457 | INFO | hi-lo : BEGIN EPOCH 11 =========================================================================
2023-12-03 02:18:55,457 | INFO | hi-lo.kernel-accessor : Fetching kernel: cauchy
2023-12-03 02:18:55,458 | INFO | hi-lo.cauchy-kernel : CHI (LOCATION): -0.10035966336727142 | GAMMA (SCALE): 0.4964829385280609 | VAIRANCE: 0.2464953082494583
2023-12-03 02:18:55,458 | INFO | hi-lo.cauchy-kernel : BOTTOM-LEFT
tensor([[0.0348, 0.0164, 0.0095],
        [0.1111, 0.0348, 0.0164],
        [0.6311, 0.1111, 0.0348]])
2023-12-03 02:18:55,459 | INFO | hi-lo.kernel-accessor : Fetching kernel: cauchy
2023-12-03 02:18:55,459 | INFO | hi-lo.cauchy-kernel : CHI (LOCATION): -0.01406744122505188 | GAMMA (SCALE): 0.04120228439569473 | VAIRANCE: 0.0016976282394237097
2023-12-03 02:18:55,459 | INFO | hi-lo.cauchy-kernel : BOTTOM-RIGHT
tensor([[1.1697e-04, 2.0745e-04, 4.6448e-04],
        [2.0745e-04, 4.6448e-04, 1.8300e-03],
        [4.6448e-04, 1.8300e-03, 9.9441e-01]])
2023-12-03 02:18:55,460 | INFO | hi-lo.kernel-accessor : Fetching kernel: cauchy
2023-12-03 02:18:55,460 | INFO | hi-lo.cauchy-kernel : CHI (LOCATION): -0.004902977962046862 | GAMMA (SCALE): 0.010227774269878864 | VAIRANCE: 0.00010460736651559614
2023-12-03 02:18:55,461 | INFO | hi-lo.cauchy-kernel : BOTTOM-RIGHT
tensor([[8.0176e-06, 1.4242e-05, 3.1991e-05],
        [1.4242e-05, 3.1991e-05, 1.2733e-04],
        [3.1991e-05, 1.2733e-04, 9.9961e-01]])
2023-12-03 02:18:55,461 | INFO | hi-lo.kernel-accessor : Fetching kernel: cauchy
2023-12-03 02:18:55,461 | INFO | hi-lo.cauchy-kernel : CHI (LOCATION): -0.0009505011257715523 | GAMMA (SCALE): 0.001463908120058477 | VAIRANCE: 2.143026983973144e-06
2023-12-03 02:18:55,462 | INFO | hi-lo.cauchy-kernel : BOTTOM-LEFT
tensor([[7.6089e-07, 3.3828e-07, 1.9031e-07],
        [3.0407e-06, 7.6089e-07, 3.3828e-07],
        [9.9999e-01, 3.0407e-06, 7.6089e-07]])
2023-12-03 02:19:03,910 | INFO | hi-lo : END EPOCH:  11 | ACCURACY: 10.44 | LOSS: 2.3042328357696533
2023-12-03 02:19:03,910 | INFO | hi-lo : BEGIN EPOCH 12 =========================================================================
2023-12-03 02:19:03,910 | INFO | hi-lo.kernel-accessor : Fetching kernel: cauchy
2023-12-03 02:19:03,911 | INFO | hi-lo.cauchy-kernel : CHI (LOCATION): -0.046891264617443085 | GAMMA (SCALE): 0.5045096278190613 | VAIRANCE: 0.25452996456212773
2023-12-03 02:19:03,911 | INFO | hi-lo.cauchy-kernel : BOTTOM-RIGHT
tensor([[0.0095, 0.0166, 0.0356],
        [0.0166, 0.0356, 0.1171],
        [0.0356, 0.1171, 0.6162]])
2023-12-03 02:19:03,912 | INFO | hi-lo.kernel-accessor : Fetching kernel: cauchy
2023-12-03 02:19:03,912 | INFO | hi-lo.cauchy-kernel : CHI (LOCATION): -0.007989970967173576 | GAMMA (SCALE): 0.026763474568724632 | VAIRANCE: 0.0007162835709907701
2023-12-03 02:19:03,912 | INFO | hi-lo.cauchy-kernel : BOTTOM-RIGHT
tensor([[4.8448e-05, 8.6013e-05, 1.9300e-04],
        [8.6013e-05, 1.9300e-04, 7.6548e-04],
        [1.9300e-04, 7.6548e-04, 9.9767e-01]])
2023-12-03 02:19:03,913 | INFO | hi-lo.kernel-accessor : Fetching kernel: cauchy
2023-12-03 02:19:03,913 | INFO | hi-lo.cauchy-kernel : CHI (LOCATION): -0.0030314233154058456 | GAMMA (SCALE): 0.0056355488486588 | VAIRANCE: 3.175941082561953e-05
2023-12-03 02:19:03,914 | INFO | hi-lo.cauchy-kernel : BOTTOM-RIGHT
tensor([[2.5551e-06, 4.5401e-06, 1.0205e-05],
        [4.5401e-06, 1.0205e-05, 4.0695e-05],
        [1.0205e-05, 4.0695e-05, 9.9988e-01]])
2023-12-03 02:19:03,914 | INFO | hi-lo.kernel-accessor : Fetching kernel: cauchy
2023-12-03 02:19:03,914 | INFO | hi-lo.cauchy-kernel : CHI (LOCATION): -0.0006707664579153061 | GAMMA (SCALE): 0.0008679783204570413 | VAIRANCE: 7.533863647834262e-07
2023-12-03 02:19:03,915 | INFO | hi-lo.cauchy-kernel : BOTTOM-LEFT
tensor([[3.0063e-07, 1.3364e-07, 7.5182e-08],
        [1.2017e-06, 3.0063e-07, 1.3364e-07],
        [1.0000e+00, 1.2017e-06, 3.0063e-07]])
2023-12-03 02:19:12,431 | INFO | hi-lo : END EPOCH:  12 | ACCURACY: 15.62 | LOSS: 2.2919490337371826
2023-12-03 02:19:12,431 | INFO | hi-lo : BEGIN EPOCH 13 =========================================================================
2023-12-03 02:19:12,431 | INFO | hi-lo.kernel-accessor : Fetching kernel: cauchy
2023-12-03 02:19:12,432 | INFO | hi-lo.cauchy-kernel : CHI (LOCATION): -0.05696772783994675 | GAMMA (SCALE): 0.5206842422485352 | VAIRANCE: 0.27111208012593124
2023-12-03 02:19:12,433 | INFO | hi-lo.cauchy-kernel : BOTTOM-RIGHT
tensor([[0.0099, 0.0173, 0.0369],
        [0.0173, 0.0369, 0.1197],
        [0.0369, 0.1197, 0.6055]])
2023-12-03 02:19:12,433 | INFO | hi-lo.kernel-accessor : Fetching kernel: cauchy
2023-12-03 02:19:12,433 | INFO | hi-lo.cauchy-kernel : CHI (LOCATION): -0.00545582827180624 | GAMMA (SCALE): 0.01919635571539402 | VAIRANCE: 0.00036850007275194066
2023-12-03 02:19:12,434 | INFO | hi-lo.cauchy-kernel : BOTTOM-LEFT
tensor([[9.8898e-05, 4.4037e-05, 2.4794e-05],
        [3.9334e-04, 9.8898e-05, 4.4037e-05],
        [9.9880e-01, 3.9334e-04, 9.8898e-05]])
2023-12-03 02:19:12,434 | INFO | hi-lo.kernel-accessor : Fetching kernel: cauchy
2023-12-03 02:19:12,435 | INFO | hi-lo.cauchy-kernel : CHI (LOCATION): -0.0018322588875889778 | GAMMA (SCALE): 0.00297266012057662 | VAIRANCE: 8.836708192466606e-06
2023-12-03 02:19:12,435 | INFO | hi-lo.cauchy-kernel : BOTTOM-RIGHT
tensor([[7.6139e-07, 1.3532e-06, 3.0428e-06],
        [1.3532e-06, 3.0428e-06, 1.2149e-05],
        [3.0428e-06, 1.2149e-05, 9.9996e-01]])
2023-12-03 02:19:12,435 | INFO | hi-lo.kernel-accessor : Fetching kernel: cauchy
2023-12-03 02:19:12,436 | INFO | hi-lo.cauchy-kernel : CHI (LOCATION): -0.000461711548268795 | GAMMA (SCALE): 0.0005580813158303499 | VAIRANCE: 3.114547550789348e-07
2023-12-03 02:19:12,436 | INFO | hi-lo.cauchy-kernel : BOTTOM-LEFT
tensor([[1.3110e-07, 5.8274e-08, 3.2782e-08],
        [5.2415e-07, 1.3110e-07, 5.8274e-08],
        [1.0000e+00, 5.2415e-07, 1.3110e-07]])
2023-12-03 02:19:20,928 | INFO | hi-lo : END EPOCH:  13 | ACCURACY: 11.52 | LOSS: 2.3261876106262207
2023-12-03 02:19:20,928 | INFO | hi-lo : BEGIN EPOCH 14 =========================================================================
2023-12-03 02:19:20,928 | INFO | hi-lo.kernel-accessor : Fetching kernel: cauchy
2023-12-03 02:19:20,929 | INFO | hi-lo.cauchy-kernel : CHI (LOCATION): -0.1447453796863556 | GAMMA (SCALE): 0.4775288701057434 | VAIRANCE: 0.22803382178446796
2023-12-03 02:19:20,929 | INFO | hi-lo.cauchy-kernel : BOTTOM-LEFT
tensor([[0.0334, 0.0160, 0.0093],
        [0.1050, 0.0334, 0.0160],
        [0.6485, 0.1050, 0.0334]])
2023-12-03 02:19:20,930 | INFO | hi-lo.kernel-accessor : Fetching kernel: cauchy
2023-12-03 02:19:20,930 | INFO | hi-lo.cauchy-kernel : CHI (LOCATION): -0.004846334457397461 | GAMMA (SCALE): 0.012455101124942303 | VAIRANCE: 0.00015512954403253901
2023-12-03 02:19:20,930 | INFO | hi-lo.cauchy-kernel : BOTTOM-RIGHT
tensor([[1.1130e-05, 1.9771e-05, 4.4413e-05],
        [1.9771e-05, 4.4413e-05, 1.7678e-04],
        [4.4413e-05, 1.7678e-04, 9.9946e-01]])
2023-12-03 02:19:20,931 | INFO | hi-lo.kernel-accessor : Fetching kernel: cauchy
2023-12-03 02:19:20,931 | INFO | hi-lo.cauchy-kernel : CHI (LOCATION): -0.0010355707490816712 | GAMMA (SCALE): 0.001484036329202354 | VAIRANCE: 2.2023638263923975e-06
2023-12-03 02:19:20,932 | INFO | hi-lo.cauchy-kernel : BOTTOM-RIGHT
tensor([[2.0457e-07, 3.6361e-07, 8.1784e-07],
        [3.6361e-07, 8.1784e-07, 3.2680e-06],
        [8.1784e-07, 3.2680e-06, 9.9999e-01]])
2023-12-03 02:19:20,932 | INFO | hi-lo.kernel-accessor : Fetching kernel: cauchy
2023-12-03 02:19:20,932 | INFO | hi-lo.cauchy-kernel : CHI (LOCATION): -0.0003187338006682694 | GAMMA (SCALE): 0.00036005827132612467 | VAIRANCE: 1.296419587503572e-07
2023-12-03 02:19:20,933 | INFO | hi-lo.cauchy-kernel : BOTTOM-LEFT
tensor([[5.7790e-08, 2.5687e-08, 1.4450e-08],
        [2.3109e-07, 5.7790e-08, 2.5687e-08],
        [1.0000e+00, 2.3109e-07, 5.7790e-08]])
2023-12-03 02:19:29,402 | INFO | hi-lo : END EPOCH:  14 | ACCURACY: 14.06 | LOSS: 2.3421032428741455
2023-12-03 02:19:29,403 | INFO | hi-lo : BEGIN EPOCH 15 =========================================================================
2023-12-03 02:19:29,403 | INFO | hi-lo.kernel-accessor : Fetching kernel: cauchy
2023-12-03 02:19:29,404 | INFO | hi-lo.cauchy-kernel : CHI (LOCATION): 0.0003427735937293619 | GAMMA (SCALE): 0.5001478791236877 | VAIRANCE: 0.25014790099192297
2023-12-03 02:19:29,404 | INFO | hi-lo.cauchy-kernel : BOTTOM-LEFT
tensor([[0.0358, 0.0164, 0.0094],
        [0.1216, 0.0358, 0.0164],
        [0.6073, 0.1216, 0.0358]])
2023-12-03 02:19:29,404 | INFO | hi-lo.kernel-accessor : Fetching kernel: cauchy
2023-12-03 02:19:29,405 | INFO | hi-lo.cauchy-kernel : CHI (LOCATION): -0.002053199103102088 | GAMMA (SCALE): 0.008120677433907986 | VAIRANCE: 6.594540198558239e-05
2023-12-03 02:19:29,405 | INFO | hi-lo.cauchy-kernel : BOTTOM-RIGHT
tensor([[4.3796e-06, 7.7833e-06, 1.7500e-05],
        [7.7833e-06, 1.7500e-05, 6.9854e-05],
        [1.7500e-05, 6.9854e-05, 9.9979e-01]])
2023-12-03 02:19:29,405 | INFO | hi-lo.kernel-accessor : Fetching kernel: cauchy
2023-12-03 02:19:29,406 | INFO | hi-lo.cauchy-kernel : CHI (LOCATION): -0.0007118123467080295 | GAMMA (SCALE): 0.001020178897306323 | VAIRANCE: 1.0407649825091452e-06
2023-12-03 02:19:29,406 | INFO | hi-lo.cauchy-kernel : BOTTOM-RIGHT
tensor([[9.6680e-08, 1.7186e-07, 3.8658e-07],
        [1.7186e-07, 3.8658e-07, 1.5452e-06],
        [3.8658e-07, 1.5452e-06, 1.0000e+00]])
2023-12-03 02:19:29,406 | INFO | hi-lo.kernel-accessor : Fetching kernel: cauchy
2023-12-03 02:19:29,407 | INFO | hi-lo.cauchy-kernel : CHI (LOCATION): -0.00021688826382160187 | GAMMA (SCALE): 0.00024025817401707172 | VAIRANCE: 5.772399018201752e-08
2023-12-03 02:19:29,407 | INFO | hi-lo.cauchy-kernel : BOTTOM-RIGHT
tensor([[6.5471e-09, 1.1639e-08, 2.6185e-08],
        [1.1639e-08, 2.6185e-08, 1.0472e-07],
        [2.6185e-08, 1.0472e-07, 1.0000e+00]])
2023-12-03 02:19:37,901 | INFO | hi-lo : END EPOCH:  15 | ACCURACY: 11.74 | LOSS: 2.3765015602111816
2023-12-03 02:19:37,901 | INFO | hi-lo : BEGIN EPOCH 16 =========================================================================
2023-12-03 02:19:37,902 | INFO | hi-lo.kernel-accessor : Fetching kernel: cauchy
2023-12-03 02:19:37,902 | INFO | hi-lo.cauchy-kernel : CHI (LOCATION): -0.05928865820169449 | GAMMA (SCALE): 0.46862873435020447 | VAIRANCE: 0.2196128906586745
2023-12-03 02:19:37,903 | INFO | hi-lo.cauchy-kernel : BOTTOM-LEFT
tensor([[0.0324, 0.0151, 0.0087],
        [0.1078, 0.0324, 0.0151],
        [0.6482, 0.1078, 0.0324]])
2023-12-03 02:19:37,903 | INFO | hi-lo.kernel-accessor : Fetching kernel: cauchy
2023-12-03 02:19:37,903 | INFO | hi-lo.cauchy-kernel : CHI (LOCATION): -0.0017562868306413293 | GAMMA (SCALE): 0.005217375699430704 | VAIRANCE: 2.722100918901003e-05
2023-12-03 02:19:37,904 | INFO | hi-lo.cauchy-kernel : BOTTOM-RIGHT
tensor([[1.8923e-06, 3.3630e-06, 7.5624e-06],
        [3.3630e-06, 7.5624e-06, 3.0196e-05],
        [7.5624e-06, 3.0196e-05, 9.9991e-01]])
2023-12-03 02:19:37,904 | INFO | hi-lo.kernel-accessor : Fetching kernel: cauchy
2023-12-03 02:19:37,904 | INFO | hi-lo.cauchy-kernel : CHI (LOCATION): -0.0004438906325958669 | GAMMA (SCALE): 0.000613642274402082 | VAIRANCE: 3.7655684093336006e-07
2023-12-03 02:19:37,905 | INFO | hi-lo.cauchy-kernel : BOTTOM-RIGHT
tensor([[3.5842e-08, 6.3714e-08, 1.4334e-07],
        [6.3714e-08, 1.4334e-07, 5.7309e-07],
        [1.4334e-07, 5.7309e-07, 1.0000e+00]])
2023-12-03 02:19:37,905 | INFO | hi-lo.kernel-accessor : Fetching kernel: cauchy
2023-12-03 02:19:37,906 | INFO | hi-lo.cauchy-kernel : CHI (LOCATION): -0.0001471683499403298 | GAMMA (SCALE): 0.00016123770910780877 | VAIRANCE: 2.599759883833436e-08
2023-12-03 02:19:37,906 | INFO | hi-lo.cauchy-kernel : BOTTOM-LEFT
tensor([[1.1912e-08, 5.2946e-09, 2.9783e-09],
        [4.7642e-08, 1.1912e-08, 5.2946e-09],
        [1.0000e+00, 4.7642e-08, 1.1912e-08]])
2023-12-03 02:19:46,393 | INFO | hi-lo : END EPOCH:  16 | ACCURACY: 12.5 | LOSS: 2.3355038166046143
2023-12-03 02:19:46,393 | INFO | hi-lo : BEGIN EPOCH 17 =========================================================================
2023-12-03 02:19:46,393 | INFO | hi-lo.kernel-accessor : Fetching kernel: cauchy
2023-12-03 02:19:46,394 | INFO | hi-lo.cauchy-kernel : CHI (LOCATION): -0.12075959146022797 | GAMMA (SCALE): 0.492517352104187 | VAIRANCE: 0.24257334212371973
2023-12-03 02:19:46,394 | INFO | hi-lo.cauchy-kernel : BOTTOM-RIGHT
tensor([[0.0095, 0.0164, 0.0345],
        [0.0164, 0.0345, 0.1091],
        [0.0345, 0.1091, 0.6360]])
2023-12-03 02:19:46,394 | INFO | hi-lo.kernel-accessor : Fetching kernel: cauchy
2023-12-03 02:19:46,395 | INFO | hi-lo.cauchy-kernel : CHI (LOCATION): -0.0014400265645235777 | GAMMA (SCALE): 0.003946971148252487 | VAIRANCE: 1.5578581245137557e-05
2023-12-03 02:19:46,395 | INFO | hi-lo.cauchy-kernel : BOTTOM-LEFT
tensor([[4.4065e-06, 1.9594e-06, 1.1024e-06],
        [1.7600e-05, 4.4065e-06, 1.9594e-06],
        [9.9995e-01, 1.7600e-05, 4.4065e-06]])
2023-12-03 02:19:46,395 | INFO | hi-lo.kernel-accessor : Fetching kernel: cauchy
2023-12-03 02:19:46,395 | INFO | hi-lo.cauchy-kernel : CHI (LOCATION): -0.0002912711352109909 | GAMMA (SCALE): 0.00039587647188454866 | VAIRANCE: 1.5671818099175785e-07
2023-12-03 02:19:46,395 | INFO | hi-lo.cauchy-kernel : BOTTOM-RIGHT
tensor([[1.5095e-08, 2.6834e-08, 6.0372e-08],
        [2.6834e-08, 6.0372e-08, 2.4142e-07],
        [6.0372e-08, 2.4142e-07, 1.0000e+00]])
2023-12-03 02:19:46,396 | INFO | hi-lo.kernel-accessor : Fetching kernel: cauchy
2023-12-03 02:19:46,396 | INFO | hi-lo.cauchy-kernel : CHI (LOCATION): -9.977248555514961e-05 | GAMMA (SCALE): 0.00010841079347301275 | VAIRANCE: 1.1752900141448223e-08
2023-12-03 02:19:46,396 | INFO | hi-lo.cauchy-kernel : BOTTOM-LEFT
tensor([[5.4263e-09, 2.4118e-09, 1.3566e-09],
        [2.1703e-08, 5.4263e-09, 2.4118e-09],
        [1.0000e+00, 2.1703e-08, 5.4263e-09]])
2023-12-03 02:19:54,901 | INFO | hi-lo : END EPOCH:  17 | ACCURACY: 14.06 | LOSS: 2.315709114074707
2023-12-03 02:19:54,901 | INFO | hi-lo : BEGIN EPOCH 18 =========================================================================
2023-12-03 02:19:54,901 | INFO | hi-lo.kernel-accessor : Fetching kernel: cauchy
2023-12-03 02:19:54,902 | INFO | hi-lo.cauchy-kernel : CHI (LOCATION): -0.10114313662052155 | GAMMA (SCALE): 0.4390491843223572 | VAIRANCE: 0.19276418625412717
2023-12-03 02:19:54,903 | INFO | hi-lo.cauchy-kernel : BOTTOM-LEFT
tensor([[0.0299, 0.0140, 0.0081],
        [0.0980, 0.0299, 0.0140],
        [0.6782, 0.0980, 0.0299]])
2023-12-03 02:19:54,903 | INFO | hi-lo.kernel-accessor : Fetching kernel: cauchy
2023-12-03 02:19:54,903 | INFO | hi-lo.cauchy-kernel : CHI (LOCATION): -0.0009087289217859507 | GAMMA (SCALE): 0.0022508257534354925 | VAIRANCE: 5.0662165723284525e-06
2023-12-03 02:19:54,904 | INFO | hi-lo.cauchy-kernel : BOTTOM-LEFT
tensor([[1.4716e-06, 6.5426e-07, 3.6808e-07],
        [5.8812e-06, 1.4716e-06, 6.5426e-07],
        [9.9998e-01, 5.8812e-06, 1.4716e-06]])
2023-12-03 02:19:54,904 | INFO | hi-lo.kernel-accessor : Fetching kernel: cauchy
2023-12-03 02:19:54,904 | INFO | hi-lo.cauchy-kernel : CHI (LOCATION): -0.0001913579471874982 | GAMMA (SCALE): 0.00025680416729301214 | VAIRANCE: 6.594838033905737e-08
2023-12-03 02:19:54,905 | INFO | hi-lo.cauchy-kernel : BOTTOM-LEFT
tensor([[2.5637e-08, 1.1395e-08, 6.4098e-09],
        [1.0253e-07, 2.5637e-08, 1.1395e-08],
        [1.0000e+00, 1.0253e-07, 2.5637e-08]])
2023-12-03 02:19:54,905 | INFO | hi-lo.kernel-accessor : Fetching kernel: cauchy
2023-12-03 02:19:54,905 | INFO | hi-lo.cauchy-kernel : CHI (LOCATION): -6.755885988241062e-05 | GAMMA (SCALE): 7.302615995286033e-05 | VAIRANCE: 5.332820037460741e-09
2023-12-03 02:19:54,906 | INFO | hi-lo.cauchy-kernel : BOTTOM-RIGHT
tensor([[6.1854e-10, 1.0996e-09, 2.4741e-09],
        [1.0996e-09, 2.4741e-09, 9.8957e-09],
        [2.4741e-09, 9.8957e-09, 1.0000e+00]])
2023-12-03 02:20:03,404 | INFO | hi-lo : END EPOCH:  18 | ACCURACY: 10.65 | LOSS: 2.3241381645202637
2023-12-03 02:20:03,404 | INFO | hi-lo : BEGIN EPOCH 19 =========================================================================
2023-12-03 02:20:03,404 | INFO | hi-lo.kernel-accessor : Fetching kernel: cauchy
2023-12-03 02:20:03,405 | INFO | hi-lo.cauchy-kernel : CHI (LOCATION): 0.09795882552862167 | GAMMA (SCALE): 0.5584502220153809 | VAIRANCE: 0.3118666504690282
2023-12-03 02:20:03,406 | INFO | hi-lo.cauchy-kernel : BOTTOM-RIGHT
tensor([[0.0108, 0.0193, 0.0428],
        [0.0193, 0.0428, 0.1495],
        [0.0428, 0.1495, 0.5233]])
2023-12-03 02:20:03,406 | INFO | hi-lo.kernel-accessor : Fetching kernel: cauchy
2023-12-03 02:20:03,406 | INFO | hi-lo.cauchy-kernel : CHI (LOCATION): -0.0002451299806125462 | GAMMA (SCALE): 0.001851661829277873 | VAIRANCE: 3.428651530004679e-06
2023-12-03 02:20:03,407 | INFO | hi-lo.cauchy-kernel : BOTTOM-LEFT
tensor([[8.7196e-07, 3.8757e-07, 2.1802e-07],
        [3.4870e-06, 8.7196e-07, 3.8757e-07],
        [9.9999e-01, 3.4870e-06, 8.7196e-07]])
2023-12-03 02:20:03,407 | INFO | hi-lo.kernel-accessor : Fetching kernel: cauchy
2023-12-03 02:20:03,407 | INFO | hi-lo.cauchy-kernel : CHI (LOCATION): -0.00013269518967717886 | GAMMA (SCALE): 0.00017902722174767405 | VAIRANCE: 3.2050746126690856e-08
2023-12-03 02:20:03,408 | INFO | hi-lo.cauchy-kernel : BOTTOM-LEFT
tensor([[1.2413e-08, 5.5172e-09, 3.1035e-09],
        [4.9646e-08, 1.2413e-08, 5.5172e-09],
        [1.0000e+00, 4.9646e-08, 1.2413e-08]])
2023-12-03 02:20:03,408 | INFO | hi-lo.kernel-accessor : Fetching kernel: cauchy
2023-12-03 02:20:03,408 | INFO | hi-lo.cauchy-kernel : CHI (LOCATION): -4.552803875412792e-05 | GAMMA (SCALE): 4.944544343743473e-05 | VAIRANCE: 2.4448518767245575e-09
2023-12-03 02:20:03,409 | INFO | hi-lo.cauchy-kernel : BOTTOM-RIGHT
tensor([[2.8235e-10, 5.0195e-10, 1.1294e-09],
        [5.0195e-10, 1.1294e-09, 4.5172e-09],
        [1.1294e-09, 4.5172e-09, 1.0000e+00]])
2023-12-03 02:20:11,983 | INFO | hi-lo : END EPOCH:  19 | ACCURACY: 10.94 | LOSS: 2.3631234169006348
2023-12-03 02:20:11,983 | INFO | hi-lo : BEGIN EPOCH 20 =========================================================================
2023-12-03 02:20:11,983 | INFO | hi-lo.kernel-accessor : Fetching kernel: cauchy
2023-12-03 02:20:11,984 | INFO | hi-lo.cauchy-kernel : CHI (LOCATION): -0.0021034185774624348 | GAMMA (SCALE): 0.4611974358558655 | VAIRANCE: 0.21270307484002515
2023-12-03 02:20:11,984 | INFO | hi-lo.cauchy-kernel : BOTTOM-RIGHT
tensor([[0.0084, 0.0148, 0.0323],
        [0.0148, 0.0323, 0.1120],
        [0.0323, 0.1120, 0.6410]])
2023-12-03 02:20:11,984 | INFO | hi-lo.kernel-accessor : Fetching kernel: cauchy
