2024-03-04 23:41:08,508 | INFO | hilo : 
+==============================================================+
|                                                              |
| ██████╗  █████╗ ██████╗ ██╗         ██╗      █████╗ ██████╗  |
| ██╔══██╗██╔══██╗██╔══██╗██║         ██║     ██╔══██╗██╔══██╗ |
| ██║  ██║███████║██║  ██║██║         ██║     ███████║██████╔╝ |
| ██║  ██║██╔══██║██║  ██║██║         ██║     ██╔══██║██╔══██╗ |
| ██████╔╝██║  ██║██████╔╝███████╗    ███████╗██║  ██║██████╔╝ |
| ╚═════╝ ╚═╝  ╚═╝╚═════╝ ╚══════╝    ╚══════╝╚═╝  ╚═╝╚═════╝  |
+==============================================================+
|             Hi-Lo Resolution Image Classification            |
|             -------------------------------------            |
|                       Gabriel C. Trahan                      |
|                          Sahan Ahmad                         |
|                       MD  Aminual Islam                      |
+==============================================================+
2024-03-04 23:41:10,086 | INFO | hilo.dataset-accessor : Fetching dataset: cifar10
2024-03-04 23:41:10,086 | INFO | hilo.cifar10-dataset : Initializing transform
2024-03-04 23:41:10,086 | INFO | hilo.cifar10-dataset : Verifying/downloading train data
2024-03-04 23:41:10,687 | INFO | hilo.cifar10-dataset : Verifying/downloading test data
2024-03-04 23:41:11,168 | INFO | hilo.cifar10-dataset : Creating train data loader.
2024-03-04 23:41:11,168 | INFO | hilo.cifar10-dataset : Creating test data loader.
2024-03-04 23:41:11,277 | INFO | hilo : Output directory: output/resnet/cifar10/gumbel/7/20240304_234110/
2024-03-04 23:41:12,273 | INFO | hilo : Using device: NVIDIA GeForce GTX 1060 6GB
2024-03-04 23:41:12,274 | INFO | hilo : Exeucting job: MODEL resnet | DATASET cifar10 | KERNEL gumbel | TYPE 7
2024-03-04 23:41:12,274 | INFO | hilo : Commencing training phase...
2024-03-04 23:41:12,274 | INFO | hilo.kernel-accessor : Fetching kernel: gumbel
2024-03-04 23:41:12,274 | INFO | hilo.gumbel-kernel : Calculating Gumbel distribution (location: 0.0, scale 1.0)
2024-03-04 23:41:12,275 | INFO | hilo.gumbel-kernel : STATIC:
tensor([[8.8288e-01, 5.8259e-02, 2.0072e-04],
        [5.8259e-02, 2.0072e-04, 2.2609e-10],
        [2.0072e-04, 2.2609e-10, 8.5377e-26]])
2024-03-04 23:41:12,275 | INFO | hilo.kernel-accessor : Fetching kernel: gumbel
2024-03-04 23:41:12,275 | INFO | hilo.gumbel-kernel : Calculating Gumbel distribution (location: 0.0, scale 1.0)
2024-03-04 23:41:12,276 | INFO | hilo.gumbel-kernel : BOTTOM-RIGHT:
tensor([[8.5377e-26, 2.2609e-10, 2.0072e-04],
        [2.2609e-10, 2.0072e-04, 5.8259e-02],
        [2.0072e-04, 5.8259e-02, 8.8288e-01]])
2024-03-04 23:41:12,276 | INFO | hilo.kernel-accessor : Fetching kernel: gumbel
2024-03-04 23:41:12,276 | INFO | hilo.gumbel-kernel : Calculating Gumbel distribution (location: 0.0, scale 1.0)
2024-03-04 23:41:12,276 | INFO | hilo.gumbel-kernel : TOP-LEFT:
tensor([[8.8288e-01, 5.8259e-02, 2.0072e-04],
        [5.8259e-02, 2.0072e-04, 2.2609e-10],
        [2.0072e-04, 2.2609e-10, 8.5377e-26]])
2024-03-04 23:41:12,276 | INFO | hilo.kernel-accessor : Fetching kernel: gumbel
2024-03-04 23:41:12,276 | INFO | hilo.gumbel-kernel : Calculating Gumbel distribution (location: 0.0, scale 1.0)
2024-03-04 23:41:12,277 | INFO | hilo.gumbel-kernel : TOP-LEFT:
tensor([[8.8288e-01, 5.8259e-02, 2.0072e-04],
        [5.8259e-02, 2.0072e-04, 2.2609e-10],
        [2.0072e-04, 2.2609e-10, 8.5377e-26]])
2024-03-04 23:41:12,277 | INFO | hilo.kernel-accessor : Fetching kernel: gumbel
2024-03-04 23:41:12,277 | INFO | hilo.gumbel-kernel : Calculating Gumbel distribution (location: 0.0, scale 1.0)
2024-03-04 23:41:12,277 | INFO | hilo.gumbel-kernel : BOTTOM-RIGHT:
tensor([[8.5377e-26, 2.2609e-10, 2.0072e-04],
        [2.2609e-10, 2.0072e-04, 5.8259e-02],
        [2.0072e-04, 5.8259e-02, 8.8288e-01]])
2024-03-04 23:41:12,277 | INFO | hilo.kernel-accessor : Fetching kernel: gumbel
2024-03-04 23:41:12,277 | INFO | hilo.gumbel-kernel : Calculating Gumbel distribution (location: 0.0, scale 1.0)
2024-03-04 23:41:12,278 | INFO | hilo.gumbel-kernel : BOTTOM-RIGHT:
tensor([[8.5377e-26, 2.2609e-10, 2.0072e-04],
        [2.2609e-10, 2.0072e-04, 5.8259e-02],
        [2.0072e-04, 5.8259e-02, 8.8288e-01]])
2024-03-04 23:41:12,278 | INFO | hilo.kernel-accessor : Fetching kernel: gumbel
2024-03-04 23:41:12,278 | INFO | hilo.gumbel-kernel : Calculating Gumbel distribution (location: 0.0, scale 1.0)
2024-03-04 23:41:12,278 | INFO | hilo.gumbel-kernel : STATIC:
tensor([[8.8288e-01, 5.8259e-02, 2.0072e-04],
        [5.8259e-02, 2.0072e-04, 2.2609e-10],
        [2.0072e-04, 2.2609e-10, 8.5377e-26]])
2024-03-04 23:41:12,278 | INFO | hilo.kernel-accessor : Fetching kernel: gumbel
2024-03-04 23:41:12,278 | INFO | hilo.gumbel-kernel : Calculating Gumbel distribution (location: 0.0, scale 1.0)
2024-03-04 23:41:12,279 | INFO | hilo.gumbel-kernel : TOP-LEFT:
tensor([[8.8288e-01, 5.8259e-02, 2.0072e-04],
        [5.8259e-02, 2.0072e-04, 2.2609e-10],
        [2.0072e-04, 2.2609e-10, 8.5377e-26]])
2024-03-04 23:41:12,279 | INFO | hilo.kernel-accessor : Fetching kernel: gumbel
2024-03-04 23:41:12,279 | INFO | hilo.gumbel-kernel : Calculating Gumbel distribution (location: 0.0, scale 1.0)
2024-03-04 23:41:12,279 | INFO | hilo.gumbel-kernel : TOP-LEFT:
tensor([[8.8288e-01, 5.8259e-02, 2.0072e-04],
        [5.8259e-02, 2.0072e-04, 2.2609e-10],
        [2.0072e-04, 2.2609e-10, 8.5377e-26]])
2024-03-04 23:41:12,279 | INFO | hilo.kernel-accessor : Fetching kernel: gumbel
2024-03-04 23:41:12,280 | INFO | hilo.gumbel-kernel : Calculating Gumbel distribution (location: 0.0, scale 1.0)
2024-03-04 23:41:12,280 | INFO | hilo.gumbel-kernel : TOP-LEFT:
tensor([[8.8288e-01, 5.8259e-02, 2.0072e-04],
        [5.8259e-02, 2.0072e-04, 2.2609e-10],
        [2.0072e-04, 2.2609e-10, 8.5377e-26]])
2024-03-04 23:41:12,280 | INFO | hilo.kernel-accessor : Fetching kernel: gumbel
2024-03-04 23:41:12,280 | INFO | hilo.gumbel-kernel : Calculating Gumbel distribution (location: 0.0, scale 1.0)
2024-03-04 23:41:12,280 | INFO | hilo.gumbel-kernel : BOTTOM-RIGHT:
tensor([[8.5377e-26, 2.2609e-10, 2.0072e-04],
        [2.2609e-10, 2.0072e-04, 5.8259e-02],
        [2.0072e-04, 5.8259e-02, 8.8288e-01]])
2024-03-04 23:41:12,280 | INFO | hilo.kernel-accessor : Fetching kernel: gumbel
2024-03-04 23:41:12,281 | INFO | hilo.gumbel-kernel : Calculating Gumbel distribution (location: 0.0, scale 1.0)
2024-03-04 23:41:12,281 | INFO | hilo.gumbel-kernel : BOTTOM-RIGHT:
tensor([[8.5377e-26, 2.2609e-10, 2.0072e-04],
        [2.2609e-10, 2.0072e-04, 5.8259e-02],
        [2.0072e-04, 5.8259e-02, 8.8288e-01]])
2024-03-04 23:41:12,281 | INFO | hilo.kernel-accessor : Fetching kernel: gumbel
2024-03-04 23:41:12,281 | INFO | hilo.gumbel-kernel : Calculating Gumbel distribution (location: 0.0, scale 1.0)
2024-03-04 23:41:12,281 | INFO | hilo.gumbel-kernel : TOP-LEFT:
tensor([[8.8288e-01, 5.8259e-02, 2.0072e-04],
        [5.8259e-02, 2.0072e-04, 2.2609e-10],
        [2.0072e-04, 2.2609e-10, 8.5377e-26]])
2024-03-04 23:41:12,281 | INFO | hilo.kernel-accessor : Fetching kernel: gumbel
2024-03-04 23:41:12,282 | INFO | hilo.gumbel-kernel : Calculating Gumbel distribution (location: 0.0, scale 1.0)
2024-03-04 23:41:12,282 | INFO | hilo.gumbel-kernel : STATIC:
tensor([[8.8288e-01, 5.8259e-02, 2.0072e-04],
        [5.8259e-02, 2.0072e-04, 2.2609e-10],
        [2.0072e-04, 2.2609e-10, 8.5377e-26]])
2024-03-04 23:41:12,282 | INFO | hilo.kernel-accessor : Fetching kernel: gumbel
2024-03-04 23:41:12,282 | INFO | hilo.gumbel-kernel : Calculating Gumbel distribution (location: 0.0, scale 1.0)
2024-03-04 23:41:12,282 | INFO | hilo.gumbel-kernel : STATIC:
tensor([[8.8288e-01, 5.8259e-02, 2.0072e-04],
        [5.8259e-02, 2.0072e-04, 2.2609e-10],
        [2.0072e-04, 2.2609e-10, 8.5377e-26]])
2024-03-04 23:41:12,282 | INFO | hilo.kernel-accessor : Fetching kernel: gumbel
2024-03-04 23:41:12,283 | INFO | hilo.gumbel-kernel : Calculating Gumbel distribution (location: 0.0, scale 1.0)
2024-03-04 23:41:12,283 | INFO | hilo.gumbel-kernel : TOP-LEFT:
tensor([[8.8288e-01, 5.8259e-02, 2.0072e-04],
        [5.8259e-02, 2.0072e-04, 2.2609e-10],
        [2.0072e-04, 2.2609e-10, 8.5377e-26]])
2024-03-04 23:41:12,283 | INFO | hilo.kernel-accessor : Fetching kernel: gumbel
2024-03-04 23:41:12,283 | INFO | hilo.gumbel-kernel : Calculating Gumbel distribution (location: 0.0, scale 1.0)
2024-03-04 23:41:12,283 | INFO | hilo.gumbel-kernel : BOTTOM-RIGHT:
tensor([[8.5377e-26, 2.2609e-10, 2.0072e-04],
        [2.2609e-10, 2.0072e-04, 5.8259e-02],
        [2.0072e-04, 5.8259e-02, 8.8288e-01]])
2024-03-04 23:42:33,980 | INFO | hilo : Epoch   1/200 | Accuracy:  46.8750 | Loss:   1.2738
2024-03-04 23:42:33,980 | INFO | hilo.kernel-accessor : Fetching kernel: gumbel
2024-03-04 23:42:33,981 | INFO | hilo.gumbel-kernel : Calculating Gumbel distribution (location: -0.005119008012115955, scale 0.6017851829528809)
2024-03-04 23:42:33,982 | INFO | hilo.gumbel-kernel : STATIC:
tensor([[9.9508e-01, 2.4583e-03, 5.4353e-14],
        [2.4583e-03, 5.4354e-14, 0.0000e+00],
        [5.4353e-14, 0.0000e+00, 0.0000e+00]])
2024-03-04 23:42:33,982 | INFO | hilo.kernel-accessor : Fetching kernel: gumbel
2024-03-04 23:42:33,982 | INFO | hilo.gumbel-kernel : Calculating Gumbel distribution (location: -0.7738012075424194, scale 2.021327018737793)
2024-03-04 23:42:33,983 | INFO | hilo.gumbel-kernel : BOTTOM-RIGHT:
tensor([[1.5546e-07, 1.1048e-04, 7.3433e-03],
        [1.1048e-04, 7.3433e-03, 1.1509e-01],
        [7.3433e-03, 1.1509e-01, 7.4756e-01]])
2024-03-04 23:42:33,983 | INFO | hilo.kernel-accessor : Fetching kernel: gumbel
2024-03-04 23:42:33,983 | INFO | hilo.gumbel-kernel : Calculating Gumbel distribution (location: -0.44492796063423157, scale 1.5328946113586426)
2024-03-04 23:42:33,984 | INFO | hilo.gumbel-kernel : STATIC:
tensor([[8.2787e-01, 8.3295e-02, 1.8464e-03],
        [8.3295e-02, 1.8464e-03, 2.2419e-06],
        [1.8464e-03, 2.2419e-06, 1.0303e-11]])
2024-03-04 23:42:33,984 | INFO | hilo.kernel-accessor : Fetching kernel: gumbel
2024-03-04 23:42:33,984 | INFO | hilo.gumbel-kernel : Calculating Gumbel distribution (location: -0.3663414716720581, scale 1.6433652639389038)
2024-03-04 23:42:33,985 | INFO | hilo.gumbel-kernel : STATIC:
tensor([[7.5992e-01, 1.1176e-01, 5.4939e-03],
        [1.1176e-01, 5.4939e-03, 3.6040e-05],
        [5.4939e-03, 3.6040e-05, 5.8386e-09]])
2024-03-04 23:42:33,985 | INFO | hilo.kernel-accessor : Fetching kernel: gumbel
2024-03-04 23:42:33,985 | INFO | hilo.gumbel-kernel : Calculating Gumbel distribution (location: -0.26080596446990967, scale 1.4445849657058716)
2024-03-04 23:42:33,986 | INFO | hilo.gumbel-kernel : TOP-LEFT:
tensor([[8.0048e-01, 9.5650e-02, 2.7360e-03],
        [9.5650e-02, 2.7360e-03, 4.4964e-06],
        [2.7360e-03, 4.4964e-06, 2.4519e-11]])
2024-03-04 23:42:33,986 | INFO | hilo.kernel-accessor : Fetching kernel: gumbel
2024-03-04 23:42:33,986 | INFO | hilo.gumbel-kernel : Calculating Gumbel distribution (location: -0.15540698170661926, scale 1.1608525514602661)
2024-03-04 23:42:33,987 | INFO | hilo.gumbel-kernel : BOTTOM-RIGHT:
tensor([[1.6163e-19, 7.3084e-09, 3.8221e-04],
        [7.3084e-09, 3.8221e-04, 6.1966e-02],
        [3.8221e-04, 6.1966e-02, 8.7492e-01]])
2024-03-04 23:42:33,987 | INFO | hilo.kernel-accessor : Fetching kernel: gumbel
2024-03-04 23:42:33,987 | INFO | hilo.gumbel-kernel : Calculating Gumbel distribution (location: -0.45810413360595703, scale 1.3058462142944336)
2024-03-04 23:42:33,988 | INFO | hilo.gumbel-kernel : BOTTOM-RIGHT:
tensor([[5.8364e-20, 1.3365e-09, 1.3210e-04],
        [1.3365e-09, 1.3210e-04, 4.1815e-02],
        [1.3210e-04, 4.1815e-02, 9.1597e-01]])
2024-03-04 23:42:33,988 | INFO | hilo.kernel-accessor : Fetching kernel: gumbel
2024-03-04 23:42:33,988 | INFO | hilo.gumbel-kernel : Calculating Gumbel distribution (location: -0.27513885498046875, scale 1.1314703226089478)
2024-03-04 23:42:33,989 | INFO | hilo.gumbel-kernel : TOP-LEFT:
tensor([[9.2400e-01, 3.7914e-02, 5.8552e-05],
        [3.7914e-02, 5.8552e-05, 3.2292e-11],
        [5.8552e-05, 3.2292e-11, 8.0941e-26]])
2024-03-04 23:42:33,989 | INFO | hilo.kernel-accessor : Fetching kernel: gumbel
2024-03-04 23:42:33,989 | INFO | hilo.gumbel-kernel : Calculating Gumbel distribution (location: -0.18018266558647156, scale 1.1107443571090698)
2024-03-04 23:42:33,990 | INFO | hilo.gumbel-kernel : TOP-LEFT:
tensor([[9.0229e-01, 4.8649e-02, 1.3730e-04],
        [4.8649e-02, 1.3730e-04, 2.7309e-10],
        [1.3730e-04, 2.7309e-10, 9.5502e-24]])
2024-03-04 23:42:33,990 | INFO | hilo.kernel-accessor : Fetching kernel: gumbel
2024-03-04 23:42:33,990 | INFO | hilo.gumbel-kernel : Calculating Gumbel distribution (location: -0.029903337359428406, scale 0.9071782231330872)
2024-03-04 23:42:33,991 | INFO | hilo.gumbel-kernel : STATIC:
tensor([[9.2802e-01, 3.5965e-02, 1.8531e-05],
        [3.5965e-02, 1.8531e-05, 2.1386e-14],
        [1.8531e-05, 2.1386e-14, 2.3992e-40]])
2024-03-04 23:42:33,991 | INFO | hilo.kernel-accessor : Fetching kernel: gumbel
2024-03-04 23:42:33,991 | INFO | hilo.gumbel-kernel : Calculating Gumbel distribution (location: -0.1301562488079071, scale 1.056227445602417)
2024-03-04 23:42:33,992 | INFO | hilo.gumbel-kernel : STATIC:
tensor([[9.0624e-01, 4.6728e-02, 9.9852e-05],
        [4.6728e-02, 9.9852e-05, 5.8320e-11],
        [9.9852e-05, 5.8320e-11, 2.2300e-26]])
2024-03-04 23:42:33,992 | INFO | hilo.kernel-accessor : Fetching kernel: gumbel
2024-03-04 23:42:33,992 | INFO | hilo.gumbel-kernel : Calculating Gumbel distribution (location: -0.00038016587495803833, scale 0.9854357838630676)
2024-03-04 23:42:33,993 | INFO | hilo.gumbel-kernel : STATIC:
tensor([[8.8870e-01, 5.5416e-02, 1.5635e-04],
        [5.5416e-02, 1.5635e-04, 8.6238e-11],
        [1.5635e-04, 8.6238e-11, 2.7886e-27]])
2024-03-04 23:42:33,993 | INFO | hilo.kernel-accessor : Fetching kernel: gumbel
2024-03-04 23:42:33,993 | INFO | hilo.gumbel-kernel : Calculating Gumbel distribution (location: -0.08249542117118835, scale 0.9965102672576904)
2024-03-04 23:42:33,994 | INFO | hilo.gumbel-kernel : STATIC:
tensor([[9.1271e-01, 4.3553e-02, 6.1337e-05],
        [4.3553e-02, 6.1337e-05, 5.7933e-12],
        [6.1337e-05, 5.7933e-12, 2.2571e-30]])
2024-03-04 23:42:33,994 | INFO | hilo.kernel-accessor : Fetching kernel: gumbel
2024-03-04 23:42:33,994 | INFO | hilo.gumbel-kernel : Calculating Gumbel distribution (location: 0.07862430810928345, scale 0.8357260823249817)
2024-03-04 23:42:33,994 | INFO | hilo.gumbel-kernel : BOTTOM-RIGHT:
tensor([[1.4013e-45, 5.3756e-15, 2.2094e-05],
        [5.3756e-15, 2.2094e-05, 4.0972e-02],
        [2.2094e-05, 4.0972e-02, 9.1799e-01]])
2024-03-04 23:42:33,995 | INFO | hilo.kernel-accessor : Fetching kernel: gumbel
2024-03-04 23:42:33,995 | INFO | hilo.gumbel-kernel : Calculating Gumbel distribution (location: 0.09076382964849472, scale 0.8757840394973755)
2024-03-04 23:42:33,995 | INFO | hilo.gumbel-kernel : STATIC:
tensor([[8.9843e-01, 5.0679e-02, 7.0943e-05],
        [5.0679e-02, 7.0943e-05, 9.2998e-13],
        [7.0943e-05, 9.2998e-13, 2.1586e-36]])
2024-03-04 23:42:33,995 | INFO | hilo.kernel-accessor : Fetching kernel: gumbel
2024-03-04 23:42:33,995 | INFO | hilo.gumbel-kernel : Calculating Gumbel distribution (location: 0.07378844916820526, scale 0.9617072939872742)
2024-03-04 23:42:33,996 | INFO | hilo.gumbel-kernel : STATIC:
tensor([[8.7090e-01, 6.4146e-02, 2.6831e-04],
        [6.4146e-02, 2.6831e-04, 3.3596e-10],
        [2.6831e-04, 3.3596e-10, 4.5303e-26]])
2024-03-04 23:42:33,996 | INFO | hilo.kernel-accessor : Fetching kernel: gumbel
2024-03-04 23:42:33,996 | INFO | hilo.gumbel-kernel : Calculating Gumbel distribution (location: -0.18064762651920319, scale 1.6211575269699097)
2024-03-04 23:42:33,996 | INFO | hilo.gumbel-kernel : BOTTOM-RIGHT:
tensor([[8.3440e-08, 1.3654e-04, 9.8386e-03],
        [1.3654e-04, 9.8386e-03, 1.3145e-01],
        [9.8386e-03, 1.3145e-01, 7.0732e-01]])
2024-03-04 23:43:54,705 | INFO | hilo : Epoch   2/200 | Accuracy:  49.5464 | Loss:   1.4951
2024-03-04 23:43:54,705 | INFO | hilo.kernel-accessor : Fetching kernel: gumbel
2024-03-04 23:43:54,705 | INFO | hilo.gumbel-kernel : Calculating Gumbel distribution (location: -0.017522549256682396, scale 0.5587494969367981)
2024-03-04 23:43:54,706 | INFO | hilo.gumbel-kernel : TOP-LEFT:
tensor([[9.9835e-01, 8.2351e-04, 2.1312e-18],
        [8.2351e-04, 2.1312e-18, 0.0000e+00],
        [2.1312e-18, 0.0000e+00, 0.0000e+00]])
2024-03-04 23:43:54,706 | INFO | hilo.kernel-accessor : Fetching kernel: gumbel
2024-03-04 23:43:54,706 | INFO | hilo.gumbel-kernel : Calculating Gumbel distribution (location: -0.834015965461731, scale 1.7506858110427856)
2024-03-04 23:43:54,707 | INFO | hilo.gumbel-kernel : TOP-LEFT:
tensor([[8.6428e-01, 6.6228e-02, 1.0891e-03],
        [6.6228e-02, 1.0891e-03, 1.1745e-06],
        [1.0891e-03, 1.1745e-06, 1.0182e-11]])
2024-03-04 23:43:54,707 | INFO | hilo.kernel-accessor : Fetching kernel: gumbel
2024-03-04 23:43:54,707 | INFO | hilo.gumbel-kernel : Calculating Gumbel distribution (location: -0.39114975929260254, scale 0.9994747042655945)
2024-03-04 23:43:54,707 | INFO | hilo.gumbel-kernel : TOP-LEFT:
tensor([[9.8319e-01, 8.4031e-03, 1.1137e-07],
        [8.4031e-03, 1.1137e-07, 3.3746e-20],
        [1.1137e-07, 3.3746e-20, 0.0000e+00]])
2024-03-04 23:43:54,707 | INFO | hilo.kernel-accessor : Fetching kernel: gumbel
2024-03-04 23:43:54,707 | INFO | hilo.gumbel-kernel : Calculating Gumbel distribution (location: -0.26853886246681213, scale 0.8324330449104309)
2024-03-04 23:43:54,708 | INFO | hilo.gumbel-kernel : STATIC:
tensor([[9.9289e-01, 3.5543e-03, 4.2794e-10],
        [3.5543e-03, 4.2795e-10, 6.9367e-32],
        [4.2794e-10, 6.9367e-32, 0.0000e+00]])
2024-03-04 23:43:54,708 | INFO | hilo.kernel-accessor : Fetching kernel: gumbel
2024-03-04 23:43:54,708 | INFO | hilo.gumbel-kernel : Calculating Gumbel distribution (location: -0.2074374109506607, scale 0.9927967190742493)
2024-03-04 23:43:54,708 | INFO | hilo.gumbel-kernel : STATIC:
tensor([[9.5042e-01, 2.4778e-02, 6.5717e-06],
        [2.4778e-02, 6.5717e-06, 6.1032e-15],
        [6.5717e-06, 6.1032e-15, 6.5348e-39]])
2024-03-04 23:43:54,708 | INFO | hilo.kernel-accessor : Fetching kernel: gumbel
2024-03-04 23:43:54,708 | INFO | hilo.gumbel-kernel : Calculating Gumbel distribution (location: -0.14656709134578705, scale 0.8228399157524109)
2024-03-04 23:43:54,709 | INFO | hilo.gumbel-kernel : BOTTOM-RIGHT:
tensor([[0.0000e+00, 1.8419e-25, 3.2165e-08],
        [1.8419e-25, 3.2165e-08, 9.8398e-03],
        [3.2165e-08, 9.8398e-03, 9.8032e-01]])
2024-03-04 23:43:54,709 | INFO | hilo.kernel-accessor : Fetching kernel: gumbel
2024-03-04 23:43:54,709 | INFO | hilo.gumbel-kernel : Calculating Gumbel distribution (location: -0.3548193573951721, scale 1.0088541507720947)
2024-03-04 23:43:54,709 | INFO | hilo.gumbel-kernel : TOP-LEFT:
tensor([[9.7639e-01, 1.1806e-02, 4.3129e-07],
        [1.1806e-02, 4.3129e-07, 2.5568e-18],
        [4.3129e-07, 2.5568e-18, 0.0000e+00]])
2024-03-04 23:43:54,709 | INFO | hilo.kernel-accessor : Fetching kernel: gumbel
2024-03-04 23:43:54,710 | INFO | hilo.gumbel-kernel : Calculating Gumbel distribution (location: -0.3560900092124939, scale 0.8715153932571411)
2024-03-04 23:43:54,710 | INFO | hilo.gumbel-kernel : STATIC:
tensor([[9.9514e-01, 2.4290e-03, 1.6882e-10],
        [2.4290e-03, 1.6882e-10, 5.6312e-32],
        [1.6882e-10, 5.6312e-32, 0.0000e+00]])
2024-03-04 23:43:54,710 | INFO | hilo.kernel-accessor : Fetching kernel: gumbel
2024-03-04 23:43:54,710 | INFO | hilo.gumbel-kernel : Calculating Gumbel distribution (location: -0.19896668195724487, scale 0.8606500625610352)
2024-03-04 23:43:54,710 | INFO | hilo.gumbel-kernel : TOP-LEFT:
tensor([[9.8121e-01, 9.3929e-03, 4.2488e-08],
        [9.3929e-03, 4.2488e-08, 4.5192e-24],
        [4.2488e-08, 4.5192e-24, 0.0000e+00]])
2024-03-04 23:43:54,710 | INFO | hilo.kernel-accessor : Fetching kernel: gumbel
2024-03-04 23:43:54,711 | INFO | hilo.gumbel-kernel : Calculating Gumbel distribution (location: -0.07342207431793213, scale 0.7019839286804199)
2024-03-04 23:43:54,711 | INFO | hilo.gumbel-kernel : TOP-LEFT:
tensor([[9.9026e-01, 4.8706e-03, 1.1156e-10],
        [4.8706e-03, 1.1155e-10, 1.7715e-40],
        [1.1156e-10, 1.7715e-40, 0.0000e+00]])
2024-03-04 23:43:54,711 | INFO | hilo.kernel-accessor : Fetching kernel: gumbel
2024-03-04 23:43:54,711 | INFO | hilo.gumbel-kernel : Calculating Gumbel distribution (location: -0.10298402607440948, scale 0.7772412896156311)
2024-03-04 23:43:54,711 | INFO | hilo.gumbel-kernel : TOP-LEFT:
tensor([[9.8217e-01, 8.9136e-03, 1.0491e-08],
        [8.9136e-03, 1.0491e-08, 1.0432e-28],
        [1.0491e-08, 1.0432e-28, 0.0000e+00]])
2024-03-04 23:43:54,712 | INFO | hilo.kernel-accessor : Fetching kernel: gumbel
2024-03-04 23:43:54,712 | INFO | hilo.gumbel-kernel : Calculating Gumbel distribution (location: -0.07520515471696854, scale 0.7128347754478455)
2024-03-04 23:43:54,712 | INFO | hilo.gumbel-kernel : BOTTOM-RIGHT:
tensor([[0.0000e+00, 4.2822e-38, 2.7736e-10],
        [4.2822e-38, 2.7736e-10, 5.5103e-03],
        [2.7736e-10, 5.5103e-03, 9.8898e-01]])
2024-03-04 23:43:54,712 | INFO | hilo.kernel-accessor : Fetching kernel: gumbel
2024-03-04 23:43:54,712 | INFO | hilo.gumbel-kernel : Calculating Gumbel distribution (location: -0.006211560685187578, scale 0.688550591468811)
2024-03-04 23:43:54,713 | INFO | hilo.gumbel-kernel : TOP-LEFT:
tensor([[9.8357e-01, 8.2172e-03, 1.2573e-09],
        [8.2172e-03, 1.2573e-09, 1.1010e-36],
        [1.2573e-09, 1.1010e-36, 0.0000e+00]])
2024-03-04 23:43:54,713 | INFO | hilo.kernel-accessor : Fetching kernel: gumbel
2024-03-04 23:43:54,713 | INFO | hilo.gumbel-kernel : Calculating Gumbel distribution (location: 0.05975177884101868, scale 0.5520274639129639)
2024-03-04 23:43:54,713 | INFO | hilo.gumbel-kernel : BOTTOM-RIGHT:
tensor([[0.0000e+00, 0.0000e+00, 4.7375e-15],
        [0.0000e+00, 4.7375e-15, 2.6324e-03],
        [4.7375e-15, 2.6324e-03, 9.9474e-01]])
2024-03-04 23:43:54,713 | INFO | hilo.kernel-accessor : Fetching kernel: gumbel
2024-03-04 23:43:54,713 | INFO | hilo.gumbel-kernel : Calculating Gumbel distribution (location: 0.07275829464197159, scale 0.5843267440795898)
2024-03-04 23:43:54,714 | INFO | hilo.gumbel-kernel : STATIC:
tensor([[9.8959e-01, 5.2040e-03, 2.9488e-12],
        [5.2040e-03, 2.9488e-12, 0.0000e+00],
        [2.9488e-12, 0.0000e+00, 0.0000e+00]])
2024-03-04 23:43:54,714 | INFO | hilo.kernel-accessor : Fetching kernel: gumbel
2024-03-04 23:43:54,714 | INFO | hilo.gumbel-kernel : Calculating Gumbel distribution (location: 0.10171370208263397, scale 0.5810433626174927)
2024-03-04 23:43:54,714 | INFO | hilo.gumbel-kernel : BOTTOM-RIGHT:
tensor([[0.0000e+00, 0.0000e+00, 1.7444e-11],
        [0.0000e+00, 1.7444e-11, 6.9470e-03],
        [1.7444e-11, 6.9470e-03, 9.8611e-01]])
2024-03-04 23:43:54,714 | INFO | hilo.kernel-accessor : Fetching kernel: gumbel
2024-03-04 23:43:54,714 | INFO | hilo.gumbel-kernel : Calculating Gumbel distribution (location: -0.08119282126426697, scale 0.8369088172912598)
2024-03-04 23:43:54,715 | INFO | hilo.gumbel-kernel : STATIC:
tensor([[9.6436e-01, 1.7819e-02, 5.2547e-07],
        [1.7819e-02, 5.2547e-07, 8.9404e-21],
        [5.2547e-07, 8.9404e-21, 0.0000e+00]])
2024-03-04 23:45:15,573 | INFO | hilo : Epoch   3/200 | Accuracy:  53.9062 | Loss:   1.2137
2024-03-04 23:45:15,573 | INFO | hilo.kernel-accessor : Fetching kernel: gumbel
2024-03-04 23:45:15,574 | INFO | hilo.gumbel-kernel : Calculating Gumbel distribution (location: -0.013542073778808117, scale 0.5217092633247375)
2024-03-04 23:45:15,574 | INFO | hilo.gumbel-kernel : STATIC:
tensor([[9.9935e-01, 3.2704e-04, 4.4319e-23],
        [3.2704e-04, 4.4320e-23, 0.0000e+00],
        [4.4319e-23, 0.0000e+00, 0.0000e+00]])
2024-03-04 23:45:15,574 | INFO | hilo.kernel-accessor : Fetching kernel: gumbel
2024-03-04 23:45:15,574 | INFO | hilo.gumbel-kernel : Calculating Gumbel distribution (location: -0.6523998975753784, scale 1.6787712574005127)
2024-03-04 23:45:15,575 | INFO | hilo.gumbel-kernel : STATIC:
tensor([[8.3769e-01, 7.8540e-02, 1.7406e-03],
        [7.8540e-02, 1.7406e-03, 2.8175e-06],
        [1.7406e-03, 2.8175e-06, 3.9556e-11]])
2024-03-04 23:45:15,575 | INFO | hilo.kernel-accessor : Fetching kernel: gumbel
2024-03-04 23:45:15,575 | INFO | hilo.gumbel-kernel : Calculating Gumbel distribution (location: -0.4741625487804413, scale 1.2246323823928833)
2024-03-04 23:45:15,575 | INFO | hilo.gumbel-kernel : BOTTOM-RIGHT:
tensor([[6.3635e-26, 8.7078e-12, 2.4279e-05],
        [8.7078e-12, 2.4279e-05, 2.7015e-02],
        [2.4279e-05, 2.7015e-02, 9.4590e-01]])
2024-03-04 23:45:15,575 | INFO | hilo.kernel-accessor : Fetching kernel: gumbel
2024-03-04 23:45:15,575 | INFO | hilo.gumbel-kernel : Calculating Gumbel distribution (location: -0.3406999409198761, scale 0.8184305429458618)
2024-03-04 23:45:15,576 | INFO | hilo.gumbel-kernel : STATIC:
tensor([[9.9760e-01, 1.1977e-03, 2.7382e-12],
        [1.1977e-03, 2.7382e-12, 2.4267e-40],
        [2.7382e-12, 2.4267e-40, 0.0000e+00]])
2024-03-04 23:45:15,576 | INFO | hilo.kernel-accessor : Fetching kernel: gumbel
2024-03-04 23:45:15,576 | INFO | hilo.gumbel-kernel : Calculating Gumbel distribution (location: -0.20570571720600128, scale 0.9379907250404358)
2024-03-04 23:45:15,576 | INFO | hilo.gumbel-kernel : BOTTOM-RIGHT:
tensor([[0.0000e+00, 5.9784e-18, 1.1296e-06],
        [5.9784e-18, 1.1296e-06, 1.7357e-02],
        [1.1296e-06, 1.7357e-02, 9.6528e-01]])
2024-03-04 23:45:15,576 | INFO | hilo.kernel-accessor : Fetching kernel: gumbel
2024-03-04 23:45:15,577 | INFO | hilo.gumbel-kernel : Calculating Gumbel distribution (location: -0.14723166823387146, scale 0.7161399722099304)
2024-03-04 23:45:15,577 | INFO | hilo.gumbel-kernel : BOTTOM-RIGHT:
tensor([[0.0000e+00, 0.0000e+00, 5.5438e-12],
        [0.0000e+00, 5.5437e-12, 2.5078e-03],
        [5.5438e-12, 2.5078e-03, 9.9498e-01]])
2024-03-04 23:45:15,577 | INFO | hilo.kernel-accessor : Fetching kernel: gumbel
2024-03-04 23:45:15,577 | INFO | hilo.gumbel-kernel : Calculating Gumbel distribution (location: -0.22623859345912933, scale 0.8123202919960022)
2024-03-04 23:45:15,577 | INFO | hilo.gumbel-kernel : STATIC:
tensor([[9.9159e-01, 4.2034e-03, 6.2209e-10],
        [4.2034e-03, 6.2208e-10, 5.0088e-32],
        [6.2209e-10, 5.0088e-32, 0.0000e+00]])
2024-03-04 23:45:15,577 | INFO | hilo.kernel-accessor : Fetching kernel: gumbel
2024-03-04 23:45:15,578 | INFO | hilo.gumbel-kernel : Calculating Gumbel distribution (location: -0.31777793169021606, scale 0.7005788683891296)
2024-03-04 23:45:15,578 | INFO | hilo.gumbel-kernel : BOTTOM-RIGHT:
tensor([[0.0000e+00, 0.0000e+00, 1.4027e-19],
        [0.0000e+00, 1.4027e-19, 9.3708e-05],
        [1.4027e-19, 9.3708e-05, 9.9981e-01]])
2024-03-04 23:45:15,578 | INFO | hilo.kernel-accessor : Fetching kernel: gumbel
2024-03-04 23:45:15,578 | INFO | hilo.gumbel-kernel : Calculating Gumbel distribution (location: -0.20388278365135193, scale 0.6611745953559875)
2024-03-04 23:45:15,578 | INFO | hilo.gumbel-kernel : BOTTOM-RIGHT:
tensor([[0.0000e+00, 0.0000e+00, 8.3242e-18],
        [0.0000e+00, 8.3241e-18, 3.1332e-04],
        [8.3242e-18, 3.1332e-04, 9.9937e-01]])
2024-03-04 23:45:15,579 | INFO | hilo.kernel-accessor : Fetching kernel: gumbel
2024-03-04 23:45:15,579 | INFO | hilo.gumbel-kernel : Calculating Gumbel distribution (location: -0.09950421750545502, scale 0.5019598007202148)
2024-03-04 23:45:15,579 | INFO | hilo.gumbel-kernel : STATIC:
tensor([[9.9998e-01, 1.1145e-05, 1.6317e-36],
        [1.1145e-05, 1.6317e-36, 0.0000e+00],
        [1.6317e-36, 0.0000e+00, 0.0000e+00]])
2024-03-04 23:45:15,579 | INFO | hilo.kernel-accessor : Fetching kernel: gumbel
2024-03-04 23:45:15,579 | INFO | hilo.gumbel-kernel : Calculating Gumbel distribution (location: -0.1153862327337265, scale 0.5767139792442322)
2024-03-04 23:45:15,579 | INFO | hilo.gumbel-kernel : STATIC:
tensor([[9.9966e-01, 1.6796e-04, 2.2945e-22],
        [1.6796e-04, 2.2945e-22, 0.0000e+00],
        [2.2945e-22, 0.0000e+00, 0.0000e+00]])
2024-03-04 23:45:15,580 | INFO | hilo.kernel-accessor : Fetching kernel: gumbel
2024-03-04 23:45:15,580 | INFO | hilo.gumbel-kernel : Calculating Gumbel distribution (location: -0.11068371683359146, scale 0.5371682643890381)
2024-03-04 23:45:15,580 | INFO | hilo.gumbel-kernel : BOTTOM-RIGHT:
tensor([[0.0000e+00, 0.0000e+00, 7.7796e-29],
        [0.0000e+00, 7.7796e-29, 4.2452e-05],
        [7.7796e-29, 4.2452e-05, 9.9992e-01]])
2024-03-04 23:45:15,580 | INFO | hilo.kernel-accessor : Fetching kernel: gumbel
2024-03-04 23:45:15,580 | INFO | hilo.gumbel-kernel : Calculating Gumbel distribution (location: 0.016057439148426056, scale 0.5178938508033752)
2024-03-04 23:45:15,581 | INFO | hilo.gumbel-kernel : BOTTOM-RIGHT:
tensor([[0.0000e+00, 0.0000e+00, 2.0953e-21],
        [0.0000e+00, 2.0952e-21, 5.6808e-04],
        [2.0953e-21, 5.6808e-04, 9.9886e-01]])
2024-03-04 23:45:15,581 | INFO | hilo.kernel-accessor : Fetching kernel: gumbel
2024-03-04 23:45:15,581 | INFO | hilo.gumbel-kernel : Calculating Gumbel distribution (location: 0.06496727466583252, scale 0.45355936884880066)
2024-03-04 23:45:15,581 | INFO | hilo.gumbel-kernel : TOP-LEFT:
tensor([[9.9948e-01, 2.5768e-04, 3.9202e-29],
        [2.5768e-04, 3.9202e-29, 0.0000e+00],
        [3.9202e-29, 0.0000e+00, 0.0000e+00]])
2024-03-04 23:45:15,581 | INFO | hilo.kernel-accessor : Fetching kernel: gumbel
2024-03-04 23:45:15,581 | INFO | hilo.gumbel-kernel : Calculating Gumbel distribution (location: 0.028351696208119392, scale 0.5313049554824829)
2024-03-04 23:45:15,582 | INFO | hilo.gumbel-kernel : TOP-LEFT:
tensor([[9.9796e-01, 1.0197e-03, 8.2785e-19],
        [1.0197e-03, 8.2786e-19, 0.0000e+00],
        [8.2785e-19, 0.0000e+00, 0.0000e+00]])
2024-03-04 23:45:15,582 | INFO | hilo.kernel-accessor : Fetching kernel: gumbel
2024-03-04 23:45:15,582 | INFO | hilo.gumbel-kernel : Calculating Gumbel distribution (location: 0.06945140659809113, scale 0.5169497728347778)
2024-03-04 23:45:15,582 | INFO | hilo.gumbel-kernel : TOP-LEFT:
tensor([[9.9688e-01, 1.5606e-03, 5.6699e-18],
        [1.5606e-03, 5.6699e-18, 0.0000e+00],
        [5.6699e-18, 0.0000e+00, 0.0000e+00]])
2024-03-04 23:45:15,582 | INFO | hilo.kernel-accessor : Fetching kernel: gumbel
2024-03-04 23:45:15,582 | INFO | hilo.gumbel-kernel : Calculating Gumbel distribution (location: 0.05340569466352463, scale 0.6643694043159485)
2024-03-04 23:45:15,583 | INFO | hilo.gumbel-kernel : BOTTOM-RIGHT:
tensor([[0.0000e+00, 3.8821e-36, 3.5299e-09],
        [3.8821e-36, 3.5299e-09, 1.0978e-02],
        [3.5299e-09, 1.0978e-02, 9.7804e-01]])
2024-03-04 23:46:36,416 | INFO | hilo : Epoch   4/200 | Accuracy:  51.0417 | Loss:   0.8369
2024-03-04 23:46:36,417 | INFO | hilo.kernel-accessor : Fetching kernel: gumbel
2024-03-04 23:46:36,417 | INFO | hilo.gumbel-kernel : Calculating Gumbel distribution (location: -0.014778955839574337, scale 0.4987053871154785)
2024-03-04 23:46:36,417 | INFO | hilo.gumbel-kernel : BOTTOM-RIGHT:
tensor([[0.0000e+00, 0.0000e+00, 1.9809e-27],
        [0.0000e+00, 1.9809e-27, 1.4694e-04],
        [1.9809e-27, 1.4694e-04, 9.9971e-01]])
2024-03-04 23:46:36,418 | INFO | hilo.kernel-accessor : Fetching kernel: gumbel
2024-03-04 23:46:36,418 | INFO | hilo.gumbel-kernel : Calculating Gumbel distribution (location: -0.5215274691581726, scale 1.4038233757019043)
2024-03-04 23:46:36,418 | INFO | hilo.gumbel-kernel : TOP-LEFT:
tensor([[8.9974e-01, 4.9702e-02, 2.8411e-04],
        [4.9702e-02, 2.8411e-04, 1.5927e-08],
        [2.8411e-04, 1.5927e-08, 7.1785e-17]])
2024-03-04 23:46:36,418 | INFO | hilo.kernel-accessor : Fetching kernel: gumbel
2024-03-04 23:46:36,418 | INFO | hilo.gumbel-kernel : Calculating Gumbel distribution (location: -0.4165191054344177, scale 1.2626805305480957)
2024-03-04 23:46:36,419 | INFO | hilo.gumbel-kernel : BOTTOM-RIGHT:
tensor([[2.9571e-21, 5.3964e-10, 1.0497e-04],
        [5.3964e-10, 1.0497e-04, 4.0262e-02],
        [1.0497e-04, 4.0262e-02, 9.1916e-01]])
2024-03-04 23:46:36,419 | INFO | hilo.kernel-accessor : Fetching kernel: gumbel
2024-03-04 23:46:36,419 | INFO | hilo.gumbel-kernel : Calculating Gumbel distribution (location: -0.41563767194747925, scale 0.8403255343437195)
2024-03-04 23:46:36,419 | INFO | hilo.gumbel-kernel : BOTTOM-RIGHT:
tensor([[0.0000e+00, 1.3971e-42, 3.2688e-13],
        [1.3971e-42, 3.2688e-13, 6.4790e-04],
        [3.2688e-13, 6.4790e-04, 9.9870e-01]])
2024-03-04 23:46:36,419 | INFO | hilo.kernel-accessor : Fetching kernel: gumbel
2024-03-04 23:46:36,419 | INFO | hilo.gumbel-kernel : Calculating Gumbel distribution (location: -0.24494731426239014, scale 0.833229660987854)
2024-03-04 23:46:36,420 | INFO | hilo.gumbel-kernel : STATIC:
tensor([[9.9085e-01, 4.5752e-03, 1.3011e-09],
        [4.5752e-03, 1.3011e-09, 3.8624e-30],
        [1.3011e-09, 3.8624e-30, 0.0000e+00]])
2024-03-04 23:46:36,420 | INFO | hilo.kernel-accessor : Fetching kernel: gumbel
2024-03-04 23:46:36,420 | INFO | hilo.gumbel-kernel : Calculating Gumbel distribution (location: -0.07604128122329712, scale 0.6081262826919556)
2024-03-04 23:46:36,421 | INFO | hilo.gumbel-kernel : TOP-LEFT:
tensor([[9.9820e-01, 9.0177e-04, 1.5019e-16],
        [9.0177e-04, 1.5019e-16, 0.0000e+00],
        [1.5019e-16, 0.0000e+00, 0.0000e+00]])
2024-03-04 23:46:36,421 | INFO | hilo.kernel-accessor : Fetching kernel: gumbel
2024-03-04 23:46:36,421 | INFO | hilo.gumbel-kernel : Calculating Gumbel distribution (location: -0.2568644881248474, scale 0.7668500542640686)
2024-03-04 23:46:36,421 | INFO | hilo.gumbel-kernel : STATIC:
tensor([[9.9715e-01, 1.4274e-03, 1.5710e-12],
        [1.4274e-03, 1.5710e-12, 5.8855e-44],
        [1.5710e-12, 5.8855e-44, 0.0000e+00]])
2024-03-04 23:46:36,422 | INFO | hilo.kernel-accessor : Fetching kernel: gumbel
2024-03-04 23:46:36,422 | INFO | hilo.gumbel-kernel : Calculating Gumbel distribution (location: -0.20267876982688904, scale 0.6452401876449585)
2024-03-04 23:46:36,422 | INFO | hilo.gumbel-kernel : TOP-LEFT:
tensor([[9.9960e-01, 2.0247e-04, 2.5443e-19],
        [2.0247e-04, 2.5443e-19, 0.0000e+00],
        [2.5443e-19, 0.0000e+00, 0.0000e+00]])
2024-03-04 23:46:36,422 | INFO | hilo.kernel-accessor : Fetching kernel: gumbel
2024-03-04 23:46:36,423 | INFO | hilo.gumbel-kernel : Calculating Gumbel distribution (location: -0.11154074966907501, scale 0.6107343435287476)
2024-03-04 23:46:36,423 | INFO | hilo.gumbel-kernel : STATIC:
tensor([[9.9901e-01, 4.9743e-04, 4.5691e-18],
        [4.9743e-04, 4.5691e-18, 0.0000e+00],
        [4.5691e-18, 0.0000e+00, 0.0000e+00]])
2024-03-04 23:46:36,423 | INFO | hilo.kernel-accessor : Fetching kernel: gumbel
2024-03-04 23:46:36,423 | INFO | hilo.gumbel-kernel : Calculating Gumbel distribution (location: -0.09906845539808273, scale 0.4996025860309601)
2024-03-04 23:46:36,424 | INFO | hilo.gumbel-kernel : STATIC:
tensor([[9.9998e-01, 9.9494e-06, 3.4799e-37],
        [9.9494e-06, 3.4799e-37, 0.0000e+00],
        [3.4799e-37, 0.0000e+00, 0.0000e+00]])
2024-03-04 23:46:36,424 | INFO | hilo.kernel-accessor : Fetching kernel: gumbel
2024-03-04 23:46:36,424 | INFO | hilo.gumbel-kernel : Calculating Gumbel distribution (location: -0.135154590010643, scale 0.5245740413665771)
2024-03-04 23:46:36,425 | INFO | hilo.gumbel-kernel : STATIC:
tensor([[9.9998e-01, 1.0170e-05, 1.4386e-34],
        [1.0170e-05, 1.4386e-34, 0.0000e+00],
        [1.4386e-34, 0.0000e+00, 0.0000e+00]])
2024-03-04 23:46:36,425 | INFO | hilo.kernel-accessor : Fetching kernel: gumbel
2024-03-04 23:46:36,425 | INFO | hilo.gumbel-kernel : Calculating Gumbel distribution (location: -0.07692648470401764, scale 0.504118025302887)
2024-03-04 23:46:36,425 | INFO | hilo.gumbel-kernel : TOP-LEFT:
tensor([[9.9994e-01, 2.7800e-05, 5.3277e-33],
        [2.7800e-05, 5.3277e-33, 0.0000e+00],
        [5.3277e-33, 0.0000e+00, 0.0000e+00]])
2024-03-04 23:46:36,425 | INFO | hilo.kernel-accessor : Fetching kernel: gumbel
2024-03-04 23:46:36,426 | INFO | hilo.gumbel-kernel : Calculating Gumbel distribution (location: 0.037763796746730804, scale 0.5752791166305542)
2024-03-04 23:46:36,426 | INFO | hilo.gumbel-kernel : TOP-LEFT:
tensor([[9.9427e-01, 2.8659e-03, 3.5332e-14],
        [2.8659e-03, 3.5331e-14, 0.0000e+00],
        [3.5332e-14, 0.0000e+00, 0.0000e+00]])
2024-03-04 23:46:36,426 | INFO | hilo.kernel-accessor : Fetching kernel: gumbel
2024-03-04 23:46:36,426 | INFO | hilo.gumbel-kernel : Calculating Gumbel distribution (location: 0.08133237063884735, scale 0.522557258605957)
2024-03-04 23:46:36,427 | INFO | hilo.gumbel-kernel : STATIC:
tensor([[9.9573e-01, 2.1329e-03, 1.0954e-16],
        [2.1329e-03, 1.0954e-16, 0.0000e+00],
        [1.0954e-16, 0.0000e+00, 0.0000e+00]])
2024-03-04 23:46:36,427 | INFO | hilo.kernel-accessor : Fetching kernel: gumbel
2024-03-04 23:46:36,427 | INFO | hilo.gumbel-kernel : Calculating Gumbel distribution (location: 0.0026776790618896484, scale 0.5614803433418274)
2024-03-04 23:46:36,428 | INFO | hilo.gumbel-kernel : BOTTOM-RIGHT:
tensor([[0.0000e+00, 0.0000e+00, 5.3140e-17],
        [0.0000e+00, 5.3140e-17, 1.2652e-03],
        [5.3140e-17, 1.2652e-03, 9.9747e-01]])
2024-03-04 23:46:36,428 | INFO | hilo.kernel-accessor : Fetching kernel: gumbel
2024-03-04 23:46:36,428 | INFO | hilo.gumbel-kernel : Calculating Gumbel distribution (location: 0.036885134875774384, scale 0.48447898030281067)
2024-03-04 23:46:36,429 | INFO | hilo.gumbel-kernel : TOP-LEFT:
tensor([[9.9931e-01, 3.4523e-04, 2.7118e-25],
        [3.4523e-04, 2.7118e-25, 0.0000e+00],
        [2.7118e-25, 0.0000e+00, 0.0000e+00]])
2024-03-04 23:46:36,429 | INFO | hilo.kernel-accessor : Fetching kernel: gumbel
2024-03-04 23:46:36,429 | INFO | hilo.gumbel-kernel : Calculating Gumbel distribution (location: 0.11049213260412216, scale 0.5289647579193115)
2024-03-04 23:46:36,430 | INFO | hilo.gumbel-kernel : BOTTOM-RIGHT:
tensor([[0.0000e+00, 0.0000e+00, 1.2520e-14],
        [0.0000e+00, 1.2520e-14, 3.6962e-03],
        [1.2520e-14, 3.6962e-03, 9.9261e-01]])
2024-03-04 23:47:57,282 | INFO | hilo : Epoch   5/200 | Accuracy:  53.6458 | Loss:   1.1406
2024-03-04 23:47:57,282 | INFO | hilo.kernel-accessor : Fetching kernel: gumbel
2024-03-04 23:47:57,282 | INFO | hilo.gumbel-kernel : Calculating Gumbel distribution (location: -0.009405878372490406, scale 0.4876881539821625)
2024-03-04 23:47:57,283 | INFO | hilo.gumbel-kernel : STATIC:
tensor([[9.9977e-01, 1.1293e-04, 2.5555e-29],
        [1.1293e-04, 2.5555e-29, 0.0000e+00],
        [2.5555e-29, 0.0000e+00, 0.0000e+00]])
2024-03-04 23:47:57,283 | INFO | hilo.kernel-accessor : Fetching kernel: gumbel
2024-03-04 23:47:57,284 | INFO | hilo.gumbel-kernel : Calculating Gumbel distribution (location: -0.5211731791496277, scale 1.4695292711257935)
2024-03-04 23:47:57,284 | INFO | hilo.gumbel-kernel : TOP-LEFT:
tensor([[8.7585e-01, 6.1145e-02, 6.1860e-04],
        [6.1145e-02, 6.1860e-04, 1.3797e-07],
        [6.1860e-04, 1.3797e-07, 1.6462e-14]])
2024-03-04 23:47:57,284 | INFO | hilo.kernel-accessor : Fetching kernel: gumbel
2024-03-04 23:47:57,285 | INFO | hilo.gumbel-kernel : Calculating Gumbel distribution (location: -0.5065677165985107, scale 1.303389310836792)
2024-03-04 23:47:57,285 | INFO | hilo.gumbel-kernel : STATIC:
tensor([[9.2964e-01, 3.5071e-02, 7.3071e-05],
        [3.5071e-02, 7.3071e-05, 2.9747e-10],
        [7.3071e-05, 2.9747e-10, 1.7714e-21]])
2024-03-04 23:47:57,285 | INFO | hilo.kernel-accessor : Fetching kernel: gumbel
2024-03-04 23:47:57,286 | INFO | hilo.gumbel-kernel : Calculating Gumbel distribution (location: -0.36118024587631226, scale 0.8542807102203369)
2024-03-04 23:47:57,286 | INFO | hilo.gumbel-kernel : TOP-LEFT:
tensor([[9.9652e-01, 1.7396e-03, 3.0163e-11],
        [1.7396e-03, 3.0163e-11, 3.8891e-35],
        [3.0163e-11, 3.8891e-35, 0.0000e+00]])
