2023-12-02 05:47:16,305 | INFO | hi-lo : 
+==============================================================+
|                                                              |
| ██████╗  █████╗ ██████╗ ██╗         ██╗      █████╗ ██████╗  |
| ██╔══██╗██╔══██╗██╔══██╗██║         ██║     ██╔══██╗██╔══██╗ |
| ██║  ██║███████║██║  ██║██║         ██║     ███████║██████╔╝ |
| ██║  ██║██╔══██║██║  ██║██║         ██║     ██╔══██║██╔══██╗ |
| ██████╔╝██║  ██║██████╔╝███████╗    ███████╗██║  ██║██████╔╝ |
| ╚═════╝ ╚═╝  ╚═╝╚═════╝ ╚══════╝    ╚══════╝╚═╝  ╚═╝╚═════╝  |
|                                                              |
+==============================================================+
|             Hi-Lo Resolution Image Classification            |
|             -------------------------------------            |
|                       Gabriel C. Trahan                      |
|                          Sahan Ahmad                         |
|                       MD  Aminual Islam                      |
+==============================================================+
| MODEL:                 normal | LR:                      0.1 |
| DISTRO:                gumbel | KERNEL TYPE:              11 |
| DATASET:              cifar10 | BATCH SIZE:               64 |
+=========================================================================+
2023-12-02 05:47:16,305 | INFO | hi-lo : Output directory: output/normal/gumbel/11/cifar10/20231202_054716
2023-12-02 05:47:16,306 | INFO | hi-lo.dataset-accessor : Fetching dataset: cifar10
2023-12-02 05:47:16,306 | INFO | hi-lo.cifar10-dataset : Initializing transform.
2023-12-02 05:47:16,306 | INFO | hi-lo.cifar10-dataset : Verifying/downloading train data.
2023-12-02 05:47:16,905 | INFO | hi-lo.cifar10-dataset : Verifying/downloading test data.
2023-12-02 05:47:17,389 | INFO | hi-lo.cifar10-dataset : Creating train data loader.
2023-12-02 05:47:17,390 | INFO | hi-lo.cifar10-dataset : Creating test data loader.
2023-12-02 05:47:18,381 | INFO | hi-lo : Using device: NVIDIA GeForce GTX 1060 6GB
2023-12-02 05:47:18,381 | INFO | hi-lo : Commencing training phase...
2023-12-02 05:47:18,382 | INFO | hi-lo : BEGIN EPOCH 1 =========================================================================
2023-12-02 05:47:18,382 | INFO | hi-lo.kernel-accessor : Fetching kernel: gumbel
2023-12-02 05:47:18,383 | INFO | hi-lo.gumbel-kernel : MU (LOCATION): 0.0 | BETA (SCALE): 1.0
2023-12-02 05:47:18,383 | INFO | hi-lo.gumbel-kernel : TOP-RIGHT
tensor([[2.0072e-04, 5.8259e-02, 8.8288e-01],
        [2.2609e-10, 2.0072e-04, 5.8259e-02],
        [8.5377e-26, 2.2609e-10, 2.0072e-04]])
2023-12-02 05:47:18,384 | INFO | hi-lo.kernel-accessor : Fetching kernel: gumbel
2023-12-02 05:47:18,384 | INFO | hi-lo.gumbel-kernel : MU (LOCATION): 0.0 | BETA (SCALE): 1.0
2023-12-02 05:47:18,384 | INFO | hi-lo.gumbel-kernel : TOP-RIGHT
tensor([[2.0072e-04, 5.8259e-02, 8.8288e-01],
        [2.2609e-10, 2.0072e-04, 5.8259e-02],
        [8.5377e-26, 2.2609e-10, 2.0072e-04]])
2023-12-02 05:47:18,384 | INFO | hi-lo.kernel-accessor : Fetching kernel: gumbel
2023-12-02 05:47:18,384 | INFO | hi-lo.gumbel-kernel : MU (LOCATION): 0.0 | BETA (SCALE): 1.0
2023-12-02 05:47:18,385 | INFO | hi-lo.gumbel-kernel : TOP-LEFT
tensor([[8.8288e-01, 5.8259e-02, 2.0072e-04],
        [5.8259e-02, 2.0072e-04, 2.2609e-10],
        [2.0072e-04, 2.2609e-10, 8.5377e-26]])
2023-12-02 05:47:18,385 | INFO | hi-lo.kernel-accessor : Fetching kernel: gumbel
2023-12-02 05:47:18,385 | INFO | hi-lo.gumbel-kernel : MU (LOCATION): 0.0 | BETA (SCALE): 1.0
2023-12-02 05:47:18,385 | INFO | hi-lo.gumbel-kernel : TOP-LEFT
tensor([[8.8288e-01, 5.8259e-02, 2.0072e-04],
        [5.8259e-02, 2.0072e-04, 2.2609e-10],
        [2.0072e-04, 2.2609e-10, 8.5377e-26]])
2023-12-02 05:47:27,565 | INFO | hi-lo : END EPOCH:   1 | ACCURACY: 46.19 | LOSS: 1.6129345893859863
2023-12-02 05:47:27,566 | INFO | hi-lo : BEGIN EPOCH 2 =========================================================================
2023-12-02 05:47:27,566 | INFO | hi-lo.kernel-accessor : Fetching kernel: gumbel
2023-12-02 05:47:27,567 | INFO | hi-lo.gumbel-kernel : MU (LOCATION): -0.0552145354449749 | BETA (SCALE): 0.43735238909721375
2023-12-02 05:47:27,567 | INFO | hi-lo.gumbel-kernel : TOP-LEFT
tensor([[1.0000e+00, 1.1613e-06, 0.0000e+00],
        [1.1613e-06, 0.0000e+00, 0.0000e+00],
        [0.0000e+00, 0.0000e+00, 0.0000e+00]])
2023-12-02 05:47:27,567 | INFO | hi-lo.kernel-accessor : Fetching kernel: gumbel
2023-12-02 05:47:27,568 | INFO | hi-lo.gumbel-kernel : MU (LOCATION): -0.4432287812232971 | BETA (SCALE): 0.6193588972091675
2023-12-02 05:47:27,568 | INFO | hi-lo.gumbel-kernel : TOP-LEFT
tensor([[1.0000e+00, 9.6340e-09, 0.0000e+00],
        [9.6340e-09, 0.0000e+00, 0.0000e+00],
        [0.0000e+00, 0.0000e+00, 0.0000e+00]])
2023-12-02 05:47:27,569 | INFO | hi-lo.kernel-accessor : Fetching kernel: gumbel
2023-12-02 05:47:27,569 | INFO | hi-lo.gumbel-kernel : MU (LOCATION): 1 | BETA (SCALE): 1
2023-12-02 05:47:27,569 | INFO | hi-lo.gumbel-kernel : STATIC
tensor([[5.6765e-01, 1.6550e-01, 3.2357e-02],
        [1.6550e-01, 3.2357e-02, 2.1352e-03],
        [3.2357e-02, 2.1352e-03, 7.3562e-06]])
2023-12-02 05:47:27,570 | INFO | hi-lo.kernel-accessor : Fetching kernel: gumbel
2023-12-02 05:47:27,570 | INFO | hi-lo.gumbel-kernel : MU (LOCATION): 1 | BETA (SCALE): 1
2023-12-02 05:47:27,570 | INFO | hi-lo.gumbel-kernel : STATIC
tensor([[5.6765e-01, 1.6550e-01, 3.2357e-02],
        [1.6550e-01, 3.2357e-02, 2.1352e-03],
        [3.2357e-02, 2.1352e-03, 7.3562e-06]])
2023-12-02 05:47:35,883 | INFO | hi-lo : END EPOCH:   2 | ACCURACY: 56.25 | LOSS: 1.1190592050552368
2023-12-02 05:47:35,884 | INFO | hi-lo : BEGIN EPOCH 3 =========================================================================
2023-12-02 05:47:35,884 | INFO | hi-lo.kernel-accessor : Fetching kernel: gumbel
2023-12-02 05:47:35,884 | INFO | hi-lo.gumbel-kernel : MU (LOCATION): -0.05057474970817566 | BETA (SCALE): 0.4818584620952606
2023-12-02 05:47:35,885 | INFO | hi-lo.gumbel-kernel : TOP-LEFT
tensor([[9.9995e-01, 2.3242e-05, 5.3591e-36],
        [2.3242e-05, 5.3591e-36, 0.0000e+00],
        [5.3591e-36, 0.0000e+00, 0.0000e+00]])
2023-12-02 05:47:35,885 | INFO | hi-lo.kernel-accessor : Fetching kernel: gumbel
2023-12-02 05:47:35,886 | INFO | hi-lo.gumbel-kernel : MU (LOCATION): -0.4987236261367798 | BETA (SCALE): 0.8398382663726807
2023-12-02 05:47:35,886 | INFO | hi-lo.gumbel-kernel : TOP-RIGHT
tensor([[9.5374e-16, 1.6676e-04, 9.9967e-01],
        [0.0000e+00, 9.5374e-16, 1.6676e-04],
        [0.0000e+00, 0.0000e+00, 9.5374e-16]])
2023-12-02 05:47:35,886 | INFO | hi-lo.kernel-accessor : Fetching kernel: gumbel
2023-12-02 05:47:35,887 | INFO | hi-lo.gumbel-kernel : MU (LOCATION): -1.7700328826904297 | BETA (SCALE): 2.268104076385498
2023-12-02 05:47:35,887 | INFO | hi-lo.gumbel-kernel : TOP-LEFT
tensor([[9.1458e-01, 4.2038e-02, 4.4773e-04],
        [4.2038e-02, 4.4773e-04, 4.9142e-07],
        [4.4773e-04, 4.9142e-07, 1.5779e-11]])
2023-12-02 05:47:35,887 | INFO | hi-lo.kernel-accessor : Fetching kernel: gumbel
2023-12-02 05:47:35,888 | INFO | hi-lo.gumbel-kernel : MU (LOCATION): -1.1459060907363892 | BETA (SCALE): 1.5243347883224487
2023-12-02 05:47:35,888 | INFO | hi-lo.gumbel-kernel : TOP-RIGHT
tensor([[1.3269e-06, 7.8953e-03, 9.8421e-01],
        [1.2972e-13, 1.3269e-06, 7.8953e-03],
        [7.3857e-27, 1.2972e-13, 1.3269e-06]])
2023-12-02 05:47:44,238 | INFO | hi-lo : END EPOCH:   3 | ACCURACY: 57.81 | LOSS: 1.575366497039795
2023-12-02 05:47:44,239 | INFO | hi-lo : BEGIN EPOCH 4 =========================================================================
2023-12-02 05:47:44,239 | INFO | hi-lo.kernel-accessor : Fetching kernel: gumbel
2023-12-02 05:47:44,240 | INFO | hi-lo.gumbel-kernel : MU (LOCATION): -0.0015348754823207855 | BETA (SCALE): 0.5181013941764832
2023-12-02 05:47:44,240 | INFO | hi-lo.gumbel-kernel : TOP-LEFT
tensor([[9.9923e-01, 3.8732e-04, 1.0434e-22],
        [3.8732e-04, 1.0434e-22, 0.0000e+00],
        [1.0434e-22, 0.0000e+00, 0.0000e+00]])
2023-12-02 05:47:44,240 | INFO | hi-lo.kernel-accessor : Fetching kernel: gumbel
2023-12-02 05:47:44,241 | INFO | hi-lo.gumbel-kernel : MU (LOCATION): -0.6615173816680908 | BETA (SCALE): 0.8925292491912842
2023-12-02 05:47:44,241 | INFO | hi-lo.gumbel-kernel : TOP-LEFT
tensor([[9.9993e-01, 3.6503e-05, 9.1489e-18],
        [3.6503e-05, 9.1489e-18, 0.0000e+00],
        [9.1489e-18, 0.0000e+00, 0.0000e+00]])
2023-12-02 05:47:44,241 | INFO | hi-lo.kernel-accessor : Fetching kernel: gumbel
2023-12-02 05:47:44,242 | INFO | hi-lo.gumbel-kernel : MU (LOCATION): -1.988542079925537 | BETA (SCALE): 2.6198322772979736
2023-12-02 05:47:44,242 | INFO | hi-lo.gumbel-kernel : TOP-LEFT
tensor([[8.5377e-01, 6.9895e-02, 2.1352e-03],
        [6.9895e-02, 2.1352e-03, 1.5393e-05],
        [2.1352e-03, 1.5393e-05, 1.3386e-08]])
2023-12-02 05:47:44,242 | INFO | hi-lo.kernel-accessor : Fetching kernel: gumbel
2023-12-02 05:47:44,243 | INFO | hi-lo.gumbel-kernel : MU (LOCATION): -1.252030372619629 | BETA (SCALE): 1.5947643518447876
2023-12-02 05:47:44,243 | INFO | hi-lo.gumbel-kernel : TOP-LEFT
tensor([[9.8411e-01, 7.9419e-03, 1.6555e-06],
        [7.9419e-03, 1.6555e-06, 3.6750e-13],
        [1.6555e-06, 3.6750e-13, 2.2210e-25]])
2023-12-02 05:47:52,620 | INFO | hi-lo : END EPOCH:   4 | ACCURACY: 54.4 | LOSS: 1.1399005651474
2023-12-02 05:47:52,620 | INFO | hi-lo : BEGIN EPOCH 5 =========================================================================
2023-12-02 05:47:52,621 | INFO | hi-lo.kernel-accessor : Fetching kernel: gumbel
2023-12-02 05:47:52,621 | INFO | hi-lo.gumbel-kernel : MU (LOCATION): 1 | BETA (SCALE): 1
2023-12-02 05:47:52,622 | INFO | hi-lo.gumbel-kernel : STATIC
tensor([[5.6765e-01, 1.6550e-01, 3.2357e-02],
        [1.6550e-01, 3.2357e-02, 2.1352e-03],
        [3.2357e-02, 2.1352e-03, 7.3562e-06]])
2023-12-02 05:47:52,622 | INFO | hi-lo.kernel-accessor : Fetching kernel: gumbel
2023-12-02 05:47:52,623 | INFO | hi-lo.gumbel-kernel : MU (LOCATION): 1 | BETA (SCALE): 1
2023-12-02 05:47:52,623 | INFO | hi-lo.gumbel-kernel : STATIC
tensor([[5.6765e-01, 1.6550e-01, 3.2357e-02],
        [1.6550e-01, 3.2357e-02, 2.1352e-03],
        [3.2357e-02, 2.1352e-03, 7.3562e-06]])
2023-12-02 05:47:52,623 | INFO | hi-lo.kernel-accessor : Fetching kernel: gumbel
2023-12-02 05:47:52,624 | INFO | hi-lo.gumbel-kernel : MU (LOCATION): -1.8904328346252441 | BETA (SCALE): 2.622804880142212
2023-12-02 05:47:52,624 | INFO | hi-lo.gumbel-kernel : TOP-LEFT
tensor([[8.3110e-01, 7.9795e-02, 3.0818e-03],
        [7.9795e-02, 3.0818e-03, 3.1373e-05],
        [3.0818e-03, 3.1373e-05, 4.5341e-08]])
2023-12-02 05:47:52,624 | INFO | hi-lo.kernel-accessor : Fetching kernel: gumbel
2023-12-02 05:47:52,625 | INFO | hi-lo.gumbel-kernel : MU (LOCATION): 1 | BETA (SCALE): 1
2023-12-02 05:47:52,625 | INFO | hi-lo.gumbel-kernel : STATIC
tensor([[5.6765e-01, 1.6550e-01, 3.2357e-02],
        [1.6550e-01, 3.2357e-02, 2.1352e-03],
        [3.2357e-02, 2.1352e-03, 7.3562e-06]])
2023-12-02 05:48:01,180 | INFO | hi-lo : END EPOCH:   5 | ACCURACY: 61.11 | LOSS: 1.4530820846557617
2023-12-02 05:48:01,180 | INFO | hi-lo : BEGIN EPOCH 6 =========================================================================
2023-12-02 05:48:01,180 | INFO | hi-lo.kernel-accessor : Fetching kernel: gumbel
2023-12-02 05:48:01,181 | INFO | hi-lo.gumbel-kernel : MU (LOCATION): 1 | BETA (SCALE): 1
2023-12-02 05:48:01,182 | INFO | hi-lo.gumbel-kernel : STATIC
tensor([[5.6765e-01, 1.6550e-01, 3.2357e-02],
        [1.6550e-01, 3.2357e-02, 2.1352e-03],
        [3.2357e-02, 2.1352e-03, 7.3562e-06]])
2023-12-02 05:48:01,183 | INFO | hi-lo.kernel-accessor : Fetching kernel: gumbel
2023-12-02 05:48:01,183 | INFO | hi-lo.gumbel-kernel : MU (LOCATION): -0.7225229740142822 | BETA (SCALE): 0.9051767587661743
2023-12-02 05:48:01,184 | INFO | hi-lo.gumbel-kernel : TOP-LEFT
tensor([[9.9997e-01, 1.5623e-05, 4.5156e-19],
        [1.5623e-05, 4.5156e-19, 0.0000e+00],
        [4.5156e-19, 0.0000e+00, 0.0000e+00]])
2023-12-02 05:48:01,184 | INFO | hi-lo.kernel-accessor : Fetching kernel: gumbel
2023-12-02 05:48:01,185 | INFO | hi-lo.gumbel-kernel : MU (LOCATION): -1.1453502178192139 | BETA (SCALE): 1.9616378545761108
2023-12-02 05:48:01,186 | INFO | hi-lo.gumbel-kernel : TOP-RIGHT
tensor([[1.0577e-03, 6.1852e-02, 8.7312e-01],
        [1.6970e-06, 1.0577e-03, 6.1852e-02],
        [5.2960e-11, 1.6970e-06, 1.0577e-03]])
2023-12-02 05:48:01,186 | INFO | hi-lo.kernel-accessor : Fetching kernel: gumbel
2023-12-02 05:48:01,187 | INFO | hi-lo.gumbel-kernel : MU (LOCATION): -1.569925308227539 | BETA (SCALE): 1.8681282997131348
2023-12-02 05:48:01,187 | INFO | hi-lo.gumbel-kernel : TOP-RIGHT
tensor([[1.1303e-05, 1.2746e-02, 9.7447e-01],
        [1.0111e-10, 1.1303e-05, 1.2746e-02],
        [3.5235e-19, 1.0111e-10, 1.1303e-05]])
2023-12-02 05:48:09,769 | INFO | hi-lo : END EPOCH:   6 | ACCURACY: 56.25 | LOSS: 1.4067007303237915
2023-12-02 05:48:09,769 | INFO | hi-lo : BEGIN EPOCH 7 =========================================================================
2023-12-02 05:48:09,770 | INFO | hi-lo.kernel-accessor : Fetching kernel: gumbel
2023-12-02 05:48:09,770 | INFO | hi-lo.gumbel-kernel : MU (LOCATION): 1 | BETA (SCALE): 1
2023-12-02 05:48:09,771 | INFO | hi-lo.gumbel-kernel : STATIC
tensor([[5.6765e-01, 1.6550e-01, 3.2357e-02],
        [1.6550e-01, 3.2357e-02, 2.1352e-03],
        [3.2357e-02, 2.1352e-03, 7.3562e-06]])
2023-12-02 05:48:09,771 | INFO | hi-lo.kernel-accessor : Fetching kernel: gumbel
2023-12-02 05:48:09,772 | INFO | hi-lo.gumbel-kernel : MU (LOCATION): -0.70119309425354 | BETA (SCALE): 0.87825608253479
2023-12-02 05:48:09,772 | INFO | hi-lo.gumbel-kernel : TOP-LEFT
tensor([[9.9998e-01, 9.0071e-06, 1.7786e-20],
        [9.0071e-06, 1.7786e-20, 0.0000e+00],
        [1.7786e-20, 0.0000e+00, 0.0000e+00]])
2023-12-02 05:48:09,772 | INFO | hi-lo.kernel-accessor : Fetching kernel: gumbel
2023-12-02 05:48:09,773 | INFO | hi-lo.gumbel-kernel : MU (LOCATION): -1.4173275232315063 | BETA (SCALE): 2.071601629257202
2023-12-02 05:48:09,773 | INFO | hi-lo.gumbel-kernel : TOP-LEFT
tensor([[9.0111e-01, 4.8579e-02, 5.7706e-04],
        [4.8579e-02, 5.7706e-04, 5.9091e-07],
        [5.7706e-04, 5.9091e-07, 1.1399e-11]])
2023-12-02 05:48:09,773 | INFO | hi-lo.kernel-accessor : Fetching kernel: gumbel
2023-12-02 05:48:09,774 | INFO | hi-lo.gumbel-kernel : MU (LOCATION): -1.5382128953933716 | BETA (SCALE): 1.7136765718460083
2023-12-02 05:48:09,774 | INFO | hi-lo.gumbel-kernel : TOP-RIGHT
tensor([[5.0530e-07, 4.6837e-03, 9.9063e-01],
        [6.2221e-14, 5.0530e-07, 4.6837e-03],
        [4.0752e-26, 6.2221e-14, 5.0530e-07]])
2023-12-02 05:48:18,211 | INFO | hi-lo : END EPOCH:   7 | ACCURACY: 58.59 | LOSS: 1.4054168462753296
2023-12-02 05:48:18,211 | INFO | hi-lo : BEGIN EPOCH 8 =========================================================================
2023-12-02 05:48:18,212 | INFO | hi-lo.kernel-accessor : Fetching kernel: gumbel
2023-12-02 05:48:18,212 | INFO | hi-lo.gumbel-kernel : MU (LOCATION): -0.020555824041366577 | BETA (SCALE): 0.47742700576782227
2023-12-02 05:48:18,213 | INFO | hi-lo.gumbel-kernel : TOP-RIGHT
tensor([[2.6890e-33, 5.2380e-05, 9.9990e-01],
        [0.0000e+00, 2.6888e-33, 5.2380e-05],
        [0.0000e+00, 0.0000e+00, 2.6890e-33]])
2023-12-02 05:48:18,213 | INFO | hi-lo.kernel-accessor : Fetching kernel: gumbel
2023-12-02 05:48:18,214 | INFO | hi-lo.gumbel-kernel : MU (LOCATION): 1 | BETA (SCALE): 1
2023-12-02 05:48:18,214 | INFO | hi-lo.gumbel-kernel : STATIC
tensor([[5.6765e-01, 1.6550e-01, 3.2357e-02],
        [1.6550e-01, 3.2357e-02, 2.1352e-03],
        [3.2357e-02, 2.1352e-03, 7.3562e-06]])
2023-12-02 05:48:18,214 | INFO | hi-lo.kernel-accessor : Fetching kernel: gumbel
2023-12-02 05:48:18,215 | INFO | hi-lo.gumbel-kernel : MU (LOCATION): 1 | BETA (SCALE): 1
2023-12-02 05:48:18,215 | INFO | hi-lo.gumbel-kernel : STATIC
tensor([[5.6765e-01, 1.6550e-01, 3.2357e-02],
        [1.6550e-01, 3.2357e-02, 2.1352e-03],
        [3.2357e-02, 2.1352e-03, 7.3562e-06]])
2023-12-02 05:48:18,216 | INFO | hi-lo.kernel-accessor : Fetching kernel: gumbel
2023-12-02 05:48:18,216 | INFO | hi-lo.gumbel-kernel : MU (LOCATION): -2.1132774353027344 | BETA (SCALE): 2.414430618286133
2023-12-02 05:48:18,217 | INFO | hi-lo.gumbel-kernel : TOP-LEFT
tensor([[9.3488e-01, 3.2195e-02, 2.4347e-04],
        [3.2195e-02, 2.4347e-04, 1.8573e-07],
        [2.4347e-04, 1.8573e-07, 4.4049e-12]])
2023-12-02 05:48:26,634 | INFO | hi-lo : END EPOCH:   8 | ACCURACY: 66.41 | LOSS: 1.2607353925704956
2023-12-02 05:48:26,634 | INFO | hi-lo : BEGIN EPOCH 9 =========================================================================
2023-12-02 05:48:26,634 | INFO | hi-lo.kernel-accessor : Fetching kernel: gumbel
2023-12-02 05:48:26,635 | INFO | hi-lo.gumbel-kernel : MU (LOCATION): 1 | BETA (SCALE): 1
2023-12-02 05:48:26,636 | INFO | hi-lo.gumbel-kernel : STATIC
tensor([[5.6765e-01, 1.6550e-01, 3.2357e-02],
        [1.6550e-01, 3.2357e-02, 2.1352e-03],
        [3.2357e-02, 2.1352e-03, 7.3562e-06]])
2023-12-02 05:48:26,636 | INFO | hi-lo.kernel-accessor : Fetching kernel: gumbel
2023-12-02 05:48:26,637 | INFO | hi-lo.gumbel-kernel : MU (LOCATION): -0.726333737373352 | BETA (SCALE): 0.913322925567627
2023-12-02 05:48:26,637 | INFO | hi-lo.gumbel-kernel : TOP-RIGHT
tensor([[1.3941e-18, 1.9344e-05, 9.9996e-01],
        [0.0000e+00, 1.3941e-18, 1.9344e-05],
        [0.0000e+00, 0.0000e+00, 1.3941e-18]])
2023-12-02 05:48:26,637 | INFO | hi-lo.kernel-accessor : Fetching kernel: gumbel
2023-12-02 05:48:26,638 | INFO | hi-lo.gumbel-kernel : MU (LOCATION): 1 | BETA (SCALE): 1
2023-12-02 05:48:26,638 | INFO | hi-lo.gumbel-kernel : STATIC
tensor([[5.6765e-01, 1.6550e-01, 3.2357e-02],
        [1.6550e-01, 3.2357e-02, 2.1352e-03],
        [3.2357e-02, 2.1352e-03, 7.3562e-06]])
2023-12-02 05:48:26,638 | INFO | hi-lo.kernel-accessor : Fetching kernel: gumbel
2023-12-02 05:48:26,639 | INFO | hi-lo.gumbel-kernel : MU (LOCATION): -1.9072208404541016 | BETA (SCALE): 2.367539644241333
2023-12-02 05:48:26,640 | INFO | hi-lo.gumbel-kernel : TOP-RIGHT
tensor([[5.0813e-04, 4.3006e-02, 9.1246e-01],
        [7.2733e-07, 5.0813e-04, 4.3006e-02],
        [4.1592e-11, 7.2733e-07, 5.0813e-04]])
2023-12-02 05:48:35,068 | INFO | hi-lo : END EPOCH:   9 | ACCURACY: 65.62 | LOSS: 0.8895012736320496
2023-12-02 05:48:35,068 | INFO | hi-lo : BEGIN EPOCH 10 =========================================================================
2023-12-02 05:48:35,068 | INFO | hi-lo.kernel-accessor : Fetching kernel: gumbel
2023-12-02 05:48:35,069 | INFO | hi-lo.gumbel-kernel : MU (LOCATION): 0.021357055753469467 | BETA (SCALE): 0.5737309455871582
2023-12-02 05:48:35,070 | INFO | hi-lo.gumbel-kernel : TOP-RIGHT
tensor([[5.2902e-15, 2.1908e-03, 9.9562e-01],
        [0.0000e+00, 5.2902e-15, 2.1908e-03],
        [0.0000e+00, 0.0000e+00, 5.2902e-15]])
2023-12-02 05:48:35,070 | INFO | hi-lo.kernel-accessor : Fetching kernel: gumbel
2023-12-02 05:48:35,070 | INFO | hi-lo.gumbel-kernel : MU (LOCATION): 1 | BETA (SCALE): 1
2023-12-02 05:48:35,071 | INFO | hi-lo.gumbel-kernel : STATIC
tensor([[5.6765e-01, 1.6550e-01, 3.2357e-02],
        [1.6550e-01, 3.2357e-02, 2.1352e-03],
        [3.2357e-02, 2.1352e-03, 7.3562e-06]])
2023-12-02 05:48:35,071 | INFO | hi-lo.kernel-accessor : Fetching kernel: gumbel
2023-12-02 05:48:35,071 | INFO | hi-lo.gumbel-kernel : MU (LOCATION): 1 | BETA (SCALE): 1
2023-12-02 05:48:35,072 | INFO | hi-lo.gumbel-kernel : STATIC
tensor([[5.6765e-01, 1.6550e-01, 3.2357e-02],
        [1.6550e-01, 3.2357e-02, 2.1352e-03],
        [3.2357e-02, 2.1352e-03, 7.3562e-06]])
2023-12-02 05:48:35,072 | INFO | hi-lo.kernel-accessor : Fetching kernel: gumbel
2023-12-02 05:48:35,072 | INFO | hi-lo.gumbel-kernel : MU (LOCATION): 1 | BETA (SCALE): 1
2023-12-02 05:48:35,073 | INFO | hi-lo.gumbel-kernel : STATIC
tensor([[5.6765e-01, 1.6550e-01, 3.2357e-02],
        [1.6550e-01, 3.2357e-02, 2.1352e-03],
        [3.2357e-02, 2.1352e-03, 7.3562e-06]])
2023-12-02 05:48:43,495 | INFO | hi-lo : END EPOCH:  10 | ACCURACY: 70.31 | LOSS: 1.245100498199463
2023-12-02 05:48:43,495 | INFO | hi-lo : BEGIN EPOCH 11 =========================================================================
2023-12-02 05:48:43,495 | INFO | hi-lo.kernel-accessor : Fetching kernel: gumbel
2023-12-02 05:48:43,496 | INFO | hi-lo.gumbel-kernel : MU (LOCATION): -0.039531778544187546 | BETA (SCALE): 0.4762957990169525
2023-12-02 05:48:43,497 | INFO | hi-lo.gumbel-kernel : TOP-RIGHT
tensor([[3.3865e-36, 2.6056e-05, 9.9995e-01],
        [0.0000e+00, 3.3863e-36, 2.6056e-05],
        [0.0000e+00, 0.0000e+00, 3.3865e-36]])
2023-12-02 05:48:43,497 | INFO | hi-lo.kernel-accessor : Fetching kernel: gumbel
2023-12-02 05:48:43,498 | INFO | hi-lo.gumbel-kernel : MU (LOCATION): -0.682309627532959 | BETA (SCALE): 0.8857836127281189
2023-12-02 05:48:43,498 | INFO | hi-lo.gumbel-kernel : TOP-LEFT
tensor([[9.9996e-01, 1.8555e-05, 4.5988e-19],
        [1.8555e-05, 4.5988e-19, 0.0000e+00],
        [4.5988e-19, 0.0000e+00, 0.0000e+00]])
2023-12-02 05:48:43,498 | INFO | hi-lo.kernel-accessor : Fetching kernel: gumbel
2023-12-02 05:48:43,499 | INFO | hi-lo.gumbel-kernel : MU (LOCATION): 1 | BETA (SCALE): 1
2023-12-02 05:48:43,499 | INFO | hi-lo.gumbel-kernel : STATIC
tensor([[5.6765e-01, 1.6550e-01, 3.2357e-02],
        [1.6550e-01, 3.2357e-02, 2.1352e-03],
        [3.2357e-02, 2.1352e-03, 7.3562e-06]])
2023-12-02 05:48:43,499 | INFO | hi-lo.kernel-accessor : Fetching kernel: gumbel
2023-12-02 05:48:43,500 | INFO | hi-lo.gumbel-kernel : MU (LOCATION): 1 | BETA (SCALE): 1
2023-12-02 05:48:43,500 | INFO | hi-lo.gumbel-kernel : STATIC
tensor([[5.6765e-01, 1.6550e-01, 3.2357e-02],
        [1.6550e-01, 3.2357e-02, 2.1352e-03],
        [3.2357e-02, 2.1352e-03, 7.3562e-06]])
2023-12-02 05:48:51,911 | INFO | hi-lo : END EPOCH:  11 | ACCURACY: 64.45 | LOSS: 1.2108205556869507
2023-12-02 05:48:51,911 | INFO | hi-lo : BEGIN EPOCH 12 =========================================================================
2023-12-02 05:48:51,912 | INFO | hi-lo.kernel-accessor : Fetching kernel: gumbel
2023-12-02 05:48:51,912 | INFO | hi-lo.gumbel-kernel : MU (LOCATION): -0.050430022180080414 | BETA (SCALE): 0.5157899856567383
2023-12-02 05:48:51,913 | INFO | hi-lo.gumbel-kernel : TOP-LEFT
tensor([[9.9979e-01, 1.0367e-04, 2.1591e-27],
        [1.0367e-04, 2.1591e-27, 0.0000e+00],
        [2.1591e-27, 0.0000e+00, 0.0000e+00]])
2023-12-02 05:48:51,913 | INFO | hi-lo.kernel-accessor : Fetching kernel: gumbel
2023-12-02 05:48:51,914 | INFO | hi-lo.gumbel-kernel : MU (LOCATION): -0.6621195077896118 | BETA (SCALE): 0.9198674559593201
2023-12-02 05:48:51,914 | INFO | hi-lo.gumbel-kernel : TOP-RIGHT
tensor([[5.9198e-16, 8.4347e-05, 9.9983e-01],
        [0.0000e+00, 5.9197e-16, 8.4347e-05],
        [0.0000e+00, 0.0000e+00, 5.9198e-16]])
2023-12-02 05:48:51,914 | INFO | hi-lo.kernel-accessor : Fetching kernel: gumbel
2023-12-02 05:48:51,915 | INFO | hi-lo.gumbel-kernel : MU (LOCATION): -2.0452444553375244 | BETA (SCALE): 3.0532634258270264
2023-12-02 05:48:51,915 | INFO | hi-lo.gumbel-kernel : TOP-RIGHT
tensor([[1.1043e-02, 1.1936e-01, 7.2722e-01],
        [4.6110e-04, 1.1043e-02, 1.1936e-01],
        [6.3844e-06, 4.6110e-04, 1.1043e-02]])
2023-12-02 05:48:51,915 | INFO | hi-lo.kernel-accessor : Fetching kernel: gumbel
2023-12-02 05:48:51,916 | INFO | hi-lo.gumbel-kernel : MU (LOCATION): -1.891177773475647 | BETA (SCALE): 2.1873104572296143
2023-12-02 05:48:51,916 | INFO | hi-lo.gumbel-kernel : TOP-RIGHT
tensor([[8.3632e-05, 2.3018e-02, 9.5371e-01],
        [1.5264e-08, 8.3632e-05, 2.3018e-02],
        [2.4718e-14, 1.5264e-08, 8.3632e-05]])
2023-12-02 05:49:00,364 | INFO | hi-lo : END EPOCH:  12 | ACCURACY: 62.19 | LOSS: 1.26041841506958
2023-12-02 05:49:00,365 | INFO | hi-lo : BEGIN EPOCH 13 =========================================================================
2023-12-02 05:49:00,365 | INFO | hi-lo.kernel-accessor : Fetching kernel: gumbel
2023-12-02 05:49:00,366 | INFO | hi-lo.gumbel-kernel : MU (LOCATION): 1 | BETA (SCALE): 1
2023-12-02 05:49:00,366 | INFO | hi-lo.gumbel-kernel : STATIC
tensor([[5.6765e-01, 1.6550e-01, 3.2357e-02],
        [1.6550e-01, 3.2357e-02, 2.1352e-03],
        [3.2357e-02, 2.1352e-03, 7.3562e-06]])
2023-12-02 05:49:00,366 | INFO | hi-lo.kernel-accessor : Fetching kernel: gumbel
2023-12-02 05:49:00,367 | INFO | hi-lo.gumbel-kernel : MU (LOCATION): -0.7730178236961365 | BETA (SCALE): 0.9807000756263733
2023-12-02 05:49:00,367 | INFO | hi-lo.gumbel-kernel : TOP-LEFT
tensor([[9.9986e-01, 6.8144e-05, 1.1679e-15],
        [6.8144e-05, 1.1679e-15, 0.0000e+00],
        [1.1679e-15, 0.0000e+00, 0.0000e+00]])
2023-12-02 05:49:00,368 | INFO | hi-lo.kernel-accessor : Fetching kernel: gumbel
2023-12-02 05:49:00,368 | INFO | hi-lo.gumbel-kernel : MU (LOCATION): -2.3823652267456055 | BETA (SCALE): 3.365297317504883
2023-12-02 05:49:00,368 | INFO | hi-lo.gumbel-kernel : TOP-RIGHT
tensor([[1.3735e-02, 1.2596e-01, 7.0533e-01],
        [7.7102e-04, 1.3735e-02, 1.2596e-01],
        [1.7709e-05, 7.7102e-04, 1.3735e-02]])
2023-12-02 05:49:00,369 | INFO | hi-lo.kernel-accessor : Fetching kernel: gumbel
2023-12-02 05:49:00,369 | INFO | hi-lo.gumbel-kernel : MU (LOCATION): -2.1856794357299805 | BETA (SCALE): 2.3629302978515625
2023-12-02 05:49:00,369 | INFO | hi-lo.gumbel-kernel : TOP-LEFT
tensor([[9.5584e-01, 2.1951e-02, 8.6282e-05],
        [2.1951e-02, 8.6282e-05, 2.2901e-08],
        [8.6282e-05, 2.2901e-08, 9.9220e-14]])
2023-12-02 05:49:08,819 | INFO | hi-lo : END EPOCH:  13 | ACCURACY: 70.31 | LOSS: 1.5436387062072754
2023-12-02 05:49:08,819 | INFO | hi-lo : BEGIN EPOCH 14 =========================================================================
2023-12-02 05:49:08,819 | INFO | hi-lo.kernel-accessor : Fetching kernel: gumbel
2023-12-02 05:49:08,820 | INFO | hi-lo.gumbel-kernel : MU (LOCATION): -0.04723034426569939 | BETA (SCALE): 0.4788499176502228
2023-12-02 05:49:08,821 | INFO | hi-lo.gumbel-kernel : TOP-RIGHT
tensor([[1.7839e-36, 2.2502e-05, 9.9996e-01],
        [0.0000e+00, 1.7838e-36, 2.2502e-05],
        [0.0000e+00, 0.0000e+00, 1.7839e-36]])
2023-12-02 05:49:08,821 | INFO | hi-lo.kernel-accessor : Fetching kernel: gumbel
2023-12-02 05:49:08,821 | INFO | hi-lo.gumbel-kernel : MU (LOCATION): -0.6781683564186096 | BETA (SCALE): 0.9210965633392334
2023-12-02 05:49:08,822 | INFO | hi-lo.gumbel-kernel : TOP-RIGHT
tensor([[2.2065e-16, 6.5207e-05, 9.9987e-01],
        [0.0000e+00, 2.2065e-16, 6.5207e-05],
        [0.0000e+00, 0.0000e+00, 2.2065e-16]])
2023-12-02 05:49:08,822 | INFO | hi-lo.kernel-accessor : Fetching kernel: gumbel
2023-12-02 05:49:08,823 | INFO | hi-lo.gumbel-kernel : MU (LOCATION): -1.7865056991577148 | BETA (SCALE): 2.5177509784698486
2023-12-02 05:49:08,823 | INFO | hi-lo.gumbel-kernel : TOP-RIGHT
tensor([[2.5267e-03, 7.5381e-02, 8.4162e-01],
        [1.9627e-05, 2.5267e-03, 7.5381e-02],
        [1.7320e-08, 1.9627e-05, 2.5267e-03]])
2023-12-02 05:49:08,823 | INFO | hi-lo.kernel-accessor : Fetching kernel: gumbel
2023-12-02 05:49:08,824 | INFO | hi-lo.gumbel-kernel : MU (LOCATION): 1 | BETA (SCALE): 1
2023-12-02 05:49:08,824 | INFO | hi-lo.gumbel-kernel : STATIC
tensor([[5.6765e-01, 1.6550e-01, 3.2357e-02],
        [1.6550e-01, 3.2357e-02, 2.1352e-03],
        [3.2357e-02, 2.1352e-03, 7.3562e-06]])
2023-12-02 05:49:17,344 | INFO | hi-lo : END EPOCH:  14 | ACCURACY: 60.85 | LOSS: 1.0736039876937866
2023-12-02 05:49:17,344 | INFO | hi-lo : BEGIN EPOCH 15 =========================================================================
2023-12-02 05:49:17,344 | INFO | hi-lo.kernel-accessor : Fetching kernel: gumbel
2023-12-02 05:49:17,345 | INFO | hi-lo.gumbel-kernel : MU (LOCATION): 1 | BETA (SCALE): 1
2023-12-02 05:49:17,346 | INFO | hi-lo.gumbel-kernel : STATIC
tensor([[5.6765e-01, 1.6550e-01, 3.2357e-02],
        [1.6550e-01, 3.2357e-02, 2.1352e-03],
        [3.2357e-02, 2.1352e-03, 7.3562e-06]])
2023-12-02 05:49:17,346 | INFO | hi-lo.kernel-accessor : Fetching kernel: gumbel
2023-12-02 05:49:17,346 | INFO | hi-lo.gumbel-kernel : MU (LOCATION): -0.6572071313858032 | BETA (SCALE): 0.84062659740448
2023-12-02 05:49:17,347 | INFO | hi-lo.gumbel-kernel : TOP-LEFT
tensor([[9.9999e-01, 5.5244e-06, 4.4437e-22],
        [5.5244e-06, 4.4436e-22, 0.0000e+00],
        [4.4437e-22, 0.0000e+00, 0.0000e+00]])
2023-12-02 05:49:17,347 | INFO | hi-lo.kernel-accessor : Fetching kernel: gumbel
2023-12-02 05:49:17,347 | INFO | hi-lo.gumbel-kernel : MU (LOCATION): -1.6488120555877686 | BETA (SCALE): 2.6590707302093506
2023-12-02 05:49:17,348 | INFO | hi-lo.gumbel-kernel : TOP-LEFT
tensor([[7.6149e-01, 1.0791e-01, 7.4408e-03],
        [1.0791e-01, 7.4408e-03, 1.7967e-04],
        [7.4408e-03, 1.7967e-04, 9.4098e-07]])
2023-12-02 05:49:17,348 | INFO | hi-lo.kernel-accessor : Fetching kernel: gumbel
2023-12-02 05:49:17,348 | INFO | hi-lo.gumbel-kernel : MU (LOCATION): -2.9970433712005615 | BETA (SCALE): 2.893577814102173
2023-12-02 05:49:17,349 | INFO | hi-lo.gumbel-kernel : TOP-LEFT
tensor([[9.4876e-01, 2.5356e-02, 1.7521e-04],
        [2.5356e-02, 1.7521e-04, 1.7910e-07],
        [1.7521e-04, 1.7910e-07, 1.2303e-11]])
2023-12-02 05:49:25,824 | INFO | hi-lo : END EPOCH:  15 | ACCURACY: 58.18 | LOSS: 1.1419628858566284
2023-12-02 05:49:25,824 | INFO | hi-lo : BEGIN EPOCH 16 =========================================================================
2023-12-02 05:49:25,824 | INFO | hi-lo.kernel-accessor : Fetching kernel: gumbel
2023-12-02 05:49:25,825 | INFO | hi-lo.gumbel-kernel : MU (LOCATION): -0.10784296691417694 | BETA (SCALE): 0.46085408329963684
2023-12-02 05:49:25,825 | INFO | hi-lo.gumbel-kernel : TOP-RIGHT
tensor([[0.0000e+00, 4.7648e-07, 1.0000e+00],
        [0.0000e+00, 0.0000e+00, 4.7648e-07],
        [0.0000e+00, 0.0000e+00, 0.0000e+00]])
2023-12-02 05:49:25,826 | INFO | hi-lo.kernel-accessor : Fetching kernel: gumbel
2023-12-02 05:49:25,826 | INFO | hi-lo.gumbel-kernel : MU (LOCATION): -0.6396740674972534 | BETA (SCALE): 0.9654079079627991
2023-12-02 05:49:25,827 | INFO | hi-lo.gumbel-kernel : TOP-LEFT
tensor([[9.9924e-01, 3.7995e-04, 5.7785e-13],
        [3.7995e-04, 5.7785e-13, 5.4372e-37],
        [5.7785e-13, 5.4372e-37, 0.0000e+00]])
2023-12-02 05:49:25,827 | INFO | hi-lo.kernel-accessor : Fetching kernel: gumbel
2023-12-02 05:49:25,827 | INFO | hi-lo.gumbel-kernel : MU (LOCATION): -1.8577196598052979 | BETA (SCALE): 2.6286416053771973
2023-12-02 05:49:25,828 | INFO | hi-lo.gumbel-kernel : TOP-LEFT
tensor([[8.2170e-01, 8.3795e-02, 3.5418e-03],
        [8.3795e-02, 3.5418e-03, 4.1276e-05],
        [3.5418e-03, 4.1276e-05, 7.3045e-08]])
2023-12-02 05:49:25,828 | INFO | hi-lo.kernel-accessor : Fetching kernel: gumbel
2023-12-02 05:49:25,828 | INFO | hi-lo.gumbel-kernel : MU (LOCATION): -1.9846391677856445 | BETA (SCALE): 2.125576972961426
2023-12-02 05:49:25,829 | INFO | hi-lo.gumbel-kernel : TOP-RIGHT
tensor([[1.5468e-05, 1.2483e-02, 9.7499e-01],
        [4.5604e-10, 1.5468e-05, 1.2483e-02],
        [3.3864e-17, 4.5604e-10, 1.5468e-05]])
2023-12-02 05:49:34,457 | INFO | hi-lo : END EPOCH:  16 | ACCURACY: 60.71 | LOSS: 1.0103732347488403
2023-12-02 05:49:34,457 | INFO | hi-lo : BEGIN EPOCH 17 =========================================================================
2023-12-02 05:49:34,457 | INFO | hi-lo.kernel-accessor : Fetching kernel: gumbel
2023-12-02 05:49:34,458 | INFO | hi-lo.gumbel-kernel : MU (LOCATION): 1 | BETA (SCALE): 1
2023-12-02 05:49:34,459 | INFO | hi-lo.gumbel-kernel : STATIC
tensor([[5.6765e-01, 1.6550e-01, 3.2357e-02],
        [1.6550e-01, 3.2357e-02, 2.1352e-03],
        [3.2357e-02, 2.1352e-03, 7.3562e-06]])
2023-12-02 05:49:34,459 | INFO | hi-lo.kernel-accessor : Fetching kernel: gumbel
2023-12-02 05:49:34,459 | INFO | hi-lo.gumbel-kernel : MU (LOCATION): -0.7258398532867432 | BETA (SCALE): 0.9878371953964233
2023-12-02 05:49:34,460 | INFO | hi-lo.gumbel-kernel : TOP-RIGHT
tensor([[5.1308e-14, 1.7885e-04, 9.9964e-01],
        [1.6608e-39, 5.1308e-14, 1.7885e-04],
        [0.0000e+00, 1.6608e-39, 5.1308e-14]])
2023-12-02 05:49:34,460 | INFO | hi-lo.kernel-accessor : Fetching kernel: gumbel
2023-12-02 05:49:34,460 | INFO | hi-lo.gumbel-kernel : MU (LOCATION): -2.2603251934051514 | BETA (SCALE): 3.181636095046997
2023-12-02 05:49:34,461 | INFO | hi-lo.gumbel-kernel : TOP-LEFT
tensor([[7.3505e-01, 1.1633e-01, 1.0467e-02],
        [1.1633e-01, 1.0467e-02, 4.3464e-04],
        [1.0467e-02, 4.3464e-04, 6.2598e-06]])
2023-12-02 05:49:34,461 | INFO | hi-lo.kernel-accessor : Fetching kernel: gumbel
2023-12-02 05:49:34,461 | INFO | hi-lo.gumbel-kernel : MU (LOCATION): -2.884706497192383 | BETA (SCALE): 2.9161899089813232
2023-12-02 05:49:34,462 | INFO | hi-lo.gumbel-kernel : TOP-LEFT
tensor([[9.3030e-01, 3.4284e-02, 3.7680e-04],
        [3.4284e-02, 3.7680e-04, 7.5286e-07],
        [3.7680e-04, 7.5286e-07, 1.3617e-10]])
2023-12-02 05:49:43,154 | INFO | hi-lo : END EPOCH:  17 | ACCURACY: 64.84 | LOSS: 1.1664053201675415
2023-12-02 05:49:43,154 | INFO | hi-lo : BEGIN EPOCH 18 =========================================================================
2023-12-02 05:49:43,154 | INFO | hi-lo.kernel-accessor : Fetching kernel: gumbel
2023-12-02 05:49:43,155 | INFO | hi-lo.gumbel-kernel : MU (LOCATION): 1 | BETA (SCALE): 1
2023-12-02 05:49:43,156 | INFO | hi-lo.gumbel-kernel : STATIC
tensor([[5.6765e-01, 1.6550e-01, 3.2357e-02],
        [1.6550e-01, 3.2357e-02, 2.1352e-03],
        [3.2357e-02, 2.1352e-03, 7.3562e-06]])
2023-12-02 05:49:43,156 | INFO | hi-lo.kernel-accessor : Fetching kernel: gumbel
2023-12-02 05:49:43,156 | INFO | hi-lo.gumbel-kernel : MU (LOCATION): -0.5888136625289917 | BETA (SCALE): 0.9099369645118713
2023-12-02 05:49:43,157 | INFO | hi-lo.gumbel-kernel : TOP-LEFT
tensor([[9.9955e-01, 2.2499e-04, 2.2924e-14],
        [2.2499e-04, 2.2925e-14, 1.7796e-43],
        [2.2924e-14, 1.7796e-43, 0.0000e+00]])
2023-12-02 05:49:43,157 | INFO | hi-lo.kernel-accessor : Fetching kernel: gumbel
2023-12-02 05:49:43,158 | INFO | hi-lo.gumbel-kernel : MU (LOCATION): -1.800452470779419 | BETA (SCALE): 2.4636728763580322
2023-12-02 05:49:43,158 | INFO | hi-lo.gumbel-kernel : TOP-RIGHT
tensor([[1.7301e-03, 6.6309e-02, 8.6217e-01],
        [8.9135e-06, 1.7301e-03, 6.6309e-02],
        [4.0251e-09, 8.9135e-06, 1.7301e-03]])
2023-12-02 05:49:43,158 | INFO | hi-lo.kernel-accessor : Fetching kernel: gumbel
2023-12-02 05:49:43,159 | INFO | hi-lo.gumbel-kernel : MU (LOCATION): 1 | BETA (SCALE): 1
2023-12-02 05:49:43,159 | INFO | hi-lo.gumbel-kernel : STATIC
tensor([[5.6765e-01, 1.6550e-01, 3.2357e-02],
        [1.6550e-01, 3.2357e-02, 2.1352e-03],
        [3.2357e-02, 2.1352e-03, 7.3562e-06]])
2023-12-02 05:49:51,644 | INFO | hi-lo : END EPOCH:  18 | ACCURACY: 63.02 | LOSS: 1.28946852684021
2023-12-02 05:49:51,644 | INFO | hi-lo : BEGIN EPOCH 19 =========================================================================
2023-12-02 05:49:51,645 | INFO | hi-lo.kernel-accessor : Fetching kernel: gumbel
2023-12-02 05:49:51,645 | INFO | hi-lo.gumbel-kernel : MU (LOCATION): -0.11240153014659882 | BETA (SCALE): 0.5552371144294739
2023-12-02 05:49:51,646 | INFO | hi-lo.gumbel-kernel : TOP-RIGHT
tensor([[1.6209e-25, 8.4346e-05, 9.9983e-01],
        [0.0000e+00, 1.6209e-25, 8.4346e-05],
        [0.0000e+00, 0.0000e+00, 1.6209e-25]])
2023-12-02 05:49:51,646 | INFO | hi-lo.kernel-accessor : Fetching kernel: gumbel
2023-12-02 05:49:51,647 | INFO | hi-lo.gumbel-kernel : MU (LOCATION): 1 | BETA (SCALE): 1
2023-12-02 05:49:51,647 | INFO | hi-lo.gumbel-kernel : STATIC
tensor([[5.6765e-01, 1.6550e-01, 3.2357e-02],
        [1.6550e-01, 3.2357e-02, 2.1352e-03],
        [3.2357e-02, 2.1352e-03, 7.3562e-06]])
2023-12-02 05:49:51,647 | INFO | hi-lo.kernel-accessor : Fetching kernel: gumbel
2023-12-02 05:49:51,648 | INFO | hi-lo.gumbel-kernel : MU (LOCATION): -2.1057286262512207 | BETA (SCALE): 2.8805317878723145
2023-12-02 05:49:51,648 | INFO | hi-lo.gumbel-kernel : TOP-LEFT
tensor([[7.9625e-01, 9.3875e-02, 5.2633e-03],
        [9.3875e-02, 5.2633e-03, 1.0309e-04],
        [5.2633e-03, 1.0309e-04, 4.5583e-07]])
2023-12-02 05:49:51,648 | INFO | hi-lo.kernel-accessor : Fetching kernel: gumbel
2023-12-02 05:49:51,649 | INFO | hi-lo.gumbel-kernel : MU (LOCATION): -2.2613959312438965 | BETA (SCALE): 2.391139268875122
2023-12-02 05:49:51,649 | INFO | hi-lo.gumbel-kernel : TOP-RIGHT
tensor([[7.1240e-05, 2.0205e-02, 9.5938e-01],
        [1.6624e-08, 7.1240e-05, 2.0205e-02],
        [6.2684e-14, 1.6624e-08, 7.1240e-05]])
2023-12-02 05:50:00,162 | INFO | hi-lo : END EPOCH:  19 | ACCURACY: 65.62 | LOSS: 1.3136770725250244
2023-12-02 05:50:00,162 | INFO | hi-lo : BEGIN EPOCH 20 =========================================================================
2023-12-02 05:50:00,163 | INFO | hi-lo.kernel-accessor : Fetching kernel: gumbel
2023-12-02 05:50:00,163 | INFO | hi-lo.gumbel-kernel : MU (LOCATION): 1 | BETA (SCALE): 1
2023-12-02 05:50:00,164 | INFO | hi-lo.gumbel-kernel : STATIC
tensor([[5.6765e-01, 1.6550e-01, 3.2357e-02],
        [1.6550e-01, 3.2357e-02, 2.1352e-03],
        [3.2357e-02, 2.1352e-03, 7.3562e-06]])
2023-12-02 05:50:00,164 | INFO | hi-lo.kernel-accessor : Fetching kernel: gumbel
2023-12-02 05:50:00,165 | INFO | hi-lo.gumbel-kernel : MU (LOCATION): -0.7329641580581665 | BETA (SCALE): 0.9384086728096008
2023-12-02 05:50:00,165 | INFO | hi-lo.gumbel-kernel : TOP-RIGHT
tensor([[4.9530e-17, 3.9483e-05, 9.9992e-01],
        [0.0000e+00, 4.9529e-17, 3.9483e-05],
        [0.0000e+00, 0.0000e+00, 4.9530e-17]])
2023-12-02 05:50:00,165 | INFO | hi-lo.kernel-accessor : Fetching kernel: gumbel
2023-12-02 05:50:00,166 | INFO | hi-lo.gumbel-kernel : MU (LOCATION): 1 | BETA (SCALE): 1
2023-12-02 05:50:00,166 | INFO | hi-lo.gumbel-kernel : STATIC
tensor([[5.6765e-01, 1.6550e-01, 3.2357e-02],
        [1.6550e-01, 3.2357e-02, 2.1352e-03],
        [3.2357e-02, 2.1352e-03, 7.3562e-06]])
2023-12-02 05:50:00,166 | INFO | hi-lo.kernel-accessor : Fetching kernel: gumbel
2023-12-02 05:50:00,167 | INFO | hi-lo.gumbel-kernel : MU (LOCATION): 1 | BETA (SCALE): 1
2023-12-02 05:50:00,167 | INFO | hi-lo.gumbel-kernel : STATIC
tensor([[5.6765e-01, 1.6550e-01, 3.2357e-02],
        [1.6550e-01, 3.2357e-02, 2.1352e-03],
        [3.2357e-02, 2.1352e-03, 7.3562e-06]])
2023-12-02 05:50:08,681 | INFO | hi-lo : END EPOCH:  20 | ACCURACY: 67.87 | LOSS: 0.7350472807884216
2023-12-02 05:50:08,681 | INFO | hi-lo : BEGIN EPOCH 21 =========================================================================
2023-12-02 05:50:08,681 | INFO | hi-lo.kernel-accessor : Fetching kernel: gumbel
2023-12-02 05:50:08,682 | INFO | hi-lo.gumbel-kernel : MU (LOCATION): -0.074610635638237 | BETA (SCALE): 0.4980756342411041
2023-12-02 05:50:08,683 | INFO | hi-lo.gumbel-kernel : TOP-RIGHT
tensor([[2.2352e-34, 2.2411e-05, 9.9996e-01],
        [0.0000e+00, 2.2353e-34, 2.2411e-05],
        [0.0000e+00, 0.0000e+00, 2.2352e-34]])
2023-12-02 05:50:08,683 | INFO | hi-lo.kernel-accessor : Fetching kernel: gumbel
2023-12-02 05:50:08,683 | INFO | hi-lo.gumbel-kernel : MU (LOCATION): -0.5481042861938477 | BETA (SCALE): 0.9264251589775085
2023-12-02 05:50:08,684 | INFO | hi-lo.gumbel-kernel : TOP-LEFT
tensor([[9.9881e-01, 5.9649e-04, 1.5801e-12],
        [5.9649e-04, 1.5801e-12, 7.3775e-37],
        [1.5801e-12, 7.3775e-37, 0.0000e+00]])
2023-12-02 05:50:08,684 | INFO | hi-lo.kernel-accessor : Fetching kernel: gumbel
2023-12-02 05:50:08,684 | INFO | hi-lo.gumbel-kernel : MU (LOCATION): -2.049943447113037 | BETA (SCALE): 2.720278263092041
2023-12-02 05:50:08,685 | INFO | hi-lo.gumbel-kernel : TOP-LEFT
tensor([[8.3531e-01, 7.7849e-02, 2.9766e-03],
        [7.7849e-02, 2.9766e-03, 3.1430e-05],
        [2.9766e-03, 3.1430e-05, 5.1740e-08]])
2023-12-02 05:50:08,685 | INFO | hi-lo.kernel-accessor : Fetching kernel: gumbel
2023-12-02 05:50:08,686 | INFO | hi-lo.gumbel-kernel : MU (LOCATION): 1 | BETA (SCALE): 1
2023-12-02 05:50:08,686 | INFO | hi-lo.gumbel-kernel : STATIC
