2024-02-29 19:43:50,126 | INFO | hilo : 
+==============================================================+
|                                                              |
| ██████╗  █████╗ ██████╗ ██╗         ██╗      █████╗ ██████╗  |
| ██╔══██╗██╔══██╗██╔══██╗██║         ██║     ██╔══██╗██╔══██╗ |
| ██║  ██║███████║██║  ██║██║         ██║     ███████║██████╔╝ |
| ██║  ██║██╔══██║██║  ██║██║         ██║     ██╔══██║██╔══██╗ |
| ██████╔╝██║  ██║██████╔╝███████╗    ███████╗██║  ██║██████╔╝ |
| ╚═════╝ ╚═╝  ╚═╝╚═════╝ ╚══════╝    ╚══════╝╚═╝  ╚═╝╚═════╝  |
+==============================================================+
|             Hi-Lo Resolution Image Classification            |
|             -------------------------------------            |
|                       Gabriel C. Trahan                      |
|                          Sahan Ahmad                         |
|                       MD  Aminual Islam                      |
+==============================================================+
2024-02-29 19:43:51,691 | INFO | hilo.dataset-accessor : Fetching dataset: cifar10
2024-02-29 19:43:51,692 | INFO | hilo.cifar10-dataset : Initializing transform
2024-02-29 19:43:51,692 | INFO | hilo.cifar10-dataset : Verifying/downloading train data
2024-02-29 19:43:52,290 | INFO | hilo.cifar10-dataset : Verifying/downloading test data
2024-02-29 19:43:52,770 | INFO | hilo.cifar10-dataset : Creating train data loader.
2024-02-29 19:43:52,770 | INFO | hilo.cifar10-dataset : Creating test data loader.
2024-02-29 19:43:52,882 | INFO | hilo : Output directory: output/resnet/cifar10/cauchy/12/20240229_194351/
2024-02-29 19:43:53,866 | INFO | hilo : Using device: NVIDIA GeForce GTX 1060 6GB
2024-02-29 19:43:53,866 | INFO | hilo : Exeucting job: MODEL resnet | DATASET cifar10 | KERNEL cauchy | TYPE 12
2024-02-29 19:43:53,866 | INFO | hilo : Commencing training phase...
2024-02-29 19:43:53,866 | INFO | hilo.kernel-accessor : Fetching kernel: cauchy
2024-02-29 19:43:53,867 | INFO | hilo.cauchy-kernel : Calculating Cauchy distribution (location: 0.0, scale 1.0)
2024-02-29 19:43:53,868 | INFO | hilo.cauchy-kernel : BOTTOM-RIGHT:
tensor([[0.0206, 0.0350, 0.0700],
        [0.0350, 0.0700, 0.1749],
        [0.0700, 0.1749, 0.3498]])
2024-02-29 19:43:53,868 | INFO | hilo.kernel-accessor : Fetching kernel: cauchy
2024-02-29 19:43:53,868 | INFO | hilo.cauchy-kernel : Calculating Cauchy distribution (location: 0.0, scale 1.0)
2024-02-29 19:43:53,868 | INFO | hilo.cauchy-kernel : STATIC:
tensor([[0.3498, 0.1749, 0.0700],
        [0.1749, 0.0700, 0.0350],
        [0.0700, 0.0350, 0.0206]])
2024-02-29 19:43:53,868 | INFO | hilo.kernel-accessor : Fetching kernel: cauchy
2024-02-29 19:43:53,869 | INFO | hilo.cauchy-kernel : Calculating Cauchy distribution (location: 0.0, scale 1.0)
2024-02-29 19:43:53,869 | INFO | hilo.cauchy-kernel : STATIC:
tensor([[0.3498, 0.1749, 0.0700],
        [0.1749, 0.0700, 0.0350],
        [0.0700, 0.0350, 0.0206]])
2024-02-29 19:43:53,869 | INFO | hilo.kernel-accessor : Fetching kernel: cauchy
2024-02-29 19:43:53,869 | INFO | hilo.cauchy-kernel : Calculating Cauchy distribution (location: 0.0, scale 1.0)
2024-02-29 19:43:53,869 | INFO | hilo.cauchy-kernel : STATIC:
tensor([[0.3498, 0.1749, 0.0700],
        [0.1749, 0.0700, 0.0350],
        [0.0700, 0.0350, 0.0206]])
2024-02-29 19:43:53,869 | INFO | hilo.kernel-accessor : Fetching kernel: cauchy
2024-02-29 19:43:53,870 | INFO | hilo.cauchy-kernel : Calculating Cauchy distribution (location: 0.0, scale 1.0)
2024-02-29 19:43:53,870 | INFO | hilo.cauchy-kernel : STATIC:
tensor([[0.3498, 0.1749, 0.0700],
        [0.1749, 0.0700, 0.0350],
        [0.0700, 0.0350, 0.0206]])
2024-02-29 19:43:53,870 | INFO | hilo.kernel-accessor : Fetching kernel: cauchy
2024-02-29 19:43:53,870 | INFO | hilo.cauchy-kernel : Calculating Cauchy distribution (location: 0.0, scale 1.0)
2024-02-29 19:43:53,870 | INFO | hilo.cauchy-kernel : BOTTOM-RIGHT:
tensor([[0.0206, 0.0350, 0.0700],
        [0.0350, 0.0700, 0.1749],
        [0.0700, 0.1749, 0.3498]])
2024-02-29 19:43:53,870 | INFO | hilo.kernel-accessor : Fetching kernel: cauchy
2024-02-29 19:43:53,871 | INFO | hilo.cauchy-kernel : Calculating Cauchy distribution (location: 0.0, scale 1.0)
2024-02-29 19:43:53,871 | INFO | hilo.cauchy-kernel : STATIC:
tensor([[0.3498, 0.1749, 0.0700],
        [0.1749, 0.0700, 0.0350],
        [0.0700, 0.0350, 0.0206]])
2024-02-29 19:43:53,871 | INFO | hilo.kernel-accessor : Fetching kernel: cauchy
2024-02-29 19:43:53,871 | INFO | hilo.cauchy-kernel : Calculating Cauchy distribution (location: 0.0, scale 1.0)
2024-02-29 19:43:53,871 | INFO | hilo.cauchy-kernel : STATIC:
tensor([[0.3498, 0.1749, 0.0700],
        [0.1749, 0.0700, 0.0350],
        [0.0700, 0.0350, 0.0206]])
2024-02-29 19:43:53,871 | INFO | hilo.kernel-accessor : Fetching kernel: cauchy
2024-02-29 19:43:53,872 | INFO | hilo.cauchy-kernel : Calculating Cauchy distribution (location: 0.0, scale 1.0)
2024-02-29 19:43:53,872 | INFO | hilo.cauchy-kernel : STATIC:
tensor([[0.3498, 0.1749, 0.0700],
        [0.1749, 0.0700, 0.0350],
        [0.0700, 0.0350, 0.0206]])
2024-02-29 19:43:53,872 | INFO | hilo.kernel-accessor : Fetching kernel: cauchy
2024-02-29 19:43:53,872 | INFO | hilo.cauchy-kernel : Calculating Cauchy distribution (location: 0.0, scale 1.0)
2024-02-29 19:43:53,872 | INFO | hilo.cauchy-kernel : STATIC:
tensor([[0.3498, 0.1749, 0.0700],
        [0.1749, 0.0700, 0.0350],
        [0.0700, 0.0350, 0.0206]])
2024-02-29 19:43:53,872 | INFO | hilo.kernel-accessor : Fetching kernel: cauchy
2024-02-29 19:43:53,873 | INFO | hilo.cauchy-kernel : Calculating Cauchy distribution (location: 0.0, scale 1.0)
2024-02-29 19:43:53,873 | INFO | hilo.cauchy-kernel : BOTTOM-LEFT:
tensor([[0.0700, 0.0350, 0.0206],
        [0.1749, 0.0700, 0.0350],
        [0.3498, 0.1749, 0.0700]])
2024-02-29 19:43:53,873 | INFO | hilo.kernel-accessor : Fetching kernel: cauchy
2024-02-29 19:43:53,873 | INFO | hilo.cauchy-kernel : Calculating Cauchy distribution (location: 0.0, scale 1.0)
2024-02-29 19:43:53,873 | INFO | hilo.cauchy-kernel : STATIC:
tensor([[0.3498, 0.1749, 0.0700],
        [0.1749, 0.0700, 0.0350],
        [0.0700, 0.0350, 0.0206]])
2024-02-29 19:43:53,873 | INFO | hilo.kernel-accessor : Fetching kernel: cauchy
2024-02-29 19:43:53,874 | INFO | hilo.cauchy-kernel : Calculating Cauchy distribution (location: 0.0, scale 1.0)
2024-02-29 19:43:53,874 | INFO | hilo.cauchy-kernel : STATIC:
tensor([[0.3498, 0.1749, 0.0700],
        [0.1749, 0.0700, 0.0350],
        [0.0700, 0.0350, 0.0206]])
2024-02-29 19:43:53,874 | INFO | hilo.kernel-accessor : Fetching kernel: cauchy
2024-02-29 19:43:53,874 | INFO | hilo.cauchy-kernel : Calculating Cauchy distribution (location: 0.0, scale 1.0)
2024-02-29 19:43:53,874 | INFO | hilo.cauchy-kernel : BOTTOM-RIGHT:
tensor([[0.0206, 0.0350, 0.0700],
        [0.0350, 0.0700, 0.1749],
        [0.0700, 0.1749, 0.3498]])
2024-02-29 19:43:53,874 | INFO | hilo.kernel-accessor : Fetching kernel: cauchy
2024-02-29 19:43:53,875 | INFO | hilo.cauchy-kernel : Calculating Cauchy distribution (location: 0.0, scale 1.0)
2024-02-29 19:43:53,875 | INFO | hilo.cauchy-kernel : BOTTOM-RIGHT:
tensor([[0.0206, 0.0350, 0.0700],
        [0.0350, 0.0700, 0.1749],
        [0.0700, 0.1749, 0.3498]])
2024-02-29 19:43:53,875 | INFO | hilo.kernel-accessor : Fetching kernel: cauchy
2024-02-29 19:43:53,875 | INFO | hilo.cauchy-kernel : Calculating Cauchy distribution (location: 0.0, scale 1.0)
2024-02-29 19:43:53,875 | INFO | hilo.cauchy-kernel : BOTTOM-RIGHT:
tensor([[0.0206, 0.0350, 0.0700],
        [0.0350, 0.0700, 0.1749],
        [0.0700, 0.1749, 0.3498]])
2024-02-29 19:43:53,876 | INFO | hilo.kernel-accessor : Fetching kernel: cauchy
2024-02-29 19:43:53,876 | INFO | hilo.cauchy-kernel : Calculating Cauchy distribution (location: 0.0, scale 1.0)
2024-02-29 19:43:53,876 | INFO | hilo.cauchy-kernel : STATIC:
tensor([[0.3498, 0.1749, 0.0700],
        [0.1749, 0.0700, 0.0350],
        [0.0700, 0.0350, 0.0206]])
2024-02-29 19:45:15,403 | INFO | hilo : Epoch   1/200 | Accuracy:  36.9792 | Loss:   1.6544
2024-02-29 19:45:15,403 | INFO | hilo.kernel-accessor : Fetching kernel: cauchy
2024-02-29 19:45:15,403 | INFO | hilo.cauchy-kernel : Calculating Cauchy distribution (location: -0.005218455567955971, scale 0.5426839590072632)
2024-02-29 19:45:15,404 | INFO | hilo.cauchy-kernel : STATIC:
tensor([[0.5756, 0.1299, 0.0393],
        [0.1299, 0.0393, 0.0182],
        [0.0393, 0.0182, 0.0104]])
2024-02-29 19:45:15,404 | INFO | hilo.kernel-accessor : Fetching kernel: cauchy
2024-02-29 19:45:15,405 | INFO | hilo.cauchy-kernel : Calculating Cauchy distribution (location: -0.29784029722213745, scale 1.7739332914352417)
2024-02-29 19:45:15,405 | INFO | hilo.cauchy-kernel : STATIC:
tensor([[0.2438, 0.1632, 0.0936],
        [0.1632, 0.0936, 0.0562],
        [0.0936, 0.0562, 0.0365]])
2024-02-29 19:45:15,405 | INFO | hilo.kernel-accessor : Fetching kernel: cauchy
2024-02-29 19:45:15,406 | INFO | hilo.cauchy-kernel : Calculating Cauchy distribution (location: -0.19385677576065063, scale 1.562891960144043)
2024-02-29 19:45:15,406 | INFO | hilo.cauchy-kernel : BOTTOM-RIGHT:
tensor([[0.0324, 0.0513, 0.0894],
        [0.0513, 0.0894, 0.1677],
        [0.0894, 0.1677, 0.2615]])
2024-02-29 19:45:15,406 | INFO | hilo.kernel-accessor : Fetching kernel: cauchy
2024-02-29 19:45:15,407 | INFO | hilo.cauchy-kernel : Calculating Cauchy distribution (location: -0.14491619169712067, scale 1.5035592317581177)
2024-02-29 19:45:15,407 | INFO | hilo.cauchy-kernel : STATIC:
tensor([[0.2654, 0.1695, 0.0882],
        [0.1695, 0.0882, 0.0498],
        [0.0882, 0.0498, 0.0311]])
2024-02-29 19:45:15,407 | INFO | hilo.kernel-accessor : Fetching kernel: cauchy
2024-02-29 19:45:15,408 | INFO | hilo.cauchy-kernel : Calculating Cauchy distribution (location: -0.14657777547836304, scale 1.7574366331100464)
2024-02-29 19:45:15,408 | INFO | hilo.cauchy-kernel : BOTTOM-RIGHT:
tensor([[0.0360, 0.0562, 0.0949],
        [0.0562, 0.0949, 0.1659],
        [0.0949, 0.1659, 0.2349]])
2024-02-29 19:45:15,408 | INFO | hilo.kernel-accessor : Fetching kernel: cauchy
2024-02-29 19:45:15,409 | INFO | hilo.cauchy-kernel : Calculating Cauchy distribution (location: -0.14596188068389893, scale 1.249922513961792)
2024-02-29 19:45:15,409 | INFO | hilo.cauchy-kernel : BOTTOM-RIGHT:
tensor([[0.0261, 0.0428, 0.0794],
        [0.0428, 0.0794, 0.1704],
        [0.0794, 0.1704, 0.3094]])
2024-02-29 19:45:15,409 | INFO | hilo.kernel-accessor : Fetching kernel: cauchy
2024-02-29 19:45:15,410 | INFO | hilo.cauchy-kernel : Calculating Cauchy distribution (location: -0.1994936615228653, scale 1.6924254894256592)
2024-02-29 19:45:15,410 | INFO | hilo.cauchy-kernel : BOTTOM-LEFT:
tensor([[0.0927, 0.0545, 0.0348],
        [0.1660, 0.0927, 0.0545],
        [0.2459, 0.1660, 0.0927]])
2024-02-29 19:45:15,410 | INFO | hilo.kernel-accessor : Fetching kernel: cauchy
2024-02-29 19:45:15,411 | INFO | hilo.cauchy-kernel : Calculating Cauchy distribution (location: -0.09014022350311279, scale 1.7982409000396729)
2024-02-29 19:45:15,411 | INFO | hilo.cauchy-kernel : STATIC:
tensor([[0.2265, 0.1660, 0.0966],
        [0.1660, 0.0966, 0.0574],
        [0.0966, 0.0574, 0.0368]])
2024-02-29 19:45:15,411 | INFO | hilo.kernel-accessor : Fetching kernel: cauchy
2024-02-29 19:45:15,412 | INFO | hilo.cauchy-kernel : Calculating Cauchy distribution (location: 0.020589260384440422, scale 1.9759764671325684)
2024-02-29 19:45:15,412 | INFO | hilo.cauchy-kernel : BOTTOM-LEFT:
tensor([[0.1016, 0.0622, 0.0403],
        [0.1634, 0.1016, 0.0622],
        [0.2036, 0.1634, 0.1016]])
2024-02-29 19:45:15,412 | INFO | hilo.kernel-accessor : Fetching kernel: cauchy
2024-02-29 19:45:15,413 | INFO | hilo.cauchy-kernel : Calculating Cauchy distribution (location: 0.0544423833489418, scale 1.7038013935089111)
2024-02-29 19:45:15,413 | INFO | hilo.cauchy-kernel : BOTTOM-LEFT:
tensor([[0.0967, 0.0559, 0.0350],
        [0.1703, 0.0967, 0.0559],
        [0.2226, 0.1703, 0.0967]])
2024-02-29 19:45:15,413 | INFO | hilo.kernel-accessor : Fetching kernel: cauchy
2024-02-29 19:45:15,414 | INFO | hilo.cauchy-kernel : Calculating Cauchy distribution (location: -0.07696971297264099, scale 2.21921968460083)
2024-02-29 19:45:15,414 | INFO | hilo.cauchy-kernel : STATIC:
tensor([[0.1947, 0.1578, 0.1039],
        [0.1578, 0.1039, 0.0667],
        [0.1039, 0.0667, 0.0446]])
2024-02-29 19:45:15,414 | INFO | hilo.kernel-accessor : Fetching kernel: cauchy
2024-02-29 19:45:15,415 | INFO | hilo.cauchy-kernel : Calculating Cauchy distribution (location: 0.04555681347846985, scale 2.661799669265747)
2024-02-29 19:45:15,415 | INFO | hilo.cauchy-kernel : STATIC:
tensor([[0.1686, 0.1495, 0.1096],
        [0.1495, 0.1096, 0.0756],
        [0.1096, 0.0756, 0.0526]])
2024-02-29 19:45:15,416 | INFO | hilo.kernel-accessor : Fetching kernel: cauchy
2024-02-29 19:45:15,416 | INFO | hilo.cauchy-kernel : Calculating Cauchy distribution (location: -0.07774972915649414, scale 2.9818854331970215)
2024-02-29 19:45:15,416 | INFO | hilo.cauchy-kernel : BOTTOM-LEFT:
tensor([[0.1103, 0.0793, 0.0571],
        [0.1449, 0.1103, 0.0793],
        [0.1637, 0.1449, 0.1103]])
2024-02-29 19:45:15,417 | INFO | hilo.kernel-accessor : Fetching kernel: cauchy
2024-02-29 19:45:15,417 | INFO | hilo.cauchy-kernel : Calculating Cauchy distribution (location: -0.01721765473484993, scale 2.2039928436279297)
2024-02-29 19:45:15,417 | INFO | hilo.cauchy-kernel : BOTTOM-RIGHT:
tensor([[0.0444, 0.0668, 0.1045],
        [0.0668, 0.1045, 0.1583],
        [0.1045, 0.1583, 0.1920]])
2024-02-29 19:45:15,418 | INFO | hilo.kernel-accessor : Fetching kernel: cauchy
2024-02-29 19:45:15,418 | INFO | hilo.cauchy-kernel : Calculating Cauchy distribution (location: 0.168821781873703, scale 2.809293508529663)
2024-02-29 19:45:15,418 | INFO | hilo.cauchy-kernel : BOTTOM-RIGHT:
tensor([[0.0557, 0.0790, 0.1117],
        [0.0790, 0.1117, 0.1464],
        [0.1117, 0.1464, 0.1586]])
2024-02-29 19:45:15,419 | INFO | hilo.kernel-accessor : Fetching kernel: cauchy
2024-02-29 19:45:15,419 | INFO | hilo.cauchy-kernel : Calculating Cauchy distribution (location: 0.10791042447090149, scale 4.524738788604736)
2024-02-29 19:45:15,419 | INFO | hilo.cauchy-kernel : STATIC:
tensor([[0.1337, 0.1288, 0.1139],
        [0.1288, 0.1139, 0.0950],
        [0.1139, 0.0950, 0.0769]])
2024-02-29 19:45:15,420 | INFO | hilo.kernel-accessor : Fetching kernel: cauchy
2024-02-29 19:45:15,420 | INFO | hilo.cauchy-kernel : Calculating Cauchy distribution (location: -2.788789749145508, scale 8.54151439666748)
2024-02-29 19:45:15,421 | INFO | hilo.cauchy-kernel : BOTTOM-RIGHT:
tensor([[0.0896, 0.1002, 0.1112],
        [0.1002, 0.1112, 0.1221],
        [0.1112, 0.1221, 0.1321]])
2024-02-29 19:46:36,037 | INFO | hilo : Epoch   2/200 | Accuracy:  40.6250 | Loss:   1.5939
2024-02-29 19:46:36,037 | INFO | hilo.kernel-accessor : Fetching kernel: cauchy
2024-02-29 19:46:36,038 | INFO | hilo.cauchy-kernel : Calculating Cauchy distribution (location: -0.002661813050508499, scale 0.660161554813385)
2024-02-29 19:46:36,038 | INFO | hilo.cauchy-kernel : STATIC:
tensor([[0.4956, 0.1499, 0.0486],
        [0.1499, 0.0486, 0.0229],
        [0.0486, 0.0229, 0.0131]])
2024-02-29 19:46:36,038 | INFO | hilo.kernel-accessor : Fetching kernel: cauchy
2024-02-29 19:46:36,038 | INFO | hilo.cauchy-kernel : Calculating Cauchy distribution (location: -0.45337608456611633, scale 1.5879037380218506)
2024-02-29 19:46:36,039 | INFO | hilo.cauchy-kernel : BOTTOM-LEFT:
tensor([[0.0879, 0.0519, 0.0336],
        [0.1619, 0.0879, 0.0519],
        [0.2751, 0.1619, 0.0879]])
2024-02-29 19:46:36,039 | INFO | hilo.kernel-accessor : Fetching kernel: cauchy
2024-02-29 19:46:36,039 | INFO | hilo.cauchy-kernel : Calculating Cauchy distribution (location: -0.2434685379266739, scale 1.2617607116699219)
2024-02-29 19:46:36,039 | INFO | hilo.cauchy-kernel : BOTTOM-LEFT:
tensor([[0.0789, 0.0432, 0.0267],
        [0.1667, 0.0789, 0.0432],
        [0.3168, 0.1667, 0.0789]])
2024-02-29 19:46:36,039 | INFO | hilo.kernel-accessor : Fetching kernel: cauchy
2024-02-29 19:46:36,040 | INFO | hilo.cauchy-kernel : Calculating Cauchy distribution (location: -0.12849929928779602, scale 1.2597196102142334)
2024-02-29 19:46:36,040 | INFO | hilo.cauchy-kernel : BOTTOM-LEFT:
tensor([[0.0800, 0.0430, 0.0263],
        [0.1711, 0.0800, 0.0430],
        [0.3053, 0.1711, 0.0800]])
2024-02-29 19:46:36,040 | INFO | hilo.kernel-accessor : Fetching kernel: cauchy
2024-02-29 19:46:36,040 | INFO | hilo.cauchy-kernel : Calculating Cauchy distribution (location: -0.05401883274316788, scale 1.366698980331421)
2024-02-29 19:46:36,040 | INFO | hilo.cauchy-kernel : STATIC:
tensor([[0.2767, 0.1738, 0.0850],
        [0.1738, 0.0850, 0.0462],
        [0.0850, 0.0462, 0.0283]])
2024-02-29 19:46:36,040 | INFO | hilo.kernel-accessor : Fetching kernel: cauchy
2024-02-29 19:46:36,041 | INFO | hilo.cauchy-kernel : Calculating Cauchy distribution (location: -0.11430352926254272, scale 0.9505742192268372)
2024-02-29 19:46:36,041 | INFO | hilo.cauchy-kernel : STATIC:
tensor([[0.3860, 0.1649, 0.0658],
        [0.1649, 0.0658, 0.0334],
        [0.0658, 0.0334, 0.0198]])
2024-02-29 19:46:36,041 | INFO | hilo.kernel-accessor : Fetching kernel: cauchy
2024-02-29 19:46:36,041 | INFO | hilo.cauchy-kernel : Calculating Cauchy distribution (location: -0.24532726407051086, scale 1.0633686780929565)
2024-02-29 19:46:36,041 | INFO | hilo.cauchy-kernel : BOTTOM-LEFT:
tensor([[0.0706, 0.0374, 0.0227],
        [0.1625, 0.0706, 0.0374],
        [0.3658, 0.1625, 0.0706]])
2024-02-29 19:46:36,041 | INFO | hilo.kernel-accessor : Fetching kernel: cauchy
2024-02-29 19:46:36,042 | INFO | hilo.cauchy-kernel : Calculating Cauchy distribution (location: -0.19530537724494934, scale 0.9721049666404724)
2024-02-29 19:46:36,042 | INFO | hilo.cauchy-kernel : STATIC:
tensor([[0.3892, 0.1612, 0.0664],
        [0.1612, 0.0664, 0.0343],
        [0.0664, 0.0343, 0.0206]])
2024-02-29 19:46:36,042 | INFO | hilo.kernel-accessor : Fetching kernel: cauchy
2024-02-29 19:46:36,042 | INFO | hilo.cauchy-kernel : Calculating Cauchy distribution (location: -0.16216325759887695, scale 0.9820162057876587)
2024-02-29 19:46:36,042 | INFO | hilo.cauchy-kernel : BOTTOM-RIGHT:
tensor([[0.0207, 0.0345, 0.0671],
        [0.0345, 0.0671, 0.1635],
        [0.0671, 0.1635, 0.3820]])
2024-02-29 19:46:36,043 | INFO | hilo.kernel-accessor : Fetching kernel: cauchy
2024-02-29 19:46:36,043 | INFO | hilo.cauchy-kernel : Calculating Cauchy distribution (location: -0.08030252158641815, scale 0.8472462296485901)
2024-02-29 19:46:36,043 | INFO | hilo.cauchy-kernel : STATIC:
tensor([[0.4197, 0.1613, 0.0602],
        [0.1613, 0.0602, 0.0298],
        [0.0602, 0.0298, 0.0175]])
2024-02-29 19:46:36,043 | INFO | hilo.kernel-accessor : Fetching kernel: cauchy
2024-02-29 19:46:36,043 | INFO | hilo.cauchy-kernel : Calculating Cauchy distribution (location: -0.19340869784355164, scale 1.0212019681930542)
2024-02-29 19:46:36,043 | INFO | hilo.cauchy-kernel : BOTTOM-LEFT:
tensor([[0.0689, 0.0359, 0.0216],
        [0.1634, 0.0689, 0.0359],
        [0.3732, 0.1634, 0.0689]])
2024-02-29 19:46:36,044 | INFO | hilo.kernel-accessor : Fetching kernel: cauchy
2024-02-29 19:46:36,044 | INFO | hilo.cauchy-kernel : Calculating Cauchy distribution (location: -0.06970307230949402, scale 1.0911564826965332)
2024-02-29 19:46:36,044 | INFO | hilo.cauchy-kernel : BOTTOM-LEFT:
tensor([[0.0735, 0.0379, 0.0227],
        [0.1723, 0.0735, 0.0379],
        [0.3365, 0.1723, 0.0735]])
2024-02-29 19:46:36,044 | INFO | hilo.kernel-accessor : Fetching kernel: cauchy
2024-02-29 19:46:36,044 | INFO | hilo.cauchy-kernel : Calculating Cauchy distribution (location: -0.056335512548685074, scale 1.1323319673538208)
2024-02-29 19:46:36,045 | INFO | hilo.cauchy-kernel : STATIC:
tensor([[0.3240, 0.1737, 0.0756],
        [0.1737, 0.0756, 0.0392],
        [0.0756, 0.0392, 0.0235]])
2024-02-29 19:46:36,045 | INFO | hilo.kernel-accessor : Fetching kernel: cauchy
2024-02-29 19:46:36,045 | INFO | hilo.cauchy-kernel : Calculating Cauchy distribution (location: 0.021516207605600357, scale 0.8341845273971558)
2024-02-29 19:46:36,045 | INFO | hilo.cauchy-kernel : BOTTOM-LEFT:
tensor([[0.0608, 0.0293, 0.0170],
        [0.1696, 0.0608, 0.0293],
        [0.4027, 0.1696, 0.0608]])
2024-02-29 19:46:36,045 | INFO | hilo.kernel-accessor : Fetching kernel: cauchy
2024-02-29 19:46:36,045 | INFO | hilo.cauchy-kernel : Calculating Cauchy distribution (location: 0.06481809169054031, scale 1.0344542264938354)
2024-02-29 19:46:36,046 | INFO | hilo.cauchy-kernel : STATIC:
tensor([[0.3267, 0.1805, 0.0729],
        [0.1805, 0.0729, 0.0362],
        [0.0729, 0.0362, 0.0212]])
2024-02-29 19:46:36,046 | INFO | hilo.kernel-accessor : Fetching kernel: cauchy
2024-02-29 19:46:36,046 | INFO | hilo.cauchy-kernel : Calculating Cauchy distribution (location: -0.03365122526884079, scale 1.322855830192566)
2024-02-29 19:46:36,046 | INFO | hilo.cauchy-kernel : BOTTOM-RIGHT:
tensor([[0.0274, 0.0450, 0.0838],
        [0.0450, 0.0838, 0.1749],
        [0.0838, 0.1749, 0.2815]])
2024-02-29 19:46:36,046 | INFO | hilo.kernel-accessor : Fetching kernel: cauchy
2024-02-29 19:46:36,046 | INFO | hilo.cauchy-kernel : Calculating Cauchy distribution (location: -0.7311410903930664, scale 2.1703996658325195)
2024-02-29 19:46:36,047 | INFO | hilo.cauchy-kernel : BOTTOM-RIGHT:
tensor([[0.0439, 0.0638, 0.0977],
        [0.0638, 0.0977, 0.1543],
        [0.0977, 0.1543, 0.2267]])
2024-02-29 19:47:56,718 | INFO | hilo : Epoch   3/200 | Accuracy:  37.6748 | Loss:   1.8166
2024-02-29 19:47:56,719 | INFO | hilo.kernel-accessor : Fetching kernel: cauchy
2024-02-29 19:47:56,719 | INFO | hilo.cauchy-kernel : Calculating Cauchy distribution (location: -0.003966191317886114, scale 0.6988930106163025)
2024-02-29 19:47:56,719 | INFO | hilo.cauchy-kernel : BOTTOM-LEFT:
tensor([[0.0514, 0.0243, 0.0140],
        [0.1547, 0.0514, 0.0243],
        [0.4738, 0.1547, 0.0514]])
2024-02-29 19:47:56,720 | INFO | hilo.kernel-accessor : Fetching kernel: cauchy
2024-02-29 19:47:56,720 | INFO | hilo.cauchy-kernel : Calculating Cauchy distribution (location: -0.5071389675140381, scale 1.7305506467819214)
2024-02-29 19:47:56,720 | INFO | hilo.cauchy-kernel : STATIC:
tensor([[0.2597, 0.1604, 0.0910],
        [0.1604, 0.0910, 0.0552],
        [0.0910, 0.0552, 0.0362]])
2024-02-29 19:47:56,720 | INFO | hilo.kernel-accessor : Fetching kernel: cauchy
2024-02-29 19:47:56,720 | INFO | hilo.cauchy-kernel : Calculating Cauchy distribution (location: -0.3226372301578522, scale 1.1215955018997192)
2024-02-29 19:47:56,721 | INFO | hilo.cauchy-kernel : STATIC:
tensor([[0.3559, 0.1612, 0.0729],
        [0.1612, 0.0729, 0.0394],
        [0.0729, 0.0394, 0.0243]])
2024-02-29 19:47:56,721 | INFO | hilo.kernel-accessor : Fetching kernel: cauchy
2024-02-29 19:47:56,721 | INFO | hilo.cauchy-kernel : Calculating Cauchy distribution (location: -0.2071840763092041, scale 0.9467684626579285)
2024-02-29 19:47:56,721 | INFO | hilo.cauchy-kernel : BOTTOM-RIGHT:
tensor([[0.0202, 0.0335, 0.0650],
        [0.0335, 0.0650, 0.1593],
        [0.0650, 0.1593, 0.3992]])
2024-02-29 19:47:56,721 | INFO | hilo.kernel-accessor : Fetching kernel: cauchy
2024-02-29 19:47:56,721 | INFO | hilo.cauchy-kernel : Calculating Cauchy distribution (location: -0.13653621077537537, scale 0.9256018400192261)
2024-02-29 19:47:56,722 | INFO | hilo.cauchy-kernel : STATIC:
tensor([[0.3981, 0.1622, 0.0643],
        [0.1622, 0.0643, 0.0326],
        [0.0643, 0.0326, 0.0194]])
2024-02-29 19:47:56,722 | INFO | hilo.kernel-accessor : Fetching kernel: cauchy
2024-02-29 19:47:56,722 | INFO | hilo.cauchy-kernel : Calculating Cauchy distribution (location: -0.08276145160198212, scale 0.65097576379776)
2024-02-29 19:47:56,722 | INFO | hilo.cauchy-kernel : BOTTOM-RIGHT:
tensor([[0.0131, 0.0226, 0.0470],
        [0.0226, 0.0470, 0.1403],
        [0.0470, 0.1403, 0.5201]])
2024-02-29 19:47:56,722 | INFO | hilo.kernel-accessor : Fetching kernel: cauchy
2024-02-29 19:47:56,722 | INFO | hilo.cauchy-kernel : Calculating Cauchy distribution (location: -0.169077068567276, scale 0.7073096036911011)
2024-02-29 19:47:56,723 | INFO | hilo.cauchy-kernel : BOTTOM-LEFT:
tensor([[0.0508, 0.0251, 0.0148],
        [0.1415, 0.0508, 0.0251],
        [0.4997, 0.1415, 0.0508]])
2024-02-29 19:47:56,723 | INFO | hilo.kernel-accessor : Fetching kernel: cauchy
2024-02-29 19:47:56,723 | INFO | hilo.cauchy-kernel : Calculating Cauchy distribution (location: -0.1145491674542427, scale 0.6108536124229431)
2024-02-29 19:47:56,723 | INFO | hilo.cauchy-kernel : BOTTOM-RIGHT:
tensor([[0.0123, 0.0211, 0.0439],
        [0.0211, 0.0439, 0.1316],
        [0.0439, 0.1316, 0.5505]])
2024-02-29 19:47:56,723 | INFO | hilo.kernel-accessor : Fetching kernel: cauchy
2024-02-29 19:47:56,724 | INFO | hilo.cauchy-kernel : Calculating Cauchy distribution (location: -0.10487860441207886, scale 0.6392406225204468)
2024-02-29 19:47:56,724 | INFO | hilo.cauchy-kernel : STATIC:
tensor([[0.5311, 0.1368, 0.0461],
        [0.1368, 0.0461, 0.0222],
        [0.0461, 0.0222, 0.0129]])
2024-02-29 19:47:56,724 | INFO | hilo.kernel-accessor : Fetching kernel: cauchy
2024-02-29 19:47:56,724 | INFO | hilo.cauchy-kernel : Calculating Cauchy distribution (location: -0.052720390260219574, scale 0.5858539342880249)
2024-02-29 19:47:56,724 | INFO | hilo.cauchy-kernel : BOTTOM-RIGHT:
tensor([[0.0115, 0.0199, 0.0423],
        [0.0199, 0.0423, 0.1327],
        [0.0423, 0.1327, 0.5565]])
2024-02-29 19:47:56,724 | INFO | hilo.kernel-accessor : Fetching kernel: cauchy
2024-02-29 19:47:56,725 | INFO | hilo.cauchy-kernel : Calculating Cauchy distribution (location: -0.10432292520999908, scale 0.6666805744171143)
2024-02-29 19:47:56,725 | INFO | hilo.cauchy-kernel : STATIC:
tensor([[0.5143, 0.1407, 0.0481],
        [0.1407, 0.0481, 0.0232],
        [0.0481, 0.0232, 0.0135]])
2024-02-29 19:47:56,725 | INFO | hilo.kernel-accessor : Fetching kernel: cauchy
2024-02-29 19:47:56,725 | INFO | hilo.cauchy-kernel : Calculating Cauchy distribution (location: 0.0068609705194830894, scale 0.6862272024154663)
2024-02-29 19:47:56,725 | INFO | hilo.cauchy-kernel : BOTTOM-LEFT:
tensor([[0.0506, 0.0239, 0.0137],
        [0.1544, 0.0506, 0.0239],
        [0.4778, 0.1544, 0.0506]])
2024-02-29 19:47:56,726 | INFO | hilo.kernel-accessor : Fetching kernel: cauchy
2024-02-29 19:47:56,726 | INFO | hilo.cauchy-kernel : Calculating Cauchy distribution (location: 0.01331136841326952, scale 0.7445538640022278)
2024-02-29 19:47:56,726 | INFO | hilo.cauchy-kernel : STATIC:
tensor([[0.4452, 0.1616, 0.0548],
        [0.1616, 0.0548, 0.0261],
        [0.0548, 0.0261, 0.0150]])
2024-02-29 19:47:56,726 | INFO | hilo.kernel-accessor : Fetching kernel: cauchy
2024-02-29 19:47:56,726 | INFO | hilo.cauchy-kernel : Calculating Cauchy distribution (location: 0.041675105690956116, scale 0.551810085773468)
2024-02-29 19:47:56,727 | INFO | hilo.cauchy-kernel : BOTTOM-LEFT:
tensor([[0.0409, 0.0187, 0.0106],
        [0.1384, 0.0409, 0.0187],
        [0.5526, 0.1384, 0.0409]])
2024-02-29 19:47:56,727 | INFO | hilo.kernel-accessor : Fetching kernel: cauchy
2024-02-29 19:47:56,727 | INFO | hilo.cauchy-kernel : Calculating Cauchy distribution (location: 0.04761703312397003, scale 0.6147974133491516)
2024-02-29 19:47:56,727 | INFO | hilo.cauchy-kernel : BOTTOM-RIGHT:
tensor([[0.0121, 0.0212, 0.0460],
        [0.0212, 0.0460, 0.1501],
        [0.0460, 0.1501, 0.5072]])
2024-02-29 19:47:56,727 | INFO | hilo.kernel-accessor : Fetching kernel: cauchy
2024-02-29 19:47:56,727 | INFO | hilo.cauchy-kernel : Calculating Cauchy distribution (location: 0.0018588406965136528, scale 0.7334652543067932)
2024-02-29 19:47:56,728 | INFO | hilo.cauchy-kernel : BOTTOM-RIGHT:
tensor([[0.0148, 0.0256, 0.0539],
        [0.0256, 0.0539, 0.1592],
        [0.0539, 0.1592, 0.4539]])
2024-02-29 19:47:56,728 | INFO | hilo.kernel-accessor : Fetching kernel: cauchy
2024-02-29 19:47:56,728 | INFO | hilo.cauchy-kernel : Calculating Cauchy distribution (location: -0.4171903729438782, scale 1.302790641784668)
2024-02-29 19:47:56,728 | INFO | hilo.cauchy-kernel : BOTTOM-RIGHT:
tensor([[0.0283, 0.0448, 0.0795],
        [0.0448, 0.0795, 0.1617],
        [0.0795, 0.1617, 0.3202]])
2024-02-29 19:49:17,427 | INFO | hilo : Epoch   4/200 | Accuracy:  39.7222 | Loss:   1.3634
2024-02-29 19:49:17,428 | INFO | hilo.kernel-accessor : Fetching kernel: cauchy
2024-02-29 19:49:17,428 | INFO | hilo.cauchy-kernel : Calculating Cauchy distribution (location: 0.0020995228551328182, scale 0.7213766574859619)
2024-02-29 19:49:17,428 | INFO | hilo.cauchy-kernel : BOTTOM-LEFT:
tensor([[0.0531, 0.0252, 0.0145],
        [0.1579, 0.0531, 0.0252],
        [0.4601, 0.1579, 0.0531]])
2024-02-29 19:49:17,429 | INFO | hilo.kernel-accessor : Fetching kernel: cauchy
2024-02-29 19:49:17,429 | INFO | hilo.cauchy-kernel : Calculating Cauchy distribution (location: -0.7578939199447632, scale 2.1563820838928223)
2024-02-29 19:49:17,429 | INFO | hilo.cauchy-kernel : BOTTOM-LEFT:
tensor([[0.0974, 0.0636, 0.0437],
        [0.1542, 0.0974, 0.0636],
        [0.2285, 0.1542, 0.0974]])
2024-02-29 19:49:17,429 | INFO | hilo.kernel-accessor : Fetching kernel: cauchy
2024-02-29 19:49:17,429 | INFO | hilo.cauchy-kernel : Calculating Cauchy distribution (location: -0.46039432287216187, scale 1.2477580308914185)
2024-02-29 19:49:17,430 | INFO | hilo.cauchy-kernel : STATIC:
tensor([[0.3333, 0.1598, 0.0775],
        [0.1598, 0.0775, 0.0436],
        [0.0775, 0.0436, 0.0275]])
2024-02-29 19:49:17,430 | INFO | hilo.kernel-accessor : Fetching kernel: cauchy
2024-02-29 19:49:17,430 | INFO | hilo.cauchy-kernel : Calculating Cauchy distribution (location: -0.18597477674484253, scale 0.9014973044395447)
2024-02-29 19:49:17,430 | INFO | hilo.cauchy-kernel : BOTTOM-RIGHT:
tensor([[0.0191, 0.0319, 0.0626],
        [0.0319, 0.0626, 0.1578],
        [0.0626, 0.1578, 0.4134]])
2024-02-29 19:49:17,430 | INFO | hilo.kernel-accessor : Fetching kernel: cauchy
2024-02-29 19:49:17,430 | INFO | hilo.cauchy-kernel : Calculating Cauchy distribution (location: -0.041032515466213226, scale 0.8667605519294739)
2024-02-29 19:49:17,431 | INFO | hilo.cauchy-kernel : STATIC:
tensor([[0.4041, 0.1658, 0.0619],
        [0.1658, 0.0619, 0.0304],
        [0.0619, 0.0304, 0.0178]])
2024-02-29 19:49:17,431 | INFO | hilo.kernel-accessor : Fetching kernel: cauchy
2024-02-29 19:49:17,431 | INFO | hilo.cauchy-kernel : Calculating Cauchy distribution (location: -0.03259357437491417, scale 0.6996785402297974)
2024-02-29 19:49:17,431 | INFO | hilo.cauchy-kernel : BOTTOM-LEFT:
tensor([[0.0510, 0.0244, 0.0141],
        [0.1516, 0.0510, 0.0244],
        [0.4808, 0.1516, 0.0510]])
2024-02-29 19:49:17,431 | INFO | hilo.kernel-accessor : Fetching kernel: cauchy
2024-02-29 19:49:17,431 | INFO | hilo.cauchy-kernel : Calculating Cauchy distribution (location: -0.16482864320278168, scale 0.6802590489387512)
2024-02-29 19:49:17,432 | INFO | hilo.cauchy-kernel : STATIC:
tensor([[0.5142, 0.1384, 0.0489],
        [0.1384, 0.0489, 0.0240],
        [0.0489, 0.0240, 0.0141]])
2024-02-29 19:49:17,432 | INFO | hilo.kernel-accessor : Fetching kernel: cauchy
2024-02-29 19:49:17,432 | INFO | hilo.cauchy-kernel : Calculating Cauchy distribution (location: -0.05559311807155609, scale 0.5625125169754028)
2024-02-29 19:49:17,432 | INFO | hilo.cauchy-kernel : STATIC:
tensor([[0.5737, 0.1281, 0.0404],
        [0.1281, 0.0404, 0.0190],
        [0.0404, 0.0190, 0.0109]])
2024-02-29 19:49:17,432 | INFO | hilo.kernel-accessor : Fetching kernel: cauchy
2024-02-29 19:49:17,432 | INFO | hilo.cauchy-kernel : Calculating Cauchy distribution (location: -0.08323673903942108, scale 0.6015528440475464)
2024-02-29 19:49:17,433 | INFO | hilo.cauchy-kernel : BOTTOM-LEFT:
tensor([[0.0433, 0.0206, 0.0119],
        [0.1326, 0.0433, 0.0206],
        [0.5518, 0.1326, 0.0433]])
2024-02-29 19:49:17,433 | INFO | hilo.kernel-accessor : Fetching kernel: cauchy
2024-02-29 19:49:17,433 | INFO | hilo.cauchy-kernel : Calculating Cauchy distribution (location: -0.07524296641349792, scale 0.551214873790741)
2024-02-29 19:49:17,433 | INFO | hilo.cauchy-kernel : BOTTOM-LEFT:
tensor([[0.0393, 0.0186, 0.0107],
        [0.1242, 0.0393, 0.0186],
        [0.5858, 0.1242, 0.0393]])
2024-02-29 19:49:17,433 | INFO | hilo.kernel-accessor : Fetching kernel: cauchy
2024-02-29 19:49:17,433 | INFO | hilo.cauchy-kernel : Calculating Cauchy distribution (location: -0.14420649409294128, scale 0.5303172469139099)
2024-02-29 19:49:17,434 | INFO | hilo.cauchy-kernel : BOTTOM-LEFT:
tensor([[0.0377, 0.0181, 0.0105],
        [0.1156, 0.0377, 0.0181],
        [0.6089, 0.1156, 0.0377]])
2024-02-29 19:49:17,434 | INFO | hilo.kernel-accessor : Fetching kernel: cauchy
2024-02-29 19:49:17,434 | INFO | hilo.cauchy-kernel : Calculating Cauchy distribution (location: 0.0015118246665224433, scale 0.5379853248596191)
2024-02-29 19:49:17,434 | INFO | hilo.cauchy-kernel : BOTTOM-LEFT:
tensor([[0.0390, 0.0180, 0.0103],
        [0.1298, 0.0390, 0.0180],
        [0.5771, 0.1298, 0.0390]])
2024-02-29 19:49:17,434 | INFO | hilo.kernel-accessor : Fetching kernel: cauchy
2024-02-29 19:49:17,434 | INFO | hilo.cauchy-kernel : Calculating Cauchy distribution (location: 0.03148121386766434, scale 0.5810938477516174)
2024-02-29 19:49:17,435 | INFO | hilo.cauchy-kernel : STATIC:
tensor([[0.5356, 0.1422, 0.0431],
        [0.1422, 0.0431, 0.0198],
        [0.0431, 0.0198, 0.0113]])
2024-02-29 19:49:17,435 | INFO | hilo.kernel-accessor : Fetching kernel: cauchy
2024-02-29 19:49:17,435 | INFO | hilo.cauchy-kernel : Calculating Cauchy distribution (location: 0.0331546813249588, scale 0.47336331009864807)
2024-02-29 19:49:17,435 | INFO | hilo.cauchy-kernel : BOTTOM-LEFT:
tensor([[0.0340, 0.0154, 0.0087],
        [0.1201, 0.0340, 0.0154],
        [0.6182, 0.1201, 0.0340]])
2024-02-29 19:49:17,435 | INFO | hilo.kernel-accessor : Fetching kernel: cauchy
2024-02-29 19:49:17,436 | INFO | hilo.cauchy-kernel : Calculating Cauchy distribution (location: 0.020072907209396362, scale 0.5117596387863159)
2024-02-29 19:49:17,436 | INFO | hilo.cauchy-kernel : STATIC:
tensor([[0.5913, 0.1269, 0.0371],
        [0.1269, 0.0371, 0.0170],
        [0.0371, 0.0170, 0.0096]])
2024-02-29 19:49:17,436 | INFO | hilo.kernel-accessor : Fetching kernel: cauchy
2024-02-29 19:49:17,436 | INFO | hilo.cauchy-kernel : Calculating Cauchy distribution (location: -0.002685751300305128, scale 0.5262031555175781)
2024-02-29 19:49:17,436 | INFO | hilo.cauchy-kernel : BOTTOM-RIGHT:
tensor([[0.0100, 0.0175, 0.0379],
        [0.0175, 0.0379, 0.1269],
        [0.0379, 0.1269, 0.5875]])
2024-02-29 19:49:17,436 | INFO | hilo.kernel-accessor : Fetching kernel: cauchy
2024-02-29 19:49:17,437 | INFO | hilo.cauchy-kernel : Calculating Cauchy distribution (location: 0.016670815646648407, scale 0.5950489044189453)
2024-02-29 19:49:17,437 | INFO | hilo.cauchy-kernel : STATIC:
tensor([[0.5311, 0.1425, 0.0439],
        [0.1425, 0.0439, 0.0203],
        [0.0439, 0.0203, 0.0116]])
2024-02-29 19:50:38,139 | INFO | hilo : Epoch   5/200 | Accuracy:  43.8854 | Loss:   1.3149
2024-02-29 19:50:38,140 | INFO | hilo.kernel-accessor : Fetching kernel: cauchy
2024-02-29 19:50:38,140 | INFO | hilo.cauchy-kernel : Calculating Cauchy distribution (location: -0.013753658160567284, scale 0.7354682683944702)
2024-02-29 19:50:38,141 | INFO | hilo.cauchy-kernel : BOTTOM-RIGHT:
tensor([[0.0149, 0.0257, 0.0538],
        [0.0257, 0.0538, 0.1577],
        [0.0538, 0.1577, 0.4570]])
2024-02-29 19:50:38,141 | INFO | hilo.kernel-accessor : Fetching kernel: cauchy
2024-02-29 19:50:38,141 | INFO | hilo.cauchy-kernel : Calculating Cauchy distribution (location: -0.7871261835098267, scale 2.403116464614868)
2024-02-29 19:50:38,141 | INFO | hilo.cauchy-kernel : BOTTOM-RIGHT:
tensor([[0.0474, 0.0676, 0.1004],
        [0.0676, 0.1004, 0.1517],
        [0.1004, 0.1517, 0.2127]])
2024-02-29 19:50:38,141 | INFO | hilo.kernel-accessor : Fetching kernel: cauchy
2024-02-29 19:50:38,141 | INFO | hilo.cauchy-kernel : Calculating Cauchy distribution (location: -0.6549638509750366, scale 1.5157217979431152)
2024-02-29 19:50:38,142 | INFO | hilo.cauchy-kernel : BOTTOM-RIGHT:
tensor([[0.0333, 0.0509, 0.0853],
        [0.0509, 0.0853, 0.1583],
        [0.0853, 0.1583, 0.2924]])
2024-02-29 19:50:38,142 | INFO | hilo.kernel-accessor : Fetching kernel: cauchy
2024-02-29 19:50:38,142 | INFO | hilo.cauchy-kernel : Calculating Cauchy distribution (location: -0.23104944825172424, scale 1.0105433464050293)
2024-02-29 19:50:38,142 | INFO | hilo.cauchy-kernel : BOTTOM-RIGHT:
tensor([[0.0216, 0.0357, 0.0681],
        [0.0357, 0.0681, 0.1611],
        [0.0681, 0.1611, 0.3804]])
2024-02-29 19:50:38,142 | INFO | hilo.kernel-accessor : Fetching kernel: cauchy
2024-02-29 19:50:38,142 | INFO | hilo.cauchy-kernel : Calculating Cauchy distribution (location: -0.09521189332008362, scale 0.9312921762466431)
2024-02-29 19:50:38,143 | INFO | hilo.cauchy-kernel : BOTTOM-RIGHT:
tensor([[0.0194, 0.0327, 0.0650],
        [0.0327, 0.0650, 0.1653],
        [0.0650, 0.1653, 0.3898]])
2024-02-29 19:50:38,143 | INFO | hilo.kernel-accessor : Fetching kernel: cauchy
2024-02-29 19:50:38,143 | INFO | hilo.cauchy-kernel : Calculating Cauchy distribution (location: -0.0754936933517456, scale 0.7254666686058044)
2024-02-29 19:50:38,143 | INFO | hilo.cauchy-kernel : BOTTOM-LEFT:
tensor([[0.0524, 0.0254, 0.0148],
        [0.1505, 0.0524, 0.0254],
        [0.4762, 0.1505, 0.0524]])
2024-02-29 19:50:38,143 | INFO | hilo.kernel-accessor : Fetching kernel: cauchy
2024-02-29 19:50:38,144 | INFO | hilo.cauchy-kernel : Calculating Cauchy distribution (location: -0.180056631565094, scale 0.6633310317993164)
2024-02-29 19:50:38,144 | INFO | hilo.cauchy-kernel : STATIC:
tensor([[0.5251, 0.1354, 0.0478],
        [0.1354, 0.0478, 0.0235],
        [0.0478, 0.0235, 0.0138]])
2024-02-29 19:50:38,144 | INFO | hilo.kernel-accessor : Fetching kernel: cauchy
2024-02-29 19:50:38,144 | INFO | hilo.cauchy-kernel : Calculating Cauchy distribution (location: -0.05566735565662384, scale 0.5320615172386169)
2024-02-29 19:50:38,144 | INFO | hilo.cauchy-kernel : STATIC:
tensor([[0.5965, 0.1221, 0.0379],
        [0.1221, 0.0379, 0.0177],
        [0.0379, 0.0177, 0.0102]])
2024-02-29 19:50:38,144 | INFO | hilo.kernel-accessor : Fetching kernel: cauchy
2024-02-29 19:50:38,145 | INFO | hilo.cauchy-kernel : Calculating Cauchy distribution (location: -0.09191851317882538, scale 0.6112864017486572)
2024-02-29 19:50:38,145 | INFO | hilo.cauchy-kernel : BOTTOM-RIGHT:
tensor([[0.0122, 0.0210, 0.0440],
        [0.0210, 0.0440, 0.1334],
        [0.0440, 0.1334, 0.5469]])
2024-02-29 19:50:38,145 | INFO | hilo.kernel-accessor : Fetching kernel: cauchy
2024-02-29 19:50:38,145 | INFO | hilo.cauchy-kernel : Calculating Cauchy distribution (location: -0.05970647558569908, scale 0.4727316200733185)
2024-02-29 19:50:38,145 | INFO | hilo.cauchy-kernel : BOTTOM-LEFT:
tensor([[0.0328, 0.0153, 0.0088],
        [0.1087, 0.0328, 0.0153],
        [0.6449, 0.1087, 0.0328]])
2024-02-29 19:50:38,146 | INFO | hilo.kernel-accessor : Fetching kernel: cauchy
2024-02-29 19:50:38,146 | INFO | hilo.cauchy-kernel : Calculating Cauchy distribution (location: -0.10084820538759232, scale 0.41534870862960815)
2024-02-29 19:50:38,146 | INFO | hilo.cauchy-kernel : STATIC:
tensor([[0.6986, 0.0922, 0.0278],
        [0.0922, 0.0278, 0.0130],
        [0.0278, 0.0130, 0.0075]])
2024-02-29 19:50:38,146 | INFO | hilo.kernel-accessor : Fetching kernel: cauchy
2024-02-29 19:50:38,146 | INFO | hilo.cauchy-kernel : Calculating Cauchy distribution (location: 0.01858539506793022, scale 0.3373638391494751)
2024-02-29 19:50:38,146 | INFO | hilo.cauchy-kernel : BOTTOM-LEFT:
tensor([[0.0213, 0.0095, 0.0054],
        [0.0797, 0.0213, 0.0095],
        [0.7523, 0.0797, 0.0213]])
2024-02-29 19:50:38,147 | INFO | hilo.kernel-accessor : Fetching kernel: cauchy
