2024-03-04 04:30:43,331 | INFO | hilo : 
+==============================================================+
|                                                              |
| ██████╗  █████╗ ██████╗ ██╗         ██╗      █████╗ ██████╗  |
| ██╔══██╗██╔══██╗██╔══██╗██║         ██║     ██╔══██╗██╔══██╗ |
| ██║  ██║███████║██║  ██║██║         ██║     ███████║██████╔╝ |
| ██║  ██║██╔══██║██║  ██║██║         ██║     ██╔══██║██╔══██╗ |
| ██████╔╝██║  ██║██████╔╝███████╗    ███████╗██║  ██║██████╔╝ |
| ╚═════╝ ╚═╝  ╚═╝╚═════╝ ╚══════╝    ╚══════╝╚═╝  ╚═╝╚═════╝  |
+==============================================================+
|             Hi-Lo Resolution Image Classification            |
|             -------------------------------------            |
|                       Gabriel C. Trahan                      |
|                          Sahan Ahmad                         |
|                       MD  Aminual Islam                      |
+==============================================================+
2024-03-04 04:30:44,914 | INFO | hilo.dataset-accessor : Fetching dataset: cifar10
2024-03-04 04:30:44,914 | INFO | hilo.cifar10-dataset : Initializing transform
2024-03-04 04:30:44,914 | INFO | hilo.cifar10-dataset : Verifying/downloading train data
2024-03-04 04:30:45,516 | INFO | hilo.cifar10-dataset : Verifying/downloading test data
2024-03-04 04:30:45,997 | INFO | hilo.cifar10-dataset : Creating train data loader.
2024-03-04 04:30:45,997 | INFO | hilo.cifar10-dataset : Creating test data loader.
2024-03-04 04:30:46,105 | INFO | hilo : Output directory: output/resnet/cifar10/gumbel/2/20240304_043044/
2024-03-04 04:30:47,093 | INFO | hilo : Using device: NVIDIA GeForce GTX 1060 6GB
2024-03-04 04:30:47,094 | INFO | hilo : Exeucting job: MODEL resnet | DATASET cifar10 | KERNEL gumbel | TYPE 2
2024-03-04 04:30:47,094 | INFO | hilo : Commencing training phase...
2024-03-04 04:30:47,094 | INFO | hilo.kernel-accessor : Fetching kernel: gumbel
2024-03-04 04:30:47,094 | INFO | hilo.gumbel-kernel : Calculating Gumbel distribution (location: 0.0, scale 1.0)
2024-03-04 04:30:47,095 | INFO | hilo.gumbel-kernel : TOP-RIGHT:
tensor([[2.0072e-04, 5.8259e-02, 8.8288e-01],
        [2.2609e-10, 2.0072e-04, 5.8259e-02],
        [8.5377e-26, 2.2609e-10, 2.0072e-04]])
2024-03-04 04:30:47,095 | INFO | hilo.kernel-accessor : Fetching kernel: gumbel
2024-03-04 04:30:47,095 | INFO | hilo.gumbel-kernel : Calculating Gumbel distribution (location: 0.0, scale 1.0)
2024-03-04 04:30:47,096 | INFO | hilo.gumbel-kernel : TOP-RIGHT:
tensor([[2.0072e-04, 5.8259e-02, 8.8288e-01],
        [2.2609e-10, 2.0072e-04, 5.8259e-02],
        [8.5377e-26, 2.2609e-10, 2.0072e-04]])
2024-03-04 04:30:47,096 | INFO | hilo.kernel-accessor : Fetching kernel: gumbel
2024-03-04 04:30:47,096 | INFO | hilo.gumbel-kernel : Calculating Gumbel distribution (location: 0.0, scale 1.0)
2024-03-04 04:30:47,096 | INFO | hilo.gumbel-kernel : BOTTOM-LEFT:
tensor([[2.0072e-04, 2.2609e-10, 8.5377e-26],
        [5.8259e-02, 2.0072e-04, 2.2609e-10],
        [8.8288e-01, 5.8259e-02, 2.0072e-04]])
2024-03-04 04:30:47,096 | INFO | hilo.kernel-accessor : Fetching kernel: gumbel
2024-03-04 04:30:47,096 | INFO | hilo.gumbel-kernel : Calculating Gumbel distribution (location: 0.0, scale 1.0)
2024-03-04 04:30:47,097 | INFO | hilo.gumbel-kernel : TOP-RIGHT:
tensor([[2.0072e-04, 5.8259e-02, 8.8288e-01],
        [2.2609e-10, 2.0072e-04, 5.8259e-02],
        [8.5377e-26, 2.2609e-10, 2.0072e-04]])
2024-03-04 04:30:47,097 | INFO | hilo.kernel-accessor : Fetching kernel: gumbel
2024-03-04 04:30:47,097 | INFO | hilo.gumbel-kernel : Calculating Gumbel distribution (location: 0.0, scale 1.0)
2024-03-04 04:30:47,097 | INFO | hilo.gumbel-kernel : TOP-RIGHT:
tensor([[2.0072e-04, 5.8259e-02, 8.8288e-01],
        [2.2609e-10, 2.0072e-04, 5.8259e-02],
        [8.5377e-26, 2.2609e-10, 2.0072e-04]])
2024-03-04 04:30:47,097 | INFO | hilo.kernel-accessor : Fetching kernel: gumbel
2024-03-04 04:30:47,098 | INFO | hilo.gumbel-kernel : Calculating Gumbel distribution (location: 0.0, scale 1.0)
2024-03-04 04:30:47,098 | INFO | hilo.gumbel-kernel : BOTTOM-LEFT:
tensor([[2.0072e-04, 2.2609e-10, 8.5377e-26],
        [5.8259e-02, 2.0072e-04, 2.2609e-10],
        [8.8288e-01, 5.8259e-02, 2.0072e-04]])
2024-03-04 04:30:47,098 | INFO | hilo.kernel-accessor : Fetching kernel: gumbel
2024-03-04 04:30:47,098 | INFO | hilo.gumbel-kernel : Calculating Gumbel distribution (location: 0.0, scale 1.0)
2024-03-04 04:30:47,098 | INFO | hilo.gumbel-kernel : TOP-RIGHT:
tensor([[2.0072e-04, 5.8259e-02, 8.8288e-01],
        [2.2609e-10, 2.0072e-04, 5.8259e-02],
        [8.5377e-26, 2.2609e-10, 2.0072e-04]])
2024-03-04 04:30:47,098 | INFO | hilo.kernel-accessor : Fetching kernel: gumbel
2024-03-04 04:30:47,099 | INFO | hilo.gumbel-kernel : Calculating Gumbel distribution (location: 0.0, scale 1.0)
2024-03-04 04:30:47,099 | INFO | hilo.gumbel-kernel : TOP-RIGHT:
tensor([[2.0072e-04, 5.8259e-02, 8.8288e-01],
        [2.2609e-10, 2.0072e-04, 5.8259e-02],
        [8.5377e-26, 2.2609e-10, 2.0072e-04]])
2024-03-04 04:30:47,099 | INFO | hilo.kernel-accessor : Fetching kernel: gumbel
2024-03-04 04:30:47,099 | INFO | hilo.gumbel-kernel : Calculating Gumbel distribution (location: 0.0, scale 1.0)
2024-03-04 04:30:47,099 | INFO | hilo.gumbel-kernel : TOP-RIGHT:
tensor([[2.0072e-04, 5.8259e-02, 8.8288e-01],
        [2.2609e-10, 2.0072e-04, 5.8259e-02],
        [8.5377e-26, 2.2609e-10, 2.0072e-04]])
2024-03-04 04:30:47,100 | INFO | hilo.kernel-accessor : Fetching kernel: gumbel
2024-03-04 04:30:47,100 | INFO | hilo.gumbel-kernel : Calculating Gumbel distribution (location: 0.0, scale 1.0)
2024-03-04 04:30:47,100 | INFO | hilo.gumbel-kernel : TOP-RIGHT:
tensor([[2.0072e-04, 5.8259e-02, 8.8288e-01],
        [2.2609e-10, 2.0072e-04, 5.8259e-02],
        [8.5377e-26, 2.2609e-10, 2.0072e-04]])
2024-03-04 04:30:47,100 | INFO | hilo.kernel-accessor : Fetching kernel: gumbel
2024-03-04 04:30:47,100 | INFO | hilo.gumbel-kernel : Calculating Gumbel distribution (location: 0.0, scale 1.0)
2024-03-04 04:30:47,101 | INFO | hilo.gumbel-kernel : BOTTOM-LEFT:
tensor([[2.0072e-04, 2.2609e-10, 8.5377e-26],
        [5.8259e-02, 2.0072e-04, 2.2609e-10],
        [8.8288e-01, 5.8259e-02, 2.0072e-04]])
2024-03-04 04:30:47,101 | INFO | hilo.kernel-accessor : Fetching kernel: gumbel
2024-03-04 04:30:47,101 | INFO | hilo.gumbel-kernel : Calculating Gumbel distribution (location: 0.0, scale 1.0)
2024-03-04 04:30:47,101 | INFO | hilo.gumbel-kernel : TOP-RIGHT:
tensor([[2.0072e-04, 5.8259e-02, 8.8288e-01],
        [2.2609e-10, 2.0072e-04, 5.8259e-02],
        [8.5377e-26, 2.2609e-10, 2.0072e-04]])
2024-03-04 04:30:47,101 | INFO | hilo.kernel-accessor : Fetching kernel: gumbel
2024-03-04 04:30:47,101 | INFO | hilo.gumbel-kernel : Calculating Gumbel distribution (location: 0.0, scale 1.0)
2024-03-04 04:30:47,102 | INFO | hilo.gumbel-kernel : TOP-RIGHT:
tensor([[2.0072e-04, 5.8259e-02, 8.8288e-01],
        [2.2609e-10, 2.0072e-04, 5.8259e-02],
        [8.5377e-26, 2.2609e-10, 2.0072e-04]])
2024-03-04 04:30:47,102 | INFO | hilo.kernel-accessor : Fetching kernel: gumbel
2024-03-04 04:30:47,102 | INFO | hilo.gumbel-kernel : Calculating Gumbel distribution (location: 0.0, scale 1.0)
2024-03-04 04:30:47,102 | INFO | hilo.gumbel-kernel : TOP-RIGHT:
tensor([[2.0072e-04, 5.8259e-02, 8.8288e-01],
        [2.2609e-10, 2.0072e-04, 5.8259e-02],
        [8.5377e-26, 2.2609e-10, 2.0072e-04]])
2024-03-04 04:30:47,102 | INFO | hilo.kernel-accessor : Fetching kernel: gumbel
2024-03-04 04:30:47,102 | INFO | hilo.gumbel-kernel : Calculating Gumbel distribution (location: 0.0, scale 1.0)
2024-03-04 04:30:47,103 | INFO | hilo.gumbel-kernel : BOTTOM-LEFT:
tensor([[2.0072e-04, 2.2609e-10, 8.5377e-26],
        [5.8259e-02, 2.0072e-04, 2.2609e-10],
        [8.8288e-01, 5.8259e-02, 2.0072e-04]])
2024-03-04 04:30:47,103 | INFO | hilo.kernel-accessor : Fetching kernel: gumbel
2024-03-04 04:30:47,103 | INFO | hilo.gumbel-kernel : Calculating Gumbel distribution (location: 0.0, scale 1.0)
2024-03-04 04:30:47,103 | INFO | hilo.gumbel-kernel : TOP-RIGHT:
tensor([[2.0072e-04, 5.8259e-02, 8.8288e-01],
        [2.2609e-10, 2.0072e-04, 5.8259e-02],
        [8.5377e-26, 2.2609e-10, 2.0072e-04]])
2024-03-04 04:30:47,103 | INFO | hilo.kernel-accessor : Fetching kernel: gumbel
2024-03-04 04:30:47,103 | INFO | hilo.gumbel-kernel : Calculating Gumbel distribution (location: 0.0, scale 1.0)
2024-03-04 04:30:47,104 | INFO | hilo.gumbel-kernel : BOTTOM-LEFT:
tensor([[2.0072e-04, 2.2609e-10, 8.5377e-26],
        [5.8259e-02, 2.0072e-04, 2.2609e-10],
        [8.8288e-01, 5.8259e-02, 2.0072e-04]])
2024-03-04 04:32:08,814 | INFO | hilo : Epoch   1/200 | Accuracy:  42.1875 | Loss:   1.6144
2024-03-04 04:32:08,815 | INFO | hilo.kernel-accessor : Fetching kernel: gumbel
2024-03-04 04:32:08,815 | INFO | hilo.gumbel-kernel : Calculating Gumbel distribution (location: -0.007411525584757328, scale 0.6163327097892761)
2024-03-04 04:32:08,816 | INFO | hilo.gumbel-kernel : TOP-RIGHT:
tensor([[4.1390e-13, 3.0478e-03, 9.9390e-01],
        [0.0000e+00, 4.1390e-13, 3.0478e-03],
        [0.0000e+00, 0.0000e+00, 4.1390e-13]])
2024-03-04 04:32:08,816 | INFO | hilo.kernel-accessor : Fetching kernel: gumbel
2024-03-04 04:32:08,817 | INFO | hilo.gumbel-kernel : Calculating Gumbel distribution (location: -0.3491610288619995, scale 1.873831868171692)
2024-03-04 04:32:08,817 | INFO | hilo.gumbel-kernel : BOTTOM-LEFT:
tensor([[1.4502e-02, 4.3357e-04, 1.5892e-06],
        [1.4166e-01, 1.4502e-02, 4.3357e-04],
        [6.7231e-01, 1.4166e-01, 1.4502e-02]])
2024-03-04 04:32:08,817 | INFO | hilo.kernel-accessor : Fetching kernel: gumbel
2024-03-04 04:32:08,818 | INFO | hilo.gumbel-kernel : Calculating Gumbel distribution (location: -0.474642813205719, scale 1.6505541801452637)
2024-03-04 04:32:08,818 | INFO | hilo.gumbel-kernel : TOP-RIGHT:
tensor([[3.5617e-03, 9.8404e-02, 7.9248e-01],
        [1.3459e-05, 3.5617e-03, 9.8404e-02],
        [8.0895e-10, 1.3459e-05, 3.5617e-03]])
2024-03-04 04:32:08,818 | INFO | hilo.kernel-accessor : Fetching kernel: gumbel
2024-03-04 04:32:08,819 | INFO | hilo.gumbel-kernel : Calculating Gumbel distribution (location: -0.42086470127105713, scale 1.4661027193069458)
2024-03-04 04:32:08,819 | INFO | hilo.gumbel-kernel : TOP-RIGHT:
tensor([[1.2272e-03, 7.5308e-02, 8.4570e-01],
        [6.9522e-07, 1.2272e-03, 7.5308e-02],
        [5.1252e-13, 6.9522e-07, 1.2272e-03]])
2024-03-04 04:32:08,819 | INFO | hilo.kernel-accessor : Fetching kernel: gumbel
2024-03-04 04:32:08,820 | INFO | hilo.gumbel-kernel : Calculating Gumbel distribution (location: -0.04737349972128868, scale 1.4119576215744019)
2024-03-04 04:32:08,820 | INFO | hilo.gumbel-kernel : TOP-RIGHT:
tensor([[6.3571e-03, 1.2092e-01, 7.3902e-01],
        [3.3326e-05, 6.3571e-03, 1.2092e-01],
        [1.6197e-09, 3.3326e-05, 6.3571e-03]])
2024-03-04 04:32:08,821 | INFO | hilo.kernel-accessor : Fetching kernel: gumbel
2024-03-04 04:32:08,821 | INFO | hilo.gumbel-kernel : Calculating Gumbel distribution (location: -0.04314790666103363, scale 1.151123285293579)
2024-03-04 04:32:08,821 | INFO | hilo.gumbel-kernel : BOTTOM-LEFT:
tensor([[9.4863e-04, 8.2913e-08, 5.8336e-17],
        [7.9176e-02, 9.4863e-04, 8.2913e-08],
        [8.3880e-01, 7.9176e-02, 9.4863e-04]])
2024-03-04 04:32:08,822 | INFO | hilo.kernel-accessor : Fetching kernel: gumbel
2024-03-04 04:32:08,822 | INFO | hilo.gumbel-kernel : Calculating Gumbel distribution (location: -0.2805592715740204, scale 1.433132529258728)
2024-03-04 04:32:08,823 | INFO | hilo.gumbel-kernel : BOTTOM-LEFT:
tensor([[2.2498e-03, 2.7007e-06, 7.3940e-12],
        [9.0776e-02, 2.2498e-03, 2.7007e-06],
        [8.1169e-01, 9.0776e-02, 2.2498e-03]])
2024-03-04 04:32:08,823 | INFO | hilo.kernel-accessor : Fetching kernel: gumbel
2024-03-04 04:32:08,823 | INFO | hilo.gumbel-kernel : Calculating Gumbel distribution (location: -0.2753857970237732, scale 1.2978761196136475)
2024-03-04 04:32:08,824 | INFO | hilo.gumbel-kernel : TOP-RIGHT:
tensor([[6.7720e-04, 6.7693e-02, 8.6258e-01],
        [7.9045e-08, 6.7720e-04, 6.7693e-02],
        [6.1394e-16, 7.9045e-08, 6.7720e-04]])
2024-03-04 04:32:08,824 | INFO | hilo.kernel-accessor : Fetching kernel: gumbel
2024-03-04 04:32:08,824 | INFO | hilo.gumbel-kernel : Calculating Gumbel distribution (location: -0.1566869616508484, scale 1.3677611351013184)
2024-03-04 04:32:08,825 | INFO | hilo.gumbel-kernel : BOTTOM-LEFT:
tensor([[2.8455e-03, 3.9567e-06, 1.0108e-11],
        [9.8630e-02, 2.8455e-03, 3.9567e-06],
        [7.9420e-01, 9.8630e-02, 2.8455e-03]])
2024-03-04 04:32:08,825 | INFO | hilo.kernel-accessor : Fetching kernel: gumbel
2024-03-04 04:32:08,825 | INFO | hilo.gumbel-kernel : Calculating Gumbel distribution (location: -0.06708933413028717, scale 1.057074785232544)
2024-03-04 04:32:08,826 | INFO | hilo.gumbel-kernel : BOTTOM-LEFT:
tensor([[2.2267e-04, 6.0898e-10, 1.2726e-23],
        [5.7419e-02, 2.2267e-04, 6.0898e-10],
        [8.8449e-01, 5.7419e-02, 2.2267e-04]])
2024-03-04 04:32:08,826 | INFO | hilo.kernel-accessor : Fetching kernel: gumbel
2024-03-04 04:32:08,826 | INFO | hilo.gumbel-kernel : Calculating Gumbel distribution (location: -0.26330095529556274, scale 1.3084489107131958)
2024-03-04 04:32:08,827 | INFO | hilo.gumbel-kernel : TOP-RIGHT:
tensor([[8.3616e-04, 7.1536e-02, 8.5442e-01],
        [1.4250e-07, 8.3616e-04, 7.1536e-02],
        [2.7684e-15, 1.4250e-07, 8.3616e-04]])
2024-03-04 04:32:08,827 | INFO | hilo.kernel-accessor : Fetching kernel: gumbel
2024-03-04 04:32:08,827 | INFO | hilo.gumbel-kernel : Calculating Gumbel distribution (location: -0.15219596028327942, scale 1.2118431329727173)
2024-03-04 04:32:08,828 | INFO | hilo.gumbel-kernel : TOP-RIGHT:
tensor([[7.3244e-04, 7.1962e-02, 8.5388e-01],
        [5.9869e-08, 7.3244e-04, 7.1962e-02],
        [8.0842e-17, 5.9869e-08, 7.3244e-04]])
2024-03-04 04:32:08,828 | INFO | hilo.kernel-accessor : Fetching kernel: gumbel
2024-03-04 04:32:08,828 | INFO | hilo.gumbel-kernel : Calculating Gumbel distribution (location: -0.11268685758113861, scale 1.2701166868209839)
2024-03-04 04:32:08,829 | INFO | hilo.gumbel-kernel : BOTTOM-LEFT:
tensor([[1.7476e-03, 7.9686e-07, 9.3069e-14],
        [8.8952e-02, 1.7476e-03, 7.9686e-07],
        [8.1685e-01, 8.8952e-02, 1.7476e-03]])
2024-03-04 04:32:08,829 | INFO | hilo.kernel-accessor : Fetching kernel: gumbel
2024-03-04 04:32:08,829 | INFO | hilo.gumbel-kernel : Calculating Gumbel distribution (location: -0.04879046976566315, scale 1.0904794931411743)
2024-03-04 04:32:08,830 | INFO | hilo.gumbel-kernel : BOTTOM-LEFT:
tensor([[4.3912e-04, 6.0204e-09, 1.6270e-20],
        [6.6896e-02, 4.3912e-04, 6.0204e-09],
        [8.6489e-01, 6.6896e-02, 4.3912e-04]])
2024-03-04 04:32:08,830 | INFO | hilo.kernel-accessor : Fetching kernel: gumbel
2024-03-04 04:32:08,831 | INFO | hilo.gumbel-kernel : Calculating Gumbel distribution (location: -0.1279522031545639, scale 1.1397453546524048)
2024-03-04 04:32:08,831 | INFO | hilo.gumbel-kernel : BOTTOM-LEFT:
tensor([[3.7980e-04, 6.0728e-09, 6.1051e-20],
        [6.2619e-02, 3.7980e-04, 6.0728e-09],
        [8.7362e-01, 6.2619e-02, 3.7980e-04]])
2024-03-04 04:32:08,831 | INFO | hilo.kernel-accessor : Fetching kernel: gumbel
2024-03-04 04:32:08,832 | INFO | hilo.gumbel-kernel : Calculating Gumbel distribution (location: 0.026318665593862534, scale 1.3120448589324951)
2024-03-04 04:32:08,832 | INFO | hilo.gumbel-kernel : TOP-RIGHT:
tensor([[5.1854e-03, 1.1685e-01, 7.5071e-01],
        [1.5633e-05, 5.1854e-03, 1.1685e-01],
        [1.4814e-10, 1.5633e-05, 5.1854e-03]])
2024-03-04 04:32:08,832 | INFO | hilo.kernel-accessor : Fetching kernel: gumbel
2024-03-04 04:32:08,833 | INFO | hilo.gumbel-kernel : Calculating Gumbel distribution (location: -0.28089767694473267, scale 1.9459221363067627)
2024-03-04 04:32:08,833 | INFO | hilo.gumbel-kernel : BOTTOM-LEFT:
tensor([[2.0516e-02, 1.0013e-03, 9.0765e-06],
        [1.5356e-01, 2.0516e-02, 1.0013e-03],
        [6.2932e-01, 1.5356e-01, 2.0516e-02]])
2024-03-04 04:33:29,691 | INFO | hilo : Epoch   2/200 | Accuracy:  50.7440 | Loss:   1.4164
2024-03-04 04:33:29,691 | INFO | hilo.kernel-accessor : Fetching kernel: gumbel
2024-03-04 04:33:29,691 | INFO | hilo.gumbel-kernel : Calculating Gumbel distribution (location: -0.008861755020916462, scale 0.7037253379821777)
2024-03-04 04:33:29,692 | INFO | hilo.gumbel-kernel : TOP-RIGHT:
tensor([[3.6690e-09, 9.4522e-03, 9.8110e-01],
        [8.9812e-34, 3.6690e-09, 9.4522e-03],
        [0.0000e+00, 8.9812e-34, 3.6690e-09]])
2024-03-04 04:33:29,692 | INFO | hilo.kernel-accessor : Fetching kernel: gumbel
2024-03-04 04:33:29,692 | INFO | hilo.gumbel-kernel : Calculating Gumbel distribution (location: -0.5732296705245972, scale 1.8983675241470337)
2024-03-04 04:33:29,692 | INFO | hilo.gumbel-kernel : TOP-RIGHT:
tensor([[8.3732e-03, 1.2151e-01, 7.3161e-01],
        [1.3009e-04, 8.3732e-03, 1.2151e-01],
        [1.6219e-07, 1.3009e-04, 8.3732e-03]])
2024-03-04 04:33:29,692 | INFO | hilo.kernel-accessor : Fetching kernel: gumbel
2024-03-04 04:33:29,693 | INFO | hilo.gumbel-kernel : Calculating Gumbel distribution (location: -0.4226278066635132, scale 1.1942834854125977)
2024-03-04 04:33:29,693 | INFO | hilo.gumbel-kernel : TOP-RIGHT:
tensor([[2.6590e-05, 2.8577e-02, 9.4277e-01],
        [7.9128e-12, 2.6590e-05, 2.8577e-02],
        [1.9846e-26, 7.9128e-12, 2.6590e-05]])
2024-03-04 04:33:29,693 | INFO | hilo.kernel-accessor : Fetching kernel: gumbel
2024-03-04 04:33:29,693 | INFO | hilo.gumbel-kernel : Calculating Gumbel distribution (location: -0.2875410318374634, scale 0.9985196590423584)
2024-03-04 04:33:29,693 | INFO | hilo.gumbel-kernel : TOP-RIGHT:
tensor([[1.4549e-06, 1.6591e-02, 9.6681e-01],
        [7.3690e-17, 1.4549e-06, 1.6591e-02],
        [4.3440e-44, 7.3690e-17, 1.4549e-06]])
2024-03-04 04:33:29,693 | INFO | hilo.kernel-accessor : Fetching kernel: gumbel
2024-03-04 04:33:29,694 | INFO | hilo.gumbel-kernel : Calculating Gumbel distribution (location: -0.07626685500144958, scale 1.0772634744644165)
2024-03-04 04:33:29,694 | INFO | hilo.gumbel-kernel : TOP-RIGHT:
tensor([[2.7251e-04, 5.9656e-02, 8.7987e-01],
        [1.3522e-09, 2.7251e-04, 5.9656e-02],
        [2.1237e-22, 1.3522e-09, 2.7251e-04]])
2024-03-04 04:33:29,694 | INFO | hilo.kernel-accessor : Fetching kernel: gumbel
2024-03-04 04:33:29,694 | INFO | hilo.gumbel-kernel : Calculating Gumbel distribution (location: -0.057613763958215714, scale 0.9360206127166748)
2024-03-04 04:33:29,694 | INFO | hilo.gumbel-kernel : BOTTOM-LEFT:
tensor([[2.3389e-05, 9.0146e-14, 2.2469e-37],
        [3.6681e-02, 2.3389e-05, 9.0146e-14],
        [9.2657e-01, 3.6681e-02, 2.3389e-05]])
2024-03-04 04:33:29,695 | INFO | hilo.kernel-accessor : Fetching kernel: gumbel
2024-03-04 04:33:29,695 | INFO | hilo.gumbel-kernel : Calculating Gumbel distribution (location: -0.29248863458633423, scale 1.1658838987350464)
2024-03-04 04:33:29,695 | INFO | hilo.gumbel-kernel : TOP-RIGHT:
tensor([[8.8565e-05, 4.1306e-02, 9.1712e-01],
        [1.4478e-10, 8.8565e-05, 4.1306e-02],
        [1.0546e-23, 1.4478e-10, 8.8565e-05]])
2024-03-04 04:33:29,695 | INFO | hilo.kernel-accessor : Fetching kernel: gumbel
2024-03-04 04:33:29,695 | INFO | hilo.gumbel-kernel : Calculating Gumbel distribution (location: -0.24372760951519012, scale 0.9379003643989563)
2024-03-04 04:33:29,696 | INFO | hilo.gumbel-kernel : TOP-RIGHT:
tensor([[4.2848e-07, 1.3621e-02, 9.7276e-01],
        [2.7387e-19, 4.2848e-07, 1.3621e-02],
        [0.0000e+00, 2.7387e-19, 4.2848e-07]])
2024-03-04 04:33:29,696 | INFO | hilo.kernel-accessor : Fetching kernel: gumbel
2024-03-04 04:33:29,696 | INFO | hilo.gumbel-kernel : Calculating Gumbel distribution (location: -0.16952207684516907, scale 1.0242772102355957)
2024-03-04 04:33:29,696 | INFO | hilo.gumbel-kernel : TOP-RIGHT:
tensor([[2.9098e-05, 3.4987e-02, 9.2994e-01],
        [9.7517e-13, 2.9098e-05, 3.4987e-02],
        [7.0470e-32, 9.7517e-13, 2.9098e-05]])
2024-03-04 04:33:29,696 | INFO | hilo.kernel-accessor : Fetching kernel: gumbel
2024-03-04 04:33:29,696 | INFO | hilo.gumbel-kernel : Calculating Gumbel distribution (location: -0.06683874130249023, scale 0.825926661491394)
2024-03-04 04:33:29,697 | INFO | hilo.gumbel-kernel : TOP-RIGHT:
tensor([[4.9227e-07, 1.8000e-02, 9.6400e-01],
        [4.1422e-21, 4.9227e-07, 1.8000e-02],
        [0.0000e+00, 4.1422e-21, 4.9227e-07]])
2024-03-04 04:33:29,697 | INFO | hilo.kernel-accessor : Fetching kernel: gumbel
2024-03-04 04:33:29,697 | INFO | hilo.gumbel-kernel : Calculating Gumbel distribution (location: -0.330312579870224, scale 0.989776074886322)
2024-03-04 04:33:29,697 | INFO | hilo.gumbel-kernel : BOTTOM-LEFT:
tensor([[3.7395e-07, 9.5766e-19, 0.0000e+00],
        [1.1812e-02, 3.7395e-07, 9.5766e-19],
        [9.7637e-01, 1.1812e-02, 3.7395e-07]])
2024-03-04 04:33:29,697 | INFO | hilo.kernel-accessor : Fetching kernel: gumbel
2024-03-04 04:33:29,697 | INFO | hilo.gumbel-kernel : Calculating Gumbel distribution (location: -0.1302868127822876, scale 0.978157639503479)
2024-03-04 04:33:29,698 | INFO | hilo.gumbel-kernel : BOTTOM-LEFT:
tensor([[1.8595e-05, 1.0732e-13, 8.3185e-36],
        [3.2928e-02, 1.8595e-05, 1.0732e-13],
        [9.3409e-01, 3.2928e-02, 1.8595e-05]])
2024-03-04 04:33:29,698 | INFO | hilo.kernel-accessor : Fetching kernel: gumbel
2024-03-04 04:33:29,698 | INFO | hilo.gumbel-kernel : Calculating Gumbel distribution (location: -0.07782480120658875, scale 1.3322393894195557)
2024-03-04 04:33:29,698 | INFO | hilo.gumbel-kernel : TOP-RIGHT:
tensor([[3.4514e-03, 1.0478e-01, 7.8007e-01],
        [5.7889e-06, 3.4514e-03, 1.0478e-01],
        [1.7702e-11, 5.7889e-06, 3.4514e-03]])
2024-03-04 04:33:29,698 | INFO | hilo.kernel-accessor : Fetching kernel: gumbel
2024-03-04 04:33:29,698 | INFO | hilo.gumbel-kernel : Calculating Gumbel distribution (location: -0.008669274859130383, scale 1.4250677824020386)
2024-03-04 04:33:29,699 | INFO | hilo.gumbel-kernel : TOP-RIGHT:
tensor([[7.9268e-03, 1.2762e-01, 7.2086e-01],
        [5.9523e-05, 7.9268e-03, 1.2762e-01],
        [6.2989e-09, 5.9523e-05, 7.9268e-03]])
2024-03-04 04:33:29,699 | INFO | hilo.kernel-accessor : Fetching kernel: gumbel
2024-03-04 04:33:29,699 | INFO | hilo.gumbel-kernel : Calculating Gumbel distribution (location: 0.14571532607078552, scale 1.5103392601013184)
2024-03-04 04:33:29,699 | INFO | hilo.gumbel-kernel : BOTTOM-LEFT:
tensor([[1.7538e-02, 4.9273e-04, 9.0095e-07],
        [1.5253e-01, 1.7538e-02, 4.9273e-04],
        [6.4134e-01, 1.5253e-01, 1.7538e-02]])
2024-03-04 04:33:29,699 | INFO | hilo.kernel-accessor : Fetching kernel: gumbel
2024-03-04 04:33:29,700 | INFO | hilo.gumbel-kernel : Calculating Gumbel distribution (location: 0.1298184096813202, scale 0.9597150087356567)
2024-03-04 04:33:29,700 | INFO | hilo.gumbel-kernel : BOTTOM-LEFT:
tensor([[4.9338e-04, 2.2640e-09, 1.1275e-23],
        [7.3994e-02, 4.9338e-04, 2.2640e-09],
        [8.5053e-01, 7.3994e-02, 4.9338e-04]])
2024-03-04 04:33:29,700 | INFO | hilo.kernel-accessor : Fetching kernel: gumbel
2024-03-04 04:33:29,700 | INFO | hilo.gumbel-kernel : Calculating Gumbel distribution (location: -0.19297954440116882, scale 1.3486404418945312)
2024-03-04 04:33:29,700 | INFO | hilo.gumbel-kernel : BOTTOM-LEFT:
tensor([[1.9836e-03, 1.4981e-06, 9.4714e-13],
        [8.9816e-02, 1.9836e-03, 1.4981e-06],
        [8.1441e-01, 8.9816e-02, 1.9836e-03]])
2024-03-04 04:34:50,468 | INFO | hilo : Epoch   3/200 | Accuracy:  50.0000 | Loss:   1.1887
2024-03-04 04:34:50,468 | INFO | hilo.kernel-accessor : Fetching kernel: gumbel
2024-03-04 04:34:50,468 | INFO | hilo.gumbel-kernel : Calculating Gumbel distribution (location: 0.0029733849223703146, scale 0.5603231191635132)
2024-03-04 04:34:50,469 | INFO | hilo.gumbel-kernel : TOP-RIGHT:
tensor([[4.2294e-17, 1.2401e-03, 9.9752e-01],
        [0.0000e+00, 4.2294e-17, 1.2401e-03],
        [0.0000e+00, 0.0000e+00, 4.2294e-17]])
2024-03-04 04:34:50,470 | INFO | hilo.kernel-accessor : Fetching kernel: gumbel
2024-03-04 04:34:50,470 | INFO | hilo.gumbel-kernel : Calculating Gumbel distribution (location: -0.5075556635856628, scale 1.8864121437072754)
2024-03-04 04:34:50,471 | INFO | hilo.gumbel-kernel : BOTTOM-LEFT:
tensor([[9.7888e-03, 1.8162e-04, 3.0061e-07],
        [1.2722e-01, 9.7888e-03, 1.8162e-04],
        [7.1583e-01, 1.2722e-01, 9.7888e-03]])
2024-03-04 04:34:50,471 | INFO | hilo.kernel-accessor : Fetching kernel: gumbel
2024-03-04 04:34:50,471 | INFO | hilo.gumbel-kernel : Calculating Gumbel distribution (location: -0.4471323490142822, scale 1.2551913261413574)
2024-03-04 04:34:50,472 | INFO | hilo.gumbel-kernel : TOP-RIGHT:
tensor([[6.3806e-05, 3.4970e-02, 9.2987e-01],
        [1.4162e-10, 6.3806e-05, 3.4970e-02],
        [1.0752e-22, 1.4162e-10, 6.3806e-05]])
2024-03-04 04:34:50,472 | INFO | hilo.kernel-accessor : Fetching kernel: gumbel
2024-03-04 04:34:50,472 | INFO | hilo.gumbel-kernel : Calculating Gumbel distribution (location: -0.3486282229423523, scale 0.926889181137085)
2024-03-04 04:34:50,473 | INFO | hilo.gumbel-kernel : BOTTOM-LEFT:
tensor([[1.0169e-08, 1.1519e-24, 0.0000e+00],
        [5.4669e-03, 1.0169e-08, 1.1519e-24],
        [9.8907e-01, 5.4669e-03, 1.0169e-08]])
2024-03-04 04:34:50,473 | INFO | hilo.kernel-accessor : Fetching kernel: gumbel
2024-03-04 04:34:50,474 | INFO | hilo.gumbel-kernel : Calculating Gumbel distribution (location: -0.18811137974262238, scale 0.9775186777114868)
2024-03-04 04:34:50,474 | INFO | hilo.gumbel-kernel : BOTTOM-LEFT:
tensor([[6.1657e-06, 3.5449e-15, 4.3531e-40],
        [2.4923e-02, 6.1657e-06, 3.5449e-15],
        [9.5014e-01, 2.4923e-02, 6.1657e-06]])
2024-03-04 04:34:50,474 | INFO | hilo.kernel-accessor : Fetching kernel: gumbel
2024-03-04 04:34:50,475 | INFO | hilo.gumbel-kernel : Calculating Gumbel distribution (location: -0.1686389148235321, scale 0.7624257802963257)
2024-03-04 04:34:50,475 | INFO | hilo.gumbel-kernel : BOTTOM-LEFT:
tensor([[1.6557e-10, 2.4431e-36, 0.0000e+00],
        [3.9241e-03, 1.6557e-10, 2.4431e-36],
        [9.9215e-01, 3.9241e-03, 1.6557e-10]])
2024-03-04 04:34:50,476 | INFO | hilo.kernel-accessor : Fetching kernel: gumbel
2024-03-04 04:34:50,476 | INFO | hilo.gumbel-kernel : Calculating Gumbel distribution (location: -0.19950872659683228, scale 0.7958185076713562)
2024-03-04 04:34:50,476 | INFO | hilo.gumbel-kernel : TOP-RIGHT:
tensor([[5.9022e-10, 4.4490e-03, 9.9110e-01],
        [9.5602e-33, 5.9022e-10, 4.4490e-03],
        [0.0000e+00, 9.5602e-33, 5.9022e-10]])
2024-03-04 04:34:50,477 | INFO | hilo.kernel-accessor : Fetching kernel: gumbel
2024-03-04 04:34:50,477 | INFO | hilo.gumbel-kernel : Calculating Gumbel distribution (location: -0.1519794762134552, scale 0.6560396552085876)
2024-03-04 04:34:50,478 | INFO | hilo.gumbel-kernel : TOP-RIGHT:
tensor([[6.4761e-16, 7.2123e-04, 9.9856e-01],
        [0.0000e+00, 6.4761e-16, 7.2123e-04],
        [0.0000e+00, 0.0000e+00, 6.4761e-16]])
2024-03-04 04:34:50,478 | INFO | hilo.kernel-accessor : Fetching kernel: gumbel
2024-03-04 04:34:50,478 | INFO | hilo.gumbel-kernel : Calculating Gumbel distribution (location: -0.06667713075876236, scale 0.6647337079048157)
2024-03-04 04:34:50,479 | INFO | hilo.gumbel-kernel : BOTTOM-LEFT:
tensor([[2.9319e-12, 0.0000e+00, 0.0000e+00],
        [3.0592e-03, 2.9319e-12, 0.0000e+00],
        [9.9388e-01, 3.0592e-03, 2.9319e-12]])
2024-03-04 04:34:50,479 | INFO | hilo.kernel-accessor : Fetching kernel: gumbel
2024-03-04 04:34:50,479 | INFO | hilo.gumbel-kernel : Calculating Gumbel distribution (location: -0.0699918121099472, scale 0.5707738995552063)
2024-03-04 04:34:50,480 | INFO | hilo.gumbel-kernel : BOTTOM-LEFT:
tensor([[3.7997e-20, 0.0000e+00, 0.0000e+00],
        [3.9222e-04, 3.7997e-20, 0.0000e+00],
        [9.9922e-01, 3.9222e-04, 3.7997e-20]])
2024-03-04 04:34:50,480 | INFO | hilo.kernel-accessor : Fetching kernel: gumbel
2024-03-04 04:34:50,480 | INFO | hilo.gumbel-kernel : Calculating Gumbel distribution (location: -0.2774953246116638, scale 0.737025260925293)
2024-03-04 04:34:50,481 | INFO | hilo.gumbel-kernel : TOP-RIGHT:
tensor([[6.8138e-15, 5.6352e-04, 9.9887e-01],
        [0.0000e+00, 6.8138e-15, 5.6352e-04],
        [0.0000e+00, 0.0000e+00, 6.8138e-15]])
2024-03-04 04:34:50,481 | INFO | hilo.kernel-accessor : Fetching kernel: gumbel
2024-03-04 04:34:50,482 | INFO | hilo.gumbel-kernel : Calculating Gumbel distribution (location: -0.040760766714811325, scale 0.5831441879272461)
2024-03-04 04:34:50,482 | INFO | hilo.gumbel-kernel : BOTTOM-LEFT:
tensor([[3.9129e-17, 0.0000e+00, 0.0000e+00],
        [9.5281e-04, 3.9129e-17, 0.0000e+00],
        [9.9809e-01, 9.5281e-04, 3.9129e-17]])
2024-03-04 04:34:50,482 | INFO | hilo.kernel-accessor : Fetching kernel: gumbel
2024-03-04 04:34:50,483 | INFO | hilo.gumbel-kernel : Calculating Gumbel distribution (location: -0.10371708869934082, scale 0.720319390296936)
2024-03-04 04:34:50,483 | INFO | hilo.gumbel-kernel : TOP-RIGHT:
tensor([[1.1616e-10, 4.4761e-03, 9.9105e-01],
        [2.9867e-39, 1.1616e-10, 4.4761e-03],
        [0.0000e+00, 2.9867e-39, 1.1616e-10]])
2024-03-04 04:34:50,484 | INFO | hilo.kernel-accessor : Fetching kernel: gumbel
2024-03-04 04:34:50,484 | INFO | hilo.gumbel-kernel : Calculating Gumbel distribution (location: -0.024985799565911293, scale 0.688564658164978)
2024-03-04 04:34:50,485 | INFO | hilo.gumbel-kernel : TOP-RIGHT:
tensor([[4.7145e-10, 6.8375e-03, 9.8633e-01],
        [1.3723e-38, 4.7145e-10, 6.8375e-03],
        [0.0000e+00, 1.3723e-38, 4.7145e-10]])
2024-03-04 04:34:50,485 | INFO | hilo.kernel-accessor : Fetching kernel: gumbel
2024-03-04 04:34:50,485 | INFO | hilo.gumbel-kernel : Calculating Gumbel distribution (location: -0.013944575563073158, scale 0.6669239401817322)
2024-03-04 04:34:50,486 | INFO | hilo.gumbel-kernel : TOP-RIGHT:
tensor([[1.1490e-10, 5.8642e-03, 9.8827e-01],
        [6.3339e-43, 1.1490e-10, 5.8642e-03],
        [0.0000e+00, 6.3339e-43, 1.1490e-10]])
2024-03-04 04:34:50,486 | INFO | hilo.kernel-accessor : Fetching kernel: gumbel
2024-03-04 04:34:50,486 | INFO | hilo.gumbel-kernel : Calculating Gumbel distribution (location: 0.10123762488365173, scale 0.6791600584983826)
2024-03-04 04:34:50,487 | INFO | hilo.gumbel-kernel : TOP-RIGHT:
tensor([[7.9537e-08, 1.8257e-02, 9.6349e-01],
        [4.7551e-29, 7.9537e-08, 1.8257e-02],
        [0.0000e+00, 4.7551e-29, 7.9537e-08]])
2024-03-04 04:34:50,487 | INFO | hilo.kernel-accessor : Fetching kernel: gumbel
2024-03-04 04:34:50,488 | INFO | hilo.gumbel-kernel : Calculating Gumbel distribution (location: 0.1139080673456192, scale 0.8507229685783386)
2024-03-04 04:34:50,488 | INFO | hilo.gumbel-kernel : TOP-RIGHT:
tensor([[5.9993e-05, 5.0054e-02, 8.9971e-01],
        [2.8661e-13, 5.9993e-05, 5.0054e-02],
        [4.4050e-39, 2.8661e-13, 5.9993e-05]])
2024-03-04 04:36:11,316 | INFO | hilo : Epoch   4/200 | Accuracy:  45.6163 | Loss:   1.2453
2024-03-04 04:36:11,317 | INFO | hilo.kernel-accessor : Fetching kernel: gumbel
2024-03-04 04:36:11,317 | INFO | hilo.gumbel-kernel : Calculating Gumbel distribution (location: -0.016706984490156174, scale 0.504079282283783)
2024-03-04 04:36:11,318 | INFO | hilo.gumbel-kernel : TOP-RIGHT:
tensor([[1.6259e-26, 1.6922e-04, 9.9966e-01],
        [0.0000e+00, 1.6259e-26, 1.6922e-04],
        [0.0000e+00, 0.0000e+00, 1.6259e-26]])
2024-03-04 04:36:11,318 | INFO | hilo.kernel-accessor : Fetching kernel: gumbel
2024-03-04 04:36:11,318 | INFO | hilo.gumbel-kernel : Calculating Gumbel distribution (location: -0.48494184017181396, scale 1.6541463136672974)
2024-03-04 04:36:11,319 | INFO | hilo.gumbel-kernel : BOTTOM-LEFT:
tensor([[3.4693e-03, 1.2761e-05, 7.3803e-10],
        [9.7565e-02, 3.4693e-03, 1.2761e-05],
        [7.9444e-01, 9.7565e-02, 3.4693e-03]])
2024-03-04 04:36:11,319 | INFO | hilo.kernel-accessor : Fetching kernel: gumbel
2024-03-04 04:36:11,320 | INFO | hilo.gumbel-kernel : Calculating Gumbel distribution (location: -0.6414870619773865, scale 1.3562229871749878)
2024-03-04 04:36:11,320 | INFO | hilo.gumbel-kernel : BOTTOM-LEFT:
tensor([[3.6838e-05, 8.2620e-11, 2.8662e-22],
        [2.7278e-02, 3.6838e-05, 8.2620e-11],
        [9.4533e-01, 2.7278e-02, 3.6838e-05]])
2024-03-04 04:36:11,320 | INFO | hilo.kernel-accessor : Fetching kernel: gumbel
2024-03-04 04:36:11,321 | INFO | hilo.gumbel-kernel : Calculating Gumbel distribution (location: -0.4296491742134094, scale 0.8541997075080872)
2024-03-04 04:36:11,321 | INFO | hilo.gumbel-kernel : BOTTOM-LEFT:
tensor([[6.6746e-13, 7.1894e-41, 0.0000e+00],
        [7.0712e-04, 6.6746e-13, 7.1894e-41],
        [9.9859e-01, 7.0712e-04, 6.6746e-13]])
2024-03-04 04:36:11,321 | INFO | hilo.kernel-accessor : Fetching kernel: gumbel
2024-03-04 04:36:11,322 | INFO | hilo.gumbel-kernel : Calculating Gumbel distribution (location: -0.10735535621643066, scale 0.921226978302002)
2024-03-04 04:36:11,322 | INFO | hilo.gumbel-kernel : TOP-RIGHT:
tensor([[5.9498e-06, 2.6879e-02, 9.4622e-01],
        [7.5330e-16, 5.9498e-06, 2.6879e-02],
        [2.6625e-44, 7.5330e-16, 5.9498e-06]])
2024-03-04 04:36:11,322 | INFO | hilo.kernel-accessor : Fetching kernel: gumbel
2024-03-04 04:36:11,323 | INFO | hilo.gumbel-kernel : Calculating Gumbel distribution (location: -0.0700792446732521, scale 0.7820383906364441)
2024-03-04 04:36:11,323 | INFO | hilo.gumbel-kernel : TOP-RIGHT:
tensor([[4.9517e-08, 1.2225e-02, 9.7555e-01],
        [5.8117e-26, 4.9517e-08, 1.2225e-02],
        [0.0000e+00, 5.8117e-26, 4.9517e-08]])
2024-03-04 04:36:11,324 | INFO | hilo.kernel-accessor : Fetching kernel: gumbel
2024-03-04 04:36:11,324 | INFO | hilo.gumbel-kernel : Calculating Gumbel distribution (location: -0.22201089560985565, scale 0.8770241737365723)
2024-03-04 04:36:11,324 | INFO | hilo.gumbel-kernel : TOP-RIGHT:
tensor([[4.7259e-08, 9.2007e-03, 9.8160e-01],
        [1.5340e-23, 4.7259e-08, 9.2007e-03],
        [0.0000e+00, 1.5340e-23, 4.7259e-08]])
2024-03-04 04:36:11,325 | INFO | hilo.kernel-accessor : Fetching kernel: gumbel
2024-03-04 04:36:11,325 | INFO | hilo.gumbel-kernel : Calculating Gumbel distribution (location: -0.13347738981246948, scale 0.67563396692276)
2024-03-04 04:36:11,325 | INFO | hilo.gumbel-kernel : TOP-RIGHT:
tensor([[8.1940e-14, 1.4727e-03, 9.9705e-01],
        [0.0000e+00, 8.1940e-14, 1.4727e-03],
        [0.0000e+00, 0.0000e+00, 8.1940e-14]])
2024-03-04 04:36:11,326 | INFO | hilo.kernel-accessor : Fetching kernel: gumbel
2024-03-04 04:36:11,326 | INFO | hilo.gumbel-kernel : Calculating Gumbel distribution (location: -0.01964464597404003, scale 0.5820779204368591)
2024-03-04 04:36:11,326 | INFO | hilo.gumbel-kernel : TOP-RIGHT:
tensor([[3.4631e-16, 1.3424e-03, 9.9732e-01],
        [0.0000e+00, 3.4631e-16, 1.3424e-03],
        [0.0000e+00, 0.0000e+00, 3.4631e-16]])
2024-03-04 04:36:11,327 | INFO | hilo.kernel-accessor : Fetching kernel: gumbel
2024-03-04 04:36:11,327 | INFO | hilo.gumbel-kernel : Calculating Gumbel distribution (location: -0.0395515039563179, scale 0.503217339515686)
2024-03-04 04:36:11,328 | INFO | hilo.gumbel-kernel : TOP-RIGHT:
tensor([[5.4294e-29, 8.6606e-05, 9.9983e-01],
        [0.0000e+00, 5.4294e-29, 8.6606e-05],
        [0.0000e+00, 0.0000e+00, 5.4294e-29]])
2024-03-04 04:36:11,328 | INFO | hilo.kernel-accessor : Fetching kernel: gumbel
2024-03-04 04:36:11,328 | INFO | hilo.gumbel-kernel : Calculating Gumbel distribution (location: -0.1553804576396942, scale 0.5042168498039246)
2024-03-04 04:36:11,329 | INFO | hilo.gumbel-kernel : TOP-RIGHT:
tensor([[3.3631e-44, 1.2536e-06, 1.0000e+00],
        [0.0000e+00, 3.3631e-44, 1.2536e-06],
        [0.0000e+00, 0.0000e+00, 3.3631e-44]])
2024-03-04 04:36:11,329 | INFO | hilo.kernel-accessor : Fetching kernel: gumbel
2024-03-04 04:36:11,329 | INFO | hilo.gumbel-kernel : Calculating Gumbel distribution (location: 0.010367391631007195, scale 0.3901689350605011)
2024-03-04 04:36:11,330 | INFO | hilo.gumbel-kernel : TOP-RIGHT:
tensor([[0.0000e+00, 9.0274e-07, 1.0000e+00],
        [0.0000e+00, 0.0000e+00, 9.0274e-07],
        [0.0000e+00, 0.0000e+00, 0.0000e+00]])
2024-03-04 04:36:11,330 | INFO | hilo.kernel-accessor : Fetching kernel: gumbel
2024-03-04 04:36:11,330 | INFO | hilo.gumbel-kernel : Calculating Gumbel distribution (location: -0.044240500777959824, scale 0.5033316612243652)
2024-03-04 04:36:11,331 | INFO | hilo.gumbel-kernel : TOP-RIGHT:
tensor([[1.8276e-29, 7.5754e-05, 9.9985e-01],
        [0.0000e+00, 1.8276e-29, 7.5754e-05],
        [0.0000e+00, 0.0000e+00, 1.8276e-29]])
2024-03-04 04:36:11,331 | INFO | hilo.kernel-accessor : Fetching kernel: gumbel
2024-03-04 04:36:11,331 | INFO | hilo.gumbel-kernel : Calculating Gumbel distribution (location: 0.049684397876262665, scale 0.4181590974330902)
2024-03-04 04:36:11,332 | INFO | hilo.gumbel-kernel : TOP-RIGHT:
tensor([[2.3121e-43, 3.6414e-05, 9.9993e-01],
        [0.0000e+00, 2.3121e-43, 3.6414e-05],
        [0.0000e+00, 0.0000e+00, 2.3121e-43]])
2024-03-04 04:36:11,332 | INFO | hilo.kernel-accessor : Fetching kernel: gumbel
2024-03-04 04:36:11,332 | INFO | hilo.gumbel-kernel : Calculating Gumbel distribution (location: 0.08008831739425659, scale 0.4259054958820343)
2024-03-04 04:36:11,333 | INFO | hilo.gumbel-kernel : BOTTOM-LEFT:
tensor([[4.0871e-35, 0.0000e+00, 0.0000e+00],
        [1.4400e-04, 4.0871e-35, 0.0000e+00],
        [9.9971e-01, 1.4400e-04, 4.0871e-35]])
2024-03-04 04:36:11,333 | INFO | hilo.kernel-accessor : Fetching kernel: gumbel
2024-03-04 04:36:11,333 | INFO | hilo.gumbel-kernel : Calculating Gumbel distribution (location: 0.0879478007555008, scale 0.3847053349018097)
2024-03-04 04:36:11,334 | INFO | hilo.gumbel-kernel : TOP-RIGHT:
tensor([[0.0000e+00, 2.7972e-05, 9.9994e-01],
        [0.0000e+00, 0.0000e+00, 2.7972e-05],
        [0.0000e+00, 0.0000e+00, 0.0000e+00]])
2024-03-04 04:36:11,334 | INFO | hilo.kernel-accessor : Fetching kernel: gumbel
2024-03-04 04:36:11,334 | INFO | hilo.gumbel-kernel : Calculating Gumbel distribution (location: 0.10585486143827438, scale 0.4503968060016632)
2024-03-04 04:36:11,335 | INFO | hilo.gumbel-kernel : BOTTOM-LEFT:
tensor([[2.0917e-25, 0.0000e+00, 0.0000e+00],
        [6.4105e-04, 2.0917e-25, 0.0000e+00],
        [9.9872e-01, 6.4105e-04, 2.0917e-25]])
2024-03-04 04:37:32,157 | INFO | hilo : Epoch   5/200 | Accuracy:  52.6042 | Loss:   1.4686
2024-03-04 04:37:32,157 | INFO | hilo.kernel-accessor : Fetching kernel: gumbel
2024-03-04 04:37:32,157 | INFO | hilo.gumbel-kernel : Calculating Gumbel distribution (location: -0.007095057517290115, scale 0.5358922481536865)
2024-03-04 04:37:32,158 | INFO | hilo.gumbel-kernel : BOTTOM-LEFT:
tensor([[1.5811e-20, 0.0000e+00, 0.0000e+00],
        [5.6626e-04, 1.5811e-20, 0.0000e+00],
        [9.9887e-01, 5.6626e-04, 1.5811e-20]])
2024-03-04 04:37:32,158 | INFO | hilo.kernel-accessor : Fetching kernel: gumbel
2024-03-04 04:37:32,158 | INFO | hilo.gumbel-kernel : Calculating Gumbel distribution (location: -0.4030570983886719, scale 1.6896660327911377)
2024-03-04 04:37:32,158 | INFO | hilo.gumbel-kernel : TOP-RIGHT:
tensor([[5.9929e-03, 1.1369e-01, 7.5455e-01],
        [4.7346e-05, 5.9929e-03, 1.1369e-01],
        [1.2111e-08, 4.7346e-05, 5.9929e-03]])
2024-03-04 04:37:32,159 | INFO | hilo.kernel-accessor : Fetching kernel: gumbel
2024-03-04 04:37:32,159 | INFO | hilo.gumbel-kernel : Calculating Gumbel distribution (location: -0.6300531625747681, scale 1.433811902999878)
2024-03-04 04:37:32,159 | INFO | hilo.gumbel-kernel : BOTTOM-LEFT:
tensor([[1.5272e-04, 4.2193e-09, 5.9458e-18],
        [4.0321e-02, 1.5271e-04, 4.2193e-09],
        [9.1890e-01, 4.0321e-02, 1.5272e-04]])
2024-03-04 04:37:32,159 | INFO | hilo.kernel-accessor : Fetching kernel: gumbel
2024-03-04 04:37:32,159 | INFO | hilo.gumbel-kernel : Calculating Gumbel distribution (location: -0.43073588609695435, scale 0.848179280757904)
2024-03-04 04:37:32,160 | INFO | hilo.gumbel-kernel : BOTTOM-LEFT:
tensor([[3.1593e-13, 2.8516e-42, 0.0000e+00],
        [6.1369e-04, 3.1593e-13, 2.8516e-42],
