2023-12-29 05:51:17,350 | INFO | hilo : 
+==============================================================+
|                                                              |
| ██████╗  █████╗ ██████╗ ██╗         ██╗      █████╗ ██████╗  |
| ██╔══██╗██╔══██╗██╔══██╗██║         ██║     ██╔══██╗██╔══██╗ |
| ██║  ██║███████║██║  ██║██║         ██║     ███████║██████╔╝ |
| ██║  ██║██╔══██║██║  ██║██║         ██║     ██╔══██║██╔══██╗ |
| ██████╔╝██║  ██║██████╔╝███████╗    ███████╗██║  ██║██████╔╝ |
| ╚═════╝ ╚═╝  ╚═╝╚═════╝ ╚══════╝    ╚══════╝╚═╝  ╚═╝╚═════╝  |
+==============================================================+
|             Hi-Lo Resolution Image Classification            |
|             -------------------------------------            |
|                       Gabriel C. Trahan                      |
|                          Sahan Ahmad                         |
|                       MD  Aminual Islam                      |
+==============================================================+
2023-12-29 05:51:18,941 | INFO | hilo.dataset-accessor : Fetching dataset: cifar10
2023-12-29 05:51:18,942 | INFO | hilo.cifar10-dataset : Initializing transform
2023-12-29 05:51:18,942 | INFO | hilo.cifar10-dataset : Verifying/downloading train data
2023-12-29 05:51:19,549 | INFO | hilo.cifar10-dataset : Verifying/downloading test data
2023-12-29 05:51:20,032 | INFO | hilo.cifar10-dataset : Creating train data loader.
2023-12-29 05:51:20,032 | INFO | hilo.cifar10-dataset : Creating test data loader.
2023-12-29 05:51:20,059 | INFO | hilo : Output directory: output/normal/cifar10/gumbel/11/20231229_055118/
2023-12-29 05:51:20,099 | INFO | hilo : Using device: NVIDIA GeForce GTX 1060 6GB
2023-12-29 05:51:21,042 | INFO | hilo : Exeucting job: MODEL normal | DATASET cifar10 | KERNEL gumbel | TYPE 11
2023-12-29 05:51:21,042 | INFO | hilo : Commencing training phase...
2023-12-29 05:51:21,042 | INFO | hilo.kernel-accessor : Fetching kernel: gumbel
2023-12-29 05:51:21,043 | INFO | hilo.gumbel-kernel : Calculating Gumbel distribution (location: 0.0, scale 1.0)
2023-12-29 05:51:21,044 | INFO | hilo.gumbel-kernel : STATIC:
tensor([[8.8288e-01, 5.8259e-02, 2.0072e-04],
        [5.8259e-02, 2.0072e-04, 2.2609e-10],
        [2.0072e-04, 2.2609e-10, 8.5377e-26]])
2023-12-29 05:51:21,044 | INFO | hilo.kernel-accessor : Fetching kernel: gumbel
2023-12-29 05:51:21,044 | INFO | hilo.gumbel-kernel : Calculating Gumbel distribution (location: 0.0, scale 1.0)
2023-12-29 05:51:21,044 | INFO | hilo.gumbel-kernel : TOP-RIGHT:
tensor([[2.0072e-04, 5.8259e-02, 8.8288e-01],
        [2.2609e-10, 2.0072e-04, 5.8259e-02],
        [8.5377e-26, 2.2609e-10, 2.0072e-04]])
2023-12-29 05:51:21,044 | INFO | hilo.kernel-accessor : Fetching kernel: gumbel
2023-12-29 05:51:21,044 | INFO | hilo.gumbel-kernel : Calculating Gumbel distribution (location: 0.0, scale 1.0)
2023-12-29 05:51:21,045 | INFO | hilo.gumbel-kernel : STATIC:
tensor([[8.8288e-01, 5.8259e-02, 2.0072e-04],
        [5.8259e-02, 2.0072e-04, 2.2609e-10],
        [2.0072e-04, 2.2609e-10, 8.5377e-26]])
2023-12-29 05:51:21,045 | INFO | hilo.kernel-accessor : Fetching kernel: gumbel
2023-12-29 05:51:21,045 | INFO | hilo.gumbel-kernel : Calculating Gumbel distribution (location: 0.0, scale 1.0)
2023-12-29 05:51:21,045 | INFO | hilo.gumbel-kernel : TOP-LEFT:
tensor([[8.8288e-01, 5.8259e-02, 2.0072e-04],
        [5.8259e-02, 2.0072e-04, 2.2609e-10],
        [2.0072e-04, 2.2609e-10, 8.5377e-26]])
2023-12-29 05:51:30,020 | INFO | hilo : Epoch   1/200 | Accuracy:  48.8281 | Loss:   1.5662
2023-12-29 05:51:30,020 | INFO | hilo.kernel-accessor : Fetching kernel: gumbel
2023-12-29 05:51:30,021 | INFO | hilo.gumbel-kernel : Calculating Gumbel distribution (location: -0.11700397729873657, scale 0.47821083664894104)
2023-12-29 05:51:30,021 | INFO | hilo.gumbel-kernel : STATIC:
tensor([[1.0000e+00, 1.1645e-06, 0.0000e+00],
        [1.1645e-06, 0.0000e+00, 0.0000e+00],
        [0.0000e+00, 0.0000e+00, 0.0000e+00]])
2023-12-29 05:51:30,022 | INFO | hilo.kernel-accessor : Fetching kernel: gumbel
2023-12-29 05:51:30,022 | INFO | hilo.gumbel-kernel : Calculating Gumbel distribution (location: -0.451980859041214, scale 0.6951695680618286)
2023-12-29 05:51:30,023 | INFO | hilo.gumbel-kernel : TOP-RIGHT:
tensor([[1.0763e-28, 1.7833e-06, 1.0000e+00],
        [0.0000e+00, 1.0763e-28, 1.7833e-06],
        [0.0000e+00, 0.0000e+00, 1.0763e-28]])
2023-12-29 05:51:30,023 | INFO | hilo.kernel-accessor : Fetching kernel: gumbel
2023-12-29 05:51:30,023 | INFO | hilo.gumbel-kernel : Calculating Gumbel distribution (location: -1.1107778549194336, scale 1.3245940208435059)
2023-12-29 05:51:30,024 | INFO | hilo.gumbel-kernel : TOP-LEFT:
tensor([[9.9775e-01, 1.1253e-03, 1.4112e-09],
        [1.1253e-03, 1.4112e-09, 9.1920e-22],
        [1.4112e-09, 9.1920e-22, 0.0000e+00]])
2023-12-29 05:51:30,024 | INFO | hilo.kernel-accessor : Fetching kernel: gumbel
2023-12-29 05:51:30,024 | INFO | hilo.gumbel-kernel : Calculating Gumbel distribution (location: -0.5439680218696594, scale 0.7208341360092163)
2023-12-29 05:51:30,025 | INFO | hilo.gumbel-kernel : TOP-LEFT:
tensor([[1.0000e+00, 3.1349e-07, 1.8420e-31],
        [3.1349e-07, 1.8420e-31, 0.0000e+00],
        [1.8420e-31, 0.0000e+00, 0.0000e+00]])
2023-12-29 05:51:38,323 | INFO | hilo : Epoch   2/200 | Accuracy:  50.7659 | Loss:   1.2987
2023-12-29 05:51:38,324 | INFO | hilo.kernel-accessor : Fetching kernel: gumbel
2023-12-29 05:51:38,324 | INFO | hilo.gumbel-kernel : Calculating Gumbel distribution (location: -0.14039599895477295, scale 0.4931172728538513)
2023-12-29 05:51:38,325 | INFO | hilo.gumbel-kernel : TOP-RIGHT:
tensor([[0.0000e+00, 1.1353e-06, 1.0000e+00],
        [0.0000e+00, 0.0000e+00, 1.1353e-06],
        [0.0000e+00, 0.0000e+00, 0.0000e+00]])
2023-12-29 05:51:38,325 | INFO | hilo.kernel-accessor : Fetching kernel: gumbel
2023-12-29 05:51:38,326 | INFO | hilo.gumbel-kernel : Calculating Gumbel distribution (location: -0.5840506553649902, scale 0.7883800864219666)
2023-12-29 05:51:38,326 | INFO | hilo.gumbel-kernel : STATIC:
tensor([[9.9999e-01, 3.6823e-06, 4.5180e-24],
        [3.6823e-06, 4.5180e-24, 0.0000e+00],
        [4.5180e-24, 0.0000e+00, 0.0000e+00]])
2023-12-29 05:51:38,326 | INFO | hilo.kernel-accessor : Fetching kernel: gumbel
2023-12-29 05:51:38,327 | INFO | hilo.gumbel-kernel : Calculating Gumbel distribution (location: -1.559919834136963, scale 1.7322994470596313)
2023-12-29 05:51:38,327 | INFO | hilo.gumbel-kernel : TOP-LEFT:
tensor([[9.9019e-01, 4.9048e-03, 6.0354e-07],
        [4.9048e-03, 6.0354e-07, 1.0288e-13],
        [6.0354e-07, 1.0288e-13, 1.4211e-25]])
2023-12-29 05:51:38,327 | INFO | hilo.kernel-accessor : Fetching kernel: gumbel
2023-12-29 05:51:38,328 | INFO | hilo.gumbel-kernel : Calculating Gumbel distribution (location: -0.9653768539428711, scale 1.1878465414047241)
2023-12-29 05:51:38,328 | INFO | hilo.gumbel-kernel : STATIC:
tensor([[9.9895e-01, 5.2469e-04, 3.9063e-11],
        [5.2469e-04, 3.9063e-11, 3.4080e-27],
        [3.9063e-11, 3.4080e-27, 0.0000e+00]])
2023-12-29 05:51:46,589 | INFO | hilo : Epoch   3/200 | Accuracy:  65.6250 | Loss:   1.3515
2023-12-29 05:51:46,589 | INFO | hilo.kernel-accessor : Fetching kernel: gumbel
2023-12-29 05:51:46,590 | INFO | hilo.gumbel-kernel : Calculating Gumbel distribution (location: 0.0036844629794359207, scale 0.5851598381996155)
2023-12-29 05:51:46,590 | INFO | hilo.gumbel-kernel : STATIC:
tensor([[9.9586e-01, 2.0713e-03, 7.2545e-15],
        [2.0713e-03, 7.2545e-15, 0.0000e+00],
        [7.2545e-15, 0.0000e+00, 0.0000e+00]])
2023-12-29 05:51:46,591 | INFO | hilo.kernel-accessor : Fetching kernel: gumbel
2023-12-29 05:51:46,591 | INFO | hilo.gumbel-kernel : Calculating Gumbel distribution (location: -0.6631013751029968, scale 0.9732126593589783)
2023-12-29 05:51:46,592 | INFO | hilo.gumbel-kernel : TOP-RIGHT:
tensor([[3.6103e-13, 3.2314e-04, 9.9935e-01],
        [2.2154e-37, 3.6103e-13, 3.2314e-04],
        [0.0000e+00, 2.2154e-37, 3.6103e-13]])
2023-12-29 05:51:46,592 | INFO | hilo.kernel-accessor : Fetching kernel: gumbel
2023-12-29 05:51:46,592 | INFO | hilo.gumbel-kernel : Calculating Gumbel distribution (location: -2.5602707862854004, scale 2.900712013244629)
2023-12-29 05:51:46,593 | INFO | hilo.gumbel-kernel : TOP-RIGHT:
tensor([[1.3411e-03, 5.6455e-02, 8.8305e-01],
        [7.8746e-06, 1.3411e-03, 5.6455e-02],
        [6.4301e-09, 7.8746e-06, 1.3411e-03]])
2023-12-29 05:51:46,593 | INFO | hilo.kernel-accessor : Fetching kernel: gumbel
2023-12-29 05:51:46,593 | INFO | hilo.gumbel-kernel : Calculating Gumbel distribution (location: -1.7115544080734253, scale 1.9259594678878784)
2023-12-29 05:51:46,594 | INFO | hilo.gumbel-kernel : TOP-LEFT:
tensor([[9.7918e-01, 1.0398e-02, 7.1259e-06],
        [1.0398e-02, 7.1259e-06, 4.8794e-11],
        [7.1259e-06, 4.8794e-11, 1.4516e-19]])
2023-12-29 05:51:54,938 | INFO | hilo : Epoch   4/200 | Accuracy:  48.3600 | Loss:   1.4061
2023-12-29 05:51:54,939 | INFO | hilo.kernel-accessor : Fetching kernel: gumbel
2023-12-29 05:51:54,939 | INFO | hilo.gumbel-kernel : Calculating Gumbel distribution (location: 0.0791090801358223, scale 0.52015620470047)
2023-12-29 05:51:54,940 | INFO | hilo.gumbel-kernel : TOP-LEFT:
tensor([[9.9607e-01, 1.9629e-03, 4.6524e-17],
        [1.9629e-03, 4.6524e-17, 0.0000e+00],
        [4.6524e-17, 0.0000e+00, 0.0000e+00]])
2023-12-29 05:51:54,940 | INFO | hilo.kernel-accessor : Fetching kernel: gumbel
2023-12-29 05:51:54,941 | INFO | hilo.gumbel-kernel : Calculating Gumbel distribution (location: -0.7911801338195801, scale 0.9091430306434631)
2023-12-29 05:51:54,941 | INFO | hilo.gumbel-kernel : STATIC:
tensor([[9.9999e-01, 3.6421e-06, 1.5173e-21],
        [3.6421e-06, 1.5173e-21, 0.0000e+00],
        [1.5173e-21, 0.0000e+00, 0.0000e+00]])
2023-12-29 05:51:54,941 | INFO | hilo.kernel-accessor : Fetching kernel: gumbel
2023-12-29 05:51:54,942 | INFO | hilo.gumbel-kernel : Calculating Gumbel distribution (location: -1.9086090326309204, scale 2.3897271156311035)
2023-12-29 05:51:54,942 | INFO | hilo.gumbel-kernel : STATIC:
tensor([[9.0656e-01, 4.5803e-02, 6.0973e-04],
        [4.5803e-02, 6.0973e-04, 1.0694e-06],
        [6.0973e-04, 1.0694e-06, 8.6202e-11]])
2023-12-29 05:51:54,942 | INFO | hilo.kernel-accessor : Fetching kernel: gumbel
2023-12-29 05:51:54,943 | INFO | hilo.gumbel-kernel : Calculating Gumbel distribution (location: -1.5677318572998047, scale 1.8427280187606812)
2023-12-29 05:51:54,943 | INFO | hilo.gumbel-kernel : STATIC:
tensor([[9.7810e-01, 1.0939e-02, 7.0997e-06],
        [1.0939e-02, 7.0997e-06, 3.4374e-11],
        [7.0997e-06, 3.4374e-11, 3.6396e-20]])
2023-12-29 05:52:03,041 | INFO | hilo : Epoch   5/200 | Accuracy:  65.6250 | Loss:   1.2855
2023-12-29 05:52:03,042 | INFO | hilo.kernel-accessor : Fetching kernel: gumbel
2023-12-29 05:52:03,042 | INFO | hilo.gumbel-kernel : Calculating Gumbel distribution (location: 0.014490801841020584, scale 0.5087160468101501)
2023-12-29 05:52:03,043 | INFO | hilo.gumbel-kernel : TOP-RIGHT:
tensor([[6.1309e-23, 4.2361e-04, 9.9915e-01],
        [0.0000e+00, 6.1308e-23, 4.2361e-04],
        [0.0000e+00, 0.0000e+00, 6.1309e-23]])
2023-12-29 05:52:03,043 | INFO | hilo.kernel-accessor : Fetching kernel: gumbel
2023-12-29 05:52:03,043 | INFO | hilo.gumbel-kernel : Calculating Gumbel distribution (location: -0.7759697437286377, scale 0.9631675481796265)
2023-12-29 05:52:03,044 | INFO | hilo.gumbel-kernel : TOP-LEFT:
tensor([[9.9992e-01, 3.8057e-05, 8.3397e-17],
        [3.8057e-05, 8.3397e-17, 0.0000e+00],
        [8.3397e-17, 0.0000e+00, 0.0000e+00]])
2023-12-29 05:52:03,044 | INFO | hilo.kernel-accessor : Fetching kernel: gumbel
2023-12-29 05:52:03,045 | INFO | hilo.gumbel-kernel : Calculating Gumbel distribution (location: -2.2076892852783203, scale 2.6837470531463623)
2023-12-29 05:52:03,045 | INFO | hilo.gumbel-kernel : TOP-RIGHT:
tensor([[1.3466e-03, 5.8356e-02, 8.7924e-01],
        [6.7043e-06, 1.3466e-03, 5.8356e-02],
        [3.6038e-09, 6.7043e-06, 1.3466e-03]])
2023-12-29 05:52:03,045 | INFO | hilo.kernel-accessor : Fetching kernel: gumbel
2023-12-29 05:52:03,046 | INFO | hilo.gumbel-kernel : Calculating Gumbel distribution (location: -2.449491500854492, scale 2.4292216300964355)
2023-12-29 05:52:03,046 | INFO | hilo.gumbel-kernel : TOP-RIGHT:
tensor([[2.8828e-05, 1.4026e-02, 9.7186e-01],
        [3.1274e-09, 2.8828e-05, 1.4026e-02],
        [4.0027e-15, 3.1274e-09, 2.8828e-05]])
2023-12-29 05:52:11,252 | INFO | hilo : Epoch   6/200 | Accuracy:  59.1518 | Loss:   1.0955
2023-12-29 05:52:11,252 | INFO | hilo.kernel-accessor : Fetching kernel: gumbel
2023-12-29 05:52:11,253 | INFO | hilo.gumbel-kernel : Calculating Gumbel distribution (location: -0.06444289535284042, scale 0.46453291177749634)
2023-12-29 05:52:11,254 | INFO | hilo.gumbel-kernel : TOP-LEFT:
tensor([[9.9999e-01, 5.0630e-06, 1.2612e-44],
        [5.0630e-06, 1.2612e-44, 0.0000e+00],
        [1.2612e-44, 0.0000e+00, 0.0000e+00]])
2023-12-29 05:52:11,254 | INFO | hilo.kernel-accessor : Fetching kernel: gumbel
2023-12-29 05:52:11,254 | INFO | hilo.gumbel-kernel : Calculating Gumbel distribution (location: -0.848772406578064, scale 0.8563219904899597)
2023-12-29 05:52:11,255 | INFO | hilo.gumbel-kernel : TOP-LEFT:
tensor([[1.0000e+00, 3.2323e-08, 3.5635e-31],
        [3.2323e-08, 3.5636e-31, 0.0000e+00],
        [3.5635e-31, 0.0000e+00, 0.0000e+00]])
2023-12-29 05:52:11,255 | INFO | hilo.kernel-accessor : Fetching kernel: gumbel
2023-12-29 05:52:11,255 | INFO | hilo.gumbel-kernel : Calculating Gumbel distribution (location: -1.649610996246338, scale 2.2443158626556396)
2023-12-29 05:52:11,256 | INFO | hilo.gumbel-kernel : STATIC:
tensor([[8.9780e-01, 5.0035e-02, 7.0808e-04],
        [5.0035e-02, 7.0808e-04, 1.1787e-06],
        [7.0808e-04, 1.1787e-06, 6.9422e-11]])
2023-12-29 05:52:11,256 | INFO | hilo.kernel-accessor : Fetching kernel: gumbel
2023-12-29 05:52:11,256 | INFO | hilo.gumbel-kernel : Calculating Gumbel distribution (location: -2.5284125804901123, scale 2.363173484802246)
2023-12-29 05:52:11,257 | INFO | hilo.gumbel-kernel : TOP-LEFT:
tensor([[9.8531e-01, 7.3387e-03, 5.1704e-06],
        [7.3387e-03, 5.1704e-06, 9.9489e-11],
        [5.1704e-06, 9.9489e-11, 7.8466e-18]])
2023-12-29 05:52:19,562 | INFO | hilo : Epoch   7/200 | Accuracy:  60.1562 | Loss:   1.3974
2023-12-29 05:52:19,562 | INFO | hilo.kernel-accessor : Fetching kernel: gumbel
2023-12-29 05:52:19,563 | INFO | hilo.gumbel-kernel : Calculating Gumbel distribution (location: -0.07543864101171494, scale 0.4985138177871704)
2023-12-29 05:52:19,564 | INFO | hilo.gumbel-kernel : TOP-RIGHT:
tensor([[2.3331e-34, 2.2252e-05, 9.9996e-01],
        [0.0000e+00, 2.3332e-34, 2.2252e-05],
        [0.0000e+00, 0.0000e+00, 2.3331e-34]])
2023-12-29 05:52:19,564 | INFO | hilo.kernel-accessor : Fetching kernel: gumbel
2023-12-29 05:52:19,564 | INFO | hilo.gumbel-kernel : Calculating Gumbel distribution (location: -0.8013501167297363, scale 0.9300477504730225)
2023-12-29 05:52:19,565 | INFO | hilo.gumbel-kernel : TOP-RIGHT:
tensor([[3.9955e-20, 6.8458e-06, 9.9999e-01],
        [0.0000e+00, 3.9955e-20, 6.8458e-06],
        [0.0000e+00, 0.0000e+00, 3.9955e-20]])
2023-12-29 05:52:19,565 | INFO | hilo.kernel-accessor : Fetching kernel: gumbel
2023-12-29 05:52:19,565 | INFO | hilo.gumbel-kernel : Calculating Gumbel distribution (location: -2.1690022945404053, scale 2.5973143577575684)
2023-12-29 05:52:19,566 | INFO | hilo.gumbel-kernel : STATIC:
tensor([[8.9672e-01, 5.0324e-02, 8.7492e-04],
        [5.0324e-02, 8.7493e-04, 2.7178e-06],
        [8.7492e-04, 2.7178e-06, 6.7187e-10]])
2023-12-29 05:52:19,566 | INFO | hilo.kernel-accessor : Fetching kernel: gumbel
2023-12-29 05:52:19,567 | INFO | hilo.gumbel-kernel : Calculating Gumbel distribution (location: -1.966467261314392, scale 2.0848653316497803)
2023-12-29 05:52:19,567 | INFO | hilo.gumbel-kernel : TOP-LEFT:
tensor([[9.7906e-01, 1.0457e-02, 9.1788e-06],
        [1.0457e-02, 9.1788e-06, 1.4224e-10],
        [9.1788e-06, 1.4224e-10, 3.2439e-18]])
2023-12-29 05:52:27,956 | INFO | hilo : Epoch   8/200 | Accuracy:  57.0312 | Loss:   1.3571
2023-12-29 05:52:27,957 | INFO | hilo.kernel-accessor : Fetching kernel: gumbel
2023-12-29 05:52:27,957 | INFO | hilo.gumbel-kernel : Calculating Gumbel distribution (location: -0.011830272153019905, scale 0.5401893854141235)
2023-12-29 05:52:27,958 | INFO | hilo.gumbel-kernel : TOP-RIGHT:
tensor([[2.8091e-20, 5.7557e-04, 9.9885e-01],
        [0.0000e+00, 2.8091e-20, 5.7557e-04],
        [0.0000e+00, 0.0000e+00, 2.8091e-20]])
2023-12-29 05:52:27,958 | INFO | hilo.kernel-accessor : Fetching kernel: gumbel
2023-12-29 05:52:27,958 | INFO | hilo.gumbel-kernel : Calculating Gumbel distribution (location: -0.8175917267799377, scale 1.0615570545196533)
2023-12-29 05:52:27,959 | INFO | hilo.gumbel-kernel : TOP-LEFT:
tensor([[9.9948e-01, 2.6233e-04, 7.4744e-13],
        [2.6233e-04, 7.4744e-13, 3.9274e-34],
        [7.4744e-13, 3.9274e-34, 0.0000e+00]])
2023-12-29 05:52:27,959 | INFO | hilo.kernel-accessor : Fetching kernel: gumbel
2023-12-29 05:52:27,959 | INFO | hilo.gumbel-kernel : Calculating Gumbel distribution (location: -2.7138612270355225, scale 3.386366367340088)
2023-12-29 05:52:27,960 | INFO | hilo.gumbel-kernel : TOP-RIGHT:
tensor([[7.8059e-03, 1.0382e-01, 7.6840e-01],
        [2.6701e-04, 7.8059e-03, 1.0382e-01],
        [3.1704e-06, 2.6701e-04, 7.8059e-03]])
2023-12-29 05:52:27,960 | INFO | hilo.kernel-accessor : Fetching kernel: gumbel
2023-12-29 05:52:27,961 | INFO | hilo.gumbel-kernel : Calculating Gumbel distribution (location: -2.8360323905944824, scale 2.916177272796631)
2023-12-29 05:52:27,961 | INFO | hilo.gumbel-kernel : TOP-RIGHT:
tensor([[4.7262e-04, 3.7506e-02, 9.2357e-01],
        [1.1450e-06, 4.7262e-04, 3.7506e-02],
        [2.7170e-10, 1.1450e-06, 4.7262e-04]])
2023-12-29 05:52:36,335 | INFO | hilo : Epoch   9/200 | Accuracy:  68.7500 | Loss:   1.3262
2023-12-29 05:52:36,335 | INFO | hilo.kernel-accessor : Fetching kernel: gumbel
2023-12-29 05:52:36,336 | INFO | hilo.gumbel-kernel : Calculating Gumbel distribution (location: -0.00696804653853178, scale 0.5470730662345886)
2023-12-29 05:52:36,336 | INFO | hilo.gumbel-kernel : STATIC:
tensor([[9.9848e-01, 7.5787e-04, 4.1368e-19],
        [7.5787e-04, 4.1368e-19, 0.0000e+00],
        [4.1368e-19, 0.0000e+00, 0.0000e+00]])
2023-12-29 05:52:36,337 | INFO | hilo.kernel-accessor : Fetching kernel: gumbel
2023-12-29 05:52:36,337 | INFO | hilo.gumbel-kernel : Calculating Gumbel distribution (location: -0.7424850463867188, scale 0.965833842754364)
2023-12-29 05:52:36,338 | INFO | hilo.gumbel-kernel : TOP-LEFT:
tensor([[9.9985e-01, 7.5905e-05, 1.2453e-15],
        [7.5905e-05, 1.2453e-15, 0.0000e+00],
        [1.2453e-15, 0.0000e+00, 0.0000e+00]])
2023-12-29 05:52:36,338 | INFO | hilo.kernel-accessor : Fetching kernel: gumbel
2023-12-29 05:52:36,338 | INFO | hilo.gumbel-kernel : Calculating Gumbel distribution (location: -2.489067554473877, scale 2.983583927154541)
2023-12-29 05:52:36,339 | INFO | hilo.gumbel-kernel : STATIC:
tensor([[8.4542e-01, 7.3160e-02, 2.7306e-03],
        [7.3160e-02, 2.7306e-03, 3.1448e-05],
        [2.7306e-03, 3.1448e-05, 6.9979e-08]])
2023-12-29 05:52:36,339 | INFO | hilo.kernel-accessor : Fetching kernel: gumbel
2023-12-29 05:52:36,339 | INFO | hilo.gumbel-kernel : Calculating Gumbel distribution (location: -1.9003045558929443, scale 2.237269163131714)
2023-12-29 05:52:36,340 | INFO | hilo.gumbel-kernel : TOP-LEFT:
tensor([[9.4413e-01, 2.7719e-02, 1.4334e-04],
        [2.7719e-02, 1.4334e-04, 4.9072e-08],
        [1.4334e-04, 4.9072e-08, 2.4076e-13]])
2023-12-29 05:52:44,575 | INFO | hilo : Epoch  10/200 | Accuracy:  59.7168 | Loss:   1.2329
2023-12-29 05:52:44,576 | INFO | hilo.kernel-accessor : Fetching kernel: gumbel
2023-12-29 05:52:44,576 | INFO | hilo.gumbel-kernel : Calculating Gumbel distribution (location: -0.10533788800239563, scale 0.477019727230072)
2023-12-29 05:52:44,577 | INFO | hilo.gumbel-kernel : TOP-RIGHT:
tensor([[0.0000e+00, 1.8591e-06, 1.0000e+00],
        [0.0000e+00, 0.0000e+00, 1.8591e-06],
        [0.0000e+00, 0.0000e+00, 0.0000e+00]])
2023-12-29 05:52:44,577 | INFO | hilo.kernel-accessor : Fetching kernel: gumbel
2023-12-29 05:52:44,577 | INFO | hilo.gumbel-kernel : Calculating Gumbel distribution (location: -0.7438808679580688, scale 0.9554921388626099)
2023-12-29 05:52:44,578 | INFO | hilo.gumbel-kernel : TOP-LEFT:
tensor([[9.9989e-01, 5.4641e-05, 2.7446e-16],
        [5.4641e-05, 2.7446e-16, 0.0000e+00],
        [2.7446e-16, 0.0000e+00, 0.0000e+00]])
2023-12-29 05:52:44,578 | INFO | hilo.kernel-accessor : Fetching kernel: gumbel
2023-12-29 05:52:44,578 | INFO | hilo.gumbel-kernel : Calculating Gumbel distribution (location: -2.5585696697235107, scale 3.04097580909729)
2023-12-29 05:52:44,579 | INFO | hilo.gumbel-kernel : TOP-RIGHT:
tensor([[2.9234e-03, 7.4594e-02, 8.4197e-01],
        [3.6891e-05, 2.9234e-03, 7.4594e-02],
        [9.6424e-08, 3.6891e-05, 2.9234e-03]])
2023-12-29 05:52:44,579 | INFO | hilo.kernel-accessor : Fetching kernel: gumbel
2023-12-29 05:52:44,579 | INFO | hilo.gumbel-kernel : Calculating Gumbel distribution (location: -2.4530324935913086, scale 2.269940137863159)
2023-12-29 05:52:44,580 | INFO | hilo.gumbel-kernel : TOP-RIGHT:
tensor([[1.9176e-06, 5.2097e-03, 9.8957e-01],
        [1.1316e-11, 1.9176e-06, 5.2097e-03],
        [1.0864e-19, 1.1316e-11, 1.9176e-06]])
2023-12-29 05:52:53,018 | INFO | hilo : Epoch  11/200 | Accuracy:  60.9375 | Loss:   0.8574
2023-12-29 05:52:53,018 | INFO | hilo.kernel-accessor : Fetching kernel: gumbel
2023-12-29 05:52:53,019 | INFO | hilo.gumbel-kernel : Calculating Gumbel distribution (location: 0.030319413170218468, scale 0.4770490229129791)
2023-12-29 05:52:53,020 | INFO | hilo.gumbel-kernel : TOP-LEFT:
tensor([[9.9954e-01, 2.2933e-04, 1.7744e-27],
        [2.2933e-04, 1.7744e-27, 0.0000e+00],
        [1.7744e-27, 0.0000e+00, 0.0000e+00]])
2023-12-29 05:52:53,020 | INFO | hilo.kernel-accessor : Fetching kernel: gumbel
2023-12-29 05:52:53,020 | INFO | hilo.gumbel-kernel : Calculating Gumbel distribution (location: -0.7238712310791016, scale 0.8655504584312439)
2023-12-29 05:52:53,021 | INFO | hilo.gumbel-kernel : TOP-LEFT:
tensor([[9.9999e-01, 2.9311e-06, 9.7892e-23],
        [2.9311e-06, 9.7892e-23, 0.0000e+00],
        [9.7892e-23, 0.0000e+00, 0.0000e+00]])
2023-12-29 05:52:53,021 | INFO | hilo.kernel-accessor : Fetching kernel: gumbel
2023-12-29 05:52:53,021 | INFO | hilo.gumbel-kernel : Calculating Gumbel distribution (location: -2.15639066696167, scale 2.7673816680908203)
2023-12-29 05:52:53,022 | INFO | hilo.gumbel-kernel : TOP-RIGHT:
tensor([[2.6599e-03, 7.4288e-02, 8.4339e-01],
        [2.6163e-05, 2.6599e-03, 7.4288e-02],
        [4.0287e-08, 2.6163e-05, 2.6599e-03]])
2023-12-29 05:52:53,022 | INFO | hilo.kernel-accessor : Fetching kernel: gumbel
2023-12-29 05:52:53,022 | INFO | hilo.gumbel-kernel : Calculating Gumbel distribution (location: -2.1048269271850586, scale 2.138286590576172)
2023-12-29 05:52:53,023 | INFO | hilo.gumbel-kernel : TOP-LEFT:
tensor([[9.8277e-01, 8.6076e-03, 5.9098e-06],
        [8.6076e-03, 5.9098e-06, 6.9695e-11],
        [5.9098e-06, 6.9695e-11, 1.2512e-18]])
2023-12-29 05:53:01,579 | INFO | hilo : Epoch  12/200 | Accuracy:  62.5000 | Loss:   1.2294
2023-12-29 05:53:01,580 | INFO | hilo.kernel-accessor : Fetching kernel: gumbel
2023-12-29 05:53:01,580 | INFO | hilo.gumbel-kernel : Calculating Gumbel distribution (location: -0.028203170746564865, scale 0.47290489077568054)
2023-12-29 05:53:01,581 | INFO | hilo.gumbel-kernel : TOP-RIGHT:
tensor([[1.1376e-35, 3.2840e-05, 9.9993e-01],
        [0.0000e+00, 1.1376e-35, 3.2840e-05],
        [0.0000e+00, 0.0000e+00, 1.1376e-35]])
2023-12-29 05:53:01,581 | INFO | hilo.kernel-accessor : Fetching kernel: gumbel
2023-12-29 05:53:01,582 | INFO | hilo.gumbel-kernel : Calculating Gumbel distribution (location: -0.7917617559432983, scale 0.9008715748786926)
2023-12-29 05:53:01,582 | INFO | hilo.gumbel-kernel : TOP-LEFT:
tensor([[9.9999e-01, 2.4759e-06, 2.3040e-22],
        [2.4759e-06, 2.3041e-22, 0.0000e+00],
        [2.3040e-22, 0.0000e+00, 0.0000e+00]])
2023-12-29 05:53:01,582 | INFO | hilo.kernel-accessor : Fetching kernel: gumbel
2023-12-29 05:53:01,583 | INFO | hilo.gumbel-kernel : Calculating Gumbel distribution (location: -1.9236758947372437, scale 2.497133493423462)
2023-12-29 05:53:01,583 | INFO | hilo.gumbel-kernel : STATIC:
tensor([[8.7806e-01, 5.9044e-02, 1.2796e-03],
        [5.9044e-02, 1.2796e-03, 5.1176e-06],
        [1.2796e-03, 5.1176e-06, 1.6431e-09]])
2023-12-29 05:53:01,583 | INFO | hilo.kernel-accessor : Fetching kernel: gumbel
2023-12-29 05:53:01,584 | INFO | hilo.gumbel-kernel : Calculating Gumbel distribution (location: -2.4830541610717773, scale 2.3438055515289307)
2023-12-29 05:53:01,584 | INFO | hilo.gumbel-kernel : TOP-LEFT:
tensor([[9.8464e-01, 7.6723e-03, 5.6659e-06],
        [7.6723e-03, 5.6659e-06, 1.1318e-10],
        [5.6659e-06, 1.1318e-10, 8.9565e-18]])
2023-12-29 05:53:10,045 | INFO | hilo : Epoch  13/200 | Accuracy:  64.0625 | Loss:   1.2232
2023-12-29 05:53:10,045 | INFO | hilo.kernel-accessor : Fetching kernel: gumbel
2023-12-29 05:53:10,046 | INFO | hilo.gumbel-kernel : Calculating Gumbel distribution (location: -0.06261998414993286, scale 0.5314807295799255)
2023-12-29 05:53:10,047 | INFO | hilo.gumbel-kernel : TOP-LEFT:
tensor([[9.9973e-01, 1.3319e-04, 1.7143e-25],
        [1.3319e-04, 1.7143e-25, 0.0000e+00],
        [1.7143e-25, 0.0000e+00, 0.0000e+00]])
2023-12-29 05:53:10,047 | INFO | hilo.kernel-accessor : Fetching kernel: gumbel
2023-12-29 05:53:10,047 | INFO | hilo.gumbel-kernel : Calculating Gumbel distribution (location: -0.7506105899810791, scale 0.9476920962333679)
2023-12-29 05:53:10,048 | INFO | hilo.gumbel-kernel : TOP-RIGHT:
tensor([[5.3871e-17, 3.7788e-05, 9.9992e-01],
        [0.0000e+00, 5.3871e-17, 3.7788e-05],
        [0.0000e+00, 0.0000e+00, 5.3871e-17]])
2023-12-29 05:53:10,048 | INFO | hilo.kernel-accessor : Fetching kernel: gumbel
2023-12-29 05:53:10,048 | INFO | hilo.gumbel-kernel : Calculating Gumbel distribution (location: -2.7314200401306152, scale 3.0626425743103027)
2023-12-29 05:53:10,049 | INFO | hilo.gumbel-kernel : STATIC:
tensor([[8.6847e-01, 6.2931e-02, 1.8775e-03],
        [6.2931e-02, 1.8775e-03, 1.6372e-05],
        [1.8775e-03, 1.6372e-05, 2.5950e-08]])
2023-12-29 05:53:10,049 | INFO | hilo.kernel-accessor : Fetching kernel: gumbel
2023-12-29 05:53:10,049 | INFO | hilo.gumbel-kernel : Calculating Gumbel distribution (location: -2.298834800720215, scale 2.2392492294311523)
2023-12-29 05:53:10,050 | INFO | hilo.gumbel-kernel : STATIC:
tensor([[9.8432e-01, 7.8326e-03, 5.2733e-06],
        [7.8326e-03, 5.2733e-06, 7.4792e-11],
        [5.2733e-06, 7.4792e-11, 2.5438e-18]])
2023-12-29 05:53:18,499 | INFO | hilo : Epoch  14/200 | Accuracy:  62.3958 | Loss:   1.2580
2023-12-29 05:53:18,499 | INFO | hilo.kernel-accessor : Fetching kernel: gumbel
2023-12-29 05:53:18,499 | INFO | hilo.gumbel-kernel : Calculating Gumbel distribution (location: -0.025090141221880913, scale 0.5023751854896545)
2023-12-29 05:53:18,500 | INFO | hilo.gumbel-kernel : STATIC:
tensor([[9.9975e-01, 1.2664e-04, 1.0946e-27],
        [1.2664e-04, 1.0946e-27, 0.0000e+00],
        [1.0946e-27, 0.0000e+00, 0.0000e+00]])
2023-12-29 05:53:18,501 | INFO | hilo.kernel-accessor : Fetching kernel: gumbel
2023-12-29 05:53:18,501 | INFO | hilo.gumbel-kernel : Calculating Gumbel distribution (location: -0.7569711804389954, scale 0.8776642084121704)
2023-12-29 05:53:18,502 | INFO | hilo.gumbel-kernel : STATIC:
tensor([[1.0000e+00, 2.1185e-06, 4.4376e-23],
        [2.1185e-06, 4.4376e-23, 0.0000e+00],
        [4.4376e-23, 0.0000e+00, 0.0000e+00]])
2023-12-29 05:53:18,502 | INFO | hilo.kernel-accessor : Fetching kernel: gumbel
2023-12-29 05:53:18,502 | INFO | hilo.gumbel-kernel : Calculating Gumbel distribution (location: -1.817966103553772, scale 2.4612441062927246)
2023-12-29 05:53:18,503 | INFO | hilo.gumbel-kernel : TOP-LEFT:
tensor([[8.6677e-01, 6.4232e-02, 1.5833e-03],
        [6.4232e-02, 1.5833e-03, 7.4765e-06],
        [1.5833e-03, 7.4765e-06, 2.9543e-09]])
2023-12-29 05:53:18,503 | INFO | hilo.kernel-accessor : Fetching kernel: gumbel
2023-12-29 05:53:18,503 | INFO | hilo.gumbel-kernel : Calculating Gumbel distribution (location: -2.1069390773773193, scale 1.9839428663253784)
2023-12-29 05:53:18,504 | INFO | hilo.gumbel-kernel : STATIC:
tensor([[9.9500e-01, 2.5007e-03, 1.7293e-07],
        [2.5007e-03, 1.7293e-07, 3.1227e-14],
        [1.7293e-07, 3.1227e-14, 2.9856e-25]])
2023-12-29 05:53:27,003 | INFO | hilo : Epoch  15/200 | Accuracy:  56.4538 | Loss:   1.1873
2023-12-29 05:53:27,003 | INFO | hilo.kernel-accessor : Fetching kernel: gumbel
2023-12-29 05:53:27,003 | INFO | hilo.gumbel-kernel : Calculating Gumbel distribution (location: 0.0026164702139794827, scale 0.5058832168579102)
2023-12-29 05:53:27,004 | INFO | hilo.gumbel-kernel : STATIC:
tensor([[9.9941e-01, 2.9383e-04, 2.0493e-24],
        [2.9383e-04, 2.0493e-24, 0.0000e+00],
        [2.0493e-24, 0.0000e+00, 0.0000e+00]])
2023-12-29 05:53:27,004 | INFO | hilo.kernel-accessor : Fetching kernel: gumbel
2023-12-29 05:53:27,005 | INFO | hilo.gumbel-kernel : Calculating Gumbel distribution (location: -0.7415498495101929, scale 0.9371393322944641)
2023-12-29 05:53:27,005 | INFO | hilo.gumbel-kernel : STATIC:
tensor([[9.9994e-01, 3.2030e-05, 2.1113e-17],
        [3.2030e-05, 2.1113e-17, 0.0000e+00],
        [2.1113e-17, 0.0000e+00, 0.0000e+00]])
2023-12-29 05:53:27,005 | INFO | hilo.kernel-accessor : Fetching kernel: gumbel
2023-12-29 05:53:27,006 | INFO | hilo.gumbel-kernel : Calculating Gumbel distribution (location: -2.219553232192993, scale 2.8781747817993164)
2023-12-29 05:53:27,006 | INFO | hilo.gumbel-kernel : STATIC:
tensor([[8.2208e-01, 8.3262e-02, 3.7629e-03],
        [8.3262e-02, 3.7629e-03, 5.4269e-05],
        [3.7629e-03, 5.4269e-05, 1.5540e-07]])
2023-12-29 05:53:27,006 | INFO | hilo.kernel-accessor : Fetching kernel: gumbel
2023-12-29 05:53:27,007 | INFO | hilo.gumbel-kernel : Calculating Gumbel distribution (location: -2.7243566513061523, scale 2.6012356281280518)
2023-12-29 05:53:27,007 | INFO | hilo.gumbel-kernel : TOP-LEFT:
tensor([[9.7055e-01, 1.4668e-02, 3.7196e-05],
        [1.4668e-02, 3.7196e-05, 6.8549e-09],
        [3.7196e-05, 6.8549e-09, 2.6860e-14]])
2023-12-29 05:53:35,451 | INFO | hilo : Epoch  16/200 | Accuracy:  59.3750 | Loss:   1.3114
2023-12-29 05:53:35,451 | INFO | hilo.kernel-accessor : Fetching kernel: gumbel
2023-12-29 05:53:35,452 | INFO | hilo.gumbel-kernel : Calculating Gumbel distribution (location: -0.11452316492795944, scale 0.4762778878211975)
2023-12-29 05:53:35,453 | INFO | hilo.gumbel-kernel : TOP-LEFT:
tensor([[1.0000e+00, 1.1381e-06, 0.0000e+00],
        [1.1381e-06, 0.0000e+00, 0.0000e+00],
        [0.0000e+00, 0.0000e+00, 0.0000e+00]])
2023-12-29 05:53:35,453 | INFO | hilo.kernel-accessor : Fetching kernel: gumbel
2023-12-29 05:53:35,453 | INFO | hilo.gumbel-kernel : Calculating Gumbel distribution (location: -0.781320333480835, scale 0.9335963129997253)
2023-12-29 05:53:35,454 | INFO | hilo.gumbel-kernel : TOP-RIGHT:
tensor([[4.5503e-19, 1.2347e-05, 9.9998e-01],
        [0.0000e+00, 4.5503e-19, 1.2347e-05],
        [0.0000e+00, 0.0000e+00, 4.5503e-19]])
2023-12-29 05:53:35,454 | INFO | hilo.kernel-accessor : Fetching kernel: gumbel
2023-12-29 05:53:35,454 | INFO | hilo.gumbel-kernel : Calculating Gumbel distribution (location: -2.208667755126953, scale 2.862677812576294)
2023-12-29 05:53:35,455 | INFO | hilo.gumbel-kernel : STATIC:
tensor([[8.2463e-01, 8.2211e-02, 3.6172e-03],
        [8.2211e-02, 3.6172e-03, 4.9896e-05],
        [3.6172e-03, 4.9896e-05, 1.3285e-07]])
2023-12-29 05:53:35,455 | INFO | hilo.kernel-accessor : Fetching kernel: gumbel
2023-12-29 05:53:35,455 | INFO | hilo.gumbel-kernel : Calculating Gumbel distribution (location: -2.754758834838867, scale 2.490229606628418)
2023-12-29 05:53:35,456 | INFO | hilo.gumbel-kernel : TOP-LEFT:
tensor([[9.8556e-01, 7.2130e-03, 5.6676e-06],
        [7.2130e-03, 5.6676e-06, 1.5871e-10],
        [5.6676e-06, 1.5871e-10, 3.0491e-17]])
2023-12-29 05:53:43,883 | INFO | hilo : Epoch  17/200 | Accuracy:  62.5000 | Loss:   1.3216
2023-12-29 05:53:43,884 | INFO | hilo.kernel-accessor : Fetching kernel: gumbel
2023-12-29 05:53:43,884 | INFO | hilo.gumbel-kernel : Calculating Gumbel distribution (location: -0.05950599163770676, scale 0.4823330342769623)
2023-12-29 05:53:43,885 | INFO | hilo.gumbel-kernel : TOP-RIGHT:
tensor([[4.1605e-37, 1.7226e-05, 9.9997e-01],
        [0.0000e+00, 4.1605e-37, 1.7226e-05],
        [0.0000e+00, 0.0000e+00, 4.1605e-37]])
2023-12-29 05:53:43,885 | INFO | hilo.kernel-accessor : Fetching kernel: gumbel
2023-12-29 05:53:43,886 | INFO | hilo.gumbel-kernel : Calculating Gumbel distribution (location: -0.7644554972648621, scale 0.9554682374000549)
2023-12-29 05:53:43,886 | INFO | hilo.gumbel-kernel : TOP-LEFT:
tensor([[9.9993e-01, 3.7122e-05, 6.1963e-17],
        [3.7122e-05, 6.1963e-17, 0.0000e+00],
        [6.1963e-17, 0.0000e+00, 0.0000e+00]])
2023-12-29 05:53:43,886 | INFO | hilo.kernel-accessor : Fetching kernel: gumbel
2023-12-29 05:53:43,887 | INFO | hilo.gumbel-kernel : Calculating Gumbel distribution (location: -2.100564956665039, scale 2.673354387283325)
2023-12-29 05:53:43,887 | INFO | hilo.gumbel-kernel : STATIC:
tensor([[8.6082e-01, 6.6697e-02, 1.9191e-03],
        [6.6697e-02, 1.9191e-03, 1.3084e-05],
        [1.9191e-03, 1.3084e-05, 1.1000e-08]])
2023-12-29 05:53:43,887 | INFO | hilo.kernel-accessor : Fetching kernel: gumbel
2023-12-29 05:53:43,888 | INFO | hilo.gumbel-kernel : Calculating Gumbel distribution (location: -2.3602075576782227, scale 2.2156262397766113)
2023-12-29 05:53:43,888 | INFO | hilo.gumbel-kernel : TOP-LEFT:
tensor([[9.8965e-01, 5.1737e-03, 1.7476e-06],
        [5.1737e-03, 1.7476e-06, 7.9939e-12],
        [1.7476e-06, 7.9939e-12, 4.2566e-20]])
2023-12-29 05:53:52,441 | INFO | hilo : Epoch  18/200 | Accuracy:  61.8750 | Loss:   1.1293
2023-12-29 05:53:52,441 | INFO | hilo.kernel-accessor : Fetching kernel: gumbel
2023-12-29 05:53:52,441 | INFO | hilo.gumbel-kernel : Calculating Gumbel distribution (location: -0.0809381827712059, scale 0.49030157923698425)
2023-12-29 05:53:52,442 | INFO | hilo.gumbel-kernel : TOP-RIGHT:
tensor([[1.3466e-37, 1.1855e-05, 9.9998e-01],
        [0.0000e+00, 1.3465e-37, 1.1855e-05],
        [0.0000e+00, 0.0000e+00, 1.3466e-37]])
2023-12-29 05:53:52,442 | INFO | hilo.kernel-accessor : Fetching kernel: gumbel
2023-12-29 05:53:52,443 | INFO | hilo.gumbel-kernel : Calculating Gumbel distribution (location: -0.835615873336792, scale 0.9637128114700317)
2023-12-29 05:53:52,443 | INFO | hilo.gumbel-kernel : TOP-RIGHT:
tensor([[9.1302e-19, 1.1639e-05, 9.9998e-01],
        [0.0000e+00, 9.1302e-19, 1.1639e-05],
        [0.0000e+00, 0.0000e+00, 9.1302e-19]])
2023-12-29 05:53:52,444 | INFO | hilo.kernel-accessor : Fetching kernel: gumbel
2023-12-29 05:53:52,444 | INFO | hilo.gumbel-kernel : Calculating Gumbel distribution (location: -2.0133535861968994, scale 2.46502947807312)
2023-12-29 05:53:52,444 | INFO | hilo.gumbel-kernel : TOP-LEFT:
tensor([[9.0499e-01, 4.6510e-02, 6.6320e-04],
        [4.6510e-02, 6.6320e-04, 1.3815e-06],
        [6.6320e-04, 1.3815e-06, 1.6059e-10]])
2023-12-29 05:53:52,445 | INFO | hilo.kernel-accessor : Fetching kernel: gumbel
2023-12-29 05:53:52,445 | INFO | hilo.gumbel-kernel : Calculating Gumbel distribution (location: -2.644930839538574, scale 2.5862326622009277)
2023-12-29 05:53:52,446 | INFO | hilo.gumbel-kernel : TOP-RIGHT:
tensor([[5.3740e-05, 1.7050e-02, 9.6574e-01],
        [1.3406e-08, 5.3740e-05, 1.7050e-02],
        [7.9937e-14, 1.3406e-08, 5.3740e-05]])
2023-12-29 05:54:00,948 | INFO | hilo : Epoch  19/200 | Accuracy:  64.3694 | Loss:   1.0278
2023-12-29 05:54:00,948 | INFO | hilo.kernel-accessor : Fetching kernel: gumbel
2023-12-29 05:54:00,948 | INFO | hilo.gumbel-kernel : Calculating Gumbel distribution (location: -0.07493312656879425, scale 0.5608997941017151)
2023-12-29 05:54:00,949 | INFO | hilo.gumbel-kernel : STATIC:
tensor([[9.9948e-01, 2.6249e-04, 9.0356e-22],
        [2.6249e-04, 9.0355e-22, 0.0000e+00],
        [9.0356e-22, 0.0000e+00, 0.0000e+00]])
2023-12-29 05:54:00,949 | INFO | hilo.kernel-accessor : Fetching kernel: gumbel
2023-12-29 05:54:00,950 | INFO | hilo.gumbel-kernel : Calculating Gumbel distribution (location: -0.7094659209251404, scale 1.0337109565734863)
2023-12-29 05:54:00,950 | INFO | hilo.gumbel-kernel : STATIC:
tensor([[9.9878e-01, 6.0851e-04, 1.0236e-11],
        [6.0851e-04, 1.0236e-11, 1.7421e-31],
        [1.0236e-11, 1.7421e-31, 0.0000e+00]])
2023-12-29 05:54:00,950 | INFO | hilo.kernel-accessor : Fetching kernel: gumbel
2023-12-29 05:54:00,951 | INFO | hilo.gumbel-kernel : Calculating Gumbel distribution (location: -2.9365320205688477, scale 3.3934900760650635)
2023-12-29 05:54:00,951 | INFO | hilo.gumbel-kernel : TOP-LEFT:
tensor([[8.1074e-01, 8.7260e-02, 4.8401e-03],
        [8.7260e-02, 4.8401e-03, 1.1024e-04],
        [4.8401e-03, 1.1024e-04, 7.5993e-07]])
2023-12-29 05:54:00,951 | INFO | hilo.kernel-accessor : Fetching kernel: gumbel
2023-12-29 05:54:00,952 | INFO | hilo.gumbel-kernel : Calculating Gumbel distribution (location: -3.0344290733337402, scale 2.8848166465759277)
2023-12-29 05:54:00,952 | INFO | hilo.gumbel-kernel : STATIC:
tensor([[9.5438e-01, 2.2612e-02, 1.3119e-04],
        [2.2612e-02, 1.3119e-04, 1.0405e-07],
        [1.3119e-04, 1.0405e-07, 4.9471e-12]])
2023-12-29 05:54:09,487 | INFO | hilo : Epoch  20/200 | Accuracy:  63.5417 | Loss:   1.4074
2023-12-29 05:54:09,487 | INFO | hilo.kernel-accessor : Fetching kernel: gumbel
2023-12-29 05:54:09,488 | INFO | hilo.gumbel-kernel : Calculating Gumbel distribution (location: 0.03580651432275772, scale 0.5146124958992004)
2023-12-29 05:54:09,489 | INFO | hilo.gumbel-kernel : TOP-LEFT:
tensor([[9.9843e-01, 7.8573e-04, 1.8758e-20],
        [7.8573e-04, 1.8758e-20, 0.0000e+00],
        [1.8758e-20, 0.0000e+00, 0.0000e+00]])
2023-12-29 05:54:09,489 | INFO | hilo.kernel-accessor : Fetching kernel: gumbel
2023-12-29 05:54:09,489 | INFO | hilo.gumbel-kernel : Calculating Gumbel distribution (location: -0.7120009660720825, scale 0.982107400894165)
2023-12-29 05:54:09,490 | INFO | hilo.gumbel-kernel : TOP-RIGHT:
tensor([[6.0177e-14, 1.9230e-04, 9.9962e-01],
        [1.7795e-39, 6.0176e-14, 1.9230e-04],
        [0.0000e+00, 1.7795e-39, 6.0177e-14]])
2023-12-29 05:54:09,490 | INFO | hilo.kernel-accessor : Fetching kernel: gumbel
2023-12-29 05:54:09,490 | INFO | hilo.gumbel-kernel : Calculating Gumbel distribution (location: -2.448747158050537, scale 2.8556501865386963)
2023-12-29 05:54:09,491 | INFO | hilo.gumbel-kernel : TOP-LEFT:
tensor([[8.7534e-01, 5.9998e-02, 1.5480e-03],
        [5.9998e-02, 1.5480e-03, 9.9796e-06],
        [1.5480e-03, 9.9796e-06, 8.9873e-09]])
2023-12-29 05:54:09,491 | INFO | hilo.kernel-accessor : Fetching kernel: gumbel
2023-12-29 05:54:09,491 | INFO | hilo.gumbel-kernel : Calculating Gumbel distribution (location: -2.5293421745300293, scale 2.448538064956665)
2023-12-29 05:54:09,492 | INFO | hilo.gumbel-kernel : TOP-LEFT:
tensor([[9.7574e-01, 1.2101e-02, 2.0142e-05],
        [1.2101e-02, 2.0142e-05, 1.6339e-09],
        [2.0142e-05, 1.6339e-09, 1.4070e-15]])
2023-12-29 05:54:17,987 | INFO | hilo : Epoch  21/200 | Accuracy:  65.6250 | Loss:   0.9723
2023-12-29 05:54:17,987 | INFO | hilo.kernel-accessor : Fetching kernel: gumbel
2023-12-29 05:54:17,987 | INFO | hilo.gumbel-kernel : Calculating Gumbel distribution (location: -0.036336563527584076, scale 0.501724898815155)
2023-12-29 05:54:17,988 | INFO | hilo.gumbel-kernel : STATIC:
tensor([[9.9982e-01, 8.9645e-05, 5.4648e-29],
        [8.9645e-05, 5.4650e-29, 0.0000e+00],
        [5.4648e-29, 0.0000e+00, 0.0000e+00]])
