2024-03-07 23:34:26,541 | INFO | hilo : 
+==============================================================+
|                                                              |
| ██████╗  █████╗ ██████╗ ██╗         ██╗      █████╗ ██████╗  |
| ██╔══██╗██╔══██╗██╔══██╗██║         ██║     ██╔══██╗██╔══██╗ |
| ██║  ██║███████║██║  ██║██║         ██║     ███████║██████╔╝ |
| ██║  ██║██╔══██║██║  ██║██║         ██║     ██╔══██║██╔══██╗ |
| ██████╔╝██║  ██║██████╔╝███████╗    ███████╗██║  ██║██████╔╝ |
| ╚═════╝ ╚═╝  ╚═╝╚═════╝ ╚══════╝    ╚══════╝╚═╝  ╚═╝╚═════╝  |
+==============================================================+
|             Hi-Lo Resolution Image Classification            |
|             -------------------------------------            |
|                       Gabriel C. Trahan                      |
|                          Sahan Ahmad                         |
|                       MD  Aminual Islam                      |
+==============================================================+
2024-03-07 23:34:28,114 | INFO | hilo.dataset-accessor : Fetching dataset: cifar10
2024-03-07 23:34:28,114 | INFO | hilo.cifar10-dataset : Initializing transform
2024-03-07 23:34:28,114 | INFO | hilo.cifar10-dataset : Verifying/downloading train data
2024-03-07 23:34:28,722 | INFO | hilo.cifar10-dataset : Verifying/downloading test data
2024-03-07 23:34:29,203 | INFO | hilo.cifar10-dataset : Creating train data loader.
2024-03-07 23:34:29,204 | INFO | hilo.cifar10-dataset : Creating test data loader.
2024-03-07 23:34:29,313 | INFO | hilo : Output directory: output/resnet/cifar10/laplace/9/20240307_233428/
2024-03-07 23:34:30,335 | INFO | hilo : Using device: NVIDIA GeForce GTX 1060 6GB
2024-03-07 23:34:30,336 | INFO | hilo : Exeucting job: MODEL resnet | DATASET cifar10 | KERNEL laplace | TYPE 9
2024-03-07 23:34:30,336 | INFO | hilo : Commencing training phase...
2024-03-07 23:34:30,336 | INFO | hilo.kernel-accessor : Fetching kernel: laplace
2024-03-07 23:34:30,336 | INFO | hilo.laplace-kernel : Calculating Laplace distribution (location: 0.0, scale 1.0)
2024-03-07 23:34:30,337 | INFO | hilo.laplace-kernel : STATIC:
tensor([[0.4425, 0.1628, 0.0599],
        [0.1628, 0.0599, 0.0220],
        [0.0599, 0.0220, 0.0081]])
2024-03-07 23:34:30,337 | INFO | hilo.kernel-accessor : Fetching kernel: laplace
2024-03-07 23:34:30,338 | INFO | hilo.laplace-kernel : Calculating Laplace distribution (location: 0.0, scale 1.0)
2024-03-07 23:34:30,338 | INFO | hilo.laplace-kernel : BOTTOM-LEFT:
tensor([[0.0599, 0.0220, 0.0081],
        [0.1628, 0.0599, 0.0220],
        [0.4425, 0.1628, 0.0599]])
2024-03-07 23:34:30,338 | INFO | hilo.kernel-accessor : Fetching kernel: laplace
2024-03-07 23:34:30,338 | INFO | hilo.laplace-kernel : Calculating Laplace distribution (location: 0.0, scale 1.0)
2024-03-07 23:34:30,338 | INFO | hilo.laplace-kernel : BOTTOM-LEFT:
tensor([[0.0599, 0.0220, 0.0081],
        [0.1628, 0.0599, 0.0220],
        [0.4425, 0.1628, 0.0599]])
2024-03-07 23:34:30,338 | INFO | hilo.kernel-accessor : Fetching kernel: laplace
2024-03-07 23:34:30,339 | INFO | hilo.laplace-kernel : Calculating Laplace distribution (location: 0.0, scale 1.0)
2024-03-07 23:34:30,339 | INFO | hilo.laplace-kernel : STATIC:
tensor([[0.4425, 0.1628, 0.0599],
        [0.1628, 0.0599, 0.0220],
        [0.0599, 0.0220, 0.0081]])
2024-03-07 23:34:30,339 | INFO | hilo.kernel-accessor : Fetching kernel: laplace
2024-03-07 23:34:30,339 | INFO | hilo.laplace-kernel : Calculating Laplace distribution (location: 0.0, scale 1.0)
2024-03-07 23:34:30,339 | INFO | hilo.laplace-kernel : BOTTOM-LEFT:
tensor([[0.0599, 0.0220, 0.0081],
        [0.1628, 0.0599, 0.0220],
        [0.4425, 0.1628, 0.0599]])
2024-03-07 23:34:30,339 | INFO | hilo.kernel-accessor : Fetching kernel: laplace
2024-03-07 23:34:30,340 | INFO | hilo.laplace-kernel : Calculating Laplace distribution (location: 0.0, scale 1.0)
2024-03-07 23:34:30,340 | INFO | hilo.laplace-kernel : TOP-LEFT:
tensor([[0.4425, 0.1628, 0.0599],
        [0.1628, 0.0599, 0.0220],
        [0.0599, 0.0220, 0.0081]])
2024-03-07 23:34:30,340 | INFO | hilo.kernel-accessor : Fetching kernel: laplace
2024-03-07 23:34:30,340 | INFO | hilo.laplace-kernel : Calculating Laplace distribution (location: 0.0, scale 1.0)
2024-03-07 23:34:30,340 | INFO | hilo.laplace-kernel : TOP-LEFT:
tensor([[0.4425, 0.1628, 0.0599],
        [0.1628, 0.0599, 0.0220],
        [0.0599, 0.0220, 0.0081]])
2024-03-07 23:34:30,340 | INFO | hilo.kernel-accessor : Fetching kernel: laplace
2024-03-07 23:34:30,341 | INFO | hilo.laplace-kernel : Calculating Laplace distribution (location: 0.0, scale 1.0)
2024-03-07 23:34:30,341 | INFO | hilo.laplace-kernel : BOTTOM-LEFT:
tensor([[0.0599, 0.0220, 0.0081],
        [0.1628, 0.0599, 0.0220],
        [0.4425, 0.1628, 0.0599]])
2024-03-07 23:34:30,341 | INFO | hilo.kernel-accessor : Fetching kernel: laplace
2024-03-07 23:34:30,341 | INFO | hilo.laplace-kernel : Calculating Laplace distribution (location: 0.0, scale 1.0)
2024-03-07 23:34:30,341 | INFO | hilo.laplace-kernel : BOTTOM-LEFT:
tensor([[0.0599, 0.0220, 0.0081],
        [0.1628, 0.0599, 0.0220],
        [0.4425, 0.1628, 0.0599]])
2024-03-07 23:34:30,341 | INFO | hilo.kernel-accessor : Fetching kernel: laplace
2024-03-07 23:34:30,342 | INFO | hilo.laplace-kernel : Calculating Laplace distribution (location: 0.0, scale 1.0)
2024-03-07 23:34:30,342 | INFO | hilo.laplace-kernel : BOTTOM-LEFT:
tensor([[0.0599, 0.0220, 0.0081],
        [0.1628, 0.0599, 0.0220],
        [0.4425, 0.1628, 0.0599]])
2024-03-07 23:34:30,342 | INFO | hilo.kernel-accessor : Fetching kernel: laplace
2024-03-07 23:34:30,342 | INFO | hilo.laplace-kernel : Calculating Laplace distribution (location: 0.0, scale 1.0)
2024-03-07 23:34:30,342 | INFO | hilo.laplace-kernel : STATIC:
tensor([[0.4425, 0.1628, 0.0599],
        [0.1628, 0.0599, 0.0220],
        [0.0599, 0.0220, 0.0081]])
2024-03-07 23:34:30,342 | INFO | hilo.kernel-accessor : Fetching kernel: laplace
2024-03-07 23:34:30,343 | INFO | hilo.laplace-kernel : Calculating Laplace distribution (location: 0.0, scale 1.0)
2024-03-07 23:34:30,343 | INFO | hilo.laplace-kernel : STATIC:
tensor([[0.4425, 0.1628, 0.0599],
        [0.1628, 0.0599, 0.0220],
        [0.0599, 0.0220, 0.0081]])
2024-03-07 23:34:30,343 | INFO | hilo.kernel-accessor : Fetching kernel: laplace
2024-03-07 23:34:30,343 | INFO | hilo.laplace-kernel : Calculating Laplace distribution (location: 0.0, scale 1.0)
2024-03-07 23:34:30,343 | INFO | hilo.laplace-kernel : STATIC:
tensor([[0.4425, 0.1628, 0.0599],
        [0.1628, 0.0599, 0.0220],
        [0.0599, 0.0220, 0.0081]])
2024-03-07 23:34:30,343 | INFO | hilo.kernel-accessor : Fetching kernel: laplace
2024-03-07 23:34:30,344 | INFO | hilo.laplace-kernel : Calculating Laplace distribution (location: 0.0, scale 1.0)
2024-03-07 23:34:30,344 | INFO | hilo.laplace-kernel : TOP-LEFT:
tensor([[0.4425, 0.1628, 0.0599],
        [0.1628, 0.0599, 0.0220],
        [0.0599, 0.0220, 0.0081]])
2024-03-07 23:34:30,344 | INFO | hilo.kernel-accessor : Fetching kernel: laplace
2024-03-07 23:34:30,344 | INFO | hilo.laplace-kernel : Calculating Laplace distribution (location: 0.0, scale 1.0)
2024-03-07 23:34:30,344 | INFO | hilo.laplace-kernel : TOP-LEFT:
tensor([[0.4425, 0.1628, 0.0599],
        [0.1628, 0.0599, 0.0220],
        [0.0599, 0.0220, 0.0081]])
2024-03-07 23:34:30,344 | INFO | hilo.kernel-accessor : Fetching kernel: laplace
2024-03-07 23:34:30,345 | INFO | hilo.laplace-kernel : Calculating Laplace distribution (location: 0.0, scale 1.0)
2024-03-07 23:34:30,345 | INFO | hilo.laplace-kernel : BOTTOM-LEFT:
tensor([[0.0599, 0.0220, 0.0081],
        [0.1628, 0.0599, 0.0220],
        [0.4425, 0.1628, 0.0599]])
2024-03-07 23:34:30,345 | INFO | hilo.kernel-accessor : Fetching kernel: laplace
2024-03-07 23:34:30,345 | INFO | hilo.laplace-kernel : Calculating Laplace distribution (location: 0.0, scale 1.0)
2024-03-07 23:34:30,345 | INFO | hilo.laplace-kernel : TOP-LEFT:
tensor([[0.4425, 0.1628, 0.0599],
        [0.1628, 0.0599, 0.0220],
        [0.0599, 0.0220, 0.0081]])
2024-03-07 23:35:51,939 | INFO | hilo : Epoch   1/200 | Accuracy:  37.8906 | Loss:   1.7540
2024-03-07 23:35:51,939 | INFO | hilo.kernel-accessor : Fetching kernel: laplace
2024-03-07 23:35:51,939 | INFO | hilo.laplace-kernel : Calculating Laplace distribution (location: -0.017942871898412704, scale 0.6659249663352966)
2024-03-07 23:35:51,940 | INFO | hilo.laplace-kernel : BOTTOM-LEFT:
tensor([[0.0307, 0.0068, 0.0015],
        [0.1376, 0.0307, 0.0068],
        [0.6177, 0.1376, 0.0307]])
2024-03-07 23:35:51,940 | INFO | hilo.kernel-accessor : Fetching kernel: laplace
2024-03-07 23:35:51,941 | INFO | hilo.laplace-kernel : Calculating Laplace distribution (location: -0.26201558113098145, scale 1.8830292224884033)
2024-03-07 23:35:51,941 | INFO | hilo.laplace-kernel : STATIC:
tensor([[0.2674, 0.1572, 0.0925],
        [0.1572, 0.0925, 0.0544],
        [0.0925, 0.0544, 0.0320]])
2024-03-07 23:35:51,941 | INFO | hilo.kernel-accessor : Fetching kernel: laplace
2024-03-07 23:35:51,942 | INFO | hilo.laplace-kernel : Calculating Laplace distribution (location: -0.3792804181575775, scale 1.7360438108444214)
2024-03-07 23:35:51,942 | INFO | hilo.laplace-kernel : TOP-LEFT:
tensor([[0.2835, 0.1594, 0.0896],
        [0.1594, 0.0896, 0.0504],
        [0.0896, 0.0504, 0.0283]])
2024-03-07 23:35:51,942 | INFO | hilo.kernel-accessor : Fetching kernel: laplace
2024-03-07 23:35:51,943 | INFO | hilo.laplace-kernel : Calculating Laplace distribution (location: -0.247247114777565, scale 1.5895081758499146)
2024-03-07 23:35:51,943 | INFO | hilo.laplace-kernel : STATIC:
tensor([[0.3028, 0.1614, 0.0860],
        [0.1614, 0.0860, 0.0459],
        [0.0860, 0.0459, 0.0245]])
2024-03-07 23:35:51,943 | INFO | hilo.kernel-accessor : Fetching kernel: laplace
2024-03-07 23:35:51,944 | INFO | hilo.laplace-kernel : Calculating Laplace distribution (location: -0.17895010113716125, scale 1.6281484365463257)
2024-03-07 23:35:51,944 | INFO | hilo.laplace-kernel : BOTTOM-LEFT:
tensor([[0.0871, 0.0471, 0.0255],
        [0.1609, 0.0871, 0.0471],
        [0.2974, 0.1609, 0.0871]])
2024-03-07 23:35:51,944 | INFO | hilo.kernel-accessor : Fetching kernel: laplace
2024-03-07 23:35:51,945 | INFO | hilo.laplace-kernel : Calculating Laplace distribution (location: -0.19542841613292694, scale 1.2137588262557983)
2024-03-07 23:35:51,945 | INFO | hilo.laplace-kernel : STATIC:
tensor([[0.3758, 0.1649, 0.0723],
        [0.1649, 0.0723, 0.0317],
        [0.0723, 0.0317, 0.0139]])
2024-03-07 23:35:51,945 | INFO | hilo.kernel-accessor : Fetching kernel: laplace
2024-03-07 23:35:51,945 | INFO | hilo.laplace-kernel : Calculating Laplace distribution (location: -0.22273410856723785, scale 1.3108181953430176)
2024-03-07 23:35:51,946 | INFO | hilo.laplace-kernel : STATIC:
tensor([[0.3527, 0.1645, 0.0767],
        [0.1645, 0.0767, 0.0358],
        [0.0767, 0.0358, 0.0167]])
2024-03-07 23:35:51,946 | INFO | hilo.kernel-accessor : Fetching kernel: laplace
2024-03-07 23:35:51,946 | INFO | hilo.laplace-kernel : Calculating Laplace distribution (location: -0.13198423385620117, scale 1.2957624197006226)
2024-03-07 23:35:51,947 | INFO | hilo.laplace-kernel : TOP-LEFT:
tensor([[0.3561, 0.1646, 0.0761],
        [0.1646, 0.0761, 0.0352],
        [0.0761, 0.0352, 0.0163]])
2024-03-07 23:35:51,947 | INFO | hilo.kernel-accessor : Fetching kernel: laplace
2024-03-07 23:35:51,947 | INFO | hilo.laplace-kernel : Calculating Laplace distribution (location: -0.0580313615500927, scale 1.3847692012786865)
2024-03-07 23:35:51,948 | INFO | hilo.laplace-kernel : TOP-LEFT:
tensor([[0.3374, 0.1639, 0.0796],
        [0.1639, 0.0796, 0.0387],
        [0.0796, 0.0387, 0.0188]])
2024-03-07 23:35:51,948 | INFO | hilo.kernel-accessor : Fetching kernel: laplace
2024-03-07 23:35:51,948 | INFO | hilo.laplace-kernel : Calculating Laplace distribution (location: -0.0669630691409111, scale 1.1919841766357422)
2024-03-07 23:35:51,949 | INFO | hilo.laplace-kernel : BOTTOM-LEFT:
tensor([[0.0713, 0.0308, 0.0133],
        [0.1649, 0.0713, 0.0308],
        [0.3815, 0.1649, 0.0713]])
2024-03-07 23:35:51,949 | INFO | hilo.kernel-accessor : Fetching kernel: laplace
2024-03-07 23:35:51,949 | INFO | hilo.laplace-kernel : Calculating Laplace distribution (location: -0.1434386819601059, scale 1.5534768104553223)
2024-03-07 23:35:51,950 | INFO | hilo.laplace-kernel : STATIC:
tensor([[0.3082, 0.1619, 0.0851],
        [0.1619, 0.0851, 0.0447],
        [0.0851, 0.0447, 0.0235]])
2024-03-07 23:35:51,950 | INFO | hilo.kernel-accessor : Fetching kernel: laplace
2024-03-07 23:35:51,950 | INFO | hilo.laplace-kernel : Calculating Laplace distribution (location: -0.15484359860420227, scale 1.482203722000122)
2024-03-07 23:35:51,951 | INFO | hilo.laplace-kernel : STATIC:
tensor([[0.3196, 0.1628, 0.0829],
        [0.1628, 0.0829, 0.0422],
        [0.0829, 0.0422, 0.0215]])
2024-03-07 23:35:51,951 | INFO | hilo.kernel-accessor : Fetching kernel: laplace
2024-03-07 23:35:51,951 | INFO | hilo.laplace-kernel : Calculating Laplace distribution (location: -0.0773392766714096, scale 1.488810658454895)
2024-03-07 23:35:51,952 | INFO | hilo.laplace-kernel : STATIC:
tensor([[0.3185, 0.1627, 0.0831],
        [0.1627, 0.0831, 0.0425],
        [0.0831, 0.0425, 0.0217]])
2024-03-07 23:35:51,952 | INFO | hilo.kernel-accessor : Fetching kernel: laplace
2024-03-07 23:35:51,952 | INFO | hilo.laplace-kernel : Calculating Laplace distribution (location: -0.0037499582394957542, scale 1.157630205154419)
2024-03-07 23:35:51,953 | INFO | hilo.laplace-kernel : BOTTOM-LEFT:
tensor([[0.0695, 0.0293, 0.0123],
        [0.1648, 0.0695, 0.0293],
        [0.3910, 0.1648, 0.0695]])
2024-03-07 23:35:51,953 | INFO | hilo.kernel-accessor : Fetching kernel: laplace
2024-03-07 23:35:51,953 | INFO | hilo.laplace-kernel : Calculating Laplace distribution (location: -0.06967473030090332, scale 1.274186134338379)
2024-03-07 23:35:51,954 | INFO | hilo.laplace-kernel : TOP-LEFT:
tensor([[0.3610, 0.1647, 0.0751],
        [0.1647, 0.0751, 0.0343],
        [0.0751, 0.0343, 0.0156]])
2024-03-07 23:35:51,954 | INFO | hilo.kernel-accessor : Fetching kernel: laplace
2024-03-07 23:35:51,954 | INFO | hilo.laplace-kernel : Calculating Laplace distribution (location: -0.23570813238620758, scale 1.3562992811203003)
2024-03-07 23:35:51,955 | INFO | hilo.laplace-kernel : TOP-LEFT:
tensor([[0.3431, 0.1641, 0.0785],
        [0.1641, 0.0785, 0.0376],
        [0.0785, 0.0376, 0.0180]])
2024-03-07 23:35:51,955 | INFO | hilo.kernel-accessor : Fetching kernel: laplace
2024-03-07 23:35:51,955 | INFO | hilo.laplace-kernel : Calculating Laplace distribution (location: -0.14387081563472748, scale 1.30386221408844)
2024-03-07 23:35:51,956 | INFO | hilo.laplace-kernel : TOP-LEFT:
tensor([[0.3543, 0.1645, 0.0764],
        [0.1645, 0.0764, 0.0355],
        [0.0764, 0.0355, 0.0165]])
2024-03-07 23:37:12,763 | INFO | hilo : Epoch   2/200 | Accuracy:  44.9049 | Loss:   1.5776
2024-03-07 23:37:12,763 | INFO | hilo.kernel-accessor : Fetching kernel: laplace
2024-03-07 23:37:12,763 | INFO | hilo.laplace-kernel : Calculating Laplace distribution (location: -0.015774816274642944, scale 0.6455389261245728)
2024-03-07 23:37:12,764 | INFO | hilo.laplace-kernel : BOTTOM-LEFT:
tensor([[0.0285, 0.0061, 0.0013],
        [0.1343, 0.0285, 0.0061],
        [0.6323, 0.1343, 0.0285]])
2024-03-07 23:37:12,764 | INFO | hilo.kernel-accessor : Fetching kernel: laplace
2024-03-07 23:37:12,764 | INFO | hilo.laplace-kernel : Calculating Laplace distribution (location: -0.5616903305053711, scale 1.6383802890777588)
2024-03-07 23:37:12,764 | INFO | hilo.laplace-kernel : STATIC:
tensor([[0.2960, 0.1608, 0.0873],
        [0.1608, 0.0873, 0.0474],
        [0.0873, 0.0474, 0.0258]])
2024-03-07 23:37:12,764 | INFO | hilo.kernel-accessor : Fetching kernel: laplace
2024-03-07 23:37:12,765 | INFO | hilo.laplace-kernel : Calculating Laplace distribution (location: -0.35062456130981445, scale 1.2404175996780396)
2024-03-07 23:37:12,765 | INFO | hilo.laplace-kernel : STATIC:
tensor([[0.3691, 0.1648, 0.0736],
        [0.1648, 0.0736, 0.0329],
        [0.0736, 0.0329, 0.0147]])
2024-03-07 23:37:12,765 | INFO | hilo.kernel-accessor : Fetching kernel: laplace
2024-03-07 23:37:12,765 | INFO | hilo.laplace-kernel : Calculating Laplace distribution (location: -0.26500990986824036, scale 1.2274973392486572)
2024-03-07 23:37:12,765 | INFO | hilo.laplace-kernel : TOP-LEFT:
tensor([[0.3723, 0.1649, 0.0730],
        [0.1649, 0.0730, 0.0323],
        [0.0730, 0.0323, 0.0143]])
2024-03-07 23:37:12,765 | INFO | hilo.kernel-accessor : Fetching kernel: laplace
2024-03-07 23:37:12,766 | INFO | hilo.laplace-kernel : Calculating Laplace distribution (location: -0.25834330916404724, scale 1.243530511856079)
2024-03-07 23:37:12,766 | INFO | hilo.laplace-kernel : STATIC:
tensor([[0.3683, 0.1648, 0.0738],
        [0.1648, 0.0738, 0.0330],
        [0.0738, 0.0330, 0.0148]])
2024-03-07 23:37:12,766 | INFO | hilo.kernel-accessor : Fetching kernel: laplace
2024-03-07 23:37:12,766 | INFO | hilo.laplace-kernel : Calculating Laplace distribution (location: -0.16839733719825745, scale 1.0700647830963135)
2024-03-07 23:37:12,766 | INFO | hilo.laplace-kernel : BOTTOM-LEFT:
tensor([[0.0645, 0.0253, 0.0099],
        [0.1641, 0.0645, 0.0253],
        [0.4178, 0.1641, 0.0645]])
2024-03-07 23:37:12,766 | INFO | hilo.kernel-accessor : Fetching kernel: laplace
2024-03-07 23:37:12,767 | INFO | hilo.laplace-kernel : Calculating Laplace distribution (location: -0.3244236707687378, scale 1.1994463205337524)
2024-03-07 23:37:12,767 | INFO | hilo.laplace-kernel : STATIC:
tensor([[0.3796, 0.1649, 0.0716],
        [0.1649, 0.0716, 0.0311],
        [0.0716, 0.0311, 0.0135]])
2024-03-07 23:37:12,767 | INFO | hilo.kernel-accessor : Fetching kernel: laplace
2024-03-07 23:37:12,767 | INFO | hilo.laplace-kernel : Calculating Laplace distribution (location: -0.23770685493946075, scale 1.1101053953170776)
2024-03-07 23:37:12,767 | INFO | hilo.laplace-kernel : TOP-LEFT:
tensor([[0.4050, 0.1645, 0.0668],
        [0.1645, 0.0668, 0.0272],
        [0.0668, 0.0272, 0.0110]])
2024-03-07 23:37:12,767 | INFO | hilo.kernel-accessor : Fetching kernel: laplace
2024-03-07 23:37:12,768 | INFO | hilo.laplace-kernel : Calculating Laplace distribution (location: -0.17158100008964539, scale 1.1186078786849976)
2024-03-07 23:37:12,768 | INFO | hilo.laplace-kernel : BOTTOM-LEFT:
tensor([[0.0673, 0.0275, 0.0113],
        [0.1646, 0.0673, 0.0275],
        [0.4024, 0.1646, 0.0673]])
2024-03-07 23:37:12,768 | INFO | hilo.kernel-accessor : Fetching kernel: laplace
2024-03-07 23:37:12,768 | INFO | hilo.laplace-kernel : Calculating Laplace distribution (location: -0.1723344922065735, scale 0.9346088171005249)
2024-03-07 23:37:12,768 | INFO | hilo.laplace-kernel : STATIC:
tensor([[0.4687, 0.1608, 0.0551],
        [0.1608, 0.0551, 0.0189],
        [0.0551, 0.0189, 0.0065]])
2024-03-07 23:37:12,768 | INFO | hilo.kernel-accessor : Fetching kernel: laplace
2024-03-07 23:37:12,769 | INFO | hilo.laplace-kernel : Calculating Laplace distribution (location: -0.19252905249595642, scale 1.1330440044403076)
2024-03-07 23:37:12,769 | INFO | hilo.laplace-kernel : STATIC:
tensor([[0.3981, 0.1647, 0.0681],
        [0.1647, 0.0681, 0.0282],
        [0.0681, 0.0282, 0.0117]])
2024-03-07 23:37:12,769 | INFO | hilo.kernel-accessor : Fetching kernel: laplace
2024-03-07 23:37:12,769 | INFO | hilo.laplace-kernel : Calculating Laplace distribution (location: -0.12128916382789612, scale 0.9970313906669617)
2024-03-07 23:37:12,769 | INFO | hilo.laplace-kernel : STATIC:
tensor([[0.4437, 0.1627, 0.0597],
        [0.1627, 0.0597, 0.0219],
        [0.0597, 0.0219, 0.0080]])
2024-03-07 23:37:12,769 | INFO | hilo.kernel-accessor : Fetching kernel: laplace
2024-03-07 23:37:12,770 | INFO | hilo.laplace-kernel : Calculating Laplace distribution (location: -0.030963152647018433, scale 1.0486630201339722)
2024-03-07 23:37:12,770 | INFO | hilo.laplace-kernel : STATIC:
tensor([[0.4250, 0.1638, 0.0631],
        [0.1638, 0.0631, 0.0243],
        [0.0631, 0.0243, 0.0094]])
2024-03-07 23:37:12,770 | INFO | hilo.kernel-accessor : Fetching kernel: laplace
2024-03-07 23:37:12,770 | INFO | hilo.laplace-kernel : Calculating Laplace distribution (location: 0.002520516514778137, scale 0.8439107537269592)
2024-03-07 23:37:12,770 | INFO | hilo.laplace-kernel : TOP-LEFT:
tensor([[0.5093, 0.1566, 0.0479],
        [0.1566, 0.0479, 0.0146],
        [0.0479, 0.0146, 0.0045]])
2024-03-07 23:37:12,770 | INFO | hilo.kernel-accessor : Fetching kernel: laplace
2024-03-07 23:37:12,771 | INFO | hilo.laplace-kernel : Calculating Laplace distribution (location: 0.031308431178331375, scale 1.0094594955444336)
2024-03-07 23:37:12,771 | INFO | hilo.laplace-kernel : BOTTOM-LEFT:
tensor([[0.0622, 0.0231, 0.0086],
        [0.1674, 0.0622, 0.0231],
        [0.4238, 0.1674, 0.0622]])
2024-03-07 23:37:12,771 | INFO | hilo.kernel-accessor : Fetching kernel: laplace
2024-03-07 23:37:12,771 | INFO | hilo.laplace-kernel : Calculating Laplace distribution (location: -0.07130775600671768, scale 1.4000625610351562)
2024-03-07 23:37:12,771 | INFO | hilo.laplace-kernel : STATIC:
tensor([[0.3344, 0.1637, 0.0802],
        [0.1637, 0.0802, 0.0392],
        [0.0802, 0.0392, 0.0192]])
2024-03-07 23:37:12,771 | INFO | hilo.kernel-accessor : Fetching kernel: laplace
2024-03-07 23:37:12,772 | INFO | hilo.laplace-kernel : Calculating Laplace distribution (location: -0.8208906054496765, scale 2.8965468406677246)
2024-03-07 23:37:12,772 | INFO | hilo.laplace-kernel : STATIC:
tensor([[0.2049, 0.1451, 0.1027],
        [0.1451, 0.1027, 0.0727],
        [0.1027, 0.0727, 0.0515]])
2024-03-07 23:38:33,540 | INFO | hilo : Epoch   3/200 | Accuracy:  50.0000 | Loss:   1.3999
2024-03-07 23:38:33,540 | INFO | hilo.kernel-accessor : Fetching kernel: laplace
2024-03-07 23:38:33,541 | INFO | hilo.laplace-kernel : Calculating Laplace distribution (location: -0.06145523861050606, scale 0.7065820097923279)
2024-03-07 23:38:33,542 | INFO | hilo.laplace-kernel : STATIC:
tensor([[0.5900, 0.1433, 0.0348],
        [0.1433, 0.0348, 0.0085],
        [0.0348, 0.0085, 0.0021]])
2024-03-07 23:38:33,542 | INFO | hilo.kernel-accessor : Fetching kernel: laplace
2024-03-07 23:38:33,542 | INFO | hilo.laplace-kernel : Calculating Laplace distribution (location: -0.6992760300636292, scale 1.8146051168441772)
2024-03-07 23:38:33,542 | INFO | hilo.laplace-kernel : BOTTOM-LEFT:
tensor([[0.0912, 0.0526, 0.0303],
        [0.1582, 0.0912, 0.0526],
        [0.2746, 0.1582, 0.0912]])
2024-03-07 23:38:33,543 | INFO | hilo.kernel-accessor : Fetching kernel: laplace
2024-03-07 23:38:33,543 | INFO | hilo.laplace-kernel : Calculating Laplace distribution (location: -0.4468421936035156, scale 1.0635262727737427)
2024-03-07 23:38:33,543 | INFO | hilo.laplace-kernel : BOTTOM-LEFT:
tensor([[0.0641, 0.0250, 0.0098],
        [0.1640, 0.0641, 0.0250],
        [0.4200, 0.1640, 0.0641]])
2024-03-07 23:38:33,543 | INFO | hilo.kernel-accessor : Fetching kernel: laplace
2024-03-07 23:38:33,544 | INFO | hilo.laplace-kernel : Calculating Laplace distribution (location: -0.1912333071231842, scale 0.8526930809020996)
2024-03-07 23:38:33,544 | INFO | hilo.laplace-kernel : BOTTOM-LEFT:
tensor([[0.0485, 0.0150, 0.0046],
        [0.1567, 0.0485, 0.0150],
        [0.5064, 0.1567, 0.0485]])
2024-03-07 23:38:33,544 | INFO | hilo.kernel-accessor : Fetching kernel: laplace
2024-03-07 23:38:33,544 | INFO | hilo.laplace-kernel : Calculating Laplace distribution (location: -0.15002281963825226, scale 0.8912992477416992)
2024-03-07 23:38:33,545 | INFO | hilo.laplace-kernel : STATIC:
tensor([[0.4879, 0.1589, 0.0517],
        [0.1589, 0.0517, 0.0168],
        [0.0517, 0.0168, 0.0055]])
2024-03-07 23:38:33,545 | INFO | hilo.kernel-accessor : Fetching kernel: laplace
2024-03-07 23:38:33,545 | INFO | hilo.laplace-kernel : Calculating Laplace distribution (location: -0.13817118108272552, scale 0.7903149127960205)
2024-03-07 23:38:33,546 | INFO | hilo.laplace-kernel : STATIC:
tensor([[0.5393, 0.1522, 0.0429],
        [0.1522, 0.0429, 0.0121],
        [0.0429, 0.0121, 0.0034]])
2024-03-07 23:38:33,546 | INFO | hilo.kernel-accessor : Fetching kernel: laplace
2024-03-07 23:38:33,546 | INFO | hilo.laplace-kernel : Calculating Laplace distribution (location: -0.2568734884262085, scale 0.7872147560119629)
2024-03-07 23:38:33,546 | INFO | hilo.laplace-kernel : BOTTOM-LEFT:
tensor([[0.0426, 0.0120, 0.0034],
        [0.1519, 0.0426, 0.0120],
        [0.5410, 0.1519, 0.0426]])
2024-03-07 23:38:33,547 | INFO | hilo.kernel-accessor : Fetching kernel: laplace
2024-03-07 23:38:33,547 | INFO | hilo.laplace-kernel : Calculating Laplace distribution (location: -0.11835892498493195, scale 0.6886337995529175)
2024-03-07 23:38:33,547 | INFO | hilo.laplace-kernel : BOTTOM-LEFT:
tensor([[0.0330, 0.0077, 0.0018],
        [0.1409, 0.0330, 0.0077],
        [0.6020, 0.1409, 0.0330]])
2024-03-07 23:38:33,547 | INFO | hilo.kernel-accessor : Fetching kernel: laplace
2024-03-07 23:38:33,548 | INFO | hilo.laplace-kernel : Calculating Laplace distribution (location: -0.12430592626333237, scale 0.7279089093208313)
2024-03-07 23:38:33,548 | INFO | hilo.laplace-kernel : STATIC:
tensor([[0.5763, 0.1459, 0.0369],
        [0.1459, 0.0369, 0.0093],
        [0.0369, 0.0093, 0.0024]])
2024-03-07 23:38:33,548 | INFO | hilo.kernel-accessor : Fetching kernel: laplace
2024-03-07 23:38:33,548 | INFO | hilo.laplace-kernel : Calculating Laplace distribution (location: -0.09165437519550323, scale 0.6075646877288818)
2024-03-07 23:38:33,549 | INFO | hilo.laplace-kernel : STATIC:
tensor([[0.6610, 0.1275, 0.0246],
        [0.1275, 0.0246, 0.0047],
        [0.0246, 0.0047, 0.0009]])
2024-03-07 23:38:33,549 | INFO | hilo.kernel-accessor : Fetching kernel: laplace
2024-03-07 23:38:33,549 | INFO | hilo.laplace-kernel : Calculating Laplace distribution (location: -0.13520866632461548, scale 0.7531377673149109)
2024-03-07 23:38:33,550 | INFO | hilo.laplace-kernel : BOTTOM-LEFT:
tensor([[0.0394, 0.0104, 0.0028],
        [0.1487, 0.0394, 0.0104],
        [0.5608, 0.1487, 0.0394]])
2024-03-07 23:38:33,550 | INFO | hilo.kernel-accessor : Fetching kernel: laplace
2024-03-07 23:38:33,550 | INFO | hilo.laplace-kernel : Calculating Laplace distribution (location: -0.11415523290634155, scale 0.6687979698181152)
2024-03-07 23:38:33,550 | INFO | hilo.laplace-kernel : TOP-LEFT:
tensor([[0.6157, 0.1380, 0.0309],
        [0.1380, 0.0309, 0.0069],
        [0.0309, 0.0069, 0.0016]])
2024-03-07 23:38:33,551 | INFO | hilo.kernel-accessor : Fetching kernel: laplace
2024-03-07 23:38:33,551 | INFO | hilo.laplace-kernel : Calculating Laplace distribution (location: -0.023477576673030853, scale 0.6712579727172852)
2024-03-07 23:38:33,551 | INFO | hilo.laplace-kernel : STATIC:
tensor([[0.6139, 0.1384, 0.0312],
        [0.1384, 0.0312, 0.0070],
        [0.0312, 0.0070, 0.0016]])
2024-03-07 23:38:33,551 | INFO | hilo.kernel-accessor : Fetching kernel: laplace
2024-03-07 23:38:33,552 | INFO | hilo.laplace-kernel : Calculating Laplace distribution (location: 0.04728931933641434, scale 0.5160755515098572)
2024-03-07 23:38:33,552 | INFO | hilo.laplace-kernel : BOTTOM-LEFT:
tensor([[1.7444e-02, 2.5126e-03, 3.6190e-04],
        [1.2111e-01, 1.7444e-02, 2.5126e-03],
        [7.0005e-01, 1.2111e-01, 1.7444e-02]])
2024-03-07 23:38:33,552 | INFO | hilo.kernel-accessor : Fetching kernel: laplace
2024-03-07 23:38:33,552 | INFO | hilo.laplace-kernel : Calculating Laplace distribution (location: 0.0011609513312578201, scale 0.5374165773391724)
2024-03-07 23:38:33,553 | INFO | hilo.laplace-kernel : BOTTOM-LEFT:
tensor([[1.7440e-02, 2.7128e-03, 4.2199e-04],
        [1.1211e-01, 1.7440e-02, 2.7128e-03],
        [7.1761e-01, 1.1211e-01, 1.7440e-02]])
2024-03-07 23:38:33,553 | INFO | hilo.kernel-accessor : Fetching kernel: laplace
2024-03-07 23:38:33,553 | INFO | hilo.laplace-kernel : Calculating Laplace distribution (location: -0.03766560181975365, scale 0.6281907558441162)
2024-03-07 23:38:33,554 | INFO | hilo.laplace-kernel : BOTTOM-LEFT:
tensor([[0.0267, 0.0054, 0.0011],
        [0.1313, 0.0267, 0.0054],
        [0.6452, 0.1313, 0.0267]])
2024-03-07 23:38:33,554 | INFO | hilo.kernel-accessor : Fetching kernel: laplace
2024-03-07 23:38:33,554 | INFO | hilo.laplace-kernel : Calculating Laplace distribution (location: -0.2154257744550705, scale 0.8805501461029053)
2024-03-07 23:38:33,554 | INFO | hilo.laplace-kernel : BOTTOM-LEFT:
tensor([[0.0509, 0.0163, 0.0052],
        [0.1583, 0.0509, 0.0163],
        [0.4929, 0.1583, 0.0509]])
2024-03-07 23:39:54,268 | INFO | hilo : Epoch   4/200 | Accuracy:  47.1154 | Loss:   1.2521
2024-03-07 23:39:54,268 | INFO | hilo.kernel-accessor : Fetching kernel: laplace
2024-03-07 23:39:54,268 | INFO | hilo.laplace-kernel : Calculating Laplace distribution (location: -0.018173975870013237, scale 0.7990060448646545)
2024-03-07 23:39:54,269 | INFO | hilo.laplace-kernel : BOTTOM-LEFT:
tensor([[0.0437, 0.0125, 0.0036],
        [0.1529, 0.0437, 0.0125],
        [0.5344, 0.1529, 0.0437]])
2024-03-07 23:39:54,269 | INFO | hilo.kernel-accessor : Fetching kernel: laplace
2024-03-07 23:39:54,269 | INFO | hilo.laplace-kernel : Calculating Laplace distribution (location: -0.9630281925201416, scale 2.0314080715179443)
2024-03-07 23:39:54,270 | INFO | hilo.laplace-kernel : BOTTOM-LEFT:
tensor([[0.0948, 0.0580, 0.0354],
        [0.1552, 0.0948, 0.0580],
        [0.2538, 0.1552, 0.0948]])
2024-03-07 23:39:54,270 | INFO | hilo.kernel-accessor : Fetching kernel: laplace
2024-03-07 23:39:54,270 | INFO | hilo.laplace-kernel : Calculating Laplace distribution (location: -0.4986950159072876, scale 1.1816617250442505)
2024-03-07 23:39:54,271 | INFO | hilo.laplace-kernel : STATIC:
tensor([[0.3843, 0.1649, 0.0707],
        [0.1649, 0.0707, 0.0303],
        [0.0707, 0.0303, 0.0130]])
2024-03-07 23:39:54,271 | INFO | hilo.kernel-accessor : Fetching kernel: laplace
2024-03-07 23:39:54,271 | INFO | hilo.laplace-kernel : Calculating Laplace distribution (location: -0.17089523375034332, scale 0.8674470782279968)
2024-03-07 23:39:54,271 | INFO | hilo.laplace-kernel : STATIC:
tensor([[0.4991, 0.1576, 0.0498],
        [0.1576, 0.0498, 0.0157],
        [0.0498, 0.0157, 0.0050]])
2024-03-07 23:39:54,272 | INFO | hilo.kernel-accessor : Fetching kernel: laplace
2024-03-07 23:39:54,272 | INFO | hilo.laplace-kernel : Calculating Laplace distribution (location: -0.20346620678901672, scale 0.9116385579109192)
2024-03-07 23:39:54,272 | INFO | hilo.laplace-kernel : STATIC:
tensor([[0.4787, 0.1598, 0.0534],
        [0.1598, 0.0534, 0.0178],
        [0.0534, 0.0178, 0.0059]])
2024-03-07 23:39:54,272 | INFO | hilo.kernel-accessor : Fetching kernel: laplace
2024-03-07 23:39:54,273 | INFO | hilo.laplace-kernel : Calculating Laplace distribution (location: -0.09331431984901428, scale 0.7409327626228333)
2024-03-07 23:39:54,273 | INFO | hilo.laplace-kernel : STATIC:
tensor([[0.5682, 0.1474, 0.0382],
        [0.1474, 0.0382, 0.0099],
        [0.0382, 0.0099, 0.0026]])
2024-03-07 23:39:54,273 | INFO | hilo.kernel-accessor : Fetching kernel: laplace
2024-03-07 23:39:54,273 | INFO | hilo.laplace-kernel : Calculating Laplace distribution (location: -0.10854345560073853, scale 0.7241892218589783)
2024-03-07 23:39:54,274 | INFO | hilo.laplace-kernel : BOTTOM-LEFT:
tensor([[0.0366, 0.0092, 0.0023],
        [0.1455, 0.0366, 0.0092],
        [0.5787, 0.1455, 0.0366]])
2024-03-07 23:39:54,274 | INFO | hilo.kernel-accessor : Fetching kernel: laplace
2024-03-07 23:39:54,274 | INFO | hilo.laplace-kernel : Calculating Laplace distribution (location: -0.07477845251560211, scale 0.6367829442024231)
2024-03-07 23:39:54,275 | INFO | hilo.laplace-kernel : TOP-LEFT:
tensor([[0.6388, 0.1328, 0.0276],
        [0.1328, 0.0276, 0.0057],
        [0.0276, 0.0057, 0.0012]])
2024-03-07 23:39:54,275 | INFO | hilo.kernel-accessor : Fetching kernel: laplace
2024-03-07 23:39:54,275 | INFO | hilo.laplace-kernel : Calculating Laplace distribution (location: -0.06598061323165894, scale 0.618027925491333)
2024-03-07 23:39:54,275 | INFO | hilo.laplace-kernel : BOTTOM-LEFT:
tensor([[0.0257, 0.0051, 0.0010],
        [0.1295, 0.0257, 0.0051],
        [0.6529, 0.1295, 0.0257]])
2024-03-07 23:39:54,275 | INFO | hilo.kernel-accessor : Fetching kernel: laplace
2024-03-07 23:39:54,276 | INFO | hilo.laplace-kernel : Calculating Laplace distribution (location: -0.03802328556776047, scale 0.5166354179382324)
2024-03-07 23:39:54,276 | INFO | hilo.laplace-kernel : STATIC:
tensor([[7.3658e-01, 1.0632e-01, 1.5345e-02],
        [1.0632e-01, 1.5345e-02, 2.2149e-03],
        [1.5345e-02, 2.2149e-03, 3.1970e-04]])
2024-03-07 23:39:54,276 | INFO | hilo.kernel-accessor : Fetching kernel: laplace
2024-03-07 23:39:54,277 | INFO | hilo.laplace-kernel : Calculating Laplace distribution (location: -0.09311221539974213, scale 0.6114818453788757)
2024-03-07 23:39:54,277 | INFO | hilo.laplace-kernel : STATIC:
tensor([[0.6579, 0.1282, 0.0250],
        [0.1282, 0.0250, 0.0049],
        [0.0250, 0.0049, 0.0009]])
2024-03-07 23:39:54,277 | INFO | hilo.kernel-accessor : Fetching kernel: laplace
2024-03-07 23:39:54,277 | INFO | hilo.laplace-kernel : Calculating Laplace distribution (location: -0.05971677601337433, scale 0.4696630537509918)
2024-03-07 23:39:54,278 | INFO | hilo.laplace-kernel : BOTTOM-LEFT:
tensor([[1.1018e-02, 1.3104e-03, 1.5585e-04],
        [9.2637e-02, 1.1018e-02, 1.3104e-03],
        [7.7890e-01, 9.2637e-02, 1.1018e-02]])
2024-03-07 23:39:54,278 | INFO | hilo.kernel-accessor : Fetching kernel: laplace
2024-03-07 23:39:54,278 | INFO | hilo.laplace-kernel : Calculating Laplace distribution (location: -0.006821176968514919, scale 0.5013071298599243)
2024-03-07 23:39:54,278 | INFO | hilo.laplace-kernel : TOP-LEFT:
tensor([[7.5019e-01, 1.0206e-01, 1.3884e-02],
        [1.0206e-01, 1.3884e-02, 1.8889e-03],
        [1.3884e-02, 1.8889e-03, 2.5697e-04]])
2024-03-07 23:39:54,279 | INFO | hilo.kernel-accessor : Fetching kernel: laplace
2024-03-07 23:39:54,279 | INFO | hilo.laplace-kernel : Calculating Laplace distribution (location: 0.034741852432489395, scale 0.3933248817920685)
2024-03-07 23:39:54,279 | INFO | hilo.laplace-kernel : BOTTOM-LEFT:
tensor([[6.0983e-03, 4.7979e-04, 3.7747e-05],
        [7.7513e-02, 6.0983e-03, 4.7979e-04],
        [8.2568e-01, 7.7513e-02, 6.0983e-03]])
2024-03-07 23:39:54,279 | INFO | hilo.kernel-accessor : Fetching kernel: laplace
2024-03-07 23:39:54,280 | INFO | hilo.laplace-kernel : Calculating Laplace distribution (location: 0.02866295725107193, scale 0.37378284335136414)
2024-03-07 23:39:54,280 | INFO | hilo.laplace-kernel : BOTTOM-LEFT:
tensor([[4.6956e-03, 3.2344e-04, 2.2280e-05],
        [6.8168e-02, 4.6956e-03, 3.2344e-04],
        [8.4891e-01, 6.8168e-02, 4.6956e-03]])
2024-03-07 23:39:54,280 | INFO | hilo.kernel-accessor : Fetching kernel: laplace
2024-03-07 23:39:54,280 | INFO | hilo.laplace-kernel : Calculating Laplace distribution (location: 0.0074466862715780735, scale 0.36992940306663513)
2024-03-07 23:39:54,281 | INFO | hilo.laplace-kernel : STATIC:
tensor([[8.6644e-01, 6.0427e-02, 4.0480e-03],
        [6.0427e-02, 4.0480e-03, 2.7117e-04],
        [4.0480e-03, 2.7117e-04, 1.8166e-05]])
2024-03-07 23:39:54,281 | INFO | hilo.kernel-accessor : Fetching kernel: laplace
2024-03-07 23:39:54,281 | INFO | hilo.laplace-kernel : Calculating Laplace distribution (location: 0.07534412294626236, scale 0.425283282995224)
2024-03-07 23:39:54,282 | INFO | hilo.laplace-kernel : STATIC:
tensor([[7.6171e-01, 1.0339e-01, 9.8468e-03],
        [1.0339e-01, 9.8468e-03, 9.3779e-04],
        [9.8468e-03, 9.3779e-04, 8.9314e-05]])
2024-03-07 23:41:15,139 | INFO | hilo : Epoch   5/200 | Accuracy:  53.1250 | Loss:   1.1324
2024-03-07 23:41:15,139 | INFO | hilo.kernel-accessor : Fetching kernel: laplace
2024-03-07 23:41:15,139 | INFO | hilo.laplace-kernel : Calculating Laplace distribution (location: -0.04016561061143875, scale 0.7388733625411987)
2024-03-07 23:41:15,140 | INFO | hilo.laplace-kernel : TOP-LEFT:
tensor([[0.5695, 0.1471, 0.0380],
        [0.1471, 0.0380, 0.0098],
        [0.0380, 0.0098, 0.0025]])
2024-03-07 23:41:15,140 | INFO | hilo.kernel-accessor : Fetching kernel: laplace
2024-03-07 23:41:15,140 | INFO | hilo.laplace-kernel : Calculating Laplace distribution (location: -0.765300989151001, scale 1.8912955522537231)
2024-03-07 23:41:15,140 | INFO | hilo.laplace-kernel : BOTTOM-LEFT:
tensor([[0.0926, 0.0546, 0.0322],
        [0.1571, 0.0926, 0.0546],
        [0.2666, 0.1571, 0.0926]])
2024-03-07 23:41:15,140 | INFO | hilo.kernel-accessor : Fetching kernel: laplace
2024-03-07 23:41:15,141 | INFO | hilo.laplace-kernel : Calculating Laplace distribution (location: -0.48986291885375977, scale 1.1617661714553833)
2024-03-07 23:41:15,141 | INFO | hilo.laplace-kernel : STATIC:
tensor([[0.3898, 0.1648, 0.0697],
        [0.1648, 0.0697, 0.0295],
        [0.0697, 0.0295, 0.0125]])
2024-03-07 23:41:15,141 | INFO | hilo.kernel-accessor : Fetching kernel: laplace
2024-03-07 23:41:15,141 | INFO | hilo.laplace-kernel : Calculating Laplace distribution (location: -0.21697074174880981, scale 0.800661563873291)
2024-03-07 23:41:15,141 | INFO | hilo.laplace-kernel : STATIC:
tensor([[0.5335, 0.1530, 0.0439],
        [0.1530, 0.0439, 0.0126],
        [0.0439, 0.0126, 0.0036]])
2024-03-07 23:41:15,141 | INFO | hilo.kernel-accessor : Fetching kernel: laplace
2024-03-07 23:41:15,142 | INFO | hilo.laplace-kernel : Calculating Laplace distribution (location: -0.15846723318099976, scale 0.788708508014679)
2024-03-07 23:41:15,142 | INFO | hilo.laplace-kernel : TOP-LEFT:
tensor([[0.5402, 0.1520, 0.0428],
        [0.1520, 0.0428, 0.0120],
        [0.0428, 0.0120, 0.0034]])
2024-03-07 23:41:15,142 | INFO | hilo.kernel-accessor : Fetching kernel: laplace
2024-03-07 23:41:15,142 | INFO | hilo.laplace-kernel : Calculating Laplace distribution (location: -0.08360304683446884, scale 0.6668891906738281)
2024-03-07 23:41:15,142 | INFO | hilo.laplace-kernel : BOTTOM-LEFT:
tensor([[0.0307, 0.0069, 0.0015],
        [0.1377, 0.0307, 0.0069],
        [0.6170, 0.1377, 0.0307]])
2024-03-07 23:41:15,142 | INFO | hilo.kernel-accessor : Fetching kernel: laplace
2024-03-07 23:41:15,143 | INFO | hilo.laplace-kernel : Calculating Laplace distribution (location: -0.15718969702720642, scale 0.6552517414093018)
2024-03-07 23:41:15,143 | INFO | hilo.laplace-kernel : BOTTOM-LEFT:
tensor([[0.0295, 0.0064, 0.0014],
        [0.1359, 0.0295, 0.0064],
        [0.6253, 0.1359, 0.0295]])
2024-03-07 23:41:15,143 | INFO | hilo.kernel-accessor : Fetching kernel: laplace
2024-03-07 23:41:15,143 | INFO | hilo.laplace-kernel : Calculating Laplace distribution (location: -0.13271647691726685, scale 0.6162497997283936)
2024-03-07 23:41:15,143 | INFO | hilo.laplace-kernel : BOTTOM-LEFT:
tensor([[0.0255, 0.0050, 0.0010],
        [0.1291, 0.0255, 0.0050],
        [0.6542, 0.1291, 0.0255]])
2024-03-07 23:41:15,143 | INFO | hilo.kernel-accessor : Fetching kernel: laplace
2024-03-07 23:41:15,144 | INFO | hilo.laplace-kernel : Calculating Laplace distribution (location: -0.07254408299922943, scale 0.5139036178588867)
2024-03-07 23:41:15,144 | INFO | hilo.laplace-kernel : BOTTOM-LEFT:
tensor([[1.5082e-02, 2.1546e-03, 3.0781e-04],
        [1.0557e-01, 1.5082e-02, 2.1546e-03],
        [7.3899e-01, 1.0557e-01, 1.5082e-02]])
2024-03-07 23:41:15,144 | INFO | hilo.kernel-accessor : Fetching kernel: laplace
2024-03-07 23:41:15,144 | INFO | hilo.laplace-kernel : Calculating Laplace distribution (location: -0.039209142327308655, scale 0.43158063292503357)
2024-03-07 23:41:15,144 | INFO | hilo.laplace-kernel : TOP-LEFT:
tensor([[8.1415e-01, 8.0244e-02, 7.9091e-03],
        [8.0244e-02, 7.9091e-03, 7.7954e-04],
        [7.9091e-03, 7.7954e-04, 7.6833e-05]])
2024-03-07 23:41:15,144 | INFO | hilo.kernel-accessor : Fetching kernel: laplace
