2023-10-25 23:31:25,630 | INFO | hi-lo : 
+=========================================================================+
|  ______     ______   ______    ___         ___        ______   _______  |
| /| ___ \  // ____ \ /| ___ \  /| |        /| |      // ____ \ /| ___  \ |
| /| |//\ \ /| |//| | /| |//\ \ /| |        /| |      /| |//| | /| |//| | |
| /| | /| | /| ____ | /| | /| | /| |        /| |      /| ____ | /| ___  / |
| /| |_// / /| |//| | /| |_// / /| |____    /| |____  /| |//| | /| |//\ \ |
| /|_____/  /|_| /|_| /|_____/  /|______|   /|______| /|_| /|_| /|______/ |
| ///////   ///  ///  //////    ////////    ////////  ///  ///  ////////  |
+=========================================================================+
|                  Hi-Lo Resolution Image Classification                  |
|                  -------------------------------------                  |
|                            Gabriel C. Trahan                            |
|                               Sahan Ahmad                               |
|                            MD  Aminual Islam                            |
+=========================================================================+
| MODEL:                      normal | LR:                            0.1 |
| DISTRO:                     gumbel | KERNEL TYPE:                    12 |
| DATASET:                  imagenet | BATCH SIZE:                     64 |
+=========================================================================+
2023-10-25 23:31:25,631 | INFO | hi-lo : Output directory: output/gumbel//12/normal/imagenet/20231025_233125
2023-10-25 23:31:25,631 | INFO | hi-lo.dataset-accessor : Fetching dataset: imagenet
2023-10-25 23:31:25,631 | INFO | hi-lo.imagenet-dataset : Initializing transform.
2023-10-25 23:31:25,631 | INFO | hi-lo.imagenet-dataset : Verifying/downloading train data.
2023-10-25 23:31:28,690 | INFO | hi-lo.imagenet-dataset : Verifying/downloading test data.
2023-10-25 23:31:28,724 | INFO | hi-lo.imagenet-dataset : Creating train data loader.
2023-10-25 23:31:28,724 | INFO | hi-lo.imagenet-dataset : Creating test data loader.
2023-10-25 23:31:29,726 | INFO | hi-lo : Using device: NVIDIA GeForce GTX 1060 6GB
2023-10-25 23:31:29,726 | INFO | hi-lo : Commencing training phase...
2023-10-25 23:31:29,726 | INFO | hi-lo : BEGIN EPOCH 1 =========================================================================
2023-10-25 23:31:29,727 | INFO | hi-lo.kernel-accessor : Fetching kernel: gumbel
2023-10-25 23:31:29,727 | INFO | hi-lo.gumbel-kernel : MU (LOCATION): 0.0 | BETA (SCALE): 1.0
2023-10-25 23:31:29,728 | INFO | hi-lo.gumbel-kernel : BOTTOM-RIGHT
tensor([[8.5377e-26, 2.2609e-10, 2.0072e-04],
        [2.2609e-10, 2.0072e-04, 5.8259e-02],
        [2.0072e-04, 5.8259e-02, 8.8288e-01]])
2023-10-25 23:31:29,728 | INFO | hi-lo.kernel-accessor : Fetching kernel: gumbel
2023-10-25 23:31:29,728 | INFO | hi-lo.gumbel-kernel : MU (LOCATION): 1 | BETA (SCALE): 1
2023-10-25 23:31:29,728 | INFO | hi-lo.gumbel-kernel : STATIC
tensor([[5.6765e-01, 1.6550e-01, 3.2357e-02],
        [1.6550e-01, 3.2357e-02, 2.1352e-03],
        [3.2357e-02, 2.1352e-03, 7.3562e-06]])
2023-10-25 23:31:29,728 | INFO | hi-lo.kernel-accessor : Fetching kernel: gumbel
2023-10-25 23:31:29,729 | INFO | hi-lo.gumbel-kernel : MU (LOCATION): 0.0 | BETA (SCALE): 1.0
2023-10-25 23:31:29,729 | INFO | hi-lo.gumbel-kernel : BOTTOM-LEFT
tensor([[2.0072e-04, 2.2609e-10, 8.5377e-26],
        [5.8259e-02, 2.0072e-04, 2.2609e-10],
        [8.8288e-01, 5.8259e-02, 2.0072e-04]])
2023-10-25 23:31:29,729 | INFO | hi-lo.kernel-accessor : Fetching kernel: gumbel
2023-10-25 23:31:29,729 | INFO | hi-lo.gumbel-kernel : MU (LOCATION): 0.0 | BETA (SCALE): 1.0
2023-10-25 23:31:29,729 | INFO | hi-lo.gumbel-kernel : BOTTOM-LEFT
tensor([[2.0072e-04, 2.2609e-10, 8.5377e-26],
        [5.8259e-02, 2.0072e-04, 2.2609e-10],
        [8.8288e-01, 5.8259e-02, 2.0072e-04]])
2023-10-25 23:31:54,433 | INFO | hi-lo : END EPOCH:   1 | ACCURACY: 0.48 | LOSS: 4.974591255187988
2023-10-25 23:31:54,433 | INFO | hi-lo : BEGIN EPOCH 2 =========================================================================
2023-10-25 23:31:54,434 | INFO | hi-lo.kernel-accessor : Fetching kernel: gumbel
2023-10-25 23:31:54,434 | INFO | hi-lo.gumbel-kernel : MU (LOCATION): -0.09244567155838013 | BETA (SCALE): 0.4513721466064453
2023-10-25 23:31:54,434 | INFO | hi-lo.gumbel-kernel : BOTTOM-RIGHT
tensor([[0.0000e+00, 0.0000e+00, 0.0000e+00],
        [0.0000e+00, 0.0000e+00, 4.9684e-07],
        [0.0000e+00, 4.9684e-07, 1.0000e+00]])
2023-10-25 23:31:54,435 | INFO | hi-lo.kernel-accessor : Fetching kernel: gumbel
2023-10-25 23:31:54,435 | INFO | hi-lo.gumbel-kernel : MU (LOCATION): -0.3616933822631836 | BETA (SCALE): 0.5464112162590027
2023-10-25 23:31:54,435 | INFO | hi-lo.gumbel-kernel : BOTTOM-RIGHT
tensor([[0.0000e+00, 0.0000e+00, 0.0000e+00],
        [0.0000e+00, 0.0000e+00, 4.5900e-10],
        [0.0000e+00, 4.5900e-10, 1.0000e+00]])
2023-10-25 23:31:54,435 | INFO | hi-lo.kernel-accessor : Fetching kernel: gumbel
2023-10-25 23:31:54,435 | INFO | hi-lo.gumbel-kernel : MU (LOCATION): -0.2611176669597626 | BETA (SCALE): 0.5382975935935974
2023-10-25 23:31:54,436 | INFO | hi-lo.gumbel-kernel : BOTTOM-LEFT
tensor([[0.0000e+00, 0.0000e+00, 0.0000e+00],
        [9.8941e-08, 0.0000e+00, 0.0000e+00],
        [1.0000e+00, 9.8941e-08, 0.0000e+00]])
2023-10-25 23:31:54,436 | INFO | hi-lo.kernel-accessor : Fetching kernel: gumbel
2023-10-25 23:31:54,436 | INFO | hi-lo.gumbel-kernel : MU (LOCATION): 1 | BETA (SCALE): 1
2023-10-25 23:31:54,436 | INFO | hi-lo.gumbel-kernel : STATIC
tensor([[5.6765e-01, 1.6550e-01, 3.2357e-02],
        [1.6550e-01, 3.2357e-02, 2.1352e-03],
        [3.2357e-02, 2.1352e-03, 7.3562e-06]])
2023-10-25 23:32:18,500 | INFO | hi-lo : END EPOCH:   2 | ACCURACY: 1.56 | LOSS: 4.260749816894531
2023-10-25 23:32:18,500 | INFO | hi-lo : BEGIN EPOCH 3 =========================================================================
2023-10-25 23:32:18,501 | INFO | hi-lo.kernel-accessor : Fetching kernel: gumbel
2023-10-25 23:32:18,501 | INFO | hi-lo.gumbel-kernel : MU (LOCATION): -0.09453587234020233 | BETA (SCALE): 0.49751487374305725
2023-10-25 23:32:18,502 | INFO | hi-lo.gumbel-kernel : BOTTOM-LEFT
tensor([[3.2743e-37, 0.0000e+00, 0.0000e+00],
        [1.0529e-05, 3.2743e-37, 0.0000e+00],
        [9.9998e-01, 1.0529e-05, 3.2743e-37]])
2023-10-25 23:32:18,502 | INFO | hi-lo.kernel-accessor : Fetching kernel: gumbel
2023-10-25 23:32:18,502 | INFO | hi-lo.gumbel-kernel : MU (LOCATION): -0.5489379167556763 | BETA (SCALE): 0.8216832876205444
2023-10-25 23:32:18,503 | INFO | hi-lo.gumbel-kernel : BOTTOM-LEFT
tensor([[5.6542e-19, 0.0000e+00, 0.0000e+00],
        [3.4998e-05, 5.6542e-19, 0.0000e+00],
        [9.9993e-01, 3.4998e-05, 5.6542e-19]])
2023-10-25 23:32:18,503 | INFO | hi-lo.kernel-accessor : Fetching kernel: gumbel
2023-10-25 23:32:18,503 | INFO | hi-lo.gumbel-kernel : MU (LOCATION): -0.9304141998291016 | BETA (SCALE): 1.4265953302383423
2023-10-25 23:32:18,504 | INFO | hi-lo.gumbel-kernel : BOTTOM-LEFT
tensor([[3.0091e-06, 3.7042e-13, 8.9102e-27],
        [1.1476e-02, 3.0091e-06, 3.7042e-13],
        [9.7704e-01, 1.1476e-02, 3.0091e-06]])
2023-10-25 23:32:18,504 | INFO | hi-lo.kernel-accessor : Fetching kernel: gumbel
2023-10-25 23:32:18,505 | INFO | hi-lo.gumbel-kernel : MU (LOCATION): -0.931978702545166 | BETA (SCALE): 1.3277393579483032
2023-10-25 23:32:18,505 | INFO | hi-lo.gumbel-kernel : BOTTOM-RIGHT
tensor([[3.1140e-36, 7.0598e-17, 1.3674e-07],
        [7.0598e-17, 1.3674e-07, 4.8090e-03],
        [1.3674e-07, 4.8090e-03, 9.9038e-01]])
2023-10-25 23:32:42,720 | INFO | hi-lo : END EPOCH:   3 | ACCURACY: 0.06 | LOSS: 4.692499160766602
2023-10-25 23:32:42,720 | INFO | hi-lo : BEGIN EPOCH 4 =========================================================================
2023-10-25 23:32:42,720 | INFO | hi-lo.kernel-accessor : Fetching kernel: gumbel
2023-10-25 23:32:42,721 | INFO | hi-lo.gumbel-kernel : MU (LOCATION): 1 | BETA (SCALE): 1
2023-10-25 23:32:42,722 | INFO | hi-lo.gumbel-kernel : STATIC
tensor([[5.6765e-01, 1.6550e-01, 3.2357e-02],
        [1.6550e-01, 3.2357e-02, 2.1352e-03],
        [3.2357e-02, 2.1352e-03, 7.3562e-06]])
2023-10-25 23:32:42,722 | INFO | hi-lo.kernel-accessor : Fetching kernel: gumbel
2023-10-25 23:32:42,722 | INFO | hi-lo.gumbel-kernel : MU (LOCATION): -0.7460466623306274 | BETA (SCALE): 0.8979758620262146
2023-10-25 23:32:42,723 | INFO | hi-lo.gumbel-kernel : BOTTOM-LEFT
tensor([[1.2682e-20, 0.0000e+00, 0.0000e+00],
        [6.8711e-06, 1.2682e-20, 0.0000e+00],
        [9.9999e-01, 6.8711e-06, 1.2682e-20]])
2023-10-25 23:32:42,723 | INFO | hi-lo.kernel-accessor : Fetching kernel: gumbel
2023-10-25 23:32:42,723 | INFO | hi-lo.gumbel-kernel : MU (LOCATION): 1 | BETA (SCALE): 1
2023-10-25 23:32:42,724 | INFO | hi-lo.gumbel-kernel : STATIC
tensor([[5.6765e-01, 1.6550e-01, 3.2357e-02],
        [1.6550e-01, 3.2357e-02, 2.1352e-03],
        [3.2357e-02, 2.1352e-03, 7.3562e-06]])
2023-10-25 23:32:42,724 | INFO | hi-lo.kernel-accessor : Fetching kernel: gumbel
2023-10-25 23:32:42,724 | INFO | hi-lo.gumbel-kernel : MU (LOCATION): -1.0373218059539795 | BETA (SCALE): 1.3448413610458374
2023-10-25 23:32:42,725 | INFO | hi-lo.gumbel-kernel : BOTTOM-LEFT
tensor([[2.4877e-08, 1.4318e-18, 9.4007e-40],
        [2.7123e-03, 2.4877e-08, 1.4318e-18],
        [9.9458e-01, 2.7123e-03, 2.4877e-08]])
2023-10-25 23:33:06,854 | INFO | hi-lo : END EPOCH:   4 | ACCURACY: 1.03 | LOSS: 4.454798221588135
2023-10-25 23:33:06,854 | INFO | hi-lo : BEGIN EPOCH 5 =========================================================================
2023-10-25 23:33:06,854 | INFO | hi-lo.kernel-accessor : Fetching kernel: gumbel
2023-10-25 23:33:06,855 | INFO | hi-lo.gumbel-kernel : MU (LOCATION): -0.1618427336215973 | BETA (SCALE): 0.5418239831924438
2023-10-25 23:33:06,855 | INFO | hi-lo.gumbel-kernel : BOTTOM-LEFT
tensor([[3.4710e-33, 0.0000e+00, 0.0000e+00],
        [9.7723e-06, 3.4711e-33, 0.0000e+00],
        [9.9998e-01, 9.7723e-06, 3.4710e-33]])
2023-10-25 23:33:06,855 | INFO | hi-lo.kernel-accessor : Fetching kernel: gumbel
2023-10-25 23:33:06,856 | INFO | hi-lo.gumbel-kernel : MU (LOCATION): -0.6210896968841553 | BETA (SCALE): 0.9110080003738403
2023-10-25 23:33:06,856 | INFO | hi-lo.gumbel-kernel : BOTTOM-LEFT
tensor([[3.0920e-15, 0.0000e+00, 0.0000e+00],
        [1.3544e-04, 3.0920e-15, 0.0000e+00],
        [9.9973e-01, 1.3544e-04, 3.0920e-15]])
2023-10-25 23:33:06,856 | INFO | hi-lo.kernel-accessor : Fetching kernel: gumbel
2023-10-25 23:33:06,856 | INFO | hi-lo.gumbel-kernel : MU (LOCATION): 1 | BETA (SCALE): 1
2023-10-25 23:33:06,856 | INFO | hi-lo.gumbel-kernel : STATIC
tensor([[5.6765e-01, 1.6550e-01, 3.2357e-02],
        [1.6550e-01, 3.2357e-02, 2.1352e-03],
        [3.2357e-02, 2.1352e-03, 7.3562e-06]])
2023-10-25 23:33:06,856 | INFO | hi-lo.kernel-accessor : Fetching kernel: gumbel
2023-10-25 23:33:06,857 | INFO | hi-lo.gumbel-kernel : MU (LOCATION): 1 | BETA (SCALE): 1
2023-10-25 23:33:06,857 | INFO | hi-lo.gumbel-kernel : STATIC
tensor([[5.6765e-01, 1.6550e-01, 3.2357e-02],
        [1.6550e-01, 3.2357e-02, 2.1352e-03],
        [3.2357e-02, 2.1352e-03, 7.3562e-06]])
2023-10-25 23:33:31,006 | INFO | hi-lo : END EPOCH:   5 | ACCURACY: 2.34 | LOSS: 4.578571796417236
2023-10-25 23:33:31,006 | INFO | hi-lo : BEGIN EPOCH 6 =========================================================================
2023-10-25 23:33:31,007 | INFO | hi-lo.kernel-accessor : Fetching kernel: gumbel
2023-10-25 23:33:31,007 | INFO | hi-lo.gumbel-kernel : MU (LOCATION): -0.11374350637197495 | BETA (SCALE): 0.5428572297096252
2023-10-25 23:33:31,008 | INFO | hi-lo.gumbel-kernel : BOTTOM-LEFT
tensor([[5.8766e-28, 0.0000e+00, 0.0000e+00],
        [4.9384e-05, 5.8766e-28, 0.0000e+00],
        [9.9990e-01, 4.9384e-05, 5.8766e-28]])
2023-10-25 23:33:31,008 | INFO | hi-lo.kernel-accessor : Fetching kernel: gumbel
2023-10-25 23:33:31,009 | INFO | hi-lo.gumbel-kernel : MU (LOCATION): 1 | BETA (SCALE): 1
2023-10-25 23:33:31,009 | INFO | hi-lo.gumbel-kernel : STATIC
tensor([[5.6765e-01, 1.6550e-01, 3.2357e-02],
        [1.6550e-01, 3.2357e-02, 2.1352e-03],
        [3.2357e-02, 2.1352e-03, 7.3562e-06]])
2023-10-25 23:33:31,009 | INFO | hi-lo.kernel-accessor : Fetching kernel: gumbel
2023-10-25 23:33:31,010 | INFO | hi-lo.gumbel-kernel : MU (LOCATION): -1.278182029724121 | BETA (SCALE): 2.1211154460906982
2023-10-25 23:33:31,010 | INFO | hi-lo.gumbel-kernel : BOTTOM-RIGHT
tensor([[1.0160e-09, 6.3540e-06, 1.7749e-03],
        [6.3540e-06, 1.7749e-03, 7.1247e-02],
        [1.7749e-03, 7.1247e-02, 8.5217e-01]])
2023-10-25 23:33:31,010 | INFO | hi-lo.kernel-accessor : Fetching kernel: gumbel
2023-10-25 23:33:31,011 | INFO | hi-lo.gumbel-kernel : MU (LOCATION): -1.0977087020874023 | BETA (SCALE): 1.5683330297470093
2023-10-25 23:33:31,011 | INFO | hi-lo.gumbel-kernel : BOTTOM-LEFT
tensor([[7.7933e-06, 9.8307e-12, 1.1983e-22],
        [1.3812e-02, 7.7933e-06, 9.8307e-12],
        [9.7235e-01, 1.3812e-02, 7.7933e-06]])
2023-10-25 23:33:55,163 | INFO | hi-lo : END EPOCH:   6 | ACCURACY: 0.12 | LOSS: 4.291631698608398
2023-10-25 23:33:55,163 | INFO | hi-lo : BEGIN EPOCH 7 =========================================================================
2023-10-25 23:33:55,164 | INFO | hi-lo.kernel-accessor : Fetching kernel: gumbel
2023-10-25 23:33:55,164 | INFO | hi-lo.gumbel-kernel : MU (LOCATION): -0.1924155205488205 | BETA (SCALE): 0.49679189920425415
2023-10-25 23:33:55,165 | INFO | hi-lo.gumbel-kernel : BOTTOM-LEFT
tensor([[0.0000e+00, 0.0000e+00, 0.0000e+00],
        [1.0344e-07, 0.0000e+00, 0.0000e+00],
        [1.0000e+00, 1.0344e-07, 0.0000e+00]])
2023-10-25 23:33:55,165 | INFO | hi-lo.kernel-accessor : Fetching kernel: gumbel
2023-10-25 23:33:55,165 | INFO | hi-lo.gumbel-kernel : MU (LOCATION): -0.5922098755836487 | BETA (SCALE): 0.9944076538085938
2023-10-25 23:33:55,166 | INFO | hi-lo.gumbel-kernel : BOTTOM-RIGHT
tensor([[0.0000e+00, 8.4161e-30, 7.5058e-11],
        [8.4161e-30, 7.5058e-11, 1.2153e-03],
        [7.5058e-11, 1.2153e-03, 9.9757e-01]])
2023-10-25 23:33:55,166 | INFO | hi-lo.kernel-accessor : Fetching kernel: gumbel
2023-10-25 23:33:55,166 | INFO | hi-lo.gumbel-kernel : MU (LOCATION): 1 | BETA (SCALE): 1
2023-10-25 23:33:55,167 | INFO | hi-lo.gumbel-kernel : STATIC
tensor([[5.6765e-01, 1.6550e-01, 3.2357e-02],
        [1.6550e-01, 3.2357e-02, 2.1352e-03],
        [3.2357e-02, 2.1352e-03, 7.3562e-06]])
2023-10-25 23:33:55,167 | INFO | hi-lo.kernel-accessor : Fetching kernel: gumbel
2023-10-25 23:33:55,167 | INFO | hi-lo.gumbel-kernel : MU (LOCATION): -1.0303046703338623 | BETA (SCALE): 1.3757822513580322
2023-10-25 23:33:55,168 | INFO | hi-lo.gumbel-kernel : BOTTOM-RIGHT
tensor([[1.3104e-35, 6.3341e-17, 9.9355e-08],
        [6.3341e-17, 9.9355e-08, 4.0327e-03],
        [9.9355e-08, 4.0327e-03, 9.9193e-01]])
2023-10-25 23:34:19,347 | INFO | hi-lo : END EPOCH:   7 | ACCURACY: 1.82 | LOSS: 4.2683210372924805
2023-10-25 23:34:19,347 | INFO | hi-lo : BEGIN EPOCH 8 =========================================================================
2023-10-25 23:34:19,347 | INFO | hi-lo.kernel-accessor : Fetching kernel: gumbel
2023-10-25 23:34:19,348 | INFO | hi-lo.gumbel-kernel : MU (LOCATION): -0.16068345308303833 | BETA (SCALE): 0.4756487011909485
2023-10-25 23:34:19,348 | INFO | hi-lo.gumbel-kernel : BOTTOM-LEFT
tensor([[0.0000e+00, 0.0000e+00, 0.0000e+00],
        [8.9914e-08, 0.0000e+00, 0.0000e+00],
        [1.0000e+00, 8.9914e-08, 0.0000e+00]])
2023-10-25 23:34:19,348 | INFO | hi-lo.kernel-accessor : Fetching kernel: gumbel
2023-10-25 23:34:19,349 | INFO | hi-lo.gumbel-kernel : MU (LOCATION): -0.6406105160713196 | BETA (SCALE): 0.984545111656189
2023-10-25 23:34:19,349 | INFO | hi-lo.gumbel-kernel : BOTTOM-LEFT
tensor([[3.5185e-12, 4.7460e-34, 0.0000e+00],
        [5.5969e-04, 3.5185e-12, 4.7460e-34],
        [9.9888e-01, 5.5969e-04, 3.5185e-12]])
2023-10-25 23:34:19,349 | INFO | hi-lo.kernel-accessor : Fetching kernel: gumbel
2023-10-25 23:34:19,350 | INFO | hi-lo.gumbel-kernel : MU (LOCATION): -1.2182929515838623 | BETA (SCALE): 2.107326030731201
2023-10-25 23:34:19,350 | INFO | hi-lo.gumbel-kernel : BOTTOM-RIGHT
tensor([[1.8636e-09, 9.0453e-06, 2.1265e-03],
        [9.0453e-06, 2.1265e-03, 7.6010e-02],
        [2.1265e-03, 7.6010e-02, 8.4158e-01]])
2023-10-25 23:34:19,351 | INFO | hi-lo.kernel-accessor : Fetching kernel: gumbel
2023-10-25 23:34:19,351 | INFO | hi-lo.gumbel-kernel : MU (LOCATION): -0.7733816504478455 | BETA (SCALE): 1.1109986305236816
2023-10-25 23:34:19,352 | INFO | hi-lo.gumbel-kernel : BOTTOM-RIGHT
tensor([[0.0000e+00, 3.6655e-26, 2.4600e-10],
        [3.6655e-26, 2.4600e-10, 1.1403e-03],
        [2.4600e-10, 1.1403e-03, 9.9772e-01]])
2023-10-25 23:34:43,539 | INFO | hi-lo : END EPOCH:   8 | ACCURACY: 0.02 | LOSS: 4.284064292907715
2023-10-25 23:34:43,539 | INFO | hi-lo : BEGIN EPOCH 9 =========================================================================
2023-10-25 23:34:43,539 | INFO | hi-lo.kernel-accessor : Fetching kernel: gumbel
2023-10-25 23:34:43,540 | INFO | hi-lo.gumbel-kernel : MU (LOCATION): -0.2171616405248642 | BETA (SCALE): 0.4893653690814972
2023-10-25 23:34:43,541 | INFO | hi-lo.gumbel-kernel : BOTTOM-LEFT
tensor([[0.0000e+00, 0.0000e+00, 0.0000e+00],
        [1.0621e-08, 0.0000e+00, 0.0000e+00],
        [1.0000e+00, 1.0621e-08, 0.0000e+00]])
2023-10-25 23:34:43,541 | INFO | hi-lo.kernel-accessor : Fetching kernel: gumbel
2023-10-25 23:34:43,541 | INFO | hi-lo.gumbel-kernel : MU (LOCATION): 1 | BETA (SCALE): 1
2023-10-25 23:34:43,542 | INFO | hi-lo.gumbel-kernel : STATIC
tensor([[5.6765e-01, 1.6550e-01, 3.2357e-02],
        [1.6550e-01, 3.2357e-02, 2.1352e-03],
        [3.2357e-02, 2.1352e-03, 7.3562e-06]])
2023-10-25 23:34:43,542 | INFO | hi-lo.kernel-accessor : Fetching kernel: gumbel
2023-10-25 23:34:43,543 | INFO | hi-lo.gumbel-kernel : MU (LOCATION): 1 | BETA (SCALE): 1
2023-10-25 23:34:43,543 | INFO | hi-lo.gumbel-kernel : STATIC
tensor([[5.6765e-01, 1.6550e-01, 3.2357e-02],
        [1.6550e-01, 3.2357e-02, 2.1352e-03],
        [3.2357e-02, 2.1352e-03, 7.3562e-06]])
2023-10-25 23:34:43,543 | INFO | hi-lo.kernel-accessor : Fetching kernel: gumbel
2023-10-25 23:34:43,544 | INFO | hi-lo.gumbel-kernel : MU (LOCATION): -0.8835059404373169 | BETA (SCALE): 1.1785968542099
2023-10-25 23:34:43,544 | INFO | hi-lo.gumbel-kernel : BOTTOM-RIGHT
tensor([[0.0000e+00, 1.1070e-24, 3.9197e-10],
        [1.1070e-24, 3.9197e-10, 1.0766e-03],
        [3.9197e-10, 1.0766e-03, 9.9785e-01]])
2023-10-25 23:35:07,743 | INFO | hi-lo : END EPOCH:   9 | ACCURACY: 0.28 | LOSS: 4.34377908706665
2023-10-25 23:35:07,743 | INFO | hi-lo : BEGIN EPOCH 10 =========================================================================
2023-10-25 23:35:07,743 | INFO | hi-lo.kernel-accessor : Fetching kernel: gumbel
2023-10-25 23:35:07,744 | INFO | hi-lo.gumbel-kernel : MU (LOCATION): -0.04858971759676933 | BETA (SCALE): 0.5151897072792053
2023-10-25 23:35:07,744 | INFO | hi-lo.gumbel-kernel : BOTTOM-LEFT
tensor([[2.4535e-27, 0.0000e+00, 0.0000e+00],
        [1.0668e-04, 2.4535e-27, 0.0000e+00],
        [9.9979e-01, 1.0668e-04, 2.4535e-27]])
2023-10-25 23:35:07,744 | INFO | hi-lo.kernel-accessor : Fetching kernel: gumbel
2023-10-25 23:35:07,744 | INFO | hi-lo.gumbel-kernel : MU (LOCATION): -0.7007110118865967 | BETA (SCALE): 1.034318447113037
2023-10-25 23:35:07,745 | INFO | hi-lo.gumbel-kernel : BOTTOM-RIGHT
tensor([[0.0000e+00, 6.4940e-31, 1.5929e-11],
        [6.4940e-31, 1.5929e-11, 6.8564e-04],
        [1.5929e-11, 6.8564e-04, 9.9863e-01]])
2023-10-25 23:35:07,745 | INFO | hi-lo.kernel-accessor : Fetching kernel: gumbel
2023-10-25 23:35:07,745 | INFO | hi-lo.gumbel-kernel : MU (LOCATION): -1.0990581512451172 | BETA (SCALE): 1.9095605611801147
2023-10-25 23:35:07,745 | INFO | hi-lo.gumbel-kernel : BOTTOM-RIGHT
tensor([[1.7923e-11, 1.0664e-06, 8.8873e-04],
        [1.0664e-06, 8.8873e-04, 5.9102e-02],
        [8.8873e-04, 5.9102e-02, 8.7913e-01]])
2023-10-25 23:35:07,745 | INFO | hi-lo.kernel-accessor : Fetching kernel: gumbel
2023-10-25 23:35:07,745 | INFO | hi-lo.gumbel-kernel : MU (LOCATION): -1.0661123991012573 | BETA (SCALE): 1.343956470489502
2023-10-25 23:35:07,746 | INFO | hi-lo.gumbel-kernel : BOTTOM-RIGHT
tensor([[1.5787e-41, 2.3453e-19, 1.1879e-08],
        [2.3453e-19, 1.1879e-08, 2.1426e-03],
        [1.1879e-08, 2.1426e-03, 9.9571e-01]])
2023-10-25 23:35:31,993 | INFO | hi-lo : END EPOCH:  10 | ACCURACY: 2.5 | LOSS: 4.168471336364746
2023-10-25 23:35:31,993 | INFO | hi-lo : BEGIN EPOCH 11 =========================================================================
2023-10-25 23:35:31,994 | INFO | hi-lo.kernel-accessor : Fetching kernel: gumbel
2023-10-25 23:35:31,994 | INFO | hi-lo.gumbel-kernel : MU (LOCATION): -0.12889954447746277 | BETA (SCALE): 0.5286706686019897
2023-10-25 23:35:31,995 | INFO | hi-lo.gumbel-kernel : BOTTOM-LEFT
tensor([[9.5662e-33, 0.0000e+00, 0.0000e+00],
        [1.5744e-05, 9.5662e-33, 0.0000e+00],
        [9.9997e-01, 1.5744e-05, 9.5662e-33]])
2023-10-25 23:35:31,995 | INFO | hi-lo.kernel-accessor : Fetching kernel: gumbel
2023-10-25 23:35:31,996 | INFO | hi-lo.gumbel-kernel : MU (LOCATION): -0.6652222275733948 | BETA (SCALE): 1.0026700496673584
2023-10-25 23:35:31,996 | INFO | hi-lo.gumbel-kernel : BOTTOM-RIGHT
tensor([[0.0000e+00, 5.2309e-33, 5.4770e-12],
        [5.2309e-33, 5.4770e-12, 5.8257e-04],
        [5.4770e-12, 5.8257e-04, 9.9883e-01]])
2023-10-25 23:35:31,996 | INFO | hi-lo.kernel-accessor : Fetching kernel: gumbel
2023-10-25 23:35:31,997 | INFO | hi-lo.gumbel-kernel : MU (LOCATION): -1.1508874893188477 | BETA (SCALE): 1.6849775314331055
2023-10-25 23:35:31,998 | INFO | hi-lo.gumbel-kernel : BOTTOM-LEFT
tensor([[3.8761e-05, 6.4600e-10, 2.3404e-18],
        [2.2041e-02, 3.8761e-05, 6.4600e-10],
        [9.5580e-01, 2.2041e-02, 3.8761e-05]])
2023-10-25 23:35:31,998 | INFO | hi-lo.kernel-accessor : Fetching kernel: gumbel
2023-10-25 23:35:31,998 | INFO | hi-lo.gumbel-kernel : MU (LOCATION): -1.2634608745574951 | BETA (SCALE): 1.4542224407196045
2023-10-25 23:35:31,999 | INFO | hi-lo.gumbel-kernel : BOTTOM-LEFT
tensor([[1.2692e-08, 1.3990e-18, 4.3137e-38],
        [1.8127e-03, 1.2692e-08, 1.3990e-18],
        [9.9637e-01, 1.8127e-03, 1.2692e-08]])
2023-10-25 23:35:56,245 | INFO | hi-lo : END EPOCH:  11 | ACCURACY: 1.56 | LOSS: 4.275244235992432
2023-10-25 23:35:56,245 | INFO | hi-lo : BEGIN EPOCH 12 =========================================================================
2023-10-25 23:35:56,245 | INFO | hi-lo.kernel-accessor : Fetching kernel: gumbel
2023-10-25 23:35:56,246 | INFO | hi-lo.gumbel-kernel : MU (LOCATION): -0.05473902449011803 | BETA (SCALE): 0.46805882453918457
2023-10-25 23:35:56,247 | INFO | hi-lo.gumbel-kernel : BOTTOM-RIGHT
tensor([[0.0000e+00, 0.0000e+00, 2.1367e-41],
        [0.0000e+00, 2.1367e-41, 9.4032e-06],
        [2.1367e-41, 9.4032e-06, 9.9998e-01]])
2023-10-25 23:35:56,247 | INFO | hi-lo.kernel-accessor : Fetching kernel: gumbel
2023-10-25 23:35:56,247 | INFO | hi-lo.gumbel-kernel : MU (LOCATION): -0.6310313940048218 | BETA (SCALE): 0.8937562108039856
2023-10-25 23:35:56,248 | INFO | hi-lo.gumbel-kernel : BOTTOM-LEFT
tensor([[1.2708e-16, 0.0000e+00, 0.0000e+00],
        [6.9092e-05, 1.2708e-16, 0.0000e+00],
        [9.9986e-01, 6.9092e-05, 1.2708e-16]])
2023-10-25 23:35:56,248 | INFO | hi-lo.kernel-accessor : Fetching kernel: gumbel
2023-10-25 23:35:56,248 | INFO | hi-lo.gumbel-kernel : MU (LOCATION): 1 | BETA (SCALE): 1
2023-10-25 23:35:56,249 | INFO | hi-lo.gumbel-kernel : STATIC
tensor([[5.6765e-01, 1.6550e-01, 3.2357e-02],
        [1.6550e-01, 3.2357e-02, 2.1352e-03],
        [3.2357e-02, 2.1352e-03, 7.3562e-06]])
2023-10-25 23:35:56,249 | INFO | hi-lo.kernel-accessor : Fetching kernel: gumbel
2023-10-25 23:35:56,249 | INFO | hi-lo.gumbel-kernel : MU (LOCATION): -1.115584373474121 | BETA (SCALE): 1.3781477212905884
2023-10-25 23:35:56,250 | INFO | hi-lo.gumbel-kernel : BOTTOM-LEFT
tensor([[1.5951e-08, 8.1824e-19, 9.7759e-40],
        [2.2183e-03, 1.5951e-08, 8.1824e-19],
        [9.9556e-01, 2.2183e-03, 1.5951e-08]])
2023-10-25 23:36:20,431 | INFO | hi-lo : END EPOCH:  12 | ACCURACY: 0.05 | LOSS: 4.16300106048584
2023-10-25 23:36:20,431 | INFO | hi-lo : BEGIN EPOCH 13 =========================================================================
2023-10-25 23:36:20,431 | INFO | hi-lo.kernel-accessor : Fetching kernel: gumbel
2023-10-25 23:36:20,432 | INFO | hi-lo.gumbel-kernel : MU (LOCATION): -0.14879605174064636 | BETA (SCALE): 0.45093297958374023
2023-10-25 23:36:20,433 | INFO | hi-lo.gumbel-kernel : BOTTOM-RIGHT
tensor([[0.0000e+00, 0.0000e+00, 0.0000e+00],
        [0.0000e+00, 0.0000e+00, 1.4429e-08],
        [0.0000e+00, 1.4429e-08, 1.0000e+00]])
2023-10-25 23:36:20,433 | INFO | hi-lo.kernel-accessor : Fetching kernel: gumbel
2023-10-25 23:36:20,433 | INFO | hi-lo.gumbel-kernel : MU (LOCATION): -0.6333774328231812 | BETA (SCALE): 0.8760839700698853
2023-10-25 23:36:20,434 | INFO | hi-lo.gumbel-kernel : BOTTOM-LEFT
tensor([[5.9276e-18, 0.0000e+00, 0.0000e+00],
        [3.7525e-05, 5.9276e-18, 0.0000e+00],
        [9.9992e-01, 3.7525e-05, 5.9276e-18]])
2023-10-25 23:36:20,434 | INFO | hi-lo.kernel-accessor : Fetching kernel: gumbel
2023-10-25 23:36:20,434 | INFO | hi-lo.gumbel-kernel : MU (LOCATION): -0.9039843082427979 | BETA (SCALE): 1.5122883319854736
2023-10-25 23:36:20,435 | INFO | hi-lo.gumbel-kernel : BOTTOM-LEFT
tensor([[2.8464e-05, 1.3134e-10, 1.1239e-20],
        [2.2267e-02, 2.8464e-05, 1.3134e-10],
        [9.5538e-01, 2.2267e-02, 2.8464e-05]])
2023-10-25 23:36:20,435 | INFO | hi-lo.kernel-accessor : Fetching kernel: gumbel
2023-10-25 23:36:20,435 | INFO | hi-lo.gumbel-kernel : MU (LOCATION): -1.1346778869628906 | BETA (SCALE): 1.4097321033477783
2023-10-25 23:36:20,436 | INFO | hi-lo.gumbel-kernel : BOTTOM-RIGHT
tensor([[7.1499e-37, 1.0048e-17, 3.7891e-08],
        [1.0048e-17, 3.7891e-08, 2.7945e-03],
        [3.7891e-08, 2.7945e-03, 9.9441e-01]])
2023-10-25 23:36:44,738 | INFO | hi-lo : END EPOCH:  13 | ACCURACY: 0.07 | LOSS: 4.621942043304443
2023-10-25 23:36:44,738 | INFO | hi-lo : BEGIN EPOCH 14 =========================================================================
2023-10-25 23:36:44,738 | INFO | hi-lo.kernel-accessor : Fetching kernel: gumbel
2023-10-25 23:36:44,739 | INFO | hi-lo.gumbel-kernel : MU (LOCATION): -0.04897236078977585 | BETA (SCALE): 0.43694040179252625
2023-10-25 23:36:44,740 | INFO | hi-lo.gumbel-kernel : BOTTOM-RIGHT
tensor([[0.0000e+00, 0.0000e+00, 0.0000e+00],
        [0.0000e+00, 0.0000e+00, 1.5507e-06],
        [0.0000e+00, 1.5507e-06, 1.0000e+00]])
2023-10-25 23:36:44,740 | INFO | hi-lo.kernel-accessor : Fetching kernel: gumbel
2023-10-25 23:36:44,740 | INFO | hi-lo.gumbel-kernel : MU (LOCATION): -0.667945384979248 | BETA (SCALE): 0.8420230150222778
2023-10-25 23:36:44,741 | INFO | hi-lo.gumbel-kernel : BOTTOM-RIGHT
tensor([[0.0000e+00, 0.0000e+00, 1.8567e-22],
        [0.0000e+00, 1.8567e-22, 4.4360e-06],
        [1.8567e-22, 4.4360e-06, 9.9999e-01]])
2023-10-25 23:36:44,741 | INFO | hi-lo.kernel-accessor : Fetching kernel: gumbel
2023-10-25 23:36:44,741 | INFO | hi-lo.gumbel-kernel : MU (LOCATION): -0.7697978019714355 | BETA (SCALE): 1.5552788972854614
2023-10-25 23:36:44,742 | INFO | hi-lo.gumbel-kernel : BOTTOM-RIGHT
tensor([[5.1783e-16, 1.7749e-08, 2.2028e-04],
        [1.7749e-08, 2.2028e-04, 4.2426e-02],
        [2.2028e-04, 4.2426e-02, 9.1449e-01]])
2023-10-25 23:36:44,742 | INFO | hi-lo.kernel-accessor : Fetching kernel: gumbel
2023-10-25 23:36:44,742 | INFO | hi-lo.gumbel-kernel : MU (LOCATION): -1.0873181819915771 | BETA (SCALE): 1.2786213159561157
2023-10-25 23:36:44,743 | INFO | hi-lo.gumbel-kernel : BOTTOM-LEFT
tensor([[2.1374e-10, 3.2043e-24, 0.0000e+00],
        [6.8865e-04, 2.1374e-10, 3.2043e-24],
        [9.9862e-01, 6.8865e-04, 2.1374e-10]])
2023-10-25 23:37:08,941 | INFO | hi-lo : END EPOCH:  14 | ACCURACY: 0.41 | LOSS: 4.822400093078613
2023-10-25 23:37:08,941 | INFO | hi-lo : BEGIN EPOCH 15 =========================================================================
2023-10-25 23:37:08,941 | INFO | hi-lo.kernel-accessor : Fetching kernel: gumbel
2023-10-25 23:37:08,942 | INFO | hi-lo.gumbel-kernel : MU (LOCATION): -0.15611468255519867 | BETA (SCALE): 0.5350169539451599
2023-10-25 23:37:08,943 | INFO | hi-lo.gumbel-kernel : BOTTOM-LEFT
tensor([[2.7705e-34, 0.0000e+00, 0.0000e+00],
        [8.3255e-06, 2.7704e-34, 0.0000e+00],
        [9.9998e-01, 8.3255e-06, 2.7705e-34]])
2023-10-25 23:37:08,943 | INFO | hi-lo.kernel-accessor : Fetching kernel: gumbel
2023-10-25 23:37:08,943 | INFO | hi-lo.gumbel-kernel : MU (LOCATION): -0.5996137857437134 | BETA (SCALE): 0.9546770453453064
2023-10-25 23:37:08,944 | INFO | hi-lo.gumbel-kernel : BOTTOM-RIGHT
tensor([[0.0000e+00, 6.8610e-36, 1.6696e-12],
        [6.8610e-36, 1.6695e-12, 5.2763e-04],
        [1.6696e-12, 5.2763e-04, 9.9894e-01]])
2023-10-25 23:37:08,944 | INFO | hi-lo.kernel-accessor : Fetching kernel: gumbel
2023-10-25 23:37:08,944 | INFO | hi-lo.gumbel-kernel : MU (LOCATION): 1 | BETA (SCALE): 1
2023-10-25 23:37:08,945 | INFO | hi-lo.gumbel-kernel : STATIC
tensor([[5.6765e-01, 1.6550e-01, 3.2357e-02],
        [1.6550e-01, 3.2357e-02, 2.1352e-03],
        [3.2357e-02, 2.1352e-03, 7.3562e-06]])
2023-10-25 23:37:08,945 | INFO | hi-lo.kernel-accessor : Fetching kernel: gumbel
2023-10-25 23:37:08,945 | INFO | hi-lo.gumbel-kernel : MU (LOCATION): -1.4393079280853271 | BETA (SCALE): 1.6631238460540771
2023-10-25 23:37:08,946 | INFO | hi-lo.gumbel-kernel : BOTTOM-LEFT
tensor([[5.8072e-07, 5.9492e-14, 1.7288e-26],
        [5.1640e-03, 5.8072e-07, 5.9492e-14],
        [9.8967e-01, 5.1640e-03, 5.8072e-07]])
2023-10-25 23:37:33,162 | INFO | hi-lo : END EPOCH:  15 | ACCURACY: 0.89 | LOSS: 4.2292656898498535
2023-10-25 23:37:33,162 | INFO | hi-lo : BEGIN EPOCH 16 =========================================================================
2023-10-25 23:37:33,163 | INFO | hi-lo.kernel-accessor : Fetching kernel: gumbel
2023-10-25 23:37:33,163 | INFO | hi-lo.gumbel-kernel : MU (LOCATION): -0.1264236569404602 | BETA (SCALE): 0.46815934777259827
2023-10-25 23:37:33,164 | INFO | hi-lo.gumbel-kernel : BOTTOM-RIGHT
tensor([[0.0000e+00, 0.0000e+00, 0.0000e+00],
        [0.0000e+00, 0.0000e+00, 3.2211e-07],
        [0.0000e+00, 3.2211e-07, 1.0000e+00]])
2023-10-25 23:37:33,164 | INFO | hi-lo.kernel-accessor : Fetching kernel: gumbel
2023-10-25 23:37:33,165 | INFO | hi-lo.gumbel-kernel : MU (LOCATION): -0.596855640411377 | BETA (SCALE): 0.9178904891014099
2023-10-25 23:37:33,165 | INFO | hi-lo.gumbel-kernel : BOTTOM-LEFT
tensor([[3.6239e-14, 2.0403e-42, 0.0000e+00],
        [2.4075e-04, 3.6239e-14, 2.0403e-42],
        [9.9952e-01, 2.4075e-04, 3.6239e-14]])
2023-10-25 23:37:33,165 | INFO | hi-lo.kernel-accessor : Fetching kernel: gumbel
2023-10-25 23:37:33,166 | INFO | hi-lo.gumbel-kernel : MU (LOCATION): 1 | BETA (SCALE): 1
2023-10-25 23:37:33,166 | INFO | hi-lo.gumbel-kernel : STATIC
tensor([[5.6765e-01, 1.6550e-01, 3.2357e-02],
        [1.6550e-01, 3.2357e-02, 2.1352e-03],
        [3.2357e-02, 2.1352e-03, 7.3562e-06]])
2023-10-25 23:37:33,166 | INFO | hi-lo.kernel-accessor : Fetching kernel: gumbel
2023-10-25 23:37:33,167 | INFO | hi-lo.gumbel-kernel : MU (LOCATION): 1 | BETA (SCALE): 1
2023-10-25 23:37:33,167 | INFO | hi-lo.gumbel-kernel : STATIC
tensor([[5.6765e-01, 1.6550e-01, 3.2357e-02],
        [1.6550e-01, 3.2357e-02, 2.1352e-03],
        [3.2357e-02, 2.1352e-03, 7.3562e-06]])
2023-10-25 23:37:57,374 | INFO | hi-lo : END EPOCH:  16 | ACCURACY: 0.52 | LOSS: 4.189213275909424
2023-10-25 23:37:57,374 | INFO | hi-lo : BEGIN EPOCH 17 =========================================================================
2023-10-25 23:37:57,375 | INFO | hi-lo.kernel-accessor : Fetching kernel: gumbel
2023-10-25 23:37:57,375 | INFO | hi-lo.gumbel-kernel : MU (LOCATION): -0.0855175107717514 | BETA (SCALE): 0.48486363887786865
2023-10-25 23:37:57,376 | INFO | hi-lo.gumbel-kernel : BOTTOM-LEFT
tensor([[3.9615e-40, 0.0000e+00, 0.0000e+00],
        [7.2732e-06, 3.9614e-40, 0.0000e+00],
        [9.9999e-01, 7.2732e-06, 3.9615e-40]])
2023-10-25 23:37:57,376 | INFO | hi-lo.kernel-accessor : Fetching kernel: gumbel
2023-10-25 23:37:57,377 | INFO | hi-lo.gumbel-kernel : MU (LOCATION): -0.45027288794517517 | BETA (SCALE): 0.8517190217971802
2023-10-25 23:37:57,377 | INFO | hi-lo.gumbel-kernel : BOTTOM-RIGHT
tensor([[0.0000e+00, 2.4383e-43, 1.3954e-13],
        [2.4383e-43, 1.3953e-13, 4.9570e-04],
        [1.3954e-13, 4.9570e-04, 9.9901e-01]])
2023-10-25 23:37:57,377 | INFO | hi-lo.kernel-accessor : Fetching kernel: gumbel
2023-10-25 23:37:57,378 | INFO | hi-lo.gumbel-kernel : MU (LOCATION): -0.9678100347518921 | BETA (SCALE): 1.7253402471542358
2023-10-25 23:37:57,378 | INFO | hi-lo.gumbel-kernel : BOTTOM-RIGHT
tensor([[5.4551e-14, 8.8692e-08, 3.4482e-04],
        [8.8692e-08, 3.4482e-04, 4.5603e-02],
        [3.4482e-04, 4.5603e-02, 9.0776e-01]])
2023-10-25 23:37:57,378 | INFO | hi-lo.kernel-accessor : Fetching kernel: gumbel
2023-10-25 23:37:57,379 | INFO | hi-lo.gumbel-kernel : MU (LOCATION): -1.0837326049804688 | BETA (SCALE): 1.4163703918457031
2023-10-25 23:37:57,379 | INFO | hi-lo.gumbel-kernel : BOTTOM-RIGHT
tensor([[9.5200e-34, 2.5134e-16, 1.4284e-07],
        [2.5134e-16, 1.4284e-07, 4.2793e-03],
        [1.4284e-07, 4.2793e-03, 9.9144e-01]])
2023-10-25 23:38:21,652 | INFO | hi-lo : END EPOCH:  17 | ACCURACY: 3.12 | LOSS: 4.559826850891113
2023-10-25 23:38:21,652 | INFO | hi-lo : BEGIN EPOCH 18 =========================================================================
2023-10-25 23:38:21,652 | INFO | hi-lo.kernel-accessor : Fetching kernel: gumbel
2023-10-25 23:38:21,653 | INFO | hi-lo.gumbel-kernel : MU (LOCATION): -0.2767678499221802 | BETA (SCALE): 0.48827141523361206
2023-10-25 23:38:21,654 | INFO | hi-lo.gumbel-kernel : BOTTOM-LEFT
tensor([[0.0000e+00, 0.0000e+00, 0.0000e+00],
        [9.9704e-11, 0.0000e+00, 0.0000e+00],
        [1.0000e+00, 9.9704e-11, 0.0000e+00]])
2023-10-25 23:38:21,654 | INFO | hi-lo.kernel-accessor : Fetching kernel: gumbel
2023-10-25 23:38:21,654 | INFO | hi-lo.gumbel-kernel : MU (LOCATION): -0.4964759051799774 | BETA (SCALE): 0.8552959561347961
2023-10-25 23:38:21,655 | INFO | hi-lo.gumbel-kernel : BOTTOM-RIGHT
tensor([[0.0000e+00, 0.0000e+00, 9.9741e-15],
        [0.0000e+00, 9.9741e-15, 2.5968e-04],
        [9.9741e-15, 2.5968e-04, 9.9948e-01]])
2023-10-25 23:38:21,655 | INFO | hi-lo.kernel-accessor : Fetching kernel: gumbel
2023-10-25 23:38:21,655 | INFO | hi-lo.gumbel-kernel : MU (LOCATION): -0.8947947025299072 | BETA (SCALE): 1.4302010536193848
2023-10-25 23:38:21,656 | INFO | hi-lo.gumbel-kernel : BOTTOM-RIGHT
tensor([[2.5752e-25, 1.6965e-12, 5.6619e-06],
        [1.6965e-12, 5.6619e-06, 1.4052e-02],
        [5.6619e-06, 1.4052e-02, 9.7188e-01]])
2023-10-25 23:38:21,656 | INFO | hi-lo.kernel-accessor : Fetching kernel: gumbel
2023-10-25 23:38:21,657 | INFO | hi-lo.gumbel-kernel : MU (LOCATION): -1.0835092067718506 | BETA (SCALE): 1.228853464126587
2023-10-25 23:38:21,657 | INFO | hi-lo.gumbel-kernel : BOTTOM-RIGHT
tensor([[0.0000e+00, 2.3616e-28, 8.5025e-12],
        [2.3616e-28, 8.5025e-12, 2.9098e-04],
        [8.5025e-12, 2.9098e-04, 9.9942e-01]])
2023-10-25 23:38:45,893 | INFO | hi-lo : END EPOCH:  18 | ACCURACY: 5.47 | LOSS: 4.4287109375
2023-10-25 23:38:45,893 | INFO | hi-lo : BEGIN EPOCH 19 =========================================================================
2023-10-25 23:38:45,893 | INFO | hi-lo.kernel-accessor : Fetching kernel: gumbel
2023-10-25 23:38:45,894 | INFO | hi-lo.gumbel-kernel : MU (LOCATION): -0.17609384655952454 | BETA (SCALE): 0.4686238765716553
2023-10-25 23:38:45,895 | INFO | hi-lo.gumbel-kernel : BOTTOM-RIGHT
tensor([[0.0000e+00, 0.0000e+00, 0.0000e+00],
        [0.0000e+00, 0.0000e+00, 1.6414e-08],
        [0.0000e+00, 1.6414e-08, 1.0000e+00]])
2023-10-25 23:38:45,895 | INFO | hi-lo.kernel-accessor : Fetching kernel: gumbel
2023-10-25 23:38:45,895 | INFO | hi-lo.gumbel-kernel : MU (LOCATION): -0.5147491693496704 | BETA (SCALE): 0.8888388276100159
2023-10-25 23:38:45,896 | INFO | hi-lo.gumbel-kernel : BOTTOM-RIGHT
tensor([[0.0000e+00, 3.1105e-41, 1.9171e-13],
        [3.1105e-41, 1.9171e-13, 4.3044e-04],
        [1.9171e-13, 4.3044e-04, 9.9914e-01]])
2023-10-25 23:38:45,896 | INFO | hi-lo.kernel-accessor : Fetching kernel: gumbel
2023-10-25 23:38:45,897 | INFO | hi-lo.gumbel-kernel : MU (LOCATION): 1 | BETA (SCALE): 1
2023-10-25 23:38:45,897 | INFO | hi-lo.gumbel-kernel : STATIC
tensor([[5.6765e-01, 1.6550e-01, 3.2357e-02],
        [1.6550e-01, 3.2357e-02, 2.1352e-03],
        [3.2357e-02, 2.1352e-03, 7.3562e-06]])
2023-10-25 23:38:45,897 | INFO | hi-lo.kernel-accessor : Fetching kernel: gumbel
2023-10-25 23:38:45,898 | INFO | hi-lo.gumbel-kernel : MU (LOCATION): 1 | BETA (SCALE): 1
2023-10-25 23:38:45,898 | INFO | hi-lo.gumbel-kernel : STATIC
tensor([[5.6765e-01, 1.6550e-01, 3.2357e-02],
        [1.6550e-01, 3.2357e-02, 2.1352e-03],
        [3.2357e-02, 2.1352e-03, 7.3562e-06]])
2023-10-25 23:39:10,120 | INFO | hi-lo : END EPOCH:  19 | ACCURACY: 0.18 | LOSS: 4.211200714111328
2023-10-25 23:39:10,120 | INFO | hi-lo : BEGIN EPOCH 20 =========================================================================
2023-10-25 23:39:10,121 | INFO | hi-lo.kernel-accessor : Fetching kernel: gumbel
2023-10-25 23:39:10,121 | INFO | hi-lo.gumbel-kernel : MU (LOCATION): 1 | BETA (SCALE): 1
2023-10-25 23:39:10,122 | INFO | hi-lo.gumbel-kernel : STATIC
tensor([[5.6765e-01, 1.6550e-01, 3.2357e-02],
        [1.6550e-01, 3.2357e-02, 2.1352e-03],
        [3.2357e-02, 2.1352e-03, 7.3562e-06]])
2023-10-25 23:39:10,122 | INFO | hi-lo.kernel-accessor : Fetching kernel: gumbel
2023-10-25 23:39:10,122 | INFO | hi-lo.gumbel-kernel : MU (LOCATION): 1 | BETA (SCALE): 1
2023-10-25 23:39:10,123 | INFO | hi-lo.gumbel-kernel : STATIC
tensor([[5.6765e-01, 1.6550e-01, 3.2357e-02],
        [1.6550e-01, 3.2357e-02, 2.1352e-03],
        [3.2357e-02, 2.1352e-03, 7.3562e-06]])
2023-10-25 23:39:10,123 | INFO | hi-lo.kernel-accessor : Fetching kernel: gumbel
2023-10-25 23:39:10,124 | INFO | hi-lo.gumbel-kernel : MU (LOCATION): -1.3254363536834717 | BETA (SCALE): 2.1647579669952393
2023-10-25 23:39:10,124 | INFO | hi-lo.gumbel-kernel : BOTTOM-LEFT
tensor([[1.9183e-03, 7.8803e-06, 1.6858e-09],
        [7.2555e-02, 1.9183e-03, 7.8803e-06],
        [8.4912e-01, 7.2555e-02, 1.9183e-03]])
2023-10-25 23:39:10,124 | INFO | hi-lo.kernel-accessor : Fetching kernel: gumbel
2023-10-25 23:39:10,125 | INFO | hi-lo.gumbel-kernel : MU (LOCATION): -0.989185631275177 | BETA (SCALE): 1.3601882457733154
2023-10-25 23:39:10,125 | INFO | hi-lo.gumbel-kernel : BOTTOM-LEFT
tensor([[1.3352e-07, 1.0463e-16, 2.3578e-35],
        [4.5421e-03, 1.3352e-07, 1.0463e-16],
        [9.9092e-01, 4.5421e-03, 1.3352e-07]])
2023-10-25 23:39:34,384 | INFO | hi-lo : END EPOCH:  20 | ACCURACY: 0.78 | LOSS: 4.528334617614746
2023-10-25 23:39:34,384 | INFO | hi-lo : BEGIN EPOCH 21 =========================================================================
2023-10-25 23:39:34,384 | INFO | hi-lo.kernel-accessor : Fetching kernel: gumbel
2023-10-25 23:39:34,385 | INFO | hi-lo.gumbel-kernel : MU (LOCATION): 1 | BETA (SCALE): 1
2023-10-25 23:39:34,385 | INFO | hi-lo.gumbel-kernel : STATIC
tensor([[5.6765e-01, 1.6550e-01, 3.2357e-02],
        [1.6550e-01, 3.2357e-02, 2.1352e-03],
        [3.2357e-02, 2.1352e-03, 7.3562e-06]])
2023-10-25 23:39:34,386 | INFO | hi-lo.kernel-accessor : Fetching kernel: gumbel
2023-10-25 23:39:34,386 | INFO | hi-lo.gumbel-kernel : MU (LOCATION): 1 | BETA (SCALE): 1
2023-10-25 23:39:34,387 | INFO | hi-lo.gumbel-kernel : STATIC
tensor([[5.6765e-01, 1.6550e-01, 3.2357e-02],
        [1.6550e-01, 3.2357e-02, 2.1352e-03],
        [3.2357e-02, 2.1352e-03, 7.3562e-06]])
2023-10-25 23:39:34,387 | INFO | hi-lo.kernel-accessor : Fetching kernel: gumbel
