2023-10-11 01:24:34,459 | INFO | hi-lo : 
+=========================================================================+
|  ______     ______   ______    ___         ___        ______   _______  |
| /| ___ \  // ____ \ /| ___ \  /| |        /| |      // ____ \ /| ___  \ |
| /| |//\ \ /| |//| | /| |//\ \ /| |        /| |      /| |//| | /| |//| | |
| /| | /| | /| ____ | /| | /| | /| |        /| |      /| ____ | /| ___  / |
| /| |_// / /| |//| | /| |_// / /| |____    /| |____  /| |//| | /| |//\ \ |
| /|_____/  /|_| /|_| /|_____/  /|______|   /|______| /|_| /|_| /|______/ |
| ///////   ///  ///  //////    ////////    ////////  ///  ///  ////////  |
+=========================================================================+
|                  Hi-Lo Resolution Image Classification                  |
|                  -------------------------------------                  |
|                            Gabriel C. Trahan                            |
|                               Sahan Ahmad                               |
|                            MD  Aminual Islam                            |
+=========================================================================+
| MODEL:                      normal | LR:                            0.1 |
| DISTRO:                     gumbel | KERNEL TYPE:                    10 |
| DATASET:                   cifar10 | BATCH SIZE:                     64 |
+=========================================================================+
2023-10-11 01:24:34,459 | INFO | hi-lo : Output directory: output/gumbel//10/normal/cifar10/20231011_012434
2023-10-11 01:24:34,459 | INFO | hi-lo.dataset-accessor : Fetching dataset: cifar10
2023-10-11 01:24:34,459 | INFO | hi-lo.cifar10-dataset : Initializing transform.
2023-10-11 01:24:34,460 | INFO | hi-lo.cifar10-dataset : Verifying/downloading train data.
2023-10-11 01:24:35,066 | INFO | hi-lo.cifar10-dataset : Verifying/downloading test data.
2023-10-11 01:24:35,551 | INFO | hi-lo.cifar10-dataset : Creating train data loader.
2023-10-11 01:24:35,551 | INFO | hi-lo.cifar10-dataset : Creating test data loader.
2023-10-11 01:24:36,561 | INFO | hi-lo : Using device: NVIDIA GeForce GTX 1060 6GB
2023-10-11 01:24:36,561 | INFO | hi-lo : Commencing training phase...
2023-10-11 01:24:36,562 | INFO | hi-lo : BEGIN EPOCH 1 =========================================================================
2023-10-11 01:24:36,562 | INFO | hi-lo.kernel-accessor : Fetching kernel: gumbel
2023-10-11 01:24:36,562 | INFO | hi-lo.gumbel-kernel : MU (LOCATION): 1 | BETA (SCALE): 1
2023-10-11 01:24:36,563 | INFO | hi-lo.gumbel-kernel : STATIC
tensor([[5.6765e-01, 1.6550e-01, 3.2357e-02],
        [1.6550e-01, 3.2357e-02, 2.1352e-03],
        [3.2357e-02, 2.1352e-03, 7.3562e-06]])
2023-10-11 01:24:36,563 | INFO | hi-lo.kernel-accessor : Fetching kernel: gumbel
2023-10-11 01:24:36,563 | INFO | hi-lo.gumbel-kernel : MU (LOCATION): 0.0 | BETA (SCALE): 1.0
2023-10-11 01:24:36,564 | INFO | hi-lo.gumbel-kernel : TOP-RIGHT
tensor([[2.0072e-04, 5.8259e-02, 8.8288e-01],
        [2.2609e-10, 2.0072e-04, 5.8259e-02],
        [8.5377e-26, 2.2609e-10, 2.0072e-04]])
2023-10-11 01:24:36,564 | INFO | hi-lo.kernel-accessor : Fetching kernel: gumbel
2023-10-11 01:24:36,564 | INFO | hi-lo.gumbel-kernel : MU (LOCATION): 0.0 | BETA (SCALE): 1.0
2023-10-11 01:24:36,564 | INFO | hi-lo.gumbel-kernel : TOP-RIGHT
tensor([[2.0072e-04, 5.8259e-02, 8.8288e-01],
        [2.2609e-10, 2.0072e-04, 5.8259e-02],
        [8.5377e-26, 2.2609e-10, 2.0072e-04]])
2023-10-11 01:24:36,564 | INFO | hi-lo.kernel-accessor : Fetching kernel: gumbel
2023-10-11 01:24:36,564 | INFO | hi-lo.gumbel-kernel : MU (LOCATION): 0.0 | BETA (SCALE): 1.0
2023-10-11 01:24:36,565 | INFO | hi-lo.gumbel-kernel : BOTTOM-RIGHT
tensor([[8.5377e-26, 2.2609e-10, 2.0072e-04],
        [2.2609e-10, 2.0072e-04, 5.8259e-02],
        [2.0072e-04, 5.8259e-02, 8.8288e-01]])
2023-10-11 01:24:45,743 | INFO | hi-lo : END EPOCH:   1 | ACCURACY: 53.12 | LOSS: 1.6684551239013672
2023-10-11 01:24:45,743 | INFO | hi-lo : BEGIN EPOCH 2 =========================================================================
2023-10-11 01:24:45,744 | INFO | hi-lo.kernel-accessor : Fetching kernel: gumbel
2023-10-11 01:24:45,744 | INFO | hi-lo.gumbel-kernel : MU (LOCATION): 1 | BETA (SCALE): 1
2023-10-11 01:24:45,745 | INFO | hi-lo.gumbel-kernel : STATIC
tensor([[5.6765e-01, 1.6550e-01, 3.2357e-02],
        [1.6550e-01, 3.2357e-02, 2.1352e-03],
        [3.2357e-02, 2.1352e-03, 7.3562e-06]])
2023-10-11 01:24:45,745 | INFO | hi-lo.kernel-accessor : Fetching kernel: gumbel
2023-10-11 01:24:45,746 | INFO | hi-lo.gumbel-kernel : MU (LOCATION): -0.4548526406288147 | BETA (SCALE): 0.8213368654251099
2023-10-11 01:24:45,746 | INFO | hi-lo.gumbel-kernel : BOTTOM-RIGHT
tensor([[0.0000e+00, 0.0000e+00, 1.7720e-15],
        [0.0000e+00, 1.7720e-15, 2.2068e-04],
        [1.7720e-15, 2.2068e-04, 9.9956e-01]])
2023-10-11 01:24:45,746 | INFO | hi-lo.kernel-accessor : Fetching kernel: gumbel
2023-10-11 01:24:45,747 | INFO | hi-lo.gumbel-kernel : MU (LOCATION): -1.0861387252807617 | BETA (SCALE): 1.4395265579223633
2023-10-11 01:24:45,747 | INFO | hi-lo.gumbel-kernel : TOP-RIGHT
tensor([[2.9919e-07, 5.2927e-03, 9.8941e-01],
        [1.8627e-15, 2.9919e-07, 5.2927e-03],
        [1.3679e-31, 1.8627e-15, 2.9919e-07]])
2023-10-11 01:24:45,748 | INFO | hi-lo.kernel-accessor : Fetching kernel: gumbel
2023-10-11 01:24:45,748 | INFO | hi-lo.gumbel-kernel : MU (LOCATION): -0.4047955870628357 | BETA (SCALE): 0.603939950466156
2023-10-11 01:24:45,749 | INFO | hi-lo.gumbel-kernel : BOTTOM-RIGHT
tensor([[0.0000e+00, 0.0000e+00, 0.0000e+00],
        [0.0000e+00, 0.0000e+00, 1.7760e-08],
        [0.0000e+00, 1.7760e-08, 1.0000e+00]])
2023-10-11 01:24:54,204 | INFO | hi-lo : END EPOCH:   2 | ACCURACY: 60.94 | LOSS: 1.3899012804031372
2023-10-11 01:24:54,205 | INFO | hi-lo : BEGIN EPOCH 3 =========================================================================
2023-10-11 01:24:54,205 | INFO | hi-lo.kernel-accessor : Fetching kernel: gumbel
2023-10-11 01:24:54,205 | INFO | hi-lo.gumbel-kernel : MU (LOCATION): -0.08514778316020966 | BETA (SCALE): 0.5011303424835205
2023-10-11 01:24:54,206 | INFO | hi-lo.gumbel-kernel : TOP-RIGHT
tensor([[7.3818e-35, 1.8029e-05, 9.9996e-01],
        [0.0000e+00, 7.3821e-35, 1.8029e-05],
        [0.0000e+00, 0.0000e+00, 7.3818e-35]])
2023-10-11 01:24:54,206 | INFO | hi-lo.kernel-accessor : Fetching kernel: gumbel
2023-10-11 01:24:54,207 | INFO | hi-lo.gumbel-kernel : MU (LOCATION): -0.5896552801132202 | BETA (SCALE): 0.8502211570739746
2023-10-11 01:24:54,207 | INFO | hi-lo.gumbel-kernel : TOP-RIGHT
tensor([[2.7865e-18, 3.9045e-05, 9.9992e-01],
        [0.0000e+00, 2.7865e-18, 3.9045e-05],
        [0.0000e+00, 0.0000e+00, 2.7865e-18]])
2023-10-11 01:24:54,207 | INFO | hi-lo.kernel-accessor : Fetching kernel: gumbel
2023-10-11 01:24:54,208 | INFO | hi-lo.gumbel-kernel : MU (LOCATION): 1 | BETA (SCALE): 1
2023-10-11 01:24:54,208 | INFO | hi-lo.gumbel-kernel : STATIC
tensor([[5.6765e-01, 1.6550e-01, 3.2357e-02],
        [1.6550e-01, 3.2357e-02, 2.1352e-03],
        [3.2357e-02, 2.1352e-03, 7.3562e-06]])
2023-10-11 01:24:54,208 | INFO | hi-lo.kernel-accessor : Fetching kernel: gumbel
2023-10-11 01:24:54,209 | INFO | hi-lo.gumbel-kernel : MU (LOCATION): -0.8949635028839111 | BETA (SCALE): 1.1301072835922241
2023-10-11 01:24:54,209 | INFO | hi-lo.gumbel-kernel : TOP-RIGHT
tensor([[8.4037e-12, 4.0187e-04, 9.9920e-01],
        [7.3451e-30, 8.4037e-12, 4.0187e-04],
        [0.0000e+00, 7.3451e-30, 8.4037e-12]])
2023-10-11 01:25:02,680 | INFO | hi-lo : END EPOCH:   3 | ACCURACY: 53.65 | LOSS: 1.641453742980957
2023-10-11 01:25:02,681 | INFO | hi-lo : BEGIN EPOCH 4 =========================================================================
2023-10-11 01:25:02,681 | INFO | hi-lo.kernel-accessor : Fetching kernel: gumbel
2023-10-11 01:25:02,682 | INFO | hi-lo.gumbel-kernel : MU (LOCATION): -0.07223784923553467 | BETA (SCALE): 0.49624818563461304
2023-10-11 01:25:02,682 | INFO | hi-lo.gumbel-kernel : TOP-RIGHT
tensor([[1.3543e-34, 2.2231e-05, 9.9996e-01],
        [0.0000e+00, 1.3543e-34, 2.2231e-05],
        [0.0000e+00, 0.0000e+00, 1.3543e-34]])
2023-10-11 01:25:02,682 | INFO | hi-lo.kernel-accessor : Fetching kernel: gumbel
2023-10-11 01:25:02,683 | INFO | hi-lo.gumbel-kernel : MU (LOCATION): 1 | BETA (SCALE): 1
2023-10-11 01:25:02,683 | INFO | hi-lo.gumbel-kernel : STATIC
tensor([[5.6765e-01, 1.6550e-01, 3.2357e-02],
        [1.6550e-01, 3.2357e-02, 2.1352e-03],
        [3.2357e-02, 2.1352e-03, 7.3562e-06]])
2023-10-11 01:25:02,683 | INFO | hi-lo.kernel-accessor : Fetching kernel: gumbel
2023-10-11 01:25:02,684 | INFO | hi-lo.gumbel-kernel : MU (LOCATION): -1.693192958831787 | BETA (SCALE): 2.3495452404022217
2023-10-11 01:25:02,684 | INFO | hi-lo.gumbel-kernel : BOTTOM-RIGHT
tensor([[9.2535e-10, 4.3881e-06, 1.2827e-03],
        [4.3881e-06, 1.2827e-03, 6.0714e-02],
        [1.2827e-03, 6.0714e-02, 8.7471e-01]])
2023-10-11 01:25:02,684 | INFO | hi-lo.kernel-accessor : Fetching kernel: gumbel
2023-10-11 01:25:02,685 | INFO | hi-lo.gumbel-kernel : MU (LOCATION): 1 | BETA (SCALE): 1
2023-10-11 01:25:02,685 | INFO | hi-lo.gumbel-kernel : STATIC
tensor([[5.6765e-01, 1.6550e-01, 3.2357e-02],
        [1.6550e-01, 3.2357e-02, 2.1352e-03],
        [3.2357e-02, 2.1352e-03, 7.3562e-06]])
2023-10-11 01:25:11,151 | INFO | hi-lo : END EPOCH:   4 | ACCURACY: 56.25 | LOSS: 1.451814889907837
2023-10-11 01:25:11,151 | INFO | hi-lo : BEGIN EPOCH 5 =========================================================================
2023-10-11 01:25:11,151 | INFO | hi-lo.kernel-accessor : Fetching kernel: gumbel
2023-10-11 01:25:11,151 | INFO | hi-lo.gumbel-kernel : MU (LOCATION): -0.08239266276359558 | BETA (SCALE): 0.5863991975784302
2023-10-11 01:25:11,152 | INFO | hi-lo.gumbel-kernel : BOTTOM-RIGHT
tensor([[0.0000e+00, 0.0000e+00, 4.7148e-19],
        [0.0000e+00, 4.7148e-19, 4.6636e-04],
        [4.7148e-19, 4.6636e-04, 9.9907e-01]])
2023-10-11 01:25:11,152 | INFO | hi-lo.kernel-accessor : Fetching kernel: gumbel
2023-10-11 01:25:11,152 | INFO | hi-lo.gumbel-kernel : MU (LOCATION): -0.652620255947113 | BETA (SCALE): 0.997910737991333
2023-10-11 01:25:11,152 | INFO | hi-lo.gumbel-kernel : TOP-RIGHT
tensor([[6.5529e-12, 6.2374e-04, 9.9875e-01],
        [6.8113e-33, 6.5529e-12, 6.2374e-04],
        [0.0000e+00, 6.8113e-33, 6.5529e-12]])
2023-10-11 01:25:11,153 | INFO | hi-lo.kernel-accessor : Fetching kernel: gumbel
2023-10-11 01:25:11,153 | INFO | hi-lo.gumbel-kernel : MU (LOCATION): -1.9095735549926758 | BETA (SCALE): 2.5711402893066406
2023-10-11 01:25:11,153 | INFO | hi-lo.gumbel-kernel : BOTTOM-RIGHT
tensor([[1.2126e-08, 1.5183e-05, 2.1643e-03],
        [1.5183e-05, 2.1643e-03, 7.0735e-02],
        [2.1643e-03, 7.0735e-02, 8.5201e-01]])
2023-10-11 01:25:11,153 | INFO | hi-lo.kernel-accessor : Fetching kernel: gumbel
2023-10-11 01:25:11,153 | INFO | hi-lo.gumbel-kernel : MU (LOCATION): -1.430322527885437 | BETA (SCALE): 2.2085928916931152
2023-10-11 01:25:11,154 | INFO | hi-lo.gumbel-kernel : TOP-RIGHT
tensor([[1.6019e-03, 6.7554e-02, 8.6008e-01],
        [5.7760e-06, 1.6019e-03, 6.7554e-02],
        [1.0769e-09, 5.7760e-06, 1.6019e-03]])
2023-10-11 01:25:19,657 | INFO | hi-lo : END EPOCH:   5 | ACCURACY: 55.73 | LOSS: 1.325333833694458
2023-10-11 01:25:19,657 | INFO | hi-lo : BEGIN EPOCH 6 =========================================================================
2023-10-11 01:25:19,657 | INFO | hi-lo.kernel-accessor : Fetching kernel: gumbel
2023-10-11 01:25:19,658 | INFO | hi-lo.gumbel-kernel : MU (LOCATION): 1 | BETA (SCALE): 1
2023-10-11 01:25:19,659 | INFO | hi-lo.gumbel-kernel : STATIC
tensor([[5.6765e-01, 1.6550e-01, 3.2357e-02],
        [1.6550e-01, 3.2357e-02, 2.1352e-03],
        [3.2357e-02, 2.1352e-03, 7.3562e-06]])
2023-10-11 01:25:19,659 | INFO | hi-lo.kernel-accessor : Fetching kernel: gumbel
2023-10-11 01:25:19,659 | INFO | hi-lo.gumbel-kernel : MU (LOCATION): -0.6864736676216125 | BETA (SCALE): 0.8256164789199829
2023-10-11 01:25:19,660 | INFO | hi-lo.gumbel-kernel : TOP-RIGHT
tensor([[2.5938e-25, 1.1837e-06, 1.0000e+00],
        [0.0000e+00, 2.5938e-25, 1.1837e-06],
        [0.0000e+00, 0.0000e+00, 2.5938e-25]])
2023-10-11 01:25:19,660 | INFO | hi-lo.kernel-accessor : Fetching kernel: gumbel
2023-10-11 01:25:19,660 | INFO | hi-lo.gumbel-kernel : MU (LOCATION): -1.5045549869537354 | BETA (SCALE): 2.3338630199432373
2023-10-11 01:25:19,661 | INFO | hi-lo.gumbel-kernel : BOTTOM-RIGHT
tensor([[1.0076e-08, 1.7344e-05, 2.5833e-03],
        [1.7344e-05, 2.5833e-03, 7.8117e-02],
        [2.5833e-03, 7.8117e-02, 8.3598e-01]])
2023-10-11 01:25:19,661 | INFO | hi-lo.kernel-accessor : Fetching kernel: gumbel
2023-10-11 01:25:19,661 | INFO | hi-lo.gumbel-kernel : MU (LOCATION): 1 | BETA (SCALE): 1
2023-10-11 01:25:19,661 | INFO | hi-lo.gumbel-kernel : STATIC
tensor([[5.6765e-01, 1.6550e-01, 3.2357e-02],
        [1.6550e-01, 3.2357e-02, 2.1352e-03],
        [3.2357e-02, 2.1352e-03, 7.3562e-06]])
2023-10-11 01:25:28,181 | INFO | hi-lo : END EPOCH:   6 | ACCURACY: 70.31 | LOSS: 1.2412747144699097
2023-10-11 01:25:28,181 | INFO | hi-lo : BEGIN EPOCH 7 =========================================================================
2023-10-11 01:25:28,181 | INFO | hi-lo.kernel-accessor : Fetching kernel: gumbel
2023-10-11 01:25:28,182 | INFO | hi-lo.gumbel-kernel : MU (LOCATION): -0.01614007167518139 | BETA (SCALE): 0.5056535601615906
2023-10-11 01:25:28,183 | INFO | hi-lo.gumbel-kernel : TOP-RIGHT
tensor([[3.7646e-26, 1.8154e-04, 9.9964e-01],
        [0.0000e+00, 3.7645e-26, 1.8154e-04],
        [0.0000e+00, 0.0000e+00, 3.7646e-26]])
2023-10-11 01:25:28,183 | INFO | hi-lo.kernel-accessor : Fetching kernel: gumbel
2023-10-11 01:25:28,183 | INFO | hi-lo.gumbel-kernel : MU (LOCATION): 1 | BETA (SCALE): 1
2023-10-11 01:25:28,184 | INFO | hi-lo.gumbel-kernel : STATIC
tensor([[5.6765e-01, 1.6550e-01, 3.2357e-02],
        [1.6550e-01, 3.2357e-02, 2.1352e-03],
        [3.2357e-02, 2.1352e-03, 7.3562e-06]])
2023-10-11 01:25:28,184 | INFO | hi-lo.kernel-accessor : Fetching kernel: gumbel
2023-10-11 01:25:28,185 | INFO | hi-lo.gumbel-kernel : MU (LOCATION): -1.5146931409835815 | BETA (SCALE): 2.43874454498291
2023-10-11 01:25:28,185 | INFO | hi-lo.gumbel-kernel : BOTTOM-RIGHT
tensor([[8.7343e-08, 5.3452e-05, 4.3371e-03],
        [5.3452e-05, 4.3371e-03, 9.2069e-02],
        [4.3371e-03, 9.2069e-02, 8.0274e-01]])
2023-10-11 01:25:28,185 | INFO | hi-lo.kernel-accessor : Fetching kernel: gumbel
2023-10-11 01:25:28,186 | INFO | hi-lo.gumbel-kernel : MU (LOCATION): -1.9067935943603516 | BETA (SCALE): 2.2009599208831787
2023-10-11 01:25:28,186 | INFO | hi-lo.gumbel-kernel : BOTTOM-RIGHT
tensor([[3.3546e-14, 1.7539e-08, 8.8397e-05],
        [1.7539e-08, 8.8397e-05, 2.3389e-02],
        [8.8397e-05, 2.3389e-02, 9.5296e-01]])
2023-10-11 01:25:36,717 | INFO | hi-lo : END EPOCH:   7 | ACCURACY: 62.5 | LOSS: 1.2663743495941162
2023-10-11 01:25:36,717 | INFO | hi-lo : BEGIN EPOCH 8 =========================================================================
2023-10-11 01:25:36,717 | INFO | hi-lo.kernel-accessor : Fetching kernel: gumbel
2023-10-11 01:25:36,718 | INFO | hi-lo.gumbel-kernel : MU (LOCATION): 1 | BETA (SCALE): 1
2023-10-11 01:25:36,718 | INFO | hi-lo.gumbel-kernel : STATIC
tensor([[5.6765e-01, 1.6550e-01, 3.2357e-02],
        [1.6550e-01, 3.2357e-02, 2.1352e-03],
        [3.2357e-02, 2.1352e-03, 7.3562e-06]])
2023-10-11 01:25:36,718 | INFO | hi-lo.kernel-accessor : Fetching kernel: gumbel
2023-10-11 01:25:36,719 | INFO | hi-lo.gumbel-kernel : MU (LOCATION): -0.7159224152565002 | BETA (SCALE): 0.9920334815979004
2023-10-11 01:25:36,719 | INFO | hi-lo.gumbel-kernel : BOTTOM-RIGHT
tensor([[0.0000e+00, 4.8337e-38, 1.4246e-13],
        [4.8337e-38, 1.4246e-13, 2.2988e-04],
        [1.4246e-13, 2.2988e-04, 9.9954e-01]])
2023-10-11 01:25:36,720 | INFO | hi-lo.kernel-accessor : Fetching kernel: gumbel
2023-10-11 01:25:36,720 | INFO | hi-lo.gumbel-kernel : MU (LOCATION): 1 | BETA (SCALE): 1
2023-10-11 01:25:36,721 | INFO | hi-lo.gumbel-kernel : STATIC
tensor([[5.6765e-01, 1.6550e-01, 3.2357e-02],
        [1.6550e-01, 3.2357e-02, 2.1352e-03],
        [3.2357e-02, 2.1352e-03, 7.3562e-06]])
2023-10-11 01:25:36,721 | INFO | hi-lo.kernel-accessor : Fetching kernel: gumbel
2023-10-11 01:25:36,721 | INFO | hi-lo.gumbel-kernel : MU (LOCATION): -2.1042957305908203 | BETA (SCALE): 2.526139259338379
2023-10-11 01:25:36,722 | INFO | hi-lo.gumbel-kernel : TOP-RIGHT
tensor([[6.8973e-04, 4.6621e-02, 9.0468e-01],
        [1.5979e-06, 6.8973e-04, 4.6621e-02],
        [2.3557e-10, 1.5979e-06, 6.8973e-04]])
2023-10-11 01:25:45,365 | INFO | hi-lo : END EPOCH:   8 | ACCURACY: 57.81 | LOSS: 1.5630888938903809
2023-10-11 01:25:45,365 | INFO | hi-lo : BEGIN EPOCH 9 =========================================================================
2023-10-11 01:25:45,365 | INFO | hi-lo.kernel-accessor : Fetching kernel: gumbel
2023-10-11 01:25:45,366 | INFO | hi-lo.gumbel-kernel : MU (LOCATION): 1 | BETA (SCALE): 1
2023-10-11 01:25:45,366 | INFO | hi-lo.gumbel-kernel : STATIC
tensor([[5.6765e-01, 1.6550e-01, 3.2357e-02],
        [1.6550e-01, 3.2357e-02, 2.1352e-03],
        [3.2357e-02, 2.1352e-03, 7.3562e-06]])
2023-10-11 01:25:45,366 | INFO | hi-lo.kernel-accessor : Fetching kernel: gumbel
2023-10-11 01:25:45,367 | INFO | hi-lo.gumbel-kernel : MU (LOCATION): -0.6740293502807617 | BETA (SCALE): 0.9785237908363342
2023-10-11 01:25:45,367 | INFO | hi-lo.gumbel-kernel : TOP-RIGHT
tensor([[3.4491e-13, 3.1100e-04, 9.9938e-01],
        [2.7831e-37, 3.4491e-13, 3.1100e-04],
        [0.0000e+00, 2.7831e-37, 3.4491e-13]])
2023-10-11 01:25:45,368 | INFO | hi-lo.kernel-accessor : Fetching kernel: gumbel
2023-10-11 01:25:45,368 | INFO | hi-lo.gumbel-kernel : MU (LOCATION): -1.5741323232650757 | BETA (SCALE): 2.417790174484253
2023-10-11 01:25:45,369 | INFO | hi-lo.gumbel-kernel : BOTTOM-RIGHT
tensor([[2.7716e-08, 2.8279e-05, 3.1759e-03],
        [2.8279e-05, 3.1759e-03, 8.2905e-02],
        [3.1759e-03, 8.2905e-02, 8.2461e-01]])
2023-10-11 01:25:45,369 | INFO | hi-lo.kernel-accessor : Fetching kernel: gumbel
2023-10-11 01:25:45,369 | INFO | hi-lo.gumbel-kernel : MU (LOCATION): -1.7796180248260498 | BETA (SCALE): 2.1331703662872314
2023-10-11 01:25:45,370 | INFO | hi-lo.gumbel-kernel : TOP-RIGHT
tensor([[9.7987e-05, 2.4911e-02, 9.4988e-01],
        [1.8589e-08, 9.7987e-05, 2.4911e-02],
        [2.7747e-14, 1.8589e-08, 9.7987e-05]])
2023-10-11 01:25:54,038 | INFO | hi-lo : END EPOCH:   9 | ACCURACY: 60.94 | LOSS: 1.4634087085723877
2023-10-11 01:25:54,038 | INFO | hi-lo : BEGIN EPOCH 10 =========================================================================
2023-10-11 01:25:54,038 | INFO | hi-lo.kernel-accessor : Fetching kernel: gumbel
2023-10-11 01:25:54,039 | INFO | hi-lo.gumbel-kernel : MU (LOCATION): 0.00212994497269392 | BETA (SCALE): 0.49297550320625305
2023-10-11 01:25:54,039 | INFO | hi-lo.gumbel-kernel : TOP-RIGHT
tensor([[6.0537e-27, 1.8882e-04, 9.9962e-01],
        [0.0000e+00, 6.0537e-27, 1.8882e-04],
        [0.0000e+00, 0.0000e+00, 6.0537e-27]])
2023-10-11 01:25:54,040 | INFO | hi-lo.kernel-accessor : Fetching kernel: gumbel
2023-10-11 01:25:54,040 | INFO | hi-lo.gumbel-kernel : MU (LOCATION): 1 | BETA (SCALE): 1
2023-10-11 01:25:54,041 | INFO | hi-lo.gumbel-kernel : STATIC
tensor([[5.6765e-01, 1.6550e-01, 3.2357e-02],
        [1.6550e-01, 3.2357e-02, 2.1352e-03],
        [3.2357e-02, 2.1352e-03, 7.3562e-06]])
2023-10-11 01:25:54,041 | INFO | hi-lo.kernel-accessor : Fetching kernel: gumbel
2023-10-11 01:25:54,041 | INFO | hi-lo.gumbel-kernel : MU (LOCATION): -1.9819986820220947 | BETA (SCALE): 2.721653699874878
2023-10-11 01:25:54,042 | INFO | hi-lo.gumbel-kernel : TOP-RIGHT
tensor([[3.7358e-03, 8.4473e-02, 8.1975e-01],
        [4.8704e-05, 3.7358e-03, 8.4473e-02],
        [1.0882e-07, 4.8704e-05, 3.7358e-03]])
2023-10-11 01:25:54,042 | INFO | hi-lo.kernel-accessor : Fetching kernel: gumbel
2023-10-11 01:25:54,042 | INFO | hi-lo.gumbel-kernel : MU (LOCATION): 1 | BETA (SCALE): 1
2023-10-11 01:25:54,043 | INFO | hi-lo.gumbel-kernel : STATIC
tensor([[5.6765e-01, 1.6550e-01, 3.2357e-02],
        [1.6550e-01, 3.2357e-02, 2.1352e-03],
        [3.2357e-02, 2.1352e-03, 7.3562e-06]])
2023-10-11 01:26:02,596 | INFO | hi-lo : END EPOCH:  10 | ACCURACY: 64.53 | LOSS: 1.464739203453064
2023-10-11 01:26:02,597 | INFO | hi-lo : BEGIN EPOCH 11 =========================================================================
2023-10-11 01:26:02,597 | INFO | hi-lo.kernel-accessor : Fetching kernel: gumbel
2023-10-11 01:26:02,598 | INFO | hi-lo.gumbel-kernel : MU (LOCATION): -0.044993024319410324 | BETA (SCALE): 0.5337980389595032
2023-10-11 01:26:02,598 | INFO | hi-lo.gumbel-kernel : BOTTOM-RIGHT
tensor([[0.0000e+00, 0.0000e+00, 1.2601e-23],
        [0.0000e+00, 1.2601e-23, 2.2582e-04],
        [1.2601e-23, 2.2582e-04, 9.9955e-01]])
2023-10-11 01:26:02,598 | INFO | hi-lo.kernel-accessor : Fetching kernel: gumbel
2023-10-11 01:26:02,599 | INFO | hi-lo.gumbel-kernel : MU (LOCATION): 1 | BETA (SCALE): 1
2023-10-11 01:26:02,599 | INFO | hi-lo.gumbel-kernel : STATIC
tensor([[5.6765e-01, 1.6550e-01, 3.2357e-02],
        [1.6550e-01, 3.2357e-02, 2.1352e-03],
        [3.2357e-02, 2.1352e-03, 7.3562e-06]])
2023-10-11 01:26:02,600 | INFO | hi-lo.kernel-accessor : Fetching kernel: gumbel
2023-10-11 01:26:02,600 | INFO | hi-lo.gumbel-kernel : MU (LOCATION): -1.683380365371704 | BETA (SCALE): 2.837003231048584
2023-10-11 01:26:02,601 | INFO | hi-lo.gumbel-kernel : BOTTOM-RIGHT
tensor([[6.8392e-06, 5.2395e-04, 1.2283e-02],
        [5.2395e-04, 1.2283e-02, 1.2526e-01],
        [1.2283e-02, 1.2526e-01, 7.1157e-01]])
2023-10-11 01:26:02,601 | INFO | hi-lo.kernel-accessor : Fetching kernel: gumbel
2023-10-11 01:26:02,601 | INFO | hi-lo.gumbel-kernel : MU (LOCATION): -2.449195623397827 | BETA (SCALE): 2.631741523742676
2023-10-11 01:26:02,602 | INFO | hi-lo.gumbel-kernel : TOP-RIGHT
tensor([[2.8900e-04, 3.2660e-02, 9.3381e-01],
        [3.4277e-07, 2.8900e-04, 3.2660e-02],
        [2.1523e-11, 3.4277e-07, 2.8900e-04]])
2023-10-11 01:26:11,120 | INFO | hi-lo : END EPOCH:  11 | ACCURACY: 68.75 | LOSS: 1.1964707374572754
2023-10-11 01:26:11,120 | INFO | hi-lo : BEGIN EPOCH 12 =========================================================================
2023-10-11 01:26:11,120 | INFO | hi-lo.kernel-accessor : Fetching kernel: gumbel
2023-10-11 01:26:11,121 | INFO | hi-lo.gumbel-kernel : MU (LOCATION): -0.03608109802007675 | BETA (SCALE): 0.4934599697589874
2023-10-11 01:26:11,122 | INFO | hi-lo.gumbel-kernel : TOP-RIGHT
tensor([[6.3477e-31, 6.4328e-05, 9.9987e-01],
        [0.0000e+00, 6.3477e-31, 6.4328e-05],
        [0.0000e+00, 0.0000e+00, 6.3477e-31]])
2023-10-11 01:26:11,122 | INFO | hi-lo.kernel-accessor : Fetching kernel: gumbel
2023-10-11 01:26:11,122 | INFO | hi-lo.gumbel-kernel : MU (LOCATION): 1 | BETA (SCALE): 1
2023-10-11 01:26:11,123 | INFO | hi-lo.gumbel-kernel : STATIC
tensor([[5.6765e-01, 1.6550e-01, 3.2357e-02],
        [1.6550e-01, 3.2357e-02, 2.1352e-03],
        [3.2357e-02, 2.1352e-03, 7.3562e-06]])
2023-10-11 01:26:11,123 | INFO | hi-lo.kernel-accessor : Fetching kernel: gumbel
2023-10-11 01:26:11,124 | INFO | hi-lo.gumbel-kernel : MU (LOCATION): -1.5154471397399902 | BETA (SCALE): 2.5986385345458984
2023-10-11 01:26:11,124 | INFO | hi-lo.gumbel-kernel : TOP-RIGHT
tensor([[8.3974e-03, 1.1291e-01, 7.4854e-01],
        [2.2095e-04, 8.3974e-03, 1.1291e-01],
        [1.2629e-06, 2.2095e-04, 8.3974e-03]])
2023-10-11 01:26:11,124 | INFO | hi-lo.kernel-accessor : Fetching kernel: gumbel
2023-10-11 01:26:11,125 | INFO | hi-lo.gumbel-kernel : MU (LOCATION): 1 | BETA (SCALE): 1
2023-10-11 01:26:11,125 | INFO | hi-lo.gumbel-kernel : STATIC
tensor([[5.6765e-01, 1.6550e-01, 3.2357e-02],
        [1.6550e-01, 3.2357e-02, 2.1352e-03],
        [3.2357e-02, 2.1352e-03, 7.3562e-06]])
2023-10-11 01:26:19,709 | INFO | hi-lo : END EPOCH:  12 | ACCURACY: 70.31 | LOSS: 1.2376726865768433
2023-10-11 01:26:19,710 | INFO | hi-lo : BEGIN EPOCH 13 =========================================================================
2023-10-11 01:26:19,710 | INFO | hi-lo.kernel-accessor : Fetching kernel: gumbel
2023-10-11 01:26:19,710 | INFO | hi-lo.gumbel-kernel : MU (LOCATION): 1 | BETA (SCALE): 1
2023-10-11 01:26:19,711 | INFO | hi-lo.gumbel-kernel : STATIC
tensor([[5.6765e-01, 1.6550e-01, 3.2357e-02],
        [1.6550e-01, 3.2357e-02, 2.1352e-03],
        [3.2357e-02, 2.1352e-03, 7.3562e-06]])
2023-10-11 01:26:19,711 | INFO | hi-lo.kernel-accessor : Fetching kernel: gumbel
2023-10-11 01:26:19,712 | INFO | hi-lo.gumbel-kernel : MU (LOCATION): 1 | BETA (SCALE): 1
2023-10-11 01:26:19,712 | INFO | hi-lo.gumbel-kernel : STATIC
tensor([[5.6765e-01, 1.6550e-01, 3.2357e-02],
        [1.6550e-01, 3.2357e-02, 2.1352e-03],
        [3.2357e-02, 2.1352e-03, 7.3562e-06]])
2023-10-11 01:26:19,712 | INFO | hi-lo.kernel-accessor : Fetching kernel: gumbel
2023-10-11 01:26:19,713 | INFO | hi-lo.gumbel-kernel : MU (LOCATION): 1 | BETA (SCALE): 1
2023-10-11 01:26:19,713 | INFO | hi-lo.gumbel-kernel : STATIC
tensor([[5.6765e-01, 1.6550e-01, 3.2357e-02],
        [1.6550e-01, 3.2357e-02, 2.1352e-03],
        [3.2357e-02, 2.1352e-03, 7.3562e-06]])
2023-10-11 01:26:19,713 | INFO | hi-lo.kernel-accessor : Fetching kernel: gumbel
2023-10-11 01:26:19,714 | INFO | hi-lo.gumbel-kernel : MU (LOCATION): -2.2951529026031494 | BETA (SCALE): 2.363978624343872
2023-10-11 01:26:19,714 | INFO | hi-lo.gumbel-kernel : BOTTOM-RIGHT
tensor([[6.8703e-15, 4.9186e-09, 3.8953e-05],
        [4.9186e-09, 3.8953e-05, 1.6137e-02],
        [3.8953e-05, 1.6137e-02, 9.6761e-01]])
2023-10-11 01:26:28,293 | INFO | hi-lo : END EPOCH:  13 | ACCURACY: 54.95 | LOSS: 1.4342658519744873
2023-10-11 01:26:28,294 | INFO | hi-lo : BEGIN EPOCH 14 =========================================================================
2023-10-11 01:26:28,294 | INFO | hi-lo.kernel-accessor : Fetching kernel: gumbel
2023-10-11 01:26:28,294 | INFO | hi-lo.gumbel-kernel : MU (LOCATION): 0.026613738387823105 | BETA (SCALE): 0.5625892281532288
2023-10-11 01:26:28,295 | INFO | hi-lo.gumbel-kernel : TOP-RIGHT
tensor([[1.0625e-15, 1.9253e-03, 9.9615e-01],
        [0.0000e+00, 1.0625e-15, 1.9253e-03],
        [0.0000e+00, 0.0000e+00, 1.0625e-15]])
2023-10-11 01:26:28,295 | INFO | hi-lo.kernel-accessor : Fetching kernel: gumbel
2023-10-11 01:26:28,296 | INFO | hi-lo.gumbel-kernel : MU (LOCATION): -0.654581606388092 | BETA (SCALE): 1.016197681427002
2023-10-11 01:26:28,296 | INFO | hi-lo.gumbel-kernel : TOP-RIGHT
tensor([[2.7978e-11, 8.5757e-04, 9.9828e-01],
        [1.3624e-30, 2.7978e-11, 8.5757e-04],
        [0.0000e+00, 1.3624e-30, 2.7978e-11]])
2023-10-11 01:26:28,296 | INFO | hi-lo.kernel-accessor : Fetching kernel: gumbel
2023-10-11 01:26:28,297 | INFO | hi-lo.gumbel-kernel : MU (LOCATION): -1.4582184553146362 | BETA (SCALE): 2.614720106124878
2023-10-11 01:26:28,297 | INFO | hi-lo.gumbel-kernel : BOTTOM-RIGHT
tensor([[2.5444e-06, 3.2802e-04, 1.0194e-02],
        [3.2802e-04, 1.0194e-02, 1.2001e-01],
        [1.0194e-02, 1.2001e-01, 7.2874e-01]])
2023-10-11 01:26:28,297 | INFO | hi-lo.kernel-accessor : Fetching kernel: gumbel
2023-10-11 01:26:28,298 | INFO | hi-lo.gumbel-kernel : MU (LOCATION): -1.7964688539505005 | BETA (SCALE): 2.1555027961730957
2023-10-11 01:26:28,298 | INFO | hi-lo.gumbel-kernel : TOP-RIGHT
tensor([[1.1400e-04, 2.6147e-02, 9.4736e-01],
        [2.6419e-08, 1.1400e-04, 2.6147e-02],
        [5.7555e-14, 2.6419e-08, 1.1400e-04]])
2023-10-11 01:26:36,903 | INFO | hi-lo : END EPOCH:  14 | ACCURACY: 61.46 | LOSS: 1.3638261556625366
2023-10-11 01:26:36,903 | INFO | hi-lo : BEGIN EPOCH 15 =========================================================================
2023-10-11 01:26:36,904 | INFO | hi-lo.kernel-accessor : Fetching kernel: gumbel
2023-10-11 01:26:36,904 | INFO | hi-lo.gumbel-kernel : MU (LOCATION): 0.02475699596107006 | BETA (SCALE): 0.47885915637016296
2023-10-11 01:26:36,905 | INFO | hi-lo.gumbel-kernel : BOTTOM-RIGHT
tensor([[0.0000e+00, 0.0000e+00, 1.1622e-27],
        [0.0000e+00, 1.1622e-27, 2.1066e-04],
        [1.1622e-27, 2.1066e-04, 9.9958e-01]])
2023-10-11 01:26:36,905 | INFO | hi-lo.kernel-accessor : Fetching kernel: gumbel
2023-10-11 01:26:36,905 | INFO | hi-lo.gumbel-kernel : MU (LOCATION): 1 | BETA (SCALE): 1
2023-10-11 01:26:36,906 | INFO | hi-lo.gumbel-kernel : STATIC
tensor([[5.6765e-01, 1.6550e-01, 3.2357e-02],
        [1.6550e-01, 3.2357e-02, 2.1352e-03],
        [3.2357e-02, 2.1352e-03, 7.3562e-06]])
2023-10-11 01:26:36,906 | INFO | hi-lo.kernel-accessor : Fetching kernel: gumbel
2023-10-11 01:26:36,906 | INFO | hi-lo.gumbel-kernel : MU (LOCATION): -2.0393919944763184 | BETA (SCALE): 3.1006417274475098
2023-10-11 01:26:36,907 | INFO | hi-lo.gumbel-kernel : TOP-RIGHT
tensor([[1.2749e-02, 1.2471e-01, 7.1108e-01],
        [6.1855e-04, 1.2749e-02, 1.2471e-01],
        [1.0726e-05, 6.1855e-04, 1.2749e-02]])
2023-10-11 01:26:36,907 | INFO | hi-lo.kernel-accessor : Fetching kernel: gumbel
2023-10-11 01:26:36,907 | INFO | hi-lo.gumbel-kernel : MU (LOCATION): 1 | BETA (SCALE): 1
2023-10-11 01:26:36,907 | INFO | hi-lo.gumbel-kernel : STATIC
tensor([[5.6765e-01, 1.6550e-01, 3.2357e-02],
        [1.6550e-01, 3.2357e-02, 2.1352e-03],
        [3.2357e-02, 2.1352e-03, 7.3562e-06]])
2023-10-11 01:26:45,562 | INFO | hi-lo : END EPOCH:  15 | ACCURACY: 65.32 | LOSS: 1.3545758724212646
2023-10-11 01:26:45,563 | INFO | hi-lo : BEGIN EPOCH 16 =========================================================================
2023-10-11 01:26:45,563 | INFO | hi-lo.kernel-accessor : Fetching kernel: gumbel
2023-10-11 01:26:45,563 | INFO | hi-lo.gumbel-kernel : MU (LOCATION): 1 | BETA (SCALE): 1
2023-10-11 01:26:45,564 | INFO | hi-lo.gumbel-kernel : STATIC
tensor([[5.6765e-01, 1.6550e-01, 3.2357e-02],
        [1.6550e-01, 3.2357e-02, 2.1352e-03],
        [3.2357e-02, 2.1352e-03, 7.3562e-06]])
2023-10-11 01:26:45,564 | INFO | hi-lo.kernel-accessor : Fetching kernel: gumbel
2023-10-11 01:26:45,565 | INFO | hi-lo.gumbel-kernel : MU (LOCATION): -0.6926454305648804 | BETA (SCALE): 1.0094925165176392
2023-10-11 01:26:45,565 | INFO | hi-lo.gumbel-kernel : TOP-RIGHT
tensor([[2.6958e-12, 4.6729e-04, 9.9907e-01],
        [9.3953e-34, 2.6958e-12, 4.6729e-04],
        [0.0000e+00, 9.3953e-34, 2.6958e-12]])
2023-10-11 01:26:45,565 | INFO | hi-lo.kernel-accessor : Fetching kernel: gumbel
2023-10-11 01:26:45,566 | INFO | hi-lo.gumbel-kernel : MU (LOCATION): -1.905602216720581 | BETA (SCALE): 3.092007637023926
2023-10-11 01:26:45,566 | INFO | hi-lo.gumbel-kernel : TOP-RIGHT
tensor([[1.5815e-02, 1.3352e-01, 6.8362e-01],
        [9.3856e-04, 1.5815e-02, 1.3352e-01],
        [2.1435e-05, 9.3856e-04, 1.5815e-02]])
2023-10-11 01:26:45,566 | INFO | hi-lo.kernel-accessor : Fetching kernel: gumbel
2023-10-11 01:26:45,567 | INFO | hi-lo.gumbel-kernel : MU (LOCATION): 1 | BETA (SCALE): 1
2023-10-11 01:26:45,567 | INFO | hi-lo.gumbel-kernel : STATIC
tensor([[5.6765e-01, 1.6550e-01, 3.2357e-02],
        [1.6550e-01, 3.2357e-02, 2.1352e-03],
        [3.2357e-02, 2.1352e-03, 7.3562e-06]])
2023-10-11 01:26:54,130 | INFO | hi-lo : END EPOCH:  16 | ACCURACY: 62.5 | LOSS: 1.3426612615585327
2023-10-11 01:26:54,130 | INFO | hi-lo : BEGIN EPOCH 17 =========================================================================
2023-10-11 01:26:54,130 | INFO | hi-lo.kernel-accessor : Fetching kernel: gumbel
2023-10-11 01:26:54,131 | INFO | hi-lo.gumbel-kernel : MU (LOCATION): 0.02538936957716942 | BETA (SCALE): 0.4951178729534149
2023-10-11 01:26:54,131 | INFO | hi-lo.gumbel-kernel : BOTTOM-RIGHT
tensor([[0.0000e+00, 0.0000e+00, 2.3769e-24],
        [0.0000e+00, 2.3769e-24, 3.6357e-04],
        [2.3769e-24, 3.6357e-04, 9.9927e-01]])
2023-10-11 01:26:54,131 | INFO | hi-lo.kernel-accessor : Fetching kernel: gumbel
2023-10-11 01:26:54,132 | INFO | hi-lo.gumbel-kernel : MU (LOCATION): 1 | BETA (SCALE): 1
2023-10-11 01:26:54,132 | INFO | hi-lo.gumbel-kernel : STATIC
tensor([[5.6765e-01, 1.6550e-01, 3.2357e-02],
        [1.6550e-01, 3.2357e-02, 2.1352e-03],
        [3.2357e-02, 2.1352e-03, 7.3562e-06]])
2023-10-11 01:26:54,132 | INFO | hi-lo.kernel-accessor : Fetching kernel: gumbel
2023-10-11 01:26:54,133 | INFO | hi-lo.gumbel-kernel : MU (LOCATION): 1 | BETA (SCALE): 1
2023-10-11 01:26:54,133 | INFO | hi-lo.gumbel-kernel : STATIC
tensor([[5.6765e-01, 1.6550e-01, 3.2357e-02],
        [1.6550e-01, 3.2357e-02, 2.1352e-03],
        [3.2357e-02, 2.1352e-03, 7.3562e-06]])
2023-10-11 01:26:54,133 | INFO | hi-lo.kernel-accessor : Fetching kernel: gumbel
2023-10-11 01:26:54,134 | INFO | hi-lo.gumbel-kernel : MU (LOCATION): 1 | BETA (SCALE): 1
2023-10-11 01:26:54,134 | INFO | hi-lo.gumbel-kernel : STATIC
tensor([[5.6765e-01, 1.6550e-01, 3.2357e-02],
        [1.6550e-01, 3.2357e-02, 2.1352e-03],
        [3.2357e-02, 2.1352e-03, 7.3562e-06]])
2023-10-11 01:27:02,683 | INFO | hi-lo : END EPOCH:  17 | ACCURACY: 76.56 | LOSS: 1.103224754333496
2023-10-11 01:27:02,683 | INFO | hi-lo : BEGIN EPOCH 18 =========================================================================
2023-10-11 01:27:02,684 | INFO | hi-lo.kernel-accessor : Fetching kernel: gumbel
2023-10-11 01:27:02,684 | INFO | hi-lo.gumbel-kernel : MU (LOCATION): -0.15587276220321655 | BETA (SCALE): 0.43942978978157043
2023-10-11 01:27:02,685 | INFO | hi-lo.gumbel-kernel : BOTTOM-RIGHT
tensor([[0.0000e+00, 0.0000e+00, 0.0000e+00],
        [0.0000e+00, 0.0000e+00, 1.9973e-09],
        [0.0000e+00, 1.9973e-09, 1.0000e+00]])
2023-10-11 01:27:02,685 | INFO | hi-lo.kernel-accessor : Fetching kernel: gumbel
2023-10-11 01:27:02,686 | INFO | hi-lo.gumbel-kernel : MU (LOCATION): -0.6938136219978333 | BETA (SCALE): 0.9305803775787354
2023-10-11 01:27:02,686 | INFO | hi-lo.gumbel-kernel : BOTTOM-RIGHT
tensor([[0.0000e+00, 0.0000e+00, 2.7996e-16],
        [0.0000e+00, 2.7996e-16, 6.4888e-05],
        [2.7996e-16, 6.4888e-05, 9.9987e-01]])
2023-10-11 01:27:02,686 | INFO | hi-lo.kernel-accessor : Fetching kernel: gumbel
2023-10-11 01:27:02,687 | INFO | hi-lo.gumbel-kernel : MU (LOCATION): 1 | BETA (SCALE): 1
2023-10-11 01:27:02,687 | INFO | hi-lo.gumbel-kernel : STATIC
tensor([[5.6765e-01, 1.6550e-01, 3.2357e-02],
        [1.6550e-01, 3.2357e-02, 2.1352e-03],
        [3.2357e-02, 2.1352e-03, 7.3562e-06]])
2023-10-11 01:27:02,687 | INFO | hi-lo.kernel-accessor : Fetching kernel: gumbel
2023-10-11 01:27:02,688 | INFO | hi-lo.gumbel-kernel : MU (LOCATION): 1 | BETA (SCALE): 1
2023-10-11 01:27:02,688 | INFO | hi-lo.gumbel-kernel : STATIC
tensor([[5.6765e-01, 1.6550e-01, 3.2357e-02],
        [1.6550e-01, 3.2357e-02, 2.1352e-03],
        [3.2357e-02, 2.1352e-03, 7.3562e-06]])
2023-10-11 01:27:11,319 | INFO | hi-lo : END EPOCH:  18 | ACCURACY: 64.06 | LOSS: 1.0734920501708984
2023-10-11 01:27:11,319 | INFO | hi-lo : BEGIN EPOCH 19 =========================================================================
2023-10-11 01:27:11,319 | INFO | hi-lo.kernel-accessor : Fetching kernel: gumbel
2023-10-11 01:27:11,320 | INFO | hi-lo.gumbel-kernel : MU (LOCATION): 0.02647380158305168 | BETA (SCALE): 0.43992480635643005
2023-10-11 01:27:11,320 | INFO | hi-lo.gumbel-kernel : BOTTOM-RIGHT
tensor([[0.0000e+00, 0.0000e+00, 1.2873e-38],
        [0.0000e+00, 1.2874e-38, 4.5619e-05],
        [1.2873e-38, 4.5619e-05, 9.9991e-01]])
2023-10-11 01:27:11,321 | INFO | hi-lo.kernel-accessor : Fetching kernel: gumbel
2023-10-11 01:27:11,321 | INFO | hi-lo.gumbel-kernel : MU (LOCATION): -0.6294876337051392 | BETA (SCALE): 0.8586454391479492
2023-10-11 01:27:11,321 | INFO | hi-lo.gumbel-kernel : TOP-RIGHT
tensor([[3.5006e-19, 2.2154e-05, 9.9996e-01],
        [0.0000e+00, 3.5006e-19, 2.2154e-05],
        [0.0000e+00, 0.0000e+00, 3.5006e-19]])
2023-10-11 01:27:11,322 | INFO | hi-lo.kernel-accessor : Fetching kernel: gumbel
2023-10-11 01:27:11,322 | INFO | hi-lo.gumbel-kernel : MU (LOCATION): -2.025357246398926 | BETA (SCALE): 2.8168797492980957
2023-10-11 01:27:11,322 | INFO | hi-lo.gumbel-kernel : BOTTOM-RIGHT
tensor([[3.5202e-07, 9.1712e-05, 5.0399e-03],
        [9.1712e-05, 5.0399e-03, 9.3011e-02],
        [5.0399e-03, 9.3011e-02, 7.9867e-01]])
2023-10-11 01:27:11,323 | INFO | hi-lo.kernel-accessor : Fetching kernel: gumbel
2023-10-11 01:27:11,323 | INFO | hi-lo.gumbel-kernel : MU (LOCATION): 1 | BETA (SCALE): 1
2023-10-11 01:27:11,323 | INFO | hi-lo.gumbel-kernel : STATIC
tensor([[5.6765e-01, 1.6550e-01, 3.2357e-02],
        [1.6550e-01, 3.2357e-02, 2.1352e-03],
        [3.2357e-02, 2.1352e-03, 7.3562e-06]])
2023-10-11 01:27:19,882 | INFO | hi-lo : END EPOCH:  19 | ACCURACY: 67.97 | LOSS: 0.9547385573387146
2023-10-11 01:27:19,882 | INFO | hi-lo : BEGIN EPOCH 20 =========================================================================
2023-10-11 01:27:19,883 | INFO | hi-lo.kernel-accessor : Fetching kernel: gumbel
2023-10-11 01:27:19,883 | INFO | hi-lo.gumbel-kernel : MU (LOCATION): 1 | BETA (SCALE): 1
2023-10-11 01:27:19,884 | INFO | hi-lo.gumbel-kernel : STATIC
tensor([[5.6765e-01, 1.6550e-01, 3.2357e-02],
        [1.6550e-01, 3.2357e-02, 2.1352e-03],
        [3.2357e-02, 2.1352e-03, 7.3562e-06]])
2023-10-11 01:27:19,884 | INFO | hi-lo.kernel-accessor : Fetching kernel: gumbel
2023-10-11 01:27:19,885 | INFO | hi-lo.gumbel-kernel : MU (LOCATION): -0.6628793478012085 | BETA (SCALE): 0.9077906012535095
2023-10-11 01:27:19,885 | INFO | hi-lo.gumbel-kernel : BOTTOM-RIGHT
tensor([[0.0000e+00, 0.0000e+00, 9.4683e-17],
        [0.0000e+00, 9.4684e-17, 5.7968e-05],
        [9.4683e-17, 5.7968e-05, 9.9988e-01]])
2023-10-11 01:27:19,885 | INFO | hi-lo.kernel-accessor : Fetching kernel: gumbel
2023-10-11 01:27:19,886 | INFO | hi-lo.gumbel-kernel : MU (LOCATION): -2.2518928050994873 | BETA (SCALE): 3.2941501140594482
2023-10-11 01:27:19,886 | INFO | hi-lo.gumbel-kernel : TOP-RIGHT
tensor([[1.4363e-02, 1.2823e-01, 6.9878e-01],
        [8.2424e-04, 1.4363e-02, 1.2823e-01],
        [1.9115e-05, 8.2424e-04, 1.4363e-02]])
2023-10-11 01:27:19,886 | INFO | hi-lo.kernel-accessor : Fetching kernel: gumbel
2023-10-11 01:27:19,886 | INFO | hi-lo.gumbel-kernel : MU (LOCATION): 1 | BETA (SCALE): 1
2023-10-11 01:27:19,887 | INFO | hi-lo.gumbel-kernel : STATIC
tensor([[5.6765e-01, 1.6550e-01, 3.2357e-02],
        [1.6550e-01, 3.2357e-02, 2.1352e-03],
        [3.2357e-02, 2.1352e-03, 7.3562e-06]])
2023-10-11 01:27:28,538 | INFO | hi-lo : END EPOCH:  20 | ACCURACY: 63.02 | LOSS: 1.150576114654541
2023-10-11 01:27:28,538 | INFO | hi-lo : BEGIN EPOCH 21 =========================================================================
2023-10-11 01:27:28,538 | INFO | hi-lo.kernel-accessor : Fetching kernel: gumbel
2023-10-11 01:27:28,539 | INFO | hi-lo.gumbel-kernel : MU (LOCATION): -0.10061895847320557 | BETA (SCALE): 0.5204240083694458
2023-10-11 01:27:28,540 | INFO | hi-lo.gumbel-kernel : TOP-RIGHT
tensor([[1.3668e-31, 2.7380e-05, 9.9995e-01],
        [0.0000e+00, 1.3668e-31, 2.7380e-05],
        [0.0000e+00, 0.0000e+00, 1.3668e-31]])
2023-10-11 01:27:28,540 | INFO | hi-lo.kernel-accessor : Fetching kernel: gumbel
2023-10-11 01:27:28,540 | INFO | hi-lo.gumbel-kernel : MU (LOCATION): 1 | BETA (SCALE): 1
2023-10-11 01:27:28,541 | INFO | hi-lo.gumbel-kernel : STATIC
tensor([[5.6765e-01, 1.6550e-01, 3.2357e-02],
        [1.6550e-01, 3.2357e-02, 2.1352e-03],
        [3.2357e-02, 2.1352e-03, 7.3562e-06]])
2023-10-11 01:27:28,541 | INFO | hi-lo.kernel-accessor : Fetching kernel: gumbel
2023-10-11 01:27:28,541 | INFO | hi-lo.gumbel-kernel : MU (LOCATION): 1 | BETA (SCALE): 1
2023-10-11 01:27:28,542 | INFO | hi-lo.gumbel-kernel : STATIC
tensor([[5.6765e-01, 1.6550e-01, 3.2357e-02],
        [1.6550e-01, 3.2357e-02, 2.1352e-03],
        [3.2357e-02, 2.1352e-03, 7.3562e-06]])
2023-10-11 01:27:28,542 | INFO | hi-lo.kernel-accessor : Fetching kernel: gumbel
2023-10-11 01:27:28,542 | INFO | hi-lo.gumbel-kernel : MU (LOCATION): -2.244932174682617 | BETA (SCALE): 2.2986607551574707
