2023-12-02 05:14:04,857 | INFO | hi-lo : 
+==============================================================+
|                                                              |
| ██████╗  █████╗ ██████╗ ██╗         ██╗      █████╗ ██████╗  |
| ██╔══██╗██╔══██╗██╔══██╗██║         ██║     ██╔══██╗██╔══██╗ |
| ██║  ██║███████║██║  ██║██║         ██║     ███████║██████╔╝ |
| ██║  ██║██╔══██║██║  ██║██║         ██║     ██╔══██║██╔══██╗ |
| ██████╔╝██║  ██║██████╔╝███████╗    ███████╗██║  ██║██████╔╝ |
| ╚═════╝ ╚═╝  ╚═╝╚═════╝ ╚══════╝    ╚══════╝╚═╝  ╚═╝╚═════╝  |
|                                                              |
+==============================================================+
|             Hi-Lo Resolution Image Classification            |
|             -------------------------------------            |
|                       Gabriel C. Trahan                      |
|                          Sahan Ahmad                         |
|                       MD  Aminual Islam                      |
+==============================================================+
| MODEL:                 normal | LR:                      0.1 |
| DISTRO:                gumbel | KERNEL TYPE:              10 |
| DATASET:              cifar10 | BATCH SIZE:               64 |
+=========================================================================+
2023-12-02 05:14:04,858 | INFO | hi-lo : Output directory: output/normal/gumbel/10/cifar10/20231202_051404
2023-12-02 05:14:04,858 | INFO | hi-lo.dataset-accessor : Fetching dataset: cifar10
2023-12-02 05:14:04,858 | INFO | hi-lo.cifar10-dataset : Initializing transform.
2023-12-02 05:14:04,858 | INFO | hi-lo.cifar10-dataset : Verifying/downloading train data.
2023-12-02 05:14:05,469 | INFO | hi-lo.cifar10-dataset : Verifying/downloading test data.
2023-12-02 05:14:05,970 | INFO | hi-lo.cifar10-dataset : Creating train data loader.
2023-12-02 05:14:05,970 | INFO | hi-lo.cifar10-dataset : Creating test data loader.
2023-12-02 05:14:06,965 | INFO | hi-lo : Using device: NVIDIA GeForce GTX 1060 6GB
2023-12-02 05:14:06,966 | INFO | hi-lo : Commencing training phase...
2023-12-02 05:14:06,966 | INFO | hi-lo : BEGIN EPOCH 1 =========================================================================
2023-12-02 05:14:06,966 | INFO | hi-lo.kernel-accessor : Fetching kernel: gumbel
2023-12-02 05:14:06,967 | INFO | hi-lo.gumbel-kernel : MU (LOCATION): 0.0 | BETA (SCALE): 1.0
2023-12-02 05:14:06,968 | INFO | hi-lo.gumbel-kernel : TOP-RIGHT
tensor([[2.0072e-04, 5.8259e-02, 8.8288e-01],
        [2.2609e-10, 2.0072e-04, 5.8259e-02],
        [8.5377e-26, 2.2609e-10, 2.0072e-04]])
2023-12-02 05:14:06,968 | INFO | hi-lo.kernel-accessor : Fetching kernel: gumbel
2023-12-02 05:14:06,968 | INFO | hi-lo.gumbel-kernel : MU (LOCATION): 0.0 | BETA (SCALE): 1.0
2023-12-02 05:14:06,969 | INFO | hi-lo.gumbel-kernel : BOTTOM-RIGHT
tensor([[8.5377e-26, 2.2609e-10, 2.0072e-04],
        [2.2609e-10, 2.0072e-04, 5.8259e-02],
        [2.0072e-04, 5.8259e-02, 8.8288e-01]])
2023-12-02 05:14:06,969 | INFO | hi-lo.kernel-accessor : Fetching kernel: gumbel
2023-12-02 05:14:06,969 | INFO | hi-lo.gumbel-kernel : MU (LOCATION): 0.0 | BETA (SCALE): 1.0
2023-12-02 05:14:06,969 | INFO | hi-lo.gumbel-kernel : BOTTOM-RIGHT
tensor([[8.5377e-26, 2.2609e-10, 2.0072e-04],
        [2.2609e-10, 2.0072e-04, 5.8259e-02],
        [2.0072e-04, 5.8259e-02, 8.8288e-01]])
2023-12-02 05:14:06,969 | INFO | hi-lo.kernel-accessor : Fetching kernel: gumbel
2023-12-02 05:14:06,969 | INFO | hi-lo.gumbel-kernel : MU (LOCATION): 1 | BETA (SCALE): 1
2023-12-02 05:14:06,970 | INFO | hi-lo.gumbel-kernel : STATIC
tensor([[5.6765e-01, 1.6550e-01, 3.2357e-02],
        [1.6550e-01, 3.2357e-02, 2.1352e-03],
        [3.2357e-02, 2.1352e-03, 7.3562e-06]])
2023-12-02 05:14:16,288 | INFO | hi-lo : END EPOCH:   1 | ACCURACY: 53.12 | LOSS: 1.4878971576690674
2023-12-02 05:14:16,288 | INFO | hi-lo : BEGIN EPOCH 2 =========================================================================
2023-12-02 05:14:16,288 | INFO | hi-lo.kernel-accessor : Fetching kernel: gumbel
2023-12-02 05:14:16,289 | INFO | hi-lo.gumbel-kernel : MU (LOCATION): -0.08078468590974808 | BETA (SCALE): 0.502202033996582
2023-12-02 05:14:16,289 | INFO | hi-lo.gumbel-kernel : TOP-RIGHT
tensor([[5.3448e-34, 2.2187e-05, 9.9996e-01],
        [0.0000e+00, 5.3450e-34, 2.2187e-05],
        [0.0000e+00, 0.0000e+00, 5.3448e-34]])
2023-12-02 05:14:16,289 | INFO | hi-lo.kernel-accessor : Fetching kernel: gumbel
2023-12-02 05:14:16,290 | INFO | hi-lo.gumbel-kernel : MU (LOCATION): -0.4670441448688507 | BETA (SCALE): 0.7799910306930542
2023-12-02 05:14:16,290 | INFO | hi-lo.gumbel-kernel : TOP-RIGHT
tensor([[4.3738e-19, 4.9827e-05, 9.9990e-01],
        [0.0000e+00, 4.3738e-19, 4.9827e-05],
        [0.0000e+00, 0.0000e+00, 4.3738e-19]])
2023-12-02 05:14:16,290 | INFO | hi-lo.kernel-accessor : Fetching kernel: gumbel
2023-12-02 05:14:16,291 | INFO | hi-lo.gumbel-kernel : MU (LOCATION): 1 | BETA (SCALE): 1
2023-12-02 05:14:16,291 | INFO | hi-lo.gumbel-kernel : STATIC
tensor([[5.6765e-01, 1.6550e-01, 3.2357e-02],
        [1.6550e-01, 3.2357e-02, 2.1352e-03],
        [3.2357e-02, 2.1352e-03, 7.3562e-06]])
2023-12-02 05:14:16,292 | INFO | hi-lo.kernel-accessor : Fetching kernel: gumbel
2023-12-02 05:14:16,292 | INFO | hi-lo.gumbel-kernel : MU (LOCATION): 1 | BETA (SCALE): 1
2023-12-02 05:14:16,292 | INFO | hi-lo.gumbel-kernel : STATIC
tensor([[5.6765e-01, 1.6550e-01, 3.2357e-02],
        [1.6550e-01, 3.2357e-02, 2.1352e-03],
        [3.2357e-02, 2.1352e-03, 7.3562e-06]])
2023-12-02 05:14:24,778 | INFO | hi-lo : END EPOCH:   2 | ACCURACY: 50.0 | LOSS: 1.3970221281051636
2023-12-02 05:14:24,779 | INFO | hi-lo : BEGIN EPOCH 3 =========================================================================
2023-12-02 05:14:24,779 | INFO | hi-lo.kernel-accessor : Fetching kernel: gumbel
2023-12-02 05:14:24,780 | INFO | hi-lo.gumbel-kernel : MU (LOCATION): -0.12796908617019653 | BETA (SCALE): 0.4797244369983673
2023-12-02 05:14:24,780 | INFO | hi-lo.gumbel-kernel : BOTTOM-RIGHT
tensor([[0.0000e+00, 0.0000e+00, 0.0000e+00],
        [0.0000e+00, 0.0000e+00, 7.6113e-07],
        [0.0000e+00, 7.6113e-07, 1.0000e+00]])
2023-12-02 05:14:24,780 | INFO | hi-lo.kernel-accessor : Fetching kernel: gumbel
2023-12-02 05:14:24,781 | INFO | hi-lo.gumbel-kernel : MU (LOCATION): -0.5580266118049622 | BETA (SCALE): 0.8274439573287964
2023-12-02 05:14:24,781 | INFO | hi-lo.gumbel-kernel : BOTTOM-RIGHT
tensor([[0.0000e+00, 0.0000e+00, 7.2654e-19],
        [0.0000e+00, 7.2654e-19, 3.5102e-05],
        [7.2654e-19, 3.5102e-05, 9.9993e-01]])
2023-12-02 05:14:24,781 | INFO | hi-lo.kernel-accessor : Fetching kernel: gumbel
2023-12-02 05:14:24,782 | INFO | hi-lo.gumbel-kernel : MU (LOCATION): -1.40666663646698 | BETA (SCALE): 1.6942501068115234
2023-12-02 05:14:24,782 | INFO | hi-lo.gumbel-kernel : BOTTOM-RIGHT
tensor([[1.0650e-23, 1.2120e-12, 2.1139e-06],
        [1.2120e-12, 2.1139e-06, 7.9149e-03],
        [2.1139e-06, 7.9149e-03, 9.8416e-01]])
2023-12-02 05:14:24,783 | INFO | hi-lo.kernel-accessor : Fetching kernel: gumbel
2023-12-02 05:14:24,783 | INFO | hi-lo.gumbel-kernel : MU (LOCATION): 1 | BETA (SCALE): 1
2023-12-02 05:14:24,784 | INFO | hi-lo.gumbel-kernel : STATIC
tensor([[5.6765e-01, 1.6550e-01, 3.2357e-02],
        [1.6550e-01, 3.2357e-02, 2.1352e-03],
        [3.2357e-02, 2.1352e-03, 7.3562e-06]])
2023-12-02 05:14:33,172 | INFO | hi-lo : END EPOCH:   3 | ACCURACY: 56.33 | LOSS: 1.2461992502212524
2023-12-02 05:14:33,173 | INFO | hi-lo : BEGIN EPOCH 4 =========================================================================
2023-12-02 05:14:33,173 | INFO | hi-lo.kernel-accessor : Fetching kernel: gumbel
2023-12-02 05:14:33,173 | INFO | hi-lo.gumbel-kernel : MU (LOCATION): -0.0363764613866806 | BETA (SCALE): 0.5190957188606262
2023-12-02 05:14:33,174 | INFO | hi-lo.gumbel-kernel : TOP-RIGHT
tensor([[1.9045e-25, 1.7096e-04, 9.9966e-01],
        [0.0000e+00, 1.9045e-25, 1.7096e-04],
        [0.0000e+00, 0.0000e+00, 1.9045e-25]])
2023-12-02 05:14:33,174 | INFO | hi-lo.kernel-accessor : Fetching kernel: gumbel
2023-12-02 05:14:33,175 | INFO | hi-lo.gumbel-kernel : MU (LOCATION): 1 | BETA (SCALE): 1
2023-12-02 05:14:33,175 | INFO | hi-lo.gumbel-kernel : STATIC
tensor([[5.6765e-01, 1.6550e-01, 3.2357e-02],
        [1.6550e-01, 3.2357e-02, 2.1352e-03],
        [3.2357e-02, 2.1352e-03, 7.3562e-06]])
2023-12-02 05:14:33,175 | INFO | hi-lo.kernel-accessor : Fetching kernel: gumbel
2023-12-02 05:14:33,176 | INFO | hi-lo.gumbel-kernel : MU (LOCATION): 1 | BETA (SCALE): 1
2023-12-02 05:14:33,176 | INFO | hi-lo.gumbel-kernel : STATIC
tensor([[5.6765e-01, 1.6550e-01, 3.2357e-02],
        [1.6550e-01, 3.2357e-02, 2.1352e-03],
        [3.2357e-02, 2.1352e-03, 7.3562e-06]])
2023-12-02 05:14:33,176 | INFO | hi-lo.kernel-accessor : Fetching kernel: gumbel
2023-12-02 05:14:33,177 | INFO | hi-lo.gumbel-kernel : MU (LOCATION): -1.4645756483078003 | BETA (SCALE): 1.7039713859558105
2023-12-02 05:14:33,177 | INFO | hi-lo.gumbel-kernel : BOTTOM-RIGHT
tensor([[1.1389e-24, 3.6408e-13, 1.1796e-06],
        [3.6408e-13, 1.1796e-06, 6.3857e-03],
        [1.1796e-06, 6.3857e-03, 9.8723e-01]])
2023-12-02 05:14:41,513 | INFO | hi-lo : END EPOCH:   4 | ACCURACY: 57.81 | LOSS: 1.2595531940460205
2023-12-02 05:14:41,513 | INFO | hi-lo : BEGIN EPOCH 5 =========================================================================
2023-12-02 05:14:41,513 | INFO | hi-lo.kernel-accessor : Fetching kernel: gumbel
2023-12-02 05:14:41,514 | INFO | hi-lo.gumbel-kernel : MU (LOCATION): -0.13952875137329102 | BETA (SCALE): 0.5166014432907104
2023-12-02 05:14:41,514 | INFO | hi-lo.gumbel-kernel : TOP-RIGHT
tensor([[1.8895e-37, 5.4936e-06, 9.9999e-01],
        [0.0000e+00, 1.8895e-37, 5.4936e-06],
        [0.0000e+00, 0.0000e+00, 1.8895e-37]])
2023-12-02 05:14:41,514 | INFO | hi-lo.kernel-accessor : Fetching kernel: gumbel
2023-12-02 05:14:41,515 | INFO | hi-lo.gumbel-kernel : MU (LOCATION): -0.7408392429351807 | BETA (SCALE): 0.8810595273971558
2023-12-02 05:14:41,515 | INFO | hi-lo.gumbel-kernel : BOTTOM-RIGHT
tensor([[0.0000e+00, 0.0000e+00, 5.6865e-22],
        [0.0000e+00, 5.6865e-22, 3.7949e-06],
        [5.6865e-22, 3.7949e-06, 9.9999e-01]])
2023-12-02 05:14:41,515 | INFO | hi-lo.kernel-accessor : Fetching kernel: gumbel
2023-12-02 05:14:41,516 | INFO | hi-lo.gumbel-kernel : MU (LOCATION): 1 | BETA (SCALE): 1
2023-12-02 05:14:41,516 | INFO | hi-lo.gumbel-kernel : STATIC
tensor([[5.6765e-01, 1.6550e-01, 3.2357e-02],
        [1.6550e-01, 3.2357e-02, 2.1352e-03],
        [3.2357e-02, 2.1352e-03, 7.3562e-06]])
2023-12-02 05:14:41,517 | INFO | hi-lo.kernel-accessor : Fetching kernel: gumbel
2023-12-02 05:14:41,517 | INFO | hi-lo.gumbel-kernel : MU (LOCATION): -1.5147746801376343 | BETA (SCALE): 1.8517613410949707
2023-12-02 05:14:41,517 | INFO | hi-lo.gumbel-kernel : TOP-RIGHT
tensor([[1.5181e-05, 1.4323e-02, 9.7131e-01],
        [1.7557e-10, 1.5181e-05, 1.4323e-02],
        [8.7199e-19, 1.7557e-10, 1.5181e-05]])
2023-12-02 05:14:49,809 | INFO | hi-lo : END EPOCH:   5 | ACCURACY: 57.81 | LOSS: 1.3132740259170532
2023-12-02 05:14:49,810 | INFO | hi-lo : BEGIN EPOCH 6 =========================================================================
2023-12-02 05:14:49,810 | INFO | hi-lo.kernel-accessor : Fetching kernel: gumbel
2023-12-02 05:14:49,811 | INFO | hi-lo.gumbel-kernel : MU (LOCATION): -0.08779119700193405 | BETA (SCALE): 0.5093510746955872
2023-12-02 05:14:49,811 | INFO | hi-lo.gumbel-kernel : BOTTOM-RIGHT
tensor([[0.0000e+00, 0.0000e+00, 6.4035e-33],
        [0.0000e+00, 6.4035e-33, 2.4766e-05],
        [6.4035e-33, 2.4766e-05, 9.9995e-01]])
2023-12-02 05:14:49,811 | INFO | hi-lo.kernel-accessor : Fetching kernel: gumbel
2023-12-02 05:14:49,812 | INFO | hi-lo.gumbel-kernel : MU (LOCATION): 1 | BETA (SCALE): 1
2023-12-02 05:14:49,812 | INFO | hi-lo.gumbel-kernel : STATIC
tensor([[5.6765e-01, 1.6550e-01, 3.2357e-02],
        [1.6550e-01, 3.2357e-02, 2.1352e-03],
        [3.2357e-02, 2.1352e-03, 7.3562e-06]])
2023-12-02 05:14:49,813 | INFO | hi-lo.kernel-accessor : Fetching kernel: gumbel
2023-12-02 05:14:49,813 | INFO | hi-lo.gumbel-kernel : MU (LOCATION): -2.5408120155334473 | BETA (SCALE): 3.0134849548339844
2023-12-02 05:14:49,813 | INFO | hi-lo.gumbel-kernel : TOP-RIGHT
tensor([[2.6960e-03, 7.2577e-02, 8.4670e-01],
        [3.1229e-05, 2.6960e-03, 7.2577e-02],
        [7.1315e-08, 3.1229e-05, 2.6960e-03]])
2023-12-02 05:14:49,814 | INFO | hi-lo.kernel-accessor : Fetching kernel: gumbel
2023-12-02 05:14:49,814 | INFO | hi-lo.gumbel-kernel : MU (LOCATION): -2.2442731857299805 | BETA (SCALE): 2.7578063011169434
2023-12-02 05:14:49,815 | INFO | hi-lo.gumbel-kernel : TOP-RIGHT
tensor([[1.8469e-03, 6.4984e-02, 8.6446e-01],
        [1.2974e-05, 1.8469e-03, 6.4984e-02],
        [1.2227e-08, 1.2974e-05, 1.8469e-03]])
2023-12-02 05:14:58,402 | INFO | hi-lo : END EPOCH:   6 | ACCURACY: 55.86 | LOSS: 1.2724963426589966
2023-12-02 05:14:58,402 | INFO | hi-lo : BEGIN EPOCH 7 =========================================================================
2023-12-02 05:14:58,402 | INFO | hi-lo.kernel-accessor : Fetching kernel: gumbel
2023-12-02 05:14:58,403 | INFO | hi-lo.gumbel-kernel : MU (LOCATION): 1 | BETA (SCALE): 1
2023-12-02 05:14:58,403 | INFO | hi-lo.gumbel-kernel : STATIC
tensor([[5.6765e-01, 1.6550e-01, 3.2357e-02],
        [1.6550e-01, 3.2357e-02, 2.1352e-03],
        [3.2357e-02, 2.1352e-03, 7.3562e-06]])
2023-12-02 05:14:58,404 | INFO | hi-lo.kernel-accessor : Fetching kernel: gumbel
2023-12-02 05:14:58,404 | INFO | hi-lo.gumbel-kernel : MU (LOCATION): -0.7281522750854492 | BETA (SCALE): 0.8644389510154724
2023-12-02 05:14:58,404 | INFO | hi-lo.gumbel-kernel : TOP-RIGHT
tensor([[4.6181e-23, 2.4792e-06, 9.9999e-01],
        [0.0000e+00, 4.6181e-23, 2.4792e-06],
        [0.0000e+00, 0.0000e+00, 4.6181e-23]])
2023-12-02 05:14:58,405 | INFO | hi-lo.kernel-accessor : Fetching kernel: gumbel
2023-12-02 05:14:58,405 | INFO | hi-lo.gumbel-kernel : MU (LOCATION): 1 | BETA (SCALE): 1
2023-12-02 05:14:58,405 | INFO | hi-lo.gumbel-kernel : STATIC
tensor([[5.6765e-01, 1.6550e-01, 3.2357e-02],
        [1.6550e-01, 3.2357e-02, 2.1352e-03],
        [3.2357e-02, 2.1352e-03, 7.3562e-06]])
2023-12-02 05:14:58,406 | INFO | hi-lo.kernel-accessor : Fetching kernel: gumbel
2023-12-02 05:14:58,406 | INFO | hi-lo.gumbel-kernel : MU (LOCATION): 1 | BETA (SCALE): 1
2023-12-02 05:14:58,407 | INFO | hi-lo.gumbel-kernel : STATIC
tensor([[5.6765e-01, 1.6550e-01, 3.2357e-02],
        [1.6550e-01, 3.2357e-02, 2.1352e-03],
        [3.2357e-02, 2.1352e-03, 7.3562e-06]])
2023-12-02 05:15:06,864 | INFO | hi-lo : END EPOCH:   7 | ACCURACY: 65.0 | LOSS: 1.3233917951583862
2023-12-02 05:15:06,865 | INFO | hi-lo : BEGIN EPOCH 8 =========================================================================
2023-12-02 05:15:06,865 | INFO | hi-lo.kernel-accessor : Fetching kernel: gumbel
2023-12-02 05:15:06,866 | INFO | hi-lo.gumbel-kernel : MU (LOCATION): 0.038785986602306366 | BETA (SCALE): 0.5605510473251343
2023-12-02 05:15:06,866 | INFO | hi-lo.gumbel-kernel : BOTTOM-RIGHT
tensor([[0.0000e+00, 0.0000e+00, 2.6509e-15],
        [0.0000e+00, 2.6510e-15, 2.2391e-03],
        [2.6509e-15, 2.2391e-03, 9.9552e-01]])
2023-12-02 05:15:06,866 | INFO | hi-lo.kernel-accessor : Fetching kernel: gumbel
2023-12-02 05:15:06,867 | INFO | hi-lo.gumbel-kernel : MU (LOCATION): -0.6210903525352478 | BETA (SCALE): 1.0134702920913696
2023-12-02 05:15:06,867 | INFO | hi-lo.gumbel-kernel : TOP-RIGHT
tensor([[9.4771e-11, 1.2064e-03, 9.9759e-01],
        [4.3623e-29, 9.4771e-11, 1.2064e-03],
        [0.0000e+00, 4.3623e-29, 9.4771e-11]])
2023-12-02 05:15:06,867 | INFO | hi-lo.kernel-accessor : Fetching kernel: gumbel
2023-12-02 05:15:06,868 | INFO | hi-lo.gumbel-kernel : MU (LOCATION): -2.1743903160095215 | BETA (SCALE): 2.5642313957214355
2023-12-02 05:15:06,868 | INFO | hi-lo.gumbel-kernel : TOP-RIGHT
tensor([[6.6322e-04, 4.5592e-02, 9.0682e-01],
        [1.5450e-06, 6.6322e-04, 4.5592e-02],
        [2.4060e-10, 1.5450e-06, 6.6322e-04]])
2023-12-02 05:15:06,869 | INFO | hi-lo.kernel-accessor : Fetching kernel: gumbel
2023-12-02 05:15:06,869 | INFO | hi-lo.gumbel-kernel : MU (LOCATION): -1.6410558223724365 | BETA (SCALE): 2.0787301063537598
2023-12-02 05:15:06,870 | INFO | hi-lo.gumbel-kernel : TOP-RIGHT
tensor([[1.4116e-04, 2.9086e-02, 9.4141e-01],
        [3.4300e-08, 1.4116e-04, 2.9086e-02],
        [6.5609e-14, 3.4300e-08, 1.4116e-04]])
2023-12-02 05:15:15,311 | INFO | hi-lo : END EPOCH:   8 | ACCURACY: 58.59 | LOSS: 1.233734369277954
2023-12-02 05:15:15,311 | INFO | hi-lo : BEGIN EPOCH 9 =========================================================================
2023-12-02 05:15:15,311 | INFO | hi-lo.kernel-accessor : Fetching kernel: gumbel
2023-12-02 05:15:15,312 | INFO | hi-lo.gumbel-kernel : MU (LOCATION): -0.14304374158382416 | BETA (SCALE): 0.4888918995857239
2023-12-02 05:15:15,313 | INFO | hi-lo.gumbel-kernel : TOP-RIGHT
tensor([[0.0000e+00, 7.2836e-07, 1.0000e+00],
        [0.0000e+00, 0.0000e+00, 7.2836e-07],
        [0.0000e+00, 0.0000e+00, 0.0000e+00]])
2023-12-02 05:15:15,313 | INFO | hi-lo.kernel-accessor : Fetching kernel: gumbel
2023-12-02 05:15:15,313 | INFO | hi-lo.gumbel-kernel : MU (LOCATION): 1 | BETA (SCALE): 1
2023-12-02 05:15:15,314 | INFO | hi-lo.gumbel-kernel : STATIC
tensor([[5.6765e-01, 1.6550e-01, 3.2357e-02],
        [1.6550e-01, 3.2357e-02, 2.1352e-03],
        [3.2357e-02, 2.1352e-03, 7.3562e-06]])
2023-12-02 05:15:15,314 | INFO | hi-lo.kernel-accessor : Fetching kernel: gumbel
2023-12-02 05:15:15,314 | INFO | hi-lo.gumbel-kernel : MU (LOCATION): -2.2244181632995605 | BETA (SCALE): 2.8431668281555176
2023-12-02 05:15:15,315 | INFO | hi-lo.gumbel-kernel : BOTTOM-RIGHT
tensor([[8.0866e-08, 3.7561e-05, 3.1347e-03],
        [3.7561e-05, 3.1347e-03, 7.8197e-02],
        [3.1347e-03, 7.8197e-02, 8.3413e-01]])
2023-12-02 05:15:15,315 | INFO | hi-lo.kernel-accessor : Fetching kernel: gumbel
2023-12-02 05:15:15,315 | INFO | hi-lo.gumbel-kernel : MU (LOCATION): 1 | BETA (SCALE): 1
2023-12-02 05:15:15,316 | INFO | hi-lo.gumbel-kernel : STATIC
tensor([[5.6765e-01, 1.6550e-01, 3.2357e-02],
        [1.6550e-01, 3.2357e-02, 2.1352e-03],
        [3.2357e-02, 2.1352e-03, 7.3562e-06]])
2023-12-02 05:15:23,845 | INFO | hi-lo : END EPOCH:   9 | ACCURACY: 63.45 | LOSS: 0.9643544554710388
2023-12-02 05:15:23,846 | INFO | hi-lo : BEGIN EPOCH 10 =========================================================================
2023-12-02 05:15:23,846 | INFO | hi-lo.kernel-accessor : Fetching kernel: gumbel
2023-12-02 05:15:23,846 | INFO | hi-lo.gumbel-kernel : MU (LOCATION): -0.10764287412166595 | BETA (SCALE): 0.4908231198787689
2023-12-02 05:15:23,847 | INFO | hi-lo.gumbel-kernel : BOTTOM-RIGHT
tensor([[0.0000e+00, 0.0000e+00, 1.9145e-41],
        [0.0000e+00, 1.9145e-41, 4.1992e-06],
        [1.9145e-41, 4.1992e-06, 9.9999e-01]])
2023-12-02 05:15:23,847 | INFO | hi-lo.kernel-accessor : Fetching kernel: gumbel
2023-12-02 05:15:23,848 | INFO | hi-lo.gumbel-kernel : MU (LOCATION): -0.7670456171035767 | BETA (SCALE): 0.9699511528015137
2023-12-02 05:15:23,848 | INFO | hi-lo.gumbel-kernel : TOP-RIGHT
tensor([[4.1116e-16, 5.5303e-05, 9.9989e-01],
        [0.0000e+00, 4.1115e-16, 5.5303e-05],
        [0.0000e+00, 0.0000e+00, 4.1116e-16]])
2023-12-02 05:15:23,848 | INFO | hi-lo.kernel-accessor : Fetching kernel: gumbel
2023-12-02 05:15:23,849 | INFO | hi-lo.gumbel-kernel : MU (LOCATION): 1 | BETA (SCALE): 1
2023-12-02 05:15:23,849 | INFO | hi-lo.gumbel-kernel : STATIC
tensor([[5.6765e-01, 1.6550e-01, 3.2357e-02],
        [1.6550e-01, 3.2357e-02, 2.1352e-03],
        [3.2357e-02, 2.1352e-03, 7.3562e-06]])
2023-12-02 05:15:23,849 | INFO | hi-lo.kernel-accessor : Fetching kernel: gumbel
2023-12-02 05:15:23,850 | INFO | hi-lo.gumbel-kernel : MU (LOCATION): -2.2626006603240967 | BETA (SCALE): 2.3391897678375244
2023-12-02 05:15:23,850 | INFO | hi-lo.gumbel-kernel : TOP-RIGHT
tensor([[3.5730e-05, 1.5745e-02, 9.6840e-01],
        [3.9587e-09, 3.5731e-05, 1.5745e-02],
        [4.2773e-15, 3.9587e-09, 3.5730e-05]])
2023-12-02 05:15:32,287 | INFO | hi-lo : END EPOCH:  10 | ACCURACY: 70.31 | LOSS: 1.2717816829681396
2023-12-02 05:15:32,287 | INFO | hi-lo : BEGIN EPOCH 11 =========================================================================
2023-12-02 05:15:32,287 | INFO | hi-lo.kernel-accessor : Fetching kernel: gumbel
2023-12-02 05:15:32,288 | INFO | hi-lo.gumbel-kernel : MU (LOCATION): -0.07029221951961517 | BETA (SCALE): 0.45138365030288696
2023-12-02 05:15:32,288 | INFO | hi-lo.gumbel-kernel : TOP-RIGHT
tensor([[0.0000e+00, 1.5704e-06, 1.0000e+00],
        [0.0000e+00, 0.0000e+00, 1.5704e-06],
        [0.0000e+00, 0.0000e+00, 0.0000e+00]])
2023-12-02 05:15:32,289 | INFO | hi-lo.kernel-accessor : Fetching kernel: gumbel
2023-12-02 05:15:32,289 | INFO | hi-lo.gumbel-kernel : MU (LOCATION): -0.6662645936012268 | BETA (SCALE): 0.8751029968261719
2023-12-02 05:15:32,289 | INFO | hi-lo.gumbel-kernel : BOTTOM-RIGHT
tensor([[0.0000e+00, 0.0000e+00, 2.6671e-19],
        [0.0000e+00, 2.6671e-19, 1.7872e-05],
        [2.6671e-19, 1.7872e-05, 9.9996e-01]])
2023-12-02 05:15:32,290 | INFO | hi-lo.kernel-accessor : Fetching kernel: gumbel
2023-12-02 05:15:32,290 | INFO | hi-lo.gumbel-kernel : MU (LOCATION): -1.9965264797210693 | BETA (SCALE): 2.4634664058685303
2023-12-02 05:15:32,291 | INFO | hi-lo.gumbel-kernel : BOTTOM-RIGHT
tensor([[2.0231e-10, 1.5825e-06, 7.1202e-04],
        [1.5825e-06, 7.1202e-04, 4.7781e-02],
        [7.1202e-04, 4.7781e-02, 9.0230e-01]])
2023-12-02 05:15:32,291 | INFO | hi-lo.kernel-accessor : Fetching kernel: gumbel
2023-12-02 05:15:32,291 | INFO | hi-lo.gumbel-kernel : MU (LOCATION): -1.6376500129699707 | BETA (SCALE): 1.95034921169281
2023-12-02 05:15:32,292 | INFO | hi-lo.gumbel-kernel : BOTTOM-RIGHT
tensor([[2.0808e-17, 6.3653e-10, 2.3766e-05],
        [6.3653e-10, 2.3766e-05, 1.5971e-02],
        [2.3766e-05, 1.5971e-02, 9.6799e-01]])
2023-12-02 05:15:40,705 | INFO | hi-lo : END EPOCH:  11 | ACCURACY: 55.28 | LOSS: 1.4852708578109741
2023-12-02 05:15:40,705 | INFO | hi-lo : BEGIN EPOCH 12 =========================================================================
2023-12-02 05:15:40,705 | INFO | hi-lo.kernel-accessor : Fetching kernel: gumbel
2023-12-02 05:15:40,706 | INFO | hi-lo.gumbel-kernel : MU (LOCATION): -0.0952615886926651 | BETA (SCALE): 0.4889856278896332
2023-12-02 05:15:40,707 | INFO | hi-lo.gumbel-kernel : TOP-RIGHT
tensor([[3.5929e-40, 6.2634e-06, 9.9999e-01],
        [0.0000e+00, 3.5929e-40, 6.2634e-06],
        [0.0000e+00, 0.0000e+00, 3.5929e-40]])
2023-12-02 05:15:40,707 | INFO | hi-lo.kernel-accessor : Fetching kernel: gumbel
2023-12-02 05:15:40,707 | INFO | hi-lo.gumbel-kernel : MU (LOCATION): 1 | BETA (SCALE): 1
2023-12-02 05:15:40,708 | INFO | hi-lo.gumbel-kernel : STATIC
tensor([[5.6765e-01, 1.6550e-01, 3.2357e-02],
        [1.6550e-01, 3.2357e-02, 2.1352e-03],
        [3.2357e-02, 2.1352e-03, 7.3562e-06]])
2023-12-02 05:15:40,708 | INFO | hi-lo.kernel-accessor : Fetching kernel: gumbel
2023-12-02 05:15:40,708 | INFO | hi-lo.gumbel-kernel : MU (LOCATION): -1.9580672979354858 | BETA (SCALE): 2.6796720027923584
2023-12-02 05:15:40,709 | INFO | hi-lo.gumbel-kernel : TOP-RIGHT
tensor([[3.2843e-03, 8.1062e-02, 8.2795e-01],
        [3.6944e-05, 3.2843e-03, 8.1062e-02],
        [6.4622e-08, 3.6944e-05, 3.2843e-03]])
2023-12-02 05:15:40,709 | INFO | hi-lo.kernel-accessor : Fetching kernel: gumbel
2023-12-02 05:15:40,709 | INFO | hi-lo.gumbel-kernel : MU (LOCATION): -2.3209657669067383 | BETA (SCALE): 2.368415117263794
2023-12-02 05:15:40,710 | INFO | hi-lo.gumbel-kernel : BOTTOM-RIGHT
tensor([[4.4289e-15, 3.7828e-09, 3.3852e-05],
        [3.7828e-09, 3.3852e-05, 1.5257e-02],
        [3.3852e-05, 1.5257e-02, 9.6938e-01]])
2023-12-02 05:15:49,236 | INFO | hi-lo : END EPOCH:  12 | ACCURACY: 64.84 | LOSS: 0.9784361720085144
2023-12-02 05:15:49,236 | INFO | hi-lo : BEGIN EPOCH 13 =========================================================================
2023-12-02 05:15:49,236 | INFO | hi-lo.kernel-accessor : Fetching kernel: gumbel
2023-12-02 05:15:49,237 | INFO | hi-lo.gumbel-kernel : MU (LOCATION): -0.07416576147079468 | BETA (SCALE): 0.49906712770462036
2023-12-02 05:15:49,238 | INFO | hi-lo.gumbel-kernel : TOP-RIGHT
tensor([[4.8544e-34, 2.3905e-05, 9.9995e-01],
        [0.0000e+00, 4.8544e-34, 2.3905e-05],
        [0.0000e+00, 0.0000e+00, 4.8544e-34]])
2023-12-02 05:15:49,238 | INFO | hi-lo.kernel-accessor : Fetching kernel: gumbel
2023-12-02 05:15:49,239 | INFO | hi-lo.gumbel-kernel : MU (LOCATION): -0.8306096792221069 | BETA (SCALE): 0.9501031041145325
2023-12-02 05:15:49,239 | INFO | hi-lo.gumbel-kernel : BOTTOM-RIGHT
tensor([[0.0000e+00, 0.0000e+00, 1.2613e-19],
        [0.0000e+00, 1.2613e-19, 7.7522e-06],
        [1.2613e-19, 7.7522e-06, 9.9998e-01]])
2023-12-02 05:15:49,239 | INFO | hi-lo.kernel-accessor : Fetching kernel: gumbel
2023-12-02 05:15:49,240 | INFO | hi-lo.gumbel-kernel : MU (LOCATION): -1.8827040195465088 | BETA (SCALE): 2.6902897357940674
2023-12-02 05:15:49,240 | INFO | hi-lo.gumbel-kernel : BOTTOM-RIGHT
tensor([[1.7180e-07, 6.5132e-05, 4.3866e-03],
        [6.5132e-05, 4.3866e-03, 8.9738e-02],
        [4.3866e-03, 8.9738e-02, 8.0723e-01]])
2023-12-02 05:15:49,241 | INFO | hi-lo.kernel-accessor : Fetching kernel: gumbel
2023-12-02 05:15:49,241 | INFO | hi-lo.gumbel-kernel : MU (LOCATION): -1.7839674949645996 | BETA (SCALE): 2.038302183151245
2023-12-02 05:15:49,242 | INFO | hi-lo.gumbel-kernel : BOTTOM-RIGHT
tensor([[6.9328e-17, 8.9798e-10, 2.4574e-05],
        [8.9798e-10, 2.4574e-05, 1.5481e-02],
        [2.4574e-05, 1.5481e-02, 9.6896e-01]])
2023-12-02 05:15:57,656 | INFO | hi-lo : END EPOCH:  13 | ACCURACY: 59.52 | LOSS: 0.9081920981407166
2023-12-02 05:15:57,656 | INFO | hi-lo : BEGIN EPOCH 14 =========================================================================
2023-12-02 05:15:57,656 | INFO | hi-lo.kernel-accessor : Fetching kernel: gumbel
2023-12-02 05:15:57,657 | INFO | hi-lo.gumbel-kernel : MU (LOCATION): -0.07404959201812744 | BETA (SCALE): 0.4890431761741638
2023-12-02 05:15:57,658 | INFO | hi-lo.gumbel-kernel : BOTTOM-RIGHT
tensor([[0.0000e+00, 0.0000e+00, 5.0594e-37],
        [0.0000e+00, 5.0592e-37, 1.4346e-05],
        [5.0594e-37, 1.4346e-05, 9.9997e-01]])
2023-12-02 05:15:57,658 | INFO | hi-lo.kernel-accessor : Fetching kernel: gumbel
2023-12-02 05:15:57,659 | INFO | hi-lo.gumbel-kernel : MU (LOCATION): 1 | BETA (SCALE): 1
2023-12-02 05:15:57,659 | INFO | hi-lo.gumbel-kernel : STATIC
tensor([[5.6765e-01, 1.6550e-01, 3.2357e-02],
        [1.6550e-01, 3.2357e-02, 2.1352e-03],
        [3.2357e-02, 2.1352e-03, 7.3562e-06]])
2023-12-02 05:15:57,659 | INFO | hi-lo.kernel-accessor : Fetching kernel: gumbel
2023-12-02 05:15:57,660 | INFO | hi-lo.gumbel-kernel : MU (LOCATION): -2.114943027496338 | BETA (SCALE): 2.872602939605713
2023-12-02 05:15:57,660 | INFO | hi-lo.gumbel-kernel : BOTTOM-RIGHT
tensor([[3.7261e-07, 9.1817e-05, 4.9651e-03],
        [9.1817e-05, 4.9651e-03, 9.2025e-02],
        [4.9651e-03, 9.2025e-02, 8.0087e-01]])
2023-12-02 05:15:57,660 | INFO | hi-lo.kernel-accessor : Fetching kernel: gumbel
2023-12-02 05:15:57,661 | INFO | hi-lo.gumbel-kernel : MU (LOCATION): -2.348031997680664 | BETA (SCALE): 2.4077560901641846
2023-12-02 05:15:57,661 | INFO | hi-lo.gumbel-kernel : TOP-RIGHT
tensor([[4.6788e-05, 1.7070e-02, 9.6572e-01],
        [7.6168e-09, 4.6788e-05, 1.7070e-02],
        [1.7210e-14, 7.6168e-09, 4.6788e-05]])
2023-12-02 05:16:06,120 | INFO | hi-lo : END EPOCH:  14 | ACCURACY: 59.35 | LOSS: 1.1788318157196045
2023-12-02 05:16:06,120 | INFO | hi-lo : BEGIN EPOCH 15 =========================================================================
2023-12-02 05:16:06,120 | INFO | hi-lo.kernel-accessor : Fetching kernel: gumbel
2023-12-02 05:16:06,121 | INFO | hi-lo.gumbel-kernel : MU (LOCATION): 1 | BETA (SCALE): 1
2023-12-02 05:16:06,121 | INFO | hi-lo.gumbel-kernel : STATIC
tensor([[5.6765e-01, 1.6550e-01, 3.2357e-02],
        [1.6550e-01, 3.2357e-02, 2.1352e-03],
        [3.2357e-02, 2.1352e-03, 7.3562e-06]])
2023-12-02 05:16:06,121 | INFO | hi-lo.kernel-accessor : Fetching kernel: gumbel
2023-12-02 05:16:06,122 | INFO | hi-lo.gumbel-kernel : MU (LOCATION): -0.8404249548912048 | BETA (SCALE): 0.9695885181427002
2023-12-02 05:16:06,122 | INFO | hi-lo.gumbel-kernel : BOTTOM-RIGHT
tensor([[0.0000e+00, 0.0000e+00, 1.6627e-18],
        [0.0000e+00, 1.6627e-18, 1.3026e-05],
        [1.6627e-18, 1.3026e-05, 9.9997e-01]])
2023-12-02 05:16:06,122 | INFO | hi-lo.kernel-accessor : Fetching kernel: gumbel
2023-12-02 05:16:06,122 | INFO | hi-lo.gumbel-kernel : MU (LOCATION): 1 | BETA (SCALE): 1
2023-12-02 05:16:06,123 | INFO | hi-lo.gumbel-kernel : STATIC
tensor([[5.6765e-01, 1.6550e-01, 3.2357e-02],
        [1.6550e-01, 3.2357e-02, 2.1352e-03],
        [3.2357e-02, 2.1352e-03, 7.3562e-06]])
2023-12-02 05:16:06,123 | INFO | hi-lo.kernel-accessor : Fetching kernel: gumbel
2023-12-02 05:16:06,123 | INFO | hi-lo.gumbel-kernel : MU (LOCATION): -2.1990766525268555 | BETA (SCALE): 2.25104022026062
2023-12-02 05:16:06,124 | INFO | hi-lo.gumbel-kernel : BOTTOM-RIGHT
tensor([[1.4675e-16, 7.1986e-10, 1.6491e-05],
        [7.1986e-10, 1.6491e-05, 1.2094e-02],
        [1.6491e-05, 1.2094e-02, 9.7576e-01]])
2023-12-02 05:16:14,559 | INFO | hi-lo : END EPOCH:  15 | ACCURACY: 67.19 | LOSS: 1.2303483486175537
2023-12-02 05:16:14,559 | INFO | hi-lo : BEGIN EPOCH 16 =========================================================================
2023-12-02 05:16:14,559 | INFO | hi-lo.kernel-accessor : Fetching kernel: gumbel
2023-12-02 05:16:14,560 | INFO | hi-lo.gumbel-kernel : MU (LOCATION): -0.09500499814748764 | BETA (SCALE): 0.48176583647727966
2023-12-02 05:16:14,560 | INFO | hi-lo.gumbel-kernel : BOTTOM-RIGHT
tensor([[0.0000e+00, 0.0000e+00, 8.2536e-43],
        [0.0000e+00, 8.2536e-43, 4.0538e-06],
        [8.2536e-43, 4.0538e-06, 9.9999e-01]])
2023-12-02 05:16:14,560 | INFO | hi-lo.kernel-accessor : Fetching kernel: gumbel
2023-12-02 05:16:14,561 | INFO | hi-lo.gumbel-kernel : MU (LOCATION): -0.7021434903144836 | BETA (SCALE): 1.0290688276290894
2023-12-02 05:16:14,561 | INFO | hi-lo.gumbel-kernel : BOTTOM-RIGHT
tensor([[0.0000e+00, 1.1577e-31, 9.6479e-12],
        [1.1577e-31, 9.6479e-12, 6.0980e-04],
        [9.6479e-12, 6.0980e-04, 9.9878e-01]])
2023-12-02 05:16:14,562 | INFO | hi-lo.kernel-accessor : Fetching kernel: gumbel
2023-12-02 05:16:14,562 | INFO | hi-lo.gumbel-kernel : MU (LOCATION): -2.234724998474121 | BETA (SCALE): 2.649674415588379
2023-12-02 05:16:14,562 | INFO | hi-lo.gumbel-kernel : BOTTOM-RIGHT
tensor([[1.0610e-09, 3.3647e-06, 9.5288e-04],
        [3.3647e-06, 9.5288e-04, 5.1501e-02],
        [9.5288e-04, 5.1501e-02, 8.9413e-01]])
2023-12-02 05:16:14,563 | INFO | hi-lo.kernel-accessor : Fetching kernel: gumbel
2023-12-02 05:16:14,563 | INFO | hi-lo.gumbel-kernel : MU (LOCATION): -1.4822196960449219 | BETA (SCALE): 1.698665976524353
2023-12-02 05:16:14,564 | INFO | hi-lo.gumbel-kernel : BOTTOM-RIGHT
tensor([[1.8011e-25, 1.4815e-13, 7.9061e-07],
        [1.4815e-13, 7.9061e-07, 5.5679e-03],
        [7.9061e-07, 5.5679e-03, 9.8886e-01]])
2023-12-02 05:16:23,080 | INFO | hi-lo : END EPOCH:  16 | ACCURACY: 58.63 | LOSS: 0.8493274450302124
2023-12-02 05:16:23,080 | INFO | hi-lo : BEGIN EPOCH 17 =========================================================================
2023-12-02 05:16:23,080 | INFO | hi-lo.kernel-accessor : Fetching kernel: gumbel
2023-12-02 05:16:23,081 | INFO | hi-lo.gumbel-kernel : MU (LOCATION): 1 | BETA (SCALE): 1
2023-12-02 05:16:23,082 | INFO | hi-lo.gumbel-kernel : STATIC
tensor([[5.6765e-01, 1.6550e-01, 3.2357e-02],
        [1.6550e-01, 3.2357e-02, 2.1352e-03],
        [3.2357e-02, 2.1352e-03, 7.3562e-06]])
2023-12-02 05:16:23,082 | INFO | hi-lo.kernel-accessor : Fetching kernel: gumbel
2023-12-02 05:16:23,082 | INFO | hi-lo.gumbel-kernel : MU (LOCATION): -0.7886300683021545 | BETA (SCALE): 0.8988031148910522
2023-12-02 05:16:23,083 | INFO | hi-lo.gumbel-kernel : TOP-RIGHT
tensor([[2.0053e-22, 2.4440e-06, 1.0000e+00],
        [0.0000e+00, 2.0053e-22, 2.4440e-06],
        [0.0000e+00, 0.0000e+00, 2.0053e-22]])
2023-12-02 05:16:23,083 | INFO | hi-lo.kernel-accessor : Fetching kernel: gumbel
2023-12-02 05:16:23,083 | INFO | hi-lo.gumbel-kernel : MU (LOCATION): 1 | BETA (SCALE): 1
2023-12-02 05:16:23,084 | INFO | hi-lo.gumbel-kernel : STATIC
tensor([[5.6765e-01, 1.6550e-01, 3.2357e-02],
        [1.6550e-01, 3.2357e-02, 2.1352e-03],
        [3.2357e-02, 2.1352e-03, 7.3562e-06]])
2023-12-02 05:16:23,084 | INFO | hi-lo.kernel-accessor : Fetching kernel: gumbel
2023-12-02 05:16:23,084 | INFO | hi-lo.gumbel-kernel : MU (LOCATION): -2.680954933166504 | BETA (SCALE): 2.635908603668213
2023-12-02 05:16:23,085 | INFO | hi-lo.gumbel-kernel : TOP-RIGHT
tensor([[7.6270e-05, 1.9319e-02, 9.6113e-01],
        [2.7911e-08, 7.6270e-05, 1.9319e-02],
        [3.1598e-13, 2.7911e-08, 7.6270e-05]])
2023-12-02 05:16:31,585 | INFO | hi-lo : END EPOCH:  17 | ACCURACY: 64.06 | LOSS: 1.1811444759368896
2023-12-02 05:16:31,585 | INFO | hi-lo : BEGIN EPOCH 18 =========================================================================
2023-12-02 05:16:31,586 | INFO | hi-lo.kernel-accessor : Fetching kernel: gumbel
2023-12-02 05:16:31,586 | INFO | hi-lo.gumbel-kernel : MU (LOCATION): -0.055172257125377655 | BETA (SCALE): 0.4648321270942688
2023-12-02 05:16:31,587 | INFO | hi-lo.gumbel-kernel : TOP-RIGHT
tensor([[9.8651e-43, 7.6354e-06, 9.9998e-01],
        [0.0000e+00, 9.8651e-43, 7.6354e-06],
        [0.0000e+00, 0.0000e+00, 9.8651e-43]])
2023-12-02 05:16:31,587 | INFO | hi-lo.kernel-accessor : Fetching kernel: gumbel
2023-12-02 05:16:31,588 | INFO | hi-lo.gumbel-kernel : MU (LOCATION): -0.6747331619262695 | BETA (SCALE): 0.8732362389564514
2023-12-02 05:16:31,588 | INFO | hi-lo.gumbel-kernel : BOTTOM-RIGHT
tensor([[0.0000e+00, 0.0000e+00, 8.3770e-20],
        [0.0000e+00, 8.3770e-20, 1.3743e-05],
        [8.3770e-20, 1.3743e-05, 9.9997e-01]])
2023-12-02 05:16:31,588 | INFO | hi-lo.kernel-accessor : Fetching kernel: gumbel
2023-12-02 05:16:31,589 | INFO | hi-lo.gumbel-kernel : MU (LOCATION): 1 | BETA (SCALE): 1
2023-12-02 05:16:31,589 | INFO | hi-lo.gumbel-kernel : STATIC
tensor([[5.6765e-01, 1.6550e-01, 3.2357e-02],
        [1.6550e-01, 3.2357e-02, 2.1352e-03],
        [3.2357e-02, 2.1352e-03, 7.3562e-06]])
2023-12-02 05:16:31,589 | INFO | hi-lo.kernel-accessor : Fetching kernel: gumbel
2023-12-02 05:16:31,590 | INFO | hi-lo.gumbel-kernel : MU (LOCATION): 1 | BETA (SCALE): 1
2023-12-02 05:16:31,590 | INFO | hi-lo.gumbel-kernel : STATIC
tensor([[5.6765e-01, 1.6550e-01, 3.2357e-02],
        [1.6550e-01, 3.2357e-02, 2.1352e-03],
        [3.2357e-02, 2.1352e-03, 7.3562e-06]])
2023-12-02 05:16:40,108 | INFO | hi-lo : END EPOCH:  18 | ACCURACY: 58.98 | LOSS: 1.0355651378631592
2023-12-02 05:16:40,108 | INFO | hi-lo : BEGIN EPOCH 19 =========================================================================
2023-12-02 05:16:40,108 | INFO | hi-lo.kernel-accessor : Fetching kernel: gumbel
2023-12-02 05:16:40,109 | INFO | hi-lo.gumbel-kernel : MU (LOCATION): -0.07996881008148193 | BETA (SCALE): 0.5058378577232361
2023-12-02 05:16:40,109 | INFO | hi-lo.gumbel-kernel : BOTTOM-RIGHT
tensor([[0.0000e+00, 0.0000e+00, 6.5551e-33],
        [0.0000e+00, 6.5553e-33, 2.7243e-05],
        [6.5551e-33, 2.7243e-05, 9.9995e-01]])
2023-12-02 05:16:40,110 | INFO | hi-lo.kernel-accessor : Fetching kernel: gumbel
2023-12-02 05:16:40,110 | INFO | hi-lo.gumbel-kernel : MU (LOCATION): 1 | BETA (SCALE): 1
2023-12-02 05:16:40,110 | INFO | hi-lo.gumbel-kernel : STATIC
tensor([[5.6765e-01, 1.6550e-01, 3.2357e-02],
        [1.6550e-01, 3.2357e-02, 2.1352e-03],
        [3.2357e-02, 2.1352e-03, 7.3562e-06]])
2023-12-02 05:16:40,111 | INFO | hi-lo.kernel-accessor : Fetching kernel: gumbel
2023-12-02 05:16:40,111 | INFO | hi-lo.gumbel-kernel : MU (LOCATION): 1 | BETA (SCALE): 1
2023-12-02 05:16:40,112 | INFO | hi-lo.gumbel-kernel : STATIC
tensor([[5.6765e-01, 1.6550e-01, 3.2357e-02],
        [1.6550e-01, 3.2357e-02, 2.1352e-03],
        [3.2357e-02, 2.1352e-03, 7.3562e-06]])
2023-12-02 05:16:40,112 | INFO | hi-lo.kernel-accessor : Fetching kernel: gumbel
2023-12-02 05:16:40,112 | INFO | hi-lo.gumbel-kernel : MU (LOCATION): 1 | BETA (SCALE): 1
2023-12-02 05:16:40,113 | INFO | hi-lo.gumbel-kernel : STATIC
tensor([[5.6765e-01, 1.6550e-01, 3.2357e-02],
        [1.6550e-01, 3.2357e-02, 2.1352e-03],
        [3.2357e-02, 2.1352e-03, 7.3562e-06]])
2023-12-02 05:16:48,581 | INFO | hi-lo : END EPOCH:  19 | ACCURACY: 67.19 | LOSS: 1.1339221000671387
2023-12-02 05:16:48,581 | INFO | hi-lo : BEGIN EPOCH 20 =========================================================================
2023-12-02 05:16:48,581 | INFO | hi-lo.kernel-accessor : Fetching kernel: gumbel
2023-12-02 05:16:48,582 | INFO | hi-lo.gumbel-kernel : MU (LOCATION): 0.06475600600242615 | BETA (SCALE): 0.5324959754943848
2023-12-02 05:16:48,582 | INFO | hi-lo.gumbel-kernel : BOTTOM-RIGHT
tensor([[0.0000e+00, 0.0000e+00, 1.3876e-16],
        [0.0000e+00, 1.3876e-16, 1.9776e-03],
        [1.3876e-16, 1.9776e-03, 9.9604e-01]])
2023-12-02 05:16:48,582 | INFO | hi-lo.kernel-accessor : Fetching kernel: gumbel
2023-12-02 05:16:48,583 | INFO | hi-lo.gumbel-kernel : MU (LOCATION): 1 | BETA (SCALE): 1
2023-12-02 05:16:48,583 | INFO | hi-lo.gumbel-kernel : STATIC
tensor([[5.6765e-01, 1.6550e-01, 3.2357e-02],
        [1.6550e-01, 3.2357e-02, 2.1352e-03],
        [3.2357e-02, 2.1352e-03, 7.3562e-06]])
2023-12-02 05:16:48,583 | INFO | hi-lo.kernel-accessor : Fetching kernel: gumbel
2023-12-02 05:16:48,583 | INFO | hi-lo.gumbel-kernel : MU (LOCATION): 1 | BETA (SCALE): 1
2023-12-02 05:16:48,583 | INFO | hi-lo.gumbel-kernel : STATIC
tensor([[5.6765e-01, 1.6550e-01, 3.2357e-02],
        [1.6550e-01, 3.2357e-02, 2.1352e-03],
        [3.2357e-02, 2.1352e-03, 7.3562e-06]])
2023-12-02 05:16:48,584 | INFO | hi-lo.kernel-accessor : Fetching kernel: gumbel
2023-12-02 05:16:48,584 | INFO | hi-lo.gumbel-kernel : MU (LOCATION): -2.0921711921691895 | BETA (SCALE): 2.3767740726470947
2023-12-02 05:16:48,584 | INFO | hi-lo.gumbel-kernel : BOTTOM-RIGHT
tensor([[1.5021e-12, 1.0647e-07, 1.8820e-04],
        [1.0647e-07, 1.8820e-04, 2.9479e-02],
        [1.8820e-04, 2.9479e-02, 9.4048e-01]])
2023-12-02 05:16:57,089 | INFO | hi-lo : END EPOCH:  20 | ACCURACY: 67.19 | LOSS: 1.0047073364257812
2023-12-02 05:16:57,089 | INFO | hi-lo : BEGIN EPOCH 21 =========================================================================
2023-12-02 05:16:57,089 | INFO | hi-lo.kernel-accessor : Fetching kernel: gumbel
2023-12-02 05:16:57,090 | INFO | hi-lo.gumbel-kernel : MU (LOCATION): 1 | BETA (SCALE): 1
2023-12-02 05:16:57,090 | INFO | hi-lo.gumbel-kernel : STATIC
tensor([[5.6765e-01, 1.6550e-01, 3.2357e-02],
        [1.6550e-01, 3.2357e-02, 2.1352e-03],
        [3.2357e-02, 2.1352e-03, 7.3562e-06]])
2023-12-02 05:16:57,091 | INFO | hi-lo.kernel-accessor : Fetching kernel: gumbel
2023-12-02 05:16:57,091 | INFO | hi-lo.gumbel-kernel : MU (LOCATION): -0.6862452030181885 | BETA (SCALE): 0.9736104011535645
2023-12-02 05:16:57,091 | INFO | hi-lo.gumbel-kernel : TOP-RIGHT
tensor([[1.0328e-13, 2.3190e-04, 9.9954e-01],
        [4.9656e-39, 1.0328e-13, 2.3190e-04],
        [0.0000e+00, 4.9656e-39, 1.0328e-13]])
2023-12-02 05:16:57,092 | INFO | hi-lo.kernel-accessor : Fetching kernel: gumbel
2023-12-02 05:16:57,092 | INFO | hi-lo.gumbel-kernel : MU (LOCATION): -2.0050036907196045 | BETA (SCALE): 2.871983528137207
2023-12-02 05:16:57,093 | INFO | hi-lo.gumbel-kernel : TOP-RIGHT
tensor([[6.6306e-03, 1.0184e-01, 7.7611e-01],
        [1.5997e-04, 6.6306e-03, 1.0184e-01],
        [9.4581e-07, 1.5997e-04, 6.6306e-03]])
2023-12-02 05:16:57,093 | INFO | hi-lo.kernel-accessor : Fetching kernel: gumbel
2023-12-02 05:16:57,093 | INFO | hi-lo.gumbel-kernel : MU (LOCATION): 1 | BETA (SCALE): 1
