2024-03-01 09:10:37,328 | INFO | hilo : 
+==============================================================+
|                                                              |
| ██████╗  █████╗ ██████╗ ██╗         ██╗      █████╗ ██████╗  |
| ██╔══██╗██╔══██╗██╔══██╗██║         ██║     ██╔══██╗██╔══██╗ |
| ██║  ██║███████║██║  ██║██║         ██║     ███████║██████╔╝ |
| ██║  ██║██╔══██║██║  ██║██║         ██║     ██╔══██║██╔══██╗ |
| ██████╔╝██║  ██║██████╔╝███████╗    ███████╗██║  ██║██████╔╝ |
| ╚═════╝ ╚═╝  ╚═╝╚═════╝ ╚══════╝    ╚══════╝╚═╝  ╚═╝╚═════╝  |
+==============================================================+
|             Hi-Lo Resolution Image Classification            |
|             -------------------------------------            |
|                       Gabriel C. Trahan                      |
|                          Sahan Ahmad                         |
|                       MD  Aminual Islam                      |
+==============================================================+
2024-03-01 09:10:38,923 | INFO | hilo.dataset-accessor : Fetching dataset: cifar10
2024-03-01 09:10:38,923 | INFO | hilo.cifar10-dataset : Initializing transform
2024-03-01 09:10:38,923 | INFO | hilo.cifar10-dataset : Verifying/downloading train data
2024-03-01 09:10:39,526 | INFO | hilo.cifar10-dataset : Verifying/downloading test data
2024-03-01 09:10:40,006 | INFO | hilo.cifar10-dataset : Creating train data loader.
2024-03-01 09:10:40,007 | INFO | hilo.cifar10-dataset : Creating test data loader.
2024-03-01 09:10:40,117 | INFO | hilo : Output directory: output/resnet/cifar10/gaussian/1/20240301_091038/
2024-03-01 09:10:41,103 | INFO | hilo : Using device: NVIDIA GeForce GTX 1060 6GB
2024-03-01 09:10:41,103 | INFO | hilo : Exeucting job: MODEL resnet | DATASET cifar10 | KERNEL gaussian | TYPE 1
2024-03-01 09:10:41,103 | INFO | hilo : Commencing training phase...
2024-03-01 09:10:41,103 | INFO | hilo.kernel-accessor : Fetching kernel: gaussian
2024-03-01 09:10:41,104 | INFO | hilo.gaussian-kernel : Calculating Gaussian distribution (location: 0, scale 1.0)
2024-03-01 09:10:41,109 | INFO | hilo.gaussian-kernel : TOP-LEFT:
tensor([[0.3296, 0.1999, 0.0446],
        [0.1999, 0.1212, 0.0271],
        [0.0446, 0.0271, 0.0060]])
2024-03-01 09:10:41,110 | INFO | hilo.kernel-accessor : Fetching kernel: gaussian
2024-03-01 09:10:41,110 | INFO | hilo.gaussian-kernel : Calculating Gaussian distribution (location: 0, scale 1.0)
2024-03-01 09:10:41,110 | INFO | hilo.gaussian-kernel : TOP-LEFT:
tensor([[0.3296, 0.1999, 0.0446],
        [0.1999, 0.1212, 0.0271],
        [0.0446, 0.0271, 0.0060]])
2024-03-01 09:10:41,110 | INFO | hilo.kernel-accessor : Fetching kernel: gaussian
2024-03-01 09:10:41,110 | INFO | hilo.gaussian-kernel : Calculating Gaussian distribution (location: 0, scale 1.0)
2024-03-01 09:10:41,111 | INFO | hilo.gaussian-kernel : BOTTOM-RIGHT:
tensor([[0.0060, 0.0271, 0.0446],
        [0.0271, 0.1212, 0.1999],
        [0.0446, 0.1999, 0.3296]])
2024-03-01 09:10:41,111 | INFO | hilo.kernel-accessor : Fetching kernel: gaussian
2024-03-01 09:10:41,111 | INFO | hilo.gaussian-kernel : Calculating Gaussian distribution (location: 0, scale 1.0)
2024-03-01 09:10:41,111 | INFO | hilo.gaussian-kernel : TOP-LEFT:
tensor([[0.3296, 0.1999, 0.0446],
        [0.1999, 0.1212, 0.0271],
        [0.0446, 0.0271, 0.0060]])
2024-03-01 09:10:41,111 | INFO | hilo.kernel-accessor : Fetching kernel: gaussian
2024-03-01 09:10:41,111 | INFO | hilo.gaussian-kernel : Calculating Gaussian distribution (location: 0, scale 1.0)
2024-03-01 09:10:41,112 | INFO | hilo.gaussian-kernel : BOTTOM-RIGHT:
tensor([[0.0060, 0.0271, 0.0446],
        [0.0271, 0.1212, 0.1999],
        [0.0446, 0.1999, 0.3296]])
2024-03-01 09:10:41,112 | INFO | hilo.kernel-accessor : Fetching kernel: gaussian
2024-03-01 09:10:41,112 | INFO | hilo.gaussian-kernel : Calculating Gaussian distribution (location: 0, scale 1.0)
2024-03-01 09:10:41,112 | INFO | hilo.gaussian-kernel : BOTTOM-RIGHT:
tensor([[0.0060, 0.0271, 0.0446],
        [0.0271, 0.1212, 0.1999],
        [0.0446, 0.1999, 0.3296]])
2024-03-01 09:10:41,112 | INFO | hilo.kernel-accessor : Fetching kernel: gaussian
2024-03-01 09:10:41,112 | INFO | hilo.gaussian-kernel : Calculating Gaussian distribution (location: 0, scale 1.0)
2024-03-01 09:10:41,113 | INFO | hilo.gaussian-kernel : TOP-LEFT:
tensor([[0.3296, 0.1999, 0.0446],
        [0.1999, 0.1212, 0.0271],
        [0.0446, 0.0271, 0.0060]])
2024-03-01 09:10:41,113 | INFO | hilo.kernel-accessor : Fetching kernel: gaussian
2024-03-01 09:10:41,113 | INFO | hilo.gaussian-kernel : Calculating Gaussian distribution (location: 0, scale 1.0)
2024-03-01 09:10:41,113 | INFO | hilo.gaussian-kernel : TOP-LEFT:
tensor([[0.3296, 0.1999, 0.0446],
        [0.1999, 0.1212, 0.0271],
        [0.0446, 0.0271, 0.0060]])
2024-03-01 09:10:41,113 | INFO | hilo.kernel-accessor : Fetching kernel: gaussian
2024-03-01 09:10:41,113 | INFO | hilo.gaussian-kernel : Calculating Gaussian distribution (location: 0, scale 1.0)
2024-03-01 09:10:41,113 | INFO | hilo.gaussian-kernel : BOTTOM-RIGHT:
tensor([[0.0060, 0.0271, 0.0446],
        [0.0271, 0.1212, 0.1999],
        [0.0446, 0.1999, 0.3296]])
2024-03-01 09:10:41,114 | INFO | hilo.kernel-accessor : Fetching kernel: gaussian
2024-03-01 09:10:41,114 | INFO | hilo.gaussian-kernel : Calculating Gaussian distribution (location: 0, scale 1.0)
2024-03-01 09:10:41,114 | INFO | hilo.gaussian-kernel : BOTTOM-RIGHT:
tensor([[0.0060, 0.0271, 0.0446],
        [0.0271, 0.1212, 0.1999],
        [0.0446, 0.1999, 0.3296]])
2024-03-01 09:10:41,114 | INFO | hilo.kernel-accessor : Fetching kernel: gaussian
2024-03-01 09:10:41,114 | INFO | hilo.gaussian-kernel : Calculating Gaussian distribution (location: 0, scale 1.0)
2024-03-01 09:10:41,114 | INFO | hilo.gaussian-kernel : TOP-LEFT:
tensor([[0.3296, 0.1999, 0.0446],
        [0.1999, 0.1212, 0.0271],
        [0.0446, 0.0271, 0.0060]])
2024-03-01 09:10:41,115 | INFO | hilo.kernel-accessor : Fetching kernel: gaussian
2024-03-01 09:10:41,115 | INFO | hilo.gaussian-kernel : Calculating Gaussian distribution (location: 0, scale 1.0)
2024-03-01 09:10:41,115 | INFO | hilo.gaussian-kernel : TOP-LEFT:
tensor([[0.3296, 0.1999, 0.0446],
        [0.1999, 0.1212, 0.0271],
        [0.0446, 0.0271, 0.0060]])
2024-03-01 09:10:41,115 | INFO | hilo.kernel-accessor : Fetching kernel: gaussian
2024-03-01 09:10:41,115 | INFO | hilo.gaussian-kernel : Calculating Gaussian distribution (location: 0, scale 1.0)
2024-03-01 09:10:41,116 | INFO | hilo.gaussian-kernel : BOTTOM-RIGHT:
tensor([[0.0060, 0.0271, 0.0446],
        [0.0271, 0.1212, 0.1999],
        [0.0446, 0.1999, 0.3296]])
2024-03-01 09:10:41,116 | INFO | hilo.kernel-accessor : Fetching kernel: gaussian
2024-03-01 09:10:41,116 | INFO | hilo.gaussian-kernel : Calculating Gaussian distribution (location: 0, scale 1.0)
2024-03-01 09:10:41,116 | INFO | hilo.gaussian-kernel : BOTTOM-RIGHT:
tensor([[0.0060, 0.0271, 0.0446],
        [0.0271, 0.1212, 0.1999],
        [0.0446, 0.1999, 0.3296]])
2024-03-01 09:10:41,116 | INFO | hilo.kernel-accessor : Fetching kernel: gaussian
2024-03-01 09:10:41,116 | INFO | hilo.gaussian-kernel : Calculating Gaussian distribution (location: 0, scale 1.0)
2024-03-01 09:10:41,117 | INFO | hilo.gaussian-kernel : BOTTOM-RIGHT:
tensor([[0.0060, 0.0271, 0.0446],
        [0.0271, 0.1212, 0.1999],
        [0.0446, 0.1999, 0.3296]])
2024-03-01 09:10:41,117 | INFO | hilo.kernel-accessor : Fetching kernel: gaussian
2024-03-01 09:10:41,117 | INFO | hilo.gaussian-kernel : Calculating Gaussian distribution (location: 0, scale 1.0)
2024-03-01 09:10:41,117 | INFO | hilo.gaussian-kernel : TOP-LEFT:
tensor([[0.3296, 0.1999, 0.0446],
        [0.1999, 0.1212, 0.0271],
        [0.0446, 0.0271, 0.0060]])
2024-03-01 09:10:41,117 | INFO | hilo.kernel-accessor : Fetching kernel: gaussian
2024-03-01 09:10:41,117 | INFO | hilo.gaussian-kernel : Calculating Gaussian distribution (location: 0, scale 1.0)
2024-03-01 09:10:41,118 | INFO | hilo.gaussian-kernel : BOTTOM-RIGHT:
tensor([[0.0060, 0.0271, 0.0446],
        [0.0271, 0.1212, 0.1999],
        [0.0446, 0.1999, 0.3296]])
2024-03-01 09:12:02,515 | INFO | hilo : Epoch   1/200 | Accuracy:  37.1062 | Loss:   1.5026
2024-03-01 09:12:02,515 | INFO | hilo.kernel-accessor : Fetching kernel: gaussian
2024-03-01 09:12:02,515 | INFO | hilo.gaussian-kernel : Calculating Gaussian distribution (location: -0.0025571868754923344, scale 0.632487952709198)
2024-03-01 09:12:02,516 | INFO | hilo.gaussian-kernel : BOTTOM-RIGHT:
tensor([[2.6564e-05, 1.1363e-03, 3.9911e-03],
        [1.1363e-03, 4.8609e-02, 1.7073e-01],
        [3.9911e-03, 1.7073e-01, 5.9965e-01]])
2024-03-01 09:12:02,516 | INFO | hilo.kernel-accessor : Fetching kernel: gaussian
2024-03-01 09:12:02,516 | INFO | hilo.gaussian-kernel : Calculating Gaussian distribution (location: -0.2250865399837494, scale 1.7978196144104004)
2024-03-01 09:12:02,516 | INFO | hilo.gaussian-kernel : TOP-LEFT:
tensor([[0.1945, 0.1554, 0.0911],
        [0.1554, 0.1242, 0.0728],
        [0.0911, 0.0728, 0.0427]])
2024-03-01 09:12:02,516 | INFO | hilo.kernel-accessor : Fetching kernel: gaussian
2024-03-01 09:12:02,517 | INFO | hilo.gaussian-kernel : Calculating Gaussian distribution (location: -0.31719106435775757, scale 1.610147476196289)
2024-03-01 09:12:02,517 | INFO | hilo.gaussian-kernel : TOP-LEFT:
tensor([[0.2286, 0.1668, 0.0827],
        [0.1668, 0.1217, 0.0604],
        [0.0827, 0.0604, 0.0300]])
2024-03-01 09:12:02,517 | INFO | hilo.kernel-accessor : Fetching kernel: gaussian
2024-03-01 09:12:02,517 | INFO | hilo.gaussian-kernel : Calculating Gaussian distribution (location: -0.14786069095134735, scale 1.5505492687225342)
2024-03-01 09:12:02,517 | INFO | hilo.gaussian-kernel : BOTTOM-RIGHT:
tensor([[0.0321, 0.0637, 0.0834],
        [0.0637, 0.1264, 0.1654],
        [0.0834, 0.1654, 0.2166]])
2024-03-01 09:12:02,517 | INFO | hilo.kernel-accessor : Fetching kernel: gaussian
2024-03-01 09:12:02,518 | INFO | hilo.gaussian-kernel : Calculating Gaussian distribution (location: -0.26142817735671997, scale 1.5939171314239502)
2024-03-01 09:12:02,518 | INFO | hilo.gaussian-kernel : BOTTOM-RIGHT:
tensor([[0.0308, 0.0616, 0.0831],
        [0.0616, 0.1232, 0.1662],
        [0.0831, 0.1662, 0.2243]])
2024-03-01 09:12:02,518 | INFO | hilo.kernel-accessor : Fetching kernel: gaussian
2024-03-01 09:12:02,518 | INFO | hilo.gaussian-kernel : Calculating Gaussian distribution (location: -0.08018730580806732, scale 1.1507316827774048)
2024-03-01 09:12:02,518 | INFO | hilo.gaussian-kernel : TOP-LEFT:
tensor([[0.2951, 0.1904, 0.0577],
        [0.1904, 0.1229, 0.0373],
        [0.0577, 0.0373, 0.0113]])
2024-03-01 09:12:02,519 | INFO | hilo.kernel-accessor : Fetching kernel: gaussian
2024-03-01 09:12:02,519 | INFO | hilo.gaussian-kernel : Calculating Gaussian distribution (location: -0.2201319932937622, scale 1.5594531297683716)
2024-03-01 09:12:02,519 | INFO | hilo.gaussian-kernel : TOP-LEFT:
tensor([[0.2245, 0.1670, 0.0823],
        [0.1670, 0.1242, 0.0612],
        [0.0823, 0.0612, 0.0302]])
2024-03-01 09:12:02,519 | INFO | hilo.kernel-accessor : Fetching kernel: gaussian
2024-03-01 09:12:02,519 | INFO | hilo.gaussian-kernel : Calculating Gaussian distribution (location: -0.3166395127773285, scale 1.4703457355499268)
2024-03-01 09:12:02,519 | INFO | hilo.gaussian-kernel : TOP-LEFT:
tensor([[0.2548, 0.1746, 0.0754],
        [0.1746, 0.1197, 0.0517],
        [0.0754, 0.0517, 0.0223]])
2024-03-01 09:12:02,520 | INFO | hilo.kernel-accessor : Fetching kernel: gaussian
2024-03-01 09:12:02,520 | INFO | hilo.gaussian-kernel : Calculating Gaussian distribution (location: -0.15638720989227295, scale 1.3452187776565552)
2024-03-01 09:12:02,520 | INFO | hilo.gaussian-kernel : BOTTOM-RIGHT:
tensor([[0.0199, 0.0497, 0.0715],
        [0.0497, 0.1242, 0.1785],
        [0.0715, 0.1785, 0.2565]])
2024-03-01 09:12:02,520 | INFO | hilo.kernel-accessor : Fetching kernel: gaussian
2024-03-01 09:12:02,520 | INFO | hilo.gaussian-kernel : Calculating Gaussian distribution (location: -0.07810521870851517, scale 1.047559380531311)
2024-03-01 09:12:02,521 | INFO | hilo.gaussian-kernel : BOTTOM-RIGHT:
tensor([[0.0066, 0.0276, 0.0468],
        [0.0276, 0.1164, 0.1971],
        [0.0468, 0.1971, 0.3339]])
2024-03-01 09:12:02,521 | INFO | hilo.kernel-accessor : Fetching kernel: gaussian
2024-03-01 09:12:02,521 | INFO | hilo.gaussian-kernel : Calculating Gaussian distribution (location: -0.23698337376117706, scale 1.268612027168274)
2024-03-01 09:12:02,521 | INFO | hilo.gaussian-kernel : TOP-LEFT:
tensor([[0.2930, 0.1853, 0.0630],
        [0.1853, 0.1172, 0.0398],
        [0.0630, 0.0398, 0.0135]])
2024-03-01 09:12:02,521 | INFO | hilo.kernel-accessor : Fetching kernel: gaussian
2024-03-01 09:12:02,521 | INFO | hilo.gaussian-kernel : Calculating Gaussian distribution (location: -0.0828128308057785, scale 1.2040064334869385)
2024-03-01 09:12:02,522 | INFO | hilo.gaussian-kernel : BOTTOM-RIGHT:
tensor([[0.0141, 0.0419, 0.0626],
        [0.0419, 0.1248, 0.1866],
        [0.0626, 0.1866, 0.2789]])
2024-03-01 09:12:02,522 | INFO | hilo.kernel-accessor : Fetching kernel: gaussian
2024-03-01 09:12:02,522 | INFO | hilo.gaussian-kernel : Calculating Gaussian distribution (location: -0.016802461817860603, scale 1.3853635787963867)
2024-03-01 09:12:02,522 | INFO | hilo.gaussian-kernel : BOTTOM-RIGHT:
tensor([[0.0270, 0.0594, 0.0778],
        [0.0594, 0.1310, 0.1715],
        [0.0778, 0.1715, 0.2245]])
2024-03-01 09:12:02,522 | INFO | hilo.kernel-accessor : Fetching kernel: gaussian
2024-03-01 09:12:02,522 | INFO | hilo.gaussian-kernel : Calculating Gaussian distribution (location: 0.0651879757642746, scale 1.1741816997528076)
2024-03-01 09:12:02,523 | INFO | hilo.gaussian-kernel : TOP-LEFT:
tensor([[0.2532, 0.1847, 0.0653],
        [0.1847, 0.1348, 0.0476],
        [0.0653, 0.0476, 0.0168]])
2024-03-01 09:12:02,523 | INFO | hilo.kernel-accessor : Fetching kernel: gaussian
2024-03-01 09:12:02,523 | INFO | hilo.gaussian-kernel : Calculating Gaussian distribution (location: 0.18399733304977417, scale 1.6768159866333008)
2024-03-01 09:12:02,523 | INFO | hilo.gaussian-kernel : TOP-LEFT:
tensor([[0.1661, 0.1485, 0.0930],
        [0.1485, 0.1327, 0.0831],
        [0.0930, 0.0831, 0.0520]])
2024-03-01 09:12:02,523 | INFO | hilo.kernel-accessor : Fetching kernel: gaussian
2024-03-01 09:12:02,523 | INFO | hilo.gaussian-kernel : Calculating Gaussian distribution (location: 0.024534184485673904, scale 2.3867347240448)
2024-03-01 09:12:02,524 | INFO | hilo.gaussian-kernel : TOP-LEFT:
tensor([[0.1446, 0.1330, 0.1027],
        [0.1330, 0.1224, 0.0944],
        [0.1027, 0.0944, 0.0729]])
2024-03-01 09:12:02,524 | INFO | hilo.kernel-accessor : Fetching kernel: gaussian
2024-03-01 09:12:02,524 | INFO | hilo.gaussian-kernel : Calculating Gaussian distribution (location: -1.6510932445526123, scale 4.693733215332031)
2024-03-01 09:12:02,524 | INFO | hilo.gaussian-kernel : TOP-LEFT:
tensor([[0.1379, 0.1251, 0.1084],
        [0.1251, 0.1134, 0.0983],
        [0.1084, 0.0983, 0.0852]])
2024-03-01 09:13:23,098 | INFO | hilo : Epoch   2/200 | Accuracy:  39.8438 | Loss:   1.3726
2024-03-01 09:13:23,098 | INFO | hilo.kernel-accessor : Fetching kernel: gaussian
2024-03-01 09:13:23,099 | INFO | hilo.gaussian-kernel : Calculating Gaussian distribution (location: 0.021133577451109886, scale 0.6930029392242432)
2024-03-01 09:13:23,099 | INFO | hilo.gaussian-kernel : BOTTOM-RIGHT:
tensor([[1.4989e-04, 3.2592e-03, 8.8338e-03],
        [3.2592e-03, 7.0868e-02, 1.9208e-01],
        [8.8338e-03, 1.9208e-01, 5.2063e-01]])
2024-03-01 09:13:23,099 | INFO | hilo.kernel-accessor : Fetching kernel: gaussian
2024-03-01 09:13:23,099 | INFO | hilo.gaussian-kernel : Calculating Gaussian distribution (location: -0.4935227632522583, scale 1.912622094154358)
2024-03-01 09:13:23,100 | INFO | hilo.gaussian-kernel : BOTTOM-RIGHT:
tensor([[0.0402, 0.0693, 0.0910],
        [0.0693, 0.1196, 0.1569],
        [0.0910, 0.1569, 0.2058]])
2024-03-01 09:13:23,100 | INFO | hilo.kernel-accessor : Fetching kernel: gaussian
2024-03-01 09:13:23,100 | INFO | hilo.gaussian-kernel : Calculating Gaussian distribution (location: -0.35201510787010193, scale 1.3809998035430908)
2024-03-01 09:13:23,100 | INFO | hilo.gaussian-kernel : BOTTOM-RIGHT:
tensor([[0.0166, 0.0438, 0.0684],
        [0.0438, 0.1155, 0.1806],
        [0.0684, 0.1806, 0.2823]])
2024-03-01 09:13:23,100 | INFO | hilo.kernel-accessor : Fetching kernel: gaussian
2024-03-01 09:13:23,100 | INFO | hilo.gaussian-kernel : Calculating Gaussian distribution (location: -0.2501026690006256, scale 1.2950263023376465)
2024-03-01 09:13:23,101 | INFO | hilo.gaussian-kernel : BOTTOM-RIGHT:
tensor([[0.0146, 0.0414, 0.0648],
        [0.0414, 0.1176, 0.1839],
        [0.0648, 0.1839, 0.2876]])
2024-03-01 09:13:23,101 | INFO | hilo.kernel-accessor : Fetching kernel: gaussian
2024-03-01 09:13:23,101 | INFO | hilo.gaussian-kernel : Calculating Gaussian distribution (location: -0.2977675497531891, scale 1.2751837968826294)
2024-03-01 09:13:23,101 | INFO | hilo.gaussian-kernel : TOP-LEFT:
tensor([[0.3036, 0.1859, 0.0615],
        [0.1859, 0.1138, 0.0377],
        [0.0615, 0.0377, 0.0125]])
2024-03-01 09:13:23,101 | INFO | hilo.kernel-accessor : Fetching kernel: gaussian
2024-03-01 09:13:23,101 | INFO | hilo.gaussian-kernel : Calculating Gaussian distribution (location: -0.14862234890460968, scale 0.8917775750160217)
2024-03-01 09:13:23,102 | INFO | hilo.gaussian-kernel : TOP-LEFT:
tensor([[0.4456, 0.1971, 0.0248],
        [0.1971, 0.0872, 0.0110],
        [0.0248, 0.0110, 0.0014]])
2024-03-01 09:13:23,102 | INFO | hilo.kernel-accessor : Fetching kernel: gaussian
2024-03-01 09:13:23,102 | INFO | hilo.gaussian-kernel : Calculating Gaussian distribution (location: -0.31159546971321106, scale 1.094781517982483)
2024-03-01 09:13:23,102 | INFO | hilo.gaussian-kernel : BOTTOM-RIGHT:
tensor([[0.0048, 0.0217, 0.0427],
        [0.0217, 0.0983, 0.1936],
        [0.0427, 0.1936, 0.3810]])
2024-03-01 09:13:23,102 | INFO | hilo.kernel-accessor : Fetching kernel: gaussian
2024-03-01 09:13:23,102 | INFO | hilo.gaussian-kernel : Calculating Gaussian distribution (location: -0.2035863846540451, scale 0.9611006379127502)
2024-03-01 09:13:23,103 | INFO | hilo.gaussian-kernel : TOP-LEFT:
tensor([[0.4213, 0.1967, 0.0311],
        [0.1967, 0.0918, 0.0145],
        [0.0311, 0.0145, 0.0023]])
2024-03-01 09:13:23,103 | INFO | hilo.kernel-accessor : Fetching kernel: gaussian
2024-03-01 09:13:23,103 | INFO | hilo.gaussian-kernel : Calculating Gaussian distribution (location: -0.12566056847572327, scale 0.9855531454086304)
2024-03-01 09:13:23,103 | INFO | hilo.gaussian-kernel : TOP-LEFT:
tensor([[0.3793, 0.1992, 0.0374],
        [0.1992, 0.1046, 0.0196],
        [0.0374, 0.0196, 0.0037]])
2024-03-01 09:13:23,103 | INFO | hilo.kernel-accessor : Fetching kernel: gaussian
2024-03-01 09:13:23,103 | INFO | hilo.gaussian-kernel : Calculating Gaussian distribution (location: -0.07971891760826111, scale 0.8272068500518799)
2024-03-01 09:13:23,104 | INFO | hilo.gaussian-kernel : BOTTOM-RIGHT:
tensor([[0.0008, 0.0084, 0.0197],
        [0.0084, 0.0849, 0.1980],
        [0.0197, 0.1980, 0.4620]])
2024-03-01 09:13:23,104 | INFO | hilo.kernel-accessor : Fetching kernel: gaussian
2024-03-01 09:13:23,104 | INFO | hilo.gaussian-kernel : Calculating Gaussian distribution (location: -0.29225432872772217, scale 1.0924086570739746)
2024-03-01 09:13:23,104 | INFO | hilo.gaussian-kernel : BOTTOM-RIGHT:
tensor([[0.0050, 0.0222, 0.0432],
        [0.0222, 0.0998, 0.1939],
        [0.0432, 0.1939, 0.3766]])
2024-03-01 09:13:23,104 | INFO | hilo.kernel-accessor : Fetching kernel: gaussian
2024-03-01 09:13:23,105 | INFO | hilo.gaussian-kernel : Calculating Gaussian distribution (location: -0.16763822734355927, scale 0.900766134262085)
2024-03-01 09:13:23,105 | INFO | hilo.gaussian-kernel : TOP-LEFT:
tensor([[0.4472, 0.1964, 0.0251],
        [0.1964, 0.0863, 0.0110],
        [0.0251, 0.0110, 0.0014]])
2024-03-01 09:13:23,105 | INFO | hilo.kernel-accessor : Fetching kernel: gaussian
2024-03-01 09:13:23,105 | INFO | hilo.gaussian-kernel : Calculating Gaussian distribution (location: -0.03550427779555321, scale 0.8730754852294922)
2024-03-01 09:13:23,105 | INFO | hilo.gaussian-kernel : BOTTOM-RIGHT:
tensor([[0.0018, 0.0134, 0.0271],
        [0.0134, 0.1006, 0.2032],
        [0.0271, 0.2032, 0.4102]])
2024-03-01 09:13:23,105 | INFO | hilo.kernel-accessor : Fetching kernel: gaussian
2024-03-01 09:13:23,106 | INFO | hilo.gaussian-kernel : Calculating Gaussian distribution (location: -0.0018975578714162111, scale 0.6702553033828735)
2024-03-01 09:13:23,106 | INFO | hilo.gaussian-kernel : TOP-LEFT:
tensor([[5.5796e-01, 1.8256e-01, 6.4488e-03],
        [1.8256e-01, 5.9732e-02, 2.1100e-03],
        [6.4488e-03, 2.1100e-03, 7.4534e-05]])
2024-03-01 09:13:23,106 | INFO | hilo.kernel-accessor : Fetching kernel: gaussian
2024-03-01 09:13:23,106 | INFO | hilo.gaussian-kernel : Calculating Gaussian distribution (location: -0.02204894833266735, scale 0.7883850932121277)
2024-03-01 09:13:23,106 | INFO | hilo.gaussian-kernel : TOP-LEFT:
tensor([[0.4634, 0.2001, 0.0173],
        [0.2001, 0.0864, 0.0075],
        [0.0173, 0.0075, 0.0006]])
2024-03-01 09:13:23,106 | INFO | hilo.kernel-accessor : Fetching kernel: gaussian
2024-03-01 09:13:23,107 | INFO | hilo.gaussian-kernel : Calculating Gaussian distribution (location: -0.07343877851963043, scale 0.8285569548606873)
2024-03-01 09:13:23,107 | INFO | hilo.gaussian-kernel : BOTTOM-RIGHT:
tensor([[0.0009, 0.0087, 0.0201],
        [0.0087, 0.0862, 0.1987],
        [0.0201, 0.1987, 0.4580]])
2024-03-01 09:13:23,107 | INFO | hilo.kernel-accessor : Fetching kernel: gaussian
2024-03-01 09:13:23,107 | INFO | hilo.gaussian-kernel : Calculating Gaussian distribution (location: -0.1133914589881897, scale 0.7954187393188477)
2024-03-01 09:13:23,107 | INFO | hilo.gaussian-kernel : BOTTOM-RIGHT:
tensor([[4.4179e-04, 5.6583e-03, 1.4919e-02],
        [5.6583e-03, 7.2469e-02, 1.9107e-01],
        [1.4919e-02, 1.9107e-01, 5.0379e-01]])
2024-03-01 09:14:43,699 | INFO | hilo : Epoch   3/200 | Accuracy:  48.0208 | Loss:   1.4691
2024-03-01 09:14:43,699 | INFO | hilo.kernel-accessor : Fetching kernel: gaussian
2024-03-01 09:14:43,699 | INFO | hilo.gaussian-kernel : Calculating Gaussian distribution (location: -0.007646576967090368, scale 0.6993726491928101)
2024-03-01 09:14:43,700 | INFO | hilo.gaussian-kernel : TOP-LEFT:
tensor([[5.3244e-01, 1.8860e-01, 8.6474e-03],
        [1.8860e-01, 6.6802e-02, 3.0630e-03],
        [8.6474e-03, 3.0630e-03, 1.4044e-04]])
2024-03-01 09:14:43,700 | INFO | hilo.kernel-accessor : Fetching kernel: gaussian
2024-03-01 09:14:43,700 | INFO | hilo.gaussian-kernel : Calculating Gaussian distribution (location: -0.7597250938415527, scale 2.0149292945861816)
2024-03-01 09:14:43,701 | INFO | hilo.gaussian-kernel : BOTTOM-RIGHT:
tensor([[0.0381, 0.0664, 0.0906],
        [0.0664, 0.1159, 0.1581],
        [0.0906, 0.1581, 0.2156]])
2024-03-01 09:14:43,701 | INFO | hilo.kernel-accessor : Fetching kernel: gaussian
2024-03-01 09:14:43,701 | INFO | hilo.gaussian-kernel : Calculating Gaussian distribution (location: -0.3166435658931732, scale 1.1352336406707764)
2024-03-01 09:14:43,702 | INFO | hilo.gaussian-kernel : BOTTOM-RIGHT:
tensor([[0.0061, 0.0250, 0.0470],
        [0.0250, 0.1022, 0.1925],
        [0.0470, 0.1925, 0.3628]])
2024-03-01 09:14:43,702 | INFO | hilo.kernel-accessor : Fetching kernel: gaussian
2024-03-01 09:14:43,702 | INFO | hilo.gaussian-kernel : Calculating Gaussian distribution (location: -0.2993805408477783, scale 0.9733259677886963)
2024-03-01 09:14:43,702 | INFO | hilo.gaussian-kernel : BOTTOM-RIGHT:
tensor([[0.0019, 0.0124, 0.0288],
        [0.0124, 0.0828, 0.1926],
        [0.0288, 0.1926, 0.4478]])
2024-03-01 09:14:43,703 | INFO | hilo.kernel-accessor : Fetching kernel: gaussian
2024-03-01 09:14:43,703 | INFO | hilo.gaussian-kernel : Calculating Gaussian distribution (location: -0.1863372027873993, scale 0.8145830631256104)
2024-03-01 09:14:43,703 | INFO | hilo.gaussian-kernel : TOP-LEFT:
tensor([[5.2248e-01, 1.8572e-01, 1.4627e-02],
        [1.8572e-01, 6.6016e-02, 5.1991e-03],
        [1.4627e-02, 5.1991e-03, 4.0946e-04]])
2024-03-01 09:14:43,703 | INFO | hilo.kernel-accessor : Fetching kernel: gaussian
2024-03-01 09:14:43,704 | INFO | hilo.gaussian-kernel : Calculating Gaussian distribution (location: -0.05127339065074921, scale 0.6336764097213745)
2024-03-01 09:14:43,704 | INFO | hilo.gaussian-kernel : BOTTOM-RIGHT:
tensor([[1.7869e-05, 8.5094e-04, 3.3584e-03],
        [8.5094e-04, 4.0522e-02, 1.5993e-01],
        [3.3584e-03, 1.5993e-01, 6.3119e-01]])
2024-03-01 09:14:43,704 | INFO | hilo.kernel-accessor : Fetching kernel: gaussian
2024-03-01 09:14:43,704 | INFO | hilo.gaussian-kernel : Calculating Gaussian distribution (location: -0.20522484183311462, scale 0.7709254026412964)
2024-03-01 09:14:43,705 | INFO | hilo.gaussian-kernel : BOTTOM-RIGHT:
tensor([[1.7154e-04, 3.0229e-03, 9.9028e-03],
        [3.0229e-03, 5.3271e-02, 1.7451e-01],
        [9.9028e-03, 1.7451e-01, 5.7168e-01]])
2024-03-01 09:14:43,705 | INFO | hilo.kernel-accessor : Fetching kernel: gaussian
2024-03-01 09:14:43,705 | INFO | hilo.gaussian-kernel : Calculating Gaussian distribution (location: -0.184454083442688, scale 0.6904955506324768)
2024-03-01 09:14:43,706 | INFO | hilo.gaussian-kernel : TOP-LEFT:
tensor([[6.4522e-01, 1.5355e-01, 4.4865e-03],
        [1.5355e-01, 3.6542e-02, 1.0677e-03],
        [4.4865e-03, 1.0677e-03, 3.1197e-05]])
2024-03-01 09:14:43,706 | INFO | hilo.kernel-accessor : Fetching kernel: gaussian
2024-03-01 09:14:43,706 | INFO | hilo.gaussian-kernel : Calculating Gaussian distribution (location: -0.10056322813034058, scale 0.7276314496994019)
2024-03-01 09:14:43,706 | INFO | hilo.gaussian-kernel : TOP-LEFT:
tensor([[5.5918e-01, 1.7985e-01, 8.7501e-03],
        [1.7985e-01, 5.7848e-02, 2.8144e-03],
        [8.7501e-03, 2.8144e-03, 1.3692e-04]])
2024-03-01 09:14:43,706 | INFO | hilo.kernel-accessor : Fetching kernel: gaussian
2024-03-01 09:14:43,707 | INFO | hilo.gaussian-kernel : Calculating Gaussian distribution (location: -0.08222603797912598, scale 0.6163135170936584)
2024-03-01 09:14:43,707 | INFO | hilo.gaussian-kernel : TOP-LEFT:
tensor([[6.7266e-01, 1.4525e-01, 2.2545e-03],
        [1.4525e-01, 3.1363e-02, 4.8682e-04],
        [2.2545e-03, 4.8682e-04, 7.5565e-06]])
2024-03-01 09:14:43,707 | INFO | hilo.kernel-accessor : Fetching kernel: gaussian
2024-03-01 09:14:43,707 | INFO | hilo.gaussian-kernel : Calculating Gaussian distribution (location: -0.21005192399024963, scale 0.836778998374939)
2024-03-01 09:14:43,708 | INFO | hilo.gaussian-kernel : BOTTOM-RIGHT:
tensor([[5.1190e-04, 5.8862e-03, 1.6227e-02],
        [5.8862e-03, 6.7684e-02, 1.8659e-01],
        [1.6227e-02, 1.8659e-01, 5.1440e-01]])
2024-03-01 09:14:43,708 | INFO | hilo.kernel-accessor : Fetching kernel: gaussian
2024-03-01 09:14:43,708 | INFO | hilo.gaussian-kernel : Calculating Gaussian distribution (location: -0.095310278236866, scale 0.7456138134002686)
2024-03-01 09:14:43,709 | INFO | hilo.gaussian-kernel : BOTTOM-RIGHT:
tensor([[2.0368e-04, 3.5909e-03, 1.0477e-02],
        [3.5909e-03, 6.3305e-02, 1.8471e-01],
        [1.0477e-02, 1.8471e-01, 5.3894e-01]])
2024-03-01 09:14:43,709 | INFO | hilo.kernel-accessor : Fetching kernel: gaussian
2024-03-01 09:14:43,709 | INFO | hilo.gaussian-kernel : Calculating Gaussian distribution (location: -0.004700751043856144, scale 0.8258318901062012)
2024-03-01 09:14:43,709 | INFO | hilo.gaussian-kernel : TOP-LEFT:
tensor([[0.4274, 0.2039, 0.0225],
        [0.2039, 0.0973, 0.0107],
        [0.0225, 0.0107, 0.0012]])
2024-03-01 09:14:43,710 | INFO | hilo.kernel-accessor : Fetching kernel: gaussian
2024-03-01 09:14:43,710 | INFO | hilo.gaussian-kernel : Calculating Gaussian distribution (location: 0.0071603585965931416, scale 0.6506637334823608)
2024-03-01 09:14:43,710 | INFO | hilo.gaussian-kernel : TOP-LEFT:
tensor([[5.7272e-01, 1.7880e-01, 5.2601e-03],
        [1.7880e-01, 5.5823e-02, 1.6422e-03],
        [5.2601e-03, 1.6422e-03, 4.8310e-05]])
2024-03-01 09:14:43,711 | INFO | hilo.kernel-accessor : Fetching kernel: gaussian
2024-03-01 09:14:43,711 | INFO | hilo.gaussian-kernel : Calculating Gaussian distribution (location: 0.01770167611539364, scale 0.6913473010063171)
2024-03-01 09:14:43,711 | INFO | hilo.gaussian-kernel : TOP-LEFT:
tensor([[5.2437e-01, 1.9116e-01, 8.6006e-03],
        [1.9116e-01, 6.9690e-02, 3.1354e-03],
        [8.6006e-03, 3.1354e-03, 1.4106e-04]])
2024-03-01 09:14:43,711 | INFO | hilo.kernel-accessor : Fetching kernel: gaussian
2024-03-01 09:14:43,712 | INFO | hilo.gaussian-kernel : Calculating Gaussian distribution (location: -0.05489474534988403, scale 0.669335126876831)
2024-03-01 09:14:43,712 | INFO | hilo.gaussian-kernel : BOTTOM-RIGHT:
tensor([[4.8140e-05, 1.5481e-03, 5.3421e-03],
        [1.5481e-03, 4.9785e-02, 1.7179e-01],
        [5.3421e-03, 1.7179e-01, 5.9280e-01]])
2024-03-01 09:14:43,712 | INFO | hilo.kernel-accessor : Fetching kernel: gaussian
2024-03-01 09:14:43,713 | INFO | hilo.gaussian-kernel : Calculating Gaussian distribution (location: -0.06058914214372635, scale 0.8970959186553955)
2024-03-01 09:14:43,713 | INFO | hilo.gaussian-kernel : TOP-LEFT:
tensor([[0.4057, 0.2022, 0.0291],
        [0.2022, 0.1007, 0.0145],
        [0.0291, 0.0145, 0.0021]])
2024-03-01 09:16:04,273 | INFO | hilo : Epoch   4/200 | Accuracy:  55.4688 | Loss:   1.4947
2024-03-01 09:16:04,273 | INFO | hilo.kernel-accessor : Fetching kernel: gaussian
2024-03-01 09:16:04,274 | INFO | hilo.gaussian-kernel : Calculating Gaussian distribution (location: -0.0010007615201175213, scale 0.6526408195495605)
2024-03-01 09:16:04,274 | INFO | hilo.gaussian-kernel : BOTTOM-RIGHT:
tensor([[4.7636e-05, 1.6158e-03, 5.2385e-03],
        [1.6158e-03, 5.4805e-02, 1.7768e-01],
        [5.2385e-03, 1.7768e-01, 5.7607e-01]])
2024-03-01 09:16:04,274 | INFO | hilo.kernel-accessor : Fetching kernel: gaussian
2024-03-01 09:16:04,275 | INFO | hilo.gaussian-kernel : Calculating Gaussian distribution (location: -0.7370901703834534, scale 1.9687010049819946)
2024-03-01 09:16:04,275 | INFO | hilo.gaussian-kernel : TOP-LEFT:
tensor([[0.2194, 0.1595, 0.0895],
        [0.1595, 0.1159, 0.0651],
        [0.0895, 0.0651, 0.0365]])
2024-03-01 09:16:04,275 | INFO | hilo.kernel-accessor : Fetching kernel: gaussian
2024-03-01 09:16:04,275 | INFO | hilo.gaussian-kernel : Calculating Gaussian distribution (location: -0.28629857301712036, scale 1.1041737794876099)
2024-03-01 09:16:04,275 | INFO | hilo.gaussian-kernel : TOP-LEFT:
tensor([[0.3691, 0.1937, 0.0447],
        [0.1937, 0.1016, 0.0235],
        [0.0447, 0.0235, 0.0054]])
2024-03-01 09:16:04,275 | INFO | hilo.kernel-accessor : Fetching kernel: gaussian
2024-03-01 09:16:04,276 | INFO | hilo.gaussian-kernel : Calculating Gaussian distribution (location: -0.2539481818675995, scale 0.9782900810241699)
2024-03-01 09:16:04,276 | INFO | hilo.gaussian-kernel : TOP-LEFT:
tensor([[0.4285, 0.1949, 0.0312],
        [0.1949, 0.0887, 0.0142],
        [0.0312, 0.0142, 0.0023]])
2024-03-01 09:16:04,276 | INFO | hilo.kernel-accessor : Fetching kernel: gaussian
2024-03-01 09:16:04,276 | INFO | hilo.gaussian-kernel : Calculating Gaussian distribution (location: -0.14185459911823273, scale 0.8001177310943604)
2024-03-01 09:16:04,276 | INFO | hilo.gaussian-kernel : BOTTOM-RIGHT:
tensor([[4.0953e-04, 5.3222e-03, 1.4505e-02],
        [5.3222e-03, 6.9168e-02, 1.8851e-01],
        [1.4505e-02, 1.8851e-01, 5.1375e-01]])
2024-03-01 09:16:04,277 | INFO | hilo.kernel-accessor : Fetching kernel: gaussian
2024-03-01 09:16:04,277 | INFO | hilo.gaussian-kernel : Calculating Gaussian distribution (location: -0.0678086131811142, scale 0.5802052617073059)
2024-03-01 09:16:04,277 | INFO | hilo.gaussian-kernel : BOTTOM-RIGHT:
tensor([[2.1923e-06, 2.3095e-04, 1.2475e-03],
        [2.3095e-04, 2.4329e-02, 1.3142e-01],
        [1.2475e-03, 1.3142e-01, 7.0987e-01]])
2024-03-01 09:16:04,277 | INFO | hilo.kernel-accessor : Fetching kernel: gaussian
2024-03-01 09:16:04,277 | INFO | hilo.gaussian-kernel : Calculating Gaussian distribution (location: -0.16212396323680878, scale 0.6602497100830078)
2024-03-01 09:16:04,278 | INFO | hilo.gaussian-kernel : BOTTOM-RIGHT:
tensor([[1.5614e-05, 7.0699e-04, 3.2289e-03],
        [7.0699e-04, 3.2011e-02, 1.4620e-01],
        [3.2289e-03, 1.4620e-01, 6.6770e-01]])
2024-03-01 09:16:04,278 | INFO | hilo.kernel-accessor : Fetching kernel: gaussian
2024-03-01 09:16:04,278 | INFO | hilo.gaussian-kernel : Calculating Gaussian distribution (location: -0.1552729308605194, scale 0.5350989699363708)
2024-03-01 09:16:04,278 | INFO | hilo.gaussian-kernel : TOP-LEFT:
tensor([[8.2385e-01, 8.3553e-02, 2.5782e-04],
        [8.3553e-02, 8.4736e-03, 2.6147e-05],
        [2.5782e-04, 2.6147e-05, 8.0682e-08]])
2024-03-01 09:16:04,278 | INFO | hilo.kernel-accessor : Fetching kernel: gaussian
2024-03-01 09:16:04,278 | INFO | hilo.gaussian-kernel : Calculating Gaussian distribution (location: -0.06898652762174606, scale 0.498467355966568)
2024-03-01 09:16:04,279 | INFO | hilo.gaussian-kernel : BOTTOM-RIGHT:
tensor([[2.7685e-08, 1.5298e-05, 1.5106e-04],
        [1.5298e-05, 8.4534e-03, 8.3474e-02],
        [1.5106e-04, 8.3474e-02, 8.2427e-01]])
2024-03-01 09:16:04,279 | INFO | hilo.kernel-accessor : Fetching kernel: gaussian
2024-03-01 09:16:04,279 | INFO | hilo.gaussian-kernel : Calculating Gaussian distribution (location: -0.024405350908637047, scale 0.4346282184123993)
2024-03-01 09:16:04,279 | INFO | hilo.gaussian-kernel : TOP-LEFT:
tensor([[8.8614e-01, 5.5191e-02, 1.7266e-05],
        [5.5191e-02, 3.4374e-03, 1.0754e-06],
        [1.7266e-05, 1.0754e-06, 3.3641e-10]])
2024-03-01 09:16:04,279 | INFO | hilo.kernel-accessor : Fetching kernel: gaussian
2024-03-01 09:16:04,279 | INFO | hilo.gaussian-kernel : Calculating Gaussian distribution (location: -0.14490628242492676, scale 0.5395069122314453)
2024-03-01 09:16:04,280 | INFO | hilo.gaussian-kernel : TOP-LEFT:
tensor([[8.1241e-01, 8.8619e-02, 3.1132e-04],
        [8.8619e-02, 9.6667e-03, 3.3959e-05],
        [3.1132e-04, 3.3959e-05, 1.1930e-07]])
2024-03-01 09:16:04,280 | INFO | hilo.kernel-accessor : Fetching kernel: gaussian
2024-03-01 09:16:04,280 | INFO | hilo.gaussian-kernel : Calculating Gaussian distribution (location: -0.07024402916431427, scale 0.468333899974823)
2024-03-01 09:16:04,280 | INFO | hilo.gaussian-kernel : TOP-LEFT:
tensor([[8.6639e-01, 6.4359e-02, 5.0058e-05],
        [6.4359e-02, 4.7809e-03, 3.7185e-06],
        [5.0058e-05, 3.7185e-06, 2.8922e-09]])
2024-03-01 09:16:04,280 | INFO | hilo.kernel-accessor : Fetching kernel: gaussian
2024-03-01 09:16:04,280 | INFO | hilo.gaussian-kernel : Calculating Gaussian distribution (location: 0.018737461417913437, scale 0.48213136196136475)
2024-03-01 09:16:04,281 | INFO | hilo.gaussian-kernel : TOP-LEFT:
tensor([[7.8823e-01, 9.9425e-02, 1.6983e-04],
        [9.9425e-02, 1.2541e-02, 2.1421e-05],
        [1.6983e-04, 2.1421e-05, 3.6590e-08]])
2024-03-01 09:16:04,281 | INFO | hilo.kernel-accessor : Fetching kernel: gaussian
2024-03-01 09:16:04,281 | INFO | hilo.gaussian-kernel : Calculating Gaussian distribution (location: 0.05412282049655914, scale 0.3878868520259857)
2024-03-01 09:16:04,281 | INFO | hilo.gaussian-kernel : TOP-LEFT:
tensor([[9.0420e-01, 4.6691e-02, 3.1310e-06],
        [4.6691e-02, 2.4110e-03, 1.6168e-07],
        [3.1310e-06, 1.6168e-07, 1.0842e-11]])
2024-03-01 09:16:04,281 | INFO | hilo.kernel-accessor : Fetching kernel: gaussian
2024-03-01 09:16:04,282 | INFO | hilo.gaussian-kernel : Calculating Gaussian distribution (location: 0.09486542642116547, scale 0.38779616355895996)
2024-03-01 09:16:04,282 | INFO | hilo.gaussian-kernel : TOP-LEFT:
tensor([[8.7734e-01, 5.9319e-02, 5.1922e-06],
        [5.9319e-02, 4.0107e-03, 3.5106e-07],
        [5.1922e-06, 3.5106e-07, 3.0728e-11]])
2024-03-01 09:16:04,282 | INFO | hilo.kernel-accessor : Fetching kernel: gaussian
2024-03-01 09:16:04,282 | INFO | hilo.gaussian-kernel : Calculating Gaussian distribution (location: 0.004980094265192747, scale 0.4337999224662781)
2024-03-01 09:16:04,282 | INFO | hilo.gaussian-kernel : BOTTOM-RIGHT:
tensor([[5.6778e-10, 1.6012e-06, 2.2226e-05],
        [1.6012e-06, 4.5155e-03, 6.2680e-02],
        [2.2226e-05, 6.2680e-02, 8.7008e-01]])
2024-03-01 09:16:04,282 | INFO | hilo.kernel-accessor : Fetching kernel: gaussian
2024-03-01 09:16:04,283 | INFO | hilo.gaussian-kernel : Calculating Gaussian distribution (location: 0.02229965850710869, scale 0.5573275685310364)
2024-03-01 09:16:04,283 | INFO | hilo.gaussian-kernel : TOP-LEFT:
tensor([[6.7554e-01, 1.4512e-01, 1.2464e-03],
        [1.4512e-01, 3.1177e-02, 2.6776e-04],
        [1.2464e-03, 2.6776e-04, 2.2996e-06]])
2024-03-01 09:17:24,874 | INFO | hilo : Epoch   5/200 | Accuracy:  56.2500 | Loss:   1.5227
2024-03-01 09:17:24,875 | INFO | hilo.kernel-accessor : Fetching kernel: gaussian
2024-03-01 09:17:24,875 | INFO | hilo.gaussian-kernel : Calculating Gaussian distribution (location: -0.0013473485596477985, scale 0.7221789956092834)
2024-03-01 09:17:24,876 | INFO | hilo.gaussian-kernel : TOP-LEFT:
tensor([[5.0737e-01, 1.9402e-01, 1.0906e-02],
        [1.9402e-01, 7.4195e-02, 4.1705e-03],
        [1.0906e-02, 4.1705e-03, 2.3442e-04]])
2024-03-01 09:17:24,876 | INFO | hilo.kernel-accessor : Fetching kernel: gaussian
2024-03-01 09:17:24,876 | INFO | hilo.gaussian-kernel : Calculating Gaussian distribution (location: -1.0244044065475464, scale 2.410374879837036)
2024-03-01 09:17:24,877 | INFO | hilo.gaussian-kernel : BOTTOM-RIGHT:
tensor([[0.0483, 0.0745, 0.0969],
        [0.0745, 0.1151, 0.1496],
        [0.0969, 0.1496, 0.1945]])
2024-03-01 09:17:24,877 | INFO | hilo.kernel-accessor : Fetching kernel: gaussian
2024-03-01 09:17:24,877 | INFO | hilo.gaussian-kernel : Calculating Gaussian distribution (location: -0.4546211063861847, scale 1.2896989583969116)
2024-03-01 09:17:24,878 | INFO | hilo.gaussian-kernel : BOTTOM-RIGHT:
tensor([[0.0100, 0.0325, 0.0576],
        [0.0325, 0.1051, 0.1866],
        [0.0576, 0.1866, 0.3313]])
2024-03-01 09:17:24,878 | INFO | hilo.kernel-accessor : Fetching kernel: gaussian
2024-03-01 09:17:24,878 | INFO | hilo.gaussian-kernel : Calculating Gaussian distribution (location: -0.24131618440151215, scale 1.0232741832733154)
2024-03-01 09:17:24,879 | INFO | hilo.gaussian-kernel : TOP-LEFT:
tensor([[0.3975, 0.1958, 0.0371],
        [0.1958, 0.0965, 0.0183],
        [0.0371, 0.0183, 0.0035]])
2024-03-01 09:17:24,879 | INFO | hilo.kernel-accessor : Fetching kernel: gaussian
2024-03-01 09:17:24,879 | INFO | hilo.gaussian-kernel : Calculating Gaussian distribution (location: -0.12806224822998047, scale 0.8072614073753357)
2024-03-01 09:17:24,880 | INFO | hilo.gaussian-kernel : TOP-LEFT:
tensor([[5.0099e-01, 1.9110e-01, 1.5714e-02],
        [1.9110e-01, 7.2897e-02, 5.9940e-03],
        [1.5714e-02, 5.9940e-03, 4.9286e-04]])
2024-03-01 09:17:24,880 | INFO | hilo.kernel-accessor : Fetching kernel: gaussian
2024-03-01 09:17:24,880 | INFO | hilo.gaussian-kernel : Calculating Gaussian distribution (location: -0.04957866296172142, scale 0.6466368436813354)
2024-03-01 09:17:24,881 | INFO | hilo.gaussian-kernel : TOP-LEFT:
tensor([[6.1490e-01, 1.6519e-01, 4.0602e-03],
        [1.6519e-01, 4.4380e-02, 1.0908e-03],
        [4.0602e-03, 1.0908e-03, 2.6809e-05]])
2024-03-01 09:17:24,881 | INFO | hilo.kernel-accessor : Fetching kernel: gaussian
2024-03-01 09:17:24,881 | INFO | hilo.gaussian-kernel : Calculating Gaussian distribution (location: -0.1529039591550827, scale 0.7236315608024597)
2024-03-01 09:17:24,882 | INFO | hilo.gaussian-kernel : TOP-LEFT:
tensor([[5.9204e-01, 1.7016e-01, 7.2440e-03],
        [1.7016e-01, 4.8905e-02, 2.0820e-03],
        [7.2440e-03, 2.0820e-03, 8.8635e-05]])
