2023-12-29 05:17:40,180 | INFO | hilo : 
+==============================================================+
|                                                              |
| ██████╗  █████╗ ██████╗ ██╗         ██╗      █████╗ ██████╗  |
| ██╔══██╗██╔══██╗██╔══██╗██║         ██║     ██╔══██╗██╔══██╗ |
| ██║  ██║███████║██║  ██║██║         ██║     ███████║██████╔╝ |
| ██║  ██║██╔══██║██║  ██║██║         ██║     ██╔══██║██╔══██╗ |
| ██████╔╝██║  ██║██████╔╝███████╗    ███████╗██║  ██║██████╔╝ |
| ╚═════╝ ╚═╝  ╚═╝╚═════╝ ╚══════╝    ╚══════╝╚═╝  ╚═╝╚═════╝  |
+==============================================================+
|             Hi-Lo Resolution Image Classification            |
|             -------------------------------------            |
|                       Gabriel C. Trahan                      |
|                          Sahan Ahmad                         |
|                       MD  Aminual Islam                      |
+==============================================================+
2023-12-29 05:17:41,789 | INFO | hilo.dataset-accessor : Fetching dataset: cifar10
2023-12-29 05:17:41,789 | INFO | hilo.cifar10-dataset : Initializing transform
2023-12-29 05:17:41,789 | INFO | hilo.cifar10-dataset : Verifying/downloading train data
2023-12-29 05:17:42,398 | INFO | hilo.cifar10-dataset : Verifying/downloading test data
2023-12-29 05:17:42,886 | INFO | hilo.cifar10-dataset : Creating train data loader.
2023-12-29 05:17:42,886 | INFO | hilo.cifar10-dataset : Creating test data loader.
2023-12-29 05:17:42,911 | INFO | hilo : Output directory: output/normal/cifar10/gumbel/10/20231229_051741/
2023-12-29 05:17:42,952 | INFO | hilo : Using device: NVIDIA GeForce GTX 1060 6GB
2023-12-29 05:17:43,899 | INFO | hilo : Exeucting job: MODEL normal | DATASET cifar10 | KERNEL gumbel | TYPE 10
2023-12-29 05:17:43,899 | INFO | hilo : Commencing training phase...
2023-12-29 05:17:43,899 | INFO | hilo.kernel-accessor : Fetching kernel: gumbel
2023-12-29 05:17:43,900 | INFO | hilo.gumbel-kernel : Calculating Gumbel distribution (location: 0.0, scale 1.0)
2023-12-29 05:17:43,901 | INFO | hilo.gumbel-kernel : TOP-RIGHT:
tensor([[2.0072e-04, 5.8259e-02, 8.8288e-01],
        [2.2609e-10, 2.0072e-04, 5.8259e-02],
        [8.5377e-26, 2.2609e-10, 2.0072e-04]])
2023-12-29 05:17:43,901 | INFO | hilo.kernel-accessor : Fetching kernel: gumbel
2023-12-29 05:17:43,901 | INFO | hilo.gumbel-kernel : Calculating Gumbel distribution (location: 0.0, scale 1.0)
2023-12-29 05:17:43,901 | INFO | hilo.gumbel-kernel : TOP-RIGHT:
tensor([[2.0072e-04, 5.8259e-02, 8.8288e-01],
        [2.2609e-10, 2.0072e-04, 5.8259e-02],
        [8.5377e-26, 2.2609e-10, 2.0072e-04]])
2023-12-29 05:17:43,901 | INFO | hilo.kernel-accessor : Fetching kernel: gumbel
2023-12-29 05:17:43,901 | INFO | hilo.gumbel-kernel : Calculating Gumbel distribution (location: 0.0, scale 1.0)
2023-12-29 05:17:43,902 | INFO | hilo.gumbel-kernel : BOTTOM-RIGHT:
tensor([[8.5377e-26, 2.2609e-10, 2.0072e-04],
        [2.2609e-10, 2.0072e-04, 5.8259e-02],
        [2.0072e-04, 5.8259e-02, 8.8288e-01]])
2023-12-29 05:17:43,902 | INFO | hilo.kernel-accessor : Fetching kernel: gumbel
2023-12-29 05:17:43,902 | INFO | hilo.gumbel-kernel : Calculating Gumbel distribution (location: 0.0, scale 1.0)
2023-12-29 05:17:43,902 | INFO | hilo.gumbel-kernel : STATIC:
tensor([[8.8288e-01, 5.8259e-02, 2.0072e-04],
        [5.8259e-02, 2.0072e-04, 2.2609e-10],
        [2.0072e-04, 2.2609e-10, 8.5377e-26]])
2023-12-29 05:17:52,915 | INFO | hilo : Epoch   1/200 | Accuracy:  50.0000 | Loss:   1.4311
2023-12-29 05:17:52,915 | INFO | hilo.kernel-accessor : Fetching kernel: gumbel
2023-12-29 05:17:52,916 | INFO | hilo.gumbel-kernel : Calculating Gumbel distribution (location: -0.0756475180387497, scale 0.5022560358047485)
2023-12-29 05:17:52,916 | INFO | hilo.gumbel-kernel : STATIC:
tensor([[9.9995e-01, 2.6544e-05, 2.4064e-33],
        [2.6544e-05, 2.4064e-33, 0.0000e+00],
        [2.4064e-33, 0.0000e+00, 0.0000e+00]])
2023-12-29 05:17:52,917 | INFO | hilo.kernel-accessor : Fetching kernel: gumbel
2023-12-29 05:17:52,917 | INFO | hilo.gumbel-kernel : Calculating Gumbel distribution (location: -0.45845356583595276, scale 0.6680998802185059)
2023-12-29 05:17:52,917 | INFO | hilo.gumbel-kernel : STATIC:
tensor([[1.0000e+00, 2.5687e-07, 1.6704e-34],
        [2.5687e-07, 1.6705e-34, 0.0000e+00],
        [1.6704e-34, 0.0000e+00, 0.0000e+00]])
2023-12-29 05:17:52,918 | INFO | hilo.kernel-accessor : Fetching kernel: gumbel
2023-12-29 05:17:52,918 | INFO | hilo.gumbel-kernel : Calculating Gumbel distribution (location: -0.8949440121650696, scale 1.0466077327728271)
2023-12-29 05:17:52,919 | INFO | hilo.gumbel-kernel : BOTTOM-RIGHT:
tensor([[0.0000e+00, 1.0224e-41, 2.1781e-15],
        [1.0224e-41, 2.1781e-15, 5.5292e-05],
        [2.1781e-15, 5.5292e-05, 9.9989e-01]])
2023-12-29 05:17:52,919 | INFO | hilo.kernel-accessor : Fetching kernel: gumbel
2023-12-29 05:17:52,919 | INFO | hilo.gumbel-kernel : Calculating Gumbel distribution (location: -0.5613594651222229, scale 0.7626988887786865)
2023-12-29 05:17:52,920 | INFO | hilo.gumbel-kernel : STATIC:
tensor([[1.0000e+00, 1.9983e-06, 4.9811e-26],
        [1.9983e-06, 4.9811e-26, 0.0000e+00],
        [4.9811e-26, 0.0000e+00, 0.0000e+00]])
2023-12-29 05:18:01,052 | INFO | hilo : Epoch   2/200 | Accuracy:  60.9375 | Loss:   1.7136
2023-12-29 05:18:01,052 | INFO | hilo.kernel-accessor : Fetching kernel: gumbel
2023-12-29 05:18:01,053 | INFO | hilo.gumbel-kernel : Calculating Gumbel distribution (location: -0.03641267865896225, scale 0.44725051522254944)
2023-12-29 05:18:01,054 | INFO | hilo.gumbel-kernel : STATIC:
tensor([[9.9999e-01, 5.7400e-06, 0.0000e+00],
        [5.7400e-06, 0.0000e+00, 0.0000e+00],
        [0.0000e+00, 0.0000e+00, 0.0000e+00]])
2023-12-29 05:18:01,054 | INFO | hilo.kernel-accessor : Fetching kernel: gumbel
2023-12-29 05:18:01,054 | INFO | hilo.gumbel-kernel : Calculating Gumbel distribution (location: -0.6068462133407593, scale 0.7738997340202332)
2023-12-29 05:18:01,055 | INFO | hilo.gumbel-kernel : TOP-RIGHT:
tensor([[2.1925e-27, 8.6292e-07, 1.0000e+00],
        [0.0000e+00, 2.1925e-27, 8.6292e-07],
        [0.0000e+00, 0.0000e+00, 2.1925e-27]])
2023-12-29 05:18:01,055 | INFO | hilo.kernel-accessor : Fetching kernel: gumbel
2023-12-29 05:18:01,055 | INFO | hilo.gumbel-kernel : Calculating Gumbel distribution (location: -1.2590190172195435, scale 1.532909631729126)
2023-12-29 05:18:01,056 | INFO | hilo.gumbel-kernel : STATIC:
tensor([[9.9112e-01, 4.4408e-03, 2.5036e-07],
        [4.4408e-03, 2.5036e-07, 3.1704e-15],
        [2.5036e-07, 3.1704e-15, 3.9648e-30]])
2023-12-29 05:18:01,056 | INFO | hilo.kernel-accessor : Fetching kernel: gumbel
2023-12-29 05:18:01,056 | INFO | hilo.gumbel-kernel : Calculating Gumbel distribution (location: -0.9588857293128967, scale 1.1826616525650024)
2023-12-29 05:18:01,057 | INFO | hilo.gumbel-kernel : BOTTOM-RIGHT:
tensor([[0.0000e+00, 2.0863e-27, 3.4519e-11],
        [2.0863e-27, 3.4519e-11, 5.1363e-04],
        [3.4519e-11, 5.1363e-04, 9.9897e-01]])
2023-12-29 05:18:09,454 | INFO | hilo : Epoch   3/200 | Accuracy:  54.7731 | Loss:   1.5621
2023-12-29 05:18:09,454 | INFO | hilo.kernel-accessor : Fetching kernel: gumbel
2023-12-29 05:18:09,455 | INFO | hilo.gumbel-kernel : Calculating Gumbel distribution (location: -0.04912267252802849, scale 0.4700869619846344)
2023-12-29 05:18:09,456 | INFO | hilo.gumbel-kernel : BOTTOM-RIGHT:
tensor([[0.0000e+00, 0.0000e+00, 9.8586e-40],
        [0.0000e+00, 9.8578e-40, 1.3173e-05],
        [9.8586e-40, 1.3173e-05, 9.9997e-01]])
2023-12-29 05:18:09,456 | INFO | hilo.kernel-accessor : Fetching kernel: gumbel
2023-12-29 05:18:09,456 | INFO | hilo.gumbel-kernel : Calculating Gumbel distribution (location: -0.6767371892929077, scale 0.7644518613815308)
2023-12-29 05:18:09,457 | INFO | hilo.gumbel-kernel : BOTTOM-RIGHT:
tensor([[0.0000e+00, 0.0000e+00, 3.2063e-34],
        [0.0000e+00, 3.2065e-34, 3.5168e-08],
        [3.2063e-34, 3.5168e-08, 1.0000e+00]])
2023-12-29 05:18:09,457 | INFO | hilo.kernel-accessor : Fetching kernel: gumbel
2023-12-29 05:18:09,457 | INFO | hilo.gumbel-kernel : Calculating Gumbel distribution (location: -1.3740123510360718, scale 1.7454041242599487)
2023-12-29 05:18:09,458 | INFO | hilo.gumbel-kernel : TOP-RIGHT:
tensor([[9.8370e-06, 1.3117e-02, 9.7374e-01],
        [4.3983e-11, 9.8370e-06, 1.3117e-02],
        [2.2308e-20, 4.3983e-11, 9.8370e-06]])
2023-12-29 05:18:09,458 | INFO | hilo.kernel-accessor : Fetching kernel: gumbel
2023-12-29 05:18:09,458 | INFO | hilo.gumbel-kernel : Calculating Gumbel distribution (location: -1.2971162796020508, scale 1.4721221923828125)
2023-12-29 05:18:09,459 | INFO | hilo.gumbel-kernel : TOP-RIGHT:
tensor([[1.2449e-08, 1.7503e-03, 9.9650e-01],
        [1.6893e-18, 1.2449e-08, 1.7503e-03],
        [1.1255e-37, 1.6893e-18, 1.2449e-08]])
2023-12-29 05:18:17,717 | INFO | hilo : Epoch   4/200 | Accuracy:  56.2500 | Loss:   1.3882
2023-12-29 05:18:17,717 | INFO | hilo.kernel-accessor : Fetching kernel: gumbel
2023-12-29 05:18:17,718 | INFO | hilo.gumbel-kernel : Calculating Gumbel distribution (location: 0.00023059811792336404, scale 0.44721269607543945)
2023-12-29 05:18:17,719 | INFO | hilo.gumbel-kernel : STATIC:
tensor([[9.9995e-01, 2.5317e-05, 3.2417e-40],
        [2.5317e-05, 3.2417e-40, 0.0000e+00],
        [3.2417e-40, 0.0000e+00, 0.0000e+00]])
2023-12-29 05:18:17,719 | INFO | hilo.kernel-accessor : Fetching kernel: gumbel
2023-12-29 05:18:17,719 | INFO | hilo.gumbel-kernel : Calculating Gumbel distribution (location: -0.7535419464111328, scale 0.9461895823478699)
2023-12-29 05:18:17,720 | INFO | hilo.gumbel-kernel : STATIC:
tensor([[9.9993e-01, 3.4014e-05, 3.4389e-17],
        [3.4014e-05, 3.4389e-17, 0.0000e+00],
        [3.4389e-17, 0.0000e+00, 0.0000e+00]])
2023-12-29 05:18:17,720 | INFO | hilo.kernel-accessor : Fetching kernel: gumbel
2023-12-29 05:18:17,720 | INFO | hilo.gumbel-kernel : Calculating Gumbel distribution (location: -1.8638527393341064, scale 2.5019612312316895)
2023-12-29 05:18:17,721 | INFO | hilo.gumbel-kernel : BOTTOM-RIGHT:
tensor([[4.3376e-09, 8.9382e-06, 1.7005e-03],
        [8.9382e-06, 1.7005e-03, 6.5482e-02],
        [1.7005e-03, 6.5482e-02, 8.6392e-01]])
2023-12-29 05:18:17,721 | INFO | hilo.kernel-accessor : Fetching kernel: gumbel
2023-12-29 05:18:17,721 | INFO | hilo.gumbel-kernel : Calculating Gumbel distribution (location: -1.622581958770752, scale 1.867861270904541)
2023-12-29 05:18:17,722 | INFO | hilo.gumbel-kernel : BOTTOM-RIGHT:
tensor([[3.3301e-20, 2.9047e-11, 6.2202e-06],
        [2.9047e-11, 6.2202e-06, 1.0258e-02],
        [6.2202e-06, 1.0258e-02, 9.7947e-01]])
2023-12-29 05:18:25,814 | INFO | hilo : Epoch   5/200 | Accuracy:  57.1875 | Loss:   1.4740
2023-12-29 05:18:25,814 | INFO | hilo.kernel-accessor : Fetching kernel: gumbel
2023-12-29 05:18:25,814 | INFO | hilo.gumbel-kernel : Calculating Gumbel distribution (location: -0.05853118747472763, scale 0.4876980185508728)
2023-12-29 05:18:25,815 | INFO | hilo.gumbel-kernel : TOP-RIGHT:
tensor([[2.6697e-35, 2.3491e-05, 9.9995e-01],
        [0.0000e+00, 2.6698e-35, 2.3491e-05],
        [0.0000e+00, 0.0000e+00, 2.6697e-35]])
2023-12-29 05:18:25,815 | INFO | hilo.kernel-accessor : Fetching kernel: gumbel
2023-12-29 05:18:25,816 | INFO | hilo.gumbel-kernel : Calculating Gumbel distribution (location: -0.7331579327583313, scale 0.8099052906036377)
2023-12-29 05:18:25,816 | INFO | hilo.gumbel-kernel : BOTTOM-RIGHT:
tensor([[0.0000e+00, 0.0000e+00, 1.6292e-30],
        [0.0000e+00, 1.6292e-30, 9.8287e-08],
        [1.6292e-30, 9.8287e-08, 1.0000e+00]])
2023-12-29 05:18:25,816 | INFO | hilo.kernel-accessor : Fetching kernel: gumbel
2023-12-29 05:18:25,817 | INFO | hilo.gumbel-kernel : Calculating Gumbel distribution (location: -1.5779516696929932, scale 2.290754795074463)
2023-12-29 05:18:25,817 | INFO | hilo.gumbel-kernel : BOTTOM-RIGHT:
tensor([[1.0702e-09, 5.1446e-06, 1.4385e-03],
        [5.1446e-06, 1.4385e-03, 6.3991e-02],
        [1.4385e-03, 6.3991e-02, 8.6769e-01]])
2023-12-29 05:18:25,818 | INFO | hilo.kernel-accessor : Fetching kernel: gumbel
2023-12-29 05:18:25,818 | INFO | hilo.gumbel-kernel : Calculating Gumbel distribution (location: -2.268728256225586, scale 2.409266948699951)
2023-12-29 05:18:25,819 | INFO | hilo.gumbel-kernel : BOTTOM-RIGHT:
tensor([[1.2383e-13, 2.3785e-08, 8.4374e-05],
        [2.3785e-08, 8.4374e-05, 2.1451e-02],
        [8.4374e-05, 2.1451e-02, 9.5685e-01]])
2023-12-29 05:18:34,108 | INFO | hilo : Epoch   6/200 | Accuracy:  56.2500 | Loss:   1.3353
2023-12-29 05:18:34,108 | INFO | hilo.kernel-accessor : Fetching kernel: gumbel
2023-12-29 05:18:34,109 | INFO | hilo.gumbel-kernel : Calculating Gumbel distribution (location: -0.17326945066452026, scale 0.4613208770751953)
2023-12-29 05:18:34,110 | INFO | hilo.gumbel-kernel : TOP-RIGHT:
tensor([[0.0000e+00, 8.6245e-09, 1.0000e+00],
        [0.0000e+00, 0.0000e+00, 8.6245e-09],
        [0.0000e+00, 0.0000e+00, 0.0000e+00]])
2023-12-29 05:18:34,110 | INFO | hilo.kernel-accessor : Fetching kernel: gumbel
2023-12-29 05:18:34,110 | INFO | hilo.gumbel-kernel : Calculating Gumbel distribution (location: -0.8357986211776733, scale 0.9018862843513489)
2023-12-29 05:18:34,111 | INFO | hilo.gumbel-kernel : STATIC:
tensor([[1.0000e+00, 7.7677e-07, 2.2467e-24],
        [7.7677e-07, 2.2468e-24, 0.0000e+00],
        [2.2467e-24, 0.0000e+00, 0.0000e+00]])
2023-12-29 05:18:34,111 | INFO | hilo.kernel-accessor : Fetching kernel: gumbel
2023-12-29 05:18:34,111 | INFO | hilo.gumbel-kernel : Calculating Gumbel distribution (location: -1.7953779697418213, scale 2.3465490341186523)
2023-12-29 05:18:34,112 | INFO | hilo.gumbel-kernel : BOTTOM-RIGHT:
tensor([[1.5357e-10, 1.5829e-06, 7.6614e-04],
        [1.5829e-06, 7.6614e-04, 5.0323e-02],
        [7.6614e-04, 5.0323e-02, 8.9705e-01]])
2023-12-29 05:18:34,112 | INFO | hilo.kernel-accessor : Fetching kernel: gumbel
2023-12-29 05:18:34,112 | INFO | hilo.gumbel-kernel : Calculating Gumbel distribution (location: -1.4926469326019287, scale 1.7441598176956177)
2023-12-29 05:18:34,113 | INFO | hilo.gumbel-kernel : BOTTOM-RIGHT:
tensor([[3.7388e-23, 1.6598e-12, 2.1377e-06],
        [1.6598e-12, 2.1377e-06, 7.6275e-03],
        [2.1377e-06, 7.6275e-03, 9.8474e-01]])
2023-12-29 05:18:42,451 | INFO | hilo : Epoch   7/200 | Accuracy:  57.8125 | Loss:   1.1349
2023-12-29 05:18:42,451 | INFO | hilo.kernel-accessor : Fetching kernel: gumbel
2023-12-29 05:18:42,452 | INFO | hilo.gumbel-kernel : Calculating Gumbel distribution (location: -0.0434957891702652, scale 0.4990522265434265)
2023-12-29 05:18:42,453 | INFO | hilo.gumbel-kernel : BOTTOM-RIGHT:
tensor([[0.0000e+00, 0.0000e+00, 2.1585e-30],
        [0.0000e+00, 2.1585e-30, 6.4870e-05],
        [2.1585e-30, 6.4870e-05, 9.9987e-01]])
2023-12-29 05:18:42,453 | INFO | hilo.kernel-accessor : Fetching kernel: gumbel
2023-12-29 05:18:42,453 | INFO | hilo.gumbel-kernel : Calculating Gumbel distribution (location: -0.7789283394813538, scale 1.0163708925247192)
2023-12-29 05:18:42,454 | INFO | hilo.gumbel-kernel : TOP-RIGHT:
tensor([[5.8438e-14, 1.6000e-04, 9.9968e-01],
        [1.7327e-38, 5.8438e-14, 1.6000e-04],
        [0.0000e+00, 1.7327e-38, 5.8438e-14]])
2023-12-29 05:18:42,454 | INFO | hilo.kernel-accessor : Fetching kernel: gumbel
2023-12-29 05:18:42,455 | INFO | hilo.gumbel-kernel : Calculating Gumbel distribution (location: -2.2091546058654785, scale 2.7950077056884766)
2023-12-29 05:18:42,455 | INFO | hilo.gumbel-kernel : STATIC:
tensor([[8.4591e-01, 7.3158e-02, 2.5749e-03],
        [7.3158e-02, 2.5749e-03, 2.5053e-05],
        [2.5749e-03, 2.5053e-05, 3.8761e-08]])
2023-12-29 05:18:42,455 | INFO | hilo.kernel-accessor : Fetching kernel: gumbel
2023-12-29 05:18:42,456 | INFO | hilo.gumbel-kernel : Calculating Gumbel distribution (location: -2.4506635665893555, scale 2.57624888420105)
2023-12-29 05:18:42,456 | INFO | hilo.gumbel-kernel : BOTTOM-RIGHT:
tensor([[2.8937e-12, 1.1317e-07, 1.6707e-04],
        [1.1317e-07, 1.6707e-04, 2.6717e-02],
        [1.6707e-04, 2.6717e-02, 9.4606e-01]])
2023-12-29 05:18:50,558 | INFO | hilo : Epoch   8/200 | Accuracy:  64.0625 | Loss:   1.1977
2023-12-29 05:18:50,559 | INFO | hilo.kernel-accessor : Fetching kernel: gumbel
2023-12-29 05:18:50,559 | INFO | hilo.gumbel-kernel : Calculating Gumbel distribution (location: -0.1208612471818924, scale 0.4832264482975006)
2023-12-29 05:18:50,560 | INFO | hilo.gumbel-kernel : STATIC:
tensor([[1.0000e+00, 1.3964e-06, 0.0000e+00],
        [1.3964e-06, 0.0000e+00, 0.0000e+00],
        [0.0000e+00, 0.0000e+00, 0.0000e+00]])
2023-12-29 05:18:50,560 | INFO | hilo.kernel-accessor : Fetching kernel: gumbel
2023-12-29 05:18:50,560 | INFO | hilo.gumbel-kernel : Calculating Gumbel distribution (location: -0.8470621705055237, scale 0.9748381972312927)
2023-12-29 05:18:50,561 | INFO | hilo.gumbel-kernel : TOP-RIGHT:
tensor([[2.3323e-18, 1.3694e-05, 9.9997e-01],
        [0.0000e+00, 2.3323e-18, 1.3694e-05],
        [0.0000e+00, 0.0000e+00, 2.3323e-18]])
2023-12-29 05:18:50,561 | INFO | hilo.kernel-accessor : Fetching kernel: gumbel
2023-12-29 05:18:50,561 | INFO | hilo.gumbel-kernel : Calculating Gumbel distribution (location: -1.8969120979309082, scale 2.5436532497406006)
2023-12-29 05:18:50,562 | INFO | hilo.gumbel-kernel : BOTTOM-RIGHT:
tensor([[7.5957e-09, 1.1867e-05, 1.9294e-03],
        [1.1867e-05, 1.9294e-03, 6.8118e-02],
        [1.9294e-03, 6.8118e-02, 8.5795e-01]])
2023-12-29 05:18:50,562 | INFO | hilo.kernel-accessor : Fetching kernel: gumbel
2023-12-29 05:18:50,563 | INFO | hilo.gumbel-kernel : Calculating Gumbel distribution (location: -2.0929951667785645, scale 2.32783579826355)
2023-12-29 05:18:50,563 | INFO | hilo.gumbel-kernel : STATIC:
tensor([[9.5122e-01, 2.4229e-02, 1.0843e-04],
        [2.4229e-02, 1.0843e-04, 3.3535e-08],
        [1.0843e-04, 3.3535e-08, 1.7084e-13]])
2023-12-29 05:18:58,922 | INFO | hilo : Epoch   9/200 | Accuracy:  58.5938 | Loss:   1.3370
2023-12-29 05:18:58,922 | INFO | hilo.kernel-accessor : Fetching kernel: gumbel
2023-12-29 05:18:58,923 | INFO | hilo.gumbel-kernel : Calculating Gumbel distribution (location: 0.0016989510040730238, scale 0.5347288250923157)
2023-12-29 05:18:58,924 | INFO | hilo.gumbel-kernel : STATIC:
tensor([[9.9868e-01, 6.5844e-04, 4.3214e-20],
        [6.5844e-04, 4.3214e-20, 0.0000e+00],
        [4.3214e-20, 0.0000e+00, 0.0000e+00]])
2023-12-29 05:18:58,924 | INFO | hilo.kernel-accessor : Fetching kernel: gumbel
2023-12-29 05:18:58,924 | INFO | hilo.gumbel-kernel : Calculating Gumbel distribution (location: -0.7601114511489868, scale 1.0768334865570068)
2023-12-29 05:18:58,925 | INFO | hilo.gumbel-kernel : TOP-RIGHT:
tensor([[3.6199e-11, 7.3739e-04, 9.9853e-01],
        [4.7477e-29, 3.6199e-11, 7.3739e-04],
        [0.0000e+00, 4.7477e-29, 3.6199e-11]])
2023-12-29 05:18:58,925 | INFO | hilo.kernel-accessor : Fetching kernel: gumbel
2023-12-29 05:18:58,925 | INFO | hilo.gumbel-kernel : Calculating Gumbel distribution (location: -2.787001132965088, scale 3.3582892417907715)
2023-12-29 05:18:58,926 | INFO | hilo.gumbel-kernel : STATIC:
tensor([[7.9177e-01, 9.4889e-02, 6.0409e-03],
        [9.4889e-02, 6.0409e-03, 1.6405e-04],
        [6.0409e-03, 1.6405e-04, 1.4141e-06]])
2023-12-29 05:18:58,926 | INFO | hilo.kernel-accessor : Fetching kernel: gumbel
2023-12-29 05:18:58,927 | INFO | hilo.gumbel-kernel : Calculating Gumbel distribution (location: -2.2659738063812256, scale 2.710420846939087)
2023-12-29 05:18:58,927 | INFO | hilo.gumbel-kernel : STATIC:
tensor([[8.8268e-01, 5.6759e-02, 1.2647e-03],
        [5.6759e-02, 1.2647e-03, 6.0852e-06],
        [1.2647e-03, 6.0852e-06, 3.1906e-09]])
2023-12-29 05:19:07,169 | INFO | hilo : Epoch  10/200 | Accuracy:  55.1758 | Loss:   1.2958
2023-12-29 05:19:07,169 | INFO | hilo.kernel-accessor : Fetching kernel: gumbel
2023-12-29 05:19:07,170 | INFO | hilo.gumbel-kernel : Calculating Gumbel distribution (location: -0.06870211660861969, scale 0.5112079381942749)
2023-12-29 05:19:07,170 | INFO | hilo.gumbel-kernel : BOTTOM-RIGHT:
tensor([[0.0000e+00, 0.0000e+00, 2.8197e-30],
        [0.0000e+00, 2.8198e-30, 5.0137e-05],
        [2.8197e-30, 5.0137e-05, 9.9990e-01]])
2023-12-29 05:19:07,171 | INFO | hilo.kernel-accessor : Fetching kernel: gumbel
2023-12-29 05:19:07,171 | INFO | hilo.gumbel-kernel : Calculating Gumbel distribution (location: -0.7431857585906982, scale 1.0274481773376465)
2023-12-29 05:19:07,172 | INFO | hilo.gumbel-kernel : TOP-RIGHT:
tensor([[1.1861e-12, 3.4556e-04, 9.9931e-01],
        [2.3334e-34, 1.1861e-12, 3.4556e-04],
        [0.0000e+00, 2.3334e-34, 1.1861e-12]])
2023-12-29 05:19:07,172 | INFO | hilo.kernel-accessor : Fetching kernel: gumbel
2023-12-29 05:19:07,172 | INFO | hilo.gumbel-kernel : Calculating Gumbel distribution (location: -2.5227015018463135, scale 2.787348985671997)
2023-12-29 05:19:07,173 | INFO | hilo.gumbel-kernel : TOP-RIGHT:
tensor([[7.2616e-04, 4.5342e-02, 9.0713e-01],
        [2.2801e-06, 7.2616e-04, 4.5342e-02],
        [6.9486e-10, 2.2801e-06, 7.2616e-04]])
2023-12-29 05:19:07,173 | INFO | hilo.kernel-accessor : Fetching kernel: gumbel
2023-12-29 05:19:07,173 | INFO | hilo.gumbel-kernel : Calculating Gumbel distribution (location: -1.8187073469161987, scale 1.9751412868499756)
2023-12-29 05:19:07,174 | INFO | hilo.gumbel-kernel : BOTTOM-RIGHT:
tensor([[1.2512e-19, 3.6493e-11, 5.6438e-06],
        [3.6493e-11, 5.6438e-06, 9.2616e-03],
        [5.6438e-06, 9.2616e-03, 9.8146e-01]])
2023-12-29 05:19:15,662 | INFO | hilo : Epoch  11/200 | Accuracy:  62.5000 | Loss:   1.2759
2023-12-29 05:19:15,662 | INFO | hilo.kernel-accessor : Fetching kernel: gumbel
2023-12-29 05:19:15,663 | INFO | hilo.gumbel-kernel : Calculating Gumbel distribution (location: -0.13019587099552155, scale 0.4161665737628937)
2023-12-29 05:19:15,664 | INFO | hilo.gumbel-kernel : TOP-RIGHT:
tensor([[0.0000e+00, 6.2012e-10, 1.0000e+00],
        [0.0000e+00, 0.0000e+00, 6.2012e-10],
        [0.0000e+00, 0.0000e+00, 0.0000e+00]])
2023-12-29 05:19:15,664 | INFO | hilo.kernel-accessor : Fetching kernel: gumbel
2023-12-29 05:19:15,664 | INFO | hilo.gumbel-kernel : Calculating Gumbel distribution (location: -0.7874897718429565, scale 0.9084576368331909)
2023-12-29 05:19:15,665 | INFO | hilo.gumbel-kernel : TOP-RIGHT:
tensor([[1.8981e-21, 3.8773e-06, 9.9999e-01],
        [0.0000e+00, 1.8981e-21, 3.8773e-06],
        [0.0000e+00, 0.0000e+00, 1.8981e-21]])
2023-12-29 05:19:15,665 | INFO | hilo.kernel-accessor : Fetching kernel: gumbel
2023-12-29 05:19:15,665 | INFO | hilo.gumbel-kernel : Calculating Gumbel distribution (location: -2.0534229278564453, scale 2.6150121688842773)
2023-12-29 05:19:15,666 | INFO | hilo.gumbel-kernel : BOTTOM-RIGHT:
tensor([[5.2676e-09, 8.9458e-06, 1.6142e-03],
        [8.9458e-06, 1.6142e-03, 6.3104e-02],
        [1.6142e-03, 6.3104e-02, 8.6893e-01]])
2023-12-29 05:19:15,666 | INFO | hilo.kernel-accessor : Fetching kernel: gumbel
2023-12-29 05:19:15,666 | INFO | hilo.gumbel-kernel : Calculating Gumbel distribution (location: -2.6757724285125732, scale 2.5131795406341553)
2023-12-29 05:19:15,667 | INFO | hilo.gumbel-kernel : STATIC:
tensor([[9.7838e-01, 1.0785e-02, 1.5954e-05],
        [1.0785e-02, 1.5954e-05, 1.1868e-09],
        [1.5954e-05, 1.1868e-09, 1.0298e-15]])
2023-12-29 05:19:24,036 | INFO | hilo : Epoch  12/200 | Accuracy:  63.6574 | Loss:   1.0893
2023-12-29 05:19:24,037 | INFO | hilo.kernel-accessor : Fetching kernel: gumbel
2023-12-29 05:19:24,037 | INFO | hilo.gumbel-kernel : Calculating Gumbel distribution (location: -0.04461117833852768, scale 0.49438732862472534)
2023-12-29 05:19:24,038 | INFO | hilo.gumbel-kernel : BOTTOM-RIGHT:
tensor([[0.0000e+00, 0.0000e+00, 1.1025e-31],
        [0.0000e+00, 1.1025e-31, 5.1252e-05],
        [1.1025e-31, 5.1252e-05, 9.9990e-01]])
2023-12-29 05:19:24,038 | INFO | hilo.kernel-accessor : Fetching kernel: gumbel
2023-12-29 05:19:24,038 | INFO | hilo.gumbel-kernel : Calculating Gumbel distribution (location: -0.8133765459060669, scale 1.0014691352844238)
2023-12-29 05:19:24,039 | INFO | hilo.gumbel-kernel : BOTTOM-RIGHT:
tensor([[0.0000e+00, 0.0000e+00, 1.2532e-15],
        [0.0000e+00, 1.2532e-15, 6.1341e-05],
        [1.2532e-15, 6.1341e-05, 9.9988e-01]])
2023-12-29 05:19:24,039 | INFO | hilo.kernel-accessor : Fetching kernel: gumbel
2023-12-29 05:19:24,039 | INFO | hilo.gumbel-kernel : Calculating Gumbel distribution (location: -2.784339189529419, scale 3.219205617904663)
2023-12-29 05:19:24,040 | INFO | hilo.gumbel-kernel : TOP-RIGHT:
tensor([[3.4774e-03, 7.8246e-02, 8.3296e-01],
        [5.5667e-05, 3.4774e-03, 7.8246e-02],
        [2.2128e-07, 5.5667e-05, 3.4774e-03]])
2023-12-29 05:19:24,040 | INFO | hilo.kernel-accessor : Fetching kernel: gumbel
2023-12-29 05:19:24,040 | INFO | hilo.gumbel-kernel : Calculating Gumbel distribution (location: -2.598421096801758, scale 2.605609893798828)
2023-12-29 05:19:24,041 | INFO | hilo.gumbel-kernel : BOTTOM-RIGHT:
tensor([[4.9152e-13, 3.8012e-08, 9.1912e-05],
        [3.8012e-08, 9.1912e-05, 2.0968e-02],
        [9.1912e-05, 2.0968e-02, 9.5779e-01]])
2023-12-29 05:19:32,354 | INFO | hilo : Epoch  13/200 | Accuracy:  60.3693 | Loss:   1.3401
2023-12-29 05:19:32,354 | INFO | hilo.kernel-accessor : Fetching kernel: gumbel
2023-12-29 05:19:32,355 | INFO | hilo.gumbel-kernel : Calculating Gumbel distribution (location: -0.017815865576267242, scale 0.5166448354721069)
2023-12-29 05:19:32,356 | INFO | hilo.gumbel-kernel : TOP-RIGHT:
tensor([[2.8239e-24, 2.5169e-04, 9.9950e-01],
        [0.0000e+00, 2.8239e-24, 2.5169e-04],
        [0.0000e+00, 0.0000e+00, 2.8239e-24]])
2023-12-29 05:19:32,356 | INFO | hilo.kernel-accessor : Fetching kernel: gumbel
2023-12-29 05:19:32,356 | INFO | hilo.gumbel-kernel : Calculating Gumbel distribution (location: -0.8059380054473877, scale 0.9313210844993591)
2023-12-29 05:19:32,357 | INFO | hilo.gumbel-kernel : STATIC:
tensor([[9.9999e-01, 6.4755e-06, 3.3553e-20],
        [6.4755e-06, 3.3553e-20, 0.0000e+00],
        [3.3553e-20, 0.0000e+00, 0.0000e+00]])
2023-12-29 05:19:32,357 | INFO | hilo.kernel-accessor : Fetching kernel: gumbel
2023-12-29 05:19:32,358 | INFO | hilo.gumbel-kernel : Calculating Gumbel distribution (location: -2.3204569816589355, scale 2.901099681854248)
2023-12-29 05:19:32,358 | INFO | hilo.gumbel-kernel : STATIC:
tensor([[8.3628e-01, 7.7199e-02, 3.0805e-03],
        [7.7199e-02, 3.0805e-03, 3.7624e-05],
        [3.0805e-03, 3.7624e-05, 8.6405e-08]])
2023-12-29 05:19:32,358 | INFO | hilo.kernel-accessor : Fetching kernel: gumbel
2023-12-29 05:19:32,359 | INFO | hilo.gumbel-kernel : Calculating Gumbel distribution (location: -2.9215009212493896, scale 2.721155881881714)
2023-12-29 05:19:32,359 | INFO | hilo.gumbel-kernel : STATIC:
tensor([[9.6989e-01, 1.4993e-02, 4.2826e-05],
        [1.4993e-02, 4.2827e-05, 1.0679e-08],
        [4.2826e-05, 1.0679e-08, 7.8715e-14]])
2023-12-29 05:19:40,930 | INFO | hilo : Epoch  14/200 | Accuracy:  61.9792 | Loss:   1.1191
2023-12-29 05:19:40,930 | INFO | hilo.kernel-accessor : Fetching kernel: gumbel
2023-12-29 05:19:40,931 | INFO | hilo.gumbel-kernel : Calculating Gumbel distribution (location: -0.10706090927124023, scale 0.4526329040527344)
2023-12-29 05:19:40,931 | INFO | hilo.gumbel-kernel : STATIC:
tensor([[1.0000e+00, 2.4454e-07, 0.0000e+00],
        [2.4454e-07, 0.0000e+00, 0.0000e+00],
        [0.0000e+00, 0.0000e+00, 0.0000e+00]])
2023-12-29 05:19:40,932 | INFO | hilo.kernel-accessor : Fetching kernel: gumbel
2023-12-29 05:19:40,932 | INFO | hilo.gumbel-kernel : Calculating Gumbel distribution (location: -0.8757120966911316, scale 0.9423112273216248)
2023-12-29 05:19:40,933 | INFO | hilo.gumbel-kernel : TOP-RIGHT:
tensor([[3.9518e-22, 1.8785e-06, 1.0000e+00],
        [0.0000e+00, 3.9518e-22, 1.8785e-06],
        [0.0000e+00, 0.0000e+00, 3.9518e-22]])
2023-12-29 05:19:40,933 | INFO | hilo.kernel-accessor : Fetching kernel: gumbel
2023-12-29 05:19:40,933 | INFO | hilo.gumbel-kernel : Calculating Gumbel distribution (location: -2.3570613861083984, scale 3.1393439769744873)
2023-12-29 05:19:40,934 | INFO | hilo.gumbel-kernel : BOTTOM-RIGHT:
tensor([[2.0485e-06, 2.2458e-04, 7.4569e-03],
        [2.2458e-04, 7.4569e-03, 1.0388e-01],
        [7.4569e-03, 1.0388e-01, 7.6942e-01]])
2023-12-29 05:19:40,934 | INFO | hilo.kernel-accessor : Fetching kernel: gumbel
2023-12-29 05:19:40,934 | INFO | hilo.gumbel-kernel : Calculating Gumbel distribution (location: -1.987675666809082, scale 1.999824047088623)
2023-12-29 05:19:40,935 | INFO | hilo.gumbel-kernel : BOTTOM-RIGHT:
tensor([[7.3714e-22, 2.0143e-12, 1.2968e-06],
        [2.0143e-12, 1.2968e-06, 5.2648e-03],
        [1.2968e-06, 5.2648e-03, 9.8947e-01]])
2023-12-29 05:19:49,319 | INFO | hilo : Epoch  15/200 | Accuracy:  61.7188 | Loss:   1.0435
2023-12-29 05:19:49,319 | INFO | hilo.kernel-accessor : Fetching kernel: gumbel
2023-12-29 05:19:49,319 | INFO | hilo.gumbel-kernel : Calculating Gumbel distribution (location: -0.07295446842908859, scale 0.46904706954956055)
2023-12-29 05:19:49,320 | INFO | hilo.gumbel-kernel : BOTTOM-RIGHT:
tensor([[0.0000e+00, 0.0000e+00, 3.9236e-44],
        [0.0000e+00, 3.9236e-44, 4.6657e-06],
        [3.9236e-44, 4.6657e-06, 9.9999e-01]])
2023-12-29 05:19:49,320 | INFO | hilo.kernel-accessor : Fetching kernel: gumbel
2023-12-29 05:19:49,321 | INFO | hilo.gumbel-kernel : Calculating Gumbel distribution (location: -0.8432455658912659, scale 0.9441338777542114)
2023-12-29 05:19:49,321 | INFO | hilo.gumbel-kernel : BOTTOM-RIGHT:
tensor([[0.0000e+00, 0.0000e+00, 1.3087e-20],
        [0.0000e+00, 1.3087e-20, 4.5456e-06],
        [1.3087e-20, 4.5456e-06, 9.9999e-01]])
2023-12-29 05:19:49,322 | INFO | hilo.kernel-accessor : Fetching kernel: gumbel
2023-12-29 05:19:49,322 | INFO | hilo.gumbel-kernel : Calculating Gumbel distribution (location: -2.414626121520996, scale 3.088404417037964)
2023-12-29 05:19:49,322 | INFO | hilo.gumbel-kernel : TOP-RIGHT:
tensor([[5.3838e-03, 9.2921e-02, 7.9777e-01],
        [1.1881e-04, 5.3838e-03, 9.2921e-02],
        [6.9036e-07, 1.1881e-04, 5.3838e-03]])
2023-12-29 05:19:49,323 | INFO | hilo.kernel-accessor : Fetching kernel: gumbel
2023-12-29 05:19:49,323 | INFO | hilo.gumbel-kernel : Calculating Gumbel distribution (location: -1.8874635696411133, scale 2.126075506210327)
2023-12-29 05:19:49,324 | INFO | hilo.gumbel-kernel : BOTTOM-RIGHT:
tensor([[8.0473e-16, 2.6496e-09, 3.7315e-05],
        [2.6496e-09, 3.7315e-05, 1.7401e-02],
        [3.7315e-05, 1.7401e-02, 9.6509e-01]])
2023-12-29 05:19:57,769 | INFO | hilo : Epoch  16/200 | Accuracy:  64.0625 | Loss:   1.1089
2023-12-29 05:19:57,769 | INFO | hilo.kernel-accessor : Fetching kernel: gumbel
2023-12-29 05:19:57,770 | INFO | hilo.gumbel-kernel : Calculating Gumbel distribution (location: 0.021421199664473534, scale 0.5500162839889526)
2023-12-29 05:19:57,771 | INFO | hilo.gumbel-kernel : TOP-RIGHT:
tensor([[3.7597e-17, 1.3679e-03, 9.9726e-01],
        [0.0000e+00, 3.7597e-17, 1.3679e-03],
        [0.0000e+00, 0.0000e+00, 3.7597e-17]])
2023-12-29 05:19:57,771 | INFO | hilo.kernel-accessor : Fetching kernel: gumbel
2023-12-29 05:19:57,771 | INFO | hilo.gumbel-kernel : Calculating Gumbel distribution (location: -0.8229600191116333, scale 1.0055291652679443)
2023-12-29 05:19:57,772 | INFO | hilo.gumbel-kernel : TOP-RIGHT:
tensor([[1.1403e-15, 5.8390e-05, 9.9988e-01],
        [0.0000e+00, 1.1403e-15, 5.8390e-05],
        [0.0000e+00, 0.0000e+00, 1.1403e-15]])
2023-12-29 05:19:57,772 | INFO | hilo.kernel-accessor : Fetching kernel: gumbel
2023-12-29 05:19:57,772 | INFO | hilo.gumbel-kernel : Calculating Gumbel distribution (location: -2.260373830795288, scale 3.053770065307617)
2023-12-29 05:19:57,773 | INFO | hilo.gumbel-kernel : STATIC:
tensor([[7.7527e-01, 1.0181e-01, 6.9119e-03],
        [1.0181e-01, 6.9119e-03, 1.8789e-04],
        [6.9119e-03, 1.8789e-04, 1.4345e-06]])
2023-12-29 05:19:57,773 | INFO | hilo.kernel-accessor : Fetching kernel: gumbel
2023-12-29 05:19:57,773 | INFO | hilo.gumbel-kernel : Calculating Gumbel distribution (location: -3.0737123489379883, scale 3.1728885173797607)
2023-12-29 05:19:57,774 | INFO | hilo.gumbel-kernel : BOTTOM-RIGHT:
tensor([[6.0941e-09, 6.2626e-06, 1.0750e-03],
        [6.2626e-06, 1.0750e-03, 4.9996e-02],
        [1.0750e-03, 4.9996e-02, 8.9677e-01]])
2023-12-29 05:20:06,249 | INFO | hilo : Epoch  17/200 | Accuracy:  62.5000 | Loss:   1.1664
2023-12-29 05:20:06,249 | INFO | hilo.kernel-accessor : Fetching kernel: gumbel
2023-12-29 05:20:06,250 | INFO | hilo.gumbel-kernel : Calculating Gumbel distribution (location: -0.1437796652317047, scale 0.47638002038002014)
2023-12-29 05:20:06,251 | INFO | hilo.gumbel-kernel : TOP-RIGHT:
tensor([[0.0000e+00, 2.5250e-07, 1.0000e+00],
        [0.0000e+00, 0.0000e+00, 2.5250e-07],
        [0.0000e+00, 0.0000e+00, 0.0000e+00]])
2023-12-29 05:20:06,251 | INFO | hilo.kernel-accessor : Fetching kernel: gumbel
2023-12-29 05:20:06,251 | INFO | hilo.gumbel-kernel : Calculating Gumbel distribution (location: -0.8148022294044495, scale 0.980093240737915)
2023-12-29 05:20:06,252 | INFO | hilo.gumbel-kernel : BOTTOM-RIGHT:
tensor([[0.0000e+00, 0.0000e+00, 6.0181e-17],
        [0.0000e+00, 6.0181e-17, 3.1173e-05],
        [6.0181e-17, 3.1173e-05, 9.9994e-01]])
2023-12-29 05:20:06,252 | INFO | hilo.kernel-accessor : Fetching kernel: gumbel
2023-12-29 05:20:06,252 | INFO | hilo.gumbel-kernel : Calculating Gumbel distribution (location: -2.600142240524292, scale 3.0869312286376953)
2023-12-29 05:20:06,253 | INFO | hilo.gumbel-kernel : BOTTOM-RIGHT:
tensor([[1.4026e-07, 4.5138e-05, 3.2151e-03],
        [4.5138e-05, 3.2151e-03, 7.6934e-02],
        [3.2151e-03, 7.6934e-02, 8.3640e-01]])
2023-12-29 05:20:06,253 | INFO | hilo.kernel-accessor : Fetching kernel: gumbel
2023-12-29 05:20:06,253 | INFO | hilo.gumbel-kernel : Calculating Gumbel distribution (location: -1.9914664030075073, scale 2.0066652297973633)
2023-12-29 05:20:06,254 | INFO | hilo.gumbel-kernel : BOTTOM-RIGHT:
tensor([[1.2296e-21, 2.5793e-12, 1.4446e-06],
        [2.5793e-12, 1.4446e-06, 5.4574e-03],
        [1.4446e-06, 5.4574e-03, 9.8908e-01]])
2023-12-29 05:20:14,733 | INFO | hilo : Epoch  18/200 | Accuracy:  64.9554 | Loss:   1.1388
2023-12-29 05:20:14,733 | INFO | hilo.kernel-accessor : Fetching kernel: gumbel
2023-12-29 05:20:14,734 | INFO | hilo.gumbel-kernel : Calculating Gumbel distribution (location: 0.03665255010128021, scale 0.45538270473480225)
2023-12-29 05:20:14,734 | INFO | hilo.gumbel-kernel : STATIC:
tensor([[9.9975e-01, 1.2378e-04, 3.8975e-32],
        [1.2378e-04, 3.8975e-32, 0.0000e+00],
        [3.8975e-32, 0.0000e+00, 0.0000e+00]])
2023-12-29 05:20:14,735 | INFO | hilo.kernel-accessor : Fetching kernel: gumbel
2023-12-29 05:20:14,735 | INFO | hilo.gumbel-kernel : Calculating Gumbel distribution (location: -0.7691808938980103, scale 0.8900397419929504)
2023-12-29 05:20:14,736 | INFO | hilo.gumbel-kernel : TOP-RIGHT:
tensor([[2.1474e-22, 2.7235e-06, 9.9999e-01],
        [0.0000e+00, 2.1474e-22, 2.7235e-06],
        [0.0000e+00, 0.0000e+00, 2.1474e-22]])
2023-12-29 05:20:14,736 | INFO | hilo.kernel-accessor : Fetching kernel: gumbel
2023-12-29 05:20:14,736 | INFO | hilo.gumbel-kernel : Calculating Gumbel distribution (location: -1.7704732418060303, scale 2.3048653602600098)
2023-12-29 05:20:14,737 | INFO | hilo.gumbel-kernel : BOTTOM-RIGHT:
tensor([[5.9430e-11, 9.8117e-07, 6.1824e-04],
        [9.8117e-07, 6.1824e-04, 4.6936e-02],
        [6.1824e-04, 4.6936e-02, 9.0427e-01]])
2023-12-29 05:20:14,737 | INFO | hilo.kernel-accessor : Fetching kernel: gumbel
2023-12-29 05:20:14,737 | INFO | hilo.gumbel-kernel : Calculating Gumbel distribution (location: -2.547391891479492, scale 2.4052610397338867)
2023-12-29 05:20:14,738 | INFO | hilo.gumbel-kernel : TOP-RIGHT:
tensor([[8.8632e-06, 8.9081e-03, 9.8216e-01],
        [3.0960e-10, 8.8632e-06, 8.9081e-03],
        [6.7537e-17, 3.0960e-10, 8.8632e-06]])
2023-12-29 05:20:23,174 | INFO | hilo : Epoch  19/200 | Accuracy:  53.1250 | Loss:   1.7470
2023-12-29 05:20:23,175 | INFO | hilo.kernel-accessor : Fetching kernel: gumbel
2023-12-29 05:20:23,175 | INFO | hilo.gumbel-kernel : Calculating Gumbel distribution (location: -0.08674921840429306, scale 0.5187678933143616)
2023-12-29 05:20:23,176 | INFO | hilo.gumbel-kernel : TOP-RIGHT:
tensor([[1.8482e-30, 3.9719e-05, 9.9992e-01],
        [0.0000e+00, 1.8483e-30, 3.9719e-05],
        [0.0000e+00, 0.0000e+00, 1.8482e-30]])
2023-12-29 05:20:23,176 | INFO | hilo.kernel-accessor : Fetching kernel: gumbel
2023-12-29 05:20:23,177 | INFO | hilo.gumbel-kernel : Calculating Gumbel distribution (location: -0.7986427545547485, scale 1.0329976081848145)
2023-12-29 05:20:23,177 | INFO | hilo.gumbel-kernel : STATIC:
tensor([[9.9964e-01, 1.7818e-04, 1.1666e-13],
        [1.7818e-04, 1.1666e-13, 3.7475e-37],
        [1.1666e-13, 3.7475e-37, 0.0000e+00]])
2023-12-29 05:20:23,178 | INFO | hilo.kernel-accessor : Fetching kernel: gumbel
2023-12-29 05:20:23,178 | INFO | hilo.gumbel-kernel : Calculating Gumbel distribution (location: -2.5092759132385254, scale 2.9198224544525146)
2023-12-29 05:20:23,179 | INFO | hilo.gumbel-kernel : STATIC:
tensor([[8.6821e-01, 6.3164e-02, 1.8122e-03],
        [6.3164e-02, 1.8122e-03, 1.4020e-05],
        [1.8122e-03, 1.4020e-05, 1.7124e-08]])
2023-12-29 05:20:23,179 | INFO | hilo.kernel-accessor : Fetching kernel: gumbel
2023-12-29 05:20:23,179 | INFO | hilo.gumbel-kernel : Calculating Gumbel distribution (location: -2.4153637886047363, scale 2.496964693069458)
2023-12-29 05:20:23,180 | INFO | hilo.gumbel-kernel : STATIC:
tensor([[9.5732e-01, 2.1209e-02, 8.7644e-05],
        [2.1209e-02, 8.7644e-05, 2.9543e-08],
        [8.7644e-05, 2.9543e-08, 2.3636e-13]])
2023-12-29 05:20:31,676 | INFO | hilo : Epoch  20/200 | Accuracy:  58.8542 | Loss:   1.3227
2023-12-29 05:20:31,676 | INFO | hilo.kernel-accessor : Fetching kernel: gumbel
2023-12-29 05:20:31,677 | INFO | hilo.gumbel-kernel : Calculating Gumbel distribution (location: -0.07126159965991974, scale 0.5405922532081604)
2023-12-29 05:20:31,677 | INFO | hilo.gumbel-kernel : BOTTOM-RIGHT:
tensor([[0.0000e+00, 0.0000e+00, 1.2632e-24],
        [0.0000e+00, 1.2632e-24, 1.4696e-04],
        [1.2632e-24, 1.4696e-04, 9.9971e-01]])
2023-12-29 05:20:31,678 | INFO | hilo.kernel-accessor : Fetching kernel: gumbel
2023-12-29 05:20:31,678 | INFO | hilo.gumbel-kernel : Calculating Gumbel distribution (location: -0.7630622386932373, scale 1.1193779706954956)
2023-12-29 05:20:31,678 | INFO | hilo.gumbel-kernel : BOTTOM-RIGHT:
tensor([[0.0000e+00, 5.8679e-25, 6.0969e-10],
        [5.8679e-25, 6.0969e-10, 1.4465e-03],
        [6.0969e-10, 1.4465e-03, 9.9711e-01]])
2023-12-29 05:20:31,678 | INFO | hilo.kernel-accessor : Fetching kernel: gumbel
2023-12-29 05:20:31,678 | INFO | hilo.gumbel-kernel : Calculating Gumbel distribution (location: -3.0011062622070312, scale 3.402801752090454)
2023-12-29 05:20:31,679 | INFO | hilo.gumbel-kernel : TOP-RIGHT:
tensor([[4.2813e-03, 8.3304e-02, 8.2037e-01],
        [8.8248e-05, 4.2813e-03, 8.3304e-02],
        [5.3397e-07, 8.8248e-05, 4.2813e-03]])
2023-12-29 05:20:31,679 | INFO | hilo.kernel-accessor : Fetching kernel: gumbel
2023-12-29 05:20:31,679 | INFO | hilo.gumbel-kernel : Calculating Gumbel distribution (location: -2.904045820236206, scale 2.943803548812866)
2023-12-29 05:20:31,679 | INFO | hilo.gumbel-kernel : BOTTOM-RIGHT:
tensor([[2.2148e-10, 9.8555e-07, 4.3027e-04],
        [9.8555e-07, 4.3027e-04, 3.5968e-02],
        [4.3027e-04, 3.5968e-02, 9.2677e-01]])
2023-12-29 05:20:40,264 | INFO | hilo : Epoch  21/200 | Accuracy:  62.5000 | Loss:   0.9389
2023-12-29 05:20:40,264 | INFO | hilo.kernel-accessor : Fetching kernel: gumbel
2023-12-29 05:20:40,265 | INFO | hilo.gumbel-kernel : Calculating Gumbel distribution (location: 0.08356313407421112, scale 0.5483464002609253)
2023-12-29 05:20:40,266 | INFO | hilo.gumbel-kernel : BOTTOM-RIGHT:
