2024-03-06 07:09:08,680 | INFO | hilo : 
+==============================================================+
|                                                              |
| ██████╗  █████╗ ██████╗ ██╗         ██╗      █████╗ ██████╗  |
| ██╔══██╗██╔══██╗██╔══██╗██║         ██║     ██╔══██╗██╔══██╗ |
| ██║  ██║███████║██║  ██║██║         ██║     ███████║██████╔╝ |
| ██║  ██║██╔══██║██║  ██║██║         ██║     ██╔══██║██╔══██╗ |
| ██████╔╝██║  ██║██████╔╝███████╗    ███████╗██║  ██║██████╔╝ |
| ╚═════╝ ╚═╝  ╚═╝╚═════╝ ╚══════╝    ╚══════╝╚═╝  ╚═╝╚═════╝  |
+==============================================================+
|             Hi-Lo Resolution Image Classification            |
|             -------------------------------------            |
|                       Gabriel C. Trahan                      |
|                          Sahan Ahmad                         |
|                       MD  Aminual Islam                      |
+==============================================================+
2024-03-06 07:09:10,250 | INFO | hilo.dataset-accessor : Fetching dataset: cifar10
2024-03-06 07:09:10,250 | INFO | hilo.cifar10-dataset : Initializing transform
2024-03-06 07:09:10,250 | INFO | hilo.cifar10-dataset : Verifying/downloading train data
2024-03-06 07:09:10,852 | INFO | hilo.cifar10-dataset : Verifying/downloading test data
2024-03-06 07:09:11,335 | INFO | hilo.cifar10-dataset : Creating train data loader.
2024-03-06 07:09:11,335 | INFO | hilo.cifar10-dataset : Creating test data loader.
2024-03-06 07:09:11,493 | INFO | hilo : Output directory: output/resnet/cifar10/gumbel/14/20240306_070910/
2024-03-06 07:09:12,528 | INFO | hilo : Using device: NVIDIA GeForce GTX 1060 6GB
2024-03-06 07:09:12,528 | INFO | hilo : Exeucting job: MODEL resnet | DATASET cifar10 | KERNEL gumbel | TYPE 14
2024-03-06 07:09:12,528 | INFO | hilo : Commencing training phase...
2024-03-06 07:09:12,528 | INFO | hilo.kernel-accessor : Fetching kernel: gumbel
2024-03-06 07:09:12,529 | INFO | hilo.gumbel-kernel : Calculating Gumbel distribution (location: 0.0, scale 1.0)
2024-03-06 07:09:12,530 | INFO | hilo.gumbel-kernel : TOP-RIGHT:
tensor([[2.0072e-04, 5.8259e-02, 8.8288e-01],
        [2.2609e-10, 2.0072e-04, 5.8259e-02],
        [8.5377e-26, 2.2609e-10, 2.0072e-04]])
2024-03-06 07:09:12,530 | INFO | hilo.kernel-accessor : Fetching kernel: gumbel
2024-03-06 07:09:12,530 | INFO | hilo.gumbel-kernel : Calculating Gumbel distribution (location: 0.0, scale 1.0)
2024-03-06 07:09:12,530 | INFO | hilo.gumbel-kernel : STATIC:
tensor([[8.8288e-01, 5.8259e-02, 2.0072e-04],
        [5.8259e-02, 2.0072e-04, 2.2609e-10],
        [2.0072e-04, 2.2609e-10, 8.5377e-26]])
2024-03-06 07:09:12,530 | INFO | hilo.kernel-accessor : Fetching kernel: gumbel
2024-03-06 07:09:12,531 | INFO | hilo.gumbel-kernel : Calculating Gumbel distribution (location: 0.0, scale 1.0)
2024-03-06 07:09:12,531 | INFO | hilo.gumbel-kernel : BOTTOM-LEFT:
tensor([[2.0072e-04, 2.2609e-10, 8.5377e-26],
        [5.8259e-02, 2.0072e-04, 2.2609e-10],
        [8.8288e-01, 5.8259e-02, 2.0072e-04]])
2024-03-06 07:09:12,531 | INFO | hilo.kernel-accessor : Fetching kernel: gumbel
2024-03-06 07:09:12,531 | INFO | hilo.gumbel-kernel : Calculating Gumbel distribution (location: 0.0, scale 1.0)
2024-03-06 07:09:12,531 | INFO | hilo.gumbel-kernel : TOP-LEFT:
tensor([[8.8288e-01, 5.8259e-02, 2.0072e-04],
        [5.8259e-02, 2.0072e-04, 2.2609e-10],
        [2.0072e-04, 2.2609e-10, 8.5377e-26]])
2024-03-06 07:09:12,532 | INFO | hilo.kernel-accessor : Fetching kernel: gumbel
2024-03-06 07:09:12,532 | INFO | hilo.gumbel-kernel : Calculating Gumbel distribution (location: 0.0, scale 1.0)
2024-03-06 07:09:12,532 | INFO | hilo.gumbel-kernel : TOP-LEFT:
tensor([[8.8288e-01, 5.8259e-02, 2.0072e-04],
        [5.8259e-02, 2.0072e-04, 2.2609e-10],
        [2.0072e-04, 2.2609e-10, 8.5377e-26]])
2024-03-06 07:09:12,532 | INFO | hilo.kernel-accessor : Fetching kernel: gumbel
2024-03-06 07:09:12,532 | INFO | hilo.gumbel-kernel : Calculating Gumbel distribution (location: 0.0, scale 1.0)
2024-03-06 07:09:12,533 | INFO | hilo.gumbel-kernel : STATIC:
tensor([[8.8288e-01, 5.8259e-02, 2.0072e-04],
        [5.8259e-02, 2.0072e-04, 2.2609e-10],
        [2.0072e-04, 2.2609e-10, 8.5377e-26]])
2024-03-06 07:09:12,533 | INFO | hilo.kernel-accessor : Fetching kernel: gumbel
2024-03-06 07:09:12,533 | INFO | hilo.gumbel-kernel : Calculating Gumbel distribution (location: 0.0, scale 1.0)
2024-03-06 07:09:12,533 | INFO | hilo.gumbel-kernel : TOP-RIGHT:
tensor([[2.0072e-04, 5.8259e-02, 8.8288e-01],
        [2.2609e-10, 2.0072e-04, 5.8259e-02],
        [8.5377e-26, 2.2609e-10, 2.0072e-04]])
2024-03-06 07:09:12,533 | INFO | hilo.kernel-accessor : Fetching kernel: gumbel
2024-03-06 07:09:12,533 | INFO | hilo.gumbel-kernel : Calculating Gumbel distribution (location: 0.0, scale 1.0)
2024-03-06 07:09:12,534 | INFO | hilo.gumbel-kernel : TOP-LEFT:
tensor([[8.8288e-01, 5.8259e-02, 2.0072e-04],
        [5.8259e-02, 2.0072e-04, 2.2609e-10],
        [2.0072e-04, 2.2609e-10, 8.5377e-26]])
2024-03-06 07:09:12,534 | INFO | hilo.kernel-accessor : Fetching kernel: gumbel
2024-03-06 07:09:12,534 | INFO | hilo.gumbel-kernel : Calculating Gumbel distribution (location: 0.0, scale 1.0)
2024-03-06 07:09:12,534 | INFO | hilo.gumbel-kernel : BOTTOM-LEFT:
tensor([[2.0072e-04, 2.2609e-10, 8.5377e-26],
        [5.8259e-02, 2.0072e-04, 2.2609e-10],
        [8.8288e-01, 5.8259e-02, 2.0072e-04]])
2024-03-06 07:09:12,534 | INFO | hilo.kernel-accessor : Fetching kernel: gumbel
2024-03-06 07:09:12,534 | INFO | hilo.gumbel-kernel : Calculating Gumbel distribution (location: 0.0, scale 1.0)
2024-03-06 07:09:12,535 | INFO | hilo.gumbel-kernel : TOP-RIGHT:
tensor([[2.0072e-04, 5.8259e-02, 8.8288e-01],
        [2.2609e-10, 2.0072e-04, 5.8259e-02],
        [8.5377e-26, 2.2609e-10, 2.0072e-04]])
2024-03-06 07:09:12,535 | INFO | hilo.kernel-accessor : Fetching kernel: gumbel
2024-03-06 07:09:12,535 | INFO | hilo.gumbel-kernel : Calculating Gumbel distribution (location: 0.0, scale 1.0)
2024-03-06 07:09:12,535 | INFO | hilo.gumbel-kernel : TOP-RIGHT:
tensor([[2.0072e-04, 5.8259e-02, 8.8288e-01],
        [2.2609e-10, 2.0072e-04, 5.8259e-02],
        [8.5377e-26, 2.2609e-10, 2.0072e-04]])
2024-03-06 07:09:12,535 | INFO | hilo.kernel-accessor : Fetching kernel: gumbel
2024-03-06 07:09:12,535 | INFO | hilo.gumbel-kernel : Calculating Gumbel distribution (location: 0.0, scale 1.0)
2024-03-06 07:09:12,536 | INFO | hilo.gumbel-kernel : BOTTOM-LEFT:
tensor([[2.0072e-04, 2.2609e-10, 8.5377e-26],
        [5.8259e-02, 2.0072e-04, 2.2609e-10],
        [8.8288e-01, 5.8259e-02, 2.0072e-04]])
2024-03-06 07:09:12,536 | INFO | hilo.kernel-accessor : Fetching kernel: gumbel
2024-03-06 07:09:12,536 | INFO | hilo.gumbel-kernel : Calculating Gumbel distribution (location: 0.0, scale 1.0)
2024-03-06 07:09:12,536 | INFO | hilo.gumbel-kernel : TOP-RIGHT:
tensor([[2.0072e-04, 5.8259e-02, 8.8288e-01],
        [2.2609e-10, 2.0072e-04, 5.8259e-02],
        [8.5377e-26, 2.2609e-10, 2.0072e-04]])
2024-03-06 07:09:12,536 | INFO | hilo.kernel-accessor : Fetching kernel: gumbel
2024-03-06 07:09:12,536 | INFO | hilo.gumbel-kernel : Calculating Gumbel distribution (location: 0.0, scale 1.0)
2024-03-06 07:09:12,537 | INFO | hilo.gumbel-kernel : BOTTOM-LEFT:
tensor([[2.0072e-04, 2.2609e-10, 8.5377e-26],
        [5.8259e-02, 2.0072e-04, 2.2609e-10],
        [8.8288e-01, 5.8259e-02, 2.0072e-04]])
2024-03-06 07:09:12,537 | INFO | hilo.kernel-accessor : Fetching kernel: gumbel
2024-03-06 07:09:12,537 | INFO | hilo.gumbel-kernel : Calculating Gumbel distribution (location: 0.0, scale 1.0)
2024-03-06 07:09:12,537 | INFO | hilo.gumbel-kernel : BOTTOM-RIGHT:
tensor([[8.5377e-26, 2.2609e-10, 2.0072e-04],
        [2.2609e-10, 2.0072e-04, 5.8259e-02],
        [2.0072e-04, 5.8259e-02, 8.8288e-01]])
2024-03-06 07:09:12,537 | INFO | hilo.kernel-accessor : Fetching kernel: gumbel
2024-03-06 07:09:12,538 | INFO | hilo.gumbel-kernel : Calculating Gumbel distribution (location: 0.0, scale 1.0)
2024-03-06 07:09:12,538 | INFO | hilo.gumbel-kernel : TOP-LEFT:
tensor([[8.8288e-01, 5.8259e-02, 2.0072e-04],
        [5.8259e-02, 2.0072e-04, 2.2609e-10],
        [2.0072e-04, 2.2609e-10, 8.5377e-26]])
2024-03-06 07:09:12,538 | INFO | hilo.kernel-accessor : Fetching kernel: gumbel
2024-03-06 07:09:12,538 | INFO | hilo.gumbel-kernel : Calculating Gumbel distribution (location: 0.0, scale 1.0)
2024-03-06 07:09:12,538 | INFO | hilo.gumbel-kernel : BOTTOM-LEFT:
tensor([[2.0072e-04, 2.2609e-10, 8.5377e-26],
        [5.8259e-02, 2.0072e-04, 2.2609e-10],
        [8.8288e-01, 5.8259e-02, 2.0072e-04]])
2024-03-06 07:10:34,098 | INFO | hilo : Epoch   1/200 | Accuracy:  45.5793 | Loss:   1.6540
2024-03-06 07:10:34,098 | INFO | hilo.kernel-accessor : Fetching kernel: gumbel
2024-03-06 07:10:34,099 | INFO | hilo.gumbel-kernel : Calculating Gumbel distribution (location: -0.005758075974881649, scale 0.5145246982574463)
2024-03-06 07:10:34,100 | INFO | hilo.gumbel-kernel : TOP-RIGHT:
tensor([[1.2487e-23, 3.1497e-04, 9.9937e-01],
        [0.0000e+00, 1.2487e-23, 3.1497e-04],
        [0.0000e+00, 0.0000e+00, 1.2487e-23]])
2024-03-06 07:10:34,100 | INFO | hilo.kernel-accessor : Fetching kernel: gumbel
2024-03-06 07:10:34,100 | INFO | hilo.gumbel-kernel : Calculating Gumbel distribution (location: -0.49247902631759644, scale 1.692301630973816)
2024-03-06 07:10:34,101 | INFO | hilo.gumbel-kernel : TOP-RIGHT:
tensor([[4.2012e-03, 1.0248e-01, 7.8240e-01],
        [2.1147e-05, 4.2012e-03, 1.0248e-01],
        [2.4122e-09, 2.1147e-05, 4.2012e-03]])
2024-03-06 07:10:34,101 | INFO | hilo.kernel-accessor : Fetching kernel: gumbel
2024-03-06 07:10:34,102 | INFO | hilo.gumbel-kernel : Calculating Gumbel distribution (location: -0.34737804532051086, scale 1.286529302597046)
2024-03-06 07:10:34,102 | INFO | hilo.gumbel-kernel : TOP-LEFT:
tensor([[8.9021e-01, 5.4427e-02, 3.1062e-04],
        [5.4427e-02, 3.1062e-04, 1.0186e-08],
        [3.1062e-04, 1.0186e-08, 4.4577e-18]])
2024-03-06 07:10:34,102 | INFO | hilo.kernel-accessor : Fetching kernel: gumbel
2024-03-06 07:10:34,103 | INFO | hilo.gumbel-kernel : Calculating Gumbel distribution (location: -0.25385695695877075, scale 1.353581428527832)
2024-03-06 07:10:34,103 | INFO | hilo.gumbel-kernel : TOP-RIGHT:
tensor([[1.3863e-03, 8.1123e-02, 8.3359e-01],
        [6.2090e-07, 1.3863e-03, 8.1123e-02],
        [1.3598e-13, 6.2090e-07, 1.3863e-03]])
2024-03-06 07:10:34,104 | INFO | hilo.kernel-accessor : Fetching kernel: gumbel
2024-03-06 07:10:34,104 | INFO | hilo.gumbel-kernel : Calculating Gumbel distribution (location: -0.29719504714012146, scale 1.4175626039505005)
2024-03-06 07:10:34,105 | INFO | hilo.gumbel-kernel : BOTTOM-LEFT:
tensor([[1.8013e-03, 1.4943e-06, 1.7778e-12],
        [8.5586e-02, 1.8013e-03, 1.4943e-06],
        [8.2342e-01, 8.5586e-02, 1.8013e-03]])
2024-03-06 07:10:34,105 | INFO | hilo.kernel-accessor : Fetching kernel: gumbel
2024-03-06 07:10:34,105 | INFO | hilo.gumbel-kernel : Calculating Gumbel distribution (location: -0.17402026057243347, scale 1.0471961498260498)
2024-03-06 07:10:34,106 | INFO | hilo.gumbel-kernel : BOTTOM-LEFT:
tensor([[4.4969e-05, 5.0434e-12, 2.0213e-29],
        [3.8259e-02, 4.4969e-05, 5.0434e-12],
        [9.2335e-01, 3.8259e-02, 4.4969e-05]])
2024-03-06 07:10:34,106 | INFO | hilo.kernel-accessor : Fetching kernel: gumbel
2024-03-06 07:10:34,106 | INFO | hilo.gumbel-kernel : Calculating Gumbel distribution (location: -0.23015330731868744, scale 1.3232407569885254)
2024-03-06 07:10:34,107 | INFO | hilo.gumbel-kernel : BOTTOM-LEFT:
tensor([[1.2405e-03, 4.1448e-07, 3.8636e-14],
        [7.9484e-02, 1.2405e-03, 4.1448e-07],
        [8.3731e-01, 7.9484e-02, 1.2405e-03]])
2024-03-06 07:10:34,107 | INFO | hilo.kernel-accessor : Fetching kernel: gumbel
2024-03-06 07:10:34,107 | INFO | hilo.gumbel-kernel : Calculating Gumbel distribution (location: -0.33713316917419434, scale 1.2955876588821411)
2024-03-06 07:10:34,108 | INFO | hilo.gumbel-kernel : TOP-LEFT:
tensor([[8.8361e-01, 5.7618e-02, 3.8466e-04],
        [5.7618e-02, 3.8466e-04, 1.8533e-08],
        [3.8466e-04, 1.8533e-08, 2.0740e-17]])
2024-03-06 07:10:34,108 | INFO | hilo.kernel-accessor : Fetching kernel: gumbel
2024-03-06 07:10:34,108 | INFO | hilo.gumbel-kernel : Calculating Gumbel distribution (location: -0.2862415611743927, scale 1.3785192966461182)
2024-03-06 07:10:34,109 | INFO | hilo.gumbel-kernel : STATIC:
tensor([[8.3492e-01, 8.0459e-02, 1.3884e-03],
        [8.0459e-02, 1.3884e-03, 6.8617e-07],
        [1.3884e-03, 6.8617e-07, 2.2037e-13]])
2024-03-06 07:10:34,109 | INFO | hilo.kernel-accessor : Fetching kernel: gumbel
2024-03-06 07:10:34,110 | INFO | hilo.gumbel-kernel : Calculating Gumbel distribution (location: -0.1325686275959015, scale 1.1353776454925537)
2024-03-06 07:10:34,110 | INFO | hilo.gumbel-kernel : BOTTOM-RIGHT:
tensor([[2.3597e-20, 4.3614e-09, 3.4142e-04],
        [4.3614e-09, 3.4142e-04, 6.1026e-02],
        [3.4142e-04, 6.1026e-02, 8.7692e-01]])
2024-03-06 07:10:34,111 | INFO | hilo.kernel-accessor : Fetching kernel: gumbel
2024-03-06 07:10:34,111 | INFO | hilo.gumbel-kernel : Calculating Gumbel distribution (location: -0.03568857163190842, scale 1.347878098487854)
2024-03-06 07:10:34,112 | INFO | hilo.gumbel-kernel : BOTTOM-LEFT:
tensor([[4.7264e-03, 1.3529e-05, 1.3962e-10],
        [1.1335e-01, 4.7264e-03, 1.3529e-05],
        [7.5910e-01, 1.1335e-01, 4.7264e-03]])
2024-03-06 07:10:34,112 | INFO | hilo.kernel-accessor : Fetching kernel: gumbel
2024-03-06 07:10:34,112 | INFO | hilo.gumbel-kernel : Calculating Gumbel distribution (location: -0.12298871576786041, scale 1.3549129962921143)
2024-03-06 07:10:34,113 | INFO | hilo.gumbel-kernel : STATIC:
tensor([[7.8731e-01, 1.0163e-01, 3.1411e-03],
        [1.0163e-01, 3.1411e-03, 4.8807e-06],
        [3.1411e-03, 4.8807e-06, 1.4563e-11]])
2024-03-06 07:10:34,113 | INFO | hilo.kernel-accessor : Fetching kernel: gumbel
2024-03-06 07:10:34,113 | INFO | hilo.gumbel-kernel : Calculating Gumbel distribution (location: -0.015941135585308075, scale 1.2882758378982544)
2024-03-06 07:10:34,114 | INFO | hilo.gumbel-kernel : TOP-RIGHT:
tensor([[3.6108e-03, 1.0711e-01, 7.7493e-01],
        [5.6699e-06, 3.6108e-03, 1.0711e-01],
        [1.1355e-11, 5.6699e-06, 3.6108e-03]])
2024-03-06 07:10:34,114 | INFO | hilo.kernel-accessor : Fetching kernel: gumbel
2024-03-06 07:10:34,115 | INFO | hilo.gumbel-kernel : Calculating Gumbel distribution (location: 0.0729769617319107, scale 1.0709329843521118)
2024-03-06 07:10:34,115 | INFO | hilo.gumbel-kernel : TOP-LEFT:
tensor([[8.2764e-01, 8.4561e-02, 1.0789e-03],
        [8.4561e-02, 1.0789e-03, 6.9221e-08],
        [1.0789e-03, 6.9221e-08, 6.3059e-18]])
2024-03-06 07:10:34,115 | INFO | hilo.kernel-accessor : Fetching kernel: gumbel
2024-03-06 07:10:34,116 | INFO | hilo.gumbel-kernel : Calculating Gumbel distribution (location: 0.09149196743965149, scale 1.287507176399231)
2024-03-06 07:10:34,116 | INFO | hilo.gumbel-kernel : TOP-RIGHT:
tensor([[6.1430e-03, 1.2236e-01, 7.3681e-01],
        [2.2885e-05, 6.1430e-03, 1.2236e-01],
        [2.9836e-10, 2.2885e-05, 6.1430e-03]])
2024-03-06 07:10:34,117 | INFO | hilo.kernel-accessor : Fetching kernel: gumbel
2024-03-06 07:10:34,117 | INFO | hilo.gumbel-kernel : Calculating Gumbel distribution (location: 0.01356253307312727, scale 1.5562998056411743)
2024-03-06 07:10:34,118 | INFO | hilo.gumbel-kernel : TOP-RIGHT:
tensor([[1.4133e-02, 1.4477e-01, 6.6745e-01],
        [3.0239e-04, 1.4133e-02, 1.4477e-01],
        [3.6100e-07, 3.0239e-04, 1.4133e-02]])
2024-03-06 07:10:34,118 | INFO | hilo.kernel-accessor : Fetching kernel: gumbel
2024-03-06 07:10:34,118 | INFO | hilo.gumbel-kernel : Calculating Gumbel distribution (location: -0.5964342355728149, scale 2.4613733291625977)
2024-03-06 07:10:34,119 | INFO | hilo.gumbel-kernel : BOTTOM-LEFT:
tensor([[3.2619e-02, 3.4718e-03, 1.4737e-04],
        [1.6614e-01, 3.2619e-02, 3.4718e-03],
        [5.6277e-01, 1.6614e-01, 3.2619e-02]])
2024-03-06 07:11:54,786 | INFO | hilo : Epoch   2/200 | Accuracy:  59.3750 | Loss:   1.0869
2024-03-06 07:11:54,786 | INFO | hilo.kernel-accessor : Fetching kernel: gumbel
2024-03-06 07:11:54,786 | INFO | hilo.gumbel-kernel : Calculating Gumbel distribution (location: -0.007865453138947487, scale 0.4781976640224457)
2024-03-06 07:11:54,787 | INFO | hilo.gumbel-kernel : BOTTOM-LEFT:
tensor([[1.6800e-31, 0.0000e+00, 0.0000e+00],
        [8.0834e-05, 1.6800e-31, 0.0000e+00],
        [9.9984e-01, 8.0834e-05, 1.6800e-31]])
2024-03-06 07:11:54,787 | INFO | hilo.kernel-accessor : Fetching kernel: gumbel
2024-03-06 07:11:54,787 | INFO | hilo.gumbel-kernel : Calculating Gumbel distribution (location: -0.7033868432044983, scale 1.5540541410446167)
2024-03-06 07:11:54,787 | INFO | hilo.gumbel-kernel : BOTTOM-LEFT:
tensor([[3.7932e-04, 6.1297e-08, 6.6699e-15],
        [5.0576e-02, 3.7932e-04, 6.1297e-08],
        [8.9771e-01, 5.0576e-02, 3.7932e-04]])
2024-03-06 07:11:54,787 | INFO | hilo.kernel-accessor : Fetching kernel: gumbel
2024-03-06 07:11:54,787 | INFO | hilo.gumbel-kernel : Calculating Gumbel distribution (location: -0.4155271053314209, scale 1.2105687856674194)
2024-03-06 07:11:54,788 | INFO | hilo.gumbel-kernel : BOTTOM-RIGHT:
tensor([[8.0574e-25, 2.9739e-11, 4.1146e-05],
        [2.9739e-11, 4.1146e-05, 3.1944e-02],
        [4.1146e-05, 3.1944e-02, 9.3599e-01]])
2024-03-06 07:11:54,788 | INFO | hilo.kernel-accessor : Fetching kernel: gumbel
2024-03-06 07:11:54,788 | INFO | hilo.gumbel-kernel : Calculating Gumbel distribution (location: -0.2520803213119507, scale 0.9694818258285522)
2024-03-06 07:11:54,788 | INFO | hilo.gumbel-kernel : TOP-LEFT:
tensor([[9.6691e-01, 1.6545e-02, 1.1786e-06],
        [1.6545e-02, 1.1786e-06, 1.7618e-17],
        [1.1786e-06, 1.7618e-17, 0.0000e+00]])
2024-03-06 07:11:54,788 | INFO | hilo.kernel-accessor : Fetching kernel: gumbel
2024-03-06 07:11:54,789 | INFO | hilo.gumbel-kernel : Calculating Gumbel distribution (location: -0.4049621820449829, scale 1.0124074220657349)
2024-03-06 07:11:54,789 | INFO | hilo.gumbel-kernel : BOTTOM-LEFT:
tensor([[1.3557e-07, 9.1082e-20, 0.0000e+00],
        [8.6041e-03, 1.3557e-07, 9.1082e-20],
        [9.8279e-01, 8.6041e-03, 1.3557e-07]])
2024-03-06 07:11:54,789 | INFO | hilo.kernel-accessor : Fetching kernel: gumbel
2024-03-06 07:11:54,789 | INFO | hilo.gumbel-kernel : Calculating Gumbel distribution (location: -0.15846732258796692, scale 0.7977200150489807)
2024-03-06 07:11:54,789 | INFO | hilo.gumbel-kernel : BOTTOM-LEFT:
tensor([[4.2001e-09, 1.7223e-29, 0.0000e+00],
        [6.7989e-03, 4.2001e-09, 1.7223e-29],
        [9.8640e-01, 6.7989e-03, 4.2001e-09]])
2024-03-06 07:11:54,789 | INFO | hilo.kernel-accessor : Fetching kernel: gumbel
2024-03-06 07:11:54,790 | INFO | hilo.gumbel-kernel : Calculating Gumbel distribution (location: -0.2387814223766327, scale 0.9894796013832092)
2024-03-06 07:11:54,790 | INFO | hilo.gumbel-kernel : TOP-LEFT:
tensor([[9.5885e-01, 2.0570e-02, 3.1343e-06],
        [2.0570e-02, 3.1343e-06, 5.9740e-16],
        [3.1343e-06, 5.9740e-16, 6.9154e-42]])
2024-03-06 07:11:54,790 | INFO | hilo.kernel-accessor : Fetching kernel: gumbel
2024-03-06 07:11:54,790 | INFO | hilo.gumbel-kernel : Calculating Gumbel distribution (location: -0.23102180659770966, scale 0.9748708009719849)
2024-03-06 07:11:54,790 | INFO | hilo.gumbel-kernel : BOTTOM-RIGHT:
tensor([[4.2039e-44, 1.6041e-16, 2.3010e-06],
        [1.6041e-16, 2.3010e-06, 1.9456e-02],
        [2.3010e-06, 1.9456e-02, 9.6108e-01]])
2024-03-06 07:11:54,791 | INFO | hilo.kernel-accessor : Fetching kernel: gumbel
2024-03-06 07:11:54,791 | INFO | hilo.gumbel-kernel : Calculating Gumbel distribution (location: -0.17820855975151062, scale 1.098845362663269)
2024-03-06 07:11:54,791 | INFO | hilo.gumbel-kernel : TOP-RIGHT:
tensor([[1.1473e-04, 4.6799e-02, 9.0606e-01],
        [1.4474e-10, 1.1473e-04, 4.6799e-02],
        [1.2340e-24, 1.4474e-10, 1.1473e-04]])
2024-03-06 07:11:54,791 | INFO | hilo.kernel-accessor : Fetching kernel: gumbel
2024-03-06 07:11:54,791 | INFO | hilo.gumbel-kernel : Calculating Gumbel distribution (location: -0.11442402005195618, scale 0.8642526268959045)
2024-03-06 07:11:54,792 | INFO | hilo.gumbel-kernel : BOTTOM-RIGHT:
tensor([[0.0000e+00, 6.8052e-20, 6.6065e-07],
        [6.8052e-20, 6.6065e-07, 1.7690e-02],
        [6.6065e-07, 1.7690e-02, 9.6462e-01]])
2024-03-06 07:11:54,792 | INFO | hilo.kernel-accessor : Fetching kernel: gumbel
2024-03-06 07:11:54,792 | INFO | hilo.gumbel-kernel : Calculating Gumbel distribution (location: -0.12413966655731201, scale 1.0144932270050049)
2024-03-06 07:11:54,792 | INFO | hilo.gumbel-kernel : STATIC:
tensor([[9.1955e-01, 4.0153e-02, 4.7725e-05],
        [4.0153e-02, 4.7725e-05, 3.6282e-12],
        [4.7725e-05, 3.6282e-12, 1.5911e-30]])
2024-03-06 07:11:54,792 | INFO | hilo.kernel-accessor : Fetching kernel: gumbel
2024-03-06 07:11:54,792 | INFO | hilo.gumbel-kernel : Calculating Gumbel distribution (location: -0.045426540076732635, scale 0.9803842306137085)
2024-03-06 07:11:54,793 | INFO | hilo.gumbel-kernel : BOTTOM-RIGHT:
tensor([[3.0210e-30, 8.7645e-12, 7.6458e-05],
        [8.7645e-12, 7.6459e-05, 4.6713e-02],
        [7.6458e-05, 4.6713e-02, 9.0635e-01]])
2024-03-06 07:11:54,793 | INFO | hilo.kernel-accessor : Fetching kernel: gumbel
2024-03-06 07:11:54,793 | INFO | hilo.gumbel-kernel : Calculating Gumbel distribution (location: 0.009970210492610931, scale 1.0688815116882324)
2024-03-06 07:11:54,793 | INFO | hilo.gumbel-kernel : TOP-LEFT:
tensor([[8.5199e-01, 7.3113e-02, 5.9600e-04],
        [7.3113e-02, 5.9600e-04, 1.2051e-08],
        [5.9600e-04, 1.2051e-08, 5.5771e-20]])
2024-03-06 07:11:54,793 | INFO | hilo.kernel-accessor : Fetching kernel: gumbel
2024-03-06 07:11:54,793 | INFO | hilo.gumbel-kernel : Calculating Gumbel distribution (location: 0.10980835556983948, scale 0.8817397952079773)
2024-03-06 07:11:54,794 | INFO | hilo.gumbel-kernel : TOP-RIGHT:
tensor([[1.0747e-04, 5.5286e-02, 8.8911e-01],
        [4.3825e-12, 1.0747e-04, 5.5286e-02],
        [5.1315e-34, 4.3825e-12, 1.0747e-04]])
2024-03-06 07:11:54,794 | INFO | hilo.kernel-accessor : Fetching kernel: gumbel
2024-03-06 07:11:54,794 | INFO | hilo.gumbel-kernel : Calculating Gumbel distribution (location: 0.021838216111063957, scale 0.9369205832481384)
2024-03-06 07:11:54,794 | INFO | hilo.gumbel-kernel : STATIC:
tensor([[8.9956e-01, 5.0092e-02, 8.6523e-05],
        [5.0092e-02, 8.6523e-05, 6.1479e-12],
        [8.6523e-05, 6.1479e-12, 7.7322e-32]])
2024-03-06 07:11:54,794 | INFO | hilo.kernel-accessor : Fetching kernel: gumbel
2024-03-06 07:11:54,795 | INFO | hilo.gumbel-kernel : Calculating Gumbel distribution (location: 0.01786366105079651, scale 0.9895064234733582)
2024-03-06 07:11:54,795 | INFO | hilo.gumbel-kernel : BOTTOM-RIGHT:
tensor([[5.5743e-26, 2.2975e-10, 2.1099e-04],
        [2.2975e-10, 2.1099e-04, 5.9419e-02],
        [2.1099e-04, 5.9419e-02, 8.8053e-01]])
2024-03-06 07:11:54,795 | INFO | hilo.kernel-accessor : Fetching kernel: gumbel
2024-03-06 07:11:54,795 | INFO | hilo.gumbel-kernel : Calculating Gumbel distribution (location: -0.10238033533096313, scale 0.9870408177375793)
2024-03-06 07:11:54,795 | INFO | hilo.gumbel-kernel : TOP-LEFT:
tensor([[9.2253e-01, 3.8682e-02, 3.6772e-05],
        [3.8682e-02, 3.6772e-05, 1.0332e-12],
        [3.6772e-05, 1.0332e-12, 9.7288e-33]])
2024-03-06 07:13:15,496 | INFO | hilo : Epoch   3/200 | Accuracy:  31.4063 | Loss:   1.1739
2024-03-06 07:13:15,496 | INFO | hilo.kernel-accessor : Fetching kernel: gumbel
2024-03-06 07:13:15,496 | INFO | hilo.gumbel-kernel : Calculating Gumbel distribution (location: -0.018641401082277298, scale 0.5281656980514526)
2024-03-06 07:13:15,497 | INFO | hilo.gumbel-kernel : BOTTOM-RIGHT:
tensor([[0.0000e+00, 0.0000e+00, 1.8334e-22],
        [0.0000e+00, 1.8335e-22, 3.5329e-04],
        [1.8334e-22, 3.5329e-04, 9.9929e-01]])
2024-03-06 07:13:15,498 | INFO | hilo.kernel-accessor : Fetching kernel: gumbel
2024-03-06 07:13:15,498 | INFO | hilo.gumbel-kernel : Calculating Gumbel distribution (location: -0.5002933740615845, scale 1.3818025588989258)
2024-03-06 07:13:15,498 | INFO | hilo.gumbel-kernel : TOP-RIGHT:
tensor([[2.5875e-04, 4.8884e-02, 9.0146e-01],
        [1.1295e-08, 2.5874e-04, 4.8884e-02],
        [2.4901e-17, 1.1295e-08, 2.5875e-04]])
2024-03-06 07:13:15,499 | INFO | hilo.kernel-accessor : Fetching kernel: gumbel
2024-03-06 07:13:15,499 | INFO | hilo.gumbel-kernel : Calculating Gumbel distribution (location: -0.3874850869178772, scale 1.4034315347671509)
2024-03-06 07:13:15,500 | INFO | hilo.gumbel-kernel : BOTTOM-LEFT:
tensor([[8.5607e-04, 2.3083e-07, 2.5505e-14],
        [6.9270e-02, 8.5607e-04, 2.3083e-07],
        [8.5889e-01, 6.9270e-02, 8.5607e-04]])
2024-03-06 07:13:15,500 | INFO | hilo.kernel-accessor : Fetching kernel: gumbel
2024-03-06 07:13:15,500 | INFO | hilo.gumbel-kernel : Calculating Gumbel distribution (location: -0.45446401834487915, scale 1.0240497589111328)
2024-03-06 07:13:15,500 | INFO | hilo.gumbel-kernel : BOTTOM-LEFT:
tensor([[5.7964e-08, 1.0667e-20, 0.0000e+00],
        [6.6656e-03, 5.7964e-08, 1.0667e-20],
        [9.8667e-01, 6.6656e-03, 5.7964e-08]])
2024-03-06 07:13:15,501 | INFO | hilo.kernel-accessor : Fetching kernel: gumbel
2024-03-06 07:13:15,501 | INFO | hilo.gumbel-kernel : Calculating Gumbel distribution (location: -0.36023038625717163, scale 0.9079422354698181)
2024-03-06 07:13:15,501 | INFO | hilo.gumbel-kernel : STATIC:
tensor([[9.9222e-01, 3.8877e-03, 2.0393e-09],
        [3.8877e-03, 2.0393e-09, 2.3827e-27],
        [2.0393e-09, 2.3827e-27, 0.0000e+00]])
2024-03-06 07:13:15,501 | INFO | hilo.kernel-accessor : Fetching kernel: gumbel
2024-03-06 07:13:15,502 | INFO | hilo.gumbel-kernel : Calculating Gumbel distribution (location: -0.1731870472431183, scale 0.8288620710372925)
2024-03-06 07:13:15,502 | INFO | hilo.gumbel-kernel : TOP-RIGHT:
tensor([[1.7331e-08, 8.3973e-03, 9.8321e-01],
        [2.9325e-26, 1.7331e-08, 8.3973e-03],
        [0.0000e+00, 2.9325e-26, 1.7331e-08]])
2024-03-06 07:13:15,502 | INFO | hilo.kernel-accessor : Fetching kernel: gumbel
2024-03-06 07:13:15,503 | INFO | hilo.gumbel-kernel : Calculating Gumbel distribution (location: -0.2124066799879074, scale 1.0211458206176758)
2024-03-06 07:13:15,503 | INFO | hilo.gumbel-kernel : STATIC:
tensor([[9.4299e-01, 2.8487e-02, 1.3032e-05],
        [2.8487e-02, 1.3032e-05, 8.5132e-14],
        [1.3032e-05, 8.5132e-14, 6.9866e-35]])
2024-03-06 07:13:15,503 | INFO | hilo.kernel-accessor : Fetching kernel: gumbel
2024-03-06 07:13:15,504 | INFO | hilo.gumbel-kernel : Calculating Gumbel distribution (location: -0.1329384297132492, scale 1.0226484537124634)
2024-03-06 07:13:15,504 | INFO | hilo.gumbel-kernel : BOTTOM-RIGHT:
tensor([[4.8203e-30, 4.6440e-12, 4.9645e-05],
        [4.6440e-12, 4.9645e-05, 4.0230e-02],
        [4.9645e-05, 4.0230e-02, 9.1939e-01]])
2024-03-06 07:13:15,504 | INFO | hilo.kernel-accessor : Fetching kernel: gumbel
2024-03-06 07:13:15,504 | INFO | hilo.gumbel-kernel : Calculating Gumbel distribution (location: -0.17388135194778442, scale 1.2594356536865234)
2024-03-06 07:13:15,505 | INFO | hilo.gumbel-kernel : TOP-RIGHT:
tensor([[1.0165e-03, 7.7088e-02, 8.4278e-01],
        [1.8464e-07, 1.0165e-03, 7.7088e-02],
        [2.5638e-15, 1.8464e-07, 1.0165e-03]])
2024-03-06 07:13:15,505 | INFO | hilo.kernel-accessor : Fetching kernel: gumbel
2024-03-06 07:13:15,505 | INFO | hilo.gumbel-kernel : Calculating Gumbel distribution (location: -0.0865948423743248, scale 0.9800028800964355)
2024-03-06 07:13:15,506 | INFO | hilo.gumbel-kernel : STATIC:
tensor([[9.2005e-01, 3.9914e-02, 4.0448e-05],
        [3.9914e-02, 4.0448e-05, 1.2197e-12],
        [4.0448e-05, 1.2197e-12, 1.0184e-32]])
2024-03-06 07:13:15,506 | INFO | hilo.kernel-accessor : Fetching kernel: gumbel
2024-03-06 07:13:15,506 | INFO | hilo.gumbel-kernel : Calculating Gumbel distribution (location: -0.2047463059425354, scale 1.1571907997131348)
2024-03-06 07:13:15,507 | INFO | hilo.gumbel-kernel : TOP-LEFT:
tensor([[8.9292e-01, 5.3217e-02, 2.1626e-04],
        [5.3217e-02, 2.1626e-04, 1.5003e-09],
        [2.1626e-04, 1.5003e-09, 2.8158e-21]])
2024-03-06 07:13:15,507 | INFO | hilo.kernel-accessor : Fetching kernel: gumbel
2024-03-06 07:13:15,507 | INFO | hilo.gumbel-kernel : Calculating Gumbel distribution (location: -0.07161612063646317, scale 1.0894129276275635)
2024-03-06 07:13:15,508 | INFO | hilo.gumbel-kernel : TOP-LEFT:
tensor([[8.7348e-01, 6.2748e-02, 3.4150e-04],
        [6.2748e-02, 3.4150e-04, 2.9056e-09],
        [3.4150e-04, 2.9056e-09, 2.3264e-21]])
2024-03-06 07:13:15,508 | INFO | hilo.kernel-accessor : Fetching kernel: gumbel
2024-03-06 07:13:15,508 | INFO | hilo.gumbel-kernel : Calculating Gumbel distribution (location: 0.04773641377687454, scale 1.2201378345489502)
2024-03-06 07:13:15,508 | INFO | hilo.gumbel-kernel : STATIC:
tensor([[7.7823e-01, 1.0600e-01, 3.2526e-03],
        [1.0600e-01, 3.2526e-03, 3.3891e-06],
        [3.2526e-03, 3.3891e-06, 1.6363e-12]])
2024-03-06 07:13:15,508 | INFO | hilo.kernel-accessor : Fetching kernel: gumbel
2024-03-06 07:13:15,508 | INFO | hilo.gumbel-kernel : Calculating Gumbel distribution (location: 0.19231608510017395, scale 1.0755552053451538)
2024-03-06 07:13:15,509 | INFO | hilo.gumbel-kernel : TOP-LEFT:
tensor([[7.8091e-01, 1.0542e-01, 2.7459e-03],
        [1.0542e-01, 2.7459e-03, 1.1060e-06],
        [2.7459e-03, 1.1060e-06, 1.1500e-14]])
2024-03-06 07:13:15,509 | INFO | hilo.kernel-accessor : Fetching kernel: gumbel
2024-03-06 07:13:15,509 | INFO | hilo.gumbel-kernel : Calculating Gumbel distribution (location: 0.09645669907331467, scale 1.1929329633712769)
2024-03-06 07:13:15,509 | INFO | hilo.gumbel-kernel : TOP-LEFT:
tensor([[7.7093e-01, 1.0917e-01, 3.5720e-03],
        [1.0917e-01, 3.5720e-03, 3.9477e-06],
        [3.5720e-03, 3.9477e-06, 1.7278e-12]])
2024-03-06 07:13:15,509 | INFO | hilo.kernel-accessor : Fetching kernel: gumbel
2024-03-06 07:13:15,509 | INFO | hilo.gumbel-kernel : Calculating Gumbel distribution (location: -0.015651028603315353, scale 1.2192929983139038)
2024-03-06 07:13:15,510 | INFO | hilo.gumbel-kernel : STATIC:
tensor([[8.0175e-01, 9.5848e-02, 2.1852e-03],
        [9.5848e-02, 2.1852e-03, 1.1567e-06],
        [2.1852e-03, 1.1567e-06, 1.1914e-13]])
2024-03-06 07:13:15,510 | INFO | hilo.kernel-accessor : Fetching kernel: gumbel
2024-03-06 07:13:15,510 | INFO | hilo.gumbel-kernel : Calculating Gumbel distribution (location: 0.041271910071372986, scale 1.4102133512496948)
2024-03-06 07:13:15,510 | INFO | hilo.gumbel-kernel : TOP-RIGHT:
tensor([[8.9722e-03, 1.3184e-01, 7.0925e-01],
        [7.9234e-05, 8.9722e-03, 1.3184e-01],
        [1.1033e-08, 7.9234e-05, 8.9722e-03]])
2024-03-06 07:14:36,188 | INFO | hilo : Epoch   4/200 | Accuracy:  55.8594 | Loss:   1.0311
2024-03-06 07:14:36,188 | INFO | hilo.kernel-accessor : Fetching kernel: gumbel
2024-03-06 07:14:36,189 | INFO | hilo.gumbel-kernel : Calculating Gumbel distribution (location: -0.015491700731217861, scale 0.567895770072937)
2024-03-06 07:14:36,189 | INFO | hilo.gumbel-kernel : STATIC:
tensor([[9.9788e-01, 1.0587e-03, 2.5445e-17],
        [1.0587e-03, 2.5445e-17, 0.0000e+00],
        [2.5445e-17, 0.0000e+00, 0.0000e+00]])
2024-03-06 07:14:36,190 | INFO | hilo.kernel-accessor : Fetching kernel: gumbel
2024-03-06 07:14:36,190 | INFO | hilo.gumbel-kernel : Calculating Gumbel distribution (location: -0.5827178955078125, scale 1.3103572130203247)
2024-03-06 07:14:36,191 | INFO | hilo.gumbel-kernel : TOP-LEFT:
tensor([[9.4557e-01, 2.7167e-02, 3.2113e-05],
        [2.7167e-02, 3.2113e-05, 4.0449e-11],
        [3.2113e-05, 4.0449e-11, 2.1441e-23]])
2024-03-06 07:14:36,191 | INFO | hilo.kernel-accessor : Fetching kernel: gumbel
2024-03-06 07:14:36,191 | INFO | hilo.gumbel-kernel : Calculating Gumbel distribution (location: -0.25894343852996826, scale 1.3359566926956177)
2024-03-06 07:14:36,192 | INFO | hilo.gumbel-kernel : TOP-RIGHT:
tensor([[1.1366e-03, 7.7184e-02, 8.4222e-01],
        [3.5100e-07, 1.1366e-03, 7.7184e-02],
        [3.0690e-14, 3.5100e-07, 1.1366e-03]])
2024-03-06 07:14:36,192 | INFO | hilo.kernel-accessor : Fetching kernel: gumbel
2024-03-06 07:14:36,192 | INFO | hilo.gumbel-kernel : Calculating Gumbel distribution (location: -0.3986097574234009, scale 1.063633680343628)
2024-03-06 07:14:36,193 | INFO | hilo.gumbel-kernel : BOTTOM-LEFT:
tensor([[1.1628e-06, 1.8046e-16, 5.9984e-41],
        [1.3977e-02, 1.1628e-06, 1.8046e-16],
        [9.7204e-01, 1.3977e-02, 1.1628e-06]])
2024-03-06 07:14:36,193 | INFO | hilo.kernel-accessor : Fetching kernel: gumbel
2024-03-06 07:14:36,194 | INFO | hilo.gumbel-kernel : Calculating Gumbel distribution (location: -0.414117693901062, scale 0.9389644265174866)
2024-03-06 07:14:36,194 | INFO | hilo.gumbel-kernel : STATIC:
tensor([[9.9306e-01, 3.4678e-03, 1.9593e-09],
        [3.4678e-03, 1.9593e-09, 1.1140e-26],
        [1.9593e-09, 1.1140e-26, 0.0000e+00]])
2024-03-06 07:14:36,194 | INFO | hilo.kernel-accessor : Fetching kernel: gumbel
2024-03-06 07:14:36,195 | INFO | hilo.gumbel-kernel : Calculating Gumbel distribution (location: -0.22893451154232025, scale 0.7742705941200256)
2024-03-06 07:14:36,195 | INFO | hilo.gumbel-kernel : TOP-LEFT:
tensor([[9.9534e-01, 2.3291e-03, 1.8850e-11],
        [2.3291e-03, 1.8850e-11, 2.0598e-39],
        [1.8850e-11, 2.0598e-39, 0.0000e+00]])
2024-03-06 07:14:36,196 | INFO | hilo.kernel-accessor : Fetching kernel: gumbel
2024-03-06 07:14:36,196 | INFO | hilo.gumbel-kernel : Calculating Gumbel distribution (location: -0.31722819805145264, scale 0.8707634806632996)
2024-03-06 07:14:36,197 | INFO | hilo.gumbel-kernel : TOP-RIGHT:
tensor([[8.9401e-10, 3.6333e-03, 9.9273e-01],
        [1.5342e-29, 8.9401e-10, 3.6333e-03],
        [0.0000e+00, 1.5342e-29, 8.9401e-10]])
2024-03-06 07:14:36,197 | INFO | hilo.kernel-accessor : Fetching kernel: gumbel
2024-03-06 07:14:36,197 | INFO | hilo.gumbel-kernel : Calculating Gumbel distribution (location: -0.18775278329849243, scale 0.730884850025177)
2024-03-06 07:14:36,198 | INFO | hilo.gumbel-kernel : TOP-RIGHT:
tensor([[2.1543e-12, 1.8981e-03, 9.9620e-01],
        [0.0000e+00, 2.1543e-12, 1.8981e-03],
        [0.0000e+00, 0.0000e+00, 2.1543e-12]])
2024-03-06 07:14:36,198 | INFO | hilo.kernel-accessor : Fetching kernel: gumbel
2024-03-06 07:14:36,198 | INFO | hilo.gumbel-kernel : Calculating Gumbel distribution (location: -0.16706383228302002, scale 0.7975714206695557)
2024-03-06 07:14:36,199 | INFO | hilo.gumbel-kernel : STATIC:
tensor([[9.8747e-01, 6.2648e-03, 2.8874e-09],
        [6.2648e-03, 2.8874e-09, 4.2002e-30],
        [2.8874e-09, 4.2002e-30, 0.0000e+00]])
2024-03-06 07:14:36,199 | INFO | hilo.kernel-accessor : Fetching kernel: gumbel
2024-03-06 07:14:36,200 | INFO | hilo.gumbel-kernel : Calculating Gumbel distribution (location: -0.09582895785570145, scale 0.6428613066673279)
2024-03-06 07:14:36,200 | INFO | hilo.gumbel-kernel : STATIC:
tensor([[9.9726e-01, 1.3683e-03, 1.2560e-14],
        [1.3683e-03, 1.2560e-14, 0.0000e+00],
        [1.2560e-14, 0.0000e+00, 0.0000e+00]])
2024-03-06 07:14:36,200 | INFO | hilo.kernel-accessor : Fetching kernel: gumbel
2024-03-06 07:14:36,201 | INFO | hilo.gumbel-kernel : Calculating Gumbel distribution (location: -0.11040516197681427, scale 0.637694239616394)
2024-03-06 07:14:36,201 | INFO | hilo.gumbel-kernel : BOTTOM-RIGHT:
tensor([[0.0000e+00, 0.0000e+00, 1.3117e-15],
        [0.0000e+00, 1.3117e-15, 9.6897e-04],
        [1.3117e-15, 9.6897e-04, 9.9806e-01]])
2024-03-06 07:14:36,202 | INFO | hilo.kernel-accessor : Fetching kernel: gumbel
2024-03-06 07:14:36,202 | INFO | hilo.gumbel-kernel : Calculating Gumbel distribution (location: -0.09594754874706268, scale 0.521821916103363)
2024-03-06 07:14:36,203 | INFO | hilo.gumbel-kernel : BOTTOM-RIGHT:
tensor([[0.0000e+00, 0.0000e+00, 9.7223e-31],
        [0.0000e+00, 9.7223e-31, 3.4011e-05],
        [9.7223e-31, 3.4011e-05, 9.9993e-01]])
2024-03-06 07:14:36,203 | INFO | hilo.kernel-accessor : Fetching kernel: gumbel
2024-03-06 07:14:36,203 | INFO | hilo.gumbel-kernel : Calculating Gumbel distribution (location: -0.04720713943243027, scale 0.47489291429519653)
2024-03-06 07:14:36,204 | INFO | hilo.gumbel-kernel : TOP-LEFT:
tensor([[9.9996e-01, 1.8357e-05, 9.1483e-38],
        [1.8357e-05, 9.1483e-38, 0.0000e+00],
        [9.1483e-38, 0.0000e+00, 0.0000e+00]])
2024-03-06 07:14:36,204 | INFO | hilo.kernel-accessor : Fetching kernel: gumbel
2024-03-06 07:14:36,204 | INFO | hilo.gumbel-kernel : Calculating Gumbel distribution (location: 0.05418352782726288, scale 0.40342068672180176)
2024-03-06 07:14:36,205 | INFO | hilo.gumbel-kernel : BOTTOM-RIGHT:
tensor([[0.0000e+00, 0.0000e+00, 0.0000e+00],
        [0.0000e+00, 0.0000e+00, 1.9761e-05],
        [0.0000e+00, 1.9761e-05, 9.9996e-01]])
2024-03-06 07:14:36,205 | INFO | hilo.kernel-accessor : Fetching kernel: gumbel
2024-03-06 07:14:36,206 | INFO | hilo.gumbel-kernel : Calculating Gumbel distribution (location: 0.07471780478954315, scale 0.36485880613327026)
2024-03-06 07:14:36,206 | INFO | hilo.gumbel-kernel : TOP-RIGHT:
tensor([[0.0000e+00, 4.2555e-06, 9.9999e-01],
        [0.0000e+00, 0.0000e+00, 4.2555e-06],
        [0.0000e+00, 0.0000e+00, 0.0000e+00]])
2024-03-06 07:14:36,207 | INFO | hilo.kernel-accessor : Fetching kernel: gumbel
2024-03-06 07:14:36,207 | INFO | hilo.gumbel-kernel : Calculating Gumbel distribution (location: 0.04781842231750488, scale 0.37694644927978516)
2024-03-06 07:14:36,208 | INFO | hilo.gumbel-kernel : TOP-LEFT:
tensor([[9.9999e-01, 2.5202e-06, 0.0000e+00],
        [2.5202e-06, 0.0000e+00, 0.0000e+00],
        [0.0000e+00, 0.0000e+00, 0.0000e+00]])
2024-03-06 07:14:36,208 | INFO | hilo.kernel-accessor : Fetching kernel: gumbel
2024-03-06 07:14:36,208 | INFO | hilo.gumbel-kernel : Calculating Gumbel distribution (location: 0.11664577573537827, scale 0.41985568404197693)
2024-03-06 07:14:36,209 | INFO | hilo.gumbel-kernel : TOP-LEFT:
tensor([[9.9934e-01, 3.2931e-04, 9.7510e-32],
        [3.2931e-04, 9.7507e-32, 0.0000e+00],
        [9.7510e-32, 0.0000e+00, 0.0000e+00]])
2024-03-06 07:15:56,899 | INFO | hilo : Epoch   5/200 | Accuracy:  67.1875 | Loss:   0.7510
2024-03-06 07:15:56,899 | INFO | hilo.kernel-accessor : Fetching kernel: gumbel
2024-03-06 07:15:56,899 | INFO | hilo.gumbel-kernel : Calculating Gumbel distribution (location: -0.01770596019923687, scale 0.4384385347366333)
2024-03-06 07:15:56,900 | INFO | hilo.gumbel-kernel : TOP-RIGHT:
tensor([[0.0000e+00, 7.4708e-06, 9.9999e-01],
        [0.0000e+00, 0.0000e+00, 7.4708e-06],
        [0.0000e+00, 0.0000e+00, 0.0000e+00]])
2024-03-06 07:15:56,900 | INFO | hilo.kernel-accessor : Fetching kernel: gumbel
2024-03-06 07:15:56,900 | INFO | hilo.gumbel-kernel : Calculating Gumbel distribution (location: -0.5337549448013306, scale 1.2642436027526855)
2024-03-06 07:15:56,901 | INFO | hilo.gumbel-kernel : STATIC:
tensor([[9.4791e-01, 2.6009e-02, 2.4264e-05],
        [2.6009e-02, 2.4264e-05, 1.3057e-11],
        [2.4264e-05, 1.3057e-11, 5.0465e-25]])
2024-03-06 07:15:56,901 | INFO | hilo.kernel-accessor : Fetching kernel: gumbel
2024-03-06 07:15:56,901 | INFO | hilo.gumbel-kernel : Calculating Gumbel distribution (location: -0.34933415055274963, scale 1.1261557340621948)
2024-03-06 07:15:56,902 | INFO | hilo.gumbel-kernel : BOTTOM-RIGHT:
tensor([[1.1755e-29, 1.0828e-12, 1.7464e-05],
        [1.0828e-12, 1.7464e-05, 2.7222e-02],
        [1.7464e-05, 2.7222e-02, 9.4550e-01]])
2024-03-06 07:15:56,902 | INFO | hilo.kernel-accessor : Fetching kernel: gumbel
2024-03-06 07:15:56,903 | INFO | hilo.gumbel-kernel : Calculating Gumbel distribution (location: -0.3192586898803711, scale 0.9964629411697388)
2024-03-06 07:15:56,903 | INFO | hilo.gumbel-kernel : BOTTOM-RIGHT:
tensor([[0.0000e+00, 5.9109e-18, 6.4085e-07],
        [5.9109e-18, 6.4085e-07, 1.3429e-02],
        [6.4085e-07, 1.3429e-02, 9.7314e-01]])
