2024-03-03 10:30:43,399 | INFO | hilo : 
+==============================================================+
|                                                              |
| ██████╗  █████╗ ██████╗ ██╗         ██╗      █████╗ ██████╗  |
| ██╔══██╗██╔══██╗██╔══██╗██║         ██║     ██╔══██╗██╔══██╗ |
| ██║  ██║███████║██║  ██║██║         ██║     ███████║██████╔╝ |
| ██║  ██║██╔══██║██║  ██║██║         ██║     ██╔══██║██╔══██╗ |
| ██████╔╝██║  ██║██████╔╝███████╗    ███████╗██║  ██║██████╔╝ |
| ╚═════╝ ╚═╝  ╚═╝╚═════╝ ╚══════╝    ╚══════╝╚═╝  ╚═╝╚═════╝  |
+==============================================================+
|             Hi-Lo Resolution Image Classification            |
|             -------------------------------------            |
|                       Gabriel C. Trahan                      |
|                          Sahan Ahmad                         |
|                       MD  Aminual Islam                      |
+==============================================================+
2024-03-03 10:30:45,069 | INFO | hilo.dataset-accessor : Fetching dataset: cifar10
2024-03-03 10:30:45,069 | INFO | hilo.cifar10-dataset : Initializing transform
2024-03-03 10:30:45,069 | INFO | hilo.cifar10-dataset : Verifying/downloading train data
2024-03-03 10:30:45,697 | INFO | hilo.cifar10-dataset : Verifying/downloading test data
2024-03-03 10:30:46,194 | INFO | hilo.cifar10-dataset : Creating train data loader.
2024-03-03 10:30:46,194 | INFO | hilo.cifar10-dataset : Creating test data loader.
2024-03-03 10:30:46,307 | INFO | hilo : Output directory: output/resnet/cifar10/gaussian/12/20240303_103045/
2024-03-03 10:30:47,365 | INFO | hilo : Using device: NVIDIA GeForce GTX 1060 6GB
2024-03-03 10:30:47,366 | INFO | hilo : Exeucting job: MODEL resnet | DATASET cifar10 | KERNEL gaussian | TYPE 12
2024-03-03 10:30:47,366 | INFO | hilo : Commencing training phase...
2024-03-03 10:30:47,366 | INFO | hilo.kernel-accessor : Fetching kernel: gaussian
2024-03-03 10:30:47,367 | INFO | hilo.gaussian-kernel : Calculating Gaussian distribution (location: 0, scale 1.0)
2024-03-03 10:30:47,368 | INFO | hilo.gaussian-kernel : BOTTOM-RIGHT:
tensor([[0.0060, 0.0271, 0.0446],
        [0.0271, 0.1212, 0.1999],
        [0.0446, 0.1999, 0.3296]])
2024-03-03 10:30:47,368 | INFO | hilo.kernel-accessor : Fetching kernel: gaussian
2024-03-03 10:30:47,368 | INFO | hilo.gaussian-kernel : Calculating Gaussian distribution (location: 0, scale 1.0)
2024-03-03 10:30:47,368 | INFO | hilo.gaussian-kernel : BOTTOM-RIGHT:
tensor([[0.0060, 0.0271, 0.0446],
        [0.0271, 0.1212, 0.1999],
        [0.0446, 0.1999, 0.3296]])
2024-03-03 10:30:47,368 | INFO | hilo.kernel-accessor : Fetching kernel: gaussian
2024-03-03 10:30:47,369 | INFO | hilo.gaussian-kernel : Calculating Gaussian distribution (location: 0, scale 1.0)
2024-03-03 10:30:47,369 | INFO | hilo.gaussian-kernel : STATIC:
tensor([[0.3296, 0.1999, 0.0446],
        [0.1999, 0.1212, 0.0271],
        [0.0446, 0.0271, 0.0060]])
2024-03-03 10:30:47,369 | INFO | hilo.kernel-accessor : Fetching kernel: gaussian
2024-03-03 10:30:47,369 | INFO | hilo.gaussian-kernel : Calculating Gaussian distribution (location: 0, scale 1.0)
2024-03-03 10:30:47,369 | INFO | hilo.gaussian-kernel : BOTTOM-RIGHT:
tensor([[0.0060, 0.0271, 0.0446],
        [0.0271, 0.1212, 0.1999],
        [0.0446, 0.1999, 0.3296]])
2024-03-03 10:30:47,369 | INFO | hilo.kernel-accessor : Fetching kernel: gaussian
2024-03-03 10:30:47,370 | INFO | hilo.gaussian-kernel : Calculating Gaussian distribution (location: 0, scale 1.0)
2024-03-03 10:30:47,370 | INFO | hilo.gaussian-kernel : STATIC:
tensor([[0.3296, 0.1999, 0.0446],
        [0.1999, 0.1212, 0.0271],
        [0.0446, 0.0271, 0.0060]])
2024-03-03 10:30:47,370 | INFO | hilo.kernel-accessor : Fetching kernel: gaussian
2024-03-03 10:30:47,370 | INFO | hilo.gaussian-kernel : Calculating Gaussian distribution (location: 0, scale 1.0)
2024-03-03 10:30:47,371 | INFO | hilo.gaussian-kernel : BOTTOM-LEFT:
tensor([[0.0446, 0.0271, 0.0060],
        [0.1999, 0.1212, 0.0271],
        [0.3296, 0.1999, 0.0446]])
2024-03-03 10:30:47,371 | INFO | hilo.kernel-accessor : Fetching kernel: gaussian
2024-03-03 10:30:47,371 | INFO | hilo.gaussian-kernel : Calculating Gaussian distribution (location: 0, scale 1.0)
2024-03-03 10:30:47,371 | INFO | hilo.gaussian-kernel : BOTTOM-LEFT:
tensor([[0.0446, 0.0271, 0.0060],
        [0.1999, 0.1212, 0.0271],
        [0.3296, 0.1999, 0.0446]])
2024-03-03 10:30:47,371 | INFO | hilo.kernel-accessor : Fetching kernel: gaussian
2024-03-03 10:30:47,371 | INFO | hilo.gaussian-kernel : Calculating Gaussian distribution (location: 0, scale 1.0)
2024-03-03 10:30:47,372 | INFO | hilo.gaussian-kernel : BOTTOM-LEFT:
tensor([[0.0446, 0.0271, 0.0060],
        [0.1999, 0.1212, 0.0271],
        [0.3296, 0.1999, 0.0446]])
2024-03-03 10:30:47,372 | INFO | hilo.kernel-accessor : Fetching kernel: gaussian
2024-03-03 10:30:47,372 | INFO | hilo.gaussian-kernel : Calculating Gaussian distribution (location: 0, scale 1.0)
2024-03-03 10:30:47,372 | INFO | hilo.gaussian-kernel : STATIC:
tensor([[0.3296, 0.1999, 0.0446],
        [0.1999, 0.1212, 0.0271],
        [0.0446, 0.0271, 0.0060]])
2024-03-03 10:30:47,372 | INFO | hilo.kernel-accessor : Fetching kernel: gaussian
2024-03-03 10:30:47,372 | INFO | hilo.gaussian-kernel : Calculating Gaussian distribution (location: 0, scale 1.0)
2024-03-03 10:30:47,373 | INFO | hilo.gaussian-kernel : BOTTOM-RIGHT:
tensor([[0.0060, 0.0271, 0.0446],
        [0.0271, 0.1212, 0.1999],
        [0.0446, 0.1999, 0.3296]])
2024-03-03 10:30:47,373 | INFO | hilo.kernel-accessor : Fetching kernel: gaussian
2024-03-03 10:30:47,373 | INFO | hilo.gaussian-kernel : Calculating Gaussian distribution (location: 0, scale 1.0)
2024-03-03 10:30:47,373 | INFO | hilo.gaussian-kernel : BOTTOM-LEFT:
tensor([[0.0446, 0.0271, 0.0060],
        [0.1999, 0.1212, 0.0271],
        [0.3296, 0.1999, 0.0446]])
2024-03-03 10:30:47,373 | INFO | hilo.kernel-accessor : Fetching kernel: gaussian
2024-03-03 10:30:47,374 | INFO | hilo.gaussian-kernel : Calculating Gaussian distribution (location: 0, scale 1.0)
2024-03-03 10:30:47,374 | INFO | hilo.gaussian-kernel : BOTTOM-RIGHT:
tensor([[0.0060, 0.0271, 0.0446],
        [0.0271, 0.1212, 0.1999],
        [0.0446, 0.1999, 0.3296]])
2024-03-03 10:30:47,374 | INFO | hilo.kernel-accessor : Fetching kernel: gaussian
2024-03-03 10:30:47,374 | INFO | hilo.gaussian-kernel : Calculating Gaussian distribution (location: 0, scale 1.0)
2024-03-03 10:30:47,375 | INFO | hilo.gaussian-kernel : BOTTOM-RIGHT:
tensor([[0.0060, 0.0271, 0.0446],
        [0.0271, 0.1212, 0.1999],
        [0.0446, 0.1999, 0.3296]])
2024-03-03 10:30:47,375 | INFO | hilo.kernel-accessor : Fetching kernel: gaussian
2024-03-03 10:30:47,375 | INFO | hilo.gaussian-kernel : Calculating Gaussian distribution (location: 0, scale 1.0)
2024-03-03 10:30:47,375 | INFO | hilo.gaussian-kernel : STATIC:
tensor([[0.3296, 0.1999, 0.0446],
        [0.1999, 0.1212, 0.0271],
        [0.0446, 0.0271, 0.0060]])
2024-03-03 10:30:47,375 | INFO | hilo.kernel-accessor : Fetching kernel: gaussian
2024-03-03 10:30:47,375 | INFO | hilo.gaussian-kernel : Calculating Gaussian distribution (location: 0, scale 1.0)
2024-03-03 10:30:47,376 | INFO | hilo.gaussian-kernel : STATIC:
tensor([[0.3296, 0.1999, 0.0446],
        [0.1999, 0.1212, 0.0271],
        [0.0446, 0.0271, 0.0060]])
2024-03-03 10:30:47,376 | INFO | hilo.kernel-accessor : Fetching kernel: gaussian
2024-03-03 10:30:47,376 | INFO | hilo.gaussian-kernel : Calculating Gaussian distribution (location: 0, scale 1.0)
2024-03-03 10:30:47,376 | INFO | hilo.gaussian-kernel : BOTTOM-LEFT:
tensor([[0.0446, 0.0271, 0.0060],
        [0.1999, 0.1212, 0.0271],
        [0.3296, 0.1999, 0.0446]])
2024-03-03 10:30:47,376 | INFO | hilo.kernel-accessor : Fetching kernel: gaussian
2024-03-03 10:30:47,376 | INFO | hilo.gaussian-kernel : Calculating Gaussian distribution (location: 0, scale 1.0)
2024-03-03 10:30:47,377 | INFO | hilo.gaussian-kernel : BOTTOM-RIGHT:
tensor([[0.0060, 0.0271, 0.0446],
        [0.0271, 0.1212, 0.1999],
        [0.0446, 0.1999, 0.3296]])
2024-03-03 10:32:09,172 | INFO | hilo : Epoch   1/200 | Accuracy:  35.8553 | Loss:   1.4841
2024-03-03 10:32:09,172 | INFO | hilo.kernel-accessor : Fetching kernel: gaussian
2024-03-03 10:32:09,172 | INFO | hilo.gaussian-kernel : Calculating Gaussian distribution (location: 0.0020781802013516426, scale 0.6979004740715027)
2024-03-03 10:32:09,173 | INFO | hilo.gaussian-kernel : BOTTOM-RIGHT:
tensor([[1.4565e-04, 3.1546e-03, 8.7683e-03],
        [3.1546e-03, 6.8324e-02, 1.8991e-01],
        [8.7683e-03, 1.8991e-01, 5.2786e-01]])
2024-03-03 10:32:09,173 | INFO | hilo.kernel-accessor : Fetching kernel: gaussian
2024-03-03 10:32:09,174 | INFO | hilo.gaussian-kernel : Calculating Gaussian distribution (location: -0.4671047329902649, scale 2.0679802894592285)
2024-03-03 10:32:09,174 | INFO | hilo.gaussian-kernel : STATIC:
tensor([[0.1888, 0.1506, 0.0951],
        [0.1506, 0.1201, 0.0758],
        [0.0951, 0.0758, 0.0479]])
2024-03-03 10:32:09,175 | INFO | hilo.kernel-accessor : Fetching kernel: gaussian
2024-03-03 10:32:09,175 | INFO | hilo.gaussian-kernel : Calculating Gaussian distribution (location: -0.28223034739494324, scale 1.9739936590194702)
2024-03-03 10:32:09,176 | INFO | hilo.gaussian-kernel : BOTTOM-LEFT:
tensor([[0.0949, 0.0776, 0.0491],
        [0.1499, 0.1227, 0.0776],
        [0.1833, 0.1499, 0.0949]])
2024-03-03 10:32:09,176 | INFO | hilo.kernel-accessor : Fetching kernel: gaussian
2024-03-03 10:32:09,176 | INFO | hilo.gaussian-kernel : Calculating Gaussian distribution (location: -0.20218904316425323, scale 1.8647905588150024)
2024-03-03 10:32:09,177 | INFO | hilo.gaussian-kernel : BOTTOM-RIGHT:
tensor([[0.0467, 0.0762, 0.0932],
        [0.0762, 0.1243, 0.1521],
        [0.0932, 0.1521, 0.1861]])
2024-03-03 10:32:09,177 | INFO | hilo.kernel-accessor : Fetching kernel: gaussian
2024-03-03 10:32:09,177 | INFO | hilo.gaussian-kernel : Calculating Gaussian distribution (location: -0.20018859207630157, scale 1.8304692506790161)
2024-03-03 10:32:09,178 | INFO | hilo.gaussian-kernel : BOTTOM-RIGHT:
tensor([[0.0451, 0.0749, 0.0924],
        [0.0749, 0.1245, 0.1534],
        [0.0924, 0.1534, 0.1890]])
2024-03-03 10:32:09,178 | INFO | hilo.kernel-accessor : Fetching kernel: gaussian
2024-03-03 10:32:09,178 | INFO | hilo.gaussian-kernel : Calculating Gaussian distribution (location: -0.10631228983402252, scale 1.3205513954162598)
2024-03-03 10:32:09,179 | INFO | hilo.gaussian-kernel : BOTTOM-RIGHT:
tensor([[0.0200, 0.0503, 0.0712],
        [0.0503, 0.1263, 0.1788],
        [0.0712, 0.1788, 0.2532]])
2024-03-03 10:32:09,179 | INFO | hilo.kernel-accessor : Fetching kernel: gaussian
2024-03-03 10:32:09,179 | INFO | hilo.gaussian-kernel : Calculating Gaussian distribution (location: -0.18989288806915283, scale 1.5250587463378906)
2024-03-03 10:32:09,180 | INFO | hilo.gaussian-kernel : STATIC:
tensor([[0.2262, 0.1681, 0.0813],
        [0.1681, 0.1250, 0.0604],
        [0.0813, 0.0604, 0.0292]])
2024-03-03 10:32:09,180 | INFO | hilo.kernel-accessor : Fetching kernel: gaussian
2024-03-03 10:32:09,180 | INFO | hilo.gaussian-kernel : Calculating Gaussian distribution (location: -0.16763988137245178, scale 1.3742947578430176)
2024-03-03 10:32:09,181 | INFO | hilo.gaussian-kernel : STATIC:
tensor([[0.2518, 0.1769, 0.0731],
        [0.1769, 0.1242, 0.0514],
        [0.0731, 0.0514, 0.0212]])
2024-03-03 10:32:09,181 | INFO | hilo.kernel-accessor : Fetching kernel: gaussian
2024-03-03 10:32:09,181 | INFO | hilo.gaussian-kernel : Calculating Gaussian distribution (location: -0.09219342470169067, scale 1.3592153787612915)
2024-03-03 10:32:09,182 | INFO | hilo.gaussian-kernel : BOTTOM-RIGHT:
tensor([[0.0228, 0.0539, 0.0742],
        [0.0539, 0.1275, 0.1757],
        [0.0742, 0.1757, 0.2421]])
2024-03-03 10:32:09,182 | INFO | hilo.kernel-accessor : Fetching kernel: gaussian
2024-03-03 10:32:09,182 | INFO | hilo.gaussian-kernel : Calculating Gaussian distribution (location: -0.025698568671941757, scale 1.0842385292053223)
2024-03-03 10:32:09,183 | INFO | hilo.gaussian-kernel : BOTTOM-LEFT:
tensor([[0.0531, 0.0339, 0.0093],
        [0.1943, 0.1242, 0.0339],
        [0.3039, 0.1943, 0.0531]])
2024-03-03 10:32:09,183 | INFO | hilo.kernel-accessor : Fetching kernel: gaussian
2024-03-03 10:32:09,183 | INFO | hilo.gaussian-kernel : Calculating Gaussian distribution (location: -0.06137019768357277, scale 1.3208667039871216)
2024-03-03 10:32:09,184 | INFO | hilo.gaussian-kernel : STATIC:
tensor([[0.2448, 0.1775, 0.0725],
        [0.1775, 0.1286, 0.0526],
        [0.0725, 0.0526, 0.0215]])
2024-03-03 10:32:09,184 | INFO | hilo.kernel-accessor : Fetching kernel: gaussian
2024-03-03 10:32:09,184 | INFO | hilo.gaussian-kernel : Calculating Gaussian distribution (location: -0.05803016200661659, scale 1.291106104850769)
2024-03-03 10:32:09,185 | INFO | hilo.gaussian-kernel : BOTTOM-LEFT:
tensor([[0.0705, 0.0504, 0.0198],
        [0.1795, 0.1284, 0.0504],
        [0.2509, 0.1795, 0.0705]])
2024-03-03 10:32:09,185 | INFO | hilo.kernel-accessor : Fetching kernel: gaussian
2024-03-03 10:32:09,185 | INFO | hilo.gaussian-kernel : Calculating Gaussian distribution (location: -0.05090194195508957, scale 1.3697720766067505)
2024-03-03 10:32:09,186 | INFO | hilo.gaussian-kernel : BOTTOM-RIGHT:
tensor([[0.0248, 0.0567, 0.0760],
        [0.0567, 0.1295, 0.1737],
        [0.0760, 0.1737, 0.2330]])
2024-03-03 10:32:09,186 | INFO | hilo.kernel-accessor : Fetching kernel: gaussian
2024-03-03 10:32:09,186 | INFO | hilo.gaussian-kernel : Calculating Gaussian distribution (location: -0.12068811058998108, scale 1.0251339673995972)
2024-03-03 10:32:09,187 | INFO | hilo.gaussian-kernel : BOTTOM-RIGHT:
tensor([[0.0050, 0.0235, 0.0424],
        [0.0235, 0.1097, 0.1980],
        [0.0424, 0.1980, 0.3575]])
2024-03-03 10:32:09,187 | INFO | hilo.kernel-accessor : Fetching kernel: gaussian
2024-03-03 10:32:09,187 | INFO | hilo.gaussian-kernel : Calculating Gaussian distribution (location: -0.022442294284701347, scale 1.0235629081726074)
2024-03-03 10:32:09,188 | INFO | hilo.gaussian-kernel : BOTTOM-RIGHT:
tensor([[0.0066, 0.0282, 0.0464],
        [0.0282, 0.1205, 0.1985],
        [0.0464, 0.1985, 0.3268]])
2024-03-03 10:32:09,188 | INFO | hilo.kernel-accessor : Fetching kernel: gaussian
2024-03-03 10:32:09,188 | INFO | hilo.gaussian-kernel : Calculating Gaussian distribution (location: -0.07045254111289978, scale 1.1500664949417114)
2024-03-03 10:32:09,189 | INFO | hilo.gaussian-kernel : BOTTOM-LEFT:
tensor([[0.0580, 0.0377, 0.0115],
        [0.1903, 0.1236, 0.0377],
        [0.2929, 0.1903, 0.0580]])
2024-03-03 10:32:09,189 | INFO | hilo.kernel-accessor : Fetching kernel: gaussian
2024-03-03 10:32:09,189 | INFO | hilo.gaussian-kernel : Calculating Gaussian distribution (location: -0.3663961887359619, scale 1.6229723691940308)
2024-03-03 10:32:09,190 | INFO | hilo.gaussian-kernel : BOTTOM-RIGHT:
tensor([[0.0292, 0.0593, 0.0824],
        [0.0593, 0.1204, 0.1673],
        [0.0824, 0.1673, 0.2325]])
2024-03-03 10:33:30,302 | INFO | hilo : Epoch   2/200 | Accuracy:  41.4773 | Loss:   1.4413
2024-03-03 10:33:30,302 | INFO | hilo.kernel-accessor : Fetching kernel: gaussian
2024-03-03 10:33:30,303 | INFO | hilo.gaussian-kernel : Calculating Gaussian distribution (location: -0.02784314751625061, scale 0.7311530113220215)
2024-03-03 10:33:30,304 | INFO | hilo.gaussian-kernel : BOTTOM-LEFT:
tensor([[1.1002e-02, 4.0989e-03, 2.3521e-04],
        [1.9174e-01, 7.1431e-02, 4.0989e-03],
        [5.1466e-01, 1.9174e-01, 1.1002e-02]])
2024-03-03 10:33:30,304 | INFO | hilo.kernel-accessor : Fetching kernel: gaussian
2024-03-03 10:33:30,304 | INFO | hilo.gaussian-kernel : Calculating Gaussian distribution (location: -0.568071722984314, scale 1.6072347164154053)
2024-03-03 10:33:30,305 | INFO | hilo.gaussian-kernel : BOTTOM-LEFT:
tensor([[0.0774, 0.0512, 0.0230],
        [0.1724, 0.1140, 0.0512],
        [0.2607, 0.1724, 0.0774]])
2024-03-03 10:33:30,305 | INFO | hilo.kernel-accessor : Fetching kernel: gaussian
2024-03-03 10:33:30,305 | INFO | hilo.gaussian-kernel : Calculating Gaussian distribution (location: -0.28721868991851807, scale 1.2761894464492798)
2024-03-03 10:33:30,305 | INFO | hilo.gaussian-kernel : BOTTOM-RIGHT:
tensor([[0.0128, 0.0382, 0.0620],
        [0.0382, 0.1145, 0.1857],
        [0.0620, 0.1857, 0.3011]])
2024-03-03 10:33:30,305 | INFO | hilo.kernel-accessor : Fetching kernel: gaussian
2024-03-03 10:33:30,306 | INFO | hilo.gaussian-kernel : Calculating Gaussian distribution (location: -0.2575852870941162, scale 1.1563684940338135)
2024-03-03 10:33:30,306 | INFO | hilo.gaussian-kernel : BOTTOM-RIGHT:
tensor([[0.0079, 0.0292, 0.0515],
        [0.0292, 0.1089, 0.1918],
        [0.0515, 0.1918, 0.3380]])
2024-03-03 10:33:30,306 | INFO | hilo.kernel-accessor : Fetching kernel: gaussian
2024-03-03 10:33:30,307 | INFO | hilo.gaussian-kernel : Calculating Gaussian distribution (location: -0.1959402710199356, scale 1.1187673807144165)
2024-03-03 10:33:30,307 | INFO | hilo.gaussian-kernel : BOTTOM-LEFT:
tensor([[0.0499, 0.0286, 0.0074],
        [0.1935, 0.1110, 0.0286],
        [0.3375, 0.1935, 0.0499]])
2024-03-03 10:33:30,307 | INFO | hilo.kernel-accessor : Fetching kernel: gaussian
2024-03-03 10:33:30,307 | INFO | hilo.gaussian-kernel : Calculating Gaussian distribution (location: -0.048945941030979156, scale 0.9209741353988647)
2024-03-03 10:33:30,308 | INFO | hilo.gaussian-kernel : STATIC:
tensor([[0.3868, 0.2025, 0.0326],
        [0.2025, 0.1060, 0.0171],
        [0.0326, 0.0171, 0.0027]])
2024-03-03 10:33:30,308 | INFO | hilo.kernel-accessor : Fetching kernel: gaussian
2024-03-03 10:33:30,308 | INFO | hilo.gaussian-kernel : Calculating Gaussian distribution (location: -0.2070678025484085, scale 1.0966325998306274)
2024-03-03 10:33:30,309 | INFO | hilo.gaussian-kernel : STATIC:
tensor([[0.3502, 0.1945, 0.0470],
        [0.1945, 0.1081, 0.0261],
        [0.0470, 0.0261, 0.0063]])
2024-03-03 10:33:30,309 | INFO | hilo.kernel-accessor : Fetching kernel: gaussian
2024-03-03 10:33:30,309 | INFO | hilo.gaussian-kernel : Calculating Gaussian distribution (location: -0.21896496415138245, scale 1.0358140468597412)
2024-03-03 10:33:30,309 | INFO | hilo.gaussian-kernel : STATIC:
tensor([[0.3835, 0.1962, 0.0395],
        [0.1962, 0.1004, 0.0202],
        [0.0395, 0.0202, 0.0041]])
2024-03-03 10:33:30,309 | INFO | hilo.kernel-accessor : Fetching kernel: gaussian
2024-03-03 10:33:30,310 | INFO | hilo.gaussian-kernel : Calculating Gaussian distribution (location: -0.12748777866363525, scale 1.0693964958190918)
2024-03-03 10:33:30,310 | INFO | hilo.gaussian-kernel : BOTTOM-LEFT:
tensor([[0.0472, 0.0273, 0.0066],
        [0.1960, 0.1132, 0.0273],
        [0.3392, 0.1960, 0.0472]])
2024-03-03 10:33:30,310 | INFO | hilo.kernel-accessor : Fetching kernel: gaussian
2024-03-03 10:33:30,311 | INFO | hilo.gaussian-kernel : Calculating Gaussian distribution (location: -0.05561838299036026, scale 0.9237730503082275)
2024-03-03 10:33:30,311 | INFO | hilo.gaussian-kernel : BOTTOM-LEFT:
tensor([[0.0327, 0.0170, 0.0028],
        [0.2023, 0.1055, 0.0170],
        [0.3878, 0.2023, 0.0327]])
2024-03-03 10:33:30,311 | INFO | hilo.kernel-accessor : Fetching kernel: gaussian
2024-03-03 10:33:30,311 | INFO | hilo.gaussian-kernel : Calculating Gaussian distribution (location: -0.16905733942985535, scale 1.1667110919952393)
2024-03-03 10:33:30,311 | INFO | hilo.gaussian-kernel : STATIC:
tensor([[0.3117, 0.1907, 0.0559],
        [0.1907, 0.1166, 0.0342],
        [0.0559, 0.0342, 0.0100]])
2024-03-03 10:33:30,312 | INFO | hilo.kernel-accessor : Fetching kernel: gaussian
2024-03-03 10:33:30,312 | INFO | hilo.gaussian-kernel : Calculating Gaussian distribution (location: -0.1433016061782837, scale 0.9954524636268616)
2024-03-03 10:33:30,312 | INFO | hilo.gaussian-kernel : BOTTOM-RIGHT:
tensor([[0.0038, 0.0198, 0.0378],
        [0.0198, 0.1038, 0.1986],
        [0.0378, 0.1986, 0.3801]])
2024-03-03 10:33:30,312 | INFO | hilo.kernel-accessor : Fetching kernel: gaussian
2024-03-03 10:33:30,312 | INFO | hilo.gaussian-kernel : Calculating Gaussian distribution (location: -0.10555160045623779, scale 1.0529814958572388)
2024-03-03 10:33:30,313 | INFO | hilo.gaussian-kernel : STATIC:
tensor([[0.3399, 0.1968, 0.0463],
        [0.1968, 0.1140, 0.0268],
        [0.0463, 0.0268, 0.0063]])
2024-03-03 10:33:30,313 | INFO | hilo.kernel-accessor : Fetching kernel: gaussian
2024-03-03 10:33:30,313 | INFO | hilo.gaussian-kernel : Calculating Gaussian distribution (location: 0.0012618619948625565, scale 0.8441386818885803)
2024-03-03 10:33:30,313 | INFO | hilo.gaussian-kernel : BOTTOM-RIGHT:
tensor([[0.0015, 0.0124, 0.0250],
        [0.0124, 0.1017, 0.2048],
        [0.0250, 0.2048, 0.4124]])
2024-03-03 10:33:30,313 | INFO | hilo.kernel-accessor : Fetching kernel: gaussian
2024-03-03 10:33:30,313 | INFO | hilo.gaussian-kernel : Calculating Gaussian distribution (location: 0.15112659335136414, scale 1.1587759256362915)
2024-03-03 10:33:30,314 | INFO | hilo.gaussian-kernel : STATIC:
tensor([[0.2371, 0.1829, 0.0670],
        [0.1829, 0.1410, 0.0516],
        [0.0670, 0.0516, 0.0189]])
2024-03-03 10:33:30,314 | INFO | hilo.kernel-accessor : Fetching kernel: gaussian
2024-03-03 10:33:30,314 | INFO | hilo.gaussian-kernel : Calculating Gaussian distribution (location: 0.02131868153810501, scale 1.6068276166915894)
2024-03-03 10:33:30,314 | INFO | hilo.gaussian-kernel : BOTTOM-RIGHT:
tensor([[0.0415, 0.0736, 0.0886],
        [0.0736, 0.1305, 0.1571],
        [0.0886, 0.1571, 0.1891]])
2024-03-03 10:33:30,314 | INFO | hilo.kernel-accessor : Fetching kernel: gaussian
2024-03-03 10:33:30,315 | INFO | hilo.gaussian-kernel : Calculating Gaussian distribution (location: -1.0063419342041016, scale 2.793541669845581)
2024-03-03 10:33:30,315 | INFO | hilo.gaussian-kernel : BOTTOM-LEFT:
tensor([[0.1019, 0.0840, 0.0609],
        [0.1405, 0.1158, 0.0840],
        [0.1704, 0.1405, 0.1019]])
2024-03-03 10:34:51,557 | INFO | hilo : Epoch   3/200 | Accuracy:  44.0625 | Loss:   1.4891
2024-03-03 10:34:51,557 | INFO | hilo.kernel-accessor : Fetching kernel: gaussian
2024-03-03 10:34:51,558 | INFO | hilo.gaussian-kernel : Calculating Gaussian distribution (location: -0.025073643773794174, scale 0.7494128346443176)
2024-03-03 10:34:51,559 | INFO | hilo.gaussian-kernel : BOTTOM-LEFT:
tensor([[1.2910e-02, 5.0687e-03, 3.3540e-04],
        [1.9510e-01, 7.6598e-02, 5.0687e-03],
        [4.9692e-01, 1.9510e-01, 1.2910e-02]])
2024-03-03 10:34:51,559 | INFO | hilo.kernel-accessor : Fetching kernel: gaussian
2024-03-03 10:34:51,559 | INFO | hilo.gaussian-kernel : Calculating Gaussian distribution (location: -0.8749021887779236, scale 1.9245219230651855)
2024-03-03 10:34:51,560 | INFO | hilo.gaussian-kernel : BOTTOM-LEFT:
tensor([[0.0862, 0.0595, 0.0313],
        [0.1636, 0.1129, 0.0595],
        [0.2372, 0.1636, 0.0862]])
2024-03-03 10:34:51,560 | INFO | hilo.kernel-accessor : Fetching kernel: gaussian
2024-03-03 10:34:51,560 | INFO | hilo.gaussian-kernel : Calculating Gaussian distribution (location: -0.4245453476905823, scale 1.2541248798370361)
2024-03-03 10:34:51,561 | INFO | hilo.gaussian-kernel : BOTTOM-LEFT:
tensor([[0.0553, 0.0307, 0.0090],
        [0.1880, 0.1044, 0.0307],
        [0.3384, 0.1880, 0.0553]])
2024-03-03 10:34:51,561 | INFO | hilo.kernel-accessor : Fetching kernel: gaussian
2024-03-03 10:34:51,561 | INFO | hilo.gaussian-kernel : Calculating Gaussian distribution (location: -0.20686058700084686, scale 1.033066987991333)
2024-03-03 10:34:51,562 | INFO | hilo.gaussian-kernel : BOTTOM-LEFT:
tensor([[0.0397, 0.0205, 0.0041],
        [0.1965, 0.1013, 0.0205],
        [0.3811, 0.1965, 0.0397]])
2024-03-03 10:34:51,562 | INFO | hilo.kernel-accessor : Fetching kernel: gaussian
2024-03-03 10:34:51,562 | INFO | hilo.gaussian-kernel : Calculating Gaussian distribution (location: -0.13104772567749023, scale 1.0123541355133057)
2024-03-03 10:34:51,563 | INFO | hilo.gaussian-kernel : BOTTOM-RIGHT:
tensor([[0.0044, 0.0218, 0.0404],
        [0.0218, 0.1072, 0.1984],
        [0.0404, 0.1984, 0.3672]])
2024-03-03 10:34:51,563 | INFO | hilo.kernel-accessor : Fetching kernel: gaussian
2024-03-03 10:34:51,563 | INFO | hilo.gaussian-kernel : Calculating Gaussian distribution (location: -0.02283746376633644, scale 0.8616207838058472)
2024-03-03 10:34:51,564 | INFO | hilo.gaussian-kernel : BOTTOM-LEFT:
tensor([[0.0262, 0.0130, 0.0017],
        [0.2037, 0.1007, 0.0130],
        [0.4119, 0.2037, 0.0262]])
2024-03-03 10:34:51,564 | INFO | hilo.kernel-accessor : Fetching kernel: gaussian
2024-03-03 10:34:51,564 | INFO | hilo.gaussian-kernel : Calculating Gaussian distribution (location: -0.11381129920482635, scale 0.8770454525947571)
2024-03-03 10:34:51,565 | INFO | hilo.gaussian-kernel : BOTTOM-LEFT:
tensor([[0.0244, 0.0110, 0.0013],
        [0.1987, 0.0894, 0.0110],
        [0.4412, 0.1987, 0.0244]])
2024-03-03 10:34:51,565 | INFO | hilo.kernel-accessor : Fetching kernel: gaussian
2024-03-03 10:34:51,565 | INFO | hilo.gaussian-kernel : Calculating Gaussian distribution (location: -0.1320275217294693, scale 0.7809691429138184)
2024-03-03 10:34:51,566 | INFO | hilo.gaussian-kernel : BOTTOM-LEFT:
tensor([[1.2841e-02, 4.5557e-03, 3.1366e-04],
        [1.8651e-01, 6.6170e-02, 4.5557e-03],
        [5.2570e-01, 1.8651e-01, 1.2841e-02]])
2024-03-03 10:34:51,566 | INFO | hilo.kernel-accessor : Fetching kernel: gaussian
2024-03-03 10:34:51,566 | INFO | hilo.gaussian-kernel : Calculating Gaussian distribution (location: -0.04206866770982742, scale 0.7934166789054871)
2024-03-03 10:34:51,567 | INFO | hilo.gaussian-kernel : BOTTOM-LEFT:
tensor([[0.0171, 0.0072, 0.0006],
        [0.1985, 0.0839, 0.0072],
        [0.4697, 0.1985, 0.0171]])
2024-03-03 10:34:51,567 | INFO | hilo.kernel-accessor : Fetching kernel: gaussian
2024-03-03 10:34:51,567 | INFO | hilo.gaussian-kernel : Calculating Gaussian distribution (location: -0.005215919576585293, scale 0.6822667717933655)
2024-03-03 10:34:51,568 | INFO | hilo.gaussian-kernel : BOTTOM-LEFT:
tensor([[7.2932e-03, 2.4635e-03, 9.7098e-05],
        [1.8504e-01, 6.2504e-02, 2.4635e-03],
        [5.4781e-01, 1.8504e-01, 7.2932e-03]])
2024-03-03 10:34:51,568 | INFO | hilo.kernel-accessor : Fetching kernel: gaussian
2024-03-03 10:34:51,568 | INFO | hilo.gaussian-kernel : Calculating Gaussian distribution (location: -0.11208434402942657, scale 0.8412807583808899)
2024-03-03 10:34:51,569 | INFO | hilo.gaussian-kernel : BOTTOM-RIGHT:
tensor([[0.0009, 0.0085, 0.0201],
        [0.0085, 0.0827, 0.1964],
        [0.0201, 0.1964, 0.4664]])
2024-03-03 10:34:51,569 | INFO | hilo.kernel-accessor : Fetching kernel: gaussian
2024-03-03 10:34:51,569 | INFO | hilo.gaussian-kernel : Calculating Gaussian distribution (location: -0.11122222244739532, scale 0.7440963387489319)
2024-03-03 10:34:51,570 | INFO | hilo.gaussian-kernel : STATIC:
tensor([[5.4900e-01, 1.8203e-01, 9.9159e-03],
        [1.8203e-01, 6.0355e-02, 3.2878e-03],
        [9.9159e-03, 3.2878e-03, 1.7910e-04]])
2024-03-03 10:34:51,570 | INFO | hilo.kernel-accessor : Fetching kernel: gaussian
2024-03-03 10:34:51,570 | INFO | hilo.gaussian-kernel : Calculating Gaussian distribution (location: -0.01312950998544693, scale 0.7596441507339478)
2024-03-03 10:34:51,571 | INFO | hilo.gaussian-kernel : BOTTOM-LEFT:
tensor([[1.4382e-02, 5.9106e-03, 4.2939e-04],
        [1.9797e-01, 8.1360e-02, 5.9106e-03],
        [4.8169e-01, 1.9797e-01, 1.4382e-02]])
2024-03-03 10:34:51,571 | INFO | hilo.kernel-accessor : Fetching kernel: gaussian
2024-03-03 10:34:51,571 | INFO | hilo.gaussian-kernel : Calculating Gaussian distribution (location: -0.009075306355953217, scale 0.6243969202041626)
2024-03-03 10:34:51,572 | INFO | hilo.gaussian-kernel : BOTTOM-LEFT:
tensor([[3.4656e-03, 9.3906e-04, 1.9574e-05],
        [1.6626e-01, 4.5052e-02, 9.3906e-04],
        [6.1359e-01, 1.6626e-01, 3.4656e-03]])
2024-03-03 10:34:51,572 | INFO | hilo.kernel-accessor : Fetching kernel: gaussian
2024-03-03 10:34:51,573 | INFO | hilo.gaussian-kernel : Calculating Gaussian distribution (location: 0.07151635736227036, scale 0.7024012207984924)
2024-03-03 10:34:51,573 | INFO | hilo.gaussian-kernel : BOTTOM-RIGHT:
tensor([[2.5843e-04, 4.6752e-03, 1.1142e-02],
        [4.6752e-03, 8.4575e-02, 2.0157e-01],
        [1.1142e-02, 2.0157e-01, 4.8040e-01]])
2024-03-03 10:34:51,573 | INFO | hilo.kernel-accessor : Fetching kernel: gaussian
2024-03-03 10:34:51,574 | INFO | hilo.gaussian-kernel : Calculating Gaussian distribution (location: -0.040198907256126404, scale 0.8079141974449158)
2024-03-03 10:34:51,574 | INFO | hilo.gaussian-kernel : STATIC:
tensor([[0.4575, 0.2000, 0.0189],
        [0.2000, 0.0874, 0.0083],
        [0.0189, 0.0083, 0.0008]])
2024-03-03 10:34:51,574 | INFO | hilo.kernel-accessor : Fetching kernel: gaussian
2024-03-03 10:34:51,575 | INFO | hilo.gaussian-kernel : Calculating Gaussian distribution (location: -0.25259166955947876, scale 0.9891632795333862)
2024-03-03 10:34:51,575 | INFO | hilo.gaussian-kernel : BOTTOM-RIGHT:
tensor([[0.0025, 0.0151, 0.0326],
        [0.0151, 0.0905, 0.1952],
        [0.0326, 0.1952, 0.4213]])
2024-03-03 10:36:12,524 | INFO | hilo : Epoch   4/200 | Accuracy:  45.6250 | Loss:   1.4451
2024-03-03 10:36:12,524 | INFO | hilo.kernel-accessor : Fetching kernel: gaussian
2024-03-03 10:36:12,525 | INFO | hilo.gaussian-kernel : Calculating Gaussian distribution (location: -0.01570039615035057, scale 0.8218774199485779)
2024-03-03 10:36:12,525 | INFO | hilo.gaussian-kernel : BOTTOM-LEFT:
tensor([[0.0215, 0.0100, 0.0011],
        [0.2029, 0.0946, 0.0100],
        [0.4354, 0.2029, 0.0215]])
2024-03-03 10:36:12,525 | INFO | hilo.kernel-accessor : Fetching kernel: gaussian
2024-03-03 10:36:12,525 | INFO | hilo.gaussian-kernel : Calculating Gaussian distribution (location: -0.8995623588562012, scale 2.312593460083008)
2024-03-03 10:36:12,526 | INFO | hilo.gaussian-kernel : STATIC:
tensor([[0.1956, 0.1505, 0.0961],
        [0.1505, 0.1159, 0.0740],
        [0.0961, 0.0740, 0.0472]])
2024-03-03 10:36:12,526 | INFO | hilo.kernel-accessor : Fetching kernel: gaussian
2024-03-03 10:36:12,526 | INFO | hilo.gaussian-kernel : Calculating Gaussian distribution (location: -0.4420417547225952, scale 1.4156494140625)
2024-03-03 10:36:12,526 | INFO | hilo.gaussian-kernel : BOTTOM-LEFT:
tensor([[0.0684, 0.0427, 0.0162],
        [0.1802, 0.1126, 0.0427],
        [0.2884, 0.1802, 0.0684]])
2024-03-03 10:36:12,526 | INFO | hilo.kernel-accessor : Fetching kernel: gaussian
2024-03-03 10:36:12,527 | INFO | hilo.gaussian-kernel : Calculating Gaussian distribution (location: -0.27621299028396606, scale 1.256616234779358)
2024-03-03 10:36:12,527 | INFO | hilo.gaussian-kernel : BOTTOM-RIGHT:
tensor([[0.0120, 0.0371, 0.0606],
        [0.0371, 0.1142, 0.1866],
        [0.0606, 0.1866, 0.3051]])
2024-03-03 10:36:12,527 | INFO | hilo.kernel-accessor : Fetching kernel: gaussian
2024-03-03 10:36:12,527 | INFO | hilo.gaussian-kernel : Calculating Gaussian distribution (location: -0.20121341943740845, scale 0.8666489720344543)
2024-03-03 10:36:12,527 | INFO | hilo.gaussian-kernel : STATIC:
tensor([[0.4863, 0.1912, 0.0199],
        [0.1912, 0.0752, 0.0078],
        [0.0199, 0.0078, 0.0008]])
2024-03-03 10:36:12,528 | INFO | hilo.kernel-accessor : Fetching kernel: gaussian
2024-03-03 10:36:12,528 | INFO | hilo.gaussian-kernel : Calculating Gaussian distribution (location: 0.06043899804353714, scale 0.7556551694869995)
2024-03-03 10:36:12,528 | INFO | hilo.gaussian-kernel : BOTTOM-RIGHT:
tensor([[0.0006, 0.0077, 0.0165],
        [0.0077, 0.0953, 0.2057],
        [0.0165, 0.2057, 0.4442]])
2024-03-03 10:36:12,528 | INFO | hilo.kernel-accessor : Fetching kernel: gaussian
2024-03-03 10:36:12,528 | INFO | hilo.gaussian-kernel : Calculating Gaussian distribution (location: -0.11061818897724152, scale 0.8143143057823181)
2024-03-03 10:36:12,529 | INFO | hilo.gaussian-kernel : BOTTOM-LEFT:
tensor([[0.0171, 0.0068, 0.0006],
        [0.1938, 0.0772, 0.0068],
        [0.4868, 0.1938, 0.0171]])
2024-03-03 10:36:12,529 | INFO | hilo.kernel-accessor : Fetching kernel: gaussian
2024-03-03 10:36:12,529 | INFO | hilo.gaussian-kernel : Calculating Gaussian distribution (location: -0.11738279461860657, scale 0.5960618853569031)
2024-03-03 10:36:12,529 | INFO | hilo.gaussian-kernel : STATIC:
tensor([[7.2089e-01, 1.2682e-01, 1.3371e-03],
        [1.2682e-01, 2.2312e-02, 2.3523e-04],
        [1.3371e-03, 2.3523e-04, 2.4801e-06]])
2024-03-03 10:36:12,529 | INFO | hilo.kernel-accessor : Fetching kernel: gaussian
2024-03-03 10:36:12,529 | INFO | hilo.gaussian-kernel : Calculating Gaussian distribution (location: -0.026897132396697998, scale 0.6080107688903809)
2024-03-03 10:36:12,530 | INFO | hilo.gaussian-kernel : STATIC:
tensor([[6.4587e-01, 1.5529e-01, 2.4967e-03],
        [1.5529e-01, 3.7338e-02, 6.0030e-04],
        [2.4967e-03, 6.0030e-04, 9.6511e-06]])
2024-03-03 10:36:12,530 | INFO | hilo.kernel-accessor : Fetching kernel: gaussian
2024-03-03 10:36:12,530 | INFO | hilo.gaussian-kernel : Calculating Gaussian distribution (location: 0.016079984605312347, scale 0.526877760887146)
2024-03-03 10:36:12,530 | INFO | hilo.gaussian-kernel : BOTTOM-LEFT:
tensor([[6.0358e-04, 1.0560e-04, 5.0365e-07],
        [1.2655e-01, 2.2141e-02, 1.0560e-04],
        [7.2334e-01, 1.2655e-01, 6.0358e-04]])
2024-03-03 10:36:12,530 | INFO | hilo.kernel-accessor : Fetching kernel: gaussian
2024-03-03 10:36:12,530 | INFO | hilo.gaussian-kernel : Calculating Gaussian distribution (location: -0.0279834046959877, scale 0.5934895277023315)
2024-03-03 10:36:12,531 | INFO | hilo.gaussian-kernel : BOTTOM-LEFT:
tensor([[1.9402e-03, 4.3336e-04, 5.6606e-06],
        [1.4853e-01, 3.3177e-02, 4.3336e-04],
        [6.6500e-01, 1.4853e-01, 1.9402e-03]])
2024-03-03 10:36:12,531 | INFO | hilo.kernel-accessor : Fetching kernel: gaussian
2024-03-03 10:36:12,531 | INFO | hilo.gaussian-kernel : Calculating Gaussian distribution (location: -0.002575840335339308, scale 0.5932562947273254)
2024-03-03 10:36:12,531 | INFO | hilo.gaussian-kernel : BOTTOM-LEFT:
tensor([[2.1711e-03, 5.2063e-04, 7.2847e-06],
        [1.5517e-01, 3.7208e-02, 5.2063e-04],
        [6.4707e-01, 1.5517e-01, 2.1711e-03]])
2024-03-03 10:36:12,531 | INFO | hilo.kernel-accessor : Fetching kernel: gaussian
2024-03-03 10:36:12,531 | INFO | hilo.gaussian-kernel : Calculating Gaussian distribution (location: 0.07774621248245239, scale 0.6591234803199768)
2024-03-03 10:36:12,532 | INFO | hilo.gaussian-kernel : BOTTOM-LEFT:
tensor([[7.3863e-03, 2.7946e-03, 1.0582e-04],
        [1.9507e-01, 7.3805e-02, 2.7946e-03],
        [5.1559e-01, 1.9507e-01, 7.3863e-03]])
2024-03-03 10:36:12,532 | INFO | hilo.kernel-accessor : Fetching kernel: gaussian
2024-03-03 10:36:12,532 | INFO | hilo.gaussian-kernel : Calculating Gaussian distribution (location: 0.01765538938343525, scale 0.5490193367004395)
2024-03-03 10:36:12,532 | INFO | hilo.gaussian-kernel : BOTTOM-LEFT:
tensor([[1.0197e-03, 2.0583e-04, 1.5056e-06],
        [1.3940e-01, 2.8138e-02, 2.0583e-04],
        [6.9061e-01, 1.3940e-01, 1.0197e-03]])
2024-03-03 10:36:12,532 | INFO | hilo.kernel-accessor : Fetching kernel: gaussian
2024-03-03 10:36:12,533 | INFO | hilo.gaussian-kernel : Calculating Gaussian distribution (location: 0.01159728690981865, scale 0.4993804097175598)
2024-03-03 10:36:12,533 | INFO | hilo.gaussian-kernel : STATIC:
tensor([[7.6753e-01, 1.0828e-01, 2.7702e-04],
        [1.0828e-01, 1.5276e-02, 3.9080e-05],
        [2.7702e-04, 3.9080e-05, 9.9981e-08]])
2024-03-03 10:36:12,533 | INFO | hilo.kernel-accessor : Fetching kernel: gaussian
2024-03-03 10:36:12,533 | INFO | hilo.gaussian-kernel : Calculating Gaussian distribution (location: -0.021203428506851196, scale 0.5377413630485535)
2024-03-03 10:36:12,533 | INFO | hilo.gaussian-kernel : BOTTOM-LEFT:
tensor([[6.2997e-04, 1.0388e-04, 5.3933e-07],
        [1.2134e-01, 2.0008e-02, 1.0388e-04],
        [7.3585e-01, 1.2134e-01, 6.2997e-04]])
2024-03-03 10:36:12,534 | INFO | hilo.kernel-accessor : Fetching kernel: gaussian
2024-03-03 10:36:12,534 | INFO | hilo.gaussian-kernel : Calculating Gaussian distribution (location: 0.010816313326358795, scale 0.6918051838874817)
2024-03-03 10:36:12,534 | INFO | hilo.gaussian-kernel : BOTTOM-LEFT:
tensor([[8.4647e-03, 3.0458e-03, 1.3563e-04],
        [1.9009e-01, 6.8399e-02, 3.0458e-03],
        [5.2827e-01, 1.9009e-01, 8.4647e-03]])
2024-03-03 10:37:33,597 | INFO | hilo : Epoch   5/200 | Accuracy:  45.3125 | Loss:   1.3009
2024-03-03 10:37:33,597 | INFO | hilo.kernel-accessor : Fetching kernel: gaussian
2024-03-03 10:37:33,598 | INFO | hilo.gaussian-kernel : Calculating Gaussian distribution (location: -0.022287700325250626, scale 0.7116085886955261)
2024-03-03 10:37:33,599 | INFO | hilo.gaussian-kernel : STATIC:
tensor([[5.2958e-01, 1.8880e-01, 9.3419e-03],
        [1.8880e-01, 6.7309e-02, 3.3305e-03],
        [9.3419e-03, 3.3305e-03, 1.6479e-04]])
2024-03-03 10:37:33,599 | INFO | hilo.kernel-accessor : Fetching kernel: gaussian
2024-03-03 10:37:33,599 | INFO | hilo.gaussian-kernel : Calculating Gaussian distribution (location: -0.8952682018280029, scale 2.1464898586273193)
2024-03-03 10:37:33,600 | INFO | hilo.gaussian-kernel : BOTTOM-RIGHT:
tensor([[0.0407, 0.0684, 0.0926],
        [0.0684, 0.1150, 0.1557],
        [0.0926, 0.1557, 0.2108]])
2024-03-03 10:37:33,600 | INFO | hilo.kernel-accessor : Fetching kernel: gaussian
2024-03-03 10:37:33,600 | INFO | hilo.gaussian-kernel : Calculating Gaussian distribution (location: -0.2749233841896057, scale 1.2500118017196655)
2024-03-03 10:37:33,601 | INFO | hilo.gaussian-kernel : STATIC:
tensor([[0.3071, 0.1870, 0.0601],
        [0.1870, 0.1139, 0.0366],
        [0.0601, 0.0366, 0.0117]])
2024-03-03 10:37:33,601 | INFO | hilo.kernel-accessor : Fetching kernel: gaussian
2024-03-03 10:37:33,601 | INFO | hilo.gaussian-kernel : Calculating Gaussian distribution (location: -0.3364427089691162, scale 1.1392109394073486)
2024-03-03 10:37:33,602 | INFO | hilo.gaussian-kernel : STATIC:
tensor([[0.3662, 0.1922, 0.0467],
        [0.1922, 0.1009, 0.0245],
        [0.0467, 0.0245, 0.0060]])
2024-03-03 10:37:33,602 | INFO | hilo.kernel-accessor : Fetching kernel: gaussian
2024-03-03 10:37:33,602 | INFO | hilo.gaussian-kernel : Calculating Gaussian distribution (location: -0.10646917670965195, scale 0.7753060460090637)
2024-03-03 10:37:33,603 | INFO | hilo.gaussian-kernel : BOTTOM-RIGHT:
tensor([[3.2840e-04, 4.7542e-03, 1.3039e-02],
        [4.7542e-03, 6.8826e-02, 1.8877e-01],
        [1.3039e-02, 1.8877e-01, 5.1773e-01]])
2024-03-03 10:37:33,603 | INFO | hilo.kernel-accessor : Fetching kernel: gaussian
2024-03-03 10:37:33,604 | INFO | hilo.gaussian-kernel : Calculating Gaussian distribution (location: -0.006511738058179617, scale 0.6665327548980713)
2024-03-03 10:37:33,604 | INFO | hilo.gaussian-kernel : BOTTOM-LEFT:
tensor([[6.0827e-03, 1.9451e-03, 6.5502e-05],
        [1.8063e-01, 5.7763e-02, 1.9451e-03],
        [5.6485e-01, 1.8063e-01, 6.0827e-03]])
2024-03-03 10:37:33,604 | INFO | hilo.kernel-accessor : Fetching kernel: gaussian
2024-03-03 10:37:33,604 | INFO | hilo.gaussian-kernel : Calculating Gaussian distribution (location: -0.1095929741859436, scale 0.7899779081344604)
2024-03-03 10:37:33,605 | INFO | hilo.gaussian-kernel : BOTTOM-RIGHT:
tensor([[4.1294e-04, 5.4454e-03, 1.4463e-02],
        [5.4454e-03, 7.1806e-02, 1.9072e-01],
        [1.4463e-02, 1.9072e-01, 5.0653e-01]])
2024-03-03 10:37:33,605 | INFO | hilo.kernel-accessor : Fetching kernel: gaussian
2024-03-03 10:37:33,605 | INFO | hilo.gaussian-kernel : Calculating Gaussian distribution (location: -0.1684083193540573, scale 0.6242677569389343)
2024-03-03 10:37:33,606 | INFO | hilo.gaussian-kernel : STATIC:
tensor([[7.1524e-01, 1.2870e-01, 1.7795e-03],
        [1.2870e-01, 2.3158e-02, 3.2020e-04],
        [1.7795e-03, 3.2020e-04, 4.4273e-06]])
