2024-02-28 21:18:53,264 | INFO | hilo : 
+==============================================================+
|                                                              |
| ██████╗  █████╗ ██████╗ ██╗         ██╗      █████╗ ██████╗  |
| ██╔══██╗██╔══██╗██╔══██╗██║         ██║     ██╔══██╗██╔══██╗ |
| ██║  ██║███████║██║  ██║██║         ██║     ███████║██████╔╝ |
| ██║  ██║██╔══██║██║  ██║██║         ██║     ██╔══██║██╔══██╗ |
| ██████╔╝██║  ██║██████╔╝███████╗    ███████╗██║  ██║██████╔╝ |
| ╚═════╝ ╚═╝  ╚═╝╚═════╝ ╚══════╝    ╚══════╝╚═╝  ╚═╝╚═════╝  |
+==============================================================+
|             Hi-Lo Resolution Image Classification            |
|             -------------------------------------            |
|                       Gabriel C. Trahan                      |
|                          Sahan Ahmad                         |
|                       MD  Aminual Islam                      |
+==============================================================+
2024-02-28 21:18:54,846 | INFO | hilo.dataset-accessor : Fetching dataset: cifar10
2024-02-28 21:18:54,846 | INFO | hilo.cifar10-dataset : Initializing transform
2024-02-28 21:18:54,847 | INFO | hilo.cifar10-dataset : Verifying/downloading train data
2024-02-28 21:18:55,449 | INFO | hilo.cifar10-dataset : Verifying/downloading test data
2024-02-28 21:18:55,931 | INFO | hilo.cifar10-dataset : Creating train data loader.
2024-02-28 21:18:55,931 | INFO | hilo.cifar10-dataset : Creating test data loader.
2024-02-28 21:18:56,042 | INFO | hilo : Output directory: output/resnet/cifar10/cauchy/7/20240228_211854/
2024-02-28 21:18:57,009 | INFO | hilo : Using device: NVIDIA GeForce GTX 1060 6GB
2024-02-28 21:18:57,010 | INFO | hilo : Exeucting job: MODEL resnet | DATASET cifar10 | KERNEL cauchy | TYPE 7
2024-02-28 21:18:57,010 | INFO | hilo : Commencing training phase...
2024-02-28 21:18:57,010 | INFO | hilo.kernel-accessor : Fetching kernel: cauchy
2024-02-28 21:18:57,010 | INFO | hilo.cauchy-kernel : Calculating Cauchy distribution (location: 0.0, scale 1.0)
2024-02-28 21:18:57,011 | INFO | hilo.cauchy-kernel : BOTTOM-RIGHT:
tensor([[0.0206, 0.0350, 0.0700],
        [0.0350, 0.0700, 0.1749],
        [0.0700, 0.1749, 0.3498]])
2024-02-28 21:18:57,011 | INFO | hilo.kernel-accessor : Fetching kernel: cauchy
2024-02-28 21:18:57,011 | INFO | hilo.cauchy-kernel : Calculating Cauchy distribution (location: 0.0, scale 1.0)
2024-02-28 21:18:57,012 | INFO | hilo.cauchy-kernel : TOP-LEFT:
tensor([[0.3498, 0.1749, 0.0700],
        [0.1749, 0.0700, 0.0350],
        [0.0700, 0.0350, 0.0206]])
2024-02-28 21:18:57,012 | INFO | hilo.kernel-accessor : Fetching kernel: cauchy
2024-02-28 21:18:57,012 | INFO | hilo.cauchy-kernel : Calculating Cauchy distribution (location: 0.0, scale 1.0)
2024-02-28 21:18:57,012 | INFO | hilo.cauchy-kernel : STATIC:
tensor([[0.3498, 0.1749, 0.0700],
        [0.1749, 0.0700, 0.0350],
        [0.0700, 0.0350, 0.0206]])
2024-02-28 21:18:57,012 | INFO | hilo.kernel-accessor : Fetching kernel: cauchy
2024-02-28 21:18:57,012 | INFO | hilo.cauchy-kernel : Calculating Cauchy distribution (location: 0.0, scale 1.0)
2024-02-28 21:18:57,013 | INFO | hilo.cauchy-kernel : BOTTOM-RIGHT:
tensor([[0.0206, 0.0350, 0.0700],
        [0.0350, 0.0700, 0.1749],
        [0.0700, 0.1749, 0.3498]])
2024-02-28 21:18:57,013 | INFO | hilo.kernel-accessor : Fetching kernel: cauchy
2024-02-28 21:18:57,013 | INFO | hilo.cauchy-kernel : Calculating Cauchy distribution (location: 0.0, scale 1.0)
2024-02-28 21:18:57,013 | INFO | hilo.cauchy-kernel : STATIC:
tensor([[0.3498, 0.1749, 0.0700],
        [0.1749, 0.0700, 0.0350],
        [0.0700, 0.0350, 0.0206]])
2024-02-28 21:18:57,013 | INFO | hilo.kernel-accessor : Fetching kernel: cauchy
2024-02-28 21:18:57,013 | INFO | hilo.cauchy-kernel : Calculating Cauchy distribution (location: 0.0, scale 1.0)
2024-02-28 21:18:57,014 | INFO | hilo.cauchy-kernel : STATIC:
tensor([[0.3498, 0.1749, 0.0700],
        [0.1749, 0.0700, 0.0350],
        [0.0700, 0.0350, 0.0206]])
2024-02-28 21:18:57,014 | INFO | hilo.kernel-accessor : Fetching kernel: cauchy
2024-02-28 21:18:57,014 | INFO | hilo.cauchy-kernel : Calculating Cauchy distribution (location: 0.0, scale 1.0)
2024-02-28 21:18:57,014 | INFO | hilo.cauchy-kernel : TOP-LEFT:
tensor([[0.3498, 0.1749, 0.0700],
        [0.1749, 0.0700, 0.0350],
        [0.0700, 0.0350, 0.0206]])
2024-02-28 21:18:57,014 | INFO | hilo.kernel-accessor : Fetching kernel: cauchy
2024-02-28 21:18:57,014 | INFO | hilo.cauchy-kernel : Calculating Cauchy distribution (location: 0.0, scale 1.0)
2024-02-28 21:18:57,015 | INFO | hilo.cauchy-kernel : BOTTOM-RIGHT:
tensor([[0.0206, 0.0350, 0.0700],
        [0.0350, 0.0700, 0.1749],
        [0.0700, 0.1749, 0.3498]])
2024-02-28 21:18:57,015 | INFO | hilo.kernel-accessor : Fetching kernel: cauchy
2024-02-28 21:18:57,015 | INFO | hilo.cauchy-kernel : Calculating Cauchy distribution (location: 0.0, scale 1.0)
2024-02-28 21:18:57,015 | INFO | hilo.cauchy-kernel : BOTTOM-RIGHT:
tensor([[0.0206, 0.0350, 0.0700],
        [0.0350, 0.0700, 0.1749],
        [0.0700, 0.1749, 0.3498]])
2024-02-28 21:18:57,015 | INFO | hilo.kernel-accessor : Fetching kernel: cauchy
2024-02-28 21:18:57,015 | INFO | hilo.cauchy-kernel : Calculating Cauchy distribution (location: 0.0, scale 1.0)
2024-02-28 21:18:57,016 | INFO | hilo.cauchy-kernel : BOTTOM-RIGHT:
tensor([[0.0206, 0.0350, 0.0700],
        [0.0350, 0.0700, 0.1749],
        [0.0700, 0.1749, 0.3498]])
2024-02-28 21:18:57,016 | INFO | hilo.kernel-accessor : Fetching kernel: cauchy
2024-02-28 21:18:57,016 | INFO | hilo.cauchy-kernel : Calculating Cauchy distribution (location: 0.0, scale 1.0)
2024-02-28 21:18:57,016 | INFO | hilo.cauchy-kernel : BOTTOM-RIGHT:
tensor([[0.0206, 0.0350, 0.0700],
        [0.0350, 0.0700, 0.1749],
        [0.0700, 0.1749, 0.3498]])
2024-02-28 21:18:57,016 | INFO | hilo.kernel-accessor : Fetching kernel: cauchy
2024-02-28 21:18:57,017 | INFO | hilo.cauchy-kernel : Calculating Cauchy distribution (location: 0.0, scale 1.0)
2024-02-28 21:18:57,017 | INFO | hilo.cauchy-kernel : STATIC:
tensor([[0.3498, 0.1749, 0.0700],
        [0.1749, 0.0700, 0.0350],
        [0.0700, 0.0350, 0.0206]])
2024-02-28 21:18:57,017 | INFO | hilo.kernel-accessor : Fetching kernel: cauchy
2024-02-28 21:18:57,017 | INFO | hilo.cauchy-kernel : Calculating Cauchy distribution (location: 0.0, scale 1.0)
2024-02-28 21:18:57,017 | INFO | hilo.cauchy-kernel : STATIC:
tensor([[0.3498, 0.1749, 0.0700],
        [0.1749, 0.0700, 0.0350],
        [0.0700, 0.0350, 0.0206]])
2024-02-28 21:18:57,017 | INFO | hilo.kernel-accessor : Fetching kernel: cauchy
2024-02-28 21:18:57,018 | INFO | hilo.cauchy-kernel : Calculating Cauchy distribution (location: 0.0, scale 1.0)
2024-02-28 21:18:57,018 | INFO | hilo.cauchy-kernel : STATIC:
tensor([[0.3498, 0.1749, 0.0700],
        [0.1749, 0.0700, 0.0350],
        [0.0700, 0.0350, 0.0206]])
2024-02-28 21:18:57,018 | INFO | hilo.kernel-accessor : Fetching kernel: cauchy
2024-02-28 21:18:57,018 | INFO | hilo.cauchy-kernel : Calculating Cauchy distribution (location: 0.0, scale 1.0)
2024-02-28 21:18:57,018 | INFO | hilo.cauchy-kernel : BOTTOM-RIGHT:
tensor([[0.0206, 0.0350, 0.0700],
        [0.0350, 0.0700, 0.1749],
        [0.0700, 0.1749, 0.3498]])
2024-02-28 21:18:57,018 | INFO | hilo.kernel-accessor : Fetching kernel: cauchy
2024-02-28 21:18:57,019 | INFO | hilo.cauchy-kernel : Calculating Cauchy distribution (location: 0.0, scale 1.0)
2024-02-28 21:18:57,019 | INFO | hilo.cauchy-kernel : TOP-LEFT:
tensor([[0.3498, 0.1749, 0.0700],
        [0.1749, 0.0700, 0.0350],
        [0.0700, 0.0350, 0.0206]])
2024-02-28 21:18:57,019 | INFO | hilo.kernel-accessor : Fetching kernel: cauchy
2024-02-28 21:18:57,019 | INFO | hilo.cauchy-kernel : Calculating Cauchy distribution (location: 0.0, scale 1.0)
2024-02-28 21:18:57,019 | INFO | hilo.cauchy-kernel : BOTTOM-RIGHT:
tensor([[0.0206, 0.0350, 0.0700],
        [0.0350, 0.0700, 0.1749],
        [0.0700, 0.1749, 0.3498]])
2024-02-28 21:20:18,567 | INFO | hilo : Epoch   1/200 | Accuracy:  33.5938 | Loss:   1.5664
2024-02-28 21:20:18,567 | INFO | hilo.kernel-accessor : Fetching kernel: cauchy
2024-02-28 21:20:18,567 | INFO | hilo.cauchy-kernel : Calculating Cauchy distribution (location: -0.0056768059730529785, scale 0.7616860270500183)
2024-02-28 21:20:18,568 | INFO | hilo.cauchy-kernel : STATIC:
tensor([[0.4419, 0.1611, 0.0557],
        [0.1611, 0.0557, 0.0267],
        [0.0557, 0.0267, 0.0154]])
2024-02-28 21:20:18,568 | INFO | hilo.kernel-accessor : Fetching kernel: cauchy
2024-02-28 21:20:18,568 | INFO | hilo.cauchy-kernel : Calculating Cauchy distribution (location: -0.5041374564170837, scale 2.113877773284912)
2024-02-28 21:20:18,568 | INFO | hilo.cauchy-kernel : TOP-LEFT:
tensor([[0.2233, 0.1567, 0.0982],
        [0.1567, 0.0982, 0.0630],
        [0.0982, 0.0630, 0.0426]])
2024-02-28 21:20:18,568 | INFO | hilo.kernel-accessor : Fetching kernel: cauchy
2024-02-28 21:20:18,568 | INFO | hilo.cauchy-kernel : Calculating Cauchy distribution (location: -0.3563193678855896, scale 1.963179111480713)
2024-02-28 21:20:18,569 | INFO | hilo.cauchy-kernel : TOP-LEFT:
tensor([[0.2289, 0.1600, 0.0969],
        [0.1600, 0.0969, 0.0603],
        [0.0969, 0.0603, 0.0399]])
2024-02-28 21:20:18,569 | INFO | hilo.kernel-accessor : Fetching kernel: cauchy
2024-02-28 21:20:18,569 | INFO | hilo.cauchy-kernel : Calculating Cauchy distribution (location: -0.447593629360199, scale 2.061004161834717)
2024-02-28 21:20:18,569 | INFO | hilo.cauchy-kernel : BOTTOM-RIGHT:
tensor([[0.0417, 0.0621, 0.0978],
        [0.0621, 0.0978, 0.1579],
        [0.0978, 0.1579, 0.2251]])
2024-02-28 21:20:18,569 | INFO | hilo.kernel-accessor : Fetching kernel: cauchy
2024-02-28 21:20:18,569 | INFO | hilo.cauchy-kernel : Calculating Cauchy distribution (location: -0.5155156254768372, scale 1.8754128217697144)
2024-02-28 21:20:18,570 | INFO | hilo.cauchy-kernel : STATIC:
tensor([[0.2446, 0.1591, 0.0940],
        [0.1591, 0.0940, 0.0583],
        [0.0940, 0.0583, 0.0387]])
2024-02-28 21:20:18,570 | INFO | hilo.kernel-accessor : Fetching kernel: cauchy
2024-02-28 21:20:18,570 | INFO | hilo.cauchy-kernel : Calculating Cauchy distribution (location: -0.12260827422142029, scale 1.2289520502090454)
2024-02-28 21:20:18,570 | INFO | hilo.cauchy-kernel : TOP-LEFT:
tensor([[0.3110, 0.1712, 0.0789],
        [0.1712, 0.0789, 0.0421],
        [0.0789, 0.0421, 0.0256]])
2024-02-28 21:20:18,570 | INFO | hilo.kernel-accessor : Fetching kernel: cauchy
2024-02-28 21:20:18,570 | INFO | hilo.cauchy-kernel : Calculating Cauchy distribution (location: -0.2168584167957306, scale 1.581780195236206)
2024-02-28 21:20:18,571 | INFO | hilo.cauchy-kernel : BOTTOM-RIGHT:
tensor([[0.0328, 0.0517, 0.0897],
        [0.0517, 0.0897, 0.1670],
        [0.0897, 0.1670, 0.2609]])
2024-02-28 21:20:18,571 | INFO | hilo.kernel-accessor : Fetching kernel: cauchy
2024-02-28 21:20:18,571 | INFO | hilo.cauchy-kernel : Calculating Cauchy distribution (location: -0.18351198732852936, scale 1.6116209030151367)
2024-02-28 21:20:18,571 | INFO | hilo.cauchy-kernel : BOTTOM-RIGHT:
tensor([[0.0333, 0.0526, 0.0909],
        [0.0526, 0.0909, 0.1674],
        [0.0909, 0.1674, 0.2543]])
2024-02-28 21:20:18,571 | INFO | hilo.kernel-accessor : Fetching kernel: cauchy
2024-02-28 21:20:18,572 | INFO | hilo.cauchy-kernel : Calculating Cauchy distribution (location: -0.2967796325683594, scale 1.8392524719238281)
2024-02-28 21:20:18,572 | INFO | hilo.cauchy-kernel : BOTTOM-RIGHT:
tensor([[0.0377, 0.0577, 0.0950],
        [0.0577, 0.0950, 0.1624],
        [0.0950, 0.1624, 0.2370]])
2024-02-28 21:20:18,572 | INFO | hilo.kernel-accessor : Fetching kernel: cauchy
2024-02-28 21:20:18,572 | INFO | hilo.cauchy-kernel : Calculating Cauchy distribution (location: -0.16801506280899048, scale 1.3708162307739258)
2024-02-28 21:20:18,572 | INFO | hilo.cauchy-kernel : TOP-LEFT:
tensor([[0.2886, 0.1697, 0.0837],
        [0.1697, 0.0837, 0.0462],
        [0.0837, 0.0462, 0.0286]])
2024-02-28 21:20:18,572 | INFO | hilo.kernel-accessor : Fetching kernel: cauchy
2024-02-28 21:20:18,573 | INFO | hilo.cauchy-kernel : Calculating Cauchy distribution (location: -0.20632031559944153, scale 1.6984344720840454)
2024-02-28 21:20:18,573 | INFO | hilo.cauchy-kernel : BOTTOM-RIGHT:
tensor([[0.0350, 0.0546, 0.0928],
        [0.0546, 0.0928, 0.1658],
        [0.0928, 0.1658, 0.2458]])
2024-02-28 21:20:18,573 | INFO | hilo.kernel-accessor : Fetching kernel: cauchy
2024-02-28 21:20:18,573 | INFO | hilo.cauchy-kernel : Calculating Cauchy distribution (location: -0.10630124807357788, scale 1.6391834020614624)
2024-02-28 21:20:18,573 | INFO | hilo.cauchy-kernel : BOTTOM-RIGHT:
tensor([[0.0337, 0.0535, 0.0926],
        [0.0535, 0.0926, 0.1686],
        [0.0926, 0.1686, 0.2444]])
2024-02-28 21:20:18,574 | INFO | hilo.kernel-accessor : Fetching kernel: cauchy
2024-02-28 21:20:18,574 | INFO | hilo.cauchy-kernel : Calculating Cauchy distribution (location: -0.07842449843883514, scale 1.6882271766662598)
2024-02-28 21:20:18,574 | INFO | hilo.cauchy-kernel : BOTTOM-RIGHT:
tensor([[0.0347, 0.0548, 0.0942],
        [0.0548, 0.0942, 0.1683],
        [0.0942, 0.1683, 0.2365]])
2024-02-28 21:20:18,574 | INFO | hilo.kernel-accessor : Fetching kernel: cauchy
2024-02-28 21:20:18,574 | INFO | hilo.cauchy-kernel : Calculating Cauchy distribution (location: -0.008516069501638412, scale 1.2667430639266968)
2024-02-28 21:20:18,575 | INFO | hilo.cauchy-kernel : STATIC:
tensor([[0.2882, 0.1764, 0.0820],
        [0.1764, 0.0820, 0.0434],
        [0.0820, 0.0434, 0.0262]])
2024-02-28 21:20:18,575 | INFO | hilo.kernel-accessor : Fetching kernel: cauchy
2024-02-28 21:20:18,575 | INFO | hilo.cauchy-kernel : Calculating Cauchy distribution (location: -0.04293910413980484, scale 1.556715726852417)
2024-02-28 21:20:18,575 | INFO | hilo.cauchy-kernel : BOTTOM-RIGHT:
tensor([[0.0321, 0.0515, 0.0913],
        [0.0515, 0.0913, 0.1715],
        [0.0913, 0.1715, 0.2482]])
2024-02-28 21:20:18,575 | INFO | hilo.kernel-accessor : Fetching kernel: cauchy
2024-02-28 21:20:18,575 | INFO | hilo.cauchy-kernel : Calculating Cauchy distribution (location: -0.06773597002029419, scale 2.6289992332458496)
2024-02-28 21:20:18,576 | INFO | hilo.cauchy-kernel : TOP-LEFT:
tensor([[0.1750, 0.1503, 0.1082],
        [0.1503, 0.1082, 0.0741],
        [0.1082, 0.0741, 0.0516]])
2024-02-28 21:20:18,576 | INFO | hilo.kernel-accessor : Fetching kernel: cauchy
2024-02-28 21:20:18,576 | INFO | hilo.cauchy-kernel : Calculating Cauchy distribution (location: -1.369783639907837, scale 5.425381183624268)
2024-02-28 21:20:18,576 | INFO | hilo.cauchy-kernel : BOTTOM-RIGHT:
tensor([[0.0777, 0.0933, 0.1110],
        [0.0933, 0.1110, 0.1291],
        [0.1110, 0.1291, 0.1446]])
2024-02-28 21:21:39,328 | INFO | hilo : Epoch   2/200 | Accuracy:  40.6250 | Loss:   1.5373
2024-02-28 21:21:39,328 | INFO | hilo.kernel-accessor : Fetching kernel: cauchy
2024-02-28 21:21:39,328 | INFO | hilo.cauchy-kernel : Calculating Cauchy distribution (location: -0.013591429218649864, scale 0.7204063534736633)
2024-02-28 21:21:39,329 | INFO | hilo.cauchy-kernel : STATIC:
tensor([[0.4648, 0.1561, 0.0528],
        [0.1561, 0.0528, 0.0251],
        [0.0528, 0.0251, 0.0145]])
2024-02-28 21:21:39,329 | INFO | hilo.kernel-accessor : Fetching kernel: cauchy
2024-02-28 21:21:39,329 | INFO | hilo.cauchy-kernel : Calculating Cauchy distribution (location: -0.5338191986083984, scale 1.764317512512207)
2024-02-28 21:21:39,329 | INFO | hilo.cauchy-kernel : BOTTOM-RIGHT:
tensor([[0.0369, 0.0560, 0.0916],
        [0.0560, 0.0916, 0.1597],
        [0.0916, 0.1597, 0.2570]])
2024-02-28 21:21:39,329 | INFO | hilo.kernel-accessor : Fetching kernel: cauchy
2024-02-28 21:21:39,330 | INFO | hilo.cauchy-kernel : Calculating Cauchy distribution (location: -0.3156256079673767, scale 1.3284426927566528)
2024-02-28 21:21:39,330 | INFO | hilo.cauchy-kernel : STATIC:
tensor([[0.3091, 0.1649, 0.0809],
        [0.1649, 0.0809, 0.0452],
        [0.0809, 0.0452, 0.0283]])
2024-02-28 21:21:39,330 | INFO | hilo.kernel-accessor : Fetching kernel: cauchy
2024-02-28 21:21:39,330 | INFO | hilo.cauchy-kernel : Calculating Cauchy distribution (location: -0.2483503520488739, scale 1.2335056066513062)
2024-02-28 21:21:39,330 | INFO | hilo.cauchy-kernel : BOTTOM-RIGHT:
tensor([[0.0262, 0.0424, 0.0778],
        [0.0424, 0.0778, 0.1662],
        [0.0778, 0.1662, 0.3233]])
2024-02-28 21:21:39,330 | INFO | hilo.kernel-accessor : Fetching kernel: cauchy
2024-02-28 21:21:39,331 | INFO | hilo.cauchy-kernel : Calculating Cauchy distribution (location: -0.3416207432746887, scale 1.3132597208023071)
2024-02-28 21:21:39,331 | INFO | hilo.cauchy-kernel : BOTTOM-RIGHT:
tensor([[0.0281, 0.0448, 0.0802],
        [0.0448, 0.0802, 0.1640],
        [0.0802, 0.1640, 0.3138]])
2024-02-28 21:21:39,331 | INFO | hilo.kernel-accessor : Fetching kernel: cauchy
2024-02-28 21:21:39,331 | INFO | hilo.cauchy-kernel : Calculating Cauchy distribution (location: -0.11907791346311569, scale 0.8968725204467773)
2024-02-28 21:21:39,331 | INFO | hilo.cauchy-kernel : BOTTOM-RIGHT:
tensor([[0.0187, 0.0316, 0.0628],
        [0.0316, 0.0628, 0.1617],
        [0.0628, 0.1617, 0.4063]])
2024-02-28 21:21:39,332 | INFO | hilo.kernel-accessor : Fetching kernel: cauchy
2024-02-28 21:21:39,332 | INFO | hilo.cauchy-kernel : Calculating Cauchy distribution (location: -0.2445780336856842, scale 1.1934776306152344)
2024-02-28 21:21:39,332 | INFO | hilo.cauchy-kernel : TOP-LEFT:
tensor([[0.3320, 0.1657, 0.0762],
        [0.1657, 0.0762, 0.0412],
        [0.0762, 0.0412, 0.0253]])
2024-02-28 21:21:39,332 | INFO | hilo.kernel-accessor : Fetching kernel: cauchy
2024-02-28 21:21:39,332 | INFO | hilo.cauchy-kernel : Calculating Cauchy distribution (location: -0.16192126274108887, scale 1.038443922996521)
2024-02-28 21:21:39,333 | INFO | hilo.cauchy-kernel : BOTTOM-RIGHT:
tensor([[0.0219, 0.0363, 0.0699],
        [0.0363, 0.0699, 0.1657],
        [0.0699, 0.1657, 0.3643]])
2024-02-28 21:21:39,333 | INFO | hilo.kernel-accessor : Fetching kernel: cauchy
2024-02-28 21:21:39,333 | INFO | hilo.cauchy-kernel : Calculating Cauchy distribution (location: -0.18675218522548676, scale 1.1490916013717651)
2024-02-28 21:21:39,333 | INFO | hilo.cauchy-kernel : BOTTOM-RIGHT:
tensor([[0.0242, 0.0398, 0.0748],
        [0.0398, 0.0748, 0.1674],
        [0.0748, 0.1674, 0.3370]])
2024-02-28 21:21:39,333 | INFO | hilo.kernel-accessor : Fetching kernel: cauchy
2024-02-28 21:21:39,333 | INFO | hilo.cauchy-kernel : Calculating Cauchy distribution (location: -0.1229105219244957, scale 0.9005956649780273)
2024-02-28 21:21:39,334 | INFO | hilo.cauchy-kernel : TOP-LEFT:
tensor([[0.4055, 0.1617, 0.0630],
        [0.1617, 0.0630, 0.0317],
        [0.0630, 0.0317, 0.0188]])
2024-02-28 21:21:39,334 | INFO | hilo.kernel-accessor : Fetching kernel: cauchy
2024-02-28 21:21:39,334 | INFO | hilo.cauchy-kernel : Calculating Cauchy distribution (location: -0.19460523128509521, scale 1.0788018703460693)
2024-02-28 21:21:39,334 | INFO | hilo.cauchy-kernel : STATIC:
tensor([[0.3564, 0.1653, 0.0716],
        [0.1653, 0.0716, 0.0377],
        [0.0716, 0.0377, 0.0228]])
2024-02-28 21:21:39,334 | INFO | hilo.kernel-accessor : Fetching kernel: cauchy
2024-02-28 21:21:39,334 | INFO | hilo.cauchy-kernel : Calculating Cauchy distribution (location: -0.11907412111759186, scale 1.095428466796875)
2024-02-28 21:21:39,335 | INFO | hilo.cauchy-kernel : TOP-LEFT:
tensor([[0.3425, 0.1696, 0.0731],
        [0.1696, 0.0731, 0.0381],
        [0.0731, 0.0381, 0.0229]])
2024-02-28 21:21:39,335 | INFO | hilo.kernel-accessor : Fetching kernel: cauchy
2024-02-28 21:21:39,335 | INFO | hilo.cauchy-kernel : Calculating Cauchy distribution (location: -0.08622732758522034, scale 1.1155040264129639)
2024-02-28 21:21:39,335 | INFO | hilo.cauchy-kernel : TOP-LEFT:
tensor([[0.3327, 0.1718, 0.0744],
        [0.1718, 0.0744, 0.0387],
        [0.0744, 0.0387, 0.0232]])
2024-02-28 21:21:39,335 | INFO | hilo.kernel-accessor : Fetching kernel: cauchy
2024-02-28 21:21:39,335 | INFO | hilo.cauchy-kernel : Calculating Cauchy distribution (location: -0.045102037489414215, scale 0.8536753058433533)
2024-02-28 21:21:39,336 | INFO | hilo.cauchy-kernel : TOP-LEFT:
tensor([[0.4102, 0.1646, 0.0610],
        [0.1646, 0.0610, 0.0300],
        [0.0610, 0.0300, 0.0175]])
2024-02-28 21:21:39,336 | INFO | hilo.kernel-accessor : Fetching kernel: cauchy
2024-02-28 21:21:39,336 | INFO | hilo.cauchy-kernel : Calculating Cauchy distribution (location: -0.031006962060928345, scale 0.9439338445663452)
2024-02-28 21:21:39,336 | INFO | hilo.cauchy-kernel : TOP-LEFT:
tensor([[0.3738, 0.1706, 0.0665],
        [0.1706, 0.0665, 0.0331],
        [0.0665, 0.0331, 0.0195]])
2024-02-28 21:21:39,336 | INFO | hilo.kernel-accessor : Fetching kernel: cauchy
2024-02-28 21:21:39,337 | INFO | hilo.cauchy-kernel : Calculating Cauchy distribution (location: -0.10615662485361099, scale 0.9984989166259766)
2024-02-28 21:21:39,337 | INFO | hilo.cauchy-kernel : STATIC:
tensor([[0.3689, 0.1675, 0.0685],
        [0.1675, 0.0685, 0.0349],
        [0.0685, 0.0349, 0.0208]])
2024-02-28 21:21:39,337 | INFO | hilo.kernel-accessor : Fetching kernel: cauchy
2024-02-28 21:21:39,337 | INFO | hilo.cauchy-kernel : Calculating Cauchy distribution (location: -0.2548397183418274, scale 1.0018891096115112)
2024-02-28 21:21:39,337 | INFO | hilo.cauchy-kernel : STATIC:
tensor([[0.3852, 0.1597, 0.0676],
        [0.1597, 0.0676, 0.0355],
        [0.0676, 0.0355, 0.0215]])
2024-02-28 21:23:00,115 | INFO | hilo : Epoch   3/200 | Accuracy:  44.2935 | Loss:   1.4640
2024-02-28 21:23:00,115 | INFO | hilo.kernel-accessor : Fetching kernel: cauchy
2024-02-28 21:23:00,115 | INFO | hilo.cauchy-kernel : Calculating Cauchy distribution (location: -0.07359923422336578, scale 0.7003334760665894)
2024-02-28 21:23:00,116 | INFO | hilo.cauchy-kernel : BOTTOM-RIGHT:
tensor([[0.0142, 0.0244, 0.0507],
        [0.0244, 0.0507, 0.1477],
        [0.0507, 0.1477, 0.4895]])
2024-02-28 21:23:00,116 | INFO | hilo.kernel-accessor : Fetching kernel: cauchy
2024-02-28 21:23:00,117 | INFO | hilo.cauchy-kernel : Calculating Cauchy distribution (location: -0.6563193798065186, scale 1.8202288150787354)
2024-02-28 21:23:00,117 | INFO | hilo.cauchy-kernel : STATIC:
tensor([[0.2552, 0.1578, 0.0922],
        [0.1578, 0.0922, 0.0573],
        [0.0922, 0.0573, 0.0382]])
2024-02-28 21:23:00,117 | INFO | hilo.kernel-accessor : Fetching kernel: cauchy
2024-02-28 21:23:00,117 | INFO | hilo.cauchy-kernel : Calculating Cauchy distribution (location: -0.36314475536346436, scale 1.2074260711669922)
2024-02-28 21:23:00,118 | INFO | hilo.cauchy-kernel : STATIC:
tensor([[0.3375, 0.1618, 0.0762],
        [0.1618, 0.0762, 0.0420],
        [0.0762, 0.0420, 0.0262]])
2024-02-28 21:23:00,118 | INFO | hilo.kernel-accessor : Fetching kernel: cauchy
2024-02-28 21:23:00,118 | INFO | hilo.cauchy-kernel : Calculating Cauchy distribution (location: -0.27087903022766113, scale 0.9908695220947266)
2024-02-28 21:23:00,119 | INFO | hilo.cauchy-kernel : STATIC:
tensor([[0.3900, 0.1585, 0.0670],
        [0.1585, 0.0670, 0.0352],
        [0.0670, 0.0352, 0.0214]])
2024-02-28 21:23:00,119 | INFO | hilo.kernel-accessor : Fetching kernel: cauchy
2024-02-28 21:23:00,119 | INFO | hilo.cauchy-kernel : Calculating Cauchy distribution (location: -0.24492186307907104, scale 0.8803315758705139)
2024-02-28 21:23:00,119 | INFO | hilo.cauchy-kernel : BOTTOM-RIGHT:
tensor([[0.0190, 0.0315, 0.0613],
        [0.0315, 0.0613, 0.1534],
        [0.0613, 0.1534, 0.4271]])
2024-02-28 21:23:00,120 | INFO | hilo.kernel-accessor : Fetching kernel: cauchy
2024-02-28 21:23:00,120 | INFO | hilo.cauchy-kernel : Calculating Cauchy distribution (location: -0.08216172456741333, scale 0.6609050631523132)
2024-02-28 21:23:00,120 | INFO | hilo.cauchy-kernel : TOP-LEFT:
tensor([[0.5139, 0.1418, 0.0478],
        [0.1418, 0.0478, 0.0229],
        [0.0478, 0.0229, 0.0133]])
2024-02-28 21:23:00,120 | INFO | hilo.kernel-accessor : Fetching kernel: cauchy
2024-02-28 21:23:00,121 | INFO | hilo.cauchy-kernel : Calculating Cauchy distribution (location: -0.21974700689315796, scale 0.8638736605644226)
2024-02-28 21:23:00,121 | INFO | hilo.cauchy-kernel : TOP-LEFT:
tensor([[0.4315, 0.1535, 0.0604],
        [0.1535, 0.0604, 0.0309],
        [0.0604, 0.0309, 0.0185]])
2024-02-28 21:23:00,121 | INFO | hilo.kernel-accessor : Fetching kernel: cauchy
2024-02-28 21:23:00,121 | INFO | hilo.cauchy-kernel : Calculating Cauchy distribution (location: -0.11850108951330185, scale 0.6922078728675842)
2024-02-28 21:23:00,122 | INFO | hilo.cauchy-kernel : BOTTOM-RIGHT:
tensor([[0.0142, 0.0243, 0.0498],
        [0.0243, 0.0498, 0.1430],
        [0.0498, 0.1430, 0.5018]])
2024-02-28 21:23:00,122 | INFO | hilo.kernel-accessor : Fetching kernel: cauchy
2024-02-28 21:23:00,122 | INFO | hilo.cauchy-kernel : Calculating Cauchy distribution (location: -0.14768922328948975, scale 0.8374741673469543)
2024-02-28 21:23:00,123 | INFO | hilo.cauchy-kernel : BOTTOM-RIGHT:
tensor([[0.0175, 0.0296, 0.0591],
        [0.0296, 0.0591, 0.1557],
        [0.0591, 0.1557, 0.4345]])
2024-02-28 21:23:00,123 | INFO | hilo.kernel-accessor : Fetching kernel: cauchy
2024-02-28 21:23:00,123 | INFO | hilo.cauchy-kernel : Calculating Cauchy distribution (location: -0.057073235511779785, scale 0.676825761795044)
2024-02-28 21:23:00,123 | INFO | hilo.cauchy-kernel : STATIC:
tensor([[0.4995, 0.1463, 0.0491],
        [0.1463, 0.0491, 0.0235],
        [0.0491, 0.0235, 0.0136]])
2024-02-28 21:23:00,124 | INFO | hilo.kernel-accessor : Fetching kernel: cauchy
2024-02-28 21:23:00,124 | INFO | hilo.cauchy-kernel : Calculating Cauchy distribution (location: -0.04090961441397667, scale 0.7561026215553284)
2024-02-28 21:23:00,124 | INFO | hilo.cauchy-kernel : TOP-LEFT:
tensor([[0.4532, 0.1570, 0.0549],
        [0.1570, 0.0549, 0.0265],
        [0.0549, 0.0265, 0.0154]])
2024-02-28 21:23:00,124 | INFO | hilo.kernel-accessor : Fetching kernel: cauchy
2024-02-28 21:23:00,125 | INFO | hilo.cauchy-kernel : Calculating Cauchy distribution (location: 0.037268899381160736, scale 0.7665360569953918)
2024-02-28 21:23:00,125 | INFO | hilo.cauchy-kernel : STATIC:
tensor([[0.4278, 0.1664, 0.0567],
        [0.1664, 0.0567, 0.0269],
        [0.0567, 0.0269, 0.0155]])
2024-02-28 21:23:00,125 | INFO | hilo.kernel-accessor : Fetching kernel: cauchy
2024-02-28 21:23:00,125 | INFO | hilo.cauchy-kernel : Calculating Cauchy distribution (location: 0.03856322169303894, scale 0.742005467414856)
2024-02-28 21:23:00,126 | INFO | hilo.cauchy-kernel : TOP-LEFT:
tensor([[0.4391, 0.1643, 0.0551],
        [0.1643, 0.0551, 0.0260],
        [0.0551, 0.0260, 0.0149]])
2024-02-28 21:23:00,126 | INFO | hilo.kernel-accessor : Fetching kernel: cauchy
2024-02-28 21:23:00,126 | INFO | hilo.cauchy-kernel : Calculating Cauchy distribution (location: 0.020688451826572418, scale 0.5579257607460022)
2024-02-28 21:23:00,127 | INFO | hilo.cauchy-kernel : TOP-LEFT:
tensor([[0.5559, 0.1364, 0.0410],
        [0.1364, 0.0410, 0.0189],
        [0.0410, 0.0189, 0.0107]])
2024-02-28 21:23:00,127 | INFO | hilo.kernel-accessor : Fetching kernel: cauchy
2024-02-28 21:23:00,127 | INFO | hilo.cauchy-kernel : Calculating Cauchy distribution (location: 0.007485807873308659, scale 0.5801942348480225)
2024-02-28 21:23:00,127 | INFO | hilo.cauchy-kernel : STATIC:
tensor([[0.5443, 0.1387, 0.0426],
        [0.1387, 0.0426, 0.0197],
        [0.0426, 0.0197, 0.0113]])
2024-02-28 21:23:00,127 | INFO | hilo.kernel-accessor : Fetching kernel: cauchy
2024-02-28 21:23:00,128 | INFO | hilo.cauchy-kernel : Calculating Cauchy distribution (location: -0.005654561333358288, scale 0.6529549360275269)
2024-02-28 21:23:00,128 | INFO | hilo.cauchy-kernel : STATIC:
tensor([[0.5008, 0.1485, 0.0480],
        [0.1485, 0.0480, 0.0226],
        [0.0480, 0.0226, 0.0130]])
2024-02-28 21:23:00,128 | INFO | hilo.kernel-accessor : Fetching kernel: cauchy
2024-02-28 21:23:00,129 | INFO | hilo.cauchy-kernel : Calculating Cauchy distribution (location: -0.16104891896247864, scale 0.9204729199409485)
2024-02-28 21:23:00,129 | INFO | hilo.cauchy-kernel : STATIC:
tensor([[0.4033, 0.1604, 0.0638],
        [0.1604, 0.0638, 0.0325],
        [0.0638, 0.0325, 0.0194]])
2024-02-28 21:24:20,844 | INFO | hilo : Epoch   4/200 | Accuracy:  47.3958 | Loss:   1.4144
2024-02-28 21:24:20,844 | INFO | hilo.kernel-accessor : Fetching kernel: cauchy
2024-02-28 21:24:20,845 | INFO | hilo.cauchy-kernel : Calculating Cauchy distribution (location: -0.01553539652377367, scale 0.7455505728721619)
2024-02-28 21:24:20,846 | INFO | hilo.cauchy-kernel : TOP-LEFT:
tensor([[0.4524, 0.1585, 0.0545],
        [0.1585, 0.0545, 0.0261],
        [0.0545, 0.0261, 0.0151]])
2024-02-28 21:24:20,846 | INFO | hilo.kernel-accessor : Fetching kernel: cauchy
2024-02-28 21:24:20,846 | INFO | hilo.cauchy-kernel : Calculating Cauchy distribution (location: -0.8263103365898132, scale 2.136713743209839)
2024-02-28 21:24:20,847 | INFO | hilo.cauchy-kernel : BOTTOM-RIGHT:
tensor([[0.0436, 0.0633, 0.0968],
        [0.0633, 0.0968, 0.1538],
        [0.0968, 0.1538, 0.2316]])
2024-02-28 21:24:20,847 | INFO | hilo.kernel-accessor : Fetching kernel: cauchy
2024-02-28 21:24:20,847 | INFO | hilo.cauchy-kernel : Calculating Cauchy distribution (location: -0.4892204999923706, scale 1.2376741170883179)
2024-02-28 21:24:20,847 | INFO | hilo.cauchy-kernel : STATIC:
tensor([[0.3364, 0.1589, 0.0771],
        [0.1589, 0.0771, 0.0435],
        [0.0771, 0.0435, 0.0275]])
2024-02-28 21:24:20,848 | INFO | hilo.kernel-accessor : Fetching kernel: cauchy
2024-02-28 21:24:20,848 | INFO | hilo.cauchy-kernel : Calculating Cauchy distribution (location: -0.2441001832485199, scale 0.8683229088783264)
2024-02-28 21:24:20,848 | INFO | hilo.cauchy-kernel : TOP-LEFT:
tensor([[0.4318, 0.1526, 0.0607],
        [0.1526, 0.0607, 0.0311],
        [0.0607, 0.0311, 0.0187]])
2024-02-28 21:24:20,848 | INFO | hilo.kernel-accessor : Fetching kernel: cauchy
2024-02-28 21:24:20,849 | INFO | hilo.cauchy-kernel : Calculating Cauchy distribution (location: -0.21720336377620697, scale 0.7694345116615295)
2024-02-28 21:24:20,849 | INFO | hilo.cauchy-kernel : TOP-LEFT:
tensor([[0.4725, 0.1457, 0.0548],
        [0.1457, 0.0548, 0.0276],
        [0.0548, 0.0276, 0.0164]])
2024-02-28 21:24:20,849 | INFO | hilo.kernel-accessor : Fetching kernel: cauchy
2024-02-28 21:24:20,850 | INFO | hilo.cauchy-kernel : Calculating Cauchy distribution (location: -0.004717732779681683, scale 0.5732075572013855)
2024-02-28 21:24:20,850 | INFO | hilo.cauchy-kernel : TOP-LEFT:
tensor([[0.5530, 0.1358, 0.0418],
        [0.1358, 0.0418, 0.0194],
        [0.0418, 0.0194, 0.0111]])
2024-02-28 21:24:20,850 | INFO | hilo.kernel-accessor : Fetching kernel: cauchy
2024-02-28 21:24:20,850 | INFO | hilo.cauchy-kernel : Calculating Cauchy distribution (location: -0.15174472332000732, scale 0.6371627449989319)
2024-02-28 21:24:20,851 | INFO | hilo.cauchy-kernel : BOTTOM-RIGHT:
tensor([[0.0131, 0.0223, 0.0458],
        [0.0223, 0.0458, 0.1333],
        [0.0458, 0.1333, 0.5382]])
2024-02-28 21:24:20,851 | INFO | hilo.kernel-accessor : Fetching kernel: cauchy
2024-02-28 21:24:20,851 | INFO | hilo.cauchy-kernel : Calculating Cauchy distribution (location: -0.12393611669540405, scale 0.49682608246803284)
2024-02-28 21:24:20,852 | INFO | hilo.cauchy-kernel : TOP-LEFT:
tensor([[0.6328, 0.1099, 0.0349],
        [0.1099, 0.0349, 0.0166],
        [0.0349, 0.0166, 0.0096]])
2024-02-28 21:24:20,852 | INFO | hilo.kernel-accessor : Fetching kernel: cauchy
2024-02-28 21:24:20,852 | INFO | hilo.cauchy-kernel : Calculating Cauchy distribution (location: -0.11563370376825333, scale 0.5273227095603943)
2024-02-28 21:24:20,853 | INFO | hilo.cauchy-kernel : BOTTOM-RIGHT:
tensor([[0.0103, 0.0178, 0.0373],
        [0.0178, 0.0373, 0.1166],
        [0.0373, 0.1166, 0.6090]])
2024-02-28 21:24:20,853 | INFO | hilo.kernel-accessor : Fetching kernel: cauchy
2024-02-28 21:24:20,853 | INFO | hilo.cauchy-kernel : Calculating Cauchy distribution (location: -0.03721858561038971, scale 0.5655468702316284)
2024-02-28 21:24:20,854 | INFO | hilo.cauchy-kernel : TOP-LEFT:
tensor([[0.5674, 0.1306, 0.0408],
        [0.1306, 0.0408, 0.0191],
        [0.0408, 0.0191, 0.0110]])
2024-02-28 21:24:20,854 | INFO | hilo.kernel-accessor : Fetching kernel: cauchy
2024-02-28 21:24:20,854 | INFO | hilo.cauchy-kernel : Calculating Cauchy distribution (location: -0.08929231017827988, scale 0.518664538860321)
2024-02-28 21:24:20,855 | INFO | hilo.cauchy-kernel : STATIC:
tensor([[0.6125, 0.1166, 0.0366],
        [0.1166, 0.0366, 0.0173],
        [0.0366, 0.0173, 0.0100]])
2024-02-28 21:24:20,855 | INFO | hilo.kernel-accessor : Fetching kernel: cauchy
2024-02-28 21:24:20,855 | INFO | hilo.cauchy-kernel : Calculating Cauchy distribution (location: 0.04908538609743118, scale 0.4183495342731476)
2024-02-28 21:24:20,855 | INFO | hilo.cauchy-kernel : BOTTOM-RIGHT:
tensor([[0.0074, 0.0132, 0.0294],
        [0.0132, 0.0294, 0.1086],
        [0.0294, 0.1086, 0.6606]])
2024-02-28 21:24:20,856 | INFO | hilo.kernel-accessor : Fetching kernel: cauchy
2024-02-28 21:24:20,856 | INFO | hilo.cauchy-kernel : Calculating Cauchy distribution (location: 0.08149789273738861, scale 0.4483274221420288)
2024-02-28 21:24:20,856 | INFO | hilo.cauchy-kernel : STATIC:
tensor([[0.6177, 0.1228, 0.0330],
        [0.1228, 0.0330, 0.0147],
        [0.0330, 0.0147, 0.0082]])
2024-02-28 21:24:20,857 | INFO | hilo.kernel-accessor : Fetching kernel: cauchy
2024-02-28 21:24:20,857 | INFO | hilo.cauchy-kernel : Calculating Cauchy distribution (location: 0.06923160701990128, scale 0.33411675691604614)
2024-02-28 21:24:20,857 | INFO | hilo.cauchy-kernel : STATIC:
tensor([[0.7335, 0.0873, 0.0222],
        [0.0873, 0.0222, 0.0098],
        [0.0222, 0.0098, 0.0055]])
2024-02-28 21:24:20,857 | INFO | hilo.kernel-accessor : Fetching kernel: cauchy
2024-02-28 21:24:20,858 | INFO | hilo.cauchy-kernel : Calculating Cauchy distribution (location: 0.06201939284801483, scale 0.31307822465896606)
2024-02-28 21:24:20,858 | INFO | hilo.cauchy-kernel : STATIC:
tensor([[0.7590, 0.0791, 0.0201],
        [0.0791, 0.0201, 0.0089],
        [0.0201, 0.0089, 0.0050]])
2024-02-28 21:24:20,858 | INFO | hilo.kernel-accessor : Fetching kernel: cauchy
2024-02-28 21:24:20,859 | INFO | hilo.cauchy-kernel : Calculating Cauchy distribution (location: 0.016016852110624313, scale 0.3572137951850891)
2024-02-28 21:24:20,859 | INFO | hilo.cauchy-kernel : BOTTOM-RIGHT:
tensor([[0.0059, 0.0104, 0.0231],
        [0.0104, 0.0231, 0.0855],
        [0.0231, 0.0855, 0.7331]])
2024-02-28 21:24:20,859 | INFO | hilo.kernel-accessor : Fetching kernel: cauchy
2024-02-28 21:24:20,859 | INFO | hilo.cauchy-kernel : Calculating Cauchy distribution (location: 0.04221946746110916, scale 0.4532184302806854)
2024-02-28 21:24:20,860 | INFO | hilo.cauchy-kernel : BOTTOM-RIGHT:
tensor([[0.0083, 0.0146, 0.0324],
        [0.0146, 0.0324, 0.1166],
        [0.0324, 0.1166, 0.6320]])
2024-02-28 21:25:41,605 | INFO | hilo : Epoch   5/200 | Accuracy:  47.3958 | Loss:   1.1295
2024-02-28 21:25:41,605 | INFO | hilo.kernel-accessor : Fetching kernel: cauchy
2024-02-28 21:25:41,606 | INFO | hilo.cauchy-kernel : Calculating Cauchy distribution (location: -0.029122881591320038, scale 0.6681208610534668)
2024-02-28 21:25:41,606 | INFO | hilo.cauchy-kernel : STATIC:
tensor([[0.4980, 0.1480, 0.0488],
        [0.1480, 0.0488, 0.0231],
        [0.0488, 0.0231, 0.0134]])
2024-02-28 21:25:41,607 | INFO | hilo.kernel-accessor : Fetching kernel: cauchy
2024-02-28 21:25:41,607 | INFO | hilo.cauchy-kernel : Calculating Cauchy distribution (location: -0.8502479791641235, scale 1.8592106103897095)
2024-02-28 21:25:41,607 | INFO | hilo.cauchy-kernel : TOP-LEFT:
tensor([[0.2558, 0.1554, 0.0923],
        [0.1554, 0.0923, 0.0585],
        [0.0923, 0.0585, 0.0396]])
2024-02-28 21:25:41,608 | INFO | hilo.kernel-accessor : Fetching kernel: cauchy
2024-02-28 21:25:41,608 | INFO | hilo.cauchy-kernel : Calculating Cauchy distribution (location: -0.5095475316047668, scale 1.1427210569381714)
2024-02-28 21:25:41,608 | INFO | hilo.cauchy-kernel : BOTTOM-RIGHT:
tensor([[0.0259, 0.0411, 0.0737],
        [0.0411, 0.0737, 0.1563],
        [0.0737, 0.1563, 0.3580]])
2024-02-28 21:25:41,609 | INFO | hilo.kernel-accessor : Fetching kernel: cauchy
2024-02-28 21:25:41,609 | INFO | hilo.cauchy-kernel : Calculating Cauchy distribution (location: -0.20008257031440735, scale 0.8142808079719543)
2024-02-28 21:25:41,610 | INFO | hilo.cauchy-kernel : BOTTOM-RIGHT:
tensor([[0.0173, 0.0291, 0.0576],
        [0.0291, 0.0576, 0.1506],
        [0.0576, 0.1506, 0.4506]])
2024-02-28 21:25:41,610 | INFO | hilo.kernel-accessor : Fetching kernel: cauchy
2024-02-28 21:25:41,610 | INFO | hilo.cauchy-kernel : Calculating Cauchy distribution (location: -0.19792504608631134, scale 0.8001984357833862)
2024-02-28 21:25:41,611 | INFO | hilo.cauchy-kernel : BOTTOM-RIGHT:
tensor([[0.0170, 0.0286, 0.0567],
        [0.0286, 0.0567, 0.1495],
        [0.0567, 0.1495, 0.4567]])
2024-02-28 21:25:41,611 | INFO | hilo.kernel-accessor : Fetching kernel: cauchy
2024-02-28 21:25:41,611 | INFO | hilo.cauchy-kernel : Calculating Cauchy distribution (location: -0.0035953414626419544, scale 0.6540665626525879)
2024-02-28 21:25:41,612 | INFO | hilo.cauchy-kernel : BOTTOM-RIGHT:
tensor([[0.0130, 0.0226, 0.0481],
        [0.0226, 0.0481, 0.1489],
        [0.0481, 0.1489, 0.4996]])
2024-02-28 21:25:41,612 | INFO | hilo.kernel-accessor : Fetching kernel: cauchy
2024-02-28 21:25:41,612 | INFO | hilo.cauchy-kernel : Calculating Cauchy distribution (location: -0.19523991644382477, scale 0.7032683491706848)
2024-02-28 21:25:41,613 | INFO | hilo.cauchy-kernel : TOP-LEFT:
tensor([[0.5041, 0.1396, 0.0505],
        [0.1396, 0.0505, 0.0251],
        [0.0505, 0.0251, 0.0148]])
2024-02-28 21:25:41,613 | INFO | hilo.kernel-accessor : Fetching kernel: cauchy
2024-02-28 21:25:41,613 | INFO | hilo.cauchy-kernel : Calculating Cauchy distribution (location: -0.10467907786369324, scale 0.5590998530387878)
2024-02-28 21:25:41,614 | INFO | hilo.cauchy-kernel : TOP-LEFT:
tensor([[0.5846, 0.1234, 0.0399],
        [0.1234, 0.0399, 0.0190],
        [0.0399, 0.0190, 0.0110]])
2024-02-28 21:25:41,614 | INFO | hilo.kernel-accessor : Fetching kernel: cauchy
2024-02-28 21:25:41,614 | INFO | hilo.cauchy-kernel : Calculating Cauchy distribution (location: -0.17444883286952972, scale 0.6024544835090637)
2024-02-28 21:25:41,614 | INFO | hilo.cauchy-kernel : TOP-LEFT:
tensor([[0.5615, 0.1268, 0.0434],
        [0.1268, 0.0434, 0.0212],
        [0.0434, 0.0212, 0.0124]])
2024-02-28 21:25:41,615 | INFO | hilo.kernel-accessor : Fetching kernel: cauchy
2024-02-28 21:25:41,615 | INFO | hilo.cauchy-kernel : Calculating Cauchy distribution (location: -0.02667190507054329, scale 0.5072681903839111)
2024-02-28 21:25:41,615 | INFO | hilo.cauchy-kernel : TOP-LEFT:
tensor([[0.6093, 0.1199, 0.0360],
        [0.1199, 0.0360, 0.0167],
        [0.0360, 0.0167, 0.0095]])
2024-02-28 21:25:41,616 | INFO | hilo.kernel-accessor : Fetching kernel: cauchy
2024-02-28 21:25:41,616 | INFO | hilo.cauchy-kernel : Calculating Cauchy distribution (location: -0.09240446984767914, scale 0.4625183343887329)
2024-02-28 21:25:41,617 | INFO | hilo.cauchy-kernel : BOTTOM-RIGHT:
tensor([[0.0086, 0.0150, 0.0319],
        [0.0150, 0.0319, 0.1040],
        [0.0319, 0.1040, 0.6578]])
2024-02-28 21:25:41,617 | INFO | hilo.kernel-accessor : Fetching kernel: cauchy
2024-02-28 21:25:41,617 | INFO | hilo.cauchy-kernel : Calculating Cauchy distribution (location: 0.04034673422574997, scale 0.38920435309410095)
2024-02-28 21:25:41,618 | INFO | hilo.cauchy-kernel : BOTTOM-RIGHT:
tensor([[0.0067, 0.0119, 0.0266],
        [0.0119, 0.0266, 0.0988],
        [0.0266, 0.0988, 0.6922]])
2024-02-28 21:25:41,618 | INFO | hilo.kernel-accessor : Fetching kernel: cauchy
