2023-12-08 16:18:04,249 | INFO | hi-lo : 
+==============================================================+
|                                                              |
| ██████╗  █████╗ ██████╗ ██╗         ██╗      █████╗ ██████╗  |
| ██╔══██╗██╔══██╗██╔══██╗██║         ██║     ██╔══██╗██╔══██╗ |
| ██║  ██║███████║██║  ██║██║         ██║     ███████║██████╔╝ |
| ██║  ██║██╔══██║██║  ██║██║         ██║     ██╔══██║██╔══██╗ |
| ██████╔╝██║  ██║██████╔╝███████╗    ███████╗██║  ██║██████╔╝ |
| ╚═════╝ ╚═╝  ╚═╝╚═════╝ ╚══════╝    ╚══════╝╚═╝  ╚═╝╚═════╝  |
|                                                              |
+==============================================================+
|             Hi-Lo Resolution Image Classification            |
|             -------------------------------------            |
|                       Gabriel C. Trahan                      |
|                          Sahan Ahmad                         |
|                       MD  Aminual Islam                      |
+==============================================================+
| MODEL:                 normal | LR:                      0.1 |
| DISTRO:                cauchy | KERNEL TYPE:               1 |
| DATASET:                mnist | BATCH SIZE:               64 |
+=========================================================================+
2023-12-08 16:18:04,250 | INFO | hi-lo : Output directory: output/normal/cauchy/1/mnist/20231208_161804
2023-12-08 16:18:04,250 | INFO | hi-lo.dataset-accessor : Fetching dataset: mnist
2023-12-08 16:18:04,250 | INFO | hi-lo.mnist-dataset : Initializing transform.
2023-12-08 16:18:04,250 | INFO | hi-lo.mnist-dataset : Verifying/downloading train data.
2023-12-08 16:18:05,508 | INFO | hi-lo.mnist-dataset : Verifying/downloading test data.
2023-12-08 16:18:05,711 | INFO | hi-lo.mnist-dataset : Creating train data loader.
2023-12-08 16:18:05,711 | INFO | hi-lo.mnist-dataset : Creating test data loader.
2023-12-08 16:18:06,789 | INFO | hi-lo : Using device: NVIDIA GeForce GTX 1060 6GB
2023-12-08 16:18:06,789 | INFO | hi-lo : Commencing training phase...
2023-12-08 16:18:06,790 | INFO | hi-lo : BEGIN EPOCH 1 =========================================================================
2023-12-08 16:18:06,790 | INFO | hi-lo.kernel-accessor : Fetching kernel: cauchy
2023-12-08 16:18:06,792 | INFO | hi-lo.cauchy-kernel : CHI (LOCATION): 0.0 | GAMMA (SCALE): 1.0 | VAIRANCE: 1.0
2023-12-08 16:18:06,793 | INFO | hi-lo.cauchy-kernel : TOP-LEFT
tensor([[0.3498, 0.1749, 0.0700],
        [0.1749, 0.0700, 0.0350],
        [0.0700, 0.0350, 0.0206]])
2023-12-08 16:18:06,793 | INFO | hi-lo.kernel-accessor : Fetching kernel: cauchy
2023-12-08 16:18:06,793 | INFO | hi-lo.cauchy-kernel : CHI (LOCATION): 0.0 | GAMMA (SCALE): 1.0 | VAIRANCE: 1.0
2023-12-08 16:18:06,794 | INFO | hi-lo.cauchy-kernel : BOTTOM-RIGHT
tensor([[0.0206, 0.0350, 0.0700],
        [0.0350, 0.0700, 0.1749],
        [0.0700, 0.1749, 0.3498]])
2023-12-08 16:18:06,794 | INFO | hi-lo.kernel-accessor : Fetching kernel: cauchy
2023-12-08 16:18:06,794 | INFO | hi-lo.cauchy-kernel : CHI (LOCATION): 0.0 | GAMMA (SCALE): 1.0 | VAIRANCE: 1.0
2023-12-08 16:18:06,794 | INFO | hi-lo.cauchy-kernel : BOTTOM-RIGHT
tensor([[0.0206, 0.0350, 0.0700],
        [0.0350, 0.0700, 0.1749],
        [0.0700, 0.1749, 0.3498]])
2023-12-08 16:18:06,794 | INFO | hi-lo.kernel-accessor : Fetching kernel: cauchy
2023-12-08 16:18:06,794 | INFO | hi-lo.cauchy-kernel : CHI (LOCATION): 0.0 | GAMMA (SCALE): 1.0 | VAIRANCE: 1.0
2023-12-08 16:18:06,795 | INFO | hi-lo.cauchy-kernel : TOP-LEFT
tensor([[0.3498, 0.1749, 0.0700],
        [0.1749, 0.0700, 0.0350],
        [0.0700, 0.0350, 0.0206]])
2023-12-08 16:18:15,706 | INFO | hi-lo : END EPOCH:   1 | ACCURACY: 12.5 | LOSS: 2.3217129707336426
2023-12-08 16:18:15,706 | INFO | hi-lo : BEGIN EPOCH 2 =========================================================================
2023-12-08 16:18:15,706 | INFO | hi-lo.kernel-accessor : Fetching kernel: cauchy
2023-12-08 16:18:15,707 | INFO | hi-lo.cauchy-kernel : CHI (LOCATION): -0.7203574776649475 | GAMMA (SCALE): 0.6357221603393555 | VAIRANCE: 0.4041426651465372
2023-12-08 16:18:15,708 | INFO | hi-lo.cauchy-kernel : BOTTOM-RIGHT
tensor([[0.0196, 0.0312, 0.0570],
        [0.0312, 0.0570, 0.1323],
        [0.0570, 0.1323, 0.4822]])
2023-12-08 16:18:15,708 | INFO | hi-lo.kernel-accessor : Fetching kernel: cauchy
2023-12-08 16:18:15,708 | INFO | hi-lo.cauchy-kernel : CHI (LOCATION): -0.4948444664478302 | GAMMA (SCALE): 3.0880093574523926 | VAIRANCE: 9.535801791713538
2023-12-08 16:18:15,709 | INFO | hi-lo.cauchy-kernel : TOP-LEFT
tensor([[0.1739, 0.1445, 0.1079],
        [0.1445, 0.1079, 0.0782],
        [0.1079, 0.0782, 0.0572]])
2023-12-08 16:18:15,709 | INFO | hi-lo.kernel-accessor : Fetching kernel: cauchy
2023-12-08 16:18:15,709 | INFO | hi-lo.cauchy-kernel : CHI (LOCATION): -9.99908447265625 | GAMMA (SCALE): 11.360135078430176 | VAIRANCE: 129.05266900017978
2023-12-08 16:18:15,710 | INFO | hi-lo.cauchy-kernel : BOTTOM-RIGHT
tensor([[0.0928, 0.1012, 0.1105],
        [0.1012, 0.1105, 0.1207],
        [0.1105, 0.1207, 0.1317]])
2023-12-08 16:18:15,710 | INFO | hi-lo.kernel-accessor : Fetching kernel: cauchy
2023-12-08 16:18:15,710 | INFO | hi-lo.cauchy-kernel : CHI (LOCATION): -0.08677514642477036 | GAMMA (SCALE): 0.20098966360092163 | VAIRANCE: 0.04039684487441164
2023-12-08 16:18:15,711 | INFO | hi-lo.cauchy-kernel : BOTTOM-RIGHT
tensor([[0.0025, 0.0045, 0.0097],
        [0.0045, 0.0097, 0.0349],
        [0.0097, 0.0349, 0.8896]])
2023-12-08 16:18:23,766 | INFO | hi-lo : END EPOCH:   2 | ACCURACY: 12.11 | LOSS: 2.3092150688171387
2023-12-08 16:18:23,766 | INFO | hi-lo : BEGIN EPOCH 3 =========================================================================
2023-12-08 16:18:23,766 | INFO | hi-lo.kernel-accessor : Fetching kernel: cauchy
2023-12-08 16:18:23,767 | INFO | hi-lo.cauchy-kernel : CHI (LOCATION): -0.6952474117279053 | GAMMA (SCALE): 0.66290283203125 | VAIRANCE: 0.43944016471505165
2023-12-08 16:18:23,768 | INFO | hi-lo.cauchy-kernel : BOTTOM-RIGHT
tensor([[0.0197, 0.0314, 0.0574],
        [0.0314, 0.0574, 0.1334],
        [0.0574, 0.1334, 0.4788]])
2023-12-08 16:18:23,768 | INFO | hi-lo.kernel-accessor : Fetching kernel: cauchy
2023-12-08 16:18:23,768 | INFO | hi-lo.cauchy-kernel : CHI (LOCATION): -0.3181969225406647 | GAMMA (SCALE): 1.9279460906982422 | VAIRANCE: 3.7169761286386347
2023-12-08 16:18:23,769 | INFO | hi-lo.cauchy-kernel : BOTTOM-RIGHT
tensor([[0.0393, 0.0596, 0.0966],
        [0.0596, 0.0966, 0.1609],
        [0.0966, 0.1609, 0.2299]])
2023-12-08 16:18:23,769 | INFO | hi-lo.kernel-accessor : Fetching kernel: cauchy
2023-12-08 16:18:23,769 | INFO | hi-lo.cauchy-kernel : CHI (LOCATION): -3.943164348602295 | GAMMA (SCALE): 4.520346164703369 | VAIRANCE: 20.43352944874846
2023-12-08 16:18:23,770 | INFO | hi-lo.cauchy-kernel : TOP-LEFT
tensor([[0.1661, 0.1332, 0.1072],
        [0.1332, 0.1072, 0.0871],
        [0.1072, 0.0871, 0.0716]])
2023-12-08 16:18:23,770 | INFO | hi-lo.kernel-accessor : Fetching kernel: cauchy
2023-12-08 16:18:23,770 | INFO | hi-lo.cauchy-kernel : CHI (LOCATION): -0.0540337860584259 | GAMMA (SCALE): 0.1252748668193817 | VAIRANCE: 0.015693792256613825
2023-12-08 16:18:23,771 | INFO | hi-lo.cauchy-kernel : TOP-LEFT
tensor([[0.9512, 0.0157, 0.0042],
        [0.0157, 0.0042, 0.0019],
        [0.0042, 0.0019, 0.0011]])
2023-12-08 16:18:31,884 | INFO | hi-lo : END EPOCH:   3 | ACCURACY: 17.19 | LOSS: 2.3007025718688965
2023-12-08 16:18:31,884 | INFO | hi-lo : BEGIN EPOCH 4 =========================================================================
2023-12-08 16:18:31,884 | INFO | hi-lo.kernel-accessor : Fetching kernel: cauchy
2023-12-08 16:18:31,885 | INFO | hi-lo.cauchy-kernel : CHI (LOCATION): -0.7787740230560303 | GAMMA (SCALE): 0.5719411373138428 | VAIRANCE: 0.32711666455185195
2023-12-08 16:18:31,886 | INFO | hi-lo.cauchy-kernel : BOTTOM-RIGHT
tensor([[0.0197, 0.0312, 0.0566],
        [0.0312, 0.0566, 0.1304],
        [0.0566, 0.1304, 0.4876]])
2023-12-08 16:18:31,886 | INFO | hi-lo.kernel-accessor : Fetching kernel: cauchy
2023-12-08 16:18:31,886 | INFO | hi-lo.cauchy-kernel : CHI (LOCATION): -0.17971834540367126 | GAMMA (SCALE): 1.2251328229904175 | VAIRANCE: 1.5009504339684696
2023-12-08 16:18:31,887 | INFO | hi-lo.cauchy-kernel : TOP-LEFT
tensor([[0.3184, 0.1688, 0.0781],
        [0.1688, 0.0781, 0.0420],
        [0.0781, 0.0420, 0.0257]])
2023-12-08 16:18:31,887 | INFO | hi-lo.kernel-accessor : Fetching kernel: cauchy
2023-12-08 16:18:31,887 | INFO | hi-lo.cauchy-kernel : CHI (LOCATION): -1.6208698749542236 | GAMMA (SCALE): 1.8371858596801758 | VAIRANCE: 3.3752518830087865
2023-12-08 16:18:31,888 | INFO | hi-lo.cauchy-kernel : TOP-LEFT
tensor([[0.2550, 0.1494, 0.0929],
        [0.1494, 0.0929, 0.0619],
        [0.0929, 0.0619, 0.0438]])
2023-12-08 16:18:31,888 | INFO | hi-lo.kernel-accessor : Fetching kernel: cauchy
2023-12-08 16:18:31,888 | INFO | hi-lo.cauchy-kernel : CHI (LOCATION): -0.03360462188720703 | GAMMA (SCALE): 0.07830698788166046 | VAIRANCE: 0.006131984351098518
2023-12-08 16:18:31,889 | INFO | hi-lo.cauchy-kernel : TOP-LEFT
tensor([[9.7962e-01, 6.6203e-03, 1.7175e-03],
        [6.6203e-03, 1.7175e-03, 7.7244e-04],
        [1.7175e-03, 7.7244e-04, 4.3704e-04]])
2023-12-08 16:18:39,976 | INFO | hi-lo : END EPOCH:   4 | ACCURACY: 13.2 | LOSS: 2.2785885334014893
2023-12-08 16:18:39,977 | INFO | hi-lo : BEGIN EPOCH 5 =========================================================================
2023-12-08 16:18:39,977 | INFO | hi-lo.kernel-accessor : Fetching kernel: cauchy
2023-12-08 16:18:39,977 | INFO | hi-lo.cauchy-kernel : CHI (LOCATION): -0.697291374206543 | GAMMA (SCALE): 0.6587501168251038 | VAIRANCE: 0.43395171641708785
2023-12-08 16:18:39,978 | INFO | hi-lo.cauchy-kernel : TOP-LEFT
tensor([[0.4797, 0.1332, 0.0573],
        [0.1332, 0.0573, 0.0313],
        [0.0573, 0.0313, 0.0196]])
2023-12-08 16:18:39,978 | INFO | hi-lo.kernel-accessor : Fetching kernel: cauchy
2023-12-08 16:18:39,979 | INFO | hi-lo.cauchy-kernel : CHI (LOCATION): -0.12382031977176666 | GAMMA (SCALE): 0.7495986223220825 | VAIRANCE: 0.5618980945871641
2023-12-08 16:18:39,979 | INFO | hi-lo.cauchy-kernel : BOTTOM-RIGHT
tensor([[0.0155, 0.0264, 0.0537],
        [0.0264, 0.0537, 0.1493],
        [0.0537, 0.1493, 0.4720]])
2023-12-08 16:18:39,979 | INFO | hi-lo.kernel-accessor : Fetching kernel: cauchy
2023-12-08 16:18:39,980 | INFO | hi-lo.cauchy-kernel : CHI (LOCATION): -0.6282997727394104 | GAMMA (SCALE): 0.7312352657318115 | VAIRANCE: 0.534705013849873
2023-12-08 16:18:39,980 | INFO | hi-lo.cauchy-kernel : TOP-LEFT
tensor([[0.4681, 0.1366, 0.0585],
        [0.1366, 0.0585, 0.0318],
        [0.0585, 0.0318, 0.0198]])
2023-12-08 16:18:39,980 | INFO | hi-lo.kernel-accessor : Fetching kernel: cauchy
2023-12-08 16:18:39,981 | INFO | hi-lo.cauchy-kernel : CHI (LOCATION): -0.02098320983350277 | GAMMA (SCALE): 0.048917513340711594 | VAIRANCE: 0.0023929231114386967
2023-12-08 16:18:39,981 | INFO | hi-lo.cauchy-kernel : BOTTOM-RIGHT
tensor([[1.7376e-04, 3.0781e-04, 6.8756e-04],
        [3.0781e-04, 6.8756e-04, 2.6894e-03],
        [6.8756e-04, 2.6894e-03, 9.9177e-01]])
2023-12-08 16:18:48,138 | INFO | hi-lo : END EPOCH:   5 | ACCURACY: 14.84 | LOSS: 2.30322003364563
2023-12-08 16:18:48,139 | INFO | hi-lo : BEGIN EPOCH 6 =========================================================================
2023-12-08 16:18:48,139 | INFO | hi-lo.kernel-accessor : Fetching kernel: cauchy
2023-12-08 16:18:48,140 | INFO | hi-lo.cauchy-kernel : CHI (LOCATION): -0.7383671998977661 | GAMMA (SCALE): 0.614531934261322 | VAIRANCE: 0.3776494982269618
2023-12-08 16:18:48,140 | INFO | hi-lo.cauchy-kernel : BOTTOM-RIGHT
tensor([[0.0196, 0.0312, 0.0568],
        [0.0312, 0.0568, 0.1316],
        [0.0568, 0.1316, 0.4846]])
2023-12-08 16:18:48,140 | INFO | hi-lo.kernel-accessor : Fetching kernel: cauchy
2023-12-08 16:18:48,141 | INFO | hi-lo.cauchy-kernel : CHI (LOCATION): -0.07367945462465286 | GAMMA (SCALE): 0.47078245878219604 | VAIRANCE: 0.22163612349701012
2023-12-08 16:18:48,141 | INFO | hi-lo.cauchy-kernel : TOP-LEFT
tensor([[0.6487, 0.1072, 0.0326],
        [0.1072, 0.0326, 0.0152],
        [0.0326, 0.0152, 0.0088]])
2023-12-08 16:18:48,141 | INFO | hi-lo.kernel-accessor : Fetching kernel: cauchy
2023-12-08 16:18:48,142 | INFO | hi-lo.cauchy-kernel : CHI (LOCATION): -0.26069480180740356 | GAMMA (SCALE): 0.3052487373352051 | VAIRANCE: 0.09317679164473702
2023-12-08 16:18:48,142 | INFO | hi-lo.cauchy-kernel : TOP-LEFT
tensor([[0.7557, 0.0724, 0.0234],
        [0.0724, 0.0234, 0.0114],
        [0.0234, 0.0114, 0.0067]])
2023-12-08 16:18:48,142 | INFO | hi-lo.kernel-accessor : Fetching kernel: cauchy
2023-12-08 16:18:48,143 | INFO | hi-lo.cauchy-kernel : CHI (LOCATION): -0.0130991255864501 | GAMMA (SCALE): 0.03055233508348465 | VAIRANCE: 0.000933445179053527
2023-12-08 16:18:48,143 | INFO | hi-lo.cauchy-kernel : TOP-LEFT
tensor([[9.9673e-01, 1.0721e-03, 2.7172e-04],
        [1.0721e-03, 2.7172e-04, 1.2131e-04],
        [2.7172e-04, 1.2131e-04, 6.8386e-05]])
2023-12-08 16:18:56,293 | INFO | hi-lo : END EPOCH:   6 | ACCURACY: 12.4 | LOSS: 2.3029961585998535
2023-12-08 16:18:56,293 | INFO | hi-lo : BEGIN EPOCH 7 =========================================================================
2023-12-08 16:18:56,293 | INFO | hi-lo.kernel-accessor : Fetching kernel: cauchy
2023-12-08 16:18:56,294 | INFO | hi-lo.cauchy-kernel : CHI (LOCATION): -0.7378157377243042 | GAMMA (SCALE): 0.6186643242835999 | VAIRANCE: 0.3827455461412832
2023-12-08 16:18:56,295 | INFO | hi-lo.cauchy-kernel : BOTTOM-RIGHT
tensor([[0.0196, 0.0312, 0.0569],
        [0.0312, 0.0569, 0.1318],
        [0.0569, 0.1318, 0.4836]])
2023-12-08 16:18:56,295 | INFO | hi-lo.kernel-accessor : Fetching kernel: cauchy
2023-12-08 16:18:56,295 | INFO | hi-lo.cauchy-kernel : CHI (LOCATION): -0.046049218624830246 | GAMMA (SCALE): 0.2953403890132904 | VAIRANCE: 0.08722594538252171
2023-12-08 16:18:56,296 | INFO | hi-lo.cauchy-kernel : BOTTOM-RIGHT
tensor([[0.0044, 0.0077, 0.0169],
        [0.0077, 0.0169, 0.0611],
        [0.0169, 0.0611, 0.8074]])
2023-12-08 16:18:56,296 | INFO | hi-lo.kernel-accessor : Fetching kernel: cauchy
2023-12-08 16:18:56,296 | INFO | hi-lo.cauchy-kernel : CHI (LOCATION): -0.10937385261058807 | GAMMA (SCALE): 0.1316809058189392 | VAIRANCE: 0.017339860957296338
2023-12-08 16:18:56,297 | INFO | hi-lo.cauchy-kernel : BOTTOM-RIGHT
tensor([[0.0016, 0.0028, 0.0061],
        [0.0028, 0.0061, 0.0219],
        [0.0061, 0.0219, 0.9307]])
2023-12-08 16:18:56,297 | INFO | hi-lo.kernel-accessor : Fetching kernel: cauchy
2023-12-08 16:18:56,298 | INFO | hi-lo.cauchy-kernel : CHI (LOCATION): -0.008180588483810425 | GAMMA (SCALE): 0.01908186823129654 | VAIRANCE: 0.0003641176951965641
2023-12-08 16:18:56,298 | INFO | hi-lo.cauchy-kernel : BOTTOM-RIGHT
tensor([[2.6795e-05, 4.7570e-05, 1.0674e-04],
        [4.7570e-05, 1.0674e-04, 4.2337e-04],
        [1.0674e-04, 4.2337e-04, 9.9871e-01]])
2023-12-08 16:19:04,375 | INFO | hi-lo : END EPOCH:   7 | ACCURACY: 14.06 | LOSS: 2.294269561767578
2023-12-08 16:19:04,375 | INFO | hi-lo : BEGIN EPOCH 8 =========================================================================
2023-12-08 16:19:04,375 | INFO | hi-lo.kernel-accessor : Fetching kernel: cauchy
2023-12-08 16:19:04,376 | INFO | hi-lo.cauchy-kernel : CHI (LOCATION): -0.741039514541626 | GAMMA (SCALE): 0.6116887927055359 | VAIRANCE: 0.37416317912155606
2023-12-08 16:19:04,376 | INFO | hi-lo.cauchy-kernel : BOTTOM-RIGHT
tensor([[0.0196, 0.0312, 0.0568],
        [0.0312, 0.0568, 0.1315],
        [0.0568, 0.1315, 0.4849]])
2023-12-08 16:19:04,377 | INFO | hi-lo.kernel-accessor : Fetching kernel: cauchy
2023-12-08 16:19:04,377 | INFO | hi-lo.cauchy-kernel : CHI (LOCATION): -0.02864779531955719 | GAMMA (SCALE): 0.18378998339176178 | VAIRANCE: 0.03377875799514407
2023-12-08 16:19:04,378 | INFO | hi-lo.cauchy-kernel : TOP-LEFT
tensor([[0.9107, 0.0289, 0.0076],
        [0.0289, 0.0076, 0.0034],
        [0.0076, 0.0034, 0.0019]])
2023-12-08 16:19:04,378 | INFO | hi-lo.kernel-accessor : Fetching kernel: cauchy
2023-12-08 16:19:04,378 | INFO | hi-lo.cauchy-kernel : CHI (LOCATION): -0.04728960990905762 | GAMMA (SCALE): 0.05872441083192825 | VAIRANCE: 0.0034485564275570924
2023-12-08 16:19:04,379 | INFO | hi-lo.cauchy-kernel : TOP-LEFT
tensor([[9.8428e-01, 5.0856e-03, 1.3339e-03],
        [5.0856e-03, 1.3339e-03, 6.0235e-04],
        [1.3339e-03, 6.0235e-04, 3.4152e-04]])
2023-12-08 16:19:04,379 | INFO | hi-lo.kernel-accessor : Fetching kernel: cauchy
2023-12-08 16:19:04,379 | INFO | hi-lo.cauchy-kernel : CHI (LOCATION): -0.005108637269586325 | GAMMA (SCALE): 0.011917238123714924 | VAIRANCE: 0.0001420205644973244
2023-12-08 16:19:04,380 | INFO | hi-lo.cauchy-kernel : TOP-LEFT
tensor([[9.9949e-01, 1.6631e-04, 4.1793e-05],
        [1.6631e-04, 4.1793e-05, 1.8607e-05],
        [4.1793e-05, 1.8607e-05, 1.0475e-05]])
2023-12-08 16:19:12,455 | INFO | hi-lo : END EPOCH:   8 | ACCURACY: 11.46 | LOSS: 2.30920672416687
2023-12-08 16:19:12,455 | INFO | hi-lo : BEGIN EPOCH 9 =========================================================================
2023-12-08 16:19:12,456 | INFO | hi-lo.kernel-accessor : Fetching kernel: cauchy
2023-12-08 16:19:12,456 | INFO | hi-lo.cauchy-kernel : CHI (LOCATION): -0.7005176544189453 | GAMMA (SCALE): 0.6574589014053345 | VAIRANCE: 0.4322522070371093
2023-12-08 16:19:12,457 | INFO | hi-lo.cauchy-kernel : BOTTOM-RIGHT
tensor([[0.0196, 0.0313, 0.0573],
        [0.0313, 0.0573, 0.1331],
        [0.0573, 0.1331, 0.4795]])
2023-12-08 16:19:12,457 | INFO | hi-lo.kernel-accessor : Fetching kernel: cauchy
2023-12-08 16:19:12,458 | INFO | hi-lo.cauchy-kernel : CHI (LOCATION): -0.01876593753695488 | GAMMA (SCALE): 0.1141258254647255 | VAIRANCE: 0.013024704038004986
2023-12-08 16:19:12,458 | INFO | hi-lo.cauchy-kernel : BOTTOM-RIGHT
tensor([[7.9651e-04, 1.4107e-03, 3.1490e-03],
        [1.4107e-03, 3.1490e-03, 1.2251e-02],
        [3.1490e-03, 1.2251e-02, 9.6243e-01]])
2023-12-08 16:19:12,458 | INFO | hi-lo.kernel-accessor : Fetching kernel: cauchy
2023-12-08 16:19:12,459 | INFO | hi-lo.cauchy-kernel : CHI (LOCATION): -0.021173549816012383 | GAMMA (SCALE): 0.027746565639972687 | VAIRANCE: 0.0007698719048133129
2023-12-08 16:19:12,459 | INFO | hi-lo.cauchy-kernel : BOTTOM-RIGHT
tensor([[7.5066e-05, 1.3298e-04, 2.9708e-04],
        [1.3298e-04, 2.9708e-04, 1.1632e-03],
        [2.9708e-04, 1.1632e-03, 9.9644e-01]])
2023-12-08 16:19:12,459 | INFO | hi-lo.kernel-accessor : Fetching kernel: cauchy
2023-12-08 16:19:12,460 | INFO | hi-lo.cauchy-kernel : CHI (LOCATION): -0.0031908119563013315 | GAMMA (SCALE): 0.007442903704941273 | VAIRANCE: 5.5396815561028524e-05
2023-12-08 16:19:12,460 | INFO | hi-lo.cauchy-kernel : BOTTOM-RIGHT
tensor([[4.0913e-06, 7.2695e-06, 1.6339e-05],
        [7.2695e-06, 1.6339e-05, 6.5145e-05],
        [1.6339e-05, 6.5145e-05, 9.9980e-01]])
2023-12-08 16:19:20,621 | INFO | hi-lo : END EPOCH:   9 | ACCURACY: 11.48 | LOSS: 2.299086809158325
2023-12-08 16:19:20,621 | INFO | hi-lo : BEGIN EPOCH 10 =========================================================================
2023-12-08 16:19:20,622 | INFO | hi-lo.kernel-accessor : Fetching kernel: cauchy
2023-12-08 16:19:20,622 | INFO | hi-lo.cauchy-kernel : CHI (LOCATION): -0.7519150972366333 | GAMMA (SCALE): 0.597308337688446 | VAIRANCE: 0.3567772502721347
2023-12-08 16:19:20,623 | INFO | hi-lo.cauchy-kernel : TOP-LEFT
tensor([[0.4866, 0.1310, 0.0566],
        [0.1310, 0.0566, 0.0311],
        [0.0566, 0.0311, 0.0196]])
2023-12-08 16:19:20,623 | INFO | hi-lo.kernel-accessor : Fetching kernel: cauchy
2023-12-08 16:19:20,623 | INFO | hi-lo.cauchy-kernel : CHI (LOCATION): -0.011027082800865173 | GAMMA (SCALE): 0.07169974595308304 | VAIRANCE: 0.0051408535697366475
2023-12-08 16:19:20,624 | INFO | hi-lo.cauchy-kernel : BOTTOM-RIGHT
tensor([[3.2196e-04, 5.7118e-04, 1.2796e-03],
        [5.7118e-04, 1.2796e-03, 5.0437e-03],
        [1.2796e-03, 5.0437e-03, 9.8461e-01]])
2023-12-08 16:19:20,624 | INFO | hi-lo.kernel-accessor : Fetching kernel: cauchy
2023-12-08 16:19:20,625 | INFO | hi-lo.cauchy-kernel : CHI (LOCATION): -0.01016114093363285 | GAMMA (SCALE): 0.013933178037405014 | VAIRANCE: 0.00019413345022202544
2023-12-08 16:19:20,625 | INFO | hi-lo.cauchy-kernel : BOTTOM-RIGHT
tensor([[1.8476e-05, 3.2790e-05, 7.3527e-05],
        [3.2790e-05, 7.3527e-05, 2.9112e-04],
        [7.3527e-05, 2.9112e-04, 9.9911e-01]])
2023-12-08 16:19:20,625 | INFO | hi-lo.kernel-accessor : Fetching kernel: cauchy
2023-12-08 16:19:20,626 | INFO | hi-lo.cauchy-kernel : CHI (LOCATION): -0.0019927474204450846 | GAMMA (SCALE): 0.004648327361792326 | VAIRANCE: 2.1606947262387205e-05
2023-12-08 16:19:20,626 | INFO | hi-lo.cauchy-kernel : BOTTOM-RIGHT
tensor([[1.5969e-06, 2.8380e-06, 6.3812e-06],
        [2.8380e-06, 6.3812e-06, 2.5474e-05],
        [6.3812e-06, 2.5474e-05, 9.9992e-01]])
2023-12-08 16:19:28,804 | INFO | hi-lo : END EPOCH:  10 | ACCURACY: 11.46 | LOSS: 2.290354013442993
2023-12-08 16:19:28,804 | INFO | hi-lo : BEGIN EPOCH 11 =========================================================================
2023-12-08 16:19:28,805 | INFO | hi-lo.kernel-accessor : Fetching kernel: cauchy
2023-12-08 16:19:28,805 | INFO | hi-lo.cauchy-kernel : CHI (LOCATION): -0.7088303565979004 | GAMMA (SCALE): 0.648525595664978 | VAIRANCE: 0.42058544823261457
2023-12-08 16:19:28,806 | INFO | hi-lo.cauchy-kernel : TOP-LEFT
tensor([[0.4806, 0.1328, 0.0572],
        [0.1328, 0.0572, 0.0313],
        [0.0572, 0.0313, 0.0196]])
2023-12-08 16:19:28,806 | INFO | hi-lo.kernel-accessor : Fetching kernel: cauchy
2023-12-08 16:19:28,807 | INFO | hi-lo.cauchy-kernel : CHI (LOCATION): -0.007250139955431223 | GAMMA (SCALE): 0.04452520236372948 | VAIRANCE: 0.001982493645531061
2023-12-08 16:19:28,807 | INFO | hi-lo.cauchy-kernel : BOTTOM-RIGHT
tensor([[1.2595e-04, 2.2362e-04, 5.0179e-04],
        [2.2362e-04, 5.0179e-04, 1.9898e-03],
        [5.0179e-04, 1.9898e-03, 9.9394e-01]])
2023-12-08 16:19:28,807 | INFO | hi-lo.kernel-accessor : Fetching kernel: cauchy
2023-12-08 16:19:28,808 | INFO | hi-lo.cauchy-kernel : CHI (LOCATION): -0.005082966759800911 | GAMMA (SCALE): 0.007413229439407587 | VAIRANCE: 5.495597072129933e-05
2023-12-08 16:19:28,808 | INFO | hi-lo.cauchy-kernel : BOTTOM-RIGHT
tensor([[5.0355e-06, 8.9444e-06, 2.0091e-05],
        [8.9444e-06, 2.0091e-05, 7.9954e-05],
        [2.0091e-05, 7.9954e-05, 9.9976e-01]])
2023-12-08 16:19:28,808 | INFO | hi-lo.kernel-accessor : Fetching kernel: cauchy
2023-12-08 16:19:28,809 | INFO | hi-lo.cauchy-kernel : CHI (LOCATION): -0.0012447554618120193 | GAMMA (SCALE): 0.0029031431768089533 | VAIRANCE: 8.428240305052381e-06
2023-12-08 16:19:28,809 | INFO | hi-lo.cauchy-kernel : TOP-LEFT
tensor([[9.9997e-01, 9.9525e-06, 2.4912e-06],
        [9.9525e-06, 2.4912e-06, 1.1077e-06],
        [2.4912e-06, 1.1077e-06, 6.2320e-07]])
2023-12-08 16:19:36,933 | INFO | hi-lo : END EPOCH:  11 | ACCURACY: 13.39 | LOSS: 2.2990047931671143
2023-12-08 16:19:36,933 | INFO | hi-lo : BEGIN EPOCH 12 =========================================================================
2023-12-08 16:19:36,934 | INFO | hi-lo.kernel-accessor : Fetching kernel: cauchy
2023-12-08 16:19:36,934 | INFO | hi-lo.cauchy-kernel : CHI (LOCATION): -0.7270551919937134 | GAMMA (SCALE): 0.6320674419403076 | VAIRANCE: 0.39950925116096414
2023-12-08 16:19:36,934 | INFO | hi-lo.cauchy-kernel : TOP-LEFT
tensor([[0.4820, 0.1323, 0.0571],
        [0.1323, 0.0571, 0.0313],
        [0.0571, 0.0313, 0.0197]])
2023-12-08 16:19:36,934 | INFO | hi-lo.kernel-accessor : Fetching kernel: cauchy
2023-12-08 16:19:36,935 | INFO | hi-lo.cauchy-kernel : CHI (LOCATION): -0.0044313520193099976 | GAMMA (SCALE): 0.028005043044686317 | VAIRANCE: 0.0007842824359347335
2023-12-08 16:19:36,935 | INFO | hi-lo.cauchy-kernel : BOTTOM-RIGHT
tensor([[5.0010e-05, 8.8838e-05, 1.9957e-04],
        [8.8838e-05, 1.9957e-04, 7.9430e-04],
        [1.9957e-04, 7.9430e-04, 9.9759e-01]])
2023-12-08 16:19:36,935 | INFO | hi-lo.kernel-accessor : Fetching kernel: cauchy
2023-12-08 16:19:36,935 | INFO | hi-lo.cauchy-kernel : CHI (LOCATION): -0.002701884601265192 | GAMMA (SCALE): 0.004142576362937689 | VAIRANCE: 1.716093892277005e-05
2023-12-08 16:19:36,935 | INFO | hi-lo.cauchy-kernel : TOP-LEFT
tensor([[9.9993e-01, 2.4327e-05, 6.0983e-06],
        [2.4327e-05, 6.0983e-06, 2.7128e-06],
        [6.0983e-06, 2.7128e-06, 1.5266e-06]])
2023-12-08 16:19:36,936 | INFO | hi-lo.kernel-accessor : Fetching kernel: cauchy
2023-12-08 16:19:36,936 | INFO | hi-lo.cauchy-kernel : CHI (LOCATION): -0.0007774668629281223 | GAMMA (SCALE): 0.0018131353426724672 | VAIRANCE: 3.287459770848005e-06
2023-12-08 16:19:36,936 | INFO | hi-lo.cauchy-kernel : TOP-LEFT
tensor([[9.9999e-01, 3.8858e-06, 9.7221e-07],
        [3.8858e-06, 9.7221e-07, 4.3221e-07],
        [9.7221e-07, 4.3221e-07, 2.4315e-07]])
2023-12-08 16:19:45,168 | INFO | hi-lo : END EPOCH:  12 | ACCURACY: 15.62 | LOSS: 2.3181416988372803
2023-12-08 16:19:45,168 | INFO | hi-lo : BEGIN EPOCH 13 =========================================================================
2023-12-08 16:19:45,168 | INFO | hi-lo.kernel-accessor : Fetching kernel: cauchy
2023-12-08 16:19:45,169 | INFO | hi-lo.cauchy-kernel : CHI (LOCATION): -0.722363293170929 | GAMMA (SCALE): 0.6300325393676758 | VAIRANCE: 0.39694100066208193
2023-12-08 16:19:45,169 | INFO | hi-lo.cauchy-kernel : TOP-LEFT
tensor([[0.4834, 0.1320, 0.0569],
        [0.1320, 0.0569, 0.0312],
        [0.0569, 0.0312, 0.0196]])
2023-12-08 16:19:45,169 | INFO | hi-lo.kernel-accessor : Fetching kernel: cauchy
2023-12-08 16:19:45,170 | INFO | hi-lo.cauchy-kernel : CHI (LOCATION): -0.002783370204269886 | GAMMA (SCALE): 0.01734050177037716 | VAIRANCE: 0.0003006930016484534
2023-12-08 16:19:45,170 | INFO | hi-lo.cauchy-kernel : BOTTOM-RIGHT
tensor([[1.9232e-05, 3.4175e-05, 7.6819e-05],
        [3.4175e-05, 7.6819e-05, 3.0635e-04],
        [7.6819e-05, 3.0635e-04, 9.9907e-01]])
2023-12-08 16:19:45,170 | INFO | hi-lo.kernel-accessor : Fetching kernel: cauchy
2023-12-08 16:19:45,171 | INFO | hi-lo.cauchy-kernel : CHI (LOCATION): -0.001493882737122476 | GAMMA (SCALE): 0.002391812391579151 | VAIRANCE: 5.720766516511579e-06
2023-12-08 16:19:45,171 | INFO | hi-lo.cauchy-kernel : TOP-LEFT
tensor([[9.9998e-01, 7.9285e-06, 1.9851e-06],
        [7.9285e-06, 1.9851e-06, 8.8270e-07],
        [1.9851e-06, 8.8270e-07, 4.9665e-07]])
2023-12-08 16:19:45,171 | INFO | hi-lo.kernel-accessor : Fetching kernel: cauchy
2023-12-08 16:19:45,172 | INFO | hi-lo.cauchy-kernel : CHI (LOCATION): -0.000485602009575814 | GAMMA (SCALE): 0.001132363104261458 | VAIRANCE: 1.2822461998926454e-06
2023-12-08 16:19:45,172 | INFO | hi-lo.cauchy-kernel : TOP-LEFT
tensor([[1.0000e+00, 1.5166e-06, 3.7933e-07],
        [1.5166e-06, 3.7933e-07, 1.6862e-07],
        [3.7933e-07, 1.6862e-07, 9.4855e-08]])
2023-12-08 16:19:53,356 | INFO | hi-lo : END EPOCH:  13 | ACCURACY: 10.94 | LOSS: 2.307971239089966
2023-12-08 16:19:53,356 | INFO | hi-lo : BEGIN EPOCH 14 =========================================================================
2023-12-08 16:19:53,357 | INFO | hi-lo.kernel-accessor : Fetching kernel: cauchy
2023-12-08 16:19:53,357 | INFO | hi-lo.cauchy-kernel : CHI (LOCATION): -0.7003738880157471 | GAMMA (SCALE): 0.6606296896934509 | VAIRANCE: 0.43643158690446526
2023-12-08 16:19:53,358 | INFO | hi-lo.cauchy-kernel : TOP-LEFT
tensor([[0.4786, 0.1333, 0.0574],
        [0.1333, 0.0574, 0.0314],
        [0.0574, 0.0314, 0.0197]])
2023-12-08 16:19:53,358 | INFO | hi-lo.kernel-accessor : Fetching kernel: cauchy
2023-12-08 16:19:53,359 | INFO | hi-lo.cauchy-kernel : CHI (LOCATION): -0.0017834864556789398 | GAMMA (SCALE): 0.010867543518543243 | VAIRANCE: 0.00011810350212743126
2023-12-08 16:19:53,359 | INFO | hi-lo.cauchy-kernel : BOTTOM-RIGHT
tensor([[7.5707e-06, 1.3455e-05, 3.0255e-05],
        [1.3455e-05, 3.0255e-05, 1.2079e-04],
        [3.0255e-05, 1.2079e-04, 9.9963e-01]])
2023-12-08 16:19:53,359 | INFO | hi-lo.kernel-accessor : Fetching kernel: cauchy
2023-12-08 16:19:53,360 | INFO | hi-lo.cauchy-kernel : CHI (LOCATION): -0.0008607550407759845 | GAMMA (SCALE): 0.001424423884600401 | VAIRANCE: 2.0289834030200963e-06
2023-12-08 16:19:53,360 | INFO | hi-lo.cauchy-kernel : BOTTOM-RIGHT
tensor([[1.7304e-07, 3.0759e-07, 6.9187e-07],
        [3.0759e-07, 6.9187e-07, 2.7651e-06],
        [6.9187e-07, 2.7651e-06, 9.9999e-01]])
2023-12-08 16:19:53,360 | INFO | hi-lo.kernel-accessor : Fetching kernel: cauchy
2023-12-08 16:19:53,361 | INFO | hi-lo.cauchy-kernel : CHI (LOCATION): -0.0003032861277461052 | GAMMA (SCALE): 0.0007071930449455976 | VAIRANCE: 5.001220028194261e-07
2023-12-08 16:19:53,361 | INFO | hi-lo.cauchy-kernel : BOTTOM-RIGHT
tensor([[3.7001e-08, 6.5776e-08, 1.4798e-07],
        [6.5776e-08, 1.4798e-07, 5.9174e-07],
        [1.4798e-07, 5.9174e-07, 1.0000e+00]])
2023-12-08 16:20:01,695 | INFO | hi-lo : END EPOCH:  14 | ACCURACY: 17.19 | LOSS: 2.3108479976654053
2023-12-08 16:20:01,695 | INFO | hi-lo : BEGIN EPOCH 15 =========================================================================
2023-12-08 16:20:01,695 | INFO | hi-lo.kernel-accessor : Fetching kernel: cauchy
2023-12-08 16:20:01,696 | INFO | hi-lo.cauchy-kernel : CHI (LOCATION): -0.7598583102226257 | GAMMA (SCALE): 0.5929883122444153 | VAIRANCE: 0.35163513845848016
2023-12-08 16:20:01,697 | INFO | hi-lo.cauchy-kernel : TOP-LEFT
tensor([[0.4861, 0.1309, 0.0567],
        [0.1309, 0.0567, 0.0312],
        [0.0567, 0.0312, 0.0196]])
2023-12-08 16:20:01,697 | INFO | hi-lo.kernel-accessor : Fetching kernel: cauchy
2023-12-08 16:20:01,697 | INFO | hi-lo.cauchy-kernel : CHI (LOCATION): -0.0010375366546213627 | GAMMA (SCALE): 0.006866093259304762 | VAIRANCE: 4.714323664547029e-05
2023-12-08 16:20:01,698 | INFO | hi-lo.cauchy-kernel : BOTTOM-RIGHT
tensor([[3.0117e-06, 5.3532e-06, 1.2041e-05],
        [5.3532e-06, 1.2041e-05, 4.8111e-05],
        [1.2041e-05, 4.8111e-05, 9.9985e-01]])
2023-12-08 16:20:01,698 | INFO | hi-lo.kernel-accessor : Fetching kernel: cauchy
2023-12-08 16:20:01,698 | INFO | hi-lo.cauchy-kernel : CHI (LOCATION): -0.00050997210200876 | GAMMA (SCALE): 0.0008615655242465436 | VAIRANCE: 7.422951525702216e-07
2023-12-08 16:20:01,699 | INFO | hi-lo.cauchy-kernel : BOTTOM-RIGHT
tensor([[6.2632e-08, 1.1134e-07, 2.5046e-07],
        [1.1134e-07, 2.5046e-07, 1.0013e-06],
        [2.5046e-07, 1.0013e-06, 1.0000e+00]])
2023-12-08 16:20:01,699 | INFO | hi-lo.kernel-accessor : Fetching kernel: cauchy
2023-12-08 16:20:01,700 | INFO | hi-lo.cauchy-kernel : CHI (LOCATION): -0.00018939017900265753 | GAMMA (SCALE): 0.0004416591546032578 | VAIRANCE: 1.9506280884486435e-07
2023-12-08 16:20:01,700 | INFO | hi-lo.cauchy-kernel : TOP-LEFT
tensor([[1.0000e+00, 2.3084e-07, 5.7722e-08],
        [2.3084e-07, 5.7722e-08, 2.5656e-08],
        [5.7722e-08, 2.5656e-08, 1.4432e-08]])
2023-12-08 16:20:09,928 | INFO | hi-lo : END EPOCH:  15 | ACCURACY: 10.94 | LOSS: 2.3094611167907715
2023-12-08 16:20:09,928 | INFO | hi-lo : BEGIN EPOCH 16 =========================================================================
2023-12-08 16:20:09,929 | INFO | hi-lo.kernel-accessor : Fetching kernel: cauchy
2023-12-08 16:20:09,929 | INFO | hi-lo.cauchy-kernel : CHI (LOCATION): -0.7328843474388123 | GAMMA (SCALE): 0.6243988871574402 | VAIRANCE: 0.3898739702834497
2023-12-08 16:20:09,930 | INFO | hi-lo.cauchy-kernel : BOTTOM-RIGHT
tensor([[0.0196, 0.0313, 0.0570],
        [0.0313, 0.0570, 0.1320],
        [0.0570, 0.1320, 0.4830]])
2023-12-08 16:20:09,930 | INFO | hi-lo.kernel-accessor : Fetching kernel: cauchy
2023-12-08 16:20:09,931 | INFO | hi-lo.cauchy-kernel : CHI (LOCATION): -0.0006695452029816806 | GAMMA (SCALE): 0.0042710681445896626 | VAIRANCE: 1.8242023095728583e-05
2023-12-08 16:20:09,931 | INFO | hi-lo.cauchy-kernel : BOTTOM-RIGHT
tensor([[1.1677e-06, 2.0757e-06, 4.6692e-06],
        [2.0757e-06, 4.6692e-06, 1.8664e-05],
        [4.6692e-06, 1.8664e-05, 9.9994e-01]])
2023-12-08 16:20:09,931 | INFO | hi-lo.kernel-accessor : Fetching kernel: cauchy
2023-12-08 16:20:09,932 | INFO | hi-lo.cauchy-kernel : CHI (LOCATION): -0.00030697399051859975 | GAMMA (SCALE): 0.000527260999660939 | VAIRANCE: 2.780041617634527e-07
2023-12-08 16:20:09,932 | INFO | hi-lo.cauchy-kernel : BOTTOM-RIGHT
tensor([[2.3261e-08, 4.1351e-08, 9.3031e-08],
        [4.1351e-08, 9.3031e-08, 3.7201e-07],
        [9.3031e-08, 3.7201e-07, 1.0000e+00]])
2023-12-08 16:20:09,932 | INFO | hi-lo.kernel-accessor : Fetching kernel: cauchy
2023-12-08 16:20:09,933 | INFO | hi-lo.cauchy-kernel : CHI (LOCATION): -0.00011826640547951683 | GAMMA (SCALE): 0.00027582774055190384 | VAIRANCE: 7.608094245796838e-08
2023-12-08 16:20:09,933 | INFO | hi-lo.cauchy-kernel : TOP-LEFT
tensor([[1.0000e+00, 9.0047e-08, 2.2514e-08],
        [9.0047e-08, 2.2514e-08, 1.0007e-08],
        [2.2514e-08, 1.0007e-08, 5.6289e-09]])
2023-12-08 16:20:18,186 | INFO | hi-lo : END EPOCH:  16 | ACCURACY: 10.12 | LOSS: 2.3150386810302734
2023-12-08 16:20:18,186 | INFO | hi-lo : BEGIN EPOCH 17 =========================================================================
2023-12-08 16:20:18,186 | INFO | hi-lo.kernel-accessor : Fetching kernel: cauchy
2023-12-08 16:20:18,187 | INFO | hi-lo.cauchy-kernel : CHI (LOCATION): -0.7555952668190002 | GAMMA (SCALE): 0.5988349318504333 | VAIRANCE: 0.35860327560431315
2023-12-08 16:20:18,188 | INFO | hi-lo.cauchy-kernel : TOP-LEFT
tensor([[0.4854, 0.1311, 0.0567],
        [0.1311, 0.0567, 0.0312],
        [0.0567, 0.0312, 0.0196]])
2023-12-08 16:20:18,188 | INFO | hi-lo.kernel-accessor : Fetching kernel: cauchy
2023-12-08 16:20:18,188 | INFO | hi-lo.cauchy-kernel : CHI (LOCATION): -0.0004068193375132978 | GAMMA (SCALE): 0.002677688840776682 | VAIRANCE: 7.1700175280199705e-06
2023-12-08 16:20:18,189 | INFO | hi-lo.cauchy-kernel : TOP-LEFT
tensor([[9.9998e-01, 7.3293e-06, 1.8331e-06],
        [7.3293e-06, 1.8331e-06, 8.1482e-07],
        [1.8331e-06, 8.1482e-07, 4.5837e-07]])
2023-12-08 16:20:18,189 | INFO | hi-lo.kernel-accessor : Fetching kernel: cauchy
2023-12-08 16:20:18,189 | INFO | hi-lo.cauchy-kernel : CHI (LOCATION): -0.00018739019287750125 | GAMMA (SCALE): 0.00032510102028027177 | VAIRANCE: 1.0569067338727368e-07
2023-12-08 16:20:18,190 | INFO | hi-lo.cauchy-kernel : BOTTOM-RIGHT
tensor([[8.7995e-09, 1.5643e-08, 3.5195e-08],
        [1.5643e-08, 3.5195e-08, 1.4075e-07],
        [3.5195e-08, 1.4075e-07, 1.0000e+00]])
2023-12-08 16:20:18,190 | INFO | hi-lo.kernel-accessor : Fetching kernel: cauchy
2023-12-08 16:20:18,190 | INFO | hi-lo.cauchy-kernel : CHI (LOCATION): -7.385377102764323e-05 | GAMMA (SCALE): 0.00017226228374056518 | VAIRANCE: 2.9674294399514987e-08
2023-12-08 16:20:18,191 | INFO | hi-lo.cauchy-kernel : BOTTOM-RIGHT
tensor([[2.1955e-09, 3.9030e-09, 8.7815e-09],
        [3.9030e-09, 8.7815e-09, 3.5123e-08],
        [8.7815e-09, 3.5123e-08, 1.0000e+00]])
2023-12-08 16:20:26,423 | INFO | hi-lo : END EPOCH:  17 | ACCURACY: 10.66 | LOSS: 2.306459903717041
2023-12-08 16:20:26,424 | INFO | hi-lo : BEGIN EPOCH 18 =========================================================================
2023-12-08 16:20:26,424 | INFO | hi-lo.kernel-accessor : Fetching kernel: cauchy
2023-12-08 16:20:26,424 | INFO | hi-lo.cauchy-kernel : CHI (LOCATION): -0.7249118089675903 | GAMMA (SCALE): 0.634963870048523 | VAIRANCE: 0.40317911626699754
2023-12-08 16:20:26,425 | INFO | hi-lo.cauchy-kernel : TOP-LEFT
tensor([[0.4816, 0.1324, 0.0571],
        [0.1324, 0.0571, 0.0313],
        [0.0571, 0.0313, 0.0197]])
2023-12-08 16:20:26,425 | INFO | hi-lo.kernel-accessor : Fetching kernel: cauchy
2023-12-08 16:20:26,426 | INFO | hi-lo.cauchy-kernel : CHI (LOCATION): -0.00026366254314780235 | GAMMA (SCALE): 0.0016589380102232099 | VAIRANCE: 2.7520753217633427e-06
2023-12-08 16:20:26,426 | INFO | hi-lo.cauchy-kernel : TOP-LEFT
tensor([[9.9999e-01, 2.8201e-06, 7.0521e-07],
        [2.8201e-06, 7.0521e-07, 3.1345e-07],
        [7.0521e-07, 3.1345e-07, 1.7632e-07]])
2023-12-08 16:20:26,426 | INFO | hi-lo.kernel-accessor : Fetching kernel: cauchy
2023-12-08 16:20:26,427 | INFO | hi-lo.cauchy-kernel : CHI (LOCATION): -0.00011526235903147608 | GAMMA (SCALE): 0.00020138165564276278 | VAIRANCE: 4.055457122942029e-08
2023-12-08 16:20:26,427 | INFO | hi-lo.cauchy-kernel : BOTTOM-RIGHT
tensor([[3.3648e-09, 5.9818e-09, 1.3458e-08],
        [5.9818e-09, 1.3458e-08, 5.3828e-08],
        [1.3458e-08, 5.3828e-08, 1.0000e+00]])
2023-12-08 16:20:26,427 | INFO | hi-lo.kernel-accessor : Fetching kernel: cauchy
2023-12-08 16:20:26,428 | INFO | hi-lo.cauchy-kernel : CHI (LOCATION): -4.6120821934891865e-05 | GAMMA (SCALE): 0.00010758309508673847 | VAIRANCE: 1.157412234844221e-08
2023-12-08 16:20:26,428 | INFO | hi-lo.cauchy-kernel : BOTTOM-RIGHT
tensor([[8.5631e-10, 1.5223e-09, 3.4252e-09],
        [1.5223e-09, 3.4252e-09, 1.3700e-08],
        [3.4252e-09, 1.3700e-08, 1.0000e+00]])
2023-12-08 16:20:34,735 | INFO | hi-lo : END EPOCH:  18 | ACCURACY: 10.68 | LOSS: 2.301906108856201
2023-12-08 16:20:34,735 | INFO | hi-lo : BEGIN EPOCH 19 =========================================================================
2023-12-08 16:20:34,736 | INFO | hi-lo.kernel-accessor : Fetching kernel: cauchy
2023-12-08 16:20:34,736 | INFO | hi-lo.cauchy-kernel : CHI (LOCATION): -0.7398958802223206 | GAMMA (SCALE): 0.6136699318885803 | VAIRANCE: 0.3765907853041348
2023-12-08 16:20:34,737 | INFO | hi-lo.cauchy-kernel : TOP-LEFT
tensor([[0.4846, 0.1315, 0.0568],
        [0.1315, 0.0568, 0.0312],
        [0.0568, 0.0312, 0.0196]])
2023-12-08 16:20:34,737 | INFO | hi-lo.kernel-accessor : Fetching kernel: cauchy
2023-12-08 16:20:34,738 | INFO | hi-lo.cauchy-kernel : CHI (LOCATION): -0.00016174222400877625 | GAMMA (SCALE): 0.001040455768816173 | VAIRANCE: 1.0825482068628538e-06
2023-12-08 16:20:34,738 | INFO | hi-lo.cauchy-kernel : BOTTOM-RIGHT
tensor([[6.9288e-08, 1.2318e-07, 2.7713e-07],
        [1.2318e-07, 2.7713e-07, 1.1083e-06],
        [2.7713e-07, 1.1083e-06, 1.0000e+00]])
2023-12-08 16:20:34,738 | INFO | hi-lo.kernel-accessor : Fetching kernel: cauchy
2023-12-08 16:20:34,739 | INFO | hi-lo.cauchy-kernel : CHI (LOCATION): -7.132752216421068e-05 | GAMMA (SCALE): 0.00012513734691310674 | VAIRANCE: 1.5659355592451225e-08
2023-12-08 16:20:34,739 | INFO | hi-lo.cauchy-kernel : TOP-LEFT
tensor([[1.0000e+00, 2.0744e-08, 5.1864e-09],
        [2.0744e-08, 5.1864e-09, 2.3051e-09],
        [5.1864e-09, 2.3051e-09, 1.2966e-09]])
2023-12-08 16:20:34,739 | INFO | hi-lo.kernel-accessor : Fetching kernel: cauchy
2023-12-08 16:20:34,740 | INFO | hi-lo.cauchy-kernel : CHI (LOCATION): -2.8802613087464124e-05 | GAMMA (SCALE): 6.718914664816111e-05 | VAIRANCE: 4.5143814273081e-09
2023-12-08 16:20:34,740 | INFO | hi-lo.cauchy-kernel : BOTTOM-RIGHT
tensor([[3.3399e-10, 5.9376e-10, 1.3360e-09],
        [5.9376e-10, 1.3360e-09, 5.3437e-09],
        [1.3360e-09, 5.3437e-09, 1.0000e+00]])
2023-12-08 16:20:43,113 | INFO | hi-lo : END EPOCH:  19 | ACCURACY: 12.5 | LOSS: 2.279641628265381
2023-12-08 16:20:43,113 | INFO | hi-lo : BEGIN EPOCH 20 =========================================================================
2023-12-08 16:20:43,113 | INFO | hi-lo.kernel-accessor : Fetching kernel: cauchy
2023-12-08 16:20:43,114 | INFO | hi-lo.cauchy-kernel : CHI (LOCATION): -0.7315388917922974 | GAMMA (SCALE): 0.6229985356330872 | VAIRANCE: 0.38812717540097097
2023-12-08 16:20:43,115 | INFO | hi-lo.cauchy-kernel : BOTTOM-RIGHT
tensor([[0.0196, 0.0312, 0.0569],
        [0.0312, 0.0569, 0.1319],
        [0.0569, 0.1319, 0.4836]])
2023-12-08 16:20:43,115 | INFO | hi-lo.kernel-accessor : Fetching kernel: cauchy
2023-12-08 16:20:43,115 | INFO | hi-lo.cauchy-kernel : CHI (LOCATION): -0.00010203254350926727 | GAMMA (SCALE): 0.0006468551582656801 | VAIRANCE: 4.18421595774918e-07
2023-12-08 16:20:43,116 | INFO | hi-lo.cauchy-kernel : TOP-LEFT
tensor([[1.0000e+00, 4.2874e-07, 1.0720e-07],
        [4.2874e-07, 1.0720e-07, 4.7645e-08],
