2023-12-05 10:17:06,066 | INFO | hi-lo : 
+==============================================================+
|                                                              |
| ██████╗  █████╗ ██████╗ ██╗         ██╗      █████╗ ██████╗  |
| ██╔══██╗██╔══██╗██╔══██╗██║         ██║     ██╔══██╗██╔══██╗ |
| ██║  ██║███████║██║  ██║██║         ██║     ███████║██████╔╝ |
| ██║  ██║██╔══██║██║  ██║██║         ██║     ██╔══██║██╔══██╗ |
| ██████╔╝██║  ██║██████╔╝███████╗    ███████╗██║  ██║██████╔╝ |
| ╚═════╝ ╚═╝  ╚═╝╚═════╝ ╚══════╝    ╚══════╝╚═╝  ╚═╝╚═════╝  |
|                                                              |
+==============================================================+
|             Hi-Lo Resolution Image Classification            |
|             -------------------------------------            |
|                       Gabriel C. Trahan                      |
|                          Sahan Ahmad                         |
|                       MD  Aminual Islam                      |
+==============================================================+
| MODEL:                 normal | LR:                      0.1 |
| DISTRO:              gaussian | KERNEL TYPE:               1 |
| DATASET:             imagenet | BATCH SIZE:               64 |
+=========================================================================+
2023-12-05 10:17:06,066 | INFO | hi-lo : Output directory: output/normal/gaussian/1/imagenet/20231205_101706
2023-12-05 10:17:06,066 | INFO | hi-lo.dataset-accessor : Fetching dataset: imagenet
2023-12-05 10:17:06,066 | INFO | hi-lo.imagenet-dataset : Initializing transform.
2023-12-05 10:17:06,067 | INFO | hi-lo.imagenet-dataset : Verifying/downloading train data.
2023-12-05 10:17:08,925 | INFO | hi-lo.imagenet-dataset : Verifying/downloading test data.
2023-12-05 10:17:09,039 | INFO | hi-lo.imagenet-dataset : Creating train data loader.
2023-12-05 10:17:09,039 | INFO | hi-lo.imagenet-dataset : Creating test data loader.
2023-12-05 10:17:10,042 | INFO | hi-lo : Using device: NVIDIA GeForce GTX 1060 6GB
2023-12-05 10:17:10,042 | INFO | hi-lo : Commencing training phase...
2023-12-05 10:17:10,043 | INFO | hi-lo : BEGIN EPOCH 1 =========================================================================
2023-12-05 10:17:10,043 | INFO | hi-lo.kernel-accessor : Fetching kernel: gaussian
2023-12-05 10:17:10,044 | INFO | hi-lo.gaussian-kernel : MU (LOCATION): 0.0 | SIGMA (SCALE): 1.0 | VARIANCE: 1.0
2023-12-05 10:17:10,044 | INFO | hi-lo.gaussian-kernel : BOTTOM-RIGHT
tensor([[0.0060, 0.0271, 0.0446],
        [0.0271, 0.1212, 0.1999],
        [0.0446, 0.1999, 0.3296]])
2023-12-05 10:17:10,044 | INFO | hi-lo.kernel-accessor : Fetching kernel: gaussian
2023-12-05 10:17:10,045 | INFO | hi-lo.gaussian-kernel : MU (LOCATION): 0.0 | SIGMA (SCALE): 1.0 | VARIANCE: 1.0
2023-12-05 10:17:10,045 | INFO | hi-lo.gaussian-kernel : BOTTOM-RIGHT
tensor([[0.0060, 0.0271, 0.0446],
        [0.0271, 0.1212, 0.1999],
        [0.0446, 0.1999, 0.3296]])
2023-12-05 10:17:10,045 | INFO | hi-lo.kernel-accessor : Fetching kernel: gaussian
2023-12-05 10:17:10,045 | INFO | hi-lo.gaussian-kernel : MU (LOCATION): 0.0 | SIGMA (SCALE): 1.0 | VARIANCE: 1.0
2023-12-05 10:17:10,045 | INFO | hi-lo.gaussian-kernel : BOTTOM-RIGHT
tensor([[0.0060, 0.0271, 0.0446],
        [0.0271, 0.1212, 0.1999],
        [0.0446, 0.1999, 0.3296]])
2023-12-05 10:17:10,046 | INFO | hi-lo.kernel-accessor : Fetching kernel: gaussian
2023-12-05 10:17:10,046 | INFO | hi-lo.gaussian-kernel : MU (LOCATION): 0.0 | SIGMA (SCALE): 1.0 | VARIANCE: 1.0
2023-12-05 10:17:10,046 | INFO | hi-lo.gaussian-kernel : TOP-LEFT
tensor([[0.3296, 0.1999, 0.0446],
        [0.1999, 0.1212, 0.0271],
        [0.0446, 0.0271, 0.0060]])
2023-12-05 10:17:34,805 | INFO | hi-lo : END EPOCH:   1 | ACCURACY: 1.56 | LOSS: 4.919885158538818
2023-12-05 10:17:34,806 | INFO | hi-lo : BEGIN EPOCH 2 =========================================================================
2023-12-05 10:17:34,806 | INFO | hi-lo.kernel-accessor : Fetching kernel: gaussian
2023-12-05 10:17:34,807 | INFO | hi-lo.gaussian-kernel : MU (LOCATION): -0.0744619220495224 | SIGMA (SCALE): 0.5306280851364136 | VARIANCE: 0.281566164735537
2023-12-05 10:17:34,807 | INFO | hi-lo.gaussian-kernel : BOTTOM-RIGHT
tensor([[1.8381e-07, 4.9301e-05, 3.7925e-04],
        [4.9301e-05, 1.3223e-02, 1.0172e-01],
        [3.7925e-04, 1.0172e-01, 7.8248e-01]])
2023-12-05 10:17:34,807 | INFO | hi-lo.kernel-accessor : Fetching kernel: gaussian
2023-12-05 10:17:34,808 | INFO | hi-lo.gaussian-kernel : MU (LOCATION): -0.291838139295578 | SIGMA (SCALE): 0.5872281193733215 | VARIANCE: 0.34483686418272796
2023-12-05 10:17:34,808 | INFO | hi-lo.gaussian-kernel : TOP-LEFT
tensor([[8.2466e-01, 8.2988e-02, 4.5956e-04],
        [8.2988e-02, 8.3514e-03, 4.6247e-05],
        [4.5956e-04, 4.6247e-05, 2.5610e-07]])
2023-12-05 10:17:34,808 | INFO | hi-lo.kernel-accessor : Fetching kernel: gaussian
2023-12-05 10:17:34,809 | INFO | hi-lo.gaussian-kernel : MU (LOCATION): -0.2794490456581116 | SIGMA (SCALE): 0.6475104689598083 | VARIANCE: 0.41926980741255093
2023-12-05 10:17:34,809 | INFO | hi-lo.gaussian-kernel : BOTTOM-RIGHT
tensor([[3.7269e-06, 2.5976e-04, 1.6670e-03],
        [2.5976e-04, 1.8104e-02, 1.1619e-01],
        [1.6670e-03, 1.1619e-01, 7.4566e-01]])
2023-12-05 10:17:34,810 | INFO | hi-lo.kernel-accessor : Fetching kernel: gaussian
2023-12-05 10:17:34,810 | INFO | hi-lo.gaussian-kernel : MU (LOCATION): -0.4260031282901764 | SIGMA (SCALE): 0.9797036051750183 | VARIANCE: 0.9598191539929282
2023-12-05 10:17:34,810 | INFO | hi-lo.gaussian-kernel : BOTTOM-RIGHT
tensor([[0.0013, 0.0095, 0.0250],
        [0.0095, 0.0708, 0.1858],
        [0.0250, 0.1858, 0.4875]])
2023-12-05 10:17:58,751 | INFO | hi-lo : END EPOCH:   2 | ACCURACY: 3.12 | LOSS: 4.648290634155273
2023-12-05 10:17:58,752 | INFO | hi-lo : BEGIN EPOCH 3 =========================================================================
2023-12-05 10:17:58,752 | INFO | hi-lo.kernel-accessor : Fetching kernel: gaussian
2023-12-05 10:17:58,752 | INFO | hi-lo.gaussian-kernel : MU (LOCATION): -0.10330801457166672 | SIGMA (SCALE): 0.5388141870498657 | VARIANCE: 0.2903207281662077
2023-12-05 10:17:58,753 | INFO | hi-lo.gaussian-kernel : TOP-LEFT
tensor([[7.8918e-01, 9.8783e-02, 3.9470e-04],
        [9.8783e-02, 1.2365e-02, 4.9406e-05],
        [3.9470e-04, 4.9406e-05, 1.9741e-07]])
2023-12-05 10:17:58,753 | INFO | hi-lo.kernel-accessor : Fetching kernel: gaussian
2023-12-05 10:17:58,754 | INFO | hi-lo.gaussian-kernel : MU (LOCATION): -0.47782811522483826 | SIGMA (SCALE): 0.8937605619430542 | VARIANCE: 0.798807942084764
2023-12-05 10:17:58,754 | INFO | hi-lo.gaussian-kernel : TOP-LEFT
tensor([[5.7502e-01, 1.6907e-01, 1.4215e-02],
        [1.6907e-01, 4.9709e-02, 4.1796e-03],
        [1.4215e-02, 4.1796e-03, 3.5142e-04]])
2023-12-05 10:17:58,754 | INFO | hi-lo.kernel-accessor : Fetching kernel: gaussian
2023-12-05 10:17:58,755 | INFO | hi-lo.gaussian-kernel : MU (LOCATION): -1.1432712078094482 | SIGMA (SCALE): 2.001847982406616 | VARIANCE: 4.00739534466544
2023-12-05 10:17:58,755 | INFO | hi-lo.gaussian-kernel : TOP-LEFT
tensor([[0.2483, 0.1648, 0.0852],
        [0.1648, 0.1094, 0.0565],
        [0.0852, 0.0565, 0.0292]])
2023-12-05 10:17:58,755 | INFO | hi-lo.kernel-accessor : Fetching kernel: gaussian
2023-12-05 10:17:58,756 | INFO | hi-lo.gaussian-kernel : MU (LOCATION): -0.934241533279419 | SIGMA (SCALE): 1.596137523651123 | VARIANCE: 2.5476549944071394
2023-12-05 10:17:58,756 | INFO | hi-lo.gaussian-kernel : BOTTOM-RIGHT
tensor([[0.0150, 0.0390, 0.0685],
        [0.0390, 0.1014, 0.1780],
        [0.0685, 0.1780, 0.3126]])
2023-12-05 10:18:22,636 | INFO | hi-lo : END EPOCH:   3 | ACCURACY: 3.12 | LOSS: 4.660951614379883
2023-12-05 10:18:22,636 | INFO | hi-lo : BEGIN EPOCH 4 =========================================================================
2023-12-05 10:18:22,636 | INFO | hi-lo.kernel-accessor : Fetching kernel: gaussian
2023-12-05 10:18:22,637 | INFO | hi-lo.gaussian-kernel : MU (LOCATION): -0.22241878509521484 | SIGMA (SCALE): 0.5434625744819641 | VARIANCE: 0.2953515698625644
2023-12-05 10:18:22,637 | INFO | hi-lo.gaussian-kernel : TOP-LEFT
tensor([[8.4649e-01, 7.3342e-02, 2.1511e-04],
        [7.3342e-02, 6.3546e-03, 1.8638e-05],
        [2.1511e-04, 1.8638e-05, 5.4662e-08]])
2023-12-05 10:18:22,637 | INFO | hi-lo.kernel-accessor : Fetching kernel: gaussian
2023-12-05 10:18:22,638 | INFO | hi-lo.gaussian-kernel : MU (LOCATION): -0.5652683973312378 | SIGMA (SCALE): 0.9099608063697815 | VARIANCE: 0.828028669129143
2023-12-05 10:18:22,638 | INFO | hi-lo.gaussian-kernel : TOP-LEFT
tensor([[5.9259e-01, 1.6369e-01, 1.3515e-02],
        [1.6369e-01, 4.5217e-02, 3.7333e-03],
        [1.3515e-02, 3.7333e-03, 3.0823e-04]])
2023-12-05 10:18:22,638 | INFO | hi-lo.kernel-accessor : Fetching kernel: gaussian
2023-12-05 10:18:22,639 | INFO | hi-lo.gaussian-kernel : MU (LOCATION): -1.1759816408157349 | SIGMA (SCALE): 1.5722285509109497 | VARIANCE: 2.4719026162995448
2023-12-05 10:18:22,639 | INFO | hi-lo.gaussian-kernel : TOP-LEFT
tensor([[0.3545, 0.1799, 0.0610],
        [0.1799, 0.0913, 0.0309],
        [0.0610, 0.0309, 0.0105]])
2023-12-05 10:18:22,639 | INFO | hi-lo.kernel-accessor : Fetching kernel: gaussian
2023-12-05 10:18:22,640 | INFO | hi-lo.gaussian-kernel : MU (LOCATION): -0.7351285815238953 | SIGMA (SCALE): 1.4946770668029785 | VARIANCE: 2.2340595340267555
2023-12-05 10:18:22,640 | INFO | hi-lo.gaussian-kernel : BOTTOM-RIGHT
tensor([[0.0140, 0.0381, 0.0663],
        [0.0381, 0.1037, 0.1802],
        [0.0663, 0.1802, 0.3132]])
2023-12-05 10:18:46,653 | INFO | hi-lo : END EPOCH:   4 | ACCURACY: 2.68 | LOSS: 4.595515251159668
2023-12-05 10:18:46,653 | INFO | hi-lo : BEGIN EPOCH 5 =========================================================================
2023-12-05 10:18:46,653 | INFO | hi-lo.kernel-accessor : Fetching kernel: gaussian
2023-12-05 10:18:46,654 | INFO | hi-lo.gaussian-kernel : MU (LOCATION): -0.29296445846557617 | SIGMA (SCALE): 0.4853013753890991 | VARIANCE: 0.2355174249545513
2023-12-05 10:18:46,655 | INFO | hi-lo.gaussian-kernel : TOP-LEFT
tensor([[9.3439e-01, 3.2233e-02, 1.5925e-05],
        [3.2233e-02, 1.1119e-03, 5.4934e-07],
        [1.5925e-05, 5.4934e-07, 2.7140e-10]])
2023-12-05 10:18:46,655 | INFO | hi-lo.kernel-accessor : Fetching kernel: gaussian
2023-12-05 10:18:46,655 | INFO | hi-lo.gaussian-kernel : MU (LOCATION): -0.6313460469245911 | SIGMA (SCALE): 0.9433594942092896 | VARIANCE: 0.8899271353148066
2023-12-05 10:18:46,656 | INFO | hi-lo.gaussian-kernel : BOTTOM-RIGHT
tensor([[3.8337e-04, 4.2048e-03, 1.4992e-02],
        [4.2048e-03, 4.6117e-02, 1.6443e-01],
        [1.4992e-02, 1.6443e-01, 5.8625e-01]])
2023-12-05 10:18:46,656 | INFO | hi-lo.kernel-accessor : Fetching kernel: gaussian
2023-12-05 10:18:46,656 | INFO | hi-lo.gaussian-kernel : MU (LOCATION): -1.1282985210418701 | SIGMA (SCALE): 2.1072440147399902 | VARIANCE: 4.440477337657512
2023-12-05 10:18:46,657 | INFO | hi-lo.gaussian-kernel : TOP-LEFT
tensor([[0.2319, 0.1607, 0.0889],
        [0.1607, 0.1114, 0.0616],
        [0.0889, 0.0616, 0.0341]])
2023-12-05 10:18:46,657 | INFO | hi-lo.kernel-accessor : Fetching kernel: gaussian
2023-12-05 10:18:46,657 | INFO | hi-lo.gaussian-kernel : MU (LOCATION): -0.7414477467536926 | SIGMA (SCALE): 1.3219496011734009 | VARIANCE: 1.7475507480425136
2023-12-05 10:18:46,658 | INFO | hi-lo.gaussian-kernel : TOP-LEFT
tensor([[0.3774, 0.1855, 0.0514],
        [0.1855, 0.0912, 0.0253],
        [0.0514, 0.0253, 0.0070]])
2023-12-05 10:19:10,610 | INFO | hi-lo : END EPOCH:   5 | ACCURACY: 0.78 | LOSS: 4.331645488739014
2023-12-05 10:19:10,611 | INFO | hi-lo : BEGIN EPOCH 6 =========================================================================
2023-12-05 10:19:10,611 | INFO | hi-lo.kernel-accessor : Fetching kernel: gaussian
2023-12-05 10:19:10,611 | INFO | hi-lo.gaussian-kernel : MU (LOCATION): -0.20281192660331726 | SIGMA (SCALE): 0.4526626169681549 | VARIANCE: 0.20490344480045852
2023-12-05 10:19:10,612 | INFO | hi-lo.gaussian-kernel : TOP-LEFT
tensor([[9.3823e-01, 3.0387e-02, 7.4743e-06],
        [3.0387e-02, 9.8418e-04, 2.4208e-07],
        [7.4743e-06, 2.4208e-07, 5.9543e-11]])
2023-12-05 10:19:10,612 | INFO | hi-lo.kernel-accessor : Fetching kernel: gaussian
2023-12-05 10:19:10,613 | INFO | hi-lo.gaussian-kernel : MU (LOCATION): -0.6720630526542664 | SIGMA (SCALE): 0.8004560470581055 | VARIANCE: 0.640729883271888
2023-12-05 10:19:10,613 | INFO | hi-lo.gaussian-kernel : TOP-LEFT
tensor([[7.3561e-01, 1.1809e-01, 3.9807e-03],
        [1.1809e-01, 1.8957e-02, 6.3902e-04],
        [3.9807e-03, 6.3902e-04, 2.1541e-05]])
2023-12-05 10:19:10,613 | INFO | hi-lo.kernel-accessor : Fetching kernel: gaussian
2023-12-05 10:19:10,614 | INFO | hi-lo.gaussian-kernel : MU (LOCATION): -0.8479357957839966 | SIGMA (SCALE): 1.3813929557800293 | VARIANCE: 1.908246498278686
2023-12-05 10:19:10,614 | INFO | hi-lo.gaussian-kernel : BOTTOM-RIGHT
tensor([[0.0078, 0.0265, 0.0538],
        [0.0265, 0.0908, 0.1840],
        [0.0538, 0.1840, 0.3729]])
2023-12-05 10:19:10,614 | INFO | hi-lo.kernel-accessor : Fetching kernel: gaussian
2023-12-05 10:19:10,615 | INFO | hi-lo.gaussian-kernel : MU (LOCATION): -0.7436471581459045 | SIGMA (SCALE): 1.347548246383667 | VARIANCE: 1.815886276331696
2023-12-05 10:19:10,615 | INFO | hi-lo.gaussian-kernel : BOTTOM-RIGHT
tensor([[0.0079, 0.0271, 0.0538],
        [0.0271, 0.0933, 0.1850],
        [0.0538, 0.1850, 0.3670]])
2023-12-05 10:19:34,660 | INFO | hi-lo : END EPOCH:   6 | ACCURACY: 0.21 | LOSS: 4.012131690979004
2023-12-05 10:19:34,661 | INFO | hi-lo : BEGIN EPOCH 7 =========================================================================
2023-12-05 10:19:34,661 | INFO | hi-lo.kernel-accessor : Fetching kernel: gaussian
2023-12-05 10:19:34,662 | INFO | hi-lo.gaussian-kernel : MU (LOCATION): -0.0574595183134079 | SIGMA (SCALE): 0.49074703454971313 | VARIANCE: 0.24083265191933734
2023-12-05 10:19:34,662 | INFO | hi-lo.gaussian-kernel : BOTTOM-RIGHT
tensor([[1.9515e-08, 1.2558e-05, 1.2712e-04],
        [1.2558e-05, 8.0818e-03, 8.1804e-02],
        [1.2712e-04, 8.1804e-02, 8.2803e-01]])
2023-12-05 10:19:34,662 | INFO | hi-lo.kernel-accessor : Fetching kernel: gaussian
2023-12-05 10:19:34,663 | INFO | hi-lo.gaussian-kernel : MU (LOCATION): -0.7058015465736389 | SIGMA (SCALE): 0.8475558161735535 | VARIANCE: 0.7183508615296184
2023-12-05 10:19:34,663 | INFO | hi-lo.gaussian-kernel : TOP-LEFT
tensor([[6.9992e-01, 1.3063e-01, 6.0602e-03],
        [1.3063e-01, 2.4381e-02, 1.1311e-03],
        [6.0602e-03, 1.1311e-03, 5.2472e-05]])
2023-12-05 10:19:34,663 | INFO | hi-lo.kernel-accessor : Fetching kernel: gaussian
2023-12-05 10:19:34,664 | INFO | hi-lo.gaussian-kernel : MU (LOCATION): -0.9440903663635254 | SIGMA (SCALE): 1.4831591844558716 | VARIANCE: 2.199761166435806
2023-12-05 10:19:34,664 | INFO | hi-lo.gaussian-kernel : TOP-LEFT
tensor([[0.3504, 0.1817, 0.0598],
        [0.1817, 0.0943, 0.0310],
        [0.0598, 0.0310, 0.0102]])
2023-12-05 10:19:34,664 | INFO | hi-lo.kernel-accessor : Fetching kernel: gaussian
2023-12-05 10:19:34,665 | INFO | hi-lo.gaussian-kernel : MU (LOCATION): -1.0622004270553589 | SIGMA (SCALE): 1.5835778713226318 | VARIANCE: 2.507718874542718
2023-12-05 10:19:34,665 | INFO | hi-lo.gaussian-kernel : BOTTOM-RIGHT
tensor([[0.0125, 0.0346, 0.0646],
        [0.0346, 0.0962, 0.1793],
        [0.0646, 0.1793, 0.3343]])
2023-12-05 10:19:58,668 | INFO | hi-lo : END EPOCH:   7 | ACCURACY: 1.95 | LOSS: 4.140690803527832
2023-12-05 10:19:58,668 | INFO | hi-lo : BEGIN EPOCH 8 =========================================================================
2023-12-05 10:19:58,668 | INFO | hi-lo.kernel-accessor : Fetching kernel: gaussian
2023-12-05 10:19:58,669 | INFO | hi-lo.gaussian-kernel : MU (LOCATION): -0.0658005103468895 | SIGMA (SCALE): 0.5006893277168274 | VARIANCE: 0.2506898028895286
2023-12-05 10:19:58,670 | INFO | hi-lo.gaussian-kernel : BOTTOM-RIGHT
tensor([[3.3714e-08, 1.7394e-05, 1.6619e-04],
        [1.7394e-05, 8.9742e-03, 8.5741e-02],
        [1.6619e-04, 8.5741e-02, 8.1918e-01]])
2023-12-05 10:19:58,670 | INFO | hi-lo.kernel-accessor : Fetching kernel: gaussian
2023-12-05 10:19:58,670 | INFO | hi-lo.gaussian-kernel : MU (LOCATION): -0.6248553991317749 | SIGMA (SCALE): 1.0462424755096436 | VARIANCE: 1.094623317560547
2023-12-05 10:19:58,671 | INFO | hi-lo.gaussian-kernel : BOTTOM-RIGHT
tensor([[0.0013, 0.0093, 0.0259],
        [0.0093, 0.0645, 0.1802],
        [0.0259, 0.1802, 0.5035]])
2023-12-05 10:19:58,671 | INFO | hi-lo.kernel-accessor : Fetching kernel: gaussian
2023-12-05 10:19:58,671 | INFO | hi-lo.gaussian-kernel : MU (LOCATION): -1.541938066482544 | SIGMA (SCALE): 2.612492084503174 | VARIANCE: 6.825114891591738
2023-12-05 10:19:58,672 | INFO | hi-lo.gaussian-kernel : TOP-LEFT
tensor([[0.2036, 0.1510, 0.0967],
        [0.1510, 0.1119, 0.0717],
        [0.0967, 0.0717, 0.0459]])
2023-12-05 10:19:58,672 | INFO | hi-lo.kernel-accessor : Fetching kernel: gaussian
2023-12-05 10:19:58,672 | INFO | hi-lo.gaussian-kernel : MU (LOCATION): -0.8830865025520325 | SIGMA (SCALE): 1.4962528944015503 | VARIANCE: 2.238772724005017
2023-12-05 10:19:58,673 | INFO | hi-lo.gaussian-kernel : TOP-LEFT
tensor([[0.3360, 0.1812, 0.0625],
        [0.1812, 0.0977, 0.0337],
        [0.0625, 0.0337, 0.0116]])
2023-12-05 10:20:22,641 | INFO | hi-lo : END EPOCH:   8 | ACCURACY: 1.79 | LOSS: 4.315577983856201
2023-12-05 10:20:22,641 | INFO | hi-lo : BEGIN EPOCH 9 =========================================================================
2023-12-05 10:20:22,641 | INFO | hi-lo.kernel-accessor : Fetching kernel: gaussian
2023-12-05 10:20:22,642 | INFO | hi-lo.gaussian-kernel : MU (LOCATION): -0.1039135754108429 | SIGMA (SCALE): 0.509283721446991 | VARIANCE: 0.2593699089308963
2023-12-05 10:20:22,643 | INFO | hi-lo.gaussian-kernel : BOTTOM-RIGHT
tensor([[3.3528e-08, 1.6257e-05, 1.6682e-04],
        [1.6257e-05, 7.8824e-03, 8.0884e-02],
        [1.6682e-04, 8.0884e-02, 8.2998e-01]])
2023-12-05 10:20:22,643 | INFO | hi-lo.kernel-accessor : Fetching kernel: gaussian
2023-12-05 10:20:22,644 | INFO | hi-lo.gaussian-kernel : MU (LOCATION): -0.6127901077270508 | SIGMA (SCALE): 0.9375388026237488 | VARIANCE: 0.8789790064251726
2023-12-05 10:20:22,644 | INFO | hi-lo.gaussian-kernel : TOP-LEFT
tensor([[5.8500e-01, 1.6494e-01, 1.4908e-02],
        [1.6494e-01, 4.6507e-02, 4.2035e-03],
        [1.4908e-02, 4.2035e-03, 3.7993e-04]])
2023-12-05 10:20:22,645 | INFO | hi-lo.kernel-accessor : Fetching kernel: gaussian
2023-12-05 10:20:22,645 | INFO | hi-lo.gaussian-kernel : MU (LOCATION): -1.2020237445831299 | SIGMA (SCALE): 1.8378021717071533 | VARIANCE: 3.377516822331529
2023-12-05 10:20:22,646 | INFO | hi-lo.gaussian-kernel : BOTTOM-RIGHT
tensor([[0.0209, 0.0466, 0.0772],
        [0.0466, 0.1038, 0.1717],
        [0.0772, 0.1717, 0.2843]])
2023-12-05 10:20:22,646 | INFO | hi-lo.kernel-accessor : Fetching kernel: gaussian
2023-12-05 10:20:22,647 | INFO | hi-lo.gaussian-kernel : MU (LOCATION): -0.7176876068115234 | SIGMA (SCALE): 1.4218093156814575 | VARIANCE: 2.0215417301585745
2023-12-05 10:20:22,647 | INFO | hi-lo.gaussian-kernel : BOTTOM-RIGHT
tensor([[0.0112, 0.0334, 0.0611],
        [0.0334, 0.1001, 0.1829],
        [0.0611, 0.1829, 0.3340]])
2023-12-05 10:20:46,654 | INFO | hi-lo : END EPOCH:   9 | ACCURACY: 0.94 | LOSS: 4.267649173736572
2023-12-05 10:20:46,654 | INFO | hi-lo : BEGIN EPOCH 10 =========================================================================
2023-12-05 10:20:46,655 | INFO | hi-lo.kernel-accessor : Fetching kernel: gaussian
2023-12-05 10:20:46,655 | INFO | hi-lo.gaussian-kernel : MU (LOCATION): -0.056438595056533813 | SIGMA (SCALE): 0.4907988905906677 | VARIANCE: 0.24088355100503023
2023-12-05 10:20:46,656 | INFO | hi-lo.gaussian-kernel : TOP-LEFT
tensor([[8.2732e-01, 8.2122e-02, 1.2833e-04],
        [8.2122e-02, 8.1516e-03, 1.2738e-05],
        [1.2833e-04, 1.2738e-05, 1.9905e-08]])
2023-12-05 10:20:46,656 | INFO | hi-lo.kernel-accessor : Fetching kernel: gaussian
2023-12-05 10:20:46,657 | INFO | hi-lo.gaussian-kernel : MU (LOCATION): -0.6817969083786011 | SIGMA (SCALE): 0.9549516439437866 | VARIANCE: 0.9119326422709406
2023-12-05 10:20:46,657 | INFO | hi-lo.gaussian-kernel : TOP-LEFT
tensor([[5.9294e-01, 1.6226e-01, 1.4830e-02],
        [1.6226e-01, 4.4400e-02, 4.0582e-03],
        [1.4830e-02, 4.0582e-03, 3.7093e-04]])
2023-12-05 10:20:46,657 | INFO | hi-lo.kernel-accessor : Fetching kernel: gaussian
2023-12-05 10:20:46,658 | INFO | hi-lo.gaussian-kernel : MU (LOCATION): -0.9640288352966309 | SIGMA (SCALE): 1.7683753967285156 | VARIANCE: 3.127151543754735
2023-12-05 10:20:46,658 | INFO | hi-lo.gaussian-kernel : TOP-LEFT
tensor([[0.2739, 0.1715, 0.0780],
        [0.1715, 0.1074, 0.0488],
        [0.0780, 0.0488, 0.0222]])
2023-12-05 10:20:46,658 | INFO | hi-lo.kernel-accessor : Fetching kernel: gaussian
2023-12-05 10:20:46,659 | INFO | hi-lo.gaussian-kernel : MU (LOCATION): -1.0985121726989746 | SIGMA (SCALE): 1.7218313217163086 | VARIANCE: 2.96470310044333
2023-12-05 10:20:46,659 | INFO | hi-lo.gaussian-kernel : BOTTOM-RIGHT
tensor([[0.0177, 0.0425, 0.0728],
        [0.0425, 0.1020, 0.1749],
        [0.0728, 0.1749, 0.2999]])
2023-12-05 10:21:10,717 | INFO | hi-lo : END EPOCH:  10 | ACCURACY: 1.56 | LOSS: 4.2198004722595215
2023-12-05 10:21:10,717 | INFO | hi-lo : BEGIN EPOCH 11 =========================================================================
2023-12-05 10:21:10,717 | INFO | hi-lo.kernel-accessor : Fetching kernel: gaussian
2023-12-05 10:21:10,718 | INFO | hi-lo.gaussian-kernel : MU (LOCATION): -0.13746409118175507 | SIGMA (SCALE): 0.5019769668579102 | VARIANCE: 0.25198087525586743
2023-12-05 10:21:10,718 | INFO | hi-lo.gaussian-kernel : TOP-LEFT
tensor([[8.5767e-01, 6.8334e-02, 1.0290e-04],
        [6.8334e-02, 5.4444e-03, 8.1987e-06],
        [1.0290e-04, 8.1987e-06, 1.2346e-08]])
2023-12-05 10:21:10,718 | INFO | hi-lo.kernel-accessor : Fetching kernel: gaussian
2023-12-05 10:21:10,719 | INFO | hi-lo.gaussian-kernel : MU (LOCATION): -0.5720443725585938 | SIGMA (SCALE): 0.9409778714179993 | VARIANCE: 0.8854393544983488
2023-12-05 10:21:10,719 | INFO | hi-lo.gaussian-kernel : BOTTOM-RIGHT
tensor([[4.6797e-04, 4.8587e-03, 1.6306e-02],
        [4.8587e-03, 5.0446e-02, 1.6930e-01],
        [1.6306e-02, 1.6930e-01, 5.6816e-01]])
2023-12-05 10:21:10,719 | INFO | hi-lo.kernel-accessor : Fetching kernel: gaussian
2023-12-05 10:21:10,719 | INFO | hi-lo.gaussian-kernel : MU (LOCATION): -1.26016366481781 | SIGMA (SCALE): 1.969805121421814 | VARIANCE: 3.8801322163796073
2023-12-05 10:21:10,719 | INFO | hi-lo.gaussian-kernel : TOP-LEFT
tensor([[0.2637, 0.1676, 0.0823],
        [0.1676, 0.1064, 0.0523],
        [0.0823, 0.0523, 0.0257]])
2023-12-05 10:21:10,720 | INFO | hi-lo.kernel-accessor : Fetching kernel: gaussian
2023-12-05 10:21:10,720 | INFO | hi-lo.gaussian-kernel : MU (LOCATION): -1.1433780193328857 | SIGMA (SCALE): 1.8152084350585938 | VARIANCE: 3.294981662707869
2023-12-05 10:21:10,720 | INFO | hi-lo.gaussian-kernel : BOTTOM-RIGHT
tensor([[0.0210, 0.0468, 0.0771],
        [0.0468, 0.1044, 0.1719],
        [0.0771, 0.1719, 0.2831]])
2023-12-05 10:21:34,730 | INFO | hi-lo : END EPOCH:  11 | ACCURACY: 6.25 | LOSS: 4.474186420440674
2023-12-05 10:21:34,730 | INFO | hi-lo : BEGIN EPOCH 12 =========================================================================
2023-12-05 10:21:34,731 | INFO | hi-lo.kernel-accessor : Fetching kernel: gaussian
2023-12-05 10:21:34,731 | INFO | hi-lo.gaussian-kernel : MU (LOCATION): -0.02794339321553707 | SIGMA (SCALE): 0.5063022375106812 | VARIANCE: 0.2563419557083222
2023-12-05 10:21:34,732 | INFO | hi-lo.gaussian-kernel : TOP-LEFT
tensor([[7.8615e-01, 1.0024e-01, 2.5848e-04],
        [1.0024e-01, 1.2783e-02, 3.2959e-05],
        [2.5848e-04, 3.2959e-05, 8.4984e-08]])
2023-12-05 10:21:34,732 | INFO | hi-lo.kernel-accessor : Fetching kernel: gaussian
2023-12-05 10:21:34,732 | INFO | hi-lo.gaussian-kernel : MU (LOCATION): -0.6405048370361328 | SIGMA (SCALE): 1.0225756168365479 | VARIANCE: 1.0456608921486463
2023-12-05 10:21:34,733 | INFO | hi-lo.gaussian-kernel : TOP-LEFT
tensor([[0.5256, 0.1766, 0.0228],
        [0.1766, 0.0593, 0.0077],
        [0.0228, 0.0077, 0.0010]])
2023-12-05 10:21:34,733 | INFO | hi-lo.kernel-accessor : Fetching kernel: gaussian
2023-12-05 10:21:34,733 | INFO | hi-lo.gaussian-kernel : MU (LOCATION): -1.2197353839874268 | SIGMA (SCALE): 2.1818063259124756 | VARIANCE: 4.760278843791696
2023-12-05 10:21:34,734 | INFO | hi-lo.gaussian-kernel : TOP-LEFT
tensor([[0.2289, 0.1595, 0.0901],
        [0.1595, 0.1111, 0.0628],
        [0.0901, 0.0628, 0.0354]])
2023-12-05 10:21:34,734 | INFO | hi-lo.kernel-accessor : Fetching kernel: gaussian
2023-12-05 10:21:34,735 | INFO | hi-lo.gaussian-kernel : MU (LOCATION): -0.8753494620323181 | SIGMA (SCALE): 1.4966497421264648 | VARIANCE: 2.2399604506072137
2023-12-05 10:21:34,735 | INFO | hi-lo.gaussian-kernel : TOP-LEFT
tensor([[0.3347, 0.1811, 0.0627],
        [0.1811, 0.0980, 0.0339],
        [0.0627, 0.0339, 0.0118]])
2023-12-05 10:21:58,771 | INFO | hi-lo : END EPOCH:  12 | ACCURACY: 0.81 | LOSS: 4.208206653594971
2023-12-05 10:21:58,771 | INFO | hi-lo : BEGIN EPOCH 13 =========================================================================
2023-12-05 10:21:58,771 | INFO | hi-lo.kernel-accessor : Fetching kernel: gaussian
2023-12-05 10:21:58,772 | INFO | hi-lo.gaussian-kernel : MU (LOCATION): -0.1966361105442047 | SIGMA (SCALE): 0.46311911940574646 | VARIANCE: 0.21447931875915405
2023-12-05 10:21:58,773 | INFO | hi-lo.gaussian-kernel : BOTTOM-RIGHT
tensor([[1.8824e-10, 5.1309e-07, 1.3207e-05],
        [5.1309e-07, 1.3985e-03, 3.5998e-02],
        [1.3207e-05, 3.5998e-02, 9.2658e-01]])
2023-12-05 10:21:58,773 | INFO | hi-lo.kernel-accessor : Fetching kernel: gaussian
2023-12-05 10:21:58,773 | INFO | hi-lo.gaussian-kernel : MU (LOCATION): -0.5983914732933044 | SIGMA (SCALE): 0.8769708871841431 | VARIANCE: 0.769077936968543
2023-12-05 10:21:58,774 | INFO | hi-lo.gaussian-kernel : TOP-LEFT
tensor([[6.3450e-01, 1.5212e-01, 9.9364e-03],
        [1.5212e-01, 3.6469e-02, 2.3822e-03],
        [9.9364e-03, 2.3822e-03, 1.5560e-04]])
2023-12-05 10:21:58,774 | INFO | hi-lo.kernel-accessor : Fetching kernel: gaussian
2023-12-05 10:21:58,774 | INFO | hi-lo.gaussian-kernel : MU (LOCATION): -1.0835785865783691 | SIGMA (SCALE): 1.805035948753357 | VARIANCE: 3.2581547762919314
2023-12-05 10:21:58,775 | INFO | hi-lo.gaussian-kernel : TOP-LEFT
tensor([[0.2789, 0.1716, 0.0776],
        [0.1716, 0.1055, 0.0478],
        [0.0776, 0.0478, 0.0216]])
2023-12-05 10:21:58,775 | INFO | hi-lo.kernel-accessor : Fetching kernel: gaussian
2023-12-05 10:21:58,775 | INFO | hi-lo.gaussian-kernel : MU (LOCATION): -0.9309701919555664 | SIGMA (SCALE): 1.7243741750717163 | VARIANCE: 2.973466295654262
2023-12-05 10:21:58,776 | INFO | hi-lo.gaussian-kernel : TOP-LEFT
tensor([[0.2797, 0.1729, 0.0763],
        [0.1729, 0.1068, 0.0472],
        [0.0763, 0.0472, 0.0208]])
2023-12-05 10:22:22,804 | INFO | hi-lo : END EPOCH:  13 | ACCURACY: 3.12 | LOSS: 4.280729293823242
2023-12-05 10:22:22,805 | INFO | hi-lo : BEGIN EPOCH 14 =========================================================================
2023-12-05 10:22:22,805 | INFO | hi-lo.kernel-accessor : Fetching kernel: gaussian
2023-12-05 10:22:22,806 | INFO | hi-lo.gaussian-kernel : MU (LOCATION): -0.05770190805196762 | SIGMA (SCALE): 0.4937029480934143 | VARIANCE: 0.24374260095612854
2023-12-05 10:22:22,806 | INFO | hi-lo.gaussian-kernel : TOP-LEFT
tensor([[8.2400e-01, 8.3604e-02, 1.4020e-04],
        [8.3604e-02, 8.4826e-03, 1.4225e-05],
        [1.4020e-04, 1.4225e-05, 2.3855e-08]])
2023-12-05 10:22:22,806 | INFO | hi-lo.kernel-accessor : Fetching kernel: gaussian
2023-12-05 10:22:22,807 | INFO | hi-lo.gaussian-kernel : MU (LOCATION): -0.5781118869781494 | SIGMA (SCALE): 0.9656860828399658 | VARIANCE: 0.9325496105907973
2023-12-05 10:22:22,807 | INFO | hi-lo.gaussian-kernel : BOTTOM-RIGHT
tensor([[0.0006, 0.0059, 0.0186],
        [0.0059, 0.0545, 0.1730],
        [0.0186, 0.1730, 0.5498]])
2023-12-05 10:22:22,807 | INFO | hi-lo.kernel-accessor : Fetching kernel: gaussian
2023-12-05 10:22:22,808 | INFO | hi-lo.gaussian-kernel : MU (LOCATION): -1.3165717124938965 | SIGMA (SCALE): 2.0823678970336914 | VARIANCE: 4.336256058596518
2023-12-05 10:22:22,808 | INFO | hi-lo.gaussian-kernel : BOTTOM-RIGHT
tensor([[0.0295, 0.0564, 0.0858],
        [0.0564, 0.1080, 0.1642],
        [0.0858, 0.1642, 0.2497]])
2023-12-05 10:22:22,808 | INFO | hi-lo.kernel-accessor : Fetching kernel: gaussian
2023-12-05 10:22:22,809 | INFO | hi-lo.gaussian-kernel : MU (LOCATION): -0.9302603602409363 | SIGMA (SCALE): 1.697356104850769 | VARIANCE: 2.881017746674175
2023-12-05 10:22:22,809 | INFO | hi-lo.gaussian-kernel : BOTTOM-RIGHT
tensor([[0.0196, 0.0456, 0.0748],
        [0.0456, 0.1059, 0.1740],
        [0.0748, 0.1740, 0.2858]])
2023-12-05 10:22:46,798 | INFO | hi-lo : END EPOCH:  14 | ACCURACY: 1.56 | LOSS: 4.732935428619385
2023-12-05 10:22:46,799 | INFO | hi-lo : BEGIN EPOCH 15 =========================================================================
2023-12-05 10:22:46,799 | INFO | hi-lo.kernel-accessor : Fetching kernel: gaussian
2023-12-05 10:22:46,799 | INFO | hi-lo.gaussian-kernel : MU (LOCATION): -0.16517198085784912 | SIGMA (SCALE): 0.4488280713558197 | VARIANCE: 0.20144663763698478
2023-12-05 10:22:46,800 | INFO | hi-lo.gaussian-kernel : BOTTOM-RIGHT
tensor([[8.3313e-11, 3.2406e-07, 8.8035e-06],
        [3.2406e-07, 1.2605e-03, 3.4242e-02],
        [8.8035e-06, 3.4242e-02, 9.3024e-01]])
2023-12-05 10:22:46,800 | INFO | hi-lo.kernel-accessor : Fetching kernel: gaussian
2023-12-05 10:22:46,801 | INFO | hi-lo.gaussian-kernel : MU (LOCATION): -0.5774532556533813 | SIGMA (SCALE): 0.9345137476921082 | VARIANCE: 0.8733159446255492
2023-12-05 10:22:46,801 | INFO | hi-lo.gaussian-kernel : TOP-LEFT
tensor([[5.7551e-01, 1.6759e-01, 1.5529e-02],
        [1.6759e-01, 4.8801e-02, 4.5219e-03],
        [1.5529e-02, 4.5219e-03, 4.1901e-04]])
2023-12-05 10:22:46,801 | INFO | hi-lo.kernel-accessor : Fetching kernel: gaussian
2023-12-05 10:22:46,802 | INFO | hi-lo.gaussian-kernel : MU (LOCATION): -1.358056902885437 | SIGMA (SCALE): 2.324571132659912 | VARIANCE: 5.403630950795787
2023-12-05 10:22:46,802 | INFO | hi-lo.gaussian-kernel : TOP-LEFT
tensor([[0.2211, 0.1567, 0.0924],
        [0.1567, 0.1111, 0.0655],
        [0.0924, 0.0655, 0.0386]])
2023-12-05 10:22:46,802 | INFO | hi-lo.kernel-accessor : Fetching kernel: gaussian
2023-12-05 10:22:46,803 | INFO | hi-lo.gaussian-kernel : MU (LOCATION): -0.7115157842636108 | SIGMA (SCALE): 1.308631181716919 | VARIANCE: 1.7125155697618197
2023-12-05 10:22:46,803 | INFO | hi-lo.gaussian-kernel : BOTTOM-RIGHT
tensor([[0.0069, 0.0252, 0.0511],
        [0.0252, 0.0916, 0.1859],
        [0.0511, 0.1859, 0.3771]])
2023-12-05 10:23:10,852 | INFO | hi-lo : END EPOCH:  15 | ACCURACY: 2.34 | LOSS: 4.223544120788574
2023-12-05 10:23:10,853 | INFO | hi-lo : BEGIN EPOCH 16 =========================================================================
2023-12-05 10:23:10,853 | INFO | hi-lo.kernel-accessor : Fetching kernel: gaussian
2023-12-05 10:23:10,854 | INFO | hi-lo.gaussian-kernel : MU (LOCATION): -0.13991539180278778 | SIGMA (SCALE): 0.4826950430870056 | VARIANCE: 0.2329945046207662
2023-12-05 10:23:10,854 | INFO | hi-lo.gaussian-kernel : BOTTOM-RIGHT
tensor([[2.7982e-09, 3.1888e-06, 4.9706e-05],
        [3.1888e-06, 3.6340e-03, 5.6645e-02],
        [4.9706e-05, 5.6645e-02, 8.8297e-01]])
2023-12-05 10:23:10,854 | INFO | hi-lo.kernel-accessor : Fetching kernel: gaussian
2023-12-05 10:23:10,855 | INFO | hi-lo.gaussian-kernel : MU (LOCATION): -0.6693770885467529 | SIGMA (SCALE): 1.0323857069015503 | VARIANCE: 1.0658202478146137
2023-12-05 10:23:10,855 | INFO | hi-lo.gaussian-kernel : BOTTOM-RIGHT
tensor([[0.0010, 0.0077, 0.0230],
        [0.0077, 0.0587, 0.1759],
        [0.0230, 0.1759, 0.5271]])
2023-12-05 10:23:10,855 | INFO | hi-lo.kernel-accessor : Fetching kernel: gaussian
2023-12-05 10:23:10,856 | INFO | hi-lo.gaussian-kernel : MU (LOCATION): -1.3137539625167847 | SIGMA (SCALE): 2.1710104942321777 | VARIANCE: 4.713286566066245
2023-12-05 10:23:10,856 | INFO | hi-lo.gaussian-kernel : TOP-LEFT
tensor([[0.2367, 0.1611, 0.0887],
        [0.1611, 0.1097, 0.0604],
        [0.0887, 0.0604, 0.0332]])
2023-12-05 10:23:10,856 | INFO | hi-lo.kernel-accessor : Fetching kernel: gaussian
2023-12-05 10:23:10,857 | INFO | hi-lo.gaussian-kernel : MU (LOCATION): -1.0578160285949707 | SIGMA (SCALE): 1.6504534482955933 | VARIANCE: 2.7239965849908145
2023-12-05 10:23:10,857 | INFO | hi-lo.gaussian-kernel : TOP-LEFT
tensor([[0.3138, 0.1771, 0.0693],
        [0.1771, 0.1000, 0.0391],
        [0.0693, 0.0391, 0.0153]])
2023-12-05 10:23:34,860 | INFO | hi-lo : END EPOCH:  16 | ACCURACY: 2.34 | LOSS: 4.224654197692871
2023-12-05 10:23:34,860 | INFO | hi-lo : BEGIN EPOCH 17 =========================================================================
2023-12-05 10:23:34,860 | INFO | hi-lo.kernel-accessor : Fetching kernel: gaussian
2023-12-05 10:23:34,861 | INFO | hi-lo.gaussian-kernel : MU (LOCATION): -0.10670651495456696 | SIGMA (SCALE): 0.4845569431781769 | VARIANCE: 0.23479543118217894
2023-12-05 10:23:34,862 | INFO | hi-lo.gaussian-kernel : TOP-LEFT
tensor([[8.6444e-01, 6.5242e-02, 6.9606e-05],
        [6.5242e-02, 4.9240e-03, 5.2534e-06],
        [6.9606e-05, 5.2534e-06, 5.6048e-09]])
2023-12-05 10:23:34,862 | INFO | hi-lo.kernel-accessor : Fetching kernel: gaussian
2023-12-05 10:23:34,862 | INFO | hi-lo.gaussian-kernel : MU (LOCATION): -0.6130466461181641 | SIGMA (SCALE): 0.9622870683670044 | VARIANCE: 0.9259964019463638
2023-12-05 10:23:34,863 | INFO | hi-lo.gaussian-kernel : TOP-LEFT
tensor([[5.6424e-01, 1.6961e-01, 1.7315e-02],
        [1.6961e-01, 5.0982e-02, 5.2047e-03],
        [1.7315e-02, 5.2047e-03, 5.3134e-04]])
2023-12-05 10:23:34,863 | INFO | hi-lo.kernel-accessor : Fetching kernel: gaussian
2023-12-05 10:23:34,863 | INFO | hi-lo.gaussian-kernel : MU (LOCATION): -1.2802034616470337 | SIGMA (SCALE): 2.116380214691162 | VARIANCE: 4.479065213136209
2023-12-05 10:23:34,864 | INFO | hi-lo.gaussian-kernel : BOTTOM-RIGHT
tensor([[0.0316, 0.0587, 0.0874],
        [0.0587, 0.1092, 0.1626],
        [0.0874, 0.1626, 0.2419]])
2023-12-05 10:23:34,864 | INFO | hi-lo.kernel-accessor : Fetching kernel: gaussian
2023-12-05 10:23:34,864 | INFO | hi-lo.gaussian-kernel : MU (LOCATION): -1.1065741777420044 | SIGMA (SCALE): 1.7545362710952759 | VARIANCE: 3.0783975265889154
2023-12-05 10:23:34,865 | INFO | hi-lo.gaussian-kernel : TOP-LEFT
tensor([[0.2929, 0.1738, 0.0745],
        [0.1738, 0.1031, 0.0442],
        [0.0745, 0.0442, 0.0190]])
2023-12-05 10:23:58,828 | INFO | hi-lo : END EPOCH:  17 | ACCURACY: 1.74 | LOSS: 3.9545352458953857
2023-12-05 10:23:58,828 | INFO | hi-lo : BEGIN EPOCH 18 =========================================================================
2023-12-05 10:23:58,828 | INFO | hi-lo.kernel-accessor : Fetching kernel: gaussian
2023-12-05 10:23:58,829 | INFO | hi-lo.gaussian-kernel : MU (LOCATION): -0.2564612627029419 | SIGMA (SCALE): 0.44044798612594604 | VARIANCE: 0.19399442848240156
2023-12-05 10:23:58,829 | INFO | hi-lo.gaussian-kernel : TOP-LEFT
tensor([[9.6069e-01, 1.9458e-02, 2.2746e-06],
        [1.9458e-02, 3.9410e-04, 4.6071e-08],
        [2.2746e-06, 4.6071e-08, 5.3857e-12]])
2023-12-05 10:23:58,830 | INFO | hi-lo.kernel-accessor : Fetching kernel: gaussian
2023-12-05 10:23:58,830 | INFO | hi-lo.gaussian-kernel : MU (LOCATION): -0.677028238773346 | SIGMA (SCALE): 0.9187505841255188 | VARIANCE: 0.844102635830982
2023-12-05 10:23:58,830 | INFO | hi-lo.gaussian-kernel : TOP-LEFT
tensor([[6.2315e-01, 1.5453e-01, 1.1720e-02],
        [1.5453e-01, 3.8320e-02, 2.9062e-03],
        [1.1720e-02, 2.9062e-03, 2.2041e-04]])
2023-12-05 10:23:58,831 | INFO | hi-lo.kernel-accessor : Fetching kernel: gaussian
2023-12-05 10:23:58,831 | INFO | hi-lo.gaussian-kernel : MU (LOCATION): -1.0543859004974365 | SIGMA (SCALE): 1.7447474002838135 | VARIANCE: 3.0441434907971257
2023-12-05 10:23:58,832 | INFO | hi-lo.gaussian-kernel : BOTTOM-RIGHT
tensor([[0.0194, 0.0450, 0.0750],
        [0.0450, 0.1042, 0.1736],
        [0.0750, 0.1736, 0.2892]])
2023-12-05 10:23:58,832 | INFO | hi-lo.kernel-accessor : Fetching kernel: gaussian
2023-12-05 10:23:58,832 | INFO | hi-lo.gaussian-kernel : MU (LOCATION): -1.057218074798584 | SIGMA (SCALE): 1.7096515893936157 | VARIANCE: 2.9229085571161164
2023-12-05 10:23:58,833 | INFO | hi-lo.gaussian-kernel : TOP-LEFT
tensor([[0.2981, 0.1750, 0.0729],
        [0.1750, 0.1027, 0.0428],
        [0.0729, 0.0428, 0.0178]])
2023-12-05 10:24:22,873 | INFO | hi-lo : END EPOCH:  18 | ACCURACY: 0.67 | LOSS: 3.980720281600952
2023-12-05 10:24:22,873 | INFO | hi-lo : BEGIN EPOCH 19 =========================================================================
2023-12-05 10:24:22,873 | INFO | hi-lo.kernel-accessor : Fetching kernel: gaussian
2023-12-05 10:24:22,874 | INFO | hi-lo.gaussian-kernel : MU (LOCATION): -0.09251587837934494 | SIGMA (SCALE): 0.5088075995445251 | VARIANCE: 0.25888517335426187
2023-12-05 10:24:22,875 | INFO | hi-lo.gaussian-kernel : BOTTOM-RIGHT
tensor([[3.8452e-08, 1.8049e-05, 1.7800e-04],
        [1.8049e-05, 8.4720e-03, 8.3553e-02],
        [1.7800e-04, 8.3553e-02, 8.2403e-01]])
2023-12-05 10:24:22,875 | INFO | hi-lo.kernel-accessor : Fetching kernel: gaussian
2023-12-05 10:24:22,875 | INFO | hi-lo.gaussian-kernel : MU (LOCATION): -0.6608408093452454 | SIGMA (SCALE): 0.9715140461921692 | VARIANCE: 0.9438395419486802
2023-12-05 10:24:22,876 | INFO | hi-lo.gaussian-kernel : BOTTOM-RIGHT
tensor([[5.0203e-04, 4.9546e-03, 1.6949e-02],
        [4.9546e-03, 4.8898e-02, 1.6728e-01],
        [1.6949e-02, 1.6728e-01, 5.7224e-01]])
2023-12-05 10:24:22,876 | INFO | hi-lo.kernel-accessor : Fetching kernel: gaussian
2023-12-05 10:24:22,876 | INFO | hi-lo.gaussian-kernel : MU (LOCATION): -1.377429485321045 | SIGMA (SCALE): 2.1444597244262695 | VARIANCE: 4.598707509686392
2023-12-05 10:24:22,877 | INFO | hi-lo.gaussian-kernel : BOTTOM-RIGHT
tensor([[0.0310, 0.0579, 0.0871],
        [0.0579, 0.1083, 0.1629],
        [0.0871, 0.1629, 0.2450]])
2023-12-05 10:24:22,877 | INFO | hi-lo.kernel-accessor : Fetching kernel: gaussian
2023-12-05 10:24:22,878 | INFO | hi-lo.gaussian-kernel : MU (LOCATION): -1.055208444595337 | SIGMA (SCALE): 1.7006356716156006 | VARIANCE: 2.892161687571445
2023-12-05 10:24:22,878 | INFO | hi-lo.gaussian-kernel : BOTTOM-RIGHT
tensor([[0.0175, 0.0423, 0.0724],
        [0.0423, 0.1024, 0.1753],
        [0.0724, 0.1753, 0.3001]])
2023-12-05 10:24:46,898 | INFO | hi-lo : END EPOCH:  19 | ACCURACY: 1.88 | LOSS: 3.9586598873138428
2023-12-05 10:24:46,898 | INFO | hi-lo : BEGIN EPOCH 20 =========================================================================
2023-12-05 10:24:46,898 | INFO | hi-lo.kernel-accessor : Fetching kernel: gaussian
2023-12-05 10:24:46,899 | INFO | hi-lo.gaussian-kernel : MU (LOCATION): 0.019048895686864853 | SIGMA (SCALE): 0.4836748242378235 | VARIANCE: 0.23394133560148944
2023-12-05 10:24:46,900 | INFO | hi-lo.gaussian-kernel : BOTTOM-RIGHT
tensor([[4.0829e-08, 2.2922e-05, 1.7910e-04],
        [2.2922e-05, 1.2868e-02, 1.0055e-01],
        [1.7910e-04, 1.0055e-01, 7.8563e-01]])
2023-12-05 10:24:46,900 | INFO | hi-lo.kernel-accessor : Fetching kernel: gaussian
2023-12-05 10:24:46,900 | INFO | hi-lo.gaussian-kernel : MU (LOCATION): -0.5496101975440979 | SIGMA (SCALE): 1.089992880821228 | VARIANCE: 1.1880844802409598
2023-12-05 10:24:46,901 | INFO | hi-lo.gaussian-kernel : TOP-LEFT
tensor([[0.4523, 0.1869, 0.0333],
        [0.1869, 0.0773, 0.0138],
        [0.0333, 0.0138, 0.0025]])
2023-12-05 10:24:46,901 | INFO | hi-lo.kernel-accessor : Fetching kernel: gaussian
