2023-10-12 15:26:55,416 | INFO | hi-lo : 
+=========================================================================+
|  ______     ______   ______    ___         ___        ______   _______  |
| /| ___ \  // ____ \ /| ___ \  /| |        /| |      // ____ \ /| ___  \ |
| /| |//\ \ /| |//| | /| |//\ \ /| |        /| |      /| |//| | /| |//| | |
| /| | /| | /| ____ | /| | /| | /| |        /| |      /| ____ | /| ___  / |
| /| |_// / /| |//| | /| |_// / /| |____    /| |____  /| |//| | /| |//\ \ |
| /|_____/  /|_| /|_| /|_____/  /|______|   /|______| /|_| /|_| /|______/ |
| ///////   ///  ///  //////    ////////    ////////  ///  ///  ////////  |
+=========================================================================+
|                  Hi-Lo Resolution Image Classification                  |
|                  -------------------------------------                  |
|                            Gabriel C. Trahan                            |
|                               Sahan Ahmad                               |
|                            MD  Aminual Islam                            |
+=========================================================================+
| MODEL:                      normal | LR:                            0.1 |
| DISTRO:                     gumbel | KERNEL TYPE:                    12 |
| DATASET:                  cifar100 | BATCH SIZE:                     64 |
+=========================================================================+
2023-10-12 15:26:55,416 | INFO | hi-lo : Output directory: output/gumbel//12/normal/cifar100/20231012_152655
2023-10-12 15:26:55,416 | INFO | hi-lo.dataset-accessor : Fetching dataset: cifar100
2023-10-12 15:26:55,416 | INFO | hi-lo.cifar100-dataset : Initializing transform.
2023-10-12 15:26:55,416 | INFO | hi-lo.cifar100-dataset : Verifying/downloading train data.
2023-10-12 15:26:56,021 | INFO | hi-lo.cifar100-dataset : Verifying/downloading test data.
2023-10-12 15:26:56,503 | INFO | hi-lo.cifar100-dataset : Creating train data loader.
2023-10-12 15:26:56,503 | INFO | hi-lo.cifar100-dataset : Creating test data loader.
2023-10-12 15:26:57,500 | INFO | hi-lo : Using device: NVIDIA GeForce GTX 1060 6GB
2023-10-12 15:26:57,500 | INFO | hi-lo : Commencing training phase...
2023-10-12 15:26:57,501 | INFO | hi-lo : BEGIN EPOCH 1 =========================================================================
2023-10-12 15:26:57,501 | INFO | hi-lo.kernel-accessor : Fetching kernel: gumbel
2023-10-12 15:26:57,502 | INFO | hi-lo.gumbel-kernel : MU (LOCATION): 0.0 | BETA (SCALE): 1.0
2023-10-12 15:26:57,503 | INFO | hi-lo.gumbel-kernel : BOTTOM-RIGHT
tensor([[8.5377e-26, 2.2609e-10, 2.0072e-04],
        [2.2609e-10, 2.0072e-04, 5.8259e-02],
        [2.0072e-04, 5.8259e-02, 8.8288e-01]])
2023-10-12 15:26:57,503 | INFO | hi-lo.kernel-accessor : Fetching kernel: gumbel
2023-10-12 15:26:57,503 | INFO | hi-lo.gumbel-kernel : MU (LOCATION): 1 | BETA (SCALE): 1
2023-10-12 15:26:57,503 | INFO | hi-lo.gumbel-kernel : STATIC
tensor([[5.6765e-01, 1.6550e-01, 3.2357e-02],
        [1.6550e-01, 3.2357e-02, 2.1352e-03],
        [3.2357e-02, 2.1352e-03, 7.3562e-06]])
2023-10-12 15:26:57,503 | INFO | hi-lo.kernel-accessor : Fetching kernel: gumbel
2023-10-12 15:26:57,504 | INFO | hi-lo.gumbel-kernel : MU (LOCATION): 0.0 | BETA (SCALE): 1.0
2023-10-12 15:26:57,504 | INFO | hi-lo.gumbel-kernel : BOTTOM-LEFT
tensor([[2.0072e-04, 2.2609e-10, 8.5377e-26],
        [5.8259e-02, 2.0072e-04, 2.2609e-10],
        [8.8288e-01, 5.8259e-02, 2.0072e-04]])
2023-10-12 15:26:57,504 | INFO | hi-lo.kernel-accessor : Fetching kernel: gumbel
2023-10-12 15:26:57,504 | INFO | hi-lo.gumbel-kernel : MU (LOCATION): 0.0 | BETA (SCALE): 1.0
2023-10-12 15:26:57,504 | INFO | hi-lo.gumbel-kernel : BOTTOM-RIGHT
tensor([[8.5377e-26, 2.2609e-10, 2.0072e-04],
        [2.2609e-10, 2.0072e-04, 5.8259e-02],
        [2.0072e-04, 5.8259e-02, 8.8288e-01]])
2023-10-12 15:27:06,829 | INFO | hi-lo : END EPOCH:   1 | ACCURACY: 40.62 | LOSS: 1.8602741956710815
2023-10-12 15:27:06,829 | INFO | hi-lo : BEGIN EPOCH 2 =========================================================================
2023-10-12 15:27:06,830 | INFO | hi-lo.kernel-accessor : Fetching kernel: gumbel
2023-10-12 15:27:06,830 | INFO | hi-lo.gumbel-kernel : MU (LOCATION): 1 | BETA (SCALE): 1
2023-10-12 15:27:06,831 | INFO | hi-lo.gumbel-kernel : STATIC
tensor([[5.6765e-01, 1.6550e-01, 3.2357e-02],
        [1.6550e-01, 3.2357e-02, 2.1352e-03],
        [3.2357e-02, 2.1352e-03, 7.3562e-06]])
2023-10-12 15:27:06,831 | INFO | hi-lo.kernel-accessor : Fetching kernel: gumbel
2023-10-12 15:27:06,831 | INFO | hi-lo.gumbel-kernel : MU (LOCATION): -1.0363627672195435 | BETA (SCALE): 1.4574828147888184
2023-10-12 15:27:06,832 | INFO | hi-lo.gumbel-kernel : BOTTOM-LEFT
tensor([[1.2465e-06, 6.2466e-14, 3.9052e-28],
        [8.3067e-03, 1.2465e-06, 6.2466e-14],
        [9.8338e-01, 8.3067e-03, 1.2465e-06]])
2023-10-12 15:27:06,832 | INFO | hi-lo.kernel-accessor : Fetching kernel: gumbel
2023-10-12 15:27:06,833 | INFO | hi-lo.gumbel-kernel : MU (LOCATION): -2.9558582305908203 | BETA (SCALE): 8.826552391052246
2023-10-12 15:27:06,833 | INFO | hi-lo.gumbel-kernel : BOTTOM-RIGHT
tensor([[0.0439, 0.0684, 0.1028],
        [0.0684, 0.1028, 0.1496],
        [0.1028, 0.1496, 0.2118]])
2023-10-12 15:27:06,833 | INFO | hi-lo.kernel-accessor : Fetching kernel: gumbel
2023-10-12 15:27:06,834 | INFO | hi-lo.gumbel-kernel : MU (LOCATION): 1 | BETA (SCALE): 1
2023-10-12 15:27:06,834 | INFO | hi-lo.gumbel-kernel : STATIC
tensor([[5.6765e-01, 1.6550e-01, 3.2357e-02],
        [1.6550e-01, 3.2357e-02, 2.1352e-03],
        [3.2357e-02, 2.1352e-03, 7.3562e-06]])
2023-10-12 15:27:15,454 | INFO | hi-lo : END EPOCH:   2 | ACCURACY: 42.62 | LOSS: 1.6423448324203491
2023-10-12 15:27:15,454 | INFO | hi-lo : BEGIN EPOCH 3 =========================================================================
2023-10-12 15:27:15,454 | INFO | hi-lo.kernel-accessor : Fetching kernel: gumbel
2023-10-12 15:27:15,455 | INFO | hi-lo.gumbel-kernel : MU (LOCATION): -0.1654006391763687 | BETA (SCALE): 0.5105763673782349
2023-10-12 15:27:15,456 | INFO | hi-lo.gumbel-kernel : BOTTOM-LEFT
tensor([[2.4943e-43, 0.0000e+00, 0.0000e+00],
        [1.2428e-06, 2.4943e-43, 0.0000e+00],
        [1.0000e+00, 1.2428e-06, 2.4943e-43]])
2023-10-12 15:27:15,456 | INFO | hi-lo.kernel-accessor : Fetching kernel: gumbel
2023-10-12 15:27:15,456 | INFO | hi-lo.gumbel-kernel : MU (LOCATION): 1 | BETA (SCALE): 1
2023-10-12 15:27:15,457 | INFO | hi-lo.gumbel-kernel : STATIC
tensor([[5.6765e-01, 1.6550e-01, 3.2357e-02],
        [1.6550e-01, 3.2357e-02, 2.1352e-03],
        [3.2357e-02, 2.1352e-03, 7.3562e-06]])
2023-10-12 15:27:15,457 | INFO | hi-lo.kernel-accessor : Fetching kernel: gumbel
2023-10-12 15:27:15,458 | INFO | hi-lo.gumbel-kernel : MU (LOCATION): -1.509695291519165 | BETA (SCALE): 3.1932992935180664
2023-10-12 15:27:15,458 | INFO | hi-lo.gumbel-kernel : BOTTOM-RIGHT
tensor([[2.6180e-04, 4.0351e-03, 3.2428e-02],
        [4.0351e-03, 3.2428e-02, 1.6189e-01],
        [3.2428e-02, 1.6189e-01, 5.7060e-01]])
2023-10-12 15:27:15,458 | INFO | hi-lo.kernel-accessor : Fetching kernel: gumbel
2023-10-12 15:27:15,459 | INFO | hi-lo.gumbel-kernel : MU (LOCATION): 1 | BETA (SCALE): 1
2023-10-12 15:27:15,459 | INFO | hi-lo.gumbel-kernel : STATIC
tensor([[5.6765e-01, 1.6550e-01, 3.2357e-02],
        [1.6550e-01, 3.2357e-02, 2.1352e-03],
        [3.2357e-02, 2.1352e-03, 7.3562e-06]])
2023-10-12 15:27:24,047 | INFO | hi-lo : END EPOCH:   3 | ACCURACY: 45.12 | LOSS: 1.6137669086456299
2023-10-12 15:27:24,047 | INFO | hi-lo : BEGIN EPOCH 4 =========================================================================
2023-10-12 15:27:24,048 | INFO | hi-lo.kernel-accessor : Fetching kernel: gumbel
2023-10-12 15:27:24,049 | INFO | hi-lo.gumbel-kernel : MU (LOCATION): -0.08708511292934418 | BETA (SCALE): 0.46216505765914917
2023-10-12 15:27:24,049 | INFO | hi-lo.gumbel-kernel : BOTTOM-LEFT
tensor([[0.0000e+00, 0.0000e+00, 0.0000e+00],
        [1.5256e-06, 0.0000e+00, 0.0000e+00],
        [1.0000e+00, 1.5256e-06, 0.0000e+00]])
2023-10-12 15:27:24,049 | INFO | hi-lo.kernel-accessor : Fetching kernel: gumbel
2023-10-12 15:27:24,050 | INFO | hi-lo.gumbel-kernel : MU (LOCATION): -0.6323907971382141 | BETA (SCALE): 0.8042410612106323
2023-10-12 15:27:24,051 | INFO | hi-lo.gumbel-kernel : BOTTOM-LEFT
tensor([[7.0594e-25, 0.0000e+00, 0.0000e+00],
        [1.9754e-06, 7.0594e-25, 0.0000e+00],
        [1.0000e+00, 1.9754e-06, 7.0594e-25]])
2023-10-12 15:27:24,051 | INFO | hi-lo.kernel-accessor : Fetching kernel: gumbel
2023-10-12 15:27:24,051 | INFO | hi-lo.gumbel-kernel : MU (LOCATION): -0.971578061580658 | BETA (SCALE): 1.9761601686477661
2023-10-12 15:27:24,052 | INFO | hi-lo.gumbel-kernel : BOTTOM-RIGHT
tensor([[2.5611e-09, 1.3124e-05, 2.7659e-03],
        [1.3124e-05, 2.7659e-03, 8.5127e-02],
        [2.7659e-03, 8.5127e-02, 8.2142e-01]])
2023-10-12 15:27:24,052 | INFO | hi-lo.kernel-accessor : Fetching kernel: gumbel
2023-10-12 15:27:24,053 | INFO | hi-lo.gumbel-kernel : MU (LOCATION): -0.8378902673721313 | BETA (SCALE): 1.7198271751403809
2023-10-12 15:27:24,053 | INFO | hi-lo.gumbel-kernel : BOTTOM-LEFT
tensor([[8.0725e-04, 5.6401e-07, 2.0230e-12],
        [6.0628e-02, 8.0725e-04, 5.6401e-07],
        [8.7632e-01, 6.0628e-02, 8.0725e-04]])
2023-10-12 15:27:32,582 | INFO | hi-lo : END EPOCH:   4 | ACCURACY: 46.88 | LOSS: 1.6367758512496948
2023-10-12 15:27:32,582 | INFO | hi-lo : BEGIN EPOCH 5 =========================================================================
2023-10-12 15:27:32,582 | INFO | hi-lo.kernel-accessor : Fetching kernel: gumbel
2023-10-12 15:27:32,583 | INFO | hi-lo.gumbel-kernel : MU (LOCATION): 1 | BETA (SCALE): 1
2023-10-12 15:27:32,583 | INFO | hi-lo.gumbel-kernel : STATIC
tensor([[5.6765e-01, 1.6550e-01, 3.2357e-02],
        [1.6550e-01, 3.2357e-02, 2.1352e-03],
        [3.2357e-02, 2.1352e-03, 7.3562e-06]])
2023-10-12 15:27:32,584 | INFO | hi-lo.kernel-accessor : Fetching kernel: gumbel
2023-10-12 15:27:32,584 | INFO | hi-lo.gumbel-kernel : MU (LOCATION): -0.5896252989768982 | BETA (SCALE): 0.8828336000442505
2023-10-12 15:27:32,585 | INFO | hi-lo.gumbel-kernel : BOTTOM-RIGHT
tensor([[0.0000e+00, 0.0000e+00, 5.6792e-16],
        [0.0000e+00, 5.6792e-16, 1.0788e-04],
        [5.6792e-16, 1.0788e-04, 9.9978e-01]])
2023-10-12 15:27:32,585 | INFO | hi-lo.kernel-accessor : Fetching kernel: gumbel
2023-10-12 15:27:32,585 | INFO | hi-lo.gumbel-kernel : MU (LOCATION): -1.146872639656067 | BETA (SCALE): 1.8546149730682373
2023-10-12 15:27:32,586 | INFO | hi-lo.gumbel-kernel : BOTTOM-RIGHT
tensor([[3.8713e-13, 1.6252e-07, 3.8721e-04],
        [1.6252e-07, 3.8721e-04, 4.5196e-02],
        [3.8721e-04, 4.5196e-02, 9.0845e-01]])
2023-10-12 15:27:32,586 | INFO | hi-lo.kernel-accessor : Fetching kernel: gumbel
2023-10-12 15:27:32,586 | INFO | hi-lo.gumbel-kernel : MU (LOCATION): -1.1128658056259155 | BETA (SCALE): 1.9054847955703735
2023-10-12 15:27:32,587 | INFO | hi-lo.gumbel-kernel : BOTTOM-RIGHT
tensor([[1.0855e-11, 8.2551e-07, 7.9031e-04],
        [8.2551e-07, 7.9031e-04, 5.6844e-02],
        [7.9031e-04, 5.6844e-02, 8.8394e-01]])
2023-10-12 15:27:41,142 | INFO | hi-lo : END EPOCH:   5 | ACCURACY: 50.0 | LOSS: 1.1598045825958252
2023-10-12 15:27:41,142 | INFO | hi-lo : BEGIN EPOCH 6 =========================================================================
2023-10-12 15:27:41,143 | INFO | hi-lo.kernel-accessor : Fetching kernel: gumbel
2023-10-12 15:27:41,143 | INFO | hi-lo.gumbel-kernel : MU (LOCATION): -0.03472428023815155 | BETA (SCALE): 0.4928905963897705
2023-10-12 15:27:41,144 | INFO | hi-lo.gumbel-kernel : BOTTOM-RIGHT
tensor([[0.0000e+00, 0.0000e+00, 6.5591e-31],
        [0.0000e+00, 6.5591e-31, 6.5481e-05],
        [6.5591e-31, 6.5481e-05, 9.9987e-01]])
2023-10-12 15:27:41,144 | INFO | hi-lo.kernel-accessor : Fetching kernel: gumbel
2023-10-12 15:27:41,144 | INFO | hi-lo.gumbel-kernel : MU (LOCATION): 1 | BETA (SCALE): 1
2023-10-12 15:27:41,145 | INFO | hi-lo.gumbel-kernel : STATIC
tensor([[5.6765e-01, 1.6550e-01, 3.2357e-02],
        [1.6550e-01, 3.2357e-02, 2.1352e-03],
        [3.2357e-02, 2.1352e-03, 7.3562e-06]])
2023-10-12 15:27:41,145 | INFO | hi-lo.kernel-accessor : Fetching kernel: gumbel
2023-10-12 15:27:41,146 | INFO | hi-lo.gumbel-kernel : MU (LOCATION): -1.0654284954071045 | BETA (SCALE): 2.024641752243042
2023-10-12 15:27:41,146 | INFO | hi-lo.gumbel-kernel : BOTTOM-RIGHT
tensor([[2.1547e-09, 1.1087e-05, 2.4731e-03],
        [1.1087e-05, 2.4731e-03, 8.1272e-02],
        [2.4731e-03, 8.1272e-02, 8.3002e-01]])
2023-10-12 15:27:41,146 | INFO | hi-lo.kernel-accessor : Fetching kernel: gumbel
2023-10-12 15:27:41,147 | INFO | hi-lo.gumbel-kernel : MU (LOCATION): -1.216590404510498 | BETA (SCALE): 2.230441093444824
2023-10-12 15:27:41,147 | INFO | hi-lo.gumbel-kernel : BOTTOM-RIGHT
tensor([[4.4280e-08, 4.4485e-05, 4.3243e-03],
        [4.4485e-05, 4.3243e-03, 9.4576e-02],
        [4.3243e-03, 9.4576e-02, 7.9779e-01]])
2023-10-12 15:27:49,658 | INFO | hi-lo : END EPOCH:   6 | ACCURACY: 50.0 | LOSS: 1.4916068315505981
2023-10-12 15:27:49,658 | INFO | hi-lo : BEGIN EPOCH 7 =========================================================================
2023-10-12 15:27:49,658 | INFO | hi-lo.kernel-accessor : Fetching kernel: gumbel
2023-10-12 15:27:49,659 | INFO | hi-lo.gumbel-kernel : MU (LOCATION): 0.05490484833717346 | BETA (SCALE): 0.541449785232544
2023-10-12 15:27:49,659 | INFO | hi-lo.gumbel-kernel : BOTTOM-RIGHT
tensor([[0.0000e+00, 0.0000e+00, 3.1327e-16],
        [0.0000e+00, 3.1327e-16, 2.0077e-03],
        [3.1327e-16, 2.0077e-03, 9.9598e-01]])
2023-10-12 15:27:49,660 | INFO | hi-lo.kernel-accessor : Fetching kernel: gumbel
2023-10-12 15:27:49,660 | INFO | hi-lo.gumbel-kernel : MU (LOCATION): -0.43858394026756287 | BETA (SCALE): 0.8802821040153503
2023-10-12 15:27:49,661 | INFO | hi-lo.gumbel-kernel : BOTTOM-LEFT
tensor([[6.0179e-12, 1.4574e-36, 0.0000e+00],
        [1.0437e-03, 6.0179e-12, 1.4574e-36],
        [9.9791e-01, 1.0437e-03, 6.0179e-12]])
2023-10-12 15:27:49,661 | INFO | hi-lo.kernel-accessor : Fetching kernel: gumbel
2023-10-12 15:27:49,661 | INFO | hi-lo.gumbel-kernel : MU (LOCATION): 1 | BETA (SCALE): 1
2023-10-12 15:27:49,662 | INFO | hi-lo.gumbel-kernel : STATIC
tensor([[5.6765e-01, 1.6550e-01, 3.2357e-02],
        [1.6550e-01, 3.2357e-02, 2.1352e-03],
        [3.2357e-02, 2.1352e-03, 7.3562e-06]])
2023-10-12 15:27:49,662 | INFO | hi-lo.kernel-accessor : Fetching kernel: gumbel
2023-10-12 15:27:49,662 | INFO | hi-lo.gumbel-kernel : MU (LOCATION): 1 | BETA (SCALE): 1
2023-10-12 15:27:49,663 | INFO | hi-lo.gumbel-kernel : STATIC
tensor([[5.6765e-01, 1.6550e-01, 3.2357e-02],
        [1.6550e-01, 3.2357e-02, 2.1352e-03],
        [3.2357e-02, 2.1352e-03, 7.3562e-06]])
2023-10-12 15:27:58,192 | INFO | hi-lo : END EPOCH:   7 | ACCURACY: 58.4 | LOSS: 1.471785545349121
2023-10-12 15:27:58,193 | INFO | hi-lo : BEGIN EPOCH 8 =========================================================================
2023-10-12 15:27:58,193 | INFO | hi-lo.kernel-accessor : Fetching kernel: gumbel
2023-10-12 15:27:58,194 | INFO | hi-lo.gumbel-kernel : MU (LOCATION): -0.10821795463562012 | BETA (SCALE): 0.5027158856391907
2023-10-12 15:27:58,194 | INFO | hi-lo.gumbel-kernel : BOTTOM-LEFT
tensor([[1.7760e-37, 0.0000e+00, 0.0000e+00],
        [8.3442e-06, 1.7760e-37, 0.0000e+00],
        [9.9998e-01, 8.3442e-06, 1.7760e-37]])
2023-10-12 15:27:58,194 | INFO | hi-lo.kernel-accessor : Fetching kernel: gumbel
2023-10-12 15:27:58,195 | INFO | hi-lo.gumbel-kernel : MU (LOCATION): 1 | BETA (SCALE): 1
2023-10-12 15:27:58,195 | INFO | hi-lo.gumbel-kernel : STATIC
tensor([[5.6765e-01, 1.6550e-01, 3.2357e-02],
        [1.6550e-01, 3.2357e-02, 2.1352e-03],
        [3.2357e-02, 2.1352e-03, 7.3562e-06]])
2023-10-12 15:27:58,195 | INFO | hi-lo.kernel-accessor : Fetching kernel: gumbel
2023-10-12 15:27:58,196 | INFO | hi-lo.gumbel-kernel : MU (LOCATION): -1.5464365482330322 | BETA (SCALE): 3.135288953781128
2023-10-12 15:27:58,196 | INFO | hi-lo.gumbel-kernel : BOTTOM-LEFT
tensor([[2.8613e-02, 3.0902e-03, 1.6305e-04],
        [1.5740e-01, 2.8613e-02, 3.0902e-03],
        [5.9302e-01, 1.5740e-01, 2.8613e-02]])
2023-10-12 15:27:58,196 | INFO | hi-lo.kernel-accessor : Fetching kernel: gumbel
2023-10-12 15:27:58,197 | INFO | hi-lo.gumbel-kernel : MU (LOCATION): 1 | BETA (SCALE): 1
2023-10-12 15:27:58,197 | INFO | hi-lo.gumbel-kernel : STATIC
tensor([[5.6765e-01, 1.6550e-01, 3.2357e-02],
        [1.6550e-01, 3.2357e-02, 2.1352e-03],
        [3.2357e-02, 2.1352e-03, 7.3562e-06]])
2023-10-12 15:28:06,799 | INFO | hi-lo : END EPOCH:   8 | ACCURACY: 56.25 | LOSS: 1.488582968711853
2023-10-12 15:28:06,799 | INFO | hi-lo : BEGIN EPOCH 9 =========================================================================
2023-10-12 15:28:06,800 | INFO | hi-lo.kernel-accessor : Fetching kernel: gumbel
2023-10-12 15:28:06,800 | INFO | hi-lo.gumbel-kernel : MU (LOCATION): 1 | BETA (SCALE): 1
2023-10-12 15:28:06,801 | INFO | hi-lo.gumbel-kernel : STATIC
tensor([[5.6765e-01, 1.6550e-01, 3.2357e-02],
        [1.6550e-01, 3.2357e-02, 2.1352e-03],
        [3.2357e-02, 2.1352e-03, 7.3562e-06]])
2023-10-12 15:28:06,801 | INFO | hi-lo.kernel-accessor : Fetching kernel: gumbel
2023-10-12 15:28:06,801 | INFO | hi-lo.gumbel-kernel : MU (LOCATION): 1 | BETA (SCALE): 1
2023-10-12 15:28:06,802 | INFO | hi-lo.gumbel-kernel : STATIC
tensor([[5.6765e-01, 1.6550e-01, 3.2357e-02],
        [1.6550e-01, 3.2357e-02, 2.1352e-03],
        [3.2357e-02, 2.1352e-03, 7.3562e-06]])
2023-10-12 15:28:06,802 | INFO | hi-lo.kernel-accessor : Fetching kernel: gumbel
2023-10-12 15:28:06,802 | INFO | hi-lo.gumbel-kernel : MU (LOCATION): -0.7896499037742615 | BETA (SCALE): 2.066042423248291
2023-10-12 15:28:06,803 | INFO | hi-lo.gumbel-kernel : BOTTOM-LEFT
tensor([[8.3878e-03, 1.5296e-04, 3.1165e-07],
        [1.1915e-01, 8.3878e-03, 1.5296e-04],
        [7.3623e-01, 1.1915e-01, 8.3878e-03]])
2023-10-12 15:28:06,803 | INFO | hi-lo.kernel-accessor : Fetching kernel: gumbel
2023-10-12 15:28:06,803 | INFO | hi-lo.gumbel-kernel : MU (LOCATION): -1.4804705381393433 | BETA (SCALE): 2.585523843765259
2023-10-12 15:28:06,804 | INFO | hi-lo.gumbel-kernel : BOTTOM-RIGHT
tensor([[1.4201e-06, 2.3828e-04, 8.7528e-03],
        [2.3828e-04, 8.7528e-03, 1.1457e-01],
        [8.7528e-03, 1.1457e-01, 7.4412e-01]])
2023-10-12 15:28:15,249 | INFO | hi-lo : END EPOCH:   9 | ACCURACY: 51.56 | LOSS: 1.5291392803192139
2023-10-12 15:28:15,250 | INFO | hi-lo : BEGIN EPOCH 10 =========================================================================
2023-10-12 15:28:15,250 | INFO | hi-lo.kernel-accessor : Fetching kernel: gumbel
2023-10-12 15:28:15,250 | INFO | hi-lo.gumbel-kernel : MU (LOCATION): 1 | BETA (SCALE): 1
2023-10-12 15:28:15,251 | INFO | hi-lo.gumbel-kernel : STATIC
tensor([[5.6765e-01, 1.6550e-01, 3.2357e-02],
        [1.6550e-01, 3.2357e-02, 2.1352e-03],
        [3.2357e-02, 2.1352e-03, 7.3562e-06]])
2023-10-12 15:28:15,251 | INFO | hi-lo.kernel-accessor : Fetching kernel: gumbel
2023-10-12 15:28:15,252 | INFO | hi-lo.gumbel-kernel : MU (LOCATION): -0.49711331725120544 | BETA (SCALE): 0.908083438873291
2023-10-12 15:28:15,252 | INFO | hi-lo.gumbel-kernel : BOTTOM-LEFT
tensor([[3.9594e-12, 3.4758e-36, 0.0000e+00],
        [8.2195e-04, 3.9594e-12, 3.4758e-36],
        [9.9836e-01, 8.2195e-04, 3.9594e-12]])
2023-10-12 15:28:15,252 | INFO | hi-lo.kernel-accessor : Fetching kernel: gumbel
2023-10-12 15:28:15,253 | INFO | hi-lo.gumbel-kernel : MU (LOCATION): 1 | BETA (SCALE): 1
2023-10-12 15:28:15,253 | INFO | hi-lo.gumbel-kernel : STATIC
tensor([[5.6765e-01, 1.6550e-01, 3.2357e-02],
        [1.6550e-01, 3.2357e-02, 2.1352e-03],
        [3.2357e-02, 2.1352e-03, 7.3562e-06]])
2023-10-12 15:28:15,253 | INFO | hi-lo.kernel-accessor : Fetching kernel: gumbel
2023-10-12 15:28:15,254 | INFO | hi-lo.gumbel-kernel : MU (LOCATION): -1.2083061933517456 | BETA (SCALE): 2.13429856300354
2023-10-12 15:28:15,254 | INFO | hi-lo.gumbel-kernel : BOTTOM-LEFT
tensor([[2.6295e-03, 1.4480e-05, 4.7108e-09],
        [8.1284e-02, 2.6295e-03, 1.4480e-05],
        [8.2951e-01, 8.1284e-02, 2.6295e-03]])
2023-10-12 15:28:23,864 | INFO | hi-lo : END EPOCH:  10 | ACCURACY: 57.81 | LOSS: 1.1065959930419922
2023-10-12 15:28:23,864 | INFO | hi-lo : BEGIN EPOCH 11 =========================================================================
2023-10-12 15:28:23,865 | INFO | hi-lo.kernel-accessor : Fetching kernel: gumbel
2023-10-12 15:28:23,865 | INFO | hi-lo.gumbel-kernel : MU (LOCATION): 0.03166729211807251 | BETA (SCALE): 0.48164817690849304
2023-10-12 15:28:23,866 | INFO | hi-lo.gumbel-kernel : BOTTOM-LEFT
tensor([[2.3142e-26, 0.0000e+00, 0.0000e+00],
        [2.7698e-04, 2.3142e-26, 0.0000e+00],
        [9.9945e-01, 2.7698e-04, 2.3142e-26]])
2023-10-12 15:28:23,866 | INFO | hi-lo.kernel-accessor : Fetching kernel: gumbel
2023-10-12 15:28:23,867 | INFO | hi-lo.gumbel-kernel : MU (LOCATION): 1 | BETA (SCALE): 1
2023-10-12 15:28:23,867 | INFO | hi-lo.gumbel-kernel : STATIC
tensor([[5.6765e-01, 1.6550e-01, 3.2357e-02],
        [1.6550e-01, 3.2357e-02, 2.1352e-03],
        [3.2357e-02, 2.1352e-03, 7.3562e-06]])
2023-10-12 15:28:23,867 | INFO | hi-lo.kernel-accessor : Fetching kernel: gumbel
2023-10-12 15:28:23,868 | INFO | hi-lo.gumbel-kernel : MU (LOCATION): -1.0464658737182617 | BETA (SCALE): 2.2593114376068115
2023-10-12 15:28:23,868 | INFO | hi-lo.gumbel-kernel : BOTTOM-LEFT
tensor([[8.3984e-03, 1.7870e-04, 5.7028e-07],
        [1.1669e-01, 8.3984e-03, 1.7870e-04],
        [7.4108e-01, 1.1669e-01, 8.3984e-03]])
2023-10-12 15:28:23,868 | INFO | hi-lo.kernel-accessor : Fetching kernel: gumbel
2023-10-12 15:28:23,869 | INFO | hi-lo.gumbel-kernel : MU (LOCATION): 1 | BETA (SCALE): 1
2023-10-12 15:28:23,869 | INFO | hi-lo.gumbel-kernel : STATIC
tensor([[5.6765e-01, 1.6550e-01, 3.2357e-02],
        [1.6550e-01, 3.2357e-02, 2.1352e-03],
        [3.2357e-02, 2.1352e-03, 7.3562e-06]])
2023-10-12 15:28:32,426 | INFO | hi-lo : END EPOCH:  11 | ACCURACY: 57.81 | LOSS: 1.1937673091888428
2023-10-12 15:28:32,427 | INFO | hi-lo : BEGIN EPOCH 12 =========================================================================
2023-10-12 15:28:32,427 | INFO | hi-lo.kernel-accessor : Fetching kernel: gumbel
2023-10-12 15:28:32,428 | INFO | hi-lo.gumbel-kernel : MU (LOCATION): -0.02056683599948883 | BETA (SCALE): 0.516036331653595
2023-10-12 15:28:32,428 | INFO | hi-lo.gumbel-kernel : BOTTOM-LEFT
tensor([[1.2865e-24, 0.0000e+00, 0.0000e+00],
        [2.3050e-04, 1.2865e-24, 0.0000e+00],
        [9.9954e-01, 2.3050e-04, 1.2865e-24]])
2023-10-12 15:28:32,428 | INFO | hi-lo.kernel-accessor : Fetching kernel: gumbel
2023-10-12 15:28:32,429 | INFO | hi-lo.gumbel-kernel : MU (LOCATION): 1 | BETA (SCALE): 1
2023-10-12 15:28:32,429 | INFO | hi-lo.gumbel-kernel : STATIC
tensor([[5.6765e-01, 1.6550e-01, 3.2357e-02],
        [1.6550e-01, 3.2357e-02, 2.1352e-03],
        [3.2357e-02, 2.1352e-03, 7.3562e-06]])
2023-10-12 15:28:32,429 | INFO | hi-lo.kernel-accessor : Fetching kernel: gumbel
2023-10-12 15:28:32,430 | INFO | hi-lo.gumbel-kernel : MU (LOCATION): -1.2239511013031006 | BETA (SCALE): 2.9728329181671143
2023-10-12 15:28:32,430 | INFO | hi-lo.gumbel-kernel : BOTTOM-RIGHT
tensor([[2.2897e-04, 3.9015e-03, 3.2558e-02],
        [3.9015e-03, 3.2558e-02, 1.6315e-01],
        [3.2558e-02, 1.6315e-01, 5.6799e-01]])
2023-10-12 15:28:32,431 | INFO | hi-lo.kernel-accessor : Fetching kernel: gumbel
2023-10-12 15:28:32,431 | INFO | hi-lo.gumbel-kernel : MU (LOCATION): -1.611747145652771 | BETA (SCALE): 3.1452064514160156
2023-10-12 15:28:32,431 | INFO | hi-lo.gumbel-kernel : BOTTOM-RIGHT
tensor([[1.3235e-04, 2.7267e-03, 2.6874e-02],
        [2.7267e-03, 2.6874e-02, 1.5487e-01],
        [2.6874e-02, 1.5487e-01, 6.0405e-01]])
2023-10-12 15:28:41,018 | INFO | hi-lo : END EPOCH:  12 | ACCURACY: 56.78 | LOSS: 1.1081862449645996
2023-10-12 15:28:41,018 | INFO | hi-lo : BEGIN EPOCH 13 =========================================================================
2023-10-12 15:28:41,018 | INFO | hi-lo.kernel-accessor : Fetching kernel: gumbel
2023-10-12 15:28:41,019 | INFO | hi-lo.gumbel-kernel : MU (LOCATION): 0.0003842618316411972 | BETA (SCALE): 0.46028247475624084
2023-10-12 15:28:41,019 | INFO | hi-lo.gumbel-kernel : BOTTOM-LEFT
tensor([[1.3073e-35, 0.0000e+00, 0.0000e+00],
        [4.8179e-05, 1.3073e-35, 0.0000e+00],
        [9.9990e-01, 4.8179e-05, 1.3073e-35]])
2023-10-12 15:28:41,019 | INFO | hi-lo.kernel-accessor : Fetching kernel: gumbel
2023-10-12 15:28:41,020 | INFO | hi-lo.gumbel-kernel : MU (LOCATION): -0.5346644520759583 | BETA (SCALE): 0.8921085596084595
2023-10-12 15:28:41,020 | INFO | hi-lo.gumbel-kernel : BOTTOM-RIGHT
tensor([[0.0000e+00, 2.5097e-42, 8.2128e-14],
        [2.5097e-42, 8.2128e-14, 3.4309e-04],
        [8.2128e-14, 3.4309e-04, 9.9931e-01]])
2023-10-12 15:28:41,021 | INFO | hi-lo.kernel-accessor : Fetching kernel: gumbel
2023-10-12 15:28:41,021 | INFO | hi-lo.gumbel-kernel : MU (LOCATION): 1 | BETA (SCALE): 1
2023-10-12 15:28:41,021 | INFO | hi-lo.gumbel-kernel : STATIC
tensor([[5.6765e-01, 1.6550e-01, 3.2357e-02],
        [1.6550e-01, 3.2357e-02, 2.1352e-03],
        [3.2357e-02, 2.1352e-03, 7.3562e-06]])
2023-10-12 15:28:41,022 | INFO | hi-lo.kernel-accessor : Fetching kernel: gumbel
2023-10-12 15:28:41,022 | INFO | hi-lo.gumbel-kernel : MU (LOCATION): -1.2553908824920654 | BETA (SCALE): 2.3625335693359375
2023-10-12 15:28:41,023 | INFO | hi-lo.gumbel-kernel : BOTTOM-RIGHT
tensor([[3.7171e-07, 1.2949e-04, 6.9252e-03],
        [1.2949e-04, 6.9252e-03, 1.0856e-01],
        [6.9252e-03, 1.0856e-01, 7.6185e-01]])
2023-10-12 15:28:49,631 | INFO | hi-lo : END EPOCH:  13 | ACCURACY: 53.74 | LOSS: 1.392673373222351
2023-10-12 15:28:49,631 | INFO | hi-lo : BEGIN EPOCH 14 =========================================================================
2023-10-12 15:28:49,631 | INFO | hi-lo.kernel-accessor : Fetching kernel: gumbel
2023-10-12 15:28:49,632 | INFO | hi-lo.gumbel-kernel : MU (LOCATION): -0.045998476445674896 | BETA (SCALE): 0.5222201943397522
2023-10-12 15:28:49,633 | INFO | hi-lo.gumbel-kernel : BOTTOM-LEFT
tensor([[1.0022e-25, 0.0000e+00, 0.0000e+00],
        [1.4833e-04, 1.0022e-25, 0.0000e+00],
        [9.9970e-01, 1.4833e-04, 1.0022e-25]])
2023-10-12 15:28:49,633 | INFO | hi-lo.kernel-accessor : Fetching kernel: gumbel
2023-10-12 15:28:49,633 | INFO | hi-lo.gumbel-kernel : MU (LOCATION): 1 | BETA (SCALE): 1
2023-10-12 15:28:49,634 | INFO | hi-lo.gumbel-kernel : STATIC
tensor([[5.6765e-01, 1.6550e-01, 3.2357e-02],
        [1.6550e-01, 3.2357e-02, 2.1352e-03],
        [3.2357e-02, 2.1352e-03, 7.3562e-06]])
2023-10-12 15:28:49,634 | INFO | hi-lo.kernel-accessor : Fetching kernel: gumbel
2023-10-12 15:28:49,634 | INFO | hi-lo.gumbel-kernel : MU (LOCATION): 1 | BETA (SCALE): 1
2023-10-12 15:28:49,635 | INFO | hi-lo.gumbel-kernel : STATIC
tensor([[5.6765e-01, 1.6550e-01, 3.2357e-02],
        [1.6550e-01, 3.2357e-02, 2.1352e-03],
        [3.2357e-02, 2.1352e-03, 7.3562e-06]])
2023-10-12 15:28:49,635 | INFO | hi-lo.kernel-accessor : Fetching kernel: gumbel
2023-10-12 15:28:49,636 | INFO | hi-lo.gumbel-kernel : MU (LOCATION): -1.4571332931518555 | BETA (SCALE): 2.757612943649292
2023-10-12 15:28:49,636 | INFO | hi-lo.gumbel-kernel : BOTTOM-RIGHT
tensor([[1.3297e-05, 7.9859e-04, 1.5411e-02],
        [7.9859e-04, 1.5411e-02, 1.3497e-01],
        [1.5411e-02, 1.3497e-01, 6.8221e-01]])
2023-10-12 15:28:58,325 | INFO | hi-lo : END EPOCH:  14 | ACCURACY: 52.73 | LOSS: 1.1532399654388428
2023-10-12 15:28:58,325 | INFO | hi-lo : BEGIN EPOCH 15 =========================================================================
2023-10-12 15:28:58,325 | INFO | hi-lo.kernel-accessor : Fetching kernel: gumbel
2023-10-12 15:28:58,326 | INFO | hi-lo.gumbel-kernel : MU (LOCATION): 1 | BETA (SCALE): 1
2023-10-12 15:28:58,327 | INFO | hi-lo.gumbel-kernel : STATIC
tensor([[5.6765e-01, 1.6550e-01, 3.2357e-02],
        [1.6550e-01, 3.2357e-02, 2.1352e-03],
        [3.2357e-02, 2.1352e-03, 7.3562e-06]])
2023-10-12 15:28:58,327 | INFO | hi-lo.kernel-accessor : Fetching kernel: gumbel
2023-10-12 15:28:58,327 | INFO | hi-lo.gumbel-kernel : MU (LOCATION): -0.49958980083465576 | BETA (SCALE): 0.9090945720672607
2023-10-12 15:28:58,328 | INFO | hi-lo.gumbel-kernel : BOTTOM-LEFT
tensor([[3.8306e-12, 3.3767e-36, 0.0000e+00],
        [8.1122e-04, 3.8306e-12, 3.3767e-36],
        [9.9838e-01, 8.1122e-04, 3.8306e-12]])
2023-10-12 15:28:58,328 | INFO | hi-lo.kernel-accessor : Fetching kernel: gumbel
2023-10-12 15:28:58,328 | INFO | hi-lo.gumbel-kernel : MU (LOCATION): -1.0818395614624023 | BETA (SCALE): 2.6355772018432617
2023-10-12 15:28:58,329 | INFO | hi-lo.gumbel-kernel : BOTTOM-RIGHT
tensor([[4.2052e-05, 1.6225e-03, 2.2269e-02],
        [1.6225e-03, 2.2269e-02, 1.5069e-01],
        [2.2269e-02, 1.5069e-01, 6.2852e-01]])
2023-10-12 15:28:58,329 | INFO | hi-lo.kernel-accessor : Fetching kernel: gumbel
2023-10-12 15:28:58,329 | INFO | hi-lo.gumbel-kernel : MU (LOCATION): -1.2250614166259766 | BETA (SCALE): 2.2697641849517822
2023-10-12 15:28:58,330 | INFO | hi-lo.gumbel-kernel : BOTTOM-RIGHT
tensor([[9.1616e-08, 6.4077e-05, 5.0809e-03],
        [6.4077e-05, 5.0809e-03, 9.9219e-02],
        [5.0809e-03, 9.9219e-02, 7.8619e-01]])
2023-10-12 15:29:06,911 | INFO | hi-lo : END EPOCH:  15 | ACCURACY: 61.72 | LOSS: 1.2837306261062622
2023-10-12 15:29:06,911 | INFO | hi-lo : BEGIN EPOCH 16 =========================================================================
2023-10-12 15:29:06,911 | INFO | hi-lo.kernel-accessor : Fetching kernel: gumbel
2023-10-12 15:29:06,912 | INFO | hi-lo.gumbel-kernel : MU (LOCATION): -0.07162207365036011 | BETA (SCALE): 0.5127506256103516
2023-10-12 15:29:06,912 | INFO | hi-lo.gumbel-kernel : BOTTOM-LEFT
tensor([[3.1273e-30, 0.0000e+00, 0.0000e+00],
        [4.8960e-05, 3.1273e-30, 0.0000e+00],
        [9.9990e-01, 4.8960e-05, 3.1273e-30]])
2023-10-12 15:29:06,913 | INFO | hi-lo.kernel-accessor : Fetching kernel: gumbel
2023-10-12 15:29:06,913 | INFO | hi-lo.gumbel-kernel : MU (LOCATION): -0.5044530630111694 | BETA (SCALE): 1.0071173906326294
2023-10-12 15:29:06,913 | INFO | hi-lo.gumbel-kernel : BOTTOM-RIGHT
tensor([[0.0000e+00, 4.2687e-24, 5.0251e-09],
        [4.2687e-24, 5.0251e-09, 3.5990e-03],
        [5.0251e-09, 3.5990e-03, 9.9280e-01]])
2023-10-12 15:29:06,913 | INFO | hi-lo.kernel-accessor : Fetching kernel: gumbel
2023-10-12 15:29:06,914 | INFO | hi-lo.gumbel-kernel : MU (LOCATION): -1.1938843727111816 | BETA (SCALE): 2.787961959838867
2023-10-12 15:29:06,914 | INFO | hi-lo.gumbel-kernel : BOTTOM-LEFT
tensor([[2.5210e-02, 2.1964e-03, 7.7942e-05],
        [1.5451e-01, 2.5210e-02, 2.1964e-03],
        [6.1088e-01, 1.5451e-01, 2.5210e-02]])
2023-10-12 15:29:06,914 | INFO | hi-lo.kernel-accessor : Fetching kernel: gumbel
2023-10-12 15:29:06,915 | INFO | hi-lo.gumbel-kernel : MU (LOCATION): -1.368241310119629 | BETA (SCALE): 2.855928897857666
2023-10-12 15:29:06,915 | INFO | hi-lo.gumbel-kernel : BOTTOM-LEFT
tensor([[2.2272e-02, 1.7357e-03, 5.3738e-05],
        [1.4912e-01, 2.2272e-02, 1.7357e-03],
        [6.3141e-01, 1.4912e-01, 2.2272e-02]])
2023-10-12 15:29:15,506 | INFO | hi-lo : END EPOCH:  16 | ACCURACY: 56.25 | LOSS: 1.3989832401275635
2023-10-12 15:29:15,506 | INFO | hi-lo : BEGIN EPOCH 17 =========================================================================
2023-10-12 15:29:15,506 | INFO | hi-lo.kernel-accessor : Fetching kernel: gumbel
2023-10-12 15:29:15,507 | INFO | hi-lo.gumbel-kernel : MU (LOCATION): -0.09240816533565521 | BETA (SCALE): 0.4744456708431244
2023-10-12 15:29:15,508 | INFO | hi-lo.gumbel-kernel : BOTTOM-RIGHT
tensor([[0.0000e+00, 0.0000e+00, 0.0000e+00],
        [0.0000e+00, 0.0000e+00, 2.8147e-06],
        [0.0000e+00, 2.8147e-06, 9.9999e-01]])
2023-10-12 15:29:15,508 | INFO | hi-lo.kernel-accessor : Fetching kernel: gumbel
2023-10-12 15:29:15,508 | INFO | hi-lo.gumbel-kernel : MU (LOCATION): 1 | BETA (SCALE): 1
2023-10-12 15:29:15,509 | INFO | hi-lo.gumbel-kernel : STATIC
tensor([[5.6765e-01, 1.6550e-01, 3.2357e-02],
        [1.6550e-01, 3.2357e-02, 2.1352e-03],
        [3.2357e-02, 2.1352e-03, 7.3562e-06]])
2023-10-12 15:29:15,509 | INFO | hi-lo.kernel-accessor : Fetching kernel: gumbel
2023-10-12 15:29:15,509 | INFO | hi-lo.gumbel-kernel : MU (LOCATION): 1 | BETA (SCALE): 1
2023-10-12 15:29:15,510 | INFO | hi-lo.gumbel-kernel : STATIC
tensor([[5.6765e-01, 1.6550e-01, 3.2357e-02],
        [1.6550e-01, 3.2357e-02, 2.1352e-03],
        [3.2357e-02, 2.1352e-03, 7.3562e-06]])
2023-10-12 15:29:15,510 | INFO | hi-lo.kernel-accessor : Fetching kernel: gumbel
2023-10-12 15:29:15,510 | INFO | hi-lo.gumbel-kernel : MU (LOCATION): -1.7284585237503052 | BETA (SCALE): 3.121044158935547
2023-10-12 15:29:15,511 | INFO | hi-lo.gumbel-kernel : BOTTOM-RIGHT
tensor([[6.6881e-05, 1.8316e-03, 2.2100e-02],
        [1.8316e-03, 2.2100e-02, 1.4710e-01],
        [2.2100e-02, 1.4710e-01, 6.3577e-01]])
2023-10-12 15:29:24,132 | INFO | hi-lo : END EPOCH:  17 | ACCURACY: 59.38 | LOSS: 1.285637378692627
2023-10-12 15:29:24,132 | INFO | hi-lo : BEGIN EPOCH 18 =========================================================================
2023-10-12 15:29:24,132 | INFO | hi-lo.kernel-accessor : Fetching kernel: gumbel
2023-10-12 15:29:24,133 | INFO | hi-lo.gumbel-kernel : MU (LOCATION): -0.0327877514064312 | BETA (SCALE): 0.5527520775794983
2023-10-12 15:29:24,133 | INFO | hi-lo.gumbel-kernel : BOTTOM-RIGHT
tensor([[0.0000e+00, 0.0000e+00, 4.9084e-20],
        [0.0000e+00, 4.9084e-20, 5.2174e-04],
        [4.9084e-20, 5.2174e-04, 9.9896e-01]])
2023-10-12 15:29:24,133 | INFO | hi-lo.kernel-accessor : Fetching kernel: gumbel
2023-10-12 15:29:24,134 | INFO | hi-lo.gumbel-kernel : MU (LOCATION): 1 | BETA (SCALE): 1
2023-10-12 15:29:24,134 | INFO | hi-lo.gumbel-kernel : STATIC
tensor([[5.6765e-01, 1.6550e-01, 3.2357e-02],
        [1.6550e-01, 3.2357e-02, 2.1352e-03],
        [3.2357e-02, 2.1352e-03, 7.3562e-06]])
2023-10-12 15:29:24,134 | INFO | hi-lo.kernel-accessor : Fetching kernel: gumbel
2023-10-12 15:29:24,135 | INFO | hi-lo.gumbel-kernel : MU (LOCATION): 1 | BETA (SCALE): 1
2023-10-12 15:29:24,135 | INFO | hi-lo.gumbel-kernel : STATIC
tensor([[5.6765e-01, 1.6550e-01, 3.2357e-02],
        [1.6550e-01, 3.2357e-02, 2.1352e-03],
        [3.2357e-02, 2.1352e-03, 7.3562e-06]])
2023-10-12 15:29:24,135 | INFO | hi-lo.kernel-accessor : Fetching kernel: gumbel
2023-10-12 15:29:24,136 | INFO | hi-lo.gumbel-kernel : MU (LOCATION): 1 | BETA (SCALE): 1
2023-10-12 15:29:24,136 | INFO | hi-lo.gumbel-kernel : STATIC
tensor([[5.6765e-01, 1.6550e-01, 3.2357e-02],
        [1.6550e-01, 3.2357e-02, 2.1352e-03],
        [3.2357e-02, 2.1352e-03, 7.3562e-06]])
2023-10-12 15:29:32,736 | INFO | hi-lo : END EPOCH:  18 | ACCURACY: 56.25 | LOSS: 1.1893941164016724
2023-10-12 15:29:32,736 | INFO | hi-lo : BEGIN EPOCH 19 =========================================================================
2023-10-12 15:29:32,737 | INFO | hi-lo.kernel-accessor : Fetching kernel: gumbel
2023-10-12 15:29:32,737 | INFO | hi-lo.gumbel-kernel : MU (LOCATION): -0.09598761796951294 | BETA (SCALE): 0.48363396525382996
2023-10-12 15:29:32,738 | INFO | hi-lo.gumbel-kernel : BOTTOM-RIGHT
tensor([[0.0000e+00, 0.0000e+00, 2.9708e-42],
        [0.0000e+00, 2.9708e-42, 4.3756e-06],
        [2.9708e-42, 4.3756e-06, 9.9999e-01]])
2023-10-12 15:29:32,738 | INFO | hi-lo.kernel-accessor : Fetching kernel: gumbel
2023-10-12 15:29:32,739 | INFO | hi-lo.gumbel-kernel : MU (LOCATION): -0.580686092376709 | BETA (SCALE): 0.8953620791435242
2023-10-12 15:29:32,739 | INFO | hi-lo.gumbel-kernel : BOTTOM-LEFT
tensor([[6.1166e-15, 0.0000e+00, 0.0000e+00],
        [1.7746e-04, 6.1166e-15, 0.0000e+00],
        [9.9965e-01, 1.7746e-04, 6.1166e-15]])
2023-10-12 15:29:32,739 | INFO | hi-lo.kernel-accessor : Fetching kernel: gumbel
2023-10-12 15:29:32,740 | INFO | hi-lo.gumbel-kernel : MU (LOCATION): -0.8379907608032227 | BETA (SCALE): 2.420633316040039
2023-10-12 15:29:32,740 | INFO | hi-lo.gumbel-kernel : BOTTOM-LEFT
tensor([[2.1242e-02, 1.3598e-03, 2.6359e-05],
        [1.5054e-01, 2.1242e-02, 1.3598e-03],
        [6.3245e-01, 1.5054e-01, 2.1242e-02]])
2023-10-12 15:29:32,741 | INFO | hi-lo.kernel-accessor : Fetching kernel: gumbel
2023-10-12 15:29:32,741 | INFO | hi-lo.gumbel-kernel : MU (LOCATION): 1 | BETA (SCALE): 1
2023-10-12 15:29:32,741 | INFO | hi-lo.gumbel-kernel : STATIC
tensor([[5.6765e-01, 1.6550e-01, 3.2357e-02],
        [1.6550e-01, 3.2357e-02, 2.1352e-03],
        [3.2357e-02, 2.1352e-03, 7.3562e-06]])
2023-10-12 15:29:41,392 | INFO | hi-lo : END EPOCH:  19 | ACCURACY: 64.06 | LOSS: 1.5085833072662354
2023-10-12 15:29:41,392 | INFO | hi-lo : BEGIN EPOCH 20 =========================================================================
2023-10-12 15:29:41,392 | INFO | hi-lo.kernel-accessor : Fetching kernel: gumbel
2023-10-12 15:29:41,393 | INFO | hi-lo.gumbel-kernel : MU (LOCATION): -0.07179345190525055 | BETA (SCALE): 0.5032613277435303
2023-10-12 15:29:41,393 | INFO | hi-lo.gumbel-kernel : BOTTOM-RIGHT
tensor([[0.0000e+00, 0.0000e+00, 1.3124e-32],
        [0.0000e+00, 1.3124e-32, 3.1702e-05],
        [1.3124e-32, 3.1702e-05, 9.9994e-01]])
2023-10-12 15:29:41,393 | INFO | hi-lo.kernel-accessor : Fetching kernel: gumbel
2023-10-12 15:29:41,394 | INFO | hi-lo.gumbel-kernel : MU (LOCATION): -0.5075271129608154 | BETA (SCALE): 0.9621240496635437
2023-10-12 15:29:41,394 | INFO | hi-lo.gumbel-kernel : BOTTOM-LEFT
tensor([[2.3527e-10, 4.9920e-29, 0.0000e+00],
        [1.8520e-03, 2.3527e-10, 4.9920e-29],
        [9.9630e-01, 1.8520e-03, 2.3527e-10]])
2023-10-12 15:29:41,395 | INFO | hi-lo.kernel-accessor : Fetching kernel: gumbel
2023-10-12 15:29:41,395 | INFO | hi-lo.gumbel-kernel : MU (LOCATION): -1.1727933883666992 | BETA (SCALE): 2.805539846420288
2023-10-12 15:29:41,396 | INFO | hi-lo.gumbel-kernel : BOTTOM-RIGHT
tensor([[9.8274e-05, 2.4967e-03, 2.6759e-02],
        [2.4967e-03, 2.6759e-02, 1.5672e-01],
        [2.6759e-02, 1.5672e-01, 6.0120e-01]])
2023-10-12 15:29:41,396 | INFO | hi-lo.kernel-accessor : Fetching kernel: gumbel
2023-10-12 15:29:41,396 | INFO | hi-lo.gumbel-kernel : MU (LOCATION): 1 | BETA (SCALE): 1
2023-10-12 15:29:41,397 | INFO | hi-lo.gumbel-kernel : STATIC
tensor([[5.6765e-01, 1.6550e-01, 3.2357e-02],
        [1.6550e-01, 3.2357e-02, 2.1352e-03],
        [3.2357e-02, 2.1352e-03, 7.3562e-06]])
2023-10-12 15:29:50,084 | INFO | hi-lo : END EPOCH:  20 | ACCURACY: 56.25 | LOSS: 1.3283377885818481
2023-10-12 15:29:50,084 | INFO | hi-lo : BEGIN EPOCH 21 =========================================================================
2023-10-12 15:29:50,084 | INFO | hi-lo.kernel-accessor : Fetching kernel: gumbel
2023-10-12 15:29:50,085 | INFO | hi-lo.gumbel-kernel : MU (LOCATION): -0.11643064022064209 | BETA (SCALE): 0.45298007130622864
2023-10-12 15:29:50,086 | INFO | hi-lo.gumbel-kernel : BOTTOM-RIGHT
tensor([[0.0000e+00, 0.0000e+00, 0.0000e+00],
        [0.0000e+00, 0.0000e+00, 1.4578e-07],
        [0.0000e+00, 1.4578e-07, 1.0000e+00]])
2023-10-12 15:29:50,086 | INFO | hi-lo.kernel-accessor : Fetching kernel: gumbel
2023-10-12 15:29:50,086 | INFO | hi-lo.gumbel-kernel : MU (LOCATION): -0.5633020401000977 | BETA (SCALE): 0.9350506067276001
2023-10-12 15:29:50,087 | INFO | hi-lo.gumbel-kernel : BOTTOM-LEFT
tensor([[1.6507e-12, 1.6213e-36, 0.0000e+00],
        [5.7817e-04, 1.6507e-12, 1.6213e-36],
        [9.9884e-01, 5.7817e-04, 1.6507e-12]])
2023-10-12 15:29:50,087 | INFO | hi-lo.kernel-accessor : Fetching kernel: gumbel
2023-10-12 15:29:50,087 | INFO | hi-lo.gumbel-kernel : MU (LOCATION): -1.0185779333114624 | BETA (SCALE): 2.5060925483703613
2023-10-12 15:29:50,088 | INFO | hi-lo.gumbel-kernel : BOTTOM-LEFT
tensor([[1.8708e-02, 1.0772e-03, 1.8605e-05],
        [1.4483e-01, 1.8708e-02, 1.0772e-03],
        [6.5204e-01, 1.4483e-01, 1.8708e-02]])
