2023-12-02 07:26:52,534 | INFO | hi-lo : 
+==============================================================+
|                                                              |
| ██████╗  █████╗ ██████╗ ██╗         ██╗      █████╗ ██████╗  |
| ██╔══██╗██╔══██╗██╔══██╗██║         ██║     ██╔══██╗██╔══██╗ |
| ██║  ██║███████║██║  ██║██║         ██║     ███████║██████╔╝ |
| ██║  ██║██╔══██║██║  ██║██║         ██║     ██╔══██║██╔══██╗ |
| ██████╔╝██║  ██║██████╔╝███████╗    ███████╗██║  ██║██████╔╝ |
| ╚═════╝ ╚═╝  ╚═╝╚═════╝ ╚══════╝    ╚══════╝╚═╝  ╚═╝╚═════╝  |
|                                                              |
+==============================================================+
|             Hi-Lo Resolution Image Classification            |
|             -------------------------------------            |
|                       Gabriel C. Trahan                      |
|                          Sahan Ahmad                         |
|                       MD  Aminual Islam                      |
+==============================================================+
| MODEL:                 normal | LR:                      0.1 |
| DISTRO:                gumbel | KERNEL TYPE:              14 |
| DATASET:              cifar10 | BATCH SIZE:               64 |
+=========================================================================+
2023-12-02 07:26:52,534 | INFO | hi-lo : Output directory: output/normal/gumbel/14/cifar10/20231202_072652
2023-12-02 07:26:52,534 | INFO | hi-lo.dataset-accessor : Fetching dataset: cifar10
2023-12-02 07:26:52,534 | INFO | hi-lo.cifar10-dataset : Initializing transform.
2023-12-02 07:26:52,534 | INFO | hi-lo.cifar10-dataset : Verifying/downloading train data.
2023-12-02 07:26:53,141 | INFO | hi-lo.cifar10-dataset : Verifying/downloading test data.
2023-12-02 07:26:53,632 | INFO | hi-lo.cifar10-dataset : Creating train data loader.
2023-12-02 07:26:53,632 | INFO | hi-lo.cifar10-dataset : Creating test data loader.
2023-12-02 07:26:54,633 | INFO | hi-lo : Using device: NVIDIA GeForce GTX 1060 6GB
2023-12-02 07:26:54,633 | INFO | hi-lo : Commencing training phase...
2023-12-02 07:26:54,634 | INFO | hi-lo : BEGIN EPOCH 1 =========================================================================
2023-12-02 07:26:54,634 | INFO | hi-lo.kernel-accessor : Fetching kernel: gumbel
2023-12-02 07:26:54,635 | INFO | hi-lo.gumbel-kernel : MU (LOCATION): 0.0 | BETA (SCALE): 1.0
2023-12-02 07:26:54,636 | INFO | hi-lo.gumbel-kernel : BOTTOM-LEFT
tensor([[2.0072e-04, 2.2609e-10, 8.5377e-26],
        [5.8259e-02, 2.0072e-04, 2.2609e-10],
        [8.8288e-01, 5.8259e-02, 2.0072e-04]])
2023-12-02 07:26:54,636 | INFO | hi-lo.kernel-accessor : Fetching kernel: gumbel
2023-12-02 07:26:54,636 | INFO | hi-lo.gumbel-kernel : MU (LOCATION): 0.0 | BETA (SCALE): 1.0
2023-12-02 07:26:54,636 | INFO | hi-lo.gumbel-kernel : TOP-LEFT
tensor([[8.8288e-01, 5.8259e-02, 2.0072e-04],
        [5.8259e-02, 2.0072e-04, 2.2609e-10],
        [2.0072e-04, 2.2609e-10, 8.5377e-26]])
2023-12-02 07:26:54,636 | INFO | hi-lo.kernel-accessor : Fetching kernel: gumbel
2023-12-02 07:26:54,636 | INFO | hi-lo.gumbel-kernel : MU (LOCATION): 0.0 | BETA (SCALE): 1.0
2023-12-02 07:26:54,637 | INFO | hi-lo.gumbel-kernel : BOTTOM-LEFT
tensor([[2.0072e-04, 2.2609e-10, 8.5377e-26],
        [5.8259e-02, 2.0072e-04, 2.2609e-10],
        [8.8288e-01, 5.8259e-02, 2.0072e-04]])
2023-12-02 07:26:54,637 | INFO | hi-lo.kernel-accessor : Fetching kernel: gumbel
2023-12-02 07:26:54,637 | INFO | hi-lo.gumbel-kernel : MU (LOCATION): 0.0 | BETA (SCALE): 1.0
2023-12-02 07:26:54,637 | INFO | hi-lo.gumbel-kernel : TOP-LEFT
tensor([[8.8288e-01, 5.8259e-02, 2.0072e-04],
        [5.8259e-02, 2.0072e-04, 2.2609e-10],
        [2.0072e-04, 2.2609e-10, 8.5377e-26]])
2023-12-02 07:27:03,826 | INFO | hi-lo : END EPOCH:   1 | ACCURACY: 46.09 | LOSS: 1.3794752359390259
2023-12-02 07:27:03,826 | INFO | hi-lo : BEGIN EPOCH 2 =========================================================================
2023-12-02 07:27:03,826 | INFO | hi-lo.kernel-accessor : Fetching kernel: gumbel
2023-12-02 07:27:03,827 | INFO | hi-lo.gumbel-kernel : MU (LOCATION): 0.0440683588385582 | BETA (SCALE): 0.5340508818626404
2023-12-02 07:27:03,827 | INFO | hi-lo.gumbel-kernel : BOTTOM-RIGHT
tensor([[0.0000e+00, 0.0000e+00, 1.4521e-17],
        [0.0000e+00, 1.4521e-17, 1.4411e-03],
        [1.4521e-17, 1.4411e-03, 9.9712e-01]])
2023-12-02 07:27:03,828 | INFO | hi-lo.kernel-accessor : Fetching kernel: gumbel
2023-12-02 07:27:03,828 | INFO | hi-lo.gumbel-kernel : MU (LOCATION): -0.3909635841846466 | BETA (SCALE): 0.7935022711753845
2023-12-02 07:27:03,829 | INFO | hi-lo.gumbel-kernel : BOTTOM-RIGHT
tensor([[0.0000e+00, 0.0000e+00, 3.9976e-15],
        [0.0000e+00, 3.9976e-15, 3.2603e-04],
        [3.9976e-15, 3.2603e-04, 9.9935e-01]])
2023-12-02 07:27:03,829 | INFO | hi-lo.kernel-accessor : Fetching kernel: gumbel
2023-12-02 07:27:03,829 | INFO | hi-lo.gumbel-kernel : MU (LOCATION): -1.3266092538833618 | BETA (SCALE): 1.4886410236358643
2023-12-02 07:27:03,830 | INFO | hi-lo.gumbel-kernel : TOP-LEFT
tensor([[9.9657e-01, 1.7170e-03, 1.2697e-08],
        [1.7170e-03, 1.2697e-08, 2.1787e-18],
        [1.2697e-08, 2.1787e-18, 3.1617e-37]])
2023-12-02 07:27:03,830 | INFO | hi-lo.kernel-accessor : Fetching kernel: gumbel
2023-12-02 07:27:03,830 | INFO | hi-lo.gumbel-kernel : MU (LOCATION): 1 | BETA (SCALE): 1
2023-12-02 07:27:03,831 | INFO | hi-lo.gumbel-kernel : STATIC
tensor([[5.6765e-01, 1.6550e-01, 3.2357e-02],
        [1.6550e-01, 3.2357e-02, 2.1352e-03],
        [3.2357e-02, 2.1352e-03, 7.3562e-06]])
2023-12-02 07:27:12,297 | INFO | hi-lo : END EPOCH:   2 | ACCURACY: 56.25 | LOSS: 1.40292227268219
2023-12-02 07:27:12,298 | INFO | hi-lo : BEGIN EPOCH 3 =========================================================================
2023-12-02 07:27:12,298 | INFO | hi-lo.kernel-accessor : Fetching kernel: gumbel
2023-12-02 07:27:12,299 | INFO | hi-lo.gumbel-kernel : MU (LOCATION): -0.06784091889858246 | BETA (SCALE): 0.4780212342739105
2023-12-02 07:27:12,299 | INFO | hi-lo.gumbel-kernel : BOTTOM-RIGHT
tensor([[0.0000e+00, 0.0000e+00, 8.0597e-40],
        [0.0000e+00, 8.0593e-40, 9.8963e-06],
        [8.0597e-40, 9.8963e-06, 9.9998e-01]])
2023-12-02 07:27:12,299 | INFO | hi-lo.kernel-accessor : Fetching kernel: gumbel
2023-12-02 07:27:12,300 | INFO | hi-lo.gumbel-kernel : MU (LOCATION): -0.554343581199646 | BETA (SCALE): 0.8214636445045471
2023-12-02 07:27:12,300 | INFO | hi-lo.gumbel-kernel : BOTTOM-LEFT
tensor([[3.2039e-19, 0.0000e+00, 0.0000e+00],
        [3.0804e-05, 3.2040e-19, 0.0000e+00],
        [9.9994e-01, 3.0804e-05, 3.2039e-19]])
2023-12-02 07:27:12,300 | INFO | hi-lo.kernel-accessor : Fetching kernel: gumbel
2023-12-02 07:27:12,301 | INFO | hi-lo.gumbel-kernel : MU (LOCATION): -1.601386547088623 | BETA (SCALE): 1.955796718597412
2023-12-02 07:27:12,301 | INFO | hi-lo.gumbel-kernel : TOP-LEFT
tensor([[9.6259e-01, 1.8649e-02, 3.6548e-05],
        [1.8649e-02, 3.6548e-05, 1.5701e-09],
        [3.6548e-05, 1.5701e-09, 1.1548e-16]])
2023-12-02 07:27:12,302 | INFO | hi-lo.kernel-accessor : Fetching kernel: gumbel
2023-12-02 07:27:12,302 | INFO | hi-lo.gumbel-kernel : MU (LOCATION): -1.5047732591629028 | BETA (SCALE): 1.5827105045318604
2023-12-02 07:27:12,302 | INFO | hi-lo.gumbel-kernel : TOP-RIGHT
tensor([[1.1705e-08, 1.4528e-03, 9.9709e-01],
        [5.3497e-18, 1.1705e-08, 1.4528e-03],
        [2.5181e-35, 5.3497e-18, 1.1705e-08]])
2023-12-02 07:27:20,754 | INFO | hi-lo : END EPOCH:   3 | ACCURACY: 59.38 | LOSS: 1.1706671714782715
2023-12-02 07:27:20,754 | INFO | hi-lo : BEGIN EPOCH 4 =========================================================================
2023-12-02 07:27:20,754 | INFO | hi-lo.kernel-accessor : Fetching kernel: gumbel
2023-12-02 07:27:20,755 | INFO | hi-lo.gumbel-kernel : MU (LOCATION): 0.08338552713394165 | BETA (SCALE): 0.5027069449424744
2023-12-02 07:27:20,756 | INFO | hi-lo.gumbel-kernel : TOP-RIGHT
tensor([[8.4730e-19, 1.4728e-03, 9.9705e-01],
        [0.0000e+00, 8.4731e-19, 1.4728e-03],
        [0.0000e+00, 0.0000e+00, 8.4730e-19]])
2023-12-02 07:27:20,756 | INFO | hi-lo.kernel-accessor : Fetching kernel: gumbel
2023-12-02 07:27:20,756 | INFO | hi-lo.gumbel-kernel : MU (LOCATION): -0.6981222629547119 | BETA (SCALE): 0.7788171768188477
2023-12-02 07:27:20,757 | INFO | hi-lo.gumbel-kernel : BOTTOM-RIGHT
tensor([[0.0000e+00, 0.0000e+00, 3.0216e-33],
        [0.0000e+00, 3.0216e-33, 4.2822e-08],
        [3.0216e-33, 4.2822e-08, 1.0000e+00]])
2023-12-02 07:27:20,757 | INFO | hi-lo.kernel-accessor : Fetching kernel: gumbel
2023-12-02 07:27:20,757 | INFO | hi-lo.gumbel-kernel : MU (LOCATION): 1 | BETA (SCALE): 1
2023-12-02 07:27:20,758 | INFO | hi-lo.gumbel-kernel : STATIC
tensor([[5.6765e-01, 1.6550e-01, 3.2357e-02],
        [1.6550e-01, 3.2357e-02, 2.1352e-03],
        [3.2357e-02, 2.1352e-03, 7.3562e-06]])
2023-12-02 07:27:20,758 | INFO | hi-lo.kernel-accessor : Fetching kernel: gumbel
2023-12-02 07:27:20,758 | INFO | hi-lo.gumbel-kernel : MU (LOCATION): -1.7925492525100708 | BETA (SCALE): 1.9859685897827148
2023-12-02 07:27:20,759 | INFO | hi-lo.gumbel-kernel : BOTTOM-LEFT
tensor([[9.2032e-06, 1.0299e-10, 9.2035e-19],
        [1.1038e-02, 9.2032e-06, 1.0299e-10],
        [9.7790e-01, 1.1038e-02, 9.2032e-06]])
2023-12-02 07:27:29,325 | INFO | hi-lo : END EPOCH:   4 | ACCURACY: 58.2 | LOSS: 1.361548900604248
2023-12-02 07:27:29,325 | INFO | hi-lo : BEGIN EPOCH 5 =========================================================================
2023-12-02 07:27:29,326 | INFO | hi-lo.kernel-accessor : Fetching kernel: gumbel
2023-12-02 07:27:29,326 | INFO | hi-lo.gumbel-kernel : MU (LOCATION): -0.12557044625282288 | BETA (SCALE): 0.45328986644744873
2023-12-02 07:27:29,327 | INFO | hi-lo.gumbel-kernel : BOTTOM-RIGHT
tensor([[0.0000e+00, 0.0000e+00, 0.0000e+00],
        [0.0000e+00, 0.0000e+00, 8.6097e-08],
        [0.0000e+00, 8.6097e-08, 1.0000e+00]])
2023-12-02 07:27:29,327 | INFO | hi-lo.kernel-accessor : Fetching kernel: gumbel
2023-12-02 07:27:29,328 | INFO | hi-lo.gumbel-kernel : MU (LOCATION): -0.7237287163734436 | BETA (SCALE): 0.8292012214660645
2023-12-02 07:27:29,328 | INFO | hi-lo.gumbel-kernel : BOTTOM-LEFT
tensor([[4.8141e-27, 0.0000e+00, 0.0000e+00],
        [4.5052e-07, 4.8141e-27, 0.0000e+00],
        [1.0000e+00, 4.5052e-07, 4.8141e-27]])
2023-12-02 07:27:29,328 | INFO | hi-lo.kernel-accessor : Fetching kernel: gumbel
2023-12-02 07:27:29,329 | INFO | hi-lo.gumbel-kernel : MU (LOCATION): -1.8360329866409302 | BETA (SCALE): 2.3009698390960693
2023-12-02 07:27:29,329 | INFO | hi-lo.gumbel-kernel : BOTTOM-LEFT
tensor([[4.1517e-04, 4.4495e-07, 1.4605e-11],
        [4.0536e-02, 4.1517e-04, 4.4495e-07],
        [9.1768e-01, 4.0536e-02, 4.1517e-04]])
2023-12-02 07:27:29,329 | INFO | hi-lo.kernel-accessor : Fetching kernel: gumbel
2023-12-02 07:27:29,330 | INFO | hi-lo.gumbel-kernel : MU (LOCATION): 1 | BETA (SCALE): 1
2023-12-02 07:27:29,330 | INFO | hi-lo.gumbel-kernel : STATIC
tensor([[5.6765e-01, 1.6550e-01, 3.2357e-02],
        [1.6550e-01, 3.2357e-02, 2.1352e-03],
        [3.2357e-02, 2.1352e-03, 7.3562e-06]])
2023-12-02 07:27:37,744 | INFO | hi-lo : END EPOCH:   5 | ACCURACY: 66.41 | LOSS: 1.0874933004379272
2023-12-02 07:27:37,744 | INFO | hi-lo : BEGIN EPOCH 6 =========================================================================
2023-12-02 07:27:37,744 | INFO | hi-lo.kernel-accessor : Fetching kernel: gumbel
2023-12-02 07:27:37,745 | INFO | hi-lo.gumbel-kernel : MU (LOCATION): 1 | BETA (SCALE): 1
2023-12-02 07:27:37,746 | INFO | hi-lo.gumbel-kernel : STATIC
tensor([[5.6765e-01, 1.6550e-01, 3.2357e-02],
        [1.6550e-01, 3.2357e-02, 2.1352e-03],
        [3.2357e-02, 2.1352e-03, 7.3562e-06]])
2023-12-02 07:27:37,746 | INFO | hi-lo.kernel-accessor : Fetching kernel: gumbel
2023-12-02 07:27:37,746 | INFO | hi-lo.gumbel-kernel : MU (LOCATION): -0.5779173970222473 | BETA (SCALE): 0.9312318563461304
2023-12-02 07:27:37,747 | INFO | hi-lo.gumbel-kernel : TOP-RIGHT
tensor([[5.0127e-13, 4.3495e-04, 9.9913e-01],
        [2.7505e-38, 5.0127e-13, 4.3495e-04],
        [0.0000e+00, 2.7505e-38, 5.0127e-13]])
2023-12-02 07:27:37,747 | INFO | hi-lo.kernel-accessor : Fetching kernel: gumbel
2023-12-02 07:27:37,748 | INFO | hi-lo.gumbel-kernel : MU (LOCATION): -2.5699353218078613 | BETA (SCALE): 2.8348159790039062
2023-12-02 07:27:37,748 | INFO | hi-lo.gumbel-kernel : BOTTOM-RIGHT
tensor([[1.2301e-09, 3.0732e-06, 8.3331e-04],
        [3.0732e-06, 8.3331e-04, 4.7456e-02],
        [8.3331e-04, 4.7456e-02, 9.0258e-01]])
2023-12-02 07:27:37,748 | INFO | hi-lo.kernel-accessor : Fetching kernel: gumbel
2023-12-02 07:27:37,749 | INFO | hi-lo.gumbel-kernel : MU (LOCATION): -2.2944440841674805 | BETA (SCALE): 2.3216042518615723
2023-12-02 07:27:37,749 | INFO | hi-lo.gumbel-kernel : TOP-LEFT
tensor([[9.7395e-01, 1.2993e-02, 2.1391e-05],
        [1.2993e-02, 2.1391e-05, 1.4088e-09],
        [2.1391e-05, 1.4088e-09, 6.5610e-16]])
2023-12-02 07:27:46,239 | INFO | hi-lo : END EPOCH:   6 | ACCURACY: 55.47 | LOSS: 1.2535130977630615
2023-12-02 07:27:46,239 | INFO | hi-lo : BEGIN EPOCH 7 =========================================================================
2023-12-02 07:27:46,239 | INFO | hi-lo.kernel-accessor : Fetching kernel: gumbel
2023-12-02 07:27:46,240 | INFO | hi-lo.gumbel-kernel : MU (LOCATION): -0.13501757383346558 | BETA (SCALE): 0.4769327640533447
2023-12-02 07:27:46,240 | INFO | hi-lo.gumbel-kernel : TOP-LEFT
tensor([[1.0000e+00, 4.2409e-07, 0.0000e+00],
        [4.2409e-07, 0.0000e+00, 0.0000e+00],
        [0.0000e+00, 0.0000e+00, 0.0000e+00]])
2023-12-02 07:27:46,240 | INFO | hi-lo.kernel-accessor : Fetching kernel: gumbel
2023-12-02 07:27:46,241 | INFO | hi-lo.gumbel-kernel : MU (LOCATION): -0.6837530732154846 | BETA (SCALE): 0.9808332920074463
2023-12-02 07:27:46,241 | INFO | hi-lo.gumbel-kernel : TOP-RIGHT
tensor([[2.5774e-13, 2.8465e-04, 9.9943e-01],
        [1.3455e-37, 2.5774e-13, 2.8465e-04],
        [0.0000e+00, 1.3455e-37, 2.5774e-13]])
2023-12-02 07:27:46,242 | INFO | hi-lo.kernel-accessor : Fetching kernel: gumbel
2023-12-02 07:27:46,242 | INFO | hi-lo.gumbel-kernel : MU (LOCATION): -2.138137102127075 | BETA (SCALE): 2.399226188659668
2023-12-02 07:27:46,242 | INFO | hi-lo.gumbel-kernel : TOP-LEFT
tensor([[9.4202e-01, 2.8722e-02, 1.7870e-04],
        [2.8722e-02, 1.7870e-04, 9.9740e-08],
        [1.7870e-04, 9.9740e-08, 1.4353e-12]])
2023-12-02 07:27:46,243 | INFO | hi-lo.kernel-accessor : Fetching kernel: gumbel
2023-12-02 07:27:46,243 | INFO | hi-lo.gumbel-kernel : MU (LOCATION): -1.9008104801177979 | BETA (SCALE): 1.9486404657363892
2023-12-02 07:27:46,244 | INFO | hi-lo.gumbel-kernel : BOTTOM-RIGHT
tensor([[2.2986e-22, 1.3708e-12, 1.1966e-06],
        [1.3708e-12, 1.1966e-06, 5.2923e-03],
        [1.1966e-06, 5.2923e-03, 9.8941e-01]])
2023-12-02 07:27:54,648 | INFO | hi-lo : END EPOCH:   7 | ACCURACY: 58.51 | LOSS: 1.1871941089630127
2023-12-02 07:27:54,649 | INFO | hi-lo : BEGIN EPOCH 8 =========================================================================
2023-12-02 07:27:54,649 | INFO | hi-lo.kernel-accessor : Fetching kernel: gumbel
2023-12-02 07:27:54,650 | INFO | hi-lo.gumbel-kernel : MU (LOCATION): -0.03308247774839401 | BETA (SCALE): 0.5377373099327087
2023-12-02 07:27:54,650 | INFO | hi-lo.gumbel-kernel : TOP-LEFT
tensor([[9.9932e-01, 3.3829e-04, 4.1945e-22],
        [3.3829e-04, 4.1945e-22, 0.0000e+00],
        [4.1945e-22, 0.0000e+00, 0.0000e+00]])
2023-12-02 07:27:54,650 | INFO | hi-lo.kernel-accessor : Fetching kernel: gumbel
2023-12-02 07:27:54,651 | INFO | hi-lo.gumbel-kernel : MU (LOCATION): -0.7629839181900024 | BETA (SCALE): 0.8963520526885986
2023-12-02 07:27:54,651 | INFO | hi-lo.gumbel-kernel : BOTTOM-RIGHT
tensor([[0.0000e+00, 0.0000e+00, 1.6741e-21],
        [0.0000e+00, 1.6741e-21, 4.2328e-06],
        [1.6741e-21, 4.2328e-06, 9.9999e-01]])
2023-12-02 07:27:54,651 | INFO | hi-lo.kernel-accessor : Fetching kernel: gumbel
2023-12-02 07:27:54,652 | INFO | hi-lo.gumbel-kernel : MU (LOCATION): -2.1560192108154297 | BETA (SCALE): 2.5401248931884766
2023-12-02 07:27:54,652 | INFO | hi-lo.gumbel-kernel : BOTTOM-RIGHT
tensor([[1.5617e-10, 1.2353e-06, 5.9841e-04],
        [1.2353e-06, 5.9841e-04, 4.4057e-02],
        [5.9841e-04, 4.4057e-02, 9.1009e-01]])
2023-12-02 07:27:54,653 | INFO | hi-lo.kernel-accessor : Fetching kernel: gumbel
2023-12-02 07:27:54,653 | INFO | hi-lo.gumbel-kernel : MU (LOCATION): -2.518481731414795 | BETA (SCALE): 2.3445661067962646
2023-12-02 07:27:54,654 | INFO | hi-lo.gumbel-kernel : TOP-RIGHT
tensor([[4.0801e-06, 6.7446e-03, 9.8650e-01],
        [6.0125e-11, 4.0801e-06, 6.7446e-03],
        [2.9921e-18, 6.0125e-11, 4.0801e-06]])
2023-12-02 07:28:03,098 | INFO | hi-lo : END EPOCH:   8 | ACCURACY: 54.62 | LOSS: 1.3372374773025513
2023-12-02 07:28:03,098 | INFO | hi-lo : BEGIN EPOCH 9 =========================================================================
2023-12-02 07:28:03,099 | INFO | hi-lo.kernel-accessor : Fetching kernel: gumbel
2023-12-02 07:28:03,099 | INFO | hi-lo.gumbel-kernel : MU (LOCATION): 0.08395534753799438 | BETA (SCALE): 0.49191248416900635
2023-12-02 07:28:03,100 | INFO | hi-lo.gumbel-kernel : BOTTOM-RIGHT
tensor([[0.0000e+00, 0.0000e+00, 3.4805e-20],
        [0.0000e+00, 3.4805e-20, 1.1683e-03],
        [3.4805e-20, 1.1683e-03, 9.9766e-01]])
2023-12-02 07:28:03,100 | INFO | hi-lo.kernel-accessor : Fetching kernel: gumbel
2023-12-02 07:28:03,101 | INFO | hi-lo.gumbel-kernel : MU (LOCATION): 1 | BETA (SCALE): 1
2023-12-02 07:28:03,101 | INFO | hi-lo.gumbel-kernel : STATIC
tensor([[5.6765e-01, 1.6550e-01, 3.2357e-02],
        [1.6550e-01, 3.2357e-02, 2.1352e-03],
        [3.2357e-02, 2.1352e-03, 7.3562e-06]])
2023-12-02 07:28:03,101 | INFO | hi-lo.kernel-accessor : Fetching kernel: gumbel
2023-12-02 07:28:03,102 | INFO | hi-lo.gumbel-kernel : MU (LOCATION): -2.717952251434326 | BETA (SCALE): 3.0939812660217285
2023-12-02 07:28:03,102 | INFO | hi-lo.gumbel-kernel : BOTTOM-LEFT
tensor([[2.3199e-03, 2.4682e-05, 5.2481e-08],
        [6.7986e-02, 2.3199e-03, 2.4682e-05],
        [8.5702e-01, 6.7986e-02, 2.3199e-03]])
2023-12-02 07:28:03,102 | INFO | hi-lo.kernel-accessor : Fetching kernel: gumbel
2023-12-02 07:28:03,103 | INFO | hi-lo.gumbel-kernel : MU (LOCATION): 1 | BETA (SCALE): 1
2023-12-02 07:28:03,103 | INFO | hi-lo.gumbel-kernel : STATIC
tensor([[5.6765e-01, 1.6550e-01, 3.2357e-02],
        [1.6550e-01, 3.2357e-02, 2.1352e-03],
        [3.2357e-02, 2.1352e-03, 7.3562e-06]])
2023-12-02 07:28:11,502 | INFO | hi-lo : END EPOCH:   9 | ACCURACY: 59.38 | LOSS: 0.8825450539588928
2023-12-02 07:28:11,502 | INFO | hi-lo : BEGIN EPOCH 10 =========================================================================
2023-12-02 07:28:11,502 | INFO | hi-lo.kernel-accessor : Fetching kernel: gumbel
2023-12-02 07:28:11,503 | INFO | hi-lo.gumbel-kernel : MU (LOCATION): -0.028808897361159325 | BETA (SCALE): 0.5016282796859741
2023-12-02 07:28:11,503 | INFO | hi-lo.gumbel-kernel : BOTTOM-LEFT
tensor([[3.1683e-28, 0.0000e+00, 0.0000e+00],
        [1.1091e-04, 3.1682e-28, 0.0000e+00],
        [9.9978e-01, 1.1091e-04, 3.1683e-28]])
2023-12-02 07:28:11,504 | INFO | hi-lo.kernel-accessor : Fetching kernel: gumbel
2023-12-02 07:28:11,504 | INFO | hi-lo.gumbel-kernel : MU (LOCATION): -0.6807377934455872 | BETA (SCALE): 0.9835600852966309
2023-12-02 07:28:11,505 | INFO | hi-lo.gumbel-kernel : TOP-RIGHT
tensor([[4.0281e-13, 3.1618e-04, 9.9937e-01],
        [6.2783e-37, 4.0281e-13, 3.1618e-04],
        [0.0000e+00, 6.2783e-37, 4.0281e-13]])
2023-12-02 07:28:11,505 | INFO | hi-lo.kernel-accessor : Fetching kernel: gumbel
2023-12-02 07:28:11,505 | INFO | hi-lo.gumbel-kernel : MU (LOCATION): -2.044548511505127 | BETA (SCALE): 2.68867564201355
2023-12-02 07:28:11,506 | INFO | hi-lo.gumbel-kernel : TOP-RIGHT
tensor([[2.5657e-03, 7.4048e-02, 8.4416e-01],
        [2.3107e-05, 2.5657e-03, 7.4048e-02],
        [2.9479e-08, 2.3107e-05, 2.5657e-03]])
2023-12-02 07:28:11,506 | INFO | hi-lo.kernel-accessor : Fetching kernel: gumbel
2023-12-02 07:28:11,506 | INFO | hi-lo.gumbel-kernel : MU (LOCATION): -2.3656787872314453 | BETA (SCALE): 2.234524965286255
2023-12-02 07:28:11,507 | INFO | hi-lo.gumbel-kernel : BOTTOM-RIGHT
tensor([[1.6217e-19, 1.5968e-11, 2.4142e-06],
        [1.5968e-11, 2.4142e-06, 5.8035e-03],
        [2.4142e-06, 5.8035e-03, 9.8839e-01]])
2023-12-02 07:28:20,104 | INFO | hi-lo : END EPOCH:  10 | ACCURACY: 62.5 | LOSS: 1.234156608581543
2023-12-02 07:28:20,104 | INFO | hi-lo : BEGIN EPOCH 11 =========================================================================
2023-12-02 07:28:20,105 | INFO | hi-lo.kernel-accessor : Fetching kernel: gumbel
2023-12-02 07:28:20,105 | INFO | hi-lo.gumbel-kernel : MU (LOCATION): -0.05702963471412659 | BETA (SCALE): 0.5132876038551331
2023-12-02 07:28:20,106 | INFO | hi-lo.gumbel-kernel : BOTTOM-RIGHT
tensor([[0.0000e+00, 0.0000e+00, 1.4155e-28],
        [0.0000e+00, 1.4156e-28, 7.7777e-05],
        [1.4155e-28, 7.7777e-05, 9.9984e-01]])
2023-12-02 07:28:20,106 | INFO | hi-lo.kernel-accessor : Fetching kernel: gumbel
2023-12-02 07:28:20,107 | INFO | hi-lo.gumbel-kernel : MU (LOCATION): -0.7064045667648315 | BETA (SCALE): 0.9696583151817322
2023-12-02 07:28:20,107 | INFO | hi-lo.gumbel-kernel : BOTTOM-LEFT
tensor([[2.0048e-14, 2.4331e-41, 0.0000e+00],
        [1.5388e-04, 2.0048e-14, 2.4331e-41],
        [9.9969e-01, 1.5388e-04, 2.0048e-14]])
2023-12-02 07:28:20,107 | INFO | hi-lo.kernel-accessor : Fetching kernel: gumbel
2023-12-02 07:28:20,108 | INFO | hi-lo.gumbel-kernel : MU (LOCATION): 1 | BETA (SCALE): 1
2023-12-02 07:28:20,108 | INFO | hi-lo.gumbel-kernel : STATIC
tensor([[5.6765e-01, 1.6550e-01, 3.2357e-02],
        [1.6550e-01, 3.2357e-02, 2.1352e-03],
        [3.2357e-02, 2.1352e-03, 7.3562e-06]])
2023-12-02 07:28:20,108 | INFO | hi-lo.kernel-accessor : Fetching kernel: gumbel
2023-12-02 07:28:20,109 | INFO | hi-lo.gumbel-kernel : MU (LOCATION): -2.329601287841797 | BETA (SCALE): 2.417421817779541
2023-12-02 07:28:20,109 | INFO | hi-lo.gumbel-kernel : BOTTOM-LEFT
tensor([[6.0642e-05, 1.2770e-08, 4.3444e-14],
        [1.8823e-02, 6.0642e-05, 1.2770e-08],
        [9.6217e-01, 1.8823e-02, 6.0642e-05]])
2023-12-02 07:28:28,711 | INFO | hi-lo : END EPOCH:  11 | ACCURACY: 64.29 | LOSS: 1.0801647901535034
2023-12-02 07:28:28,711 | INFO | hi-lo : BEGIN EPOCH 12 =========================================================================
2023-12-02 07:28:28,712 | INFO | hi-lo.kernel-accessor : Fetching kernel: gumbel
2023-12-02 07:28:28,712 | INFO | hi-lo.gumbel-kernel : MU (LOCATION): 1 | BETA (SCALE): 1
2023-12-02 07:28:28,713 | INFO | hi-lo.gumbel-kernel : STATIC
tensor([[5.6765e-01, 1.6550e-01, 3.2357e-02],
        [1.6550e-01, 3.2357e-02, 2.1352e-03],
        [3.2357e-02, 2.1352e-03, 7.3562e-06]])
2023-12-02 07:28:28,713 | INFO | hi-lo.kernel-accessor : Fetching kernel: gumbel
2023-12-02 07:28:28,713 | INFO | hi-lo.gumbel-kernel : MU (LOCATION): -0.7326366901397705 | BETA (SCALE): 1.0017480850219727
2023-12-02 07:28:28,714 | INFO | hi-lo.gumbel-kernel : BOTTOM-LEFT
tensor([[1.5872e-13, 1.2817e-37, 0.0000e+00],
        [2.2549e-04, 1.5872e-13, 1.2817e-37],
        [9.9955e-01, 2.2549e-04, 1.5872e-13]])
2023-12-02 07:28:28,714 | INFO | hi-lo.kernel-accessor : Fetching kernel: gumbel
2023-12-02 07:28:28,715 | INFO | hi-lo.gumbel-kernel : MU (LOCATION): 1 | BETA (SCALE): 1
2023-12-02 07:28:28,715 | INFO | hi-lo.gumbel-kernel : STATIC
tensor([[5.6765e-01, 1.6550e-01, 3.2357e-02],
        [1.6550e-01, 3.2357e-02, 2.1352e-03],
        [3.2357e-02, 2.1352e-03, 7.3562e-06]])
2023-12-02 07:28:28,715 | INFO | hi-lo.kernel-accessor : Fetching kernel: gumbel
2023-12-02 07:28:28,716 | INFO | hi-lo.gumbel-kernel : MU (LOCATION): -2.0621304512023926 | BETA (SCALE): 2.0391790866851807
2023-12-02 07:28:28,716 | INFO | hi-lo.gumbel-kernel : BOTTOM-LEFT
tensor([[1.2585e-06, 2.2250e-12, 1.2260e-21],
        [5.0719e-03, 1.2585e-06, 2.2250e-12],
        [9.8985e-01, 5.0719e-03, 1.2585e-06]])
2023-12-02 07:28:37,140 | INFO | hi-lo : END EPOCH:  12 | ACCURACY: 66.93 | LOSS: 1.1135541200637817
2023-12-02 07:28:37,140 | INFO | hi-lo : BEGIN EPOCH 13 =========================================================================
2023-12-02 07:28:37,141 | INFO | hi-lo.kernel-accessor : Fetching kernel: gumbel
2023-12-02 07:28:37,141 | INFO | hi-lo.gumbel-kernel : MU (LOCATION): 1 | BETA (SCALE): 1
2023-12-02 07:28:37,142 | INFO | hi-lo.gumbel-kernel : STATIC
tensor([[5.6765e-01, 1.6550e-01, 3.2357e-02],
        [1.6550e-01, 3.2357e-02, 2.1352e-03],
        [3.2357e-02, 2.1352e-03, 7.3562e-06]])
2023-12-02 07:28:37,142 | INFO | hi-lo.kernel-accessor : Fetching kernel: gumbel
2023-12-02 07:28:37,143 | INFO | hi-lo.gumbel-kernel : MU (LOCATION): -0.6676245331764221 | BETA (SCALE): 0.9883335828781128
2023-12-02 07:28:37,143 | INFO | hi-lo.gumbel-kernel : BOTTOM-LEFT
tensor([[1.2901e-12, 2.8953e-35, 0.0000e+00],
        [4.2132e-04, 1.2901e-12, 2.8953e-35],
        [9.9916e-01, 4.2132e-04, 1.2901e-12]])
2023-12-02 07:28:37,144 | INFO | hi-lo.kernel-accessor : Fetching kernel: gumbel
2023-12-02 07:28:37,144 | INFO | hi-lo.gumbel-kernel : MU (LOCATION): -2.2236175537109375 | BETA (SCALE): 2.5054500102996826
2023-12-02 07:28:37,145 | INFO | hi-lo.gumbel-kernel : BOTTOM-LEFT
tensor([[3.0992e-04, 3.3519e-07, 1.5470e-11],
        [3.4527e-02, 3.0992e-04, 3.3519e-07],
        [9.3001e-01, 3.4527e-02, 3.0992e-04]])
2023-12-02 07:28:37,145 | INFO | hi-lo.kernel-accessor : Fetching kernel: gumbel
2023-12-02 07:28:37,145 | INFO | hi-lo.gumbel-kernel : MU (LOCATION): -1.8811719417572021 | BETA (SCALE): 2.0770373344421387
2023-12-02 07:28:37,146 | INFO | hi-lo.gumbel-kernel : BOTTOM-RIGHT
tensor([[3.7746e-17, 5.6593e-10, 1.8473e-05],
        [5.6593e-10, 1.8473e-05, 1.3659e-02],
        [1.8473e-05, 1.3659e-02, 9.7263e-01]])
2023-12-02 07:28:45,535 | INFO | hi-lo : END EPOCH:  13 | ACCURACY: 55.54 | LOSS: 1.460728406906128
2023-12-02 07:28:45,535 | INFO | hi-lo : BEGIN EPOCH 14 =========================================================================
2023-12-02 07:28:45,535 | INFO | hi-lo.kernel-accessor : Fetching kernel: gumbel
2023-12-02 07:28:45,536 | INFO | hi-lo.gumbel-kernel : MU (LOCATION): -0.21648713946342468 | BETA (SCALE): 0.3979623317718506
2023-12-02 07:28:45,537 | INFO | hi-lo.gumbel-kernel : BOTTOM-LEFT
tensor([[0.0000e+00, 0.0000e+00, 0.0000e+00],
        [1.9544e-16, 0.0000e+00, 0.0000e+00],
        [1.0000e+00, 1.9544e-16, 0.0000e+00]])
2023-12-02 07:28:45,537 | INFO | hi-lo.kernel-accessor : Fetching kernel: gumbel
2023-12-02 07:28:45,537 | INFO | hi-lo.gumbel-kernel : MU (LOCATION): 1 | BETA (SCALE): 1
2023-12-02 07:28:45,538 | INFO | hi-lo.gumbel-kernel : STATIC
tensor([[5.6765e-01, 1.6550e-01, 3.2357e-02],
        [1.6550e-01, 3.2357e-02, 2.1352e-03],
        [3.2357e-02, 2.1352e-03, 7.3562e-06]])
2023-12-02 07:28:45,538 | INFO | hi-lo.kernel-accessor : Fetching kernel: gumbel
2023-12-02 07:28:45,539 | INFO | hi-lo.gumbel-kernel : MU (LOCATION): 1 | BETA (SCALE): 1
2023-12-02 07:28:45,539 | INFO | hi-lo.gumbel-kernel : STATIC
tensor([[5.6765e-01, 1.6550e-01, 3.2357e-02],
        [1.6550e-01, 3.2357e-02, 2.1352e-03],
        [3.2357e-02, 2.1352e-03, 7.3562e-06]])
2023-12-02 07:28:45,539 | INFO | hi-lo.kernel-accessor : Fetching kernel: gumbel
2023-12-02 07:28:45,540 | INFO | hi-lo.gumbel-kernel : MU (LOCATION): 1 | BETA (SCALE): 1
2023-12-02 07:28:45,540 | INFO | hi-lo.gumbel-kernel : STATIC
tensor([[5.6765e-01, 1.6550e-01, 3.2357e-02],
        [1.6550e-01, 3.2357e-02, 2.1352e-03],
        [3.2357e-02, 2.1352e-03, 7.3562e-06]])
2023-12-02 07:28:54,020 | INFO | hi-lo : END EPOCH:  14 | ACCURACY: 61.52 | LOSS: 0.9611968398094177
2023-12-02 07:28:54,020 | INFO | hi-lo : BEGIN EPOCH 15 =========================================================================
2023-12-02 07:28:54,020 | INFO | hi-lo.kernel-accessor : Fetching kernel: gumbel
2023-12-02 07:28:54,021 | INFO | hi-lo.gumbel-kernel : MU (LOCATION): -0.11845334619283676 | BETA (SCALE): 0.5306649804115295
2023-12-02 07:28:54,022 | INFO | hi-lo.gumbel-kernel : BOTTOM-RIGHT
tensor([[0.0000e+00, 0.0000e+00, 4.3068e-31],
        [0.0000e+00, 4.3066e-31, 2.4704e-05],
        [4.3068e-31, 2.4704e-05, 9.9995e-01]])
2023-12-02 07:28:54,022 | INFO | hi-lo.kernel-accessor : Fetching kernel: gumbel
2023-12-02 07:28:54,022 | INFO | hi-lo.gumbel-kernel : MU (LOCATION): -0.6532344818115234 | BETA (SCALE): 1.0393098592758179
2023-12-02 07:28:54,023 | INFO | hi-lo.gumbel-kernel : TOP-LEFT
tensor([[9.9741e-01, 1.2941e-03, 1.7046e-10],
        [1.2941e-03, 1.7046e-10, 7.9243e-28],
        [1.7046e-10, 7.9243e-28, 0.0000e+00]])
2023-12-02 07:28:54,023 | INFO | hi-lo.kernel-accessor : Fetching kernel: gumbel
2023-12-02 07:28:54,023 | INFO | hi-lo.gumbel-kernel : MU (LOCATION): 1 | BETA (SCALE): 1
2023-12-02 07:28:54,024 | INFO | hi-lo.gumbel-kernel : STATIC
tensor([[5.6765e-01, 1.6550e-01, 3.2357e-02],
        [1.6550e-01, 3.2357e-02, 2.1352e-03],
        [3.2357e-02, 2.1352e-03, 7.3562e-06]])
2023-12-02 07:28:54,024 | INFO | hi-lo.kernel-accessor : Fetching kernel: gumbel
2023-12-02 07:28:54,025 | INFO | hi-lo.gumbel-kernel : MU (LOCATION): 1 | BETA (SCALE): 1
2023-12-02 07:28:54,025 | INFO | hi-lo.gumbel-kernel : STATIC
tensor([[5.6765e-01, 1.6550e-01, 3.2357e-02],
        [1.6550e-01, 3.2357e-02, 2.1352e-03],
        [3.2357e-02, 2.1352e-03, 7.3562e-06]])
2023-12-02 07:29:02,487 | INFO | hi-lo : END EPOCH:  15 | ACCURACY: 64.84 | LOSS: 0.767099142074585
2023-12-02 07:29:02,487 | INFO | hi-lo : BEGIN EPOCH 16 =========================================================================
2023-12-02 07:29:02,487 | INFO | hi-lo.kernel-accessor : Fetching kernel: gumbel
2023-12-02 07:29:02,488 | INFO | hi-lo.gumbel-kernel : MU (LOCATION): -0.09666051715612411 | BETA (SCALE): 0.43262696266174316
2023-12-02 07:29:02,489 | INFO | hi-lo.gumbel-kernel : BOTTOM-LEFT
tensor([[0.0000e+00, 0.0000e+00, 0.0000e+00],
        [6.6818e-08, 0.0000e+00, 0.0000e+00],
        [1.0000e+00, 6.6818e-08, 0.0000e+00]])
2023-12-02 07:29:02,489 | INFO | hi-lo.kernel-accessor : Fetching kernel: gumbel
2023-12-02 07:29:02,489 | INFO | hi-lo.gumbel-kernel : MU (LOCATION): 1 | BETA (SCALE): 1
2023-12-02 07:29:02,490 | INFO | hi-lo.gumbel-kernel : STATIC
tensor([[5.6765e-01, 1.6550e-01, 3.2357e-02],
        [1.6550e-01, 3.2357e-02, 2.1352e-03],
        [3.2357e-02, 2.1352e-03, 7.3562e-06]])
2023-12-02 07:29:02,490 | INFO | hi-lo.kernel-accessor : Fetching kernel: gumbel
2023-12-02 07:29:02,491 | INFO | hi-lo.gumbel-kernel : MU (LOCATION): -2.083725929260254 | BETA (SCALE): 2.752656936645508
2023-12-02 07:29:02,491 | INFO | hi-lo.gumbel-kernel : BOTTOM-RIGHT
tensor([[6.6397e-08, 3.5572e-05, 3.1394e-03],
        [3.5572e-05, 3.1394e-03, 7.9060e-02],
        [3.1394e-03, 7.9060e-02, 8.3239e-01]])
2023-12-02 07:29:02,491 | INFO | hi-lo.kernel-accessor : Fetching kernel: gumbel
2023-12-02 07:29:02,492 | INFO | hi-lo.gumbel-kernel : MU (LOCATION): -2.1582627296447754 | BETA (SCALE): 2.243440866470337
2023-12-02 07:29:02,492 | INFO | hi-lo.gumbel-kernel : TOP-LEFT
tensor([[9.7332e-01, 1.3308e-02, 2.0975e-05],
        [1.3308e-02, 2.0975e-05, 1.1325e-09],
        [2.0975e-05, 1.1325e-09, 3.1488e-16]])
2023-12-02 07:29:11,074 | INFO | hi-lo : END EPOCH:  16 | ACCURACY: 63.28 | LOSS: 0.9384933114051819
2023-12-02 07:29:11,074 | INFO | hi-lo : BEGIN EPOCH 17 =========================================================================
2023-12-02 07:29:11,075 | INFO | hi-lo.kernel-accessor : Fetching kernel: gumbel
2023-12-02 07:29:11,075 | INFO | hi-lo.gumbel-kernel : MU (LOCATION): -0.028687462210655212 | BETA (SCALE): 0.47993844747543335
2023-12-02 07:29:11,076 | INFO | hi-lo.gumbel-kernel : TOP-RIGHT
tensor([[1.2404e-33, 4.4941e-05, 9.9991e-01],
        [0.0000e+00, 1.2404e-33, 4.4941e-05],
        [0.0000e+00, 0.0000e+00, 1.2404e-33]])
2023-12-02 07:29:11,076 | INFO | hi-lo.kernel-accessor : Fetching kernel: gumbel
2023-12-02 07:29:11,077 | INFO | hi-lo.gumbel-kernel : MU (LOCATION): -0.7197674512863159 | BETA (SCALE): 0.8786823153495789
2023-12-02 07:29:11,077 | INFO | hi-lo.gumbel-kernel : TOP-RIGHT
tensor([[3.0171e-21, 5.8322e-06, 9.9999e-01],
        [0.0000e+00, 3.0172e-21, 5.8322e-06],
        [0.0000e+00, 0.0000e+00, 3.0171e-21]])
2023-12-02 07:29:11,077 | INFO | hi-lo.kernel-accessor : Fetching kernel: gumbel
2023-12-02 07:29:11,078 | INFO | hi-lo.gumbel-kernel : MU (LOCATION): -2.1321277618408203 | BETA (SCALE): 2.8562605381011963
2023-12-02 07:29:11,078 | INFO | hi-lo.gumbel-kernel : TOP-RIGHT
tensor([[4.4079e-03, 8.8344e-02, 8.0994e-01],
        [7.2482e-05, 4.4079e-03, 8.8344e-02],
        [2.4665e-07, 7.2482e-05, 4.4079e-03]])
2023-12-02 07:29:11,078 | INFO | hi-lo.kernel-accessor : Fetching kernel: gumbel
2023-12-02 07:29:11,079 | INFO | hi-lo.gumbel-kernel : MU (LOCATION): -1.9718953371047974 | BETA (SCALE): 1.968444585800171
2023-12-02 07:29:11,079 | INFO | hi-lo.gumbel-kernel : TOP-RIGHT
tensor([[7.5870e-07, 4.4028e-03, 9.9119e-01],
        [5.9014e-13, 7.5870e-07, 4.4028e-03],
        [5.8040e-23, 5.9014e-13, 7.5870e-07]])
2023-12-02 07:29:19,491 | INFO | hi-lo : END EPOCH:  17 | ACCURACY: 65.62 | LOSS: 1.2169318199157715
2023-12-02 07:29:19,492 | INFO | hi-lo : BEGIN EPOCH 18 =========================================================================
2023-12-02 07:29:19,492 | INFO | hi-lo.kernel-accessor : Fetching kernel: gumbel
2023-12-02 07:29:19,493 | INFO | hi-lo.gumbel-kernel : MU (LOCATION): -0.036798037588596344 | BETA (SCALE): 0.47511857748031616
2023-12-02 07:29:19,493 | INFO | hi-lo.gumbel-kernel : BOTTOM-LEFT
tensor([[3.4931e-36, 0.0000e+00, 0.0000e+00],
        [2.7076e-05, 3.4931e-36, 0.0000e+00],
        [9.9995e-01, 2.7076e-05, 3.4931e-36]])
2023-12-02 07:29:19,493 | INFO | hi-lo.kernel-accessor : Fetching kernel: gumbel
2023-12-02 07:29:19,494 | INFO | hi-lo.gumbel-kernel : MU (LOCATION): 1 | BETA (SCALE): 1
2023-12-02 07:29:19,494 | INFO | hi-lo.gumbel-kernel : STATIC
tensor([[5.6765e-01, 1.6550e-01, 3.2357e-02],
        [1.6550e-01, 3.2357e-02, 2.1352e-03],
        [3.2357e-02, 2.1352e-03, 7.3562e-06]])
2023-12-02 07:29:19,494 | INFO | hi-lo.kernel-accessor : Fetching kernel: gumbel
2023-12-02 07:29:19,495 | INFO | hi-lo.gumbel-kernel : MU (LOCATION): -2.5570127964019775 | BETA (SCALE): 2.768251657485962
2023-12-02 07:29:19,495 | INFO | hi-lo.gumbel-kernel : BOTTOM-LEFT
tensor([[5.3704e-04, 1.2720e-06, 2.5401e-10],
        [4.0464e-02, 5.3704e-04, 1.2720e-06],
        [9.1746e-01, 4.0464e-02, 5.3704e-04]])
2023-12-02 07:29:19,495 | INFO | hi-lo.kernel-accessor : Fetching kernel: gumbel
2023-12-02 07:29:19,496 | INFO | hi-lo.gumbel-kernel : MU (LOCATION): -2.1234803199768066 | BETA (SCALE): 2.0488412380218506
2023-12-02 07:29:19,496 | INFO | hi-lo.gumbel-kernel : TOP-RIGHT
tensor([[7.2902e-07, 4.0999e-03, 9.9180e-01],
        [7.7019e-13, 7.2902e-07, 4.0999e-03],
        [1.9219e-22, 7.7019e-13, 7.2902e-07]])
2023-12-02 07:29:28,012 | INFO | hi-lo : END EPOCH:  18 | ACCURACY: 59.38 | LOSS: 0.962653398513794
2023-12-02 07:29:28,012 | INFO | hi-lo : BEGIN EPOCH 19 =========================================================================
2023-12-02 07:29:28,013 | INFO | hi-lo.kernel-accessor : Fetching kernel: gumbel
2023-12-02 07:29:28,013 | INFO | hi-lo.gumbel-kernel : MU (LOCATION): -0.1224215030670166 | BETA (SCALE): 0.4844743013381958
2023-12-02 07:29:28,014 | INFO | hi-lo.gumbel-kernel : BOTTOM-LEFT
tensor([[0.0000e+00, 0.0000e+00, 0.0000e+00],
        [1.4192e-06, 0.0000e+00, 0.0000e+00],
        [1.0000e+00, 1.4192e-06, 0.0000e+00]])
2023-12-02 07:29:28,014 | INFO | hi-lo.kernel-accessor : Fetching kernel: gumbel
2023-12-02 07:29:28,015 | INFO | hi-lo.gumbel-kernel : MU (LOCATION): -0.7756649255752563 | BETA (SCALE): 0.9109869599342346
2023-12-02 07:29:28,015 | INFO | hi-lo.gumbel-kernel : TOP-LEFT
tensor([[9.9999e-01, 5.7709e-06, 1.0264e-20],
        [5.7709e-06, 1.0264e-20, 0.0000e+00],
        [1.0264e-20, 0.0000e+00, 0.0000e+00]])
2023-12-02 07:29:28,015 | INFO | hi-lo.kernel-accessor : Fetching kernel: gumbel
2023-12-02 07:29:28,016 | INFO | hi-lo.gumbel-kernel : MU (LOCATION): -1.7803988456726074 | BETA (SCALE): 2.554837226867676
2023-12-02 07:29:28,016 | INFO | hi-lo.gumbel-kernel : TOP-LEFT
tensor([[8.2804e-01, 8.1209e-02, 3.1585e-03],
        [8.1209e-02, 3.1585e-03, 3.1278e-05],
        [3.1585e-03, 3.1278e-05, 4.0950e-08]])
2023-12-02 07:29:28,016 | INFO | hi-lo.kernel-accessor : Fetching kernel: gumbel
2023-12-02 07:29:28,017 | INFO | hi-lo.gumbel-kernel : MU (LOCATION): -2.4226551055908203 | BETA (SCALE): 2.220224380493164
2023-12-02 07:29:28,017 | INFO | hi-lo.gumbel-kernel : BOTTOM-LEFT
tensor([[9.4777e-07, 2.4421e-12, 5.3743e-21],
        [4.0724e-03, 9.4777e-07, 2.4421e-12],
        [9.9185e-01, 4.0724e-03, 9.4777e-07]])
2023-12-02 07:29:36,525 | INFO | hi-lo : END EPOCH:  19 | ACCURACY: 64.06 | LOSS: 1.106819987297058
2023-12-02 07:29:36,525 | INFO | hi-lo : BEGIN EPOCH 20 =========================================================================
2023-12-02 07:29:36,525 | INFO | hi-lo.kernel-accessor : Fetching kernel: gumbel
2023-12-02 07:29:36,526 | INFO | hi-lo.gumbel-kernel : MU (LOCATION): -0.034851618111133575 | BETA (SCALE): 0.47721946239471436
2023-12-02 07:29:36,527 | INFO | hi-lo.gumbel-kernel : BOTTOM-RIGHT
tensor([[0.0000e+00, 0.0000e+00, 2.9406e-35],
        [0.0000e+00, 2.9405e-35, 3.2121e-05],
        [2.9406e-35, 3.2121e-05, 9.9994e-01]])
2023-12-02 07:29:36,527 | INFO | hi-lo.kernel-accessor : Fetching kernel: gumbel
2023-12-02 07:29:36,527 | INFO | hi-lo.gumbel-kernel : MU (LOCATION): -0.7836003303527832 | BETA (SCALE): 0.8903000354766846
2023-12-02 07:29:36,528 | INFO | hi-lo.gumbel-kernel : BOTTOM-RIGHT
tensor([[0.0000e+00, 0.0000e+00, 4.7581e-23],
        [0.0000e+00, 4.7581e-23, 1.8764e-06],
        [4.7581e-23, 1.8764e-06, 1.0000e+00]])
2023-12-02 07:29:36,528 | INFO | hi-lo.kernel-accessor : Fetching kernel: gumbel
2023-12-02 07:29:36,528 | INFO | hi-lo.gumbel-kernel : MU (LOCATION): -2.003025531768799 | BETA (SCALE): 2.538159132003784
2023-12-02 07:29:36,529 | INFO | hi-lo.gumbel-kernel : BOTTOM-LEFT
tensor([[1.2008e-03, 4.7128e-06, 1.5410e-09],
        [5.7260e-02, 1.2008e-03, 4.7128e-06],
        [8.8187e-01, 5.7260e-02, 1.2008e-03]])
2023-12-02 07:29:36,529 | INFO | hi-lo.kernel-accessor : Fetching kernel: gumbel
2023-12-02 07:29:36,529 | INFO | hi-lo.gumbel-kernel : MU (LOCATION): -2.566096544265747 | BETA (SCALE): 2.390594959259033
2023-12-02 07:29:36,530 | INFO | hi-lo.gumbel-kernel : BOTTOM-RIGHT
tensor([[1.5016e-17, 1.3456e-10, 5.8450e-06],
        [1.3456e-10, 5.8449e-06, 7.6093e-03],
        [5.8450e-06, 7.6093e-03, 9.8476e-01]])
2023-12-02 07:29:45,034 | INFO | hi-lo : END EPOCH:  20 | ACCURACY: 67.97 | LOSS: 1.1772583723068237
2023-12-02 07:29:45,035 | INFO | hi-lo : BEGIN EPOCH 21 =========================================================================
2023-12-02 07:29:45,035 | INFO | hi-lo.kernel-accessor : Fetching kernel: gumbel
2023-12-02 07:29:45,035 | INFO | hi-lo.gumbel-kernel : MU (LOCATION): -0.006606461014598608 | BETA (SCALE): 0.5304936170578003
2023-12-02 07:29:45,036 | INFO | hi-lo.gumbel-kernel : TOP-RIGHT
tensor([[3.0989e-21, 4.9373e-04, 9.9901e-01],
        [0.0000e+00, 3.0990e-21, 4.9373e-04],
        [0.0000e+00, 0.0000e+00, 3.0989e-21]])
2023-12-02 07:29:45,036 | INFO | hi-lo.kernel-accessor : Fetching kernel: gumbel
2023-12-02 07:29:45,037 | INFO | hi-lo.gumbel-kernel : MU (LOCATION): -0.6658583283424377 | BETA (SCALE): 0.8786569237709045
2023-12-02 07:29:45,037 | INFO | hi-lo.gumbel-kernel : BOTTOM-RIGHT
tensor([[0.0000e+00, 0.0000e+00, 5.4073e-19],
        [0.0000e+00, 5.4073e-19, 2.0548e-05],
        [5.4073e-19, 2.0548e-05, 9.9996e-01]])
2023-12-02 07:29:45,037 | INFO | hi-lo.kernel-accessor : Fetching kernel: gumbel
