2024-03-04 17:59:52,292 | INFO | hilo : 
+==============================================================+
|                                                              |
| ██████╗  █████╗ ██████╗ ██╗         ██╗      █████╗ ██████╗  |
| ██╔══██╗██╔══██╗██╔══██╗██║         ██║     ██╔══██╗██╔══██╗ |
| ██║  ██║███████║██║  ██║██║         ██║     ███████║██████╔╝ |
| ██║  ██║██╔══██║██║  ██║██║         ██║     ██╔══██║██╔══██╗ |
| ██████╔╝██║  ██║██████╔╝███████╗    ███████╗██║  ██║██████╔╝ |
| ╚═════╝ ╚═╝  ╚═╝╚═════╝ ╚══════╝    ╚══════╝╚═╝  ╚═╝╚═════╝  |
+==============================================================+
|             Hi-Lo Resolution Image Classification            |
|             -------------------------------------            |
|                       Gabriel C. Trahan                      |
|                          Sahan Ahmad                         |
|                       MD  Aminual Islam                      |
+==============================================================+
2024-03-04 17:59:53,913 | INFO | hilo.dataset-accessor : Fetching dataset: cifar10
2024-03-04 17:59:53,913 | INFO | hilo.cifar10-dataset : Initializing transform
2024-03-04 17:59:53,914 | INFO | hilo.cifar10-dataset : Verifying/downloading train data
2024-03-04 17:59:54,519 | INFO | hilo.cifar10-dataset : Verifying/downloading test data
2024-03-04 17:59:55,003 | INFO | hilo.cifar10-dataset : Creating train data loader.
2024-03-04 17:59:55,003 | INFO | hilo.cifar10-dataset : Creating test data loader.
2024-03-04 17:59:55,114 | INFO | hilo : Output directory: output/resnet/cifar10/gumbel/5/20240304_175953/
2024-03-04 17:59:56,129 | INFO | hilo : Using device: NVIDIA GeForce GTX 1060 6GB
2024-03-04 17:59:56,130 | INFO | hilo : Exeucting job: MODEL resnet | DATASET cifar10 | KERNEL gumbel | TYPE 5
2024-03-04 17:59:56,130 | INFO | hilo : Commencing training phase...
2024-03-04 17:59:56,130 | INFO | hilo.kernel-accessor : Fetching kernel: gumbel
2024-03-04 17:59:56,130 | INFO | hilo.gumbel-kernel : Calculating Gumbel distribution (location: 0.0, scale 1.0)
2024-03-04 17:59:56,131 | INFO | hilo.gumbel-kernel : TOP-RIGHT:
tensor([[2.0072e-04, 5.8259e-02, 8.8288e-01],
        [2.2609e-10, 2.0072e-04, 5.8259e-02],
        [8.5377e-26, 2.2609e-10, 2.0072e-04]])
2024-03-04 17:59:56,131 | INFO | hilo.kernel-accessor : Fetching kernel: gumbel
2024-03-04 17:59:56,132 | INFO | hilo.gumbel-kernel : Calculating Gumbel distribution (location: 0.0, scale 1.0)
2024-03-04 17:59:56,132 | INFO | hilo.gumbel-kernel : TOP-LEFT:
tensor([[8.8288e-01, 5.8259e-02, 2.0072e-04],
        [5.8259e-02, 2.0072e-04, 2.2609e-10],
        [2.0072e-04, 2.2609e-10, 8.5377e-26]])
2024-03-04 17:59:56,132 | INFO | hilo.kernel-accessor : Fetching kernel: gumbel
2024-03-04 17:59:56,132 | INFO | hilo.gumbel-kernel : Calculating Gumbel distribution (location: 0.0, scale 1.0)
2024-03-04 17:59:56,133 | INFO | hilo.gumbel-kernel : TOP-LEFT:
tensor([[8.8288e-01, 5.8259e-02, 2.0072e-04],
        [5.8259e-02, 2.0072e-04, 2.2609e-10],
        [2.0072e-04, 2.2609e-10, 8.5377e-26]])
2024-03-04 17:59:56,133 | INFO | hilo.kernel-accessor : Fetching kernel: gumbel
2024-03-04 17:59:56,133 | INFO | hilo.gumbel-kernel : Calculating Gumbel distribution (location: 0.0, scale 1.0)
2024-03-04 17:59:56,133 | INFO | hilo.gumbel-kernel : TOP-LEFT:
tensor([[8.8288e-01, 5.8259e-02, 2.0072e-04],
        [5.8259e-02, 2.0072e-04, 2.2609e-10],
        [2.0072e-04, 2.2609e-10, 8.5377e-26]])
2024-03-04 17:59:56,133 | INFO | hilo.kernel-accessor : Fetching kernel: gumbel
2024-03-04 17:59:56,133 | INFO | hilo.gumbel-kernel : Calculating Gumbel distribution (location: 0.0, scale 1.0)
2024-03-04 17:59:56,134 | INFO | hilo.gumbel-kernel : TOP-LEFT:
tensor([[8.8288e-01, 5.8259e-02, 2.0072e-04],
        [5.8259e-02, 2.0072e-04, 2.2609e-10],
        [2.0072e-04, 2.2609e-10, 8.5377e-26]])
2024-03-04 17:59:56,134 | INFO | hilo.kernel-accessor : Fetching kernel: gumbel
2024-03-04 17:59:56,134 | INFO | hilo.gumbel-kernel : Calculating Gumbel distribution (location: 0.0, scale 1.0)
2024-03-04 17:59:56,134 | INFO | hilo.gumbel-kernel : TOP-LEFT:
tensor([[8.8288e-01, 5.8259e-02, 2.0072e-04],
        [5.8259e-02, 2.0072e-04, 2.2609e-10],
        [2.0072e-04, 2.2609e-10, 8.5377e-26]])
2024-03-04 17:59:56,134 | INFO | hilo.kernel-accessor : Fetching kernel: gumbel
2024-03-04 17:59:56,134 | INFO | hilo.gumbel-kernel : Calculating Gumbel distribution (location: 0.0, scale 1.0)
2024-03-04 17:59:56,135 | INFO | hilo.gumbel-kernel : TOP-RIGHT:
tensor([[2.0072e-04, 5.8259e-02, 8.8288e-01],
        [2.2609e-10, 2.0072e-04, 5.8259e-02],
        [8.5377e-26, 2.2609e-10, 2.0072e-04]])
2024-03-04 17:59:56,135 | INFO | hilo.kernel-accessor : Fetching kernel: gumbel
2024-03-04 17:59:56,135 | INFO | hilo.gumbel-kernel : Calculating Gumbel distribution (location: 0.0, scale 1.0)
2024-03-04 17:59:56,135 | INFO | hilo.gumbel-kernel : TOP-LEFT:
tensor([[8.8288e-01, 5.8259e-02, 2.0072e-04],
        [5.8259e-02, 2.0072e-04, 2.2609e-10],
        [2.0072e-04, 2.2609e-10, 8.5377e-26]])
2024-03-04 17:59:56,135 | INFO | hilo.kernel-accessor : Fetching kernel: gumbel
2024-03-04 17:59:56,135 | INFO | hilo.gumbel-kernel : Calculating Gumbel distribution (location: 0.0, scale 1.0)
2024-03-04 17:59:56,136 | INFO | hilo.gumbel-kernel : TOP-LEFT:
tensor([[8.8288e-01, 5.8259e-02, 2.0072e-04],
        [5.8259e-02, 2.0072e-04, 2.2609e-10],
        [2.0072e-04, 2.2609e-10, 8.5377e-26]])
2024-03-04 17:59:56,136 | INFO | hilo.kernel-accessor : Fetching kernel: gumbel
2024-03-04 17:59:56,136 | INFO | hilo.gumbel-kernel : Calculating Gumbel distribution (location: 0.0, scale 1.0)
2024-03-04 17:59:56,136 | INFO | hilo.gumbel-kernel : TOP-LEFT:
tensor([[8.8288e-01, 5.8259e-02, 2.0072e-04],
        [5.8259e-02, 2.0072e-04, 2.2609e-10],
        [2.0072e-04, 2.2609e-10, 8.5377e-26]])
2024-03-04 17:59:56,136 | INFO | hilo.kernel-accessor : Fetching kernel: gumbel
2024-03-04 17:59:56,137 | INFO | hilo.gumbel-kernel : Calculating Gumbel distribution (location: 0.0, scale 1.0)
2024-03-04 17:59:56,137 | INFO | hilo.gumbel-kernel : TOP-LEFT:
tensor([[8.8288e-01, 5.8259e-02, 2.0072e-04],
        [5.8259e-02, 2.0072e-04, 2.2609e-10],
        [2.0072e-04, 2.2609e-10, 8.5377e-26]])
2024-03-04 17:59:56,137 | INFO | hilo.kernel-accessor : Fetching kernel: gumbel
2024-03-04 17:59:56,137 | INFO | hilo.gumbel-kernel : Calculating Gumbel distribution (location: 0.0, scale 1.0)
2024-03-04 17:59:56,137 | INFO | hilo.gumbel-kernel : TOP-RIGHT:
tensor([[2.0072e-04, 5.8259e-02, 8.8288e-01],
        [2.2609e-10, 2.0072e-04, 5.8259e-02],
        [8.5377e-26, 2.2609e-10, 2.0072e-04]])
2024-03-04 17:59:56,137 | INFO | hilo.kernel-accessor : Fetching kernel: gumbel
2024-03-04 17:59:56,138 | INFO | hilo.gumbel-kernel : Calculating Gumbel distribution (location: 0.0, scale 1.0)
2024-03-04 17:59:56,138 | INFO | hilo.gumbel-kernel : TOP-RIGHT:
tensor([[2.0072e-04, 5.8259e-02, 8.8288e-01],
        [2.2609e-10, 2.0072e-04, 5.8259e-02],
        [8.5377e-26, 2.2609e-10, 2.0072e-04]])
2024-03-04 17:59:56,138 | INFO | hilo.kernel-accessor : Fetching kernel: gumbel
2024-03-04 17:59:56,138 | INFO | hilo.gumbel-kernel : Calculating Gumbel distribution (location: 0.0, scale 1.0)
2024-03-04 17:59:56,138 | INFO | hilo.gumbel-kernel : TOP-LEFT:
tensor([[8.8288e-01, 5.8259e-02, 2.0072e-04],
        [5.8259e-02, 2.0072e-04, 2.2609e-10],
        [2.0072e-04, 2.2609e-10, 8.5377e-26]])
2024-03-04 17:59:56,139 | INFO | hilo.kernel-accessor : Fetching kernel: gumbel
2024-03-04 17:59:56,139 | INFO | hilo.gumbel-kernel : Calculating Gumbel distribution (location: 0.0, scale 1.0)
2024-03-04 17:59:56,139 | INFO | hilo.gumbel-kernel : TOP-LEFT:
tensor([[8.8288e-01, 5.8259e-02, 2.0072e-04],
        [5.8259e-02, 2.0072e-04, 2.2609e-10],
        [2.0072e-04, 2.2609e-10, 8.5377e-26]])
2024-03-04 17:59:56,139 | INFO | hilo.kernel-accessor : Fetching kernel: gumbel
2024-03-04 17:59:56,139 | INFO | hilo.gumbel-kernel : Calculating Gumbel distribution (location: 0.0, scale 1.0)
2024-03-04 17:59:56,140 | INFO | hilo.gumbel-kernel : TOP-LEFT:
tensor([[8.8288e-01, 5.8259e-02, 2.0072e-04],
        [5.8259e-02, 2.0072e-04, 2.2609e-10],
        [2.0072e-04, 2.2609e-10, 8.5377e-26]])
2024-03-04 17:59:56,140 | INFO | hilo.kernel-accessor : Fetching kernel: gumbel
2024-03-04 17:59:56,140 | INFO | hilo.gumbel-kernel : Calculating Gumbel distribution (location: 0.0, scale 1.0)
2024-03-04 17:59:56,140 | INFO | hilo.gumbel-kernel : TOP-RIGHT:
tensor([[2.0072e-04, 5.8259e-02, 8.8288e-01],
        [2.2609e-10, 2.0072e-04, 5.8259e-02],
        [8.5377e-26, 2.2609e-10, 2.0072e-04]])
2024-03-04 18:01:18,095 | INFO | hilo : Epoch   1/200 | Accuracy:  40.6250 | Loss:   1.6239
2024-03-04 18:01:18,095 | INFO | hilo.kernel-accessor : Fetching kernel: gumbel
2024-03-04 18:01:18,096 | INFO | hilo.gumbel-kernel : Calculating Gumbel distribution (location: -0.011552142910659313, scale 0.5800705552101135)
2024-03-04 18:01:18,097 | INFO | hilo.gumbel-kernel : TOP-RIGHT:
tensor([[5.5902e-16, 1.4728e-03, 9.9705e-01],
        [0.0000e+00, 5.5902e-16, 1.4728e-03],
        [0.0000e+00, 0.0000e+00, 5.5902e-16]])
2024-03-04 18:01:18,097 | INFO | hilo.kernel-accessor : Fetching kernel: gumbel
2024-03-04 18:01:18,097 | INFO | hilo.gumbel-kernel : Calculating Gumbel distribution (location: -0.7274391055107117, scale 1.6445097923278809)
2024-03-04 18:01:18,098 | INFO | hilo.gumbel-kernel : TOP-RIGHT:
tensor([[8.2216e-04, 6.2553e-02, 8.7243e-01],
        [4.7886e-07, 8.2216e-04, 6.2553e-02],
        [9.1054e-13, 4.7886e-07, 8.2216e-04]])
2024-03-04 18:01:18,098 | INFO | hilo.kernel-accessor : Fetching kernel: gumbel
2024-03-04 18:01:18,098 | INFO | hilo.gumbel-kernel : Calculating Gumbel distribution (location: -0.22824940085411072, scale 1.2830127477645874)
2024-03-04 18:01:18,099 | INFO | hilo.gumbel-kernel : TOP-RIGHT:
tensor([[8.4543e-04, 7.2537e-02, 8.5239e-01],
        [1.2918e-07, 8.4543e-04, 7.2537e-02],
        [1.5534e-15, 1.2918e-07, 8.4543e-04]])
2024-03-04 18:01:18,099 | INFO | hilo.kernel-accessor : Fetching kernel: gumbel
2024-03-04 18:01:18,099 | INFO | hilo.gumbel-kernel : Calculating Gumbel distribution (location: -0.20701345801353455, scale 1.158907175064087)
2024-03-04 18:01:18,100 | INFO | hilo.gumbel-kernel : TOP-RIGHT:
tensor([[2.1644e-04, 5.3168e-02, 8.9301e-01],
        [1.5266e-09, 2.1644e-04, 5.3168e-02],
        [3.0754e-21, 1.5266e-09, 2.1644e-04]])
2024-03-04 18:01:18,100 | INFO | hilo.kernel-accessor : Fetching kernel: gumbel
2024-03-04 18:01:18,100 | INFO | hilo.gumbel-kernel : Calculating Gumbel distribution (location: -0.27061861753463745, scale 1.0995327234268188)
2024-03-04 18:01:18,101 | INFO | hilo.gumbel-kernel : TOP-RIGHT:
tensor([[3.2368e-05, 3.3222e-02, 9.3346e-01],
        [4.1566e-12, 3.2368e-05, 3.3222e-02],
        [1.2389e-28, 4.1566e-12, 3.2368e-05]])
2024-03-04 18:01:18,101 | INFO | hilo.kernel-accessor : Fetching kernel: gumbel
2024-03-04 18:01:18,102 | INFO | hilo.gumbel-kernel : Calculating Gumbel distribution (location: -0.16284087300300598, scale 0.8799117803573608)
2024-03-04 18:01:18,102 | INFO | hilo.gumbel-kernel : TOP-RIGHT:
tensor([[3.3435e-07, 1.4560e-02, 9.7088e-01],
        [1.3018e-20, 3.3435e-07, 1.4560e-02],
        [0.0000e+00, 1.3018e-20, 3.3435e-07]])
2024-03-04 18:01:18,102 | INFO | hilo.kernel-accessor : Fetching kernel: gumbel
2024-03-04 18:01:18,103 | INFO | hilo.gumbel-kernel : Calculating Gumbel distribution (location: -0.1722813844680786, scale 1.027314305305481)
2024-03-04 18:01:18,103 | INFO | hilo.gumbel-kernel : TOP-RIGHT:
tensor([[2.9840e-05, 3.5099e-02, 9.2971e-01],
        [1.1055e-12, 2.9840e-05, 3.5099e-02],
        [1.1737e-31, 1.1055e-12, 2.9840e-05]])
2024-03-04 18:01:18,103 | INFO | hilo.kernel-accessor : Fetching kernel: gumbel
2024-03-04 18:01:18,104 | INFO | hilo.gumbel-kernel : Calculating Gumbel distribution (location: -0.1567494422197342, scale 0.9585128426551819)
2024-03-04 18:01:18,104 | INFO | hilo.gumbel-kernel : TOP-LEFT:
tensor([[9.4783e-01, 2.6077e-02, 6.6046e-06],
        [2.6077e-02, 6.6046e-06, 2.7821e-15],
        [6.6046e-06, 2.7821e-15, 4.6232e-41]])
2024-03-04 18:01:18,105 | INFO | hilo.kernel-accessor : Fetching kernel: gumbel
2024-03-04 18:01:18,105 | INFO | hilo.gumbel-kernel : Calculating Gumbel distribution (location: -0.11165574938058853, scale 0.9881130456924438)
2024-03-04 18:01:18,105 | INFO | hilo.gumbel-kernel : TOP-LEFT:
tensor([[9.2504e-01, 3.7434e-02, 3.2421e-05],
        [3.7434e-02, 3.2421e-05, 7.1648e-13],
        [3.2421e-05, 7.1648e-13, 3.6550e-33]])
2024-03-04 18:01:18,106 | INFO | hilo.kernel-accessor : Fetching kernel: gumbel
2024-03-04 18:01:18,106 | INFO | hilo.gumbel-kernel : Calculating Gumbel distribution (location: -0.08582204580307007, scale 0.832342803478241)
2024-03-04 18:01:18,107 | INFO | hilo.gumbel-kernel : TOP-RIGHT:
tensor([[3.7578e-07, 1.6694e-02, 9.6661e-01],
        [2.1640e-21, 3.7578e-07, 1.6694e-02],
        [0.0000e+00, 2.1640e-21, 3.7578e-07]])
2024-03-04 18:01:18,107 | INFO | hilo.kernel-accessor : Fetching kernel: gumbel
2024-03-04 18:01:18,107 | INFO | hilo.gumbel-kernel : Calculating Gumbel distribution (location: -0.013542698696255684, scale 0.9670314192771912)
2024-03-04 18:01:18,108 | INFO | hilo.gumbel-kernel : TOP-LEFT:
tensor([[9.0044e-01, 4.9638e-02, 9.3290e-05],
        [4.9638e-02, 9.3290e-05, 1.3089e-11],
        [9.3290e-05, 1.3089e-11, 4.5358e-30]])
2024-03-04 18:01:18,108 | INFO | hilo.kernel-accessor : Fetching kernel: gumbel
2024-03-04 18:01:18,108 | INFO | hilo.gumbel-kernel : Calculating Gumbel distribution (location: 0.032088443636894226, scale 0.9690759778022766)
2024-03-04 18:01:18,109 | INFO | hilo.gumbel-kernel : TOP-RIGHT:
tensor([[1.7988e-04, 5.8042e-02, 8.8338e-01],
        [1.0565e-10, 1.7988e-04, 5.8042e-02],
        [2.2199e-27, 1.0565e-10, 1.7988e-04]])
2024-03-04 18:01:18,109 | INFO | hilo.kernel-accessor : Fetching kernel: gumbel
2024-03-04 18:01:18,109 | INFO | hilo.gumbel-kernel : Calculating Gumbel distribution (location: 0.062087442725896835, scale 1.0106289386749268)
2024-03-04 18:01:18,110 | INFO | hilo.gumbel-kernel : TOP-LEFT:
tensor([[8.5580e-01, 7.1385e-02, 4.7651e-04],
        [7.1385e-02, 4.7651e-04, 3.5678e-09],
        [4.7651e-04, 3.5678e-09, 3.0996e-22]])
2024-03-04 18:01:18,110 | INFO | hilo.kernel-accessor : Fetching kernel: gumbel
2024-03-04 18:01:18,110 | INFO | hilo.gumbel-kernel : Calculating Gumbel distribution (location: 0.059022706001996994, scale 0.7614803314208984)
2024-03-04 18:01:18,111 | INFO | hilo.gumbel-kernel : TOP-LEFT:
tensor([[9.5016e-01, 2.4917e-02, 1.1674e-06],
        [2.4917e-02, 1.1674e-06, 3.3153e-21],
        [1.1674e-06, 3.3153e-21, 0.0000e+00]])
2024-03-04 18:01:18,111 | INFO | hilo.kernel-accessor : Fetching kernel: gumbel
2024-03-04 18:01:18,111 | INFO | hilo.gumbel-kernel : Calculating Gumbel distribution (location: 0.09822648018598557, scale 0.8151061534881592)
2024-03-04 18:01:18,112 | INFO | hilo.gumbel-kernel : TOP-LEFT:
tensor([[9.1888e-01, 4.0534e-02, 1.8599e-05],
        [4.0534e-02, 1.8600e-05, 1.4748e-15],
        [1.8599e-05, 1.4748e-15, 0.0000e+00]])
2024-03-04 18:01:18,112 | INFO | hilo.kernel-accessor : Fetching kernel: gumbel
2024-03-04 18:01:18,112 | INFO | hilo.gumbel-kernel : Calculating Gumbel distribution (location: 0.061639733612537384, scale 0.9118889570236206)
2024-03-04 18:01:18,113 | INFO | hilo.gumbel-kernel : TOP-RIGHT:
tensor([[9.5022e-05, 5.2367e-02, 8.9498e-01],
        [5.2495e-12, 9.5022e-05, 5.2367e-02],
        [8.7083e-33, 5.2495e-12, 9.5022e-05]])
2024-03-04 18:01:18,113 | INFO | hilo.kernel-accessor : Fetching kernel: gumbel
2024-03-04 18:01:18,113 | INFO | hilo.gumbel-kernel : Calculating Gumbel distribution (location: -0.09807697683572769, scale 1.3733233213424683)
2024-03-04 18:01:18,114 | INFO | hilo.gumbel-kernel : TOP-LEFT:
tensor([[7.7139e-01, 1.0823e-01, 4.0413e-03],
        [1.0823e-01, 4.0413e-03, 9.7244e-06],
        [4.0413e-03, 9.7244e-06, 7.9926e-11]])
2024-03-04 18:02:39,249 | INFO | hilo : Epoch   2/200 | Accuracy:  32.0312 | Loss:   1.4741
2024-03-04 18:02:39,249 | INFO | hilo.kernel-accessor : Fetching kernel: gumbel
2024-03-04 18:02:39,249 | INFO | hilo.gumbel-kernel : Calculating Gumbel distribution (location: 0.0028530173003673553, scale 0.5561130046844482)
2024-03-04 18:02:39,250 | INFO | hilo.gumbel-kernel : TOP-RIGHT:
tensor([[1.5542e-17, 1.1275e-03, 9.9775e-01],
        [0.0000e+00, 1.5542e-17, 1.1275e-03],
        [0.0000e+00, 0.0000e+00, 1.5542e-17]])
2024-03-04 18:02:39,250 | INFO | hilo.kernel-accessor : Fetching kernel: gumbel
2024-03-04 18:02:39,250 | INFO | hilo.gumbel-kernel : Calculating Gumbel distribution (location: -0.8160656690597534, scale 1.5596270561218262)
2024-03-04 18:02:39,250 | INFO | hilo.gumbel-kernel : TOP-RIGHT:
tensor([[1.5384e-04, 3.7658e-02, 9.2422e-01],
        [7.9737e-09, 1.5384e-04, 3.7658e-02],
        [1.0355e-16, 7.9737e-09, 1.5384e-04]])
2024-03-04 18:02:39,250 | INFO | hilo.kernel-accessor : Fetching kernel: gumbel
2024-03-04 18:02:39,251 | INFO | hilo.gumbel-kernel : Calculating Gumbel distribution (location: -0.25186553597450256, scale 0.9116320013999939)
2024-03-04 18:02:39,251 | INFO | hilo.gumbel-kernel : TOP-RIGHT:
tensor([[1.0559e-07, 1.0212e-02, 9.7958e-01],
        [1.1034e-21, 1.0560e-07, 1.0212e-02],
        [0.0000e+00, 1.1034e-21, 1.0559e-07]])
2024-03-04 18:02:39,251 | INFO | hilo.kernel-accessor : Fetching kernel: gumbel
2024-03-04 18:02:39,251 | INFO | hilo.gumbel-kernel : Calculating Gumbel distribution (location: -0.3365054726600647, scale 0.9584267735481262)
2024-03-04 18:02:39,251 | INFO | hilo.gumbel-kernel : TOP-RIGHT:
tensor([[7.9328e-08, 8.4678e-03, 9.8306e-01],
        [2.8723e-21, 7.9328e-08, 8.4678e-03],
        [0.0000e+00, 2.8723e-21, 7.9328e-08]])
2024-03-04 18:02:39,252 | INFO | hilo.kernel-accessor : Fetching kernel: gumbel
2024-03-04 18:02:39,252 | INFO | hilo.gumbel-kernel : Calculating Gumbel distribution (location: -0.22643500566482544, scale 0.9313311576843262)
2024-03-04 18:02:39,252 | INFO | hilo.gumbel-kernel : TOP-LEFT:
tensor([[9.7106e-01, 1.4470e-02, 5.1652e-07],
        [1.4470e-02, 5.1652e-07, 3.9541e-19],
        [5.1652e-07, 3.9541e-19, 0.0000e+00]])
2024-03-04 18:02:39,252 | INFO | hilo.kernel-accessor : Fetching kernel: gumbel
2024-03-04 18:02:39,252 | INFO | hilo.gumbel-kernel : Calculating Gumbel distribution (location: -0.13679276406764984, scale 0.7260993123054504)
2024-03-04 18:02:39,252 | INFO | hilo.gumbel-kernel : TOP-LEFT:
tensor([[9.9334e-01, 3.3325e-03, 3.0732e-11],
        [3.3325e-03, 3.0732e-11, 2.5698e-41],
        [3.0732e-11, 2.5698e-41, 0.0000e+00]])
2024-03-04 18:02:39,253 | INFO | hilo.kernel-accessor : Fetching kernel: gumbel
2024-03-04 18:02:39,253 | INFO | hilo.gumbel-kernel : Calculating Gumbel distribution (location: -0.20489469170570374, scale 0.9602265954017639)
2024-03-04 18:02:39,253 | INFO | hilo.gumbel-kernel : TOP-RIGHT:
tensor([[2.5174e-06, 2.0402e-02, 9.5919e-01],
        [1.4314e-16, 2.5174e-06, 2.0402e-02],
        [9.8091e-45, 1.4314e-16, 2.5174e-06]])
2024-03-04 18:02:39,253 | INFO | hilo.kernel-accessor : Fetching kernel: gumbel
2024-03-04 18:02:39,253 | INFO | hilo.gumbel-kernel : Calculating Gumbel distribution (location: -0.17447268962860107, scale 0.8700258135795593)
2024-03-04 18:02:39,254 | INFO | hilo.gumbel-kernel : TOP-RIGHT:
tensor([[1.5070e-07, 1.2343e-02, 9.7531e-01],
        [5.5810e-22, 1.5070e-07, 1.2343e-02],
        [0.0000e+00, 5.5810e-22, 1.5070e-07]])
2024-03-04 18:02:39,254 | INFO | hilo.kernel-accessor : Fetching kernel: gumbel
2024-03-04 18:02:39,254 | INFO | hilo.gumbel-kernel : Calculating Gumbel distribution (location: -0.06270992755889893, scale 0.9394617676734924)
2024-03-04 18:02:39,254 | INFO | hilo.gumbel-kernel : TOP-LEFT:
tensor([[9.2695e-01, 3.6489e-02, 2.3282e-05],
        [3.6489e-02, 2.3282e-05, 9.5852e-14],
        [2.3282e-05, 9.5852e-14, 3.5356e-37]])
2024-03-04 18:02:39,254 | INFO | hilo.kernel-accessor : Fetching kernel: gumbel
2024-03-04 18:02:39,254 | INFO | hilo.gumbel-kernel : Calculating Gumbel distribution (location: -0.00746158929541707, scale 0.8498622179031372)
2024-03-04 18:02:39,255 | INFO | hilo.gumbel-kernel : TOP-RIGHT:
tensor([[5.5405e-06, 2.9572e-02, 9.4084e-01],
        [6.3142e-17, 5.5405e-06, 2.9572e-02],
        [0.0000e+00, 6.3142e-17, 5.5405e-06]])
2024-03-04 18:02:39,255 | INFO | hilo.kernel-accessor : Fetching kernel: gumbel
2024-03-04 18:02:39,255 | INFO | hilo.gumbel-kernel : Calculating Gumbel distribution (location: -0.02159779891371727, scale 1.0628911256790161)
2024-03-04 18:02:39,255 | INFO | hilo.gumbel-kernel : TOP-RIGHT:
tensor([[4.0131e-04, 6.6426e-02, 8.6594e-01],
        [3.6040e-09, 4.0131e-04, 6.6426e-02],
        [1.8403e-21, 3.6040e-09, 4.0131e-04]])
2024-03-04 18:02:39,255 | INFO | hilo.kernel-accessor : Fetching kernel: gumbel
2024-03-04 18:02:39,255 | INFO | hilo.gumbel-kernel : Calculating Gumbel distribution (location: 0.14035069942474365, scale 1.1150482892990112)
2024-03-04 18:02:39,256 | INFO | hilo.gumbel-kernel : TOP-RIGHT:
tensor([[2.6536e-03, 1.0355e-01, 7.8493e-01],
        [1.2237e-06, 2.6536e-03, 1.0355e-01],
        [2.9754e-14, 1.2237e-06, 2.6536e-03]])
2024-03-04 18:02:39,256 | INFO | hilo.kernel-accessor : Fetching kernel: gumbel
2024-03-04 18:02:39,256 | INFO | hilo.gumbel-kernel : Calculating Gumbel distribution (location: 0.1546594798564911, scale 1.1236227750778198)
2024-03-04 18:02:39,256 | INFO | hilo.gumbel-kernel : TOP-RIGHT:
tensor([[3.0995e-03, 1.0721e-01, 7.7628e-01],
        [1.9884e-06, 3.0995e-03, 1.0721e-01],
        [1.1982e-13, 1.9884e-06, 3.0995e-03]])
2024-03-04 18:02:39,256 | INFO | hilo.kernel-accessor : Fetching kernel: gumbel
2024-03-04 18:02:39,256 | INFO | hilo.gumbel-kernel : Calculating Gumbel distribution (location: -0.000693232286721468, scale 0.9632688164710999)
2024-03-04 18:02:39,257 | INFO | hilo.gumbel-kernel : TOP-RIGHT:
tensor([[1.0420e-04, 5.1151e-02, 8.9738e-01],
        [1.7419e-11, 1.0420e-04, 5.1151e-02],
        [8.4322e-30, 1.7419e-11, 1.0420e-04]])
2024-03-04 18:02:39,257 | INFO | hilo.kernel-accessor : Fetching kernel: gumbel
2024-03-04 18:02:39,257 | INFO | hilo.gumbel-kernel : Calculating Gumbel distribution (location: 0.12718066573143005, scale 0.8044623732566833)
2024-03-04 18:02:39,257 | INFO | hilo.gumbel-kernel : TOP-LEFT:
tensor([[9.1268e-01, 4.3625e-02, 2.4758e-05],
        [4.3625e-02, 2.4758e-05, 2.9761e-15],
        [2.4758e-05, 2.9761e-15, 0.0000e+00]])
2024-03-04 18:02:39,257 | INFO | hilo.kernel-accessor : Fetching kernel: gumbel
2024-03-04 18:02:39,258 | INFO | hilo.gumbel-kernel : Calculating Gumbel distribution (location: 0.054122745990753174, scale 0.7745707035064697)
2024-03-04 18:02:39,258 | INFO | hilo.gumbel-kernel : TOP-LEFT:
tensor([[9.4737e-01, 2.6310e-02, 1.7318e-06],
        [2.6310e-02, 1.7318e-06, 3.2366e-20],
        [1.7318e-06, 3.2366e-20, 0.0000e+00]])
2024-03-04 18:02:39,258 | INFO | hilo.kernel-accessor : Fetching kernel: gumbel
2024-03-04 18:02:39,258 | INFO | hilo.gumbel-kernel : Calculating Gumbel distribution (location: -0.040758535265922546, scale 1.0371216535568237)
2024-03-04 18:02:39,258 | INFO | hilo.gumbel-kernel : TOP-LEFT:
tensor([[8.8296e-01, 5.8188e-02, 2.2214e-04],
        [5.8188e-02, 2.2214e-04, 4.8298e-10],
        [2.2214e-04, 4.8298e-10, 3.2494e-24]])
2024-03-04 18:04:00,239 | INFO | hilo : Epoch   3/200 | Accuracy:  38.2812 | Loss:   1.2425
2024-03-04 18:04:00,239 | INFO | hilo.kernel-accessor : Fetching kernel: gumbel
2024-03-04 18:04:00,240 | INFO | hilo.gumbel-kernel : Calculating Gumbel distribution (location: -0.030615802854299545, scale 0.4934566617012024)
2024-03-04 18:04:00,240 | INFO | hilo.gumbel-kernel : TOP-LEFT:
tensor([[9.9985e-01, 7.6011e-05, 2.6594e-30],
        [7.6011e-05, 2.6594e-30, 0.0000e+00],
        [2.6594e-30, 0.0000e+00, 0.0000e+00]])
2024-03-04 18:04:00,241 | INFO | hilo.kernel-accessor : Fetching kernel: gumbel
2024-03-04 18:04:00,241 | INFO | hilo.gumbel-kernel : Calculating Gumbel distribution (location: -0.695453941822052, scale 1.4004212617874146)
2024-03-04 18:04:00,242 | INFO | hilo.gumbel-kernel : TOP-RIGHT:
tensor([[4.3338e-05, 2.7728e-02, 9.4441e-01],
        [1.6956e-10, 4.3338e-05, 2.7728e-02],
        [3.2271e-21, 1.6956e-10, 4.3338e-05]])
2024-03-04 18:04:00,242 | INFO | hilo.kernel-accessor : Fetching kernel: gumbel
2024-03-04 18:04:00,242 | INFO | hilo.gumbel-kernel : Calculating Gumbel distribution (location: -0.3984552323818207, scale 0.914380669593811)
2024-03-04 18:04:00,243 | INFO | hilo.gumbel-kernel : TOP-RIGHT:
tensor([[6.8298e-10, 2.8944e-03, 9.9421e-01],
        [9.8737e-29, 6.8298e-10, 2.8944e-03],
        [0.0000e+00, 9.8737e-29, 6.8298e-10]])
2024-03-04 18:04:00,243 | INFO | hilo.kernel-accessor : Fetching kernel: gumbel
2024-03-04 18:04:00,243 | INFO | hilo.gumbel-kernel : Calculating Gumbel distribution (location: -0.3447180986404419, scale 0.8332608342170715)
2024-03-04 18:04:00,244 | INFO | hilo.gumbel-kernel : TOP-LEFT:
tensor([[9.9703e-01, 1.4873e-03, 9.9347e-12],
        [1.4873e-03, 9.9346e-12, 1.1508e-37],
        [9.9347e-12, 1.1508e-37, 0.0000e+00]])
2024-03-04 18:04:00,244 | INFO | hilo.kernel-accessor : Fetching kernel: gumbel
2024-03-04 18:04:00,245 | INFO | hilo.gumbel-kernel : Calculating Gumbel distribution (location: -0.26968270540237427, scale 0.7500202655792236)
2024-03-04 18:04:00,245 | INFO | hilo.gumbel-kernel : TOP-RIGHT:
tensor([[8.0128e-14, 8.5095e-04, 9.9830e-01],
        [0.0000e+00, 8.0128e-14, 8.5095e-04],
        [0.0000e+00, 0.0000e+00, 8.0128e-14]])
2024-03-04 18:04:00,245 | INFO | hilo.kernel-accessor : Fetching kernel: gumbel
2024-03-04 18:04:00,246 | INFO | hilo.gumbel-kernel : Calculating Gumbel distribution (location: -0.19985292851924896, scale 0.5773500204086304)
2024-03-04 18:04:00,246 | INFO | hilo.gumbel-kernel : TOP-RIGHT:
tensor([[4.3360e-29, 1.6228e-05, 9.9997e-01],
        [0.0000e+00, 4.3360e-29, 1.6228e-05],
        [0.0000e+00, 0.0000e+00, 4.3360e-29]])
2024-03-04 18:04:00,246 | INFO | hilo.kernel-accessor : Fetching kernel: gumbel
2024-03-04 18:04:00,247 | INFO | hilo.gumbel-kernel : Calculating Gumbel distribution (location: -0.19240981340408325, scale 0.7426676154136658)
2024-03-04 18:04:00,247 | INFO | hilo.gumbel-kernel : TOP-RIGHT:
tensor([[6.0794e-12, 2.1860e-03, 9.9563e-01],
        [3.6434e-43, 6.0794e-12, 2.1860e-03],
        [0.0000e+00, 3.6434e-43, 6.0794e-12]])
2024-03-04 18:04:00,248 | INFO | hilo.kernel-accessor : Fetching kernel: gumbel
2024-03-04 18:04:00,248 | INFO | hilo.gumbel-kernel : Calculating Gumbel distribution (location: -0.09934866428375244, scale 0.6552090644836426)
2024-03-04 18:04:00,249 | INFO | hilo.gumbel-kernel : TOP-LEFT:
tensor([[9.9670e-01, 1.6517e-03, 6.4785e-14],
        [1.6517e-03, 6.4785e-14, 0.0000e+00],
        [6.4785e-14, 0.0000e+00, 0.0000e+00]])
2024-03-04 18:04:00,249 | INFO | hilo.kernel-accessor : Fetching kernel: gumbel
2024-03-04 18:04:00,249 | INFO | hilo.gumbel-kernel : Calculating Gumbel distribution (location: -0.148800790309906, scale 0.6777356266975403)
2024-03-04 18:04:00,250 | INFO | hilo.gumbel-kernel : TOP-LEFT:
tensor([[9.9756e-01, 1.2175e-03, 3.2050e-14],
        [1.2175e-03, 3.2050e-14, 0.0000e+00],
        [3.2050e-14, 0.0000e+00, 0.0000e+00]])
2024-03-04 18:04:00,250 | INFO | hilo.kernel-accessor : Fetching kernel: gumbel
2024-03-04 18:04:00,251 | INFO | hilo.gumbel-kernel : Calculating Gumbel distribution (location: -0.036551583558321, scale 0.5634914040565491)
2024-03-04 18:04:00,251 | INFO | hilo.gumbel-kernel : TOP-LEFT:
tensor([[9.9872e-01, 6.4088e-04, 5.6351e-19],
        [6.4088e-04, 5.6350e-19, 0.0000e+00],
        [5.6351e-19, 0.0000e+00, 0.0000e+00]])
2024-03-04 18:04:00,252 | INFO | hilo.kernel-accessor : Fetching kernel: gumbel
2024-03-04 18:04:00,252 | INFO | hilo.gumbel-kernel : Calculating Gumbel distribution (location: -0.04367755725979805, scale 0.6837342977523804)
2024-03-04 18:04:00,252 | INFO | hilo.gumbel-kernel : TOP-LEFT:
tensor([[9.8942e-01, 5.2885e-03, 1.0515e-10],
        [5.2885e-03, 1.0515e-10, 7.6105e-42],
        [1.0515e-10, 7.6105e-42, 0.0000e+00]])
2024-03-04 18:04:00,253 | INFO | hilo.kernel-accessor : Fetching kernel: gumbel
2024-03-04 18:04:00,253 | INFO | hilo.gumbel-kernel : Calculating Gumbel distribution (location: 0.06069149076938629, scale 0.6609959602355957)
2024-03-04 18:04:00,254 | INFO | hilo.gumbel-kernel : TOP-RIGHT:
tensor([[3.8772e-09, 1.1315e-02, 9.7737e-01],
        [3.6671e-36, 3.8772e-09, 1.1315e-02],
        [0.0000e+00, 3.6671e-36, 3.8772e-09]])
2024-03-04 18:04:00,254 | INFO | hilo.kernel-accessor : Fetching kernel: gumbel
2024-03-04 18:04:00,255 | INFO | hilo.gumbel-kernel : Calculating Gumbel distribution (location: 0.08379344642162323, scale 0.6725332140922546)
2024-03-04 18:04:00,255 | INFO | hilo.gumbel-kernel : TOP-RIGHT:
tensor([[2.5713e-08, 1.5205e-02, 9.6959e-01],
        [1.2292e-31, 2.5713e-08, 1.5205e-02],
        [0.0000e+00, 1.2292e-31, 2.5713e-08]])
2024-03-04 18:04:00,256 | INFO | hilo.kernel-accessor : Fetching kernel: gumbel
2024-03-04 18:04:00,256 | INFO | hilo.gumbel-kernel : Calculating Gumbel distribution (location: 0.04617767408490181, scale 0.593752920627594)
2024-03-04 18:04:00,257 | INFO | hilo.gumbel-kernel : TOP-RIGHT:
tensor([[1.2968e-12, 4.3012e-03, 9.9140e-01],
        [0.0000e+00, 1.2968e-12, 4.3012e-03],
        [0.0000e+00, 0.0000e+00, 1.2968e-12]])
2024-03-04 18:04:00,257 | INFO | hilo.kernel-accessor : Fetching kernel: gumbel
2024-03-04 18:04:00,257 | INFO | hilo.gumbel-kernel : Calculating Gumbel distribution (location: 0.07301463931798935, scale 0.46571028232574463)
2024-03-04 18:04:00,258 | INFO | hilo.gumbel-kernel : TOP-LEFT:
tensor([[9.9907e-01, 4.6461e-04, 1.5403e-25],
        [4.6461e-04, 1.5403e-25, 0.0000e+00],
        [1.5403e-25, 0.0000e+00, 0.0000e+00]])
2024-03-04 18:04:00,258 | INFO | hilo.kernel-accessor : Fetching kernel: gumbel
2024-03-04 18:04:00,258 | INFO | hilo.gumbel-kernel : Calculating Gumbel distribution (location: 0.04958304762840271, scale 0.5130561590194702)
2024-03-04 18:04:00,259 | INFO | hilo.gumbel-kernel : TOP-RIGHT:
tensor([[1.0266e-19, 9.9275e-04, 9.9801e-01],
        [0.0000e+00, 1.0266e-19, 9.9275e-04],
        [0.0000e+00, 0.0000e+00, 1.0266e-19]])
2024-03-04 18:04:00,259 | INFO | hilo.kernel-accessor : Fetching kernel: gumbel
2024-03-04 18:04:00,259 | INFO | hilo.gumbel-kernel : Calculating Gumbel distribution (location: 0.1862441897392273, scale 0.6687813401222229)
2024-03-04 18:04:00,260 | INFO | hilo.gumbel-kernel : TOP-LEFT:
tensor([[9.4184e-01, 2.9076e-02, 9.4061e-07],
        [2.9076e-02, 9.4061e-07, 1.5575e-24],
        [9.4061e-07, 1.5575e-24, 0.0000e+00]])
2024-03-04 18:05:21,330 | INFO | hilo : Epoch   4/200 | Accuracy:  21.0938 | Loss:   1.0642
2024-03-04 18:05:21,330 | INFO | hilo.kernel-accessor : Fetching kernel: gumbel
2024-03-04 18:05:21,331 | INFO | hilo.gumbel-kernel : Calculating Gumbel distribution (location: -0.03262844681739807, scale 0.5631582736968994)
2024-03-04 18:05:21,331 | INFO | hilo.gumbel-kernel : TOP-LEFT:
tensor([[9.9863e-01, 6.8642e-04, 8.7939e-19],
        [6.8642e-04, 8.7941e-19, 0.0000e+00],
        [8.7939e-19, 0.0000e+00, 0.0000e+00]])
2024-03-04 18:05:21,331 | INFO | hilo.kernel-accessor : Fetching kernel: gumbel
2024-03-04 18:05:21,332 | INFO | hilo.gumbel-kernel : Calculating Gumbel distribution (location: -0.6552528142929077, scale 1.670539140701294)
2024-03-04 18:05:21,332 | INFO | hilo.gumbel-kernel : TOP-LEFT:
tensor([[8.4164e-01, 7.6769e-02, 1.6069e-03],
        [7.6769e-02, 1.6070e-03, 2.3102e-06],
        [1.6069e-03, 2.3102e-06, 2.5399e-11]])
2024-03-04 18:05:21,332 | INFO | hilo.kernel-accessor : Fetching kernel: gumbel
2024-03-04 18:05:21,332 | INFO | hilo.gumbel-kernel : Calculating Gumbel distribution (location: -0.5175387859344482, scale 1.1850441694259644)
2024-03-04 18:05:21,332 | INFO | hilo.gumbel-kernel : TOP-RIGHT:
tensor([[4.6501e-06, 1.7361e-02, 9.6526e-01],
        [7.0293e-14, 4.6501e-06, 1.7361e-02],
        [1.4043e-31, 7.0293e-14, 4.6501e-06]])
2024-03-04 18:05:21,333 | INFO | hilo.kernel-accessor : Fetching kernel: gumbel
2024-03-04 18:05:21,333 | INFO | hilo.gumbel-kernel : Calculating Gumbel distribution (location: -0.3391120433807373, scale 0.8864139318466187)
2024-03-04 18:05:21,333 | INFO | hilo.gumbel-kernel : TOP-RIGHT:
tensor([[1.0928e-09, 3.5988e-03, 9.9280e-01],
        [8.3878e-29, 1.0928e-09, 3.5988e-03],
        [0.0000e+00, 8.3878e-29, 1.0928e-09]])
2024-03-04 18:05:21,333 | INFO | hilo.kernel-accessor : Fetching kernel: gumbel
2024-03-04 18:05:21,333 | INFO | hilo.gumbel-kernel : Calculating Gumbel distribution (location: -0.299606591463089, scale 0.8535139560699463)
2024-03-04 18:05:21,334 | INFO | hilo.gumbel-kernel : TOP-LEFT:
tensor([[9.9312e-01, 3.4380e-03, 5.3499e-10],
        [3.4380e-03, 5.3499e-10, 7.7753e-31],
        [5.3499e-10, 7.7753e-31, 0.0000e+00]])
2024-03-04 18:05:21,334 | INFO | hilo.kernel-accessor : Fetching kernel: gumbel
2024-03-04 18:05:21,334 | INFO | hilo.gumbel-kernel : Calculating Gumbel distribution (location: -0.14230503141880035, scale 0.6993739008903503)
2024-03-04 18:05:21,334 | INFO | hilo.gumbel-kernel : TOP-LEFT:
tensor([[9.9597e-01, 2.0131e-03, 1.0472e-12],
        [2.0131e-03, 1.0472e-12, 0.0000e+00],
        [1.0472e-12, 0.0000e+00, 0.0000e+00]])
2024-03-04 18:05:21,334 | INFO | hilo.kernel-accessor : Fetching kernel: gumbel
2024-03-04 18:05:21,334 | INFO | hilo.gumbel-kernel : Calculating Gumbel distribution (location: -0.26343631744384766, scale 0.9366188049316406)
2024-03-04 18:05:21,335 | INFO | hilo.gumbel-kernel : TOP-RIGHT:
tensor([[2.3774e-07, 1.1781e-02, 9.7644e-01],
        [4.0272e-20, 2.3774e-07, 1.1781e-02],
        [0.0000e+00, 4.0272e-20, 2.3774e-07]])
2024-03-04 18:05:21,335 | INFO | hilo.kernel-accessor : Fetching kernel: gumbel
2024-03-04 18:05:21,335 | INFO | hilo.gumbel-kernel : Calculating Gumbel distribution (location: -0.2039664387702942, scale 0.7836065292358398)
2024-03-04 18:05:21,335 | INFO | hilo.gumbel-kernel : TOP-RIGHT:
tensor([[1.7250e-10, 3.5876e-03, 9.9282e-01],
        [2.8124e-35, 1.7250e-10, 3.5876e-03],
        [0.0000e+00, 2.8124e-35, 1.7250e-10]])
2024-03-04 18:05:21,335 | INFO | hilo.kernel-accessor : Fetching kernel: gumbel
2024-03-04 18:05:21,335 | INFO | hilo.gumbel-kernel : Calculating Gumbel distribution (location: -0.16577616333961487, scale 0.7781654596328735)
2024-03-04 18:05:21,336 | INFO | hilo.gumbel-kernel : TOP-LEFT:
tensor([[9.9001e-01, 4.9957e-03, 7.1506e-10],
        [4.9957e-03, 7.1506e-10, 3.7342e-33],
        [7.1506e-10, 3.7342e-33, 0.0000e+00]])
2024-03-04 18:05:21,336 | INFO | hilo.kernel-accessor : Fetching kernel: gumbel
2024-03-04 18:05:21,336 | INFO | hilo.gumbel-kernel : Calculating Gumbel distribution (location: -0.05741649866104126, scale 0.6068494319915771)
2024-03-04 18:05:21,336 | INFO | hilo.gumbel-kernel : TOP-RIGHT:
tensor([[8.4244e-16, 1.2064e-03, 9.9759e-01],
        [0.0000e+00, 8.4244e-16, 1.2064e-03],
        [0.0000e+00, 0.0000e+00, 8.4244e-16]])
2024-03-04 18:05:21,336 | INFO | hilo.kernel-accessor : Fetching kernel: gumbel
2024-03-04 18:05:21,337 | INFO | hilo.gumbel-kernel : Calculating Gumbel distribution (location: -0.17392048239707947, scale 0.7491869330406189)
2024-03-04 18:05:21,337 | INFO | hilo.gumbel-kernel : TOP-LEFT:
tensor([[9.9391e-01, 3.0457e-03, 3.6017e-11],
        [3.0457e-03, 3.6017e-11, 1.1548e-39],
        [3.6017e-11, 1.1548e-39, 0.0000e+00]])
2024-03-04 18:05:21,337 | INFO | hilo.kernel-accessor : Fetching kernel: gumbel
2024-03-04 18:05:21,337 | INFO | hilo.gumbel-kernel : Calculating Gumbel distribution (location: -0.02042453922331333, scale 0.595167338848114)
2024-03-04 18:05:21,337 | INFO | hilo.gumbel-kernel : TOP-LEFT:
tensor([[9.9654e-01, 1.7285e-03, 4.0516e-15],
        [1.7285e-03, 4.0517e-15, 0.0000e+00],
        [4.0516e-15, 0.0000e+00, 0.0000e+00]])
2024-03-04 18:05:21,338 | INFO | hilo.kernel-accessor : Fetching kernel: gumbel
2024-03-04 18:05:21,338 | INFO | hilo.gumbel-kernel : Calculating Gumbel distribution (location: 0.04217349737882614, scale 0.7350461483001709)
2024-03-04 18:05:21,338 | INFO | hilo.gumbel-kernel : TOP-LEFT:
tensor([[9.6271e-01, 1.8643e-02, 2.0213e-07],
        [1.8643e-02, 2.0213e-07, 4.6218e-25],
        [2.0213e-07, 4.6218e-25, 0.0000e+00]])
2024-03-04 18:05:21,338 | INFO | hilo.kernel-accessor : Fetching kernel: gumbel
2024-03-04 18:05:21,338 | INFO | hilo.gumbel-kernel : Calculating Gumbel distribution (location: 0.07365462183952332, scale 0.8256362080574036)
2024-03-04 18:05:21,339 | INFO | hilo.gumbel-kernel : TOP-LEFT:
tensor([[9.2342e-01, 3.8270e-02, 1.5173e-05],
        [3.8270e-02, 1.5173e-05, 9.9933e-16],
        [1.5173e-05, 9.9933e-16, 0.0000e+00]])
2024-03-04 18:05:21,339 | INFO | hilo.kernel-accessor : Fetching kernel: gumbel
2024-03-04 18:05:21,339 | INFO | hilo.gumbel-kernel : Calculating Gumbel distribution (location: -0.05124205723404884, scale 0.1780133992433548)
2024-03-04 18:05:21,339 | INFO | hilo.gumbel-kernel : TOP-RIGHT:
tensor([[0., 0., 1.],
        [0., 0., 0.],
        [0., 0., 0.]])
2024-03-04 18:05:21,339 | INFO | hilo.kernel-accessor : Fetching kernel: gumbel
2024-03-04 18:05:21,339 | INFO | hilo.gumbel-kernel : Calculating Gumbel distribution (location: -0.024773314595222473, scale 0.17865963280200958)
2024-03-04 18:05:21,340 | INFO | hilo.gumbel-kernel : TOP-RIGHT:
tensor([[0., 0., 1.],
        [0., 0., 0.],
        [0., 0., 0.]])
2024-03-04 18:05:21,340 | INFO | hilo.kernel-accessor : Fetching kernel: gumbel
2024-03-04 18:05:21,340 | INFO | hilo.gumbel-kernel : Calculating Gumbel distribution (location: 0.07273635268211365, scale 0.31430619955062866)
2024-03-04 18:05:21,340 | INFO | hilo.gumbel-kernel : TOP-LEFT:
tensor([[1.0000e+00, 2.0276e-08, 0.0000e+00],
        [2.0276e-08, 0.0000e+00, 0.0000e+00],
        [0.0000e+00, 0.0000e+00, 0.0000e+00]])
2024-03-04 18:06:42,443 | INFO | hilo : Epoch   5/200 | Accuracy:  54.2188 | Loss:   1.1680
2024-03-04 18:06:42,444 | INFO | hilo.kernel-accessor : Fetching kernel: gumbel
2024-03-04 18:06:42,444 | INFO | hilo.gumbel-kernel : Calculating Gumbel distribution (location: -0.01207192987203598, scale 0.5088050365447998)
2024-03-04 18:06:42,445 | INFO | hilo.gumbel-kernel : TOP-LEFT:
tensor([[9.9955e-01, 2.2446e-04, 3.5239e-25],
        [2.2446e-04, 3.5238e-25, 0.0000e+00],
        [3.5239e-25, 0.0000e+00, 0.0000e+00]])
2024-03-04 18:06:42,445 | INFO | hilo.kernel-accessor : Fetching kernel: gumbel
2024-03-04 18:06:42,446 | INFO | hilo.gumbel-kernel : Calculating Gumbel distribution (location: -0.6389303803443909, scale 1.7237673997879028)
2024-03-04 18:06:42,446 | INFO | hilo.gumbel-kernel : TOP-LEFT:
tensor([[8.1666e-01, 8.7793e-02, 2.5787e-03],
        [8.7793e-02, 2.5787e-03, 7.4620e-06],
        [2.5787e-03, 7.4620e-06, 3.4390e-10]])
2024-03-04 18:06:42,447 | INFO | hilo.kernel-accessor : Fetching kernel: gumbel
2024-03-04 18:06:42,447 | INFO | hilo.gumbel-kernel : Calculating Gumbel distribution (location: -0.5817416906356812, scale 1.1880942583084106)
2024-03-04 18:06:42,448 | INFO | hilo.gumbel-kernel : TOP-RIGHT:
tensor([[1.5451e-06, 1.2497e-02, 9.7500e-01],
        [4.0211e-15, 1.5451e-06, 1.2497e-02],
        [1.4734e-34, 4.0211e-15, 1.5451e-06]])
2024-03-04 18:06:42,448 | INFO | hilo.kernel-accessor : Fetching kernel: gumbel
2024-03-04 18:06:42,448 | INFO | hilo.gumbel-kernel : Calculating Gumbel distribution (location: -0.36474671959877014, scale 0.8760955333709717)
2024-03-04 18:06:42,449 | INFO | hilo.gumbel-kernel : TOP-RIGHT:
tensor([[1.6364e-10, 2.3654e-03, 9.9527e-01],
        [7.0915e-32, 1.6365e-10, 2.3654e-03],
        [0.0000e+00, 7.0915e-32, 1.6364e-10]])
2024-03-04 18:06:42,449 | INFO | hilo.kernel-accessor : Fetching kernel: gumbel
2024-03-04 18:06:42,449 | INFO | hilo.gumbel-kernel : Calculating Gumbel distribution (location: -0.32094648480415344, scale 0.8213062882423401)
