2024-03-04 09:00:19,845 | INFO | hilo : 
+==============================================================+
|                                                              |
| ██████╗  █████╗ ██████╗ ██╗         ██╗      █████╗ ██████╗  |
| ██╔══██╗██╔══██╗██╔══██╗██║         ██║     ██╔══██╗██╔══██╗ |
| ██║  ██║███████║██║  ██║██║         ██║     ███████║██████╔╝ |
| ██║  ██║██╔══██║██║  ██║██║         ██║     ██╔══██║██╔══██╗ |
| ██████╔╝██║  ██║██████╔╝███████╗    ███████╗██║  ██║██████╔╝ |
| ╚═════╝ ╚═╝  ╚═╝╚═════╝ ╚══════╝    ╚══════╝╚═╝  ╚═╝╚═════╝  |
+==============================================================+
|             Hi-Lo Resolution Image Classification            |
|             -------------------------------------            |
|                       Gabriel C. Trahan                      |
|                          Sahan Ahmad                         |
|                       MD  Aminual Islam                      |
+==============================================================+
2024-03-04 09:00:21,430 | INFO | hilo.dataset-accessor : Fetching dataset: cifar10
2024-03-04 09:00:21,430 | INFO | hilo.cifar10-dataset : Initializing transform
2024-03-04 09:00:21,430 | INFO | hilo.cifar10-dataset : Verifying/downloading train data
2024-03-04 09:00:22,035 | INFO | hilo.cifar10-dataset : Verifying/downloading test data
2024-03-04 09:00:22,519 | INFO | hilo.cifar10-dataset : Creating train data loader.
2024-03-04 09:00:22,520 | INFO | hilo.cifar10-dataset : Creating test data loader.
2024-03-04 09:00:22,628 | INFO | hilo : Output directory: output/resnet/cifar10/gumbel/3/20240304_090021/
2024-03-04 09:00:23,615 | INFO | hilo : Using device: NVIDIA GeForce GTX 1060 6GB
2024-03-04 09:00:23,616 | INFO | hilo : Exeucting job: MODEL resnet | DATASET cifar10 | KERNEL gumbel | TYPE 3
2024-03-04 09:00:23,616 | INFO | hilo : Commencing training phase...
2024-03-04 09:00:23,616 | INFO | hilo.kernel-accessor : Fetching kernel: gumbel
2024-03-04 09:00:23,616 | INFO | hilo.gumbel-kernel : Calculating Gumbel distribution (location: 0.0, scale 1.0)
2024-03-04 09:00:23,617 | INFO | hilo.gumbel-kernel : TOP-LEFT:
tensor([[8.8288e-01, 5.8259e-02, 2.0072e-04],
        [5.8259e-02, 2.0072e-04, 2.2609e-10],
        [2.0072e-04, 2.2609e-10, 8.5377e-26]])
2024-03-04 09:00:23,617 | INFO | hilo.kernel-accessor : Fetching kernel: gumbel
2024-03-04 09:00:23,617 | INFO | hilo.gumbel-kernel : Calculating Gumbel distribution (location: 0.0, scale 1.0)
2024-03-04 09:00:23,618 | INFO | hilo.gumbel-kernel : TOP-LEFT:
tensor([[8.8288e-01, 5.8259e-02, 2.0072e-04],
        [5.8259e-02, 2.0072e-04, 2.2609e-10],
        [2.0072e-04, 2.2609e-10, 8.5377e-26]])
2024-03-04 09:00:23,618 | INFO | hilo.kernel-accessor : Fetching kernel: gumbel
2024-03-04 09:00:23,618 | INFO | hilo.gumbel-kernel : Calculating Gumbel distribution (location: 0.0, scale 1.0)
2024-03-04 09:00:23,618 | INFO | hilo.gumbel-kernel : BOTTOM-LEFT:
tensor([[2.0072e-04, 2.2609e-10, 8.5377e-26],
        [5.8259e-02, 2.0072e-04, 2.2609e-10],
        [8.8288e-01, 5.8259e-02, 2.0072e-04]])
2024-03-04 09:00:23,618 | INFO | hilo.kernel-accessor : Fetching kernel: gumbel
2024-03-04 09:00:23,618 | INFO | hilo.gumbel-kernel : Calculating Gumbel distribution (location: 0.0, scale 1.0)
2024-03-04 09:00:23,619 | INFO | hilo.gumbel-kernel : BOTTOM-LEFT:
tensor([[2.0072e-04, 2.2609e-10, 8.5377e-26],
        [5.8259e-02, 2.0072e-04, 2.2609e-10],
        [8.8288e-01, 5.8259e-02, 2.0072e-04]])
2024-03-04 09:00:23,619 | INFO | hilo.kernel-accessor : Fetching kernel: gumbel
2024-03-04 09:00:23,619 | INFO | hilo.gumbel-kernel : Calculating Gumbel distribution (location: 0.0, scale 1.0)
2024-03-04 09:00:23,619 | INFO | hilo.gumbel-kernel : TOP-LEFT:
tensor([[8.8288e-01, 5.8259e-02, 2.0072e-04],
        [5.8259e-02, 2.0072e-04, 2.2609e-10],
        [2.0072e-04, 2.2609e-10, 8.5377e-26]])
2024-03-04 09:00:23,619 | INFO | hilo.kernel-accessor : Fetching kernel: gumbel
2024-03-04 09:00:23,620 | INFO | hilo.gumbel-kernel : Calculating Gumbel distribution (location: 0.0, scale 1.0)
2024-03-04 09:00:23,620 | INFO | hilo.gumbel-kernel : BOTTOM-LEFT:
tensor([[2.0072e-04, 2.2609e-10, 8.5377e-26],
        [5.8259e-02, 2.0072e-04, 2.2609e-10],
        [8.8288e-01, 5.8259e-02, 2.0072e-04]])
2024-03-04 09:00:23,620 | INFO | hilo.kernel-accessor : Fetching kernel: gumbel
2024-03-04 09:00:23,620 | INFO | hilo.gumbel-kernel : Calculating Gumbel distribution (location: 0.0, scale 1.0)
2024-03-04 09:00:23,621 | INFO | hilo.gumbel-kernel : BOTTOM-LEFT:
tensor([[2.0072e-04, 2.2609e-10, 8.5377e-26],
        [5.8259e-02, 2.0072e-04, 2.2609e-10],
        [8.8288e-01, 5.8259e-02, 2.0072e-04]])
2024-03-04 09:00:23,621 | INFO | hilo.kernel-accessor : Fetching kernel: gumbel
2024-03-04 09:00:23,621 | INFO | hilo.gumbel-kernel : Calculating Gumbel distribution (location: 0.0, scale 1.0)
2024-03-04 09:00:23,621 | INFO | hilo.gumbel-kernel : TOP-LEFT:
tensor([[8.8288e-01, 5.8259e-02, 2.0072e-04],
        [5.8259e-02, 2.0072e-04, 2.2609e-10],
        [2.0072e-04, 2.2609e-10, 8.5377e-26]])
2024-03-04 09:00:23,621 | INFO | hilo.kernel-accessor : Fetching kernel: gumbel
2024-03-04 09:00:23,621 | INFO | hilo.gumbel-kernel : Calculating Gumbel distribution (location: 0.0, scale 1.0)
2024-03-04 09:00:23,622 | INFO | hilo.gumbel-kernel : BOTTOM-LEFT:
tensor([[2.0072e-04, 2.2609e-10, 8.5377e-26],
        [5.8259e-02, 2.0072e-04, 2.2609e-10],
        [8.8288e-01, 5.8259e-02, 2.0072e-04]])
2024-03-04 09:00:23,622 | INFO | hilo.kernel-accessor : Fetching kernel: gumbel
2024-03-04 09:00:23,622 | INFO | hilo.gumbel-kernel : Calculating Gumbel distribution (location: 0.0, scale 1.0)
2024-03-04 09:00:23,622 | INFO | hilo.gumbel-kernel : BOTTOM-LEFT:
tensor([[2.0072e-04, 2.2609e-10, 8.5377e-26],
        [5.8259e-02, 2.0072e-04, 2.2609e-10],
        [8.8288e-01, 5.8259e-02, 2.0072e-04]])
2024-03-04 09:00:23,623 | INFO | hilo.kernel-accessor : Fetching kernel: gumbel
2024-03-04 09:00:23,623 | INFO | hilo.gumbel-kernel : Calculating Gumbel distribution (location: 0.0, scale 1.0)
2024-03-04 09:00:23,623 | INFO | hilo.gumbel-kernel : TOP-LEFT:
tensor([[8.8288e-01, 5.8259e-02, 2.0072e-04],
        [5.8259e-02, 2.0072e-04, 2.2609e-10],
        [2.0072e-04, 2.2609e-10, 8.5377e-26]])
2024-03-04 09:00:23,623 | INFO | hilo.kernel-accessor : Fetching kernel: gumbel
2024-03-04 09:00:23,623 | INFO | hilo.gumbel-kernel : Calculating Gumbel distribution (location: 0.0, scale 1.0)
2024-03-04 09:00:23,624 | INFO | hilo.gumbel-kernel : BOTTOM-LEFT:
tensor([[2.0072e-04, 2.2609e-10, 8.5377e-26],
        [5.8259e-02, 2.0072e-04, 2.2609e-10],
        [8.8288e-01, 5.8259e-02, 2.0072e-04]])
2024-03-04 09:00:23,624 | INFO | hilo.kernel-accessor : Fetching kernel: gumbel
2024-03-04 09:00:23,624 | INFO | hilo.gumbel-kernel : Calculating Gumbel distribution (location: 0.0, scale 1.0)
2024-03-04 09:00:23,624 | INFO | hilo.gumbel-kernel : BOTTOM-LEFT:
tensor([[2.0072e-04, 2.2609e-10, 8.5377e-26],
        [5.8259e-02, 2.0072e-04, 2.2609e-10],
        [8.8288e-01, 5.8259e-02, 2.0072e-04]])
2024-03-04 09:00:23,624 | INFO | hilo.kernel-accessor : Fetching kernel: gumbel
2024-03-04 09:00:23,625 | INFO | hilo.gumbel-kernel : Calculating Gumbel distribution (location: 0.0, scale 1.0)
2024-03-04 09:00:23,625 | INFO | hilo.gumbel-kernel : TOP-LEFT:
tensor([[8.8288e-01, 5.8259e-02, 2.0072e-04],
        [5.8259e-02, 2.0072e-04, 2.2609e-10],
        [2.0072e-04, 2.2609e-10, 8.5377e-26]])
2024-03-04 09:00:23,625 | INFO | hilo.kernel-accessor : Fetching kernel: gumbel
2024-03-04 09:00:23,625 | INFO | hilo.gumbel-kernel : Calculating Gumbel distribution (location: 0.0, scale 1.0)
2024-03-04 09:00:23,625 | INFO | hilo.gumbel-kernel : BOTTOM-LEFT:
tensor([[2.0072e-04, 2.2609e-10, 8.5377e-26],
        [5.8259e-02, 2.0072e-04, 2.2609e-10],
        [8.8288e-01, 5.8259e-02, 2.0072e-04]])
2024-03-04 09:00:23,626 | INFO | hilo.kernel-accessor : Fetching kernel: gumbel
2024-03-04 09:00:23,626 | INFO | hilo.gumbel-kernel : Calculating Gumbel distribution (location: 0.0, scale 1.0)
2024-03-04 09:00:23,626 | INFO | hilo.gumbel-kernel : BOTTOM-LEFT:
tensor([[2.0072e-04, 2.2609e-10, 8.5377e-26],
        [5.8259e-02, 2.0072e-04, 2.2609e-10],
        [8.8288e-01, 5.8259e-02, 2.0072e-04]])
2024-03-04 09:00:23,626 | INFO | hilo.kernel-accessor : Fetching kernel: gumbel
2024-03-04 09:00:23,626 | INFO | hilo.gumbel-kernel : Calculating Gumbel distribution (location: 0.0, scale 1.0)
2024-03-04 09:00:23,627 | INFO | hilo.gumbel-kernel : TOP-LEFT:
tensor([[8.8288e-01, 5.8259e-02, 2.0072e-04],
        [5.8259e-02, 2.0072e-04, 2.2609e-10],
        [2.0072e-04, 2.2609e-10, 8.5377e-26]])
2024-03-04 09:01:45,206 | INFO | hilo : Epoch   1/200 | Accuracy:  40.6250 | Loss:   1.5284
2024-03-04 09:01:45,206 | INFO | hilo.kernel-accessor : Fetching kernel: gumbel
2024-03-04 09:01:45,206 | INFO | hilo.gumbel-kernel : Calculating Gumbel distribution (location: 0.003099543508142233, scale 0.6304785013198853)
2024-03-04 09:01:45,207 | INFO | hilo.gumbel-kernel : BOTTOM-LEFT:
tensor([[6.1350e-12, 0.0000e+00, 0.0000e+00],
        [4.3332e-03, 6.1350e-12, 0.0000e+00],
        [9.9133e-01, 4.3332e-03, 6.1350e-12]])
2024-03-04 09:01:45,208 | INFO | hilo.kernel-accessor : Fetching kernel: gumbel
2024-03-04 09:01:45,208 | INFO | hilo.gumbel-kernel : Calculating Gumbel distribution (location: -0.4113260805606842, scale 1.7451058626174927)
2024-03-04 09:01:45,208 | INFO | hilo.gumbel-kernel : BOTTOM-LEFT:
tensor([[7.5240e-03, 8.5924e-05, 4.8045e-08],
        [1.2026e-01, 7.5240e-03, 8.5924e-05],
        [7.3674e-01, 1.2026e-01, 7.5240e-03]])
2024-03-04 09:01:45,209 | INFO | hilo.kernel-accessor : Fetching kernel: gumbel
2024-03-04 09:01:45,209 | INFO | hilo.gumbel-kernel : Calculating Gumbel distribution (location: -0.34319397807121277, scale 1.4057328701019287)
2024-03-04 09:01:45,210 | INFO | hilo.gumbel-kernel : BOTTOM-LEFT:
tensor([[1.2024e-03, 5.3366e-07, 1.6546e-13],
        [7.6456e-02, 1.2024e-03, 5.3366e-07],
        [8.4348e-01, 7.6456e-02, 1.2024e-03]])
2024-03-04 09:01:45,210 | INFO | hilo.kernel-accessor : Fetching kernel: gumbel
2024-03-04 09:01:45,210 | INFO | hilo.gumbel-kernel : Calculating Gumbel distribution (location: -0.10429367423057556, scale 1.392082929611206)
2024-03-04 09:01:45,211 | INFO | hilo.gumbel-kernel : TOP-LEFT:
tensor([[7.6638e-01, 1.1021e-01, 4.3923e-03],
        [1.1021e-01, 4.3923e-03, 1.2592e-05],
        [4.3923e-03, 1.2592e-05, 1.6330e-10]])
2024-03-04 09:01:45,211 | INFO | hilo.kernel-accessor : Fetching kernel: gumbel
2024-03-04 09:01:45,211 | INFO | hilo.gumbel-kernel : Calculating Gumbel distribution (location: -0.24537600576877594, scale 1.4125062227249146)
2024-03-04 09:01:45,212 | INFO | hilo.gumbel-kernel : BOTTOM-LEFT:
tensor([[2.3671e-03, 2.8731e-06, 7.1818e-12],
        [9.2619e-02, 2.3671e-03, 2.8731e-06],
        [8.0766e-01, 9.2619e-02, 2.3671e-03]])
2024-03-04 09:01:45,212 | INFO | hilo.kernel-accessor : Fetching kernel: gumbel
2024-03-04 09:01:45,212 | INFO | hilo.gumbel-kernel : Calculating Gumbel distribution (location: -0.24034272134304047, scale 1.0262449979782104)
2024-03-04 09:01:45,213 | INFO | hilo.gumbel-kernel : TOP-LEFT:
tensor([[9.4863e-01, 2.5672e-02, 8.9928e-06],
        [2.5672e-02, 8.9928e-06, 3.1331e-14],
        [8.9928e-06, 3.1331e-14, 6.0758e-36]])
2024-03-04 09:01:45,213 | INFO | hilo.kernel-accessor : Fetching kernel: gumbel
2024-03-04 09:01:45,213 | INFO | hilo.gumbel-kernel : Calculating Gumbel distribution (location: -0.30933380126953125, scale 1.1737115383148193)
2024-03-04 09:01:45,214 | INFO | hilo.gumbel-kernel : BOTTOM-LEFT:
tensor([[8.2377e-05, 1.2890e-10, 9.9431e-24],
        [4.0218e-02, 8.2377e-05, 1.2890e-10],
        [9.1932e-01, 4.0218e-02, 8.2377e-05]])
2024-03-04 09:01:45,214 | INFO | hilo.kernel-accessor : Fetching kernel: gumbel
2024-03-04 09:01:45,215 | INFO | hilo.gumbel-kernel : Calculating Gumbel distribution (location: -0.37270447611808777, scale 1.1230984926223755)
2024-03-04 09:01:45,215 | INFO | hilo.gumbel-kernel : BOTTOM-LEFT:
tensor([[1.1053e-05, 2.9442e-13, 3.7337e-31],
        [2.4028e-02, 1.1053e-05, 2.9442e-13],
        [9.5191e-01, 2.4028e-02, 1.1053e-05]])
2024-03-04 09:01:45,215 | INFO | hilo.kernel-accessor : Fetching kernel: gumbel
2024-03-04 09:01:45,216 | INFO | hilo.gumbel-kernel : Calculating Gumbel distribution (location: -0.32249876856803894, scale 1.2201309204101562)
2024-03-04 09:01:45,216 | INFO | hilo.gumbel-kernel : TOP-LEFT:
tensor([[9.0682e-01, 4.6359e-02, 1.5387e-04],
        [4.6359e-02, 1.5387e-04, 1.0301e-09],
        [1.5387e-04, 1.0301e-09, 5.2649e-21]])
2024-03-04 09:01:45,216 | INFO | hilo.kernel-accessor : Fetching kernel: gumbel
2024-03-04 09:01:45,217 | INFO | hilo.gumbel-kernel : Calculating Gumbel distribution (location: -0.027020953595638275, scale 1.0191563367843628)
2024-03-04 09:01:45,217 | INFO | hilo.gumbel-kernel : BOTTOM-LEFT:
tensor([[1.9666e-04, 2.7088e-10, 3.2238e-25],
        [5.7168e-02, 1.9666e-04, 2.7088e-10],
        [8.8507e-01, 5.7168e-02, 1.9666e-04]])
2024-03-04 09:01:45,217 | INFO | hilo.kernel-accessor : Fetching kernel: gumbel
2024-03-04 09:01:45,218 | INFO | hilo.gumbel-kernel : Calculating Gumbel distribution (location: -0.06907861679792404, scale 1.2850341796875)
2024-03-04 09:01:45,218 | INFO | hilo.gumbel-kernel : BOTTOM-LEFT:
tensor([[2.6014e-03, 2.3833e-06, 1.4447e-12],
        [9.8433e-02, 2.6014e-03, 2.3833e-06],
        [7.9532e-01, 9.8433e-02, 2.6014e-03]])
2024-03-04 09:01:45,219 | INFO | hilo.kernel-accessor : Fetching kernel: gumbel
2024-03-04 09:01:45,219 | INFO | hilo.gumbel-kernel : Calculating Gumbel distribution (location: -0.029401447623968124, scale 1.2366547584533691)
2024-03-04 09:01:45,219 | INFO | hilo.gumbel-kernel : BOTTOM-LEFT:
tensor([[2.2962e-03, 1.4216e-06, 2.4434e-13],
        [9.6586e-02, 2.2962e-03, 1.4216e-06],
        [7.9994e-01, 9.6586e-02, 2.2962e-03]])
2024-03-04 09:01:45,220 | INFO | hilo.kernel-accessor : Fetching kernel: gumbel
2024-03-04 09:01:45,220 | INFO | hilo.gumbel-kernel : Calculating Gumbel distribution (location: 0.07139187306165695, scale 1.2034797668457031)
2024-03-04 09:01:45,221 | INFO | hilo.gumbel-kernel : BOTTOM-LEFT:
tensor([[3.3231e-03, 3.3725e-06, 1.3299e-12],
        [1.0699e-01, 3.3231e-03, 3.3725e-06],
        [7.7604e-01, 1.0699e-01, 3.3231e-03]])
2024-03-04 09:01:45,221 | INFO | hilo.kernel-accessor : Fetching kernel: gumbel
2024-03-04 09:01:45,221 | INFO | hilo.gumbel-kernel : Calculating Gumbel distribution (location: -0.010600805282592773, scale 0.8983088731765747)
2024-03-04 09:01:45,222 | INFO | hilo.gumbel-kernel : BOTTOM-LEFT:
tensor([[2.1056e-05, 2.6136e-14, 1.9694e-40],
        [3.7475e-02, 2.1056e-05, 2.6136e-14],
        [9.2499e-01, 3.7475e-02, 2.1056e-05]])
2024-03-04 09:01:45,222 | INFO | hilo.kernel-accessor : Fetching kernel: gumbel
2024-03-04 09:01:45,222 | INFO | hilo.gumbel-kernel : Calculating Gumbel distribution (location: 0.07642871141433716, scale 0.8920146226882935)
2024-03-04 09:01:45,223 | INFO | hilo.gumbel-kernel : TOP-LEFT:
tensor([[8.9734e-01, 5.1212e-02, 7.9582e-05],
        [5.1212e-02, 7.9582e-05, 1.9534e-12],
        [7.9582e-05, 1.9534e-12, 8.8999e-35]])
2024-03-04 09:01:45,223 | INFO | hilo.kernel-accessor : Fetching kernel: gumbel
2024-03-04 09:01:45,223 | INFO | hilo.gumbel-kernel : Calculating Gumbel distribution (location: 0.10360609740018845, scale 0.9922007918357849)
2024-03-04 09:01:45,224 | INFO | hilo.gumbel-kernel : TOP-LEFT:
tensor([[8.4751e-01, 7.5384e-02, 5.7504e-04],
        [7.5384e-02, 5.7504e-04, 5.2431e-09],
        [5.7504e-04, 5.2431e-09, 4.7045e-22]])
2024-03-04 09:01:45,224 | INFO | hilo.kernel-accessor : Fetching kernel: gumbel
2024-03-04 09:01:45,224 | INFO | hilo.gumbel-kernel : Calculating Gumbel distribution (location: -0.23813681304454803, scale 1.6813875436782837)
2024-03-04 09:01:45,225 | INFO | hilo.gumbel-kernel : BOTTOM-LEFT:
tensor([[1.0320e-02, 1.6456e-04, 1.4735e-07],
        [1.3215e-01, 1.0320e-02, 1.6456e-04],
        [7.0441e-01, 1.3215e-01, 1.0320e-02]])
2024-03-04 09:03:05,856 | INFO | hilo : Epoch   2/200 | Accuracy:  51.5625 | Loss:   1.2682
2024-03-04 09:03:05,856 | INFO | hilo.kernel-accessor : Fetching kernel: gumbel
2024-03-04 09:03:05,856 | INFO | hilo.gumbel-kernel : Calculating Gumbel distribution (location: -0.0006178247276693583, scale 0.5203510522842407)
2024-03-04 09:03:05,857 | INFO | hilo.gumbel-kernel : TOP-LEFT:
tensor([[9.9916e-01, 4.2238e-04, 2.7525e-22],
        [4.2238e-04, 2.7524e-22, 0.0000e+00],
        [2.7525e-22, 0.0000e+00, 0.0000e+00]])
2024-03-04 09:03:05,857 | INFO | hilo.kernel-accessor : Fetching kernel: gumbel
2024-03-04 09:03:05,858 | INFO | hilo.gumbel-kernel : Calculating Gumbel distribution (location: -0.5829124450683594, scale 1.50983726978302)
2024-03-04 09:03:05,858 | INFO | hilo.gumbel-kernel : TOP-LEFT:
tensor([[8.7946e-01, 5.9380e-02, 5.9393e-04],
        [5.9380e-02, 5.9393e-04, 1.4639e-07],
        [5.9393e-04, 1.4639e-07, 2.7436e-14]])
2024-03-04 09:03:05,858 | INFO | hilo.kernel-accessor : Fetching kernel: gumbel
2024-03-04 09:03:05,858 | INFO | hilo.gumbel-kernel : Calculating Gumbel distribution (location: -0.41098177433013916, scale 1.071267008781433)
2024-03-04 09:03:05,859 | INFO | hilo.gumbel-kernel : BOTTOM-LEFT:
tensor([[1.1525e-06, 2.0788e-16, 1.4509e-40],
        [1.3766e-02, 1.1525e-06, 2.0788e-16],
        [9.7247e-01, 1.3766e-02, 1.1525e-06]])
2024-03-04 09:03:05,859 | INFO | hilo.kernel-accessor : Fetching kernel: gumbel
2024-03-04 09:03:05,859 | INFO | hilo.gumbel-kernel : Calculating Gumbel distribution (location: -0.19436436891555786, scale 0.9067541360855103)
2024-03-04 09:03:05,860 | INFO | hilo.gumbel-kernel : TOP-LEFT:
tensor([[9.7068e-01, 1.4660e-02, 4.4077e-07],
        [1.4660e-02, 4.4077e-07, 9.6609e-20],
        [4.4077e-07, 9.6609e-20, 0.0000e+00]])
2024-03-04 09:03:05,860 | INFO | hilo.kernel-accessor : Fetching kernel: gumbel
2024-03-04 09:03:05,860 | INFO | hilo.gumbel-kernel : Calculating Gumbel distribution (location: -0.218756765127182, scale 1.02301824092865)
2024-03-04 09:03:05,861 | INFO | hilo.gumbel-kernel : TOP-LEFT:
tensor([[9.4408e-01, 2.7943e-02, 1.2217e-05],
        [2.7943e-02, 1.2217e-05, 7.2848e-14],
        [1.2217e-05, 7.2848e-14, 5.0924e-35]])
2024-03-04 09:03:05,861 | INFO | hilo.kernel-accessor : Fetching kernel: gumbel
2024-03-04 09:03:05,861 | INFO | hilo.gumbel-kernel : Calculating Gumbel distribution (location: -0.2428731620311737, scale 0.8341150283813477)
2024-03-04 09:03:05,861 | INFO | hilo.gumbel-kernel : BOTTOM-LEFT:
tensor([[1.5166e-09, 7.1188e-30, 0.0000e+00],
        [4.7233e-03, 1.5166e-09, 7.1188e-30],
        [9.9055e-01, 4.7233e-03, 1.5166e-09]])
2024-03-04 09:03:05,862 | INFO | hilo.kernel-accessor : Fetching kernel: gumbel
2024-03-04 09:03:05,862 | INFO | hilo.gumbel-kernel : Calculating Gumbel distribution (location: -0.27607133984565735, scale 0.9698081612586975)
2024-03-04 09:03:05,862 | INFO | hilo.gumbel-kernel : TOP-LEFT:
tensor([[9.7142e-01, 1.4288e-02, 6.6726e-07],
        [1.4288e-02, 6.6726e-07, 3.0764e-18],
        [6.6726e-07, 3.0764e-18, 0.0000e+00]])
2024-03-04 09:03:05,862 | INFO | hilo.kernel-accessor : Fetching kernel: gumbel
2024-03-04 09:03:05,863 | INFO | hilo.gumbel-kernel : Calculating Gumbel distribution (location: -0.25602027773857117, scale 0.8993707299232483)
2024-03-04 09:03:05,863 | INFO | hilo.gumbel-kernel : TOP-LEFT:
tensor([[9.8243e-01, 8.7856e-03, 5.0256e-08],
        [8.7856e-03, 5.0256e-08, 5.6024e-23],
        [5.0256e-08, 5.6024e-23, 0.0000e+00]])
2024-03-04 09:03:05,863 | INFO | hilo.kernel-accessor : Fetching kernel: gumbel
2024-03-04 09:03:05,863 | INFO | hilo.gumbel-kernel : Calculating Gumbel distribution (location: -0.22228102385997772, scale 0.9449464082717896)
2024-03-04 09:03:05,864 | INFO | hilo.gumbel-kernel : BOTTOM-LEFT:
tensor([[9.7676e-07, 4.6960e-18, 0.0000e+00],
        [1.6516e-02, 9.7676e-07, 4.6960e-18],
        [9.6696e-01, 1.6516e-02, 9.7676e-07]])
2024-03-04 09:03:05,864 | INFO | hilo.kernel-accessor : Fetching kernel: gumbel
2024-03-04 09:03:05,864 | INFO | hilo.gumbel-kernel : Calculating Gumbel distribution (location: 0.01919151097536087, scale 0.8344007134437561)
2024-03-04 09:03:05,865 | INFO | hilo.gumbel-kernel : TOP-LEFT:
tensor([[9.3796e-01, 3.1010e-02, 6.1365e-06],
        [3.1010e-02, 6.1365e-06, 5.1930e-17],
        [6.1365e-06, 5.1930e-17, 0.0000e+00]])
2024-03-04 09:03:05,865 | INFO | hilo.kernel-accessor : Fetching kernel: gumbel
2024-03-04 09:03:05,865 | INFO | hilo.gumbel-kernel : Calculating Gumbel distribution (location: -0.02793050929903984, scale 1.1613891124725342)
2024-03-04 09:03:05,866 | INFO | hilo.gumbel-kernel : BOTTOM-LEFT:
tensor([[1.1921e-03, 1.6592e-07, 4.0525e-16],
        [8.3635e-02, 1.1921e-03, 1.6592e-07],
        [8.2915e-01, 8.3635e-02, 1.1921e-03]])
2024-03-04 09:03:05,866 | INFO | hilo.kernel-accessor : Fetching kernel: gumbel
2024-03-04 09:03:05,866 | INFO | hilo.gumbel-kernel : Calculating Gumbel distribution (location: 0.020469173789024353, scale 1.0373198986053467)
2024-03-04 09:03:05,866 | INFO | hilo.gumbel-kernel : BOTTOM-LEFT:
tensor([[4.4086e-04, 3.7047e-09, 8.6837e-22],
        [6.9008e-02, 4.4086e-04, 3.7047e-09],
        [8.6066e-01, 6.9008e-02, 4.4086e-04]])
2024-03-04 09:03:05,867 | INFO | hilo.kernel-accessor : Fetching kernel: gumbel
2024-03-04 09:03:05,867 | INFO | hilo.gumbel-kernel : Calculating Gumbel distribution (location: 0.0223850030452013, scale 1.0533658266067505)
2024-03-04 09:03:05,867 | INFO | hilo.gumbel-kernel : BOTTOM-LEFT:
tensor([[5.5429e-04, 8.4976e-09, 1.3863e-20],
        [7.2385e-02, 5.5429e-04, 8.4976e-09],
        [8.5357e-01, 7.2385e-02, 5.5429e-04]])
2024-03-04 09:03:05,867 | INFO | hilo.kernel-accessor : Fetching kernel: gumbel
2024-03-04 09:03:05,868 | INFO | hilo.gumbel-kernel : Calculating Gumbel distribution (location: -0.04835817962884903, scale 0.7047222256660461)
2024-03-04 09:03:05,868 | INFO | hilo.gumbel-kernel : TOP-LEFT:
tensor([[9.8687e-01, 6.5646e-03, 5.6263e-10],
        [6.5646e-03, 5.6263e-10, 2.9735e-37],
        [5.6263e-10, 2.9735e-37, 0.0000e+00]])
2024-03-04 09:03:05,868 | INFO | hilo.kernel-accessor : Fetching kernel: gumbel
2024-03-04 09:03:05,869 | INFO | hilo.gumbel-kernel : Calculating Gumbel distribution (location: 0.02957122214138508, scale 0.7357800006866455)
2024-03-04 09:03:05,869 | INFO | hilo.gumbel-kernel : TOP-LEFT:
tensor([[9.6562e-01, 1.7191e-02, 1.3565e-07],
        [1.7191e-02, 1.3565e-07, 9.4608e-26],
        [1.3565e-07, 9.4608e-26, 0.0000e+00]])
2024-03-04 09:03:05,869 | INFO | hilo.kernel-accessor : Fetching kernel: gumbel
2024-03-04 09:03:05,869 | INFO | hilo.gumbel-kernel : Calculating Gumbel distribution (location: 0.0920630693435669, scale 0.8053181767463684)
2024-03-04 09:03:05,870 | INFO | hilo.gumbel-kernel : BOTTOM-LEFT:
tensor([[1.2371e-05, 2.2942e-16, 0.0000e+00],
        [3.7679e-02, 1.2371e-05, 2.2942e-16],
        [9.2461e-01, 3.7679e-02, 1.2371e-05]])
2024-03-04 09:03:05,870 | INFO | hilo.kernel-accessor : Fetching kernel: gumbel
2024-03-04 09:03:05,870 | INFO | hilo.gumbel-kernel : Calculating Gumbel distribution (location: -0.12805046141147614, scale 1.2001150846481323)
2024-03-04 09:03:05,871 | INFO | hilo.gumbel-kernel : BOTTOM-LEFT:
tensor([[7.8954e-04, 6.8172e-08, 9.0040e-17],
        [7.3828e-02, 7.8955e-04, 6.8172e-08],
        [8.4998e-01, 7.3828e-02, 7.8954e-04]])
2024-03-04 09:04:26,543 | INFO | hilo : Epoch   3/200 | Accuracy:  45.3125 | Loss:   1.2041
2024-03-04 09:04:26,543 | INFO | hilo.kernel-accessor : Fetching kernel: gumbel
2024-03-04 09:04:26,543 | INFO | hilo.gumbel-kernel : Calculating Gumbel distribution (location: -0.011749795638024807, scale 0.48020824790000916)
2024-03-04 09:04:26,544 | INFO | hilo.gumbel-kernel : BOTTOM-LEFT:
tensor([[1.9205e-31, 0.0000e+00, 0.0000e+00],
        [7.8000e-05, 1.9205e-31, 0.0000e+00],
        [9.9984e-01, 7.8000e-05, 1.9205e-31]])
2024-03-04 09:04:26,544 | INFO | hilo.kernel-accessor : Fetching kernel: gumbel
2024-03-04 09:04:26,545 | INFO | hilo.gumbel-kernel : Calculating Gumbel distribution (location: -0.5387499332427979, scale 1.327526330947876)
2024-03-04 09:04:26,545 | INFO | hilo.gumbel-kernel : BOTTOM-LEFT:
tensor([[7.5982e-05, 3.9387e-10, 5.4600e-21],
        [3.4856e-02, 7.5982e-05, 3.9387e-10],
        [9.3006e-01, 3.4856e-02, 7.5982e-05]])
2024-03-04 09:04:26,545 | INFO | hilo.kernel-accessor : Fetching kernel: gumbel
2024-03-04 09:04:26,545 | INFO | hilo.gumbel-kernel : Calculating Gumbel distribution (location: -0.4357036054134369, scale 1.1226907968521118)
2024-03-04 09:04:26,546 | INFO | hilo.gumbel-kernel : BOTTOM-LEFT:
tensor([[3.5493e-06, 1.2890e-14, 1.2564e-34],
        [1.7444e-02, 3.5493e-06, 1.2890e-14],
        [9.6510e-01, 1.7444e-02, 3.5493e-06]])
2024-03-04 09:04:26,546 | INFO | hilo.kernel-accessor : Fetching kernel: gumbel
2024-03-04 09:04:26,546 | INFO | hilo.gumbel-kernel : Calculating Gumbel distribution (location: -0.19083821773529053, scale 0.7775315046310425)
2024-03-04 09:04:26,547 | INFO | hilo.gumbel-kernel : TOP-LEFT:
tensor([[9.9240e-01, 3.8024e-03, 1.9846e-10],
        [3.8024e-03, 1.9846e-10, 2.5551e-35],
        [1.9846e-10, 2.5551e-35, 0.0000e+00]])
2024-03-04 09:04:26,547 | INFO | hilo.kernel-accessor : Fetching kernel: gumbel
2024-03-04 09:04:26,547 | INFO | hilo.gumbel-kernel : Calculating Gumbel distribution (location: -0.25995004177093506, scale 0.8756951093673706)
2024-03-04 09:04:26,547 | INFO | hilo.gumbel-kernel : TOP-LEFT:
tensor([[9.8675e-01, 6.6229e-03, 1.1765e-08],
        [6.6229e-03, 1.1765e-08, 1.2970e-25],
        [1.1765e-08, 1.2970e-25, 0.0000e+00]])
2024-03-04 09:04:26,548 | INFO | hilo.kernel-accessor : Fetching kernel: gumbel
2024-03-04 09:04:26,548 | INFO | hilo.gumbel-kernel : Calculating Gumbel distribution (location: -0.18708951771259308, scale 0.7223633527755737)
2024-03-04 09:04:26,548 | INFO | hilo.gumbel-kernel : BOTTOM-LEFT:
tensor([[8.0552e-13, 0.0000e+00, 0.0000e+00],
        [1.6442e-03, 8.0552e-13, 0.0000e+00],
        [9.9671e-01, 1.6442e-03, 8.0552e-13]])
2024-03-04 09:04:26,548 | INFO | hilo.kernel-accessor : Fetching kernel: gumbel
2024-03-04 09:04:26,549 | INFO | hilo.gumbel-kernel : Calculating Gumbel distribution (location: -0.19987280666828156, scale 0.821587085723877)
2024-03-04 09:04:26,549 | INFO | hilo.gumbel-kernel : BOTTOM-LEFT:
tensor([[3.8420e-09, 7.8395e-29, 0.0000e+00],
        [6.1147e-03, 3.8420e-09, 7.8395e-29],
        [9.8777e-01, 6.1147e-03, 3.8420e-09]])
2024-03-04 09:04:26,549 | INFO | hilo.kernel-accessor : Fetching kernel: gumbel
2024-03-04 09:04:26,549 | INFO | hilo.gumbel-kernel : Calculating Gumbel distribution (location: -0.19213497638702393, scale 0.7197532057762146)
2024-03-04 09:04:26,550 | INFO | hilo.gumbel-kernel : TOP-LEFT:
tensor([[9.9708e-01, 1.4591e-03, 4.0573e-13],
        [1.4591e-03, 4.0572e-13, 0.0000e+00],
        [4.0573e-13, 0.0000e+00, 0.0000e+00]])
2024-03-04 09:04:26,550 | INFO | hilo.kernel-accessor : Fetching kernel: gumbel
2024-03-04 09:04:26,550 | INFO | hilo.gumbel-kernel : Calculating Gumbel distribution (location: -0.15364481508731842, scale 0.759069561958313)
2024-03-04 09:04:26,551 | INFO | hilo.gumbel-kernel : BOTTOM-LEFT:
tensor([[2.6745e-10, 1.1089e-35, 0.0000e+00],
        [4.4086e-03, 2.6745e-10, 1.1089e-35],
        [9.9118e-01, 4.4086e-03, 2.6745e-10]])
2024-03-04 09:04:26,551 | INFO | hilo.kernel-accessor : Fetching kernel: gumbel
2024-03-04 09:04:26,551 | INFO | hilo.gumbel-kernel : Calculating Gumbel distribution (location: -0.024684401229023933, scale 0.6886026263237)
2024-03-04 09:04:26,551 | INFO | hilo.gumbel-kernel : TOP-LEFT:
tensor([[9.8628e-01, 6.8614e-03, 4.8077e-10],
        [6.8614e-03, 4.8077e-10, 1.5062e-38],
        [4.8077e-10, 1.5062e-38, 0.0000e+00]])
2024-03-04 09:04:26,552 | INFO | hilo.kernel-accessor : Fetching kernel: gumbel
2024-03-04 09:04:26,552 | INFO | hilo.gumbel-kernel : Calculating Gumbel distribution (location: 0.008154530078172684, scale 0.9051433801651001)
2024-03-04 09:04:26,552 | INFO | hilo.gumbel-kernel : TOP-LEFT:
tensor([[9.1629e-01, 4.1803e-02, 3.4860e-05],
        [4.1803e-02, 3.4860e-05, 1.6478e-13],
        [3.4860e-05, 1.6478e-13, 1.1330e-37]])
2024-03-04 09:04:26,552 | INFO | hilo.kernel-accessor : Fetching kernel: gumbel
2024-03-04 09:04:26,553 | INFO | hilo.gumbel-kernel : Calculating Gumbel distribution (location: 0.10451152920722961, scale 0.663045346736908)
2024-03-04 09:04:26,553 | INFO | hilo.gumbel-kernel : BOTTOM-LEFT:
tensor([[3.3328e-08, 1.2716e-31, 0.0000e+00],
        [1.6428e-02, 3.3328e-08, 1.2716e-31],
        [9.6714e-01, 1.6428e-02, 3.3328e-08]])
2024-03-04 09:04:26,553 | INFO | hilo.kernel-accessor : Fetching kernel: gumbel
2024-03-04 09:04:26,553 | INFO | hilo.gumbel-kernel : Calculating Gumbel distribution (location: -0.011084902100265026, scale 0.7273032665252686)
2024-03-04 09:04:26,554 | INFO | hilo.gumbel-kernel : TOP-LEFT:
tensor([[9.7653e-01, 1.1737e-02, 1.7386e-08],
        [1.1737e-02, 1.7386e-08, 8.9198e-30],
        [1.7386e-08, 8.9198e-30, 0.0000e+00]])
2024-03-04 09:04:26,554 | INFO | hilo.kernel-accessor : Fetching kernel: gumbel
2024-03-04 09:04:26,554 | INFO | hilo.gumbel-kernel : Calculating Gumbel distribution (location: 0.011222569271922112, scale 0.46345922350883484)
2024-03-04 09:04:26,555 | INFO | hilo.gumbel-kernel : TOP-LEFT:
tensor([[9.9984e-01, 7.8907e-05, 3.7399e-33],
        [7.8907e-05, 3.7398e-33, 0.0000e+00],
        [3.7399e-33, 0.0000e+00, 0.0000e+00]])
2024-03-04 09:04:26,555 | INFO | hilo.kernel-accessor : Fetching kernel: gumbel
2024-03-04 09:04:26,555 | INFO | hilo.gumbel-kernel : Calculating Gumbel distribution (location: 0.06869262456893921, scale 0.6545888185501099)
2024-03-04 09:04:26,555 | INFO | hilo.gumbel-kernel : TOP-LEFT:
tensor([[9.7722e-01, 1.1388e-02, 3.4759e-09],
        [1.1388e-02, 3.4759e-09, 8.2260e-37],
        [3.4759e-09, 8.2260e-37, 0.0000e+00]])
2024-03-04 09:04:26,556 | INFO | hilo.kernel-accessor : Fetching kernel: gumbel
2024-03-04 09:04:26,556 | INFO | hilo.gumbel-kernel : Calculating Gumbel distribution (location: 0.06305889040231705, scale 0.5483846068382263)
2024-03-04 09:04:26,556 | INFO | hilo.gumbel-kernel : TOP-LEFT:
tensor([[9.9482e-01, 2.5918e-03, 3.3212e-15],
        [2.5918e-03, 3.3212e-15, 0.0000e+00],
        [3.3212e-15, 0.0000e+00, 0.0000e+00]])
2024-03-04 09:04:26,556 | INFO | hilo.kernel-accessor : Fetching kernel: gumbel
2024-03-04 09:04:26,557 | INFO | hilo.gumbel-kernel : Calculating Gumbel distribution (location: 0.10361485183238983, scale 0.6985620856285095)
2024-03-04 09:04:26,557 | INFO | hilo.gumbel-kernel : TOP-LEFT:
tensor([[9.5713e-01, 2.1434e-02, 2.5499e-07],
        [2.1434e-02, 2.5499e-07, 5.9859e-26],
        [2.5499e-07, 5.9859e-26, 0.0000e+00]])
2024-03-04 09:05:47,147 | INFO | hilo : Epoch   4/200 | Accuracy:  52.6367 | Loss:   1.2246
2024-03-04 09:05:47,148 | INFO | hilo.kernel-accessor : Fetching kernel: gumbel
2024-03-04 09:05:47,148 | INFO | hilo.gumbel-kernel : Calculating Gumbel distribution (location: -0.012681721709668636, scale 0.4497202932834625)
2024-03-04 09:05:47,148 | INFO | hilo.gumbel-kernel : BOTTOM-LEFT:
tensor([[1.9629e-41, 0.0000e+00, 0.0000e+00],
        [1.7693e-05, 1.9629e-41, 0.0000e+00],
        [9.9996e-01, 1.7693e-05, 1.9629e-41]])
2024-03-04 09:05:47,148 | INFO | hilo.kernel-accessor : Fetching kernel: gumbel
2024-03-04 09:05:47,149 | INFO | hilo.gumbel-kernel : Calculating Gumbel distribution (location: -0.46538016200065613, scale 1.208540916442871)
2024-03-04 09:05:47,149 | INFO | hilo.gumbel-kernel : BOTTOM-LEFT:
tensor([[1.9399e-05, 4.0611e-12, 6.2093e-27],
        [2.5699e-02, 1.9399e-05, 4.0611e-12],
        [9.4854e-01, 2.5699e-02, 1.9399e-05]])
2024-03-04 09:05:47,149 | INFO | hilo.kernel-accessor : Fetching kernel: gumbel
2024-03-04 09:05:47,149 | INFO | hilo.gumbel-kernel : Calculating Gumbel distribution (location: -0.5139198303222656, scale 1.207768440246582)
2024-03-04 09:05:47,149 | INFO | hilo.gumbel-kernel : BOTTOM-LEFT:
tensor([[8.9534e-06, 5.3285e-13, 4.5021e-29],
        [2.0487e-02, 8.9534e-06, 5.3285e-13],
        [9.5900e-01, 2.0487e-02, 8.9534e-06]])
2024-03-04 09:05:47,150 | INFO | hilo.kernel-accessor : Fetching kernel: gumbel
2024-03-04 09:05:47,150 | INFO | hilo.gumbel-kernel : Calculating Gumbel distribution (location: -0.29202985763549805, scale 0.870577871799469)
2024-03-04 09:05:47,150 | INFO | hilo.gumbel-kernel : TOP-LEFT:
tensor([[9.9070e-01, 4.6490e-03, 2.4979e-09],
        [4.6490e-03, 2.4979e-09, 4.9824e-28],
        [2.4979e-09, 4.9824e-28, 0.0000e+00]])
2024-03-04 09:05:47,150 | INFO | hilo.kernel-accessor : Fetching kernel: gumbel
2024-03-04 09:05:47,150 | INFO | hilo.gumbel-kernel : Calculating Gumbel distribution (location: -0.22656673192977905, scale 0.8482974767684937)
2024-03-04 09:05:47,151 | INFO | hilo.gumbel-kernel : BOTTOM-LEFT:
tensor([[7.6307e-09, 5.6427e-27, 0.0000e+00],
        [6.5289e-03, 7.6307e-09, 5.6427e-27],
        [9.8694e-01, 6.5289e-03, 7.6307e-09]])
2024-03-04 09:05:47,151 | INFO | hilo.kernel-accessor : Fetching kernel: gumbel
2024-03-04 09:05:47,151 | INFO | hilo.gumbel-kernel : Calculating Gumbel distribution (location: -0.23097127676010132, scale 0.682106077671051)
2024-03-04 09:05:47,151 | INFO | hilo.gumbel-kernel : BOTTOM-LEFT:
tensor([[3.4504e-17, 0.0000e+00, 0.0000e+00],
        [3.2697e-04, 3.4504e-17, 0.0000e+00],
        [9.9935e-01, 3.2697e-04, 3.4504e-17]])
2024-03-04 09:05:47,151 | INFO | hilo.kernel-accessor : Fetching kernel: gumbel
2024-03-04 09:05:47,151 | INFO | hilo.gumbel-kernel : Calculating Gumbel distribution (location: -0.17067348957061768, scale 0.6958433985710144)
2024-03-04 09:05:47,152 | INFO | hilo.gumbel-kernel : TOP-LEFT:
tensor([[9.9749e-01, 1.2560e-03, 7.8939e-14],
        [1.2560e-03, 7.8939e-14, 0.0000e+00],
        [7.8939e-14, 0.0000e+00, 0.0000e+00]])
2024-03-04 09:05:47,152 | INFO | hilo.kernel-accessor : Fetching kernel: gumbel
2024-03-04 09:05:47,152 | INFO | hilo.gumbel-kernel : Calculating Gumbel distribution (location: -0.19586509466171265, scale 0.6598156094551086)
2024-03-04 09:05:47,152 | INFO | hilo.gumbel-kernel : TOP-LEFT:
tensor([[9.9929e-01, 3.5342e-04, 1.4975e-17],
        [3.5342e-04, 1.4975e-17, 0.0000e+00],
        [1.4975e-17, 0.0000e+00, 0.0000e+00]])
2024-03-04 09:05:47,152 | INFO | hilo.kernel-accessor : Fetching kernel: gumbel
2024-03-04 09:05:47,152 | INFO | hilo.gumbel-kernel : Calculating Gumbel distribution (location: -0.16060921549797058, scale 0.719508945941925)
2024-03-04 09:05:47,153 | INFO | hilo.gumbel-kernel : TOP-LEFT:
tensor([[9.9554e-01, 2.2323e-03, 3.4143e-12],
        [2.2323e-03, 3.4143e-12, 0.0000e+00],
        [3.4143e-12, 0.0000e+00, 0.0000e+00]])
2024-03-04 09:05:47,153 | INFO | hilo.kernel-accessor : Fetching kernel: gumbel
2024-03-04 09:05:47,153 | INFO | hilo.gumbel-kernel : Calculating Gumbel distribution (location: -0.007500750012695789, scale 0.6171188354492188)
2024-03-04 09:05:47,153 | INFO | hilo.gumbel-kernel : BOTTOM-LEFT:
tensor([[4.6018e-13, 0.0000e+00, 0.0000e+00],
        [3.0835e-03, 4.6018e-13, 0.0000e+00],
        [9.9383e-01, 3.0835e-03, 4.6018e-13]])
2024-03-04 09:05:47,153 | INFO | hilo.kernel-accessor : Fetching kernel: gumbel
2024-03-04 09:05:47,153 | INFO | hilo.gumbel-kernel : Calculating Gumbel distribution (location: 0.015823710709810257, scale 0.7284533381462097)
2024-03-04 09:05:47,154 | INFO | hilo.gumbel-kernel : TOP-LEFT:
tensor([[9.7071e-01, 1.4647e-02, 5.4298e-08],
        [1.4647e-02, 5.4298e-08, 1.1462e-27],
        [5.4298e-08, 1.1462e-27, 0.0000e+00]])
2024-03-04 09:05:47,154 | INFO | hilo.kernel-accessor : Fetching kernel: gumbel
2024-03-04 09:05:47,154 | INFO | hilo.gumbel-kernel : Calculating Gumbel distribution (location: 0.021899402141571045, scale 0.47810399532318115)
2024-03-04 09:05:47,154 | INFO | hilo.gumbel-kernel : BOTTOM-LEFT:
tensor([[3.9230e-28, 0.0000e+00, 0.0000e+00],
        [1.9000e-04, 3.9230e-28, 0.0000e+00],
        [9.9962e-01, 1.9000e-04, 3.9230e-28]])
2024-03-04 09:05:47,154 | INFO | hilo.kernel-accessor : Fetching kernel: gumbel
2024-03-04 09:05:47,155 | INFO | hilo.gumbel-kernel : Calculating Gumbel distribution (location: -0.02560914307832718, scale 0.5464427471160889)
2024-03-04 09:05:47,155 | INFO | hilo.gumbel-kernel : BOTTOM-LEFT:
tensor([[2.2420e-20, 0.0000e+00, 0.0000e+00],
        [5.1089e-04, 2.2420e-20, 0.0000e+00],
        [9.9898e-01, 5.1089e-04, 2.2420e-20]])
2024-03-04 09:05:47,155 | INFO | hilo.kernel-accessor : Fetching kernel: gumbel
2024-03-04 09:05:47,155 | INFO | hilo.gumbel-kernel : Calculating Gumbel distribution (location: 0.03321835398674011, scale 0.3535793125629425)
2024-03-04 09:05:47,155 | INFO | hilo.gumbel-kernel : TOP-LEFT:
tensor([[1.0000e+00, 1.1061e-07, 0.0000e+00],
        [1.1061e-07, 0.0000e+00, 0.0000e+00],
        [0.0000e+00, 0.0000e+00, 0.0000e+00]])
2024-03-04 09:05:47,155 | INFO | hilo.kernel-accessor : Fetching kernel: gumbel
2024-03-04 09:05:47,156 | INFO | hilo.gumbel-kernel : Calculating Gumbel distribution (location: 0.04181902855634689, scale 0.4266831576824188)
2024-03-04 09:05:47,156 | INFO | hilo.gumbel-kernel : TOP-LEFT:
tensor([[9.9992e-01, 4.1643e-05, 3.6811e-41],
        [4.1643e-05, 3.6812e-41, 0.0000e+00],
        [3.6811e-41, 0.0000e+00, 0.0000e+00]])
2024-03-04 09:05:47,156 | INFO | hilo.kernel-accessor : Fetching kernel: gumbel
2024-03-04 09:05:47,156 | INFO | hilo.gumbel-kernel : Calculating Gumbel distribution (location: 0.03538263216614723, scale 0.35547494888305664)
2024-03-04 09:05:47,156 | INFO | hilo.gumbel-kernel : BOTTOM-LEFT:
tensor([[0.0000e+00, 0.0000e+00, 0.0000e+00],
        [1.6000e-07, 0.0000e+00, 0.0000e+00],
        [1.0000e+00, 1.6000e-07, 0.0000e+00]])
2024-03-04 09:05:47,156 | INFO | hilo.kernel-accessor : Fetching kernel: gumbel
2024-03-04 09:05:47,157 | INFO | hilo.gumbel-kernel : Calculating Gumbel distribution (location: 0.08732050657272339, scale 0.3921789228916168)
2024-03-04 09:05:47,157 | INFO | hilo.gumbel-kernel : TOP-LEFT:
tensor([[9.9992e-01, 4.0561e-05, 0.0000e+00],
        [4.0561e-05, 0.0000e+00, 0.0000e+00],
        [0.0000e+00, 0.0000e+00, 0.0000e+00]])
2024-03-04 09:07:07,863 | INFO | hilo : Epoch   5/200 | Accuracy:  46.6667 | Loss:   1.1342
2024-03-04 09:07:07,863 | INFO | hilo.kernel-accessor : Fetching kernel: gumbel
2024-03-04 09:07:07,863 | INFO | hilo.gumbel-kernel : Calculating Gumbel distribution (location: -0.020552702248096466, scale 0.4955299496650696)
2024-03-04 09:07:07,864 | INFO | hilo.gumbel-kernel : BOTTOM-LEFT:
tensor([[1.0229e-28, 0.0000e+00, 0.0000e+00],
        [1.1099e-04, 1.0229e-28, 0.0000e+00],
        [9.9978e-01, 1.1099e-04, 1.0229e-28]])
2024-03-04 09:07:07,864 | INFO | hilo.kernel-accessor : Fetching kernel: gumbel
2024-03-04 09:07:07,864 | INFO | hilo.gumbel-kernel : Calculating Gumbel distribution (location: -0.47034937143325806, scale 1.2958797216415405)
2024-03-04 09:07:07,864 | INFO | hilo.gumbel-kernel : BOTTOM-LEFT:
tensor([[9.8097e-05, 5.8823e-10, 7.2773e-21],
        [3.8524e-02, 9.8097e-05, 5.8823e-10],
        [9.2266e-01, 3.8524e-02, 9.8097e-05]])
2024-03-04 09:07:07,864 | INFO | hilo.kernel-accessor : Fetching kernel: gumbel
2024-03-04 09:07:07,864 | INFO | hilo.gumbel-kernel : Calculating Gumbel distribution (location: -0.49806642532348633, scale 1.2540411949157715)
2024-03-04 09:07:07,865 | INFO | hilo.gumbel-kernel : BOTTOM-LEFT:
tensor([[3.2142e-05, 2.4209e-11, 1.6380e-24],
        [2.8560e-02, 3.2142e-05, 2.4209e-11],
        [9.4278e-01, 2.8560e-02, 3.2142e-05]])
2024-03-04 09:07:07,865 | INFO | hilo.kernel-accessor : Fetching kernel: gumbel
2024-03-04 09:07:07,865 | INFO | hilo.gumbel-kernel : Calculating Gumbel distribution (location: -0.3905056416988373, scale 0.9834831953048706)
2024-03-04 09:07:07,865 | INFO | hilo.gumbel-kernel : TOP-LEFT:
tensor([[9.8562e-01, 7.1915e-03, 5.3565e-08],
        [7.1915e-03, 5.3565e-08, 2.1515e-21],
