2024-03-08 13:22:56,058 | INFO | hilo : 
+==============================================================+
|                                                              |
| ██████╗  █████╗ ██████╗ ██╗         ██╗      █████╗ ██████╗  |
| ██╔══██╗██╔══██╗██╔══██╗██║         ██║     ██╔══██╗██╔══██╗ |
| ██║  ██║███████║██║  ██║██║         ██║     ███████║██████╔╝ |
| ██║  ██║██╔══██║██║  ██║██║         ██║     ██╔══██║██╔══██╗ |
| ██████╔╝██║  ██║██████╔╝███████╗    ███████╗██║  ██║██████╔╝ |
| ╚═════╝ ╚═╝  ╚═╝╚═════╝ ╚══════╝    ╚══════╝╚═╝  ╚═╝╚═════╝  |
+==============================================================+
|             Hi-Lo Resolution Image Classification            |
|             -------------------------------------            |
|                       Gabriel C. Trahan                      |
|                          Sahan Ahmad                         |
|                       MD  Aminual Islam                      |
+==============================================================+
2024-03-08 13:22:58,788 | INFO | hilo.dataset-accessor : Fetching dataset: cifar10
2024-03-08 13:22:58,788 | INFO | hilo.cifar10-dataset : Initializing transform
2024-03-08 13:22:58,788 | INFO | hilo.cifar10-dataset : Verifying/downloading train data
2024-03-08 13:22:59,828 | INFO | hilo.cifar10-dataset : Verifying/downloading test data
2024-03-08 13:23:00,310 | INFO | hilo.cifar10-dataset : Creating train data loader.
2024-03-08 13:23:00,310 | INFO | hilo.cifar10-dataset : Creating test data loader.
2024-03-08 13:23:00,433 | INFO | hilo : Output directory: output/resnet/cifar10/laplace/12/20240308_132258/
2024-03-08 13:23:02,062 | INFO | hilo : Using device: NVIDIA GeForce GTX 1060 6GB
2024-03-08 13:23:02,063 | INFO | hilo : Exeucting job: MODEL resnet | DATASET cifar10 | KERNEL laplace | TYPE 12
2024-03-08 13:23:02,063 | INFO | hilo : Commencing training phase...
2024-03-08 13:23:02,063 | INFO | hilo.kernel-accessor : Fetching kernel: laplace
2024-03-08 13:23:02,072 | INFO | hilo.laplace-kernel : Calculating Laplace distribution (location: 0.0, scale 1.0)
2024-03-08 13:23:02,088 | INFO | hilo.laplace-kernel : STATIC:
tensor([[0.4425, 0.1628, 0.0599],
        [0.1628, 0.0599, 0.0220],
        [0.0599, 0.0220, 0.0081]])
2024-03-08 13:23:02,089 | INFO | hilo.kernel-accessor : Fetching kernel: laplace
2024-03-08 13:23:02,089 | INFO | hilo.laplace-kernel : Calculating Laplace distribution (location: 0.0, scale 1.0)
2024-03-08 13:23:02,089 | INFO | hilo.laplace-kernel : STATIC:
tensor([[0.4425, 0.1628, 0.0599],
        [0.1628, 0.0599, 0.0220],
        [0.0599, 0.0220, 0.0081]])
2024-03-08 13:23:02,089 | INFO | hilo.kernel-accessor : Fetching kernel: laplace
2024-03-08 13:23:02,089 | INFO | hilo.laplace-kernel : Calculating Laplace distribution (location: 0.0, scale 1.0)
2024-03-08 13:23:02,091 | INFO | hilo.laplace-kernel : BOTTOM-LEFT:
tensor([[0.0599, 0.0220, 0.0081],
        [0.1628, 0.0599, 0.0220],
        [0.4425, 0.1628, 0.0599]])
2024-03-08 13:23:02,091 | INFO | hilo.kernel-accessor : Fetching kernel: laplace
2024-03-08 13:23:02,091 | INFO | hilo.laplace-kernel : Calculating Laplace distribution (location: 0.0, scale 1.0)
2024-03-08 13:23:02,091 | INFO | hilo.laplace-kernel : STATIC:
tensor([[0.4425, 0.1628, 0.0599],
        [0.1628, 0.0599, 0.0220],
        [0.0599, 0.0220, 0.0081]])
2024-03-08 13:23:02,091 | INFO | hilo.kernel-accessor : Fetching kernel: laplace
2024-03-08 13:23:02,091 | INFO | hilo.laplace-kernel : Calculating Laplace distribution (location: 0.0, scale 1.0)
2024-03-08 13:23:02,092 | INFO | hilo.laplace-kernel : BOTTOM-RIGHT:
tensor([[0.0081, 0.0220, 0.0599],
        [0.0220, 0.0599, 0.1628],
        [0.0599, 0.1628, 0.4425]])
2024-03-08 13:23:02,092 | INFO | hilo.kernel-accessor : Fetching kernel: laplace
2024-03-08 13:23:02,092 | INFO | hilo.laplace-kernel : Calculating Laplace distribution (location: 0.0, scale 1.0)
2024-03-08 13:23:02,092 | INFO | hilo.laplace-kernel : BOTTOM-RIGHT:
tensor([[0.0081, 0.0220, 0.0599],
        [0.0220, 0.0599, 0.1628],
        [0.0599, 0.1628, 0.4425]])
2024-03-08 13:23:02,092 | INFO | hilo.kernel-accessor : Fetching kernel: laplace
2024-03-08 13:23:02,093 | INFO | hilo.laplace-kernel : Calculating Laplace distribution (location: 0.0, scale 1.0)
2024-03-08 13:23:02,093 | INFO | hilo.laplace-kernel : BOTTOM-LEFT:
tensor([[0.0599, 0.0220, 0.0081],
        [0.1628, 0.0599, 0.0220],
        [0.4425, 0.1628, 0.0599]])
2024-03-08 13:23:02,093 | INFO | hilo.kernel-accessor : Fetching kernel: laplace
2024-03-08 13:23:02,093 | INFO | hilo.laplace-kernel : Calculating Laplace distribution (location: 0.0, scale 1.0)
2024-03-08 13:23:02,093 | INFO | hilo.laplace-kernel : STATIC:
tensor([[0.4425, 0.1628, 0.0599],
        [0.1628, 0.0599, 0.0220],
        [0.0599, 0.0220, 0.0081]])
2024-03-08 13:23:02,094 | INFO | hilo.kernel-accessor : Fetching kernel: laplace
2024-03-08 13:23:02,094 | INFO | hilo.laplace-kernel : Calculating Laplace distribution (location: 0.0, scale 1.0)
2024-03-08 13:23:02,094 | INFO | hilo.laplace-kernel : STATIC:
tensor([[0.4425, 0.1628, 0.0599],
        [0.1628, 0.0599, 0.0220],
        [0.0599, 0.0220, 0.0081]])
2024-03-08 13:23:02,094 | INFO | hilo.kernel-accessor : Fetching kernel: laplace
2024-03-08 13:23:02,094 | INFO | hilo.laplace-kernel : Calculating Laplace distribution (location: 0.0, scale 1.0)
2024-03-08 13:23:02,095 | INFO | hilo.laplace-kernel : BOTTOM-LEFT:
tensor([[0.0599, 0.0220, 0.0081],
        [0.1628, 0.0599, 0.0220],
        [0.4425, 0.1628, 0.0599]])
2024-03-08 13:23:02,095 | INFO | hilo.kernel-accessor : Fetching kernel: laplace
2024-03-08 13:23:02,095 | INFO | hilo.laplace-kernel : Calculating Laplace distribution (location: 0.0, scale 1.0)
2024-03-08 13:23:02,095 | INFO | hilo.laplace-kernel : BOTTOM-RIGHT:
tensor([[0.0081, 0.0220, 0.0599],
        [0.0220, 0.0599, 0.1628],
        [0.0599, 0.1628, 0.4425]])
2024-03-08 13:23:02,095 | INFO | hilo.kernel-accessor : Fetching kernel: laplace
2024-03-08 13:23:02,095 | INFO | hilo.laplace-kernel : Calculating Laplace distribution (location: 0.0, scale 1.0)
2024-03-08 13:23:02,096 | INFO | hilo.laplace-kernel : BOTTOM-LEFT:
tensor([[0.0599, 0.0220, 0.0081],
        [0.1628, 0.0599, 0.0220],
        [0.4425, 0.1628, 0.0599]])
2024-03-08 13:23:02,096 | INFO | hilo.kernel-accessor : Fetching kernel: laplace
2024-03-08 13:23:02,096 | INFO | hilo.laplace-kernel : Calculating Laplace distribution (location: 0.0, scale 1.0)
2024-03-08 13:23:02,096 | INFO | hilo.laplace-kernel : BOTTOM-RIGHT:
tensor([[0.0081, 0.0220, 0.0599],
        [0.0220, 0.0599, 0.1628],
        [0.0599, 0.1628, 0.4425]])
2024-03-08 13:23:02,096 | INFO | hilo.kernel-accessor : Fetching kernel: laplace
2024-03-08 13:23:02,096 | INFO | hilo.laplace-kernel : Calculating Laplace distribution (location: 0.0, scale 1.0)
2024-03-08 13:23:02,097 | INFO | hilo.laplace-kernel : BOTTOM-LEFT:
tensor([[0.0599, 0.0220, 0.0081],
        [0.1628, 0.0599, 0.0220],
        [0.4425, 0.1628, 0.0599]])
2024-03-08 13:23:02,097 | INFO | hilo.kernel-accessor : Fetching kernel: laplace
2024-03-08 13:23:02,097 | INFO | hilo.laplace-kernel : Calculating Laplace distribution (location: 0.0, scale 1.0)
2024-03-08 13:23:02,097 | INFO | hilo.laplace-kernel : BOTTOM-RIGHT:
tensor([[0.0081, 0.0220, 0.0599],
        [0.0220, 0.0599, 0.1628],
        [0.0599, 0.1628, 0.4425]])
2024-03-08 13:23:02,097 | INFO | hilo.kernel-accessor : Fetching kernel: laplace
2024-03-08 13:23:02,098 | INFO | hilo.laplace-kernel : Calculating Laplace distribution (location: 0.0, scale 1.0)
2024-03-08 13:23:02,098 | INFO | hilo.laplace-kernel : BOTTOM-RIGHT:
tensor([[0.0081, 0.0220, 0.0599],
        [0.0220, 0.0599, 0.1628],
        [0.0599, 0.1628, 0.4425]])
2024-03-08 13:23:02,098 | INFO | hilo.kernel-accessor : Fetching kernel: laplace
2024-03-08 13:23:02,098 | INFO | hilo.laplace-kernel : Calculating Laplace distribution (location: 0.0, scale 1.0)
2024-03-08 13:23:02,098 | INFO | hilo.laplace-kernel : STATIC:
tensor([[0.4425, 0.1628, 0.0599],
        [0.1628, 0.0599, 0.0220],
        [0.0599, 0.0220, 0.0081]])
2024-03-08 13:24:24,343 | INFO | hilo : Epoch   1/200 | Accuracy:  37.7232 | Loss:   1.7719
2024-03-08 13:24:24,343 | INFO | hilo.kernel-accessor : Fetching kernel: laplace
2024-03-08 13:24:24,344 | INFO | hilo.laplace-kernel : Calculating Laplace distribution (location: -0.025788675993680954, scale 0.6311262845993042)
2024-03-08 13:24:24,344 | INFO | hilo.laplace-kernel : BOTTOM-LEFT:
tensor([[0.0270, 0.0055, 0.0011],
        [0.1318, 0.0270, 0.0055],
        [0.6430, 0.1318, 0.0270]])
2024-03-08 13:24:24,344 | INFO | hilo.kernel-accessor : Fetching kernel: laplace
2024-03-08 13:24:24,345 | INFO | hilo.laplace-kernel : Calculating Laplace distribution (location: -0.5479422807693481, scale 1.7810721397399902)
2024-03-08 13:24:24,345 | INFO | hilo.laplace-kernel : BOTTOM-RIGHT:
tensor([[0.0295, 0.0516, 0.0905],
        [0.0516, 0.0905, 0.1587],
        [0.0905, 0.1587, 0.2783]])
2024-03-08 13:24:24,345 | INFO | hilo.kernel-accessor : Fetching kernel: laplace
2024-03-08 13:24:24,346 | INFO | hilo.laplace-kernel : Calculating Laplace distribution (location: -0.32090049982070923, scale 1.7149486541748047)
2024-03-08 13:24:24,346 | INFO | hilo.laplace-kernel : BOTTOM-LEFT:
tensor([[0.0891, 0.0497, 0.0278],
        [0.1597, 0.0891, 0.0497],
        [0.2861, 0.1597, 0.0891]])
2024-03-08 13:24:24,346 | INFO | hilo.kernel-accessor : Fetching kernel: laplace
2024-03-08 13:24:24,346 | INFO | hilo.laplace-kernel : Calculating Laplace distribution (location: -0.15061259269714355, scale 1.7084472179412842)
2024-03-08 13:24:24,347 | INFO | hilo.laplace-kernel : STATIC:
tensor([[0.2869, 0.1598, 0.0890],
        [0.1598, 0.0890, 0.0496],
        [0.0890, 0.0496, 0.0276]])
2024-03-08 13:24:24,347 | INFO | hilo.kernel-accessor : Fetching kernel: laplace
2024-03-08 13:24:24,347 | INFO | hilo.laplace-kernel : Calculating Laplace distribution (location: -0.15098536014556885, scale 1.700732946395874)
2024-03-08 13:24:24,348 | INFO | hilo.laplace-kernel : BOTTOM-LEFT:
tensor([[0.0888, 0.0493, 0.0274],
        [0.1599, 0.0888, 0.0493],
        [0.2878, 0.1599, 0.0888]])
2024-03-08 13:24:24,348 | INFO | hilo.kernel-accessor : Fetching kernel: laplace
2024-03-08 13:24:24,348 | INFO | hilo.laplace-kernel : Calculating Laplace distribution (location: -0.15870897471904755, scale 1.3056957721710205)
2024-03-08 13:24:24,348 | INFO | hilo.laplace-kernel : STATIC:
tensor([[0.3539, 0.1645, 0.0765],
        [0.1645, 0.0765, 0.0356],
        [0.0765, 0.0356, 0.0165]])
2024-03-08 13:24:24,348 | INFO | hilo.kernel-accessor : Fetching kernel: laplace
2024-03-08 13:24:24,349 | INFO | hilo.laplace-kernel : Calculating Laplace distribution (location: -0.20497331023216248, scale 1.4953724145889282)
2024-03-08 13:24:24,349 | INFO | hilo.laplace-kernel : STATIC:
tensor([[0.3174, 0.1626, 0.0833],
        [0.1626, 0.0833, 0.0427],
        [0.0833, 0.0427, 0.0219]])
2024-03-08 13:24:24,349 | INFO | hilo.kernel-accessor : Fetching kernel: laplace
2024-03-08 13:24:24,349 | INFO | hilo.laplace-kernel : Calculating Laplace distribution (location: -0.09443451464176178, scale 1.3709197044372559)
2024-03-08 13:24:24,350 | INFO | hilo.laplace-kernel : BOTTOM-RIGHT:
tensor([[0.0184, 0.0381, 0.0791],
        [0.0381, 0.0791, 0.1640],
        [0.0791, 0.1640, 0.3401]])
2024-03-08 13:24:24,350 | INFO | hilo.kernel-accessor : Fetching kernel: laplace
2024-03-08 13:24:24,350 | INFO | hilo.laplace-kernel : Calculating Laplace distribution (location: -0.19621247053146362, scale 1.3914592266082764)
2024-03-08 13:24:24,351 | INFO | hilo.laplace-kernel : BOTTOM-RIGHT:
tensor([[0.0190, 0.0389, 0.0798],
        [0.0389, 0.0798, 0.1638],
        [0.0798, 0.1638, 0.3361]])
2024-03-08 13:24:24,351 | INFO | hilo.kernel-accessor : Fetching kernel: laplace
2024-03-08 13:24:24,351 | INFO | hilo.laplace-kernel : Calculating Laplace distribution (location: -0.0850631594657898, scale 1.0815327167510986)
2024-03-08 13:24:24,351 | INFO | hilo.laplace-kernel : BOTTOM-LEFT:
tensor([[0.0652, 0.0258, 0.0103],
        [0.1643, 0.0652, 0.0258],
        [0.4141, 0.1643, 0.0652]])
2024-03-08 13:24:24,352 | INFO | hilo.kernel-accessor : Fetching kernel: laplace
2024-03-08 13:24:24,352 | INFO | hilo.laplace-kernel : Calculating Laplace distribution (location: -0.25576522946357727, scale 1.3081820011138916)
2024-03-08 13:24:24,352 | INFO | hilo.laplace-kernel : BOTTOM-LEFT:
tensor([[0.0766, 0.0357, 0.0166],
        [0.1645, 0.0766, 0.0357],
        [0.3533, 0.1645, 0.0766]])
2024-03-08 13:24:24,352 | INFO | hilo.kernel-accessor : Fetching kernel: laplace
2024-03-08 13:24:24,353 | INFO | hilo.laplace-kernel : Calculating Laplace distribution (location: -0.13173887133598328, scale 1.2582978010177612)
2024-03-08 13:24:24,353 | INFO | hilo.laplace-kernel : STATIC:
tensor([[0.3648, 0.1648, 0.0744],
        [0.1648, 0.0744, 0.0336],
        [0.0744, 0.0336, 0.0152]])
2024-03-08 13:24:24,353 | INFO | hilo.kernel-accessor : Fetching kernel: laplace
2024-03-08 13:24:24,353 | INFO | hilo.laplace-kernel : Calculating Laplace distribution (location: -0.0833355039358139, scale 1.3023486137390137)
2024-03-08 13:24:24,354 | INFO | hilo.laplace-kernel : BOTTOM-LEFT:
tensor([[0.0763, 0.0354, 0.0164],
        [0.1645, 0.0763, 0.0354],
        [0.3546, 0.1645, 0.0763]])
2024-03-08 13:24:24,354 | INFO | hilo.kernel-accessor : Fetching kernel: laplace
2024-03-08 13:24:24,354 | INFO | hilo.laplace-kernel : Calculating Laplace distribution (location: -0.06630521267652512, scale 1.0051567554473877)
2024-03-08 13:24:24,355 | INFO | hilo.laplace-kernel : BOTTOM-LEFT:
tensor([[0.0602, 0.0223, 0.0082],
        [0.1629, 0.0602, 0.0223],
        [0.4406, 0.1629, 0.0602]])
2024-03-08 13:24:24,355 | INFO | hilo.kernel-accessor : Fetching kernel: laplace
2024-03-08 13:24:24,355 | INFO | hilo.laplace-kernel : Calculating Laplace distribution (location: -0.06638023257255554, scale 1.1130844354629517)
2024-03-08 13:24:24,355 | INFO | hilo.laplace-kernel : BOTTOM-LEFT:
tensor([[0.0670, 0.0273, 0.0111],
        [0.1646, 0.0670, 0.0273],
        [0.4041, 0.1646, 0.0670]])
2024-03-08 13:24:24,355 | INFO | hilo.kernel-accessor : Fetching kernel: laplace
2024-03-08 13:24:24,356 | INFO | hilo.laplace-kernel : Calculating Laplace distribution (location: -0.13995754718780518, scale 1.1620101928710938)
2024-03-08 13:24:24,356 | INFO | hilo.laplace-kernel : STATIC:
tensor([[0.3898, 0.1648, 0.0697],
        [0.1648, 0.0697, 0.0295],
        [0.0697, 0.0295, 0.0125]])
2024-03-08 13:24:24,356 | INFO | hilo.kernel-accessor : Fetching kernel: laplace
2024-03-08 13:24:24,356 | INFO | hilo.laplace-kernel : Calculating Laplace distribution (location: -0.1496024876832962, scale 0.9837225675582886)
2024-03-08 13:24:24,357 | INFO | hilo.laplace-kernel : BOTTOM-LEFT:
tensor([[0.0588, 0.0213, 0.0077],
        [0.1624, 0.0588, 0.0213],
        [0.4488, 0.1624, 0.0588]])
2024-03-08 13:25:44,932 | INFO | hilo : Epoch   2/200 | Accuracy:  43.3761 | Loss:   1.4973
2024-03-08 13:25:44,932 | INFO | hilo.kernel-accessor : Fetching kernel: laplace
2024-03-08 13:25:44,932 | INFO | hilo.laplace-kernel : Calculating Laplace distribution (location: -0.01361298281699419, scale 0.7322685718536377)
2024-03-08 13:25:44,933 | INFO | hilo.laplace-kernel : BOTTOM-RIGHT:
tensor([[0.0024, 0.0095, 0.0374],
        [0.0095, 0.0374, 0.1464],
        [0.0374, 0.1464, 0.5736]])
2024-03-08 13:25:44,933 | INFO | hilo.kernel-accessor : Fetching kernel: laplace
2024-03-08 13:25:44,933 | INFO | hilo.laplace-kernel : Calculating Laplace distribution (location: -0.6785269975662231, scale 1.7847893238067627)
2024-03-08 13:25:44,933 | INFO | hilo.laplace-kernel : STATIC:
tensor([[0.2778, 0.1587, 0.0906],
        [0.1587, 0.0906, 0.0517],
        [0.0906, 0.0517, 0.0295]])
2024-03-08 13:25:44,933 | INFO | hilo.kernel-accessor : Fetching kernel: laplace
2024-03-08 13:25:44,934 | INFO | hilo.laplace-kernel : Calculating Laplace distribution (location: -0.3683580160140991, scale 1.2775853872299194)
2024-03-08 13:25:44,934 | INFO | hilo.laplace-kernel : BOTTOM-LEFT:
tensor([[0.0753, 0.0344, 0.0157],
        [0.1647, 0.0753, 0.0344],
        [0.3602, 0.1647, 0.0753]])
2024-03-08 13:25:44,934 | INFO | hilo.kernel-accessor : Fetching kernel: laplace
2024-03-08 13:25:44,934 | INFO | hilo.laplace-kernel : Calculating Laplace distribution (location: -0.24674148857593536, scale 1.1110115051269531)
2024-03-08 13:25:44,935 | INFO | hilo.laplace-kernel : STATIC:
tensor([[0.4048, 0.1646, 0.0669],
        [0.1646, 0.0669, 0.0272],
        [0.0669, 0.0272, 0.0111]])
2024-03-08 13:25:44,935 | INFO | hilo.kernel-accessor : Fetching kernel: laplace
2024-03-08 13:25:44,935 | INFO | hilo.laplace-kernel : Calculating Laplace distribution (location: -0.2121085524559021, scale 1.0769195556640625)
2024-03-08 13:25:44,935 | INFO | hilo.laplace-kernel : BOTTOM-RIGHT:
tensor([[0.0101, 0.0256, 0.0649],
        [0.0256, 0.0649, 0.1642],
        [0.0649, 0.1642, 0.4156]])
2024-03-08 13:25:44,935 | INFO | hilo.kernel-accessor : Fetching kernel: laplace
2024-03-08 13:25:44,935 | INFO | hilo.laplace-kernel : Calculating Laplace distribution (location: -0.12506961822509766, scale 0.8136313557624817)
2024-03-08 13:25:44,936 | INFO | hilo.laplace-kernel : BOTTOM-LEFT:
tensor([[0.0451, 0.0132, 0.0039],
        [0.1540, 0.0451, 0.0132],
        [0.5265, 0.1540, 0.0451]])
2024-03-08 13:25:44,936 | INFO | hilo.kernel-accessor : Fetching kernel: laplace
2024-03-08 13:25:44,936 | INFO | hilo.laplace-kernel : Calculating Laplace distribution (location: -0.1880899965763092, scale 0.9569646120071411)
2024-03-08 13:25:44,936 | INFO | hilo.laplace-kernel : BOTTOM-LEFT:
tensor([[0.0568, 0.0200, 0.0070],
        [0.1616, 0.0568, 0.0200],
        [0.4594, 0.1616, 0.0568]])
2024-03-08 13:25:44,936 | INFO | hilo.kernel-accessor : Fetching kernel: laplace
2024-03-08 13:25:44,937 | INFO | hilo.laplace-kernel : Calculating Laplace distribution (location: -0.10578197240829468, scale 0.9498479962348938)
2024-03-08 13:25:44,937 | INFO | hilo.laplace-kernel : STATIC:
tensor([[0.4623, 0.1613, 0.0563],
        [0.1613, 0.0563, 0.0196],
        [0.0563, 0.0196, 0.0069]])
2024-03-08 13:25:44,937 | INFO | hilo.kernel-accessor : Fetching kernel: laplace
2024-03-08 13:25:44,937 | INFO | hilo.laplace-kernel : Calculating Laplace distribution (location: -0.12395427376031876, scale 0.9989892840385437)
2024-03-08 13:25:44,938 | INFO | hilo.laplace-kernel : BOTTOM-LEFT:
tensor([[0.0598, 0.0220, 0.0081],
        [0.1628, 0.0598, 0.0220],
        [0.4429, 0.1628, 0.0598]])
2024-03-08 13:25:44,938 | INFO | hilo.kernel-accessor : Fetching kernel: laplace
2024-03-08 13:25:44,938 | INFO | hilo.laplace-kernel : Calculating Laplace distribution (location: -0.09263738244771957, scale 0.858966052532196)
2024-03-08 13:25:44,938 | INFO | hilo.laplace-kernel : BOTTOM-LEFT:
tensor([[0.0490, 0.0153, 0.0048],
        [0.1571, 0.0490, 0.0153],
        [0.5033, 0.1571, 0.0490]])
2024-03-08 13:25:44,938 | INFO | hilo.kernel-accessor : Fetching kernel: laplace
2024-03-08 13:25:44,938 | INFO | hilo.laplace-kernel : Calculating Laplace distribution (location: -0.19678795337677002, scale 1.0186294317245483)
2024-03-08 13:25:44,939 | INFO | hilo.laplace-kernel : BOTTOM-LEFT:
tensor([[0.0612, 0.0229, 0.0086],
        [0.1632, 0.0612, 0.0229],
        [0.4357, 0.1632, 0.0612]])
2024-03-08 13:25:44,939 | INFO | hilo.kernel-accessor : Fetching kernel: laplace
2024-03-08 13:25:44,939 | INFO | hilo.laplace-kernel : Calculating Laplace distribution (location: -0.12133125960826874, scale 0.931023120880127)
2024-03-08 13:25:44,939 | INFO | hilo.laplace-kernel : STATIC:
tensor([[0.4702, 0.1606, 0.0549],
        [0.1606, 0.0549, 0.0187],
        [0.0549, 0.0187, 0.0064]])
2024-03-08 13:25:44,939 | INFO | hilo.kernel-accessor : Fetching kernel: laplace
2024-03-08 13:25:44,940 | INFO | hilo.laplace-kernel : Calculating Laplace distribution (location: -0.02033253386616707, scale 0.9493932723999023)
2024-03-08 13:25:44,940 | INFO | hilo.laplace-kernel : BOTTOM-RIGHT:
tensor([[0.0068, 0.0196, 0.0563],
        [0.0196, 0.0563, 0.1613],
        [0.0563, 0.1613, 0.4625]])
2024-03-08 13:25:44,940 | INFO | hilo.kernel-accessor : Fetching kernel: laplace
2024-03-08 13:25:44,940 | INFO | hilo.laplace-kernel : Calculating Laplace distribution (location: -0.02293005958199501, scale 0.7895850539207458)
2024-03-08 13:25:44,941 | INFO | hilo.laplace-kernel : STATIC:
tensor([[0.5397, 0.1521, 0.0429],
        [0.1521, 0.0429, 0.0121],
        [0.0429, 0.0121, 0.0034]])
2024-03-08 13:25:44,941 | INFO | hilo.kernel-accessor : Fetching kernel: laplace
2024-03-08 13:25:44,941 | INFO | hilo.laplace-kernel : Calculating Laplace distribution (location: 0.0019403360784053802, scale 0.8565467000007629)
2024-03-08 13:25:44,941 | INFO | hilo.laplace-kernel : BOTTOM-RIGHT:
tensor([[0.0047, 0.0152, 0.0489],
        [0.0152, 0.0489, 0.1573],
        [0.0489, 0.1573, 0.5033]])
2024-03-08 13:25:44,941 | INFO | hilo.kernel-accessor : Fetching kernel: laplace
2024-03-08 13:25:44,941 | INFO | hilo.laplace-kernel : Calculating Laplace distribution (location: -0.04878603294491768, scale 0.9437657594680786)
2024-03-08 13:25:44,942 | INFO | hilo.laplace-kernel : STATIC:
tensor([[0.4648, 0.1611, 0.0558],
        [0.1611, 0.0558, 0.0194],
        [0.0558, 0.0194, 0.0067]])
2024-03-08 13:25:44,942 | INFO | hilo.kernel-accessor : Fetching kernel: laplace
2024-03-08 13:25:44,942 | INFO | hilo.laplace-kernel : Calculating Laplace distribution (location: -0.16136804223060608, scale 1.0752118825912476)
2024-03-08 13:25:44,942 | INFO | hilo.laplace-kernel : STATIC:
tensor([[0.4161, 0.1642, 0.0648],
        [0.1642, 0.0648, 0.0256],
        [0.0648, 0.0256, 0.0101]])
2024-03-08 13:27:05,735 | INFO | hilo : Epoch   3/200 | Accuracy:  43.7500 | Loss:   1.4879
2024-03-08 13:27:05,735 | INFO | hilo.kernel-accessor : Fetching kernel: laplace
2024-03-08 13:27:05,735 | INFO | hilo.laplace-kernel : Calculating Laplace distribution (location: -0.003921459894627333, scale 0.6778049468994141)
2024-03-08 13:27:05,736 | INFO | hilo.laplace-kernel : BOTTOM-RIGHT:
tensor([[0.0017, 0.0073, 0.0319],
        [0.0073, 0.0319, 0.1394],
        [0.0319, 0.1394, 0.6094]])
2024-03-08 13:27:05,736 | INFO | hilo.kernel-accessor : Fetching kernel: laplace
2024-03-08 13:27:05,736 | INFO | hilo.laplace-kernel : Calculating Laplace distribution (location: -0.7256542444229126, scale 2.0467753410339355)
2024-03-08 13:27:05,737 | INFO | hilo.laplace-kernel : STATIC:
tensor([[0.2525, 0.1549, 0.0951],
        [0.1549, 0.0951, 0.0583],
        [0.0951, 0.0583, 0.0358]])
2024-03-08 13:27:05,737 | INFO | hilo.kernel-accessor : Fetching kernel: laplace
2024-03-08 13:27:05,737 | INFO | hilo.laplace-kernel : Calculating Laplace distribution (location: -0.3213975131511688, scale 1.2595630884170532)
2024-03-08 13:27:05,737 | INFO | hilo.laplace-kernel : STATIC:
tensor([[0.3645, 0.1648, 0.0745],
        [0.1648, 0.0745, 0.0337],
        [0.0745, 0.0337, 0.0152]])
2024-03-08 13:27:05,737 | INFO | hilo.kernel-accessor : Fetching kernel: laplace
2024-03-08 13:27:05,737 | INFO | hilo.laplace-kernel : Calculating Laplace distribution (location: -0.23663084208965302, scale 1.1420261859893799)
2024-03-08 13:27:05,738 | INFO | hilo.laplace-kernel : BOTTOM-LEFT:
tensor([[0.0686, 0.0286, 0.0119],
        [0.1648, 0.0686, 0.0286],
        [0.3955, 0.1648, 0.0686]])
2024-03-08 13:27:05,738 | INFO | hilo.kernel-accessor : Fetching kernel: laplace
2024-03-08 13:27:05,738 | INFO | hilo.laplace-kernel : Calculating Laplace distribution (location: -0.11972304433584213, scale 0.9441474080085754)
2024-03-08 13:27:05,738 | INFO | hilo.laplace-kernel : STATIC:
tensor([[0.4647, 0.1611, 0.0559],
        [0.1611, 0.0559, 0.0194],
        [0.0559, 0.0194, 0.0067]])
2024-03-08 13:27:05,738 | INFO | hilo.kernel-accessor : Fetching kernel: laplace
2024-03-08 13:27:05,738 | INFO | hilo.laplace-kernel : Calculating Laplace distribution (location: -0.15217095613479614, scale 0.7978602051734924)
2024-03-08 13:27:05,739 | INFO | hilo.laplace-kernel : BOTTOM-LEFT:
tensor([[0.0436, 0.0125, 0.0036],
        [0.1528, 0.0436, 0.0125],
        [0.5351, 0.1528, 0.0436]])
2024-03-08 13:27:05,739 | INFO | hilo.kernel-accessor : Fetching kernel: laplace
2024-03-08 13:27:05,739 | INFO | hilo.laplace-kernel : Calculating Laplace distribution (location: -0.15288430452346802, scale 0.7380726933479309)
2024-03-08 13:27:05,739 | INFO | hilo.laplace-kernel : BOTTOM-LEFT:
tensor([[0.0379, 0.0098, 0.0025],
        [0.1470, 0.0379, 0.0098],
        [0.5700, 0.1470, 0.0379]])
2024-03-08 13:27:05,739 | INFO | hilo.kernel-accessor : Fetching kernel: laplace
2024-03-08 13:27:05,739 | INFO | hilo.laplace-kernel : Calculating Laplace distribution (location: -0.08605441451072693, scale 0.6440401673316956)
2024-03-08 13:27:05,740 | INFO | hilo.laplace-kernel : BOTTOM-LEFT:
tensor([[0.0284, 0.0060, 0.0013],
        [0.1341, 0.0284, 0.0060],
        [0.6334, 0.1341, 0.0284]])
2024-03-08 13:27:05,740 | INFO | hilo.kernel-accessor : Fetching kernel: laplace
2024-03-08 13:27:05,740 | INFO | hilo.laplace-kernel : Calculating Laplace distribution (location: -0.051492441445589066, scale 0.7195549607276917)
2024-03-08 13:27:05,740 | INFO | hilo.laplace-kernel : BOTTOM-RIGHT:
tensor([[0.0022, 0.0090, 0.0361],
        [0.0090, 0.0361, 0.1449],
        [0.0361, 0.1449, 0.5816]])
2024-03-08 13:27:05,740 | INFO | hilo.kernel-accessor : Fetching kernel: laplace
2024-03-08 13:27:05,740 | INFO | hilo.laplace-kernel : Calculating Laplace distribution (location: -0.07613131403923035, scale 0.624919593334198)
2024-03-08 13:27:05,741 | INFO | hilo.laplace-kernel : BOTTOM-RIGHT:
tensor([[0.0011, 0.0053, 0.0264],
        [0.0053, 0.0264, 0.1307],
        [0.0264, 0.1307, 0.6476]])
2024-03-08 13:27:05,741 | INFO | hilo.kernel-accessor : Fetching kernel: laplace
2024-03-08 13:27:05,741 | INFO | hilo.laplace-kernel : Calculating Laplace distribution (location: -0.10672636330127716, scale 0.7022019624710083)
2024-03-08 13:27:05,741 | INFO | hilo.laplace-kernel : STATIC:
tensor([[0.5929, 0.1427, 0.0344],
        [0.1427, 0.0344, 0.0083],
        [0.0344, 0.0083, 0.0020]])
2024-03-08 13:27:05,741 | INFO | hilo.kernel-accessor : Fetching kernel: laplace
2024-03-08 13:27:05,741 | INFO | hilo.laplace-kernel : Calculating Laplace distribution (location: -0.06148190796375275, scale 0.6681533455848694)
2024-03-08 13:27:05,742 | INFO | hilo.laplace-kernel : BOTTOM-LEFT:
tensor([[0.0309, 0.0069, 0.0015],
        [0.1379, 0.0309, 0.0069],
        [0.6161, 0.1379, 0.0309]])
2024-03-08 13:27:05,742 | INFO | hilo.kernel-accessor : Fetching kernel: laplace
2024-03-08 13:27:05,742 | INFO | hilo.laplace-kernel : Calculating Laplace distribution (location: 0.006890773773193359, scale 0.7396185994148254)
2024-03-08 13:27:05,742 | INFO | hilo.laplace-kernel : BOTTOM-RIGHT:
tensor([[0.0026, 0.0100, 0.0385],
        [0.0100, 0.0385, 0.1488],
        [0.0385, 0.1488, 0.5645]])
2024-03-08 13:27:05,742 | INFO | hilo.kernel-accessor : Fetching kernel: laplace
2024-03-08 13:27:05,742 | INFO | hilo.laplace-kernel : Calculating Laplace distribution (location: 0.015786999836564064, scale 0.6450896263122559)
2024-03-08 13:27:05,743 | INFO | hilo.laplace-kernel : BOTTOM-LEFT:
tensor([[0.0294, 0.0062, 0.0013],
        [0.1384, 0.0294, 0.0062],
        [0.6212, 0.1384, 0.0294]])
2024-03-08 13:27:05,743 | INFO | hilo.kernel-accessor : Fetching kernel: laplace
2024-03-08 13:27:05,743 | INFO | hilo.laplace-kernel : Calculating Laplace distribution (location: 0.017381183803081512, scale 0.6697004437446594)
2024-03-08 13:27:05,743 | INFO | hilo.laplace-kernel : BOTTOM-RIGHT:
tensor([[0.0016, 0.0072, 0.0320],
        [0.0072, 0.0320, 0.1426],
        [0.0320, 0.1426, 0.6027]])
2024-03-08 13:27:05,743 | INFO | hilo.kernel-accessor : Fetching kernel: laplace
2024-03-08 13:27:05,744 | INFO | hilo.laplace-kernel : Calculating Laplace distribution (location: -0.01847240887582302, scale 0.7566171884536743)
2024-03-08 13:27:05,744 | INFO | hilo.laplace-kernel : STATIC:
tensor([[0.5587, 0.1490, 0.0397],
        [0.1490, 0.0397, 0.0106],
        [0.0397, 0.0106, 0.0028]])
2024-03-08 13:27:05,744 | INFO | hilo.kernel-accessor : Fetching kernel: laplace
2024-03-08 13:27:05,744 | INFO | hilo.laplace-kernel : Calculating Laplace distribution (location: -0.10637790709733963, scale 0.9877400398254395)
2024-03-08 13:27:05,744 | INFO | hilo.laplace-kernel : BOTTOM-LEFT:
tensor([[0.0590, 0.0215, 0.0078],
        [0.1625, 0.0590, 0.0215],
        [0.4472, 0.1625, 0.0590]])
2024-03-08 13:28:26,272 | INFO | hilo : Epoch   4/200 | Accuracy:  50.0000 | Loss:   1.3472
2024-03-08 13:28:26,272 | INFO | hilo.kernel-accessor : Fetching kernel: laplace
2024-03-08 13:28:26,272 | INFO | hilo.laplace-kernel : Calculating Laplace distribution (location: -0.018926644697785378, scale 0.7015410661697388)
2024-03-08 13:28:26,273 | INFO | hilo.laplace-kernel : BOTTOM-RIGHT:
tensor([[0.0020, 0.0082, 0.0343],
        [0.0082, 0.0343, 0.1426],
        [0.0343, 0.1426, 0.5934]])
2024-03-08 13:28:26,273 | INFO | hilo.kernel-accessor : Fetching kernel: laplace
2024-03-08 13:28:26,273 | INFO | hilo.laplace-kernel : Calculating Laplace distribution (location: -0.817143440246582, scale 2.0727124214172363)
2024-03-08 13:28:26,273 | INFO | hilo.laplace-kernel : BOTTOM-LEFT:
tensor([[0.0954, 0.0589, 0.0364],
        [0.1546, 0.0954, 0.0589],
        [0.2504, 0.1546, 0.0954]])
2024-03-08 13:28:26,273 | INFO | hilo.kernel-accessor : Fetching kernel: laplace
2024-03-08 13:28:26,274 | INFO | hilo.laplace-kernel : Calculating Laplace distribution (location: -0.39873456954956055, scale 1.0676240921020508)
2024-03-08 13:28:26,274 | INFO | hilo.laplace-kernel : BOTTOM-RIGHT:
tensor([[0.0099, 0.0252, 0.0643],
        [0.0252, 0.0643, 0.1641],
        [0.0643, 0.1641, 0.4186]])
2024-03-08 13:28:26,274 | INFO | hilo.kernel-accessor : Fetching kernel: laplace
2024-03-08 13:28:26,274 | INFO | hilo.laplace-kernel : Calculating Laplace distribution (location: -0.25789108872413635, scale 0.8780969381332397)
2024-03-08 13:28:26,274 | INFO | hilo.laplace-kernel : BOTTOM-RIGHT:
tensor([[0.0052, 0.0162, 0.0507],
        [0.0162, 0.0507, 0.1582],
        [0.0507, 0.1582, 0.4940]])
2024-03-08 13:28:26,274 | INFO | hilo.kernel-accessor : Fetching kernel: laplace
2024-03-08 13:28:26,275 | INFO | hilo.laplace-kernel : Calculating Laplace distribution (location: -0.14094989001750946, scale 0.7865435481071472)
2024-03-08 13:28:26,275 | INFO | hilo.laplace-kernel : BOTTOM-LEFT:
tensor([[0.0426, 0.0119, 0.0033],
        [0.1518, 0.0426, 0.0119],
        [0.5414, 0.1518, 0.0426]])
2024-03-08 13:28:26,275 | INFO | hilo.kernel-accessor : Fetching kernel: laplace
2024-03-08 13:28:26,275 | INFO | hilo.laplace-kernel : Calculating Laplace distribution (location: -0.08561159670352936, scale 0.7057120203971863)
2024-03-08 13:28:26,275 | INFO | hilo.laplace-kernel : BOTTOM-LEFT:
tensor([[0.0347, 0.0084, 0.0020],
        [0.1432, 0.0347, 0.0084],
        [0.5906, 0.1432, 0.0347]])
2024-03-08 13:28:26,276 | INFO | hilo.kernel-accessor : Fetching kernel: laplace
2024-03-08 13:28:26,276 | INFO | hilo.laplace-kernel : Calculating Laplace distribution (location: -0.11920700967311859, scale 0.6725814938545227)
2024-03-08 13:28:26,276 | INFO | hilo.laplace-kernel : BOTTOM-LEFT:
tensor([[0.0313, 0.0071, 0.0016],
        [0.1386, 0.0313, 0.0071],
        [0.6130, 0.1386, 0.0313]])
2024-03-08 13:28:26,276 | INFO | hilo.kernel-accessor : Fetching kernel: laplace
2024-03-08 13:28:26,276 | INFO | hilo.laplace-kernel : Calculating Laplace distribution (location: -0.05435164272785187, scale 0.5480266213417053)
2024-03-08 13:28:26,276 | INFO | hilo.laplace-kernel : BOTTOM-RIGHT:
tensor([[4.7976e-04, 2.9751e-03, 1.8449e-02],
        [2.9751e-03, 1.8449e-02, 1.1440e-01],
        [1.8449e-02, 1.1440e-01, 7.0942e-01]])
2024-03-08 13:28:26,277 | INFO | hilo.kernel-accessor : Fetching kernel: laplace
2024-03-08 13:28:26,277 | INFO | hilo.laplace-kernel : Calculating Laplace distribution (location: -0.020888058468699455, scale 0.5968040823936462)
2024-03-08 13:28:26,277 | INFO | hilo.laplace-kernel : BOTTOM-RIGHT:
tensor([[0.0008, 0.0044, 0.0235],
        [0.0044, 0.0235, 0.1253],
        [0.0235, 0.1253, 0.6694]])
2024-03-08 13:28:26,277 | INFO | hilo.kernel-accessor : Fetching kernel: laplace
2024-03-08 13:28:26,277 | INFO | hilo.laplace-kernel : Calculating Laplace distribution (location: -0.03183519095182419, scale 0.5372688174247742)
2024-03-08 13:28:26,278 | INFO | hilo.laplace-kernel : BOTTOM-RIGHT:
tensor([[4.1990e-04, 2.7007e-03, 1.7371e-02],
        [2.7007e-03, 1.7371e-02, 1.1173e-01],
        [1.7371e-02, 1.1173e-01, 7.1861e-01]])
2024-03-08 13:28:26,278 | INFO | hilo.kernel-accessor : Fetching kernel: laplace
2024-03-08 13:28:26,278 | INFO | hilo.laplace-kernel : Calculating Laplace distribution (location: -0.11243675649166107, scale 0.5908556580543518)
2024-03-08 13:28:26,278 | INFO | hilo.laplace-kernel : STATIC:
tensor([[0.6741, 0.1241, 0.0228],
        [0.1241, 0.0228, 0.0042],
        [0.0228, 0.0042, 0.0008]])
2024-03-08 13:28:26,278 | INFO | hilo.kernel-accessor : Fetching kernel: laplace
2024-03-08 13:28:26,278 | INFO | hilo.laplace-kernel : Calculating Laplace distribution (location: -0.01977716013789177, scale 0.5519453287124634)
2024-03-08 13:28:26,279 | INFO | hilo.laplace-kernel : BOTTOM-LEFT:
tensor([[1.8844e-02, 3.0785e-03, 5.0292e-04],
        [1.1535e-01, 1.8844e-02, 3.0785e-03],
        [7.0610e-01, 1.1535e-01, 1.8844e-02]])
2024-03-08 13:28:26,279 | INFO | hilo.kernel-accessor : Fetching kernel: laplace
2024-03-08 13:28:26,279 | INFO | hilo.laplace-kernel : Calculating Laplace distribution (location: 0.027378754690289497, scale 0.6334478259086609)
2024-03-08 13:28:26,279 | INFO | hilo.laplace-kernel : BOTTOM-RIGHT:
tensor([[0.0012, 0.0059, 0.0288],
        [0.0059, 0.0288, 0.1397],
        [0.0288, 0.1397, 0.6211]])
2024-03-08 13:28:26,279 | INFO | hilo.kernel-accessor : Fetching kernel: laplace
2024-03-08 13:28:26,279 | INFO | hilo.laplace-kernel : Calculating Laplace distribution (location: 0.06671774387359619, scale 0.5224247574806213)
2024-03-08 13:28:26,280 | INFO | hilo.laplace-kernel : BOTTOM-LEFT:
tensor([[1.9048e-02, 2.8090e-03, 4.1423e-04],
        [1.2917e-01, 1.9048e-02, 2.8090e-03],
        [6.7848e-01, 1.2917e-01, 1.9048e-02]])
2024-03-08 13:28:26,280 | INFO | hilo.kernel-accessor : Fetching kernel: laplace
2024-03-08 13:28:26,280 | INFO | hilo.laplace-kernel : Calculating Laplace distribution (location: 0.07222398370504379, scale 0.5411035418510437)
2024-03-08 13:28:26,280 | INFO | hilo.laplace-kernel : BOTTOM-RIGHT:
tensor([[5.2933e-04, 3.3600e-03, 2.1328e-02],
        [3.3600e-03, 2.1328e-02, 1.3538e-01],
        [2.1328e-02, 1.3538e-01, 6.5801e-01]])
2024-03-08 13:28:26,280 | INFO | hilo.kernel-accessor : Fetching kernel: laplace
2024-03-08 13:28:26,280 | INFO | hilo.laplace-kernel : Calculating Laplace distribution (location: -0.019386209547519684, scale 0.5566266775131226)
2024-03-08 13:28:26,281 | INFO | hilo.laplace-kernel : BOTTOM-LEFT:
tensor([[1.9319e-02, 3.2045e-03, 5.3154e-04],
        [1.1647e-01, 1.9319e-02, 3.2045e-03],
        [7.0216e-01, 1.1647e-01, 1.9319e-02]])
2024-03-08 13:28:26,281 | INFO | hilo.kernel-accessor : Fetching kernel: laplace
2024-03-08 13:28:26,281 | INFO | hilo.laplace-kernel : Calculating Laplace distribution (location: 0.09567274153232574, scale 0.6402853727340698)
2024-03-08 13:28:26,281 | INFO | hilo.laplace-kernel : BOTTOM-RIGHT:
tensor([[0.0015, 0.0070, 0.0335],
        [0.0070, 0.0335, 0.1597],
        [0.0335, 0.1597, 0.5646]])
2024-03-08 13:29:46,880 | INFO | hilo : Epoch   5/200 | Accuracy:  44.0341 | Loss:   1.1445
2024-03-08 13:29:46,880 | INFO | hilo.kernel-accessor : Fetching kernel: laplace
2024-03-08 13:29:46,880 | INFO | hilo.laplace-kernel : Calculating Laplace distribution (location: -0.011558315716683865, scale 0.7430369257926941)
2024-03-08 13:29:46,881 | INFO | hilo.laplace-kernel : BOTTOM-LEFT:
tensor([[0.0384, 0.0100, 0.0026],
        [0.1476, 0.0384, 0.0100],
        [0.5669, 0.1476, 0.0384]])
2024-03-08 13:29:46,881 | INFO | hilo.kernel-accessor : Fetching kernel: laplace
2024-03-08 13:29:46,882 | INFO | hilo.laplace-kernel : Calculating Laplace distribution (location: -0.9232232570648193, scale 2.44452166557312)
2024-03-08 13:29:46,882 | INFO | hilo.laplace-kernel : STATIC:
tensor([[0.2256, 0.1498, 0.0995],
        [0.1498, 0.0995, 0.0661],
        [0.0995, 0.0661, 0.0439]])
2024-03-08 13:29:46,882 | INFO | hilo.kernel-accessor : Fetching kernel: laplace
2024-03-08 13:29:46,883 | INFO | hilo.laplace-kernel : Calculating Laplace distribution (location: -0.44289660453796387, scale 1.1933279037475586)
2024-03-08 13:29:46,883 | INFO | hilo.laplace-kernel : BOTTOM-RIGHT:
tensor([[0.0133, 0.0309, 0.0713],
        [0.0309, 0.0713, 0.1649],
        [0.0713, 0.1649, 0.3812]])
2024-03-08 13:29:46,883 | INFO | hilo.kernel-accessor : Fetching kernel: laplace
2024-03-08 13:29:46,884 | INFO | hilo.laplace-kernel : Calculating Laplace distribution (location: -0.2387751191854477, scale 1.050842046737671)
2024-03-08 13:29:46,884 | INFO | hilo.laplace-kernel : BOTTOM-RIGHT:
tensor([[0.0094, 0.0244, 0.0633],
        [0.0244, 0.0633, 0.1638],
        [0.0633, 0.1638, 0.4243]])
2024-03-08 13:29:46,884 | INFO | hilo.kernel-accessor : Fetching kernel: laplace
2024-03-08 13:29:46,885 | INFO | hilo.laplace-kernel : Calculating Laplace distribution (location: -0.07448461651802063, scale 0.8351327180862427)
2024-03-08 13:29:46,885 | INFO | hilo.laplace-kernel : BOTTOM-RIGHT:
tensor([[0.0043, 0.0142, 0.0470],
        [0.0142, 0.0470, 0.1556],
        [0.0470, 0.1556, 0.5152]])
2024-03-08 13:29:46,886 | INFO | hilo.kernel-accessor : Fetching kernel: laplace
2024-03-08 13:29:46,886 | INFO | hilo.laplace-kernel : Calculating Laplace distribution (location: -0.05748807266354561, scale 0.7592828273773193)
2024-03-08 13:29:46,886 | INFO | hilo.laplace-kernel : STATIC:
tensor([[0.5572, 0.1493, 0.0400],
        [0.1493, 0.0400, 0.0107],
        [0.0400, 0.0107, 0.0029]])
2024-03-08 13:29:46,887 | INFO | hilo.kernel-accessor : Fetching kernel: laplace
2024-03-08 13:29:46,887 | INFO | hilo.laplace-kernel : Calculating Laplace distribution (location: -0.12401966750621796, scale 0.7439702153205872)
2024-03-08 13:29:46,887 | INFO | hilo.laplace-kernel : BOTTOM-LEFT:
tensor([[0.0385, 0.0100, 0.0026],
        [0.1477, 0.0385, 0.0100],
        [0.5664, 0.1477, 0.0385]])
2024-03-08 13:29:46,888 | INFO | hilo.kernel-accessor : Fetching kernel: laplace
2024-03-08 13:29:46,888 | INFO | hilo.laplace-kernel : Calculating Laplace distribution (location: -0.060743894428014755, scale 0.5711035132408142)
2024-03-08 13:29:46,888 | INFO | hilo.laplace-kernel : BOTTOM-LEFT:
tensor([[2.0799e-02, 3.6107e-03, 6.2682e-04],
        [1.1981e-01, 2.0799e-02, 3.6107e-03],
        [6.9014e-01, 1.1981e-01, 2.0799e-02]])
2024-03-08 13:29:46,889 | INFO | hilo.kernel-accessor : Fetching kernel: laplace
2024-03-08 13:29:46,889 | INFO | hilo.laplace-kernel : Calculating Laplace distribution (location: -0.031476181000471115, scale 0.5396957993507385)
2024-03-08 13:29:46,889 | INFO | hilo.laplace-kernel : BOTTOM-RIGHT:
tensor([[4.3294e-04, 2.7614e-03, 1.7613e-02],
        [2.7614e-03, 1.7613e-02, 1.1234e-01],
        [1.7613e-02, 1.1234e-01, 7.1653e-01]])
2024-03-08 13:29:46,890 | INFO | hilo.kernel-accessor : Fetching kernel: laplace
2024-03-08 13:29:46,890 | INFO | hilo.laplace-kernel : Calculating Laplace distribution (location: -0.026903165504336357, scale 0.47903865575790405)
2024-03-08 13:29:46,890 | INFO | hilo.laplace-kernel : BOTTOM-RIGHT:
tensor([[1.8209e-04, 1.4685e-03, 1.1843e-02],
        [1.4685e-03, 1.1843e-02, 9.5516e-02],
        [1.1843e-02, 9.5516e-02, 7.7032e-01]])
