2023-12-09 15:21:49,806 | INFO | hi-lo : 
+==============================================================+
|                                                              |
| ██████╗  █████╗ ██████╗ ██╗         ██╗      █████╗ ██████╗  |
| ██╔══██╗██╔══██╗██╔══██╗██║         ██║     ██╔══██╗██╔══██╗ |
| ██║  ██║███████║██║  ██║██║         ██║     ███████║██████╔╝ |
| ██║  ██║██╔══██║██║  ██║██║         ██║     ██╔══██║██╔══██╗ |
| ██████╔╝██║  ██║██████╔╝███████╗    ███████╗██║  ██║██████╔╝ |
| ╚═════╝ ╚═╝  ╚═╝╚═════╝ ╚══════╝    ╚══════╝╚═╝  ╚═╝╚═════╝  |
|                                                              |
+==============================================================+
|             Hi-Lo Resolution Image Classification            |
|             -------------------------------------            |
|                       Gabriel C. Trahan                      |
|                          Sahan Ahmad                         |
|                       MD  Aminual Islam                      |
+==============================================================+
| MODEL:                 normal | LR:                      0.1 |
| DISTRO:                gumbel | KERNEL TYPE:              12 |
| DATASET:                mnist | BATCH SIZE:               64 |
+=========================================================================+
2023-12-09 15:21:49,807 | INFO | hi-lo : Output directory: output/normal/gumbel/12/mnist/20231209_152149
2023-12-09 15:21:49,807 | INFO | hi-lo.dataset-accessor : Fetching dataset: mnist
2023-12-09 15:21:49,807 | INFO | hi-lo.mnist-dataset : Initializing transform.
2023-12-09 15:21:49,807 | INFO | hi-lo.mnist-dataset : Verifying/downloading train data.
2023-12-09 15:21:49,864 | INFO | hi-lo.mnist-dataset : Verifying/downloading test data.
2023-12-09 15:21:49,869 | INFO | hi-lo.mnist-dataset : Creating train data loader.
2023-12-09 15:21:49,869 | INFO | hi-lo.mnist-dataset : Creating test data loader.
2023-12-09 15:21:50,890 | INFO | hi-lo : Using device: NVIDIA GeForce GTX 1060 6GB
2023-12-09 15:21:50,890 | INFO | hi-lo : Commencing training phase...
2023-12-09 15:21:50,891 | INFO | hi-lo : BEGIN EPOCH 1 =========================================================================
2023-12-09 15:21:50,891 | INFO | hi-lo.kernel-accessor : Fetching kernel: gumbel
2023-12-09 15:21:50,892 | INFO | hi-lo.gumbel-kernel : MU (LOCATION): 1 | BETA (SCALE): 1
2023-12-09 15:21:50,892 | INFO | hi-lo.gumbel-kernel : STATIC
tensor([[5.6765e-01, 1.6550e-01, 3.2357e-02],
        [1.6550e-01, 3.2357e-02, 2.1352e-03],
        [3.2357e-02, 2.1352e-03, 7.3562e-06]])
2023-12-09 15:21:50,892 | INFO | hi-lo.kernel-accessor : Fetching kernel: gumbel
2023-12-09 15:21:50,893 | INFO | hi-lo.gumbel-kernel : MU (LOCATION): 0.0 | BETA (SCALE): 1.0
2023-12-09 15:21:50,893 | INFO | hi-lo.gumbel-kernel : BOTTOM-LEFT
tensor([[2.0072e-04, 2.2609e-10, 8.5377e-26],
        [5.8259e-02, 2.0072e-04, 2.2609e-10],
        [8.8288e-01, 5.8259e-02, 2.0072e-04]])
2023-12-09 15:21:50,893 | INFO | hi-lo.kernel-accessor : Fetching kernel: gumbel
2023-12-09 15:21:50,893 | INFO | hi-lo.gumbel-kernel : MU (LOCATION): 0.0 | BETA (SCALE): 1.0
2023-12-09 15:21:50,893 | INFO | hi-lo.gumbel-kernel : BOTTOM-RIGHT
tensor([[8.5377e-26, 2.2609e-10, 2.0072e-04],
        [2.2609e-10, 2.0072e-04, 5.8259e-02],
        [2.0072e-04, 5.8259e-02, 8.8288e-01]])
2023-12-09 15:21:50,893 | INFO | hi-lo.kernel-accessor : Fetching kernel: gumbel
2023-12-09 15:21:50,894 | INFO | hi-lo.gumbel-kernel : MU (LOCATION): 0.0 | BETA (SCALE): 1.0
2023-12-09 15:21:50,894 | INFO | hi-lo.gumbel-kernel : BOTTOM-LEFT
tensor([[2.0072e-04, 2.2609e-10, 8.5377e-26],
        [5.8259e-02, 2.0072e-04, 2.2609e-10],
        [8.8288e-01, 5.8259e-02, 2.0072e-04]])
2023-12-09 15:21:59,916 | INFO | hi-lo : END EPOCH:   1 | ACCURACY: 98.44 | LOSS: 0.11782852560281754
2023-12-09 15:21:59,916 | INFO | hi-lo : BEGIN EPOCH 2 =========================================================================
2023-12-09 15:21:59,916 | INFO | hi-lo.kernel-accessor : Fetching kernel: gumbel
2023-12-09 15:21:59,917 | INFO | hi-lo.gumbel-kernel : MU (LOCATION): 1 | BETA (SCALE): 1
2023-12-09 15:21:59,917 | INFO | hi-lo.gumbel-kernel : STATIC
tensor([[5.6765e-01, 1.6550e-01, 3.2357e-02],
        [1.6550e-01, 3.2357e-02, 2.1352e-03],
        [3.2357e-02, 2.1352e-03, 7.3562e-06]])
2023-12-09 15:21:59,917 | INFO | hi-lo.kernel-accessor : Fetching kernel: gumbel
2023-12-09 15:21:59,918 | INFO | hi-lo.gumbel-kernel : MU (LOCATION): -0.5804173350334167 | BETA (SCALE): 0.5512363910675049
2023-12-09 15:21:59,918 | INFO | hi-lo.gumbel-kernel : BOTTOM-LEFT
tensor([[0.0000e+00, 0.0000e+00, 0.0000e+00],
        [7.7875e-20, 0.0000e+00, 0.0000e+00],
        [1.0000e+00, 7.7875e-20, 0.0000e+00]])
2023-12-09 15:21:59,919 | INFO | hi-lo.kernel-accessor : Fetching kernel: gumbel
2023-12-09 15:21:59,919 | INFO | hi-lo.gumbel-kernel : MU (LOCATION): 1 | BETA (SCALE): 1
2023-12-09 15:21:59,919 | INFO | hi-lo.gumbel-kernel : STATIC
tensor([[5.6765e-01, 1.6550e-01, 3.2357e-02],
        [1.6550e-01, 3.2357e-02, 2.1352e-03],
        [3.2357e-02, 2.1352e-03, 7.3562e-06]])
2023-12-09 15:21:59,920 | INFO | hi-lo.kernel-accessor : Fetching kernel: gumbel
2023-12-09 15:21:59,920 | INFO | hi-lo.gumbel-kernel : MU (LOCATION): 1 | BETA (SCALE): 1
2023-12-09 15:21:59,920 | INFO | hi-lo.gumbel-kernel : STATIC
tensor([[5.6765e-01, 1.6550e-01, 3.2357e-02],
        [1.6550e-01, 3.2357e-02, 2.1352e-03],
        [3.2357e-02, 2.1352e-03, 7.3562e-06]])
2023-12-09 15:22:07,948 | INFO | hi-lo : END EPOCH:   2 | ACCURACY: 97.66 | LOSS: 0.08637682348489761
2023-12-09 15:22:07,948 | INFO | hi-lo : BEGIN EPOCH 3 =========================================================================
2023-12-09 15:22:07,948 | INFO | hi-lo.kernel-accessor : Fetching kernel: gumbel
2023-12-09 15:22:07,949 | INFO | hi-lo.gumbel-kernel : MU (LOCATION): 1 | BETA (SCALE): 1
2023-12-09 15:22:07,949 | INFO | hi-lo.gumbel-kernel : STATIC
tensor([[5.6765e-01, 1.6550e-01, 3.2357e-02],
        [1.6550e-01, 3.2357e-02, 2.1352e-03],
        [3.2357e-02, 2.1352e-03, 7.3562e-06]])
2023-12-09 15:22:07,950 | INFO | hi-lo.kernel-accessor : Fetching kernel: gumbel
2023-12-09 15:22:07,950 | INFO | hi-lo.gumbel-kernel : MU (LOCATION): -0.688238263130188 | BETA (SCALE): 0.7052618861198425
2023-12-09 15:22:07,951 | INFO | hi-lo.gumbel-kernel : BOTTOM-RIGHT
tensor([[0.0000e+00, 0.0000e+00, 0.0000e+00],
        [0.0000e+00, 0.0000e+00, 6.5756e-11],
        [0.0000e+00, 6.5756e-11, 1.0000e+00]])
2023-12-09 15:22:07,951 | INFO | hi-lo.kernel-accessor : Fetching kernel: gumbel
2023-12-09 15:22:07,951 | INFO | hi-lo.gumbel-kernel : MU (LOCATION): 1 | BETA (SCALE): 1
2023-12-09 15:22:07,952 | INFO | hi-lo.gumbel-kernel : STATIC
tensor([[5.6765e-01, 1.6550e-01, 3.2357e-02],
        [1.6550e-01, 3.2357e-02, 2.1352e-03],
        [3.2357e-02, 2.1352e-03, 7.3562e-06]])
2023-12-09 15:22:07,952 | INFO | hi-lo.kernel-accessor : Fetching kernel: gumbel
2023-12-09 15:22:07,953 | INFO | hi-lo.gumbel-kernel : MU (LOCATION): 1 | BETA (SCALE): 1
2023-12-09 15:22:07,953 | INFO | hi-lo.gumbel-kernel : STATIC
tensor([[5.6765e-01, 1.6550e-01, 3.2357e-02],
        [1.6550e-01, 3.2357e-02, 2.1352e-03],
        [3.2357e-02, 2.1352e-03, 7.3562e-06]])
2023-12-09 15:22:16,012 | INFO | hi-lo : END EPOCH:   3 | ACCURACY: 98.96 | LOSS: 0.013101307675242424
2023-12-09 15:22:16,012 | INFO | hi-lo : BEGIN EPOCH 4 =========================================================================
2023-12-09 15:22:16,012 | INFO | hi-lo.kernel-accessor : Fetching kernel: gumbel
2023-12-09 15:22:16,013 | INFO | hi-lo.gumbel-kernel : MU (LOCATION): 1 | BETA (SCALE): 1
2023-12-09 15:22:16,013 | INFO | hi-lo.gumbel-kernel : STATIC
tensor([[5.6765e-01, 1.6550e-01, 3.2357e-02],
        [1.6550e-01, 3.2357e-02, 2.1352e-03],
        [3.2357e-02, 2.1352e-03, 7.3562e-06]])
2023-12-09 15:22:16,014 | INFO | hi-lo.kernel-accessor : Fetching kernel: gumbel
2023-12-09 15:22:16,014 | INFO | hi-lo.gumbel-kernel : MU (LOCATION): -0.6158543825149536 | BETA (SCALE): 0.7184526920318604
2023-12-09 15:22:16,014 | INFO | hi-lo.gumbel-kernel : BOTTOM-RIGHT
tensor([[0.0000e+00, 0.0000e+00, 1.5174e-38],
        [0.0000e+00, 1.5174e-38, 1.2770e-08],
        [1.5174e-38, 1.2770e-08, 1.0000e+00]])
2023-12-09 15:22:16,015 | INFO | hi-lo.kernel-accessor : Fetching kernel: gumbel
2023-12-09 15:22:16,015 | INFO | hi-lo.gumbel-kernel : MU (LOCATION): 1 | BETA (SCALE): 1
2023-12-09 15:22:16,015 | INFO | hi-lo.gumbel-kernel : STATIC
tensor([[5.6765e-01, 1.6550e-01, 3.2357e-02],
        [1.6550e-01, 3.2357e-02, 2.1352e-03],
        [3.2357e-02, 2.1352e-03, 7.3562e-06]])
2023-12-09 15:22:16,016 | INFO | hi-lo.kernel-accessor : Fetching kernel: gumbel
2023-12-09 15:22:16,016 | INFO | hi-lo.gumbel-kernel : MU (LOCATION): 1 | BETA (SCALE): 1
2023-12-09 15:22:16,017 | INFO | hi-lo.gumbel-kernel : STATIC
tensor([[5.6765e-01, 1.6550e-01, 3.2357e-02],
        [1.6550e-01, 3.2357e-02, 2.1352e-03],
        [3.2357e-02, 2.1352e-03, 7.3562e-06]])
2023-12-09 15:22:24,088 | INFO | hi-lo : END EPOCH:   4 | ACCURACY: 99.48 | LOSS: 0.14839160442352295
2023-12-09 15:22:24,088 | INFO | hi-lo : BEGIN EPOCH 5 =========================================================================
2023-12-09 15:22:24,088 | INFO | hi-lo.kernel-accessor : Fetching kernel: gumbel
2023-12-09 15:22:24,089 | INFO | hi-lo.gumbel-kernel : MU (LOCATION): -0.7185699343681335 | BETA (SCALE): 0.6346525549888611
2023-12-09 15:22:24,090 | INFO | hi-lo.gumbel-kernel : BOTTOM-LEFT
tensor([[0.0000e+00, 0.0000e+00, 0.0000e+00],
        [1.9410e-17, 0.0000e+00, 0.0000e+00],
        [1.0000e+00, 1.9410e-17, 0.0000e+00]])
2023-12-09 15:22:24,090 | INFO | hi-lo.kernel-accessor : Fetching kernel: gumbel
2023-12-09 15:22:24,090 | INFO | hi-lo.gumbel-kernel : MU (LOCATION): -0.5518962740898132 | BETA (SCALE): 0.6976466178894043
2023-12-09 15:22:24,091 | INFO | hi-lo.gumbel-kernel : BOTTOM-LEFT
tensor([[5.2464e-37, 0.0000e+00, 0.0000e+00],
        [4.2731e-08, 5.2464e-37, 0.0000e+00],
        [1.0000e+00, 4.2731e-08, 5.2464e-37]])
2023-12-09 15:22:24,091 | INFO | hi-lo.kernel-accessor : Fetching kernel: gumbel
2023-12-09 15:22:24,091 | INFO | hi-lo.gumbel-kernel : MU (LOCATION): 1 | BETA (SCALE): 1
2023-12-09 15:22:24,092 | INFO | hi-lo.gumbel-kernel : STATIC
tensor([[5.6765e-01, 1.6550e-01, 3.2357e-02],
        [1.6550e-01, 3.2357e-02, 2.1352e-03],
        [3.2357e-02, 2.1352e-03, 7.3562e-06]])
2023-12-09 15:22:24,092 | INFO | hi-lo.kernel-accessor : Fetching kernel: gumbel
2023-12-09 15:22:24,092 | INFO | hi-lo.gumbel-kernel : MU (LOCATION): 1 | BETA (SCALE): 1
2023-12-09 15:22:24,093 | INFO | hi-lo.gumbel-kernel : STATIC
tensor([[5.6765e-01, 1.6550e-01, 3.2357e-02],
        [1.6550e-01, 3.2357e-02, 2.1352e-03],
        [3.2357e-02, 2.1352e-03, 7.3562e-06]])
2023-12-09 15:22:32,210 | INFO | hi-lo : END EPOCH:   5 | ACCURACY: 97.66 | LOSS: 0.039514072239398956
2023-12-09 15:22:32,210 | INFO | hi-lo : BEGIN EPOCH 6 =========================================================================
2023-12-09 15:22:32,210 | INFO | hi-lo.kernel-accessor : Fetching kernel: gumbel
2023-12-09 15:22:32,211 | INFO | hi-lo.gumbel-kernel : MU (LOCATION): -0.7122204899787903 | BETA (SCALE): 0.6459570527076721
2023-12-09 15:22:32,211 | INFO | hi-lo.gumbel-kernel : BOTTOM-RIGHT
tensor([[0.0000e+00, 0.0000e+00, 0.0000e+00],
        [0.0000e+00, 0.0000e+00, 5.5033e-16],
        [0.0000e+00, 5.5033e-16, 1.0000e+00]])
2023-12-09 15:22:32,212 | INFO | hi-lo.kernel-accessor : Fetching kernel: gumbel
2023-12-09 15:22:32,212 | INFO | hi-lo.gumbel-kernel : MU (LOCATION): -0.6058861017227173 | BETA (SCALE): 0.70553058385849
2023-12-09 15:22:32,213 | INFO | hi-lo.gumbel-kernel : BOTTOM-RIGHT
tensor([[0.0000e+00, 0.0000e+00, 9.8361e-41],
        [0.0000e+00, 9.8361e-41, 6.6206e-09],
        [9.8361e-41, 6.6206e-09, 1.0000e+00]])
2023-12-09 15:22:32,213 | INFO | hi-lo.kernel-accessor : Fetching kernel: gumbel
2023-12-09 15:22:32,213 | INFO | hi-lo.gumbel-kernel : MU (LOCATION): -0.6333644390106201 | BETA (SCALE): 1.3476482629776
2023-12-09 15:22:32,214 | INFO | hi-lo.gumbel-kernel : BOTTOM-RIGHT
tensor([[1.4761e-22, 6.6389e-11, 3.4627e-05],
        [6.6389e-11, 3.4627e-05, 2.6946e-02],
        [3.4627e-05, 2.6946e-02, 9.4600e-01]])
2023-12-09 15:22:32,214 | INFO | hi-lo.kernel-accessor : Fetching kernel: gumbel
2023-12-09 15:22:32,215 | INFO | hi-lo.gumbel-kernel : MU (LOCATION): -0.8618098497390747 | BETA (SCALE): 2.0187907218933105
2023-12-09 15:22:32,215 | INFO | hi-lo.gumbel-kernel : BOTTOM-RIGHT
tensor([[4.4759e-08, 5.6985e-05, 5.3925e-03],
        [5.6985e-05, 5.3925e-03, 1.0470e-01],
        [5.3925e-03, 1.0470e-01, 7.7431e-01]])
2023-12-09 15:22:40,335 | INFO | hi-lo : END EPOCH:   6 | ACCURACY: 14.06 | LOSS: nan
2023-12-09 15:22:40,336 | INFO | hi-lo : BEGIN EPOCH 7 =========================================================================
2023-12-09 15:22:40,336 | INFO | hi-lo.kernel-accessor : Fetching kernel: gumbel
2023-12-09 15:22:40,336 | INFO | hi-lo.gumbel-kernel : MU (LOCATION): -0.7310555577278137 | BETA (SCALE): 0.6237552762031555
2023-12-09 15:22:40,337 | INFO | hi-lo.gumbel-kernel : BOTTOM-RIGHT
tensor([[0.0000e+00, 0.0000e+00, 0.0000e+00],
        [0.0000e+00, 0.0000e+00, 2.1751e-19],
        [0.0000e+00, 2.1751e-19, 1.0000e+00]])
2023-12-09 15:22:40,337 | INFO | hi-lo.kernel-accessor : Fetching kernel: gumbel
2023-12-09 15:22:40,338 | INFO | hi-lo.gumbel-kernel : MU (LOCATION): nan | BETA (SCALE): nan
2023-12-09 15:22:40,338 | INFO | hi-lo.gumbel-kernel : BOTTOM-LEFT
tensor([[nan, nan, nan],
        [nan, nan, nan],
        [nan, nan, nan]])
2023-12-09 15:22:40,338 | INFO | hi-lo.kernel-accessor : Fetching kernel: gumbel
2023-12-09 15:22:40,339 | INFO | hi-lo.gumbel-kernel : MU (LOCATION): nan | BETA (SCALE): nan
2023-12-09 15:22:40,339 | INFO | hi-lo.gumbel-kernel : BOTTOM-LEFT
tensor([[nan, nan, nan],
        [nan, nan, nan],
        [nan, nan, nan]])
2023-12-09 15:22:40,339 | INFO | hi-lo.kernel-accessor : Fetching kernel: gumbel
2023-12-09 15:22:40,339 | INFO | hi-lo.gumbel-kernel : MU (LOCATION): nan | BETA (SCALE): nan
2023-12-09 15:22:40,340 | INFO | hi-lo.gumbel-kernel : BOTTOM-LEFT
tensor([[nan, nan, nan],
        [nan, nan, nan],
        [nan, nan, nan]])
2023-12-09 15:22:48,426 | INFO | hi-lo : END EPOCH:   7 | ACCURACY: 12.5 | LOSS: nan
2023-12-09 15:22:48,426 | INFO | hi-lo : BEGIN EPOCH 8 =========================================================================
2023-12-09 15:22:48,427 | INFO | hi-lo.kernel-accessor : Fetching kernel: gumbel
2023-12-09 15:22:48,427 | INFO | hi-lo.gumbel-kernel : MU (LOCATION): -0.7348220348358154 | BETA (SCALE): 0.6193256378173828
2023-12-09 15:22:48,428 | INFO | hi-lo.gumbel-kernel : BOTTOM-LEFT
tensor([[0.0000e+00, 0.0000e+00, 0.0000e+00],
        [3.4527e-20, 0.0000e+00, 0.0000e+00],
        [1.0000e+00, 3.4527e-20, 0.0000e+00]])
2023-12-09 15:22:48,428 | INFO | hi-lo.kernel-accessor : Fetching kernel: gumbel
2023-12-09 15:22:48,428 | INFO | hi-lo.gumbel-kernel : MU (LOCATION): 1 | BETA (SCALE): 1
2023-12-09 15:22:48,429 | INFO | hi-lo.gumbel-kernel : STATIC
tensor([[5.6765e-01, 1.6550e-01, 3.2357e-02],
        [1.6550e-01, 3.2357e-02, 2.1352e-03],
        [3.2357e-02, 2.1352e-03, 7.3562e-06]])
2023-12-09 15:22:48,429 | INFO | hi-lo.kernel-accessor : Fetching kernel: gumbel
2023-12-09 15:22:48,430 | INFO | hi-lo.gumbel-kernel : MU (LOCATION): nan | BETA (SCALE): nan
2023-12-09 15:22:48,430 | INFO | hi-lo.gumbel-kernel : BOTTOM-RIGHT
tensor([[nan, nan, nan],
        [nan, nan, nan],
        [nan, nan, nan]])
2023-12-09 15:22:48,430 | INFO | hi-lo.kernel-accessor : Fetching kernel: gumbel
2023-12-09 15:22:48,431 | INFO | hi-lo.gumbel-kernel : MU (LOCATION): nan | BETA (SCALE): nan
2023-12-09 15:22:48,431 | INFO | hi-lo.gumbel-kernel : BOTTOM-LEFT
tensor([[nan, nan, nan],
        [nan, nan, nan],
        [nan, nan, nan]])
2023-12-09 15:22:56,532 | INFO | hi-lo : END EPOCH:   8 | ACCURACY: 14.06 | LOSS: nan
2023-12-09 15:22:56,532 | INFO | hi-lo : BEGIN EPOCH 9 =========================================================================
2023-12-09 15:22:56,532 | INFO | hi-lo.kernel-accessor : Fetching kernel: gumbel
2023-12-09 15:22:56,533 | INFO | hi-lo.gumbel-kernel : MU (LOCATION): 1 | BETA (SCALE): 1
2023-12-09 15:22:56,534 | INFO | hi-lo.gumbel-kernel : STATIC
tensor([[5.6765e-01, 1.6550e-01, 3.2357e-02],
        [1.6550e-01, 3.2357e-02, 2.1352e-03],
        [3.2357e-02, 2.1352e-03, 7.3562e-06]])
2023-12-09 15:22:56,534 | INFO | hi-lo.kernel-accessor : Fetching kernel: gumbel
2023-12-09 15:22:56,534 | INFO | hi-lo.gumbel-kernel : MU (LOCATION): 1 | BETA (SCALE): 1
2023-12-09 15:22:56,535 | INFO | hi-lo.gumbel-kernel : STATIC
tensor([[5.6765e-01, 1.6550e-01, 3.2357e-02],
        [1.6550e-01, 3.2357e-02, 2.1352e-03],
        [3.2357e-02, 2.1352e-03, 7.3562e-06]])
2023-12-09 15:22:56,535 | INFO | hi-lo.kernel-accessor : Fetching kernel: gumbel
2023-12-09 15:22:56,535 | INFO | hi-lo.gumbel-kernel : MU (LOCATION): nan | BETA (SCALE): nan
2023-12-09 15:22:56,536 | INFO | hi-lo.gumbel-kernel : BOTTOM-LEFT
tensor([[nan, nan, nan],
        [nan, nan, nan],
        [nan, nan, nan]])
2023-12-09 15:22:56,536 | INFO | hi-lo.kernel-accessor : Fetching kernel: gumbel
2023-12-09 15:22:56,536 | INFO | hi-lo.gumbel-kernel : MU (LOCATION): 1 | BETA (SCALE): 1
2023-12-09 15:22:56,537 | INFO | hi-lo.gumbel-kernel : STATIC
tensor([[5.6765e-01, 1.6550e-01, 3.2357e-02],
        [1.6550e-01, 3.2357e-02, 2.1352e-03],
        [3.2357e-02, 2.1352e-03, 7.3562e-06]])
2023-12-09 15:23:04,670 | INFO | hi-lo : END EPOCH:   9 | ACCURACY: 10.38 | LOSS: nan
2023-12-09 15:23:04,670 | INFO | hi-lo : BEGIN EPOCH 10 =========================================================================
2023-12-09 15:23:04,670 | INFO | hi-lo.kernel-accessor : Fetching kernel: gumbel
2023-12-09 15:23:04,671 | INFO | hi-lo.gumbel-kernel : MU (LOCATION): -0.7329487800598145 | BETA (SCALE): 0.6252866387367249
2023-12-09 15:23:04,672 | INFO | hi-lo.gumbel-kernel : BOTTOM-RIGHT
tensor([[0.0000e+00, 0.0000e+00, 0.0000e+00],
        [0.0000e+00, 0.0000e+00, 2.6406e-19],
        [0.0000e+00, 2.6406e-19, 1.0000e+00]])
2023-12-09 15:23:04,672 | INFO | hi-lo.kernel-accessor : Fetching kernel: gumbel
2023-12-09 15:23:04,673 | INFO | hi-lo.gumbel-kernel : MU (LOCATION): nan | BETA (SCALE): nan
2023-12-09 15:23:04,673 | INFO | hi-lo.gumbel-kernel : BOTTOM-LEFT
tensor([[nan, nan, nan],
        [nan, nan, nan],
        [nan, nan, nan]])
2023-12-09 15:23:04,673 | INFO | hi-lo.kernel-accessor : Fetching kernel: gumbel
2023-12-09 15:23:04,673 | INFO | hi-lo.gumbel-kernel : MU (LOCATION): 1 | BETA (SCALE): 1
2023-12-09 15:23:04,674 | INFO | hi-lo.gumbel-kernel : STATIC
tensor([[5.6765e-01, 1.6550e-01, 3.2357e-02],
        [1.6550e-01, 3.2357e-02, 2.1352e-03],
        [3.2357e-02, 2.1352e-03, 7.3562e-06]])
2023-12-09 15:23:04,674 | INFO | hi-lo.kernel-accessor : Fetching kernel: gumbel
2023-12-09 15:23:04,675 | INFO | hi-lo.gumbel-kernel : MU (LOCATION): nan | BETA (SCALE): nan
2023-12-09 15:23:04,675 | INFO | hi-lo.gumbel-kernel : BOTTOM-LEFT
tensor([[nan, nan, nan],
        [nan, nan, nan],
        [nan, nan, nan]])
2023-12-09 15:23:12,828 | INFO | hi-lo : END EPOCH:  10 | ACCURACY: 15.62 | LOSS: nan
2023-12-09 15:23:12,828 | INFO | hi-lo : BEGIN EPOCH 11 =========================================================================
2023-12-09 15:23:12,828 | INFO | hi-lo.kernel-accessor : Fetching kernel: gumbel
2023-12-09 15:23:12,829 | INFO | hi-lo.gumbel-kernel : MU (LOCATION): -0.7425501346588135 | BETA (SCALE): 0.6134749054908752
2023-12-09 15:23:12,829 | INFO | hi-lo.gumbel-kernel : BOTTOM-LEFT
tensor([[0.0000e+00, 0.0000e+00, 0.0000e+00],
        [1.7029e-21, 0.0000e+00, 0.0000e+00],
        [1.0000e+00, 1.7029e-21, 0.0000e+00]])
2023-12-09 15:23:12,829 | INFO | hi-lo.kernel-accessor : Fetching kernel: gumbel
2023-12-09 15:23:12,829 | INFO | hi-lo.gumbel-kernel : MU (LOCATION): 1 | BETA (SCALE): 1
2023-12-09 15:23:12,830 | INFO | hi-lo.gumbel-kernel : STATIC
tensor([[5.6765e-01, 1.6550e-01, 3.2357e-02],
        [1.6550e-01, 3.2357e-02, 2.1352e-03],
        [3.2357e-02, 2.1352e-03, 7.3562e-06]])
2023-12-09 15:23:12,830 | INFO | hi-lo.kernel-accessor : Fetching kernel: gumbel
2023-12-09 15:23:12,830 | INFO | hi-lo.gumbel-kernel : MU (LOCATION): 1 | BETA (SCALE): 1
2023-12-09 15:23:12,830 | INFO | hi-lo.gumbel-kernel : STATIC
tensor([[5.6765e-01, 1.6550e-01, 3.2357e-02],
        [1.6550e-01, 3.2357e-02, 2.1352e-03],
        [3.2357e-02, 2.1352e-03, 7.3562e-06]])
2023-12-09 15:23:12,830 | INFO | hi-lo.kernel-accessor : Fetching kernel: gumbel
2023-12-09 15:23:12,830 | INFO | hi-lo.gumbel-kernel : MU (LOCATION): nan | BETA (SCALE): nan
2023-12-09 15:23:12,831 | INFO | hi-lo.gumbel-kernel : BOTTOM-LEFT
tensor([[nan, nan, nan],
        [nan, nan, nan],
        [nan, nan, nan]])
2023-12-09 15:23:20,951 | INFO | hi-lo : END EPOCH:  11 | ACCURACY: 11.13 | LOSS: nan
2023-12-09 15:23:20,951 | INFO | hi-lo : BEGIN EPOCH 12 =========================================================================
2023-12-09 15:23:20,951 | INFO | hi-lo.kernel-accessor : Fetching kernel: gumbel
2023-12-09 15:23:20,952 | INFO | hi-lo.gumbel-kernel : MU (LOCATION): -0.7309579253196716 | BETA (SCALE): 0.6248789429664612
2023-12-09 15:23:20,953 | INFO | hi-lo.gumbel-kernel : BOTTOM-RIGHT
tensor([[0.0000e+00, 0.0000e+00, 0.0000e+00],
        [0.0000e+00, 0.0000e+00, 3.0504e-19],
        [0.0000e+00, 3.0504e-19, 1.0000e+00]])
2023-12-09 15:23:20,953 | INFO | hi-lo.kernel-accessor : Fetching kernel: gumbel
2023-12-09 15:23:20,953 | INFO | hi-lo.gumbel-kernel : MU (LOCATION): nan | BETA (SCALE): nan
2023-12-09 15:23:20,954 | INFO | hi-lo.gumbel-kernel : BOTTOM-RIGHT
tensor([[nan, nan, nan],
        [nan, nan, nan],
        [nan, nan, nan]])
2023-12-09 15:23:20,954 | INFO | hi-lo.kernel-accessor : Fetching kernel: gumbel
2023-12-09 15:23:20,954 | INFO | hi-lo.gumbel-kernel : MU (LOCATION): 1 | BETA (SCALE): 1
2023-12-09 15:23:20,955 | INFO | hi-lo.gumbel-kernel : STATIC
tensor([[5.6765e-01, 1.6550e-01, 3.2357e-02],
        [1.6550e-01, 3.2357e-02, 2.1352e-03],
        [3.2357e-02, 2.1352e-03, 7.3562e-06]])
2023-12-09 15:23:20,955 | INFO | hi-lo.kernel-accessor : Fetching kernel: gumbel
2023-12-09 15:23:20,955 | INFO | hi-lo.gumbel-kernel : MU (LOCATION): nan | BETA (SCALE): nan
2023-12-09 15:23:20,956 | INFO | hi-lo.gumbel-kernel : BOTTOM-LEFT
tensor([[nan, nan, nan],
        [nan, nan, nan],
        [nan, nan, nan]])
2023-12-09 15:23:29,149 | INFO | hi-lo : END EPOCH:  12 | ACCURACY: 9.82 | LOSS: nan
2023-12-09 15:23:29,149 | INFO | hi-lo : BEGIN EPOCH 13 =========================================================================
2023-12-09 15:23:29,150 | INFO | hi-lo.kernel-accessor : Fetching kernel: gumbel
2023-12-09 15:23:29,150 | INFO | hi-lo.gumbel-kernel : MU (LOCATION): -0.7407231330871582 | BETA (SCALE): 0.6183464527130127
2023-12-09 15:23:29,151 | INFO | hi-lo.gumbel-kernel : BOTTOM-RIGHT
tensor([[0.0000e+00, 0.0000e+00, 0.0000e+00],
        [0.0000e+00, 0.0000e+00, 1.1020e-20],
        [0.0000e+00, 1.1020e-20, 1.0000e+00]])
2023-12-09 15:23:29,151 | INFO | hi-lo.kernel-accessor : Fetching kernel: gumbel
2023-12-09 15:23:29,151 | INFO | hi-lo.gumbel-kernel : MU (LOCATION): 1 | BETA (SCALE): 1
2023-12-09 15:23:29,152 | INFO | hi-lo.gumbel-kernel : STATIC
tensor([[5.6765e-01, 1.6550e-01, 3.2357e-02],
        [1.6550e-01, 3.2357e-02, 2.1352e-03],
        [3.2357e-02, 2.1352e-03, 7.3562e-06]])
2023-12-09 15:23:29,152 | INFO | hi-lo.kernel-accessor : Fetching kernel: gumbel
2023-12-09 15:23:29,152 | INFO | hi-lo.gumbel-kernel : MU (LOCATION): nan | BETA (SCALE): nan
2023-12-09 15:23:29,153 | INFO | hi-lo.gumbel-kernel : BOTTOM-LEFT
tensor([[nan, nan, nan],
        [nan, nan, nan],
        [nan, nan, nan]])
2023-12-09 15:23:29,153 | INFO | hi-lo.kernel-accessor : Fetching kernel: gumbel
2023-12-09 15:23:29,153 | INFO | hi-lo.gumbel-kernel : MU (LOCATION): nan | BETA (SCALE): nan
2023-12-09 15:23:29,154 | INFO | hi-lo.gumbel-kernel : BOTTOM-LEFT
tensor([[nan, nan, nan],
        [nan, nan, nan],
        [nan, nan, nan]])
2023-12-09 15:23:37,336 | INFO | hi-lo : END EPOCH:  13 | ACCURACY: 15.62 | LOSS: nan
2023-12-09 15:23:37,337 | INFO | hi-lo : BEGIN EPOCH 14 =========================================================================
2023-12-09 15:23:37,337 | INFO | hi-lo.kernel-accessor : Fetching kernel: gumbel
2023-12-09 15:23:37,338 | INFO | hi-lo.gumbel-kernel : MU (LOCATION): -0.7563568353652954 | BETA (SCALE): 0.5967998504638672
2023-12-09 15:23:37,338 | INFO | hi-lo.gumbel-kernel : BOTTOM-RIGHT
tensor([[0.0000e+00, 0.0000e+00, 0.0000e+00],
        [0.0000e+00, 0.0000e+00, 3.0777e-25],
        [0.0000e+00, 3.0777e-25, 1.0000e+00]])
2023-12-09 15:23:37,338 | INFO | hi-lo.kernel-accessor : Fetching kernel: gumbel
2023-12-09 15:23:37,339 | INFO | hi-lo.gumbel-kernel : MU (LOCATION): 1 | BETA (SCALE): 1
2023-12-09 15:23:37,339 | INFO | hi-lo.gumbel-kernel : STATIC
tensor([[5.6765e-01, 1.6550e-01, 3.2357e-02],
        [1.6550e-01, 3.2357e-02, 2.1352e-03],
        [3.2357e-02, 2.1352e-03, 7.3562e-06]])
2023-12-09 15:23:37,340 | INFO | hi-lo.kernel-accessor : Fetching kernel: gumbel
2023-12-09 15:23:37,340 | INFO | hi-lo.gumbel-kernel : MU (LOCATION): nan | BETA (SCALE): nan
2023-12-09 15:23:37,340 | INFO | hi-lo.gumbel-kernel : BOTTOM-LEFT
tensor([[nan, nan, nan],
        [nan, nan, nan],
        [nan, nan, nan]])
2023-12-09 15:23:37,340 | INFO | hi-lo.kernel-accessor : Fetching kernel: gumbel
2023-12-09 15:23:37,341 | INFO | hi-lo.gumbel-kernel : MU (LOCATION): 1 | BETA (SCALE): 1
2023-12-09 15:23:37,341 | INFO | hi-lo.gumbel-kernel : STATIC
tensor([[5.6765e-01, 1.6550e-01, 3.2357e-02],
        [1.6550e-01, 3.2357e-02, 2.1352e-03],
        [3.2357e-02, 2.1352e-03, 7.3562e-06]])
2023-12-09 15:23:45,594 | INFO | hi-lo : END EPOCH:  14 | ACCURACY: 12.5 | LOSS: nan
2023-12-09 15:23:45,594 | INFO | hi-lo : BEGIN EPOCH 15 =========================================================================
2023-12-09 15:23:45,594 | INFO | hi-lo.kernel-accessor : Fetching kernel: gumbel
2023-12-09 15:23:45,595 | INFO | hi-lo.gumbel-kernel : MU (LOCATION): -0.7247980833053589 | BETA (SCALE): 0.6312593817710876
2023-12-09 15:23:45,595 | INFO | hi-lo.gumbel-kernel : BOTTOM-RIGHT
tensor([[0.0000e+00, 0.0000e+00, 0.0000e+00],
        [0.0000e+00, 0.0000e+00, 3.8663e-18],
        [0.0000e+00, 3.8663e-18, 1.0000e+00]])
2023-12-09 15:23:45,596 | INFO | hi-lo.kernel-accessor : Fetching kernel: gumbel
2023-12-09 15:23:45,596 | INFO | hi-lo.gumbel-kernel : MU (LOCATION): 1 | BETA (SCALE): 1
2023-12-09 15:23:45,596 | INFO | hi-lo.gumbel-kernel : STATIC
tensor([[5.6765e-01, 1.6550e-01, 3.2357e-02],
        [1.6550e-01, 3.2357e-02, 2.1352e-03],
        [3.2357e-02, 2.1352e-03, 7.3562e-06]])
2023-12-09 15:23:45,597 | INFO | hi-lo.kernel-accessor : Fetching kernel: gumbel
2023-12-09 15:23:45,597 | INFO | hi-lo.gumbel-kernel : MU (LOCATION): nan | BETA (SCALE): nan
2023-12-09 15:23:45,597 | INFO | hi-lo.gumbel-kernel : BOTTOM-LEFT
tensor([[nan, nan, nan],
        [nan, nan, nan],
        [nan, nan, nan]])
2023-12-09 15:23:45,597 | INFO | hi-lo.kernel-accessor : Fetching kernel: gumbel
2023-12-09 15:23:45,598 | INFO | hi-lo.gumbel-kernel : MU (LOCATION): nan | BETA (SCALE): nan
2023-12-09 15:23:45,598 | INFO | hi-lo.gumbel-kernel : BOTTOM-RIGHT
tensor([[nan, nan, nan],
        [nan, nan, nan],
        [nan, nan, nan]])
2023-12-09 15:23:53,851 | INFO | hi-lo : END EPOCH:  15 | ACCURACY: 11.81 | LOSS: nan
2023-12-09 15:23:53,852 | INFO | hi-lo : BEGIN EPOCH 16 =========================================================================
2023-12-09 15:23:53,852 | INFO | hi-lo.kernel-accessor : Fetching kernel: gumbel
2023-12-09 15:23:53,852 | INFO | hi-lo.gumbel-kernel : MU (LOCATION): 1 | BETA (SCALE): 1
2023-12-09 15:23:53,853 | INFO | hi-lo.gumbel-kernel : STATIC
tensor([[5.6765e-01, 1.6550e-01, 3.2357e-02],
        [1.6550e-01, 3.2357e-02, 2.1352e-03],
        [3.2357e-02, 2.1352e-03, 7.3562e-06]])
2023-12-09 15:23:53,853 | INFO | hi-lo.kernel-accessor : Fetching kernel: gumbel
2023-12-09 15:23:53,854 | INFO | hi-lo.gumbel-kernel : MU (LOCATION): nan | BETA (SCALE): nan
2023-12-09 15:23:53,854 | INFO | hi-lo.gumbel-kernel : BOTTOM-RIGHT
tensor([[nan, nan, nan],
        [nan, nan, nan],
        [nan, nan, nan]])
2023-12-09 15:23:53,854 | INFO | hi-lo.kernel-accessor : Fetching kernel: gumbel
2023-12-09 15:23:53,855 | INFO | hi-lo.gumbel-kernel : MU (LOCATION): nan | BETA (SCALE): nan
2023-12-09 15:23:53,855 | INFO | hi-lo.gumbel-kernel : BOTTOM-LEFT
tensor([[nan, nan, nan],
        [nan, nan, nan],
        [nan, nan, nan]])
2023-12-09 15:23:53,855 | INFO | hi-lo.kernel-accessor : Fetching kernel: gumbel
2023-12-09 15:23:53,856 | INFO | hi-lo.gumbel-kernel : MU (LOCATION): nan | BETA (SCALE): nan
2023-12-09 15:23:53,856 | INFO | hi-lo.gumbel-kernel : BOTTOM-LEFT
tensor([[nan, nan, nan],
        [nan, nan, nan],
        [nan, nan, nan]])
2023-12-09 15:24:02,042 | INFO | hi-lo : END EPOCH:  16 | ACCURACY: 10.41 | LOSS: nan
2023-12-09 15:24:02,042 | INFO | hi-lo : BEGIN EPOCH 17 =========================================================================
2023-12-09 15:24:02,042 | INFO | hi-lo.kernel-accessor : Fetching kernel: gumbel
2023-12-09 15:24:02,043 | INFO | hi-lo.gumbel-kernel : MU (LOCATION): 1 | BETA (SCALE): 1
2023-12-09 15:24:02,043 | INFO | hi-lo.gumbel-kernel : STATIC
tensor([[5.6765e-01, 1.6550e-01, 3.2357e-02],
        [1.6550e-01, 3.2357e-02, 2.1352e-03],
        [3.2357e-02, 2.1352e-03, 7.3562e-06]])
2023-12-09 15:24:02,044 | INFO | hi-lo.kernel-accessor : Fetching kernel: gumbel
2023-12-09 15:24:02,044 | INFO | hi-lo.gumbel-kernel : MU (LOCATION): nan | BETA (SCALE): nan
2023-12-09 15:24:02,044 | INFO | hi-lo.gumbel-kernel : BOTTOM-LEFT
tensor([[nan, nan, nan],
        [nan, nan, nan],
        [nan, nan, nan]])
2023-12-09 15:24:02,044 | INFO | hi-lo.kernel-accessor : Fetching kernel: gumbel
2023-12-09 15:24:02,045 | INFO | hi-lo.gumbel-kernel : MU (LOCATION): nan | BETA (SCALE): nan
2023-12-09 15:24:02,045 | INFO | hi-lo.gumbel-kernel : BOTTOM-LEFT
tensor([[nan, nan, nan],
        [nan, nan, nan],
        [nan, nan, nan]])
2023-12-09 15:24:02,045 | INFO | hi-lo.kernel-accessor : Fetching kernel: gumbel
2023-12-09 15:24:02,046 | INFO | hi-lo.gumbel-kernel : MU (LOCATION): nan | BETA (SCALE): nan
2023-12-09 15:24:02,046 | INFO | hi-lo.gumbel-kernel : BOTTOM-RIGHT
tensor([[nan, nan, nan],
        [nan, nan, nan],
        [nan, nan, nan]])
2023-12-09 15:24:10,296 | INFO | hi-lo : END EPOCH:  17 | ACCURACY: 10.94 | LOSS: nan
2023-12-09 15:24:10,296 | INFO | hi-lo : BEGIN EPOCH 18 =========================================================================
2023-12-09 15:24:10,296 | INFO | hi-lo.kernel-accessor : Fetching kernel: gumbel
2023-12-09 15:24:10,297 | INFO | hi-lo.gumbel-kernel : MU (LOCATION): -0.7335052490234375 | BETA (SCALE): 0.6221016645431519
2023-12-09 15:24:10,298 | INFO | hi-lo.gumbel-kernel : BOTTOM-LEFT
tensor([[0.0000e+00, 0.0000e+00, 0.0000e+00],
        [9.6156e-20, 0.0000e+00, 0.0000e+00],
        [1.0000e+00, 9.6156e-20, 0.0000e+00]])
2023-12-09 15:24:10,298 | INFO | hi-lo.kernel-accessor : Fetching kernel: gumbel
2023-12-09 15:24:10,298 | INFO | hi-lo.gumbel-kernel : MU (LOCATION): 1 | BETA (SCALE): 1
2023-12-09 15:24:10,299 | INFO | hi-lo.gumbel-kernel : STATIC
tensor([[5.6765e-01, 1.6550e-01, 3.2357e-02],
        [1.6550e-01, 3.2357e-02, 2.1352e-03],
        [3.2357e-02, 2.1352e-03, 7.3562e-06]])
2023-12-09 15:24:10,299 | INFO | hi-lo.kernel-accessor : Fetching kernel: gumbel
2023-12-09 15:24:10,299 | INFO | hi-lo.gumbel-kernel : MU (LOCATION): 1 | BETA (SCALE): 1
2023-12-09 15:24:10,300 | INFO | hi-lo.gumbel-kernel : STATIC
tensor([[5.6765e-01, 1.6550e-01, 3.2357e-02],
        [1.6550e-01, 3.2357e-02, 2.1352e-03],
        [3.2357e-02, 2.1352e-03, 7.3562e-06]])
2023-12-09 15:24:10,300 | INFO | hi-lo.kernel-accessor : Fetching kernel: gumbel
2023-12-09 15:24:10,300 | INFO | hi-lo.gumbel-kernel : MU (LOCATION): 1 | BETA (SCALE): 1
2023-12-09 15:24:10,301 | INFO | hi-lo.gumbel-kernel : STATIC
tensor([[5.6765e-01, 1.6550e-01, 3.2357e-02],
        [1.6550e-01, 3.2357e-02, 2.1352e-03],
        [3.2357e-02, 2.1352e-03, 7.3562e-06]])
2023-12-09 15:24:18,737 | INFO | hi-lo : END EPOCH:  18 | ACCURACY: 12.5 | LOSS: nan
2023-12-09 15:24:18,737 | INFO | hi-lo : BEGIN EPOCH 19 =========================================================================
2023-12-09 15:24:18,738 | INFO | hi-lo.kernel-accessor : Fetching kernel: gumbel
2023-12-09 15:24:18,738 | INFO | hi-lo.gumbel-kernel : MU (LOCATION): 1 | BETA (SCALE): 1
2023-12-09 15:24:18,739 | INFO | hi-lo.gumbel-kernel : STATIC
tensor([[5.6765e-01, 1.6550e-01, 3.2357e-02],
        [1.6550e-01, 3.2357e-02, 2.1352e-03],
        [3.2357e-02, 2.1352e-03, 7.3562e-06]])
2023-12-09 15:24:18,739 | INFO | hi-lo.kernel-accessor : Fetching kernel: gumbel
2023-12-09 15:24:18,740 | INFO | hi-lo.gumbel-kernel : MU (LOCATION): nan | BETA (SCALE): nan
2023-12-09 15:24:18,740 | INFO | hi-lo.gumbel-kernel : BOTTOM-RIGHT
tensor([[nan, nan, nan],
        [nan, nan, nan],
        [nan, nan, nan]])
2023-12-09 15:24:18,740 | INFO | hi-lo.kernel-accessor : Fetching kernel: gumbel
2023-12-09 15:24:18,741 | INFO | hi-lo.gumbel-kernel : MU (LOCATION): nan | BETA (SCALE): nan
2023-12-09 15:24:18,741 | INFO | hi-lo.gumbel-kernel : BOTTOM-LEFT
tensor([[nan, nan, nan],
        [nan, nan, nan],
        [nan, nan, nan]])
2023-12-09 15:24:18,741 | INFO | hi-lo.kernel-accessor : Fetching kernel: gumbel
2023-12-09 15:24:18,742 | INFO | hi-lo.gumbel-kernel : MU (LOCATION): nan | BETA (SCALE): nan
2023-12-09 15:24:18,742 | INFO | hi-lo.gumbel-kernel : BOTTOM-LEFT
tensor([[nan, nan, nan],
        [nan, nan, nan],
        [nan, nan, nan]])
2023-12-09 15:24:27,039 | INFO | hi-lo : END EPOCH:  19 | ACCURACY: 11.98 | LOSS: nan
2023-12-09 15:24:27,039 | INFO | hi-lo : BEGIN EPOCH 20 =========================================================================
2023-12-09 15:24:27,039 | INFO | hi-lo.kernel-accessor : Fetching kernel: gumbel
2023-12-09 15:24:27,040 | INFO | hi-lo.gumbel-kernel : MU (LOCATION): -0.7509753704071045 | BETA (SCALE): 0.6042448282241821
2023-12-09 15:24:27,040 | INFO | hi-lo.gumbel-kernel : BOTTOM-LEFT
tensor([[0.0000e+00, 0.0000e+00, 0.0000e+00],
        [1.6025e-23, 0.0000e+00, 0.0000e+00],
        [1.0000e+00, 1.6025e-23, 0.0000e+00]])
2023-12-09 15:24:27,040 | INFO | hi-lo.kernel-accessor : Fetching kernel: gumbel
2023-12-09 15:24:27,041 | INFO | hi-lo.gumbel-kernel : MU (LOCATION): 1 | BETA (SCALE): 1
2023-12-09 15:24:27,041 | INFO | hi-lo.gumbel-kernel : STATIC
tensor([[5.6765e-01, 1.6550e-01, 3.2357e-02],
        [1.6550e-01, 3.2357e-02, 2.1352e-03],
        [3.2357e-02, 2.1352e-03, 7.3562e-06]])
2023-12-09 15:24:27,041 | INFO | hi-lo.kernel-accessor : Fetching kernel: gumbel
2023-12-09 15:24:27,042 | INFO | hi-lo.gumbel-kernel : MU (LOCATION): nan | BETA (SCALE): nan
2023-12-09 15:24:27,042 | INFO | hi-lo.gumbel-kernel : BOTTOM-RIGHT
tensor([[nan, nan, nan],
        [nan, nan, nan],
        [nan, nan, nan]])
2023-12-09 15:24:27,042 | INFO | hi-lo.kernel-accessor : Fetching kernel: gumbel
2023-12-09 15:24:27,043 | INFO | hi-lo.gumbel-kernel : MU (LOCATION): 1 | BETA (SCALE): 1
2023-12-09 15:24:27,043 | INFO | hi-lo.gumbel-kernel : STATIC
tensor([[5.6765e-01, 1.6550e-01, 3.2357e-02],
        [1.6550e-01, 3.2357e-02, 2.1352e-03],
        [3.2357e-02, 2.1352e-03, 7.3562e-06]])
2023-12-09 15:24:35,621 | INFO | hi-lo : END EPOCH:  20 | ACCURACY: 11.54 | LOSS: nan
2023-12-09 15:24:35,621 | INFO | hi-lo : BEGIN EPOCH 21 =========================================================================
2023-12-09 15:24:35,622 | INFO | hi-lo.kernel-accessor : Fetching kernel: gumbel
2023-12-09 15:24:35,622 | INFO | hi-lo.gumbel-kernel : MU (LOCATION): -0.7271589636802673 | BETA (SCALE): 0.6269388198852539
2023-12-09 15:24:35,623 | INFO | hi-lo.gumbel-kernel : BOTTOM-RIGHT
tensor([[0.0000e+00, 0.0000e+00, 0.0000e+00],
        [0.0000e+00, 0.0000e+00, 8.9310e-19],
        [0.0000e+00, 8.9310e-19, 1.0000e+00]])
2023-12-09 15:24:35,623 | INFO | hi-lo.kernel-accessor : Fetching kernel: gumbel
2023-12-09 15:24:35,624 | INFO | hi-lo.gumbel-kernel : MU (LOCATION): 1 | BETA (SCALE): 1
2023-12-09 15:24:35,624 | INFO | hi-lo.gumbel-kernel : STATIC
tensor([[5.6765e-01, 1.6550e-01, 3.2357e-02],
        [1.6550e-01, 3.2357e-02, 2.1352e-03],
        [3.2357e-02, 2.1352e-03, 7.3562e-06]])
2023-12-09 15:24:35,624 | INFO | hi-lo.kernel-accessor : Fetching kernel: gumbel
2023-12-09 15:24:35,625 | INFO | hi-lo.gumbel-kernel : MU (LOCATION): nan | BETA (SCALE): nan
2023-12-09 15:24:35,625 | INFO | hi-lo.gumbel-kernel : BOTTOM-RIGHT
tensor([[nan, nan, nan],
        [nan, nan, nan],
        [nan, nan, nan]])
2023-12-09 15:24:35,625 | INFO | hi-lo.kernel-accessor : Fetching kernel: gumbel
2023-12-09 15:24:35,626 | INFO | hi-lo.gumbel-kernel : MU (LOCATION): nan | BETA (SCALE): nan
2023-12-09 15:24:35,626 | INFO | hi-lo.gumbel-kernel : BOTTOM-LEFT
tensor([[nan, nan, nan],
        [nan, nan, nan],
        [nan, nan, nan]])
2023-12-09 15:24:44,179 | INFO | hi-lo : END EPOCH:  21 | ACCURACY: 14.06 | LOSS: nan
2023-12-09 15:24:44,179 | INFO | hi-lo : BEGIN EPOCH 22 =========================================================================
2023-12-09 15:24:44,179 | INFO | hi-lo.kernel-accessor : Fetching kernel: gumbel
2023-12-09 15:24:44,180 | INFO | hi-lo.gumbel-kernel : MU (LOCATION): -0.7359525561332703 | BETA (SCALE): 0.6175145506858826
2023-12-09 15:24:44,181 | INFO | hi-lo.gumbel-kernel : BOTTOM-RIGHT
tensor([[0.0000e+00, 0.0000e+00, 0.0000e+00],
        [0.0000e+00, 0.0000e+00, 1.6727e-20],
        [0.0000e+00, 1.6727e-20, 1.0000e+00]])
2023-12-09 15:24:44,181 | INFO | hi-lo.kernel-accessor : Fetching kernel: gumbel
2023-12-09 15:24:44,181 | INFO | hi-lo.gumbel-kernel : MU (LOCATION): nan | BETA (SCALE): nan
2023-12-09 15:24:44,182 | INFO | hi-lo.gumbel-kernel : BOTTOM-RIGHT
tensor([[nan, nan, nan],
        [nan, nan, nan],
        [nan, nan, nan]])
2023-12-09 15:24:44,182 | INFO | hi-lo.kernel-accessor : Fetching kernel: gumbel
2023-12-09 15:24:44,182 | INFO | hi-lo.gumbel-kernel : MU (LOCATION): nan | BETA (SCALE): nan
2023-12-09 15:24:44,183 | INFO | hi-lo.gumbel-kernel : BOTTOM-LEFT
tensor([[nan, nan, nan],
        [nan, nan, nan],
        [nan, nan, nan]])
2023-12-09 15:24:44,183 | INFO | hi-lo.kernel-accessor : Fetching kernel: gumbel
2023-12-09 15:24:44,183 | INFO | hi-lo.gumbel-kernel : MU (LOCATION): nan | BETA (SCALE): nan
2023-12-09 15:24:44,183 | INFO | hi-lo.gumbel-kernel : BOTTOM-LEFT
tensor([[nan, nan, nan],
        [nan, nan, nan],
        [nan, nan, nan]])
2023-12-09 15:24:52,495 | INFO | hi-lo : END EPOCH:  22 | ACCURACY: 9.83 | LOSS: nan
2023-12-09 15:24:52,495 | INFO | hi-lo : BEGIN EPOCH 23 =========================================================================
2023-12-09 15:24:52,495 | INFO | hi-lo.kernel-accessor : Fetching kernel: gumbel
2023-12-09 15:24:52,496 | INFO | hi-lo.gumbel-kernel : MU (LOCATION): -0.6992078423500061 | BETA (SCALE): 0.6574134230613708
2023-12-09 15:24:52,497 | INFO | hi-lo.gumbel-kernel : BOTTOM-RIGHT
tensor([[0.0000e+00, 0.0000e+00, 0.0000e+00],
        [0.0000e+00, 0.0000e+00, 2.0101e-14],
        [0.0000e+00, 2.0101e-14, 1.0000e+00]])
2023-12-09 15:24:52,497 | INFO | hi-lo.kernel-accessor : Fetching kernel: gumbel
2023-12-09 15:24:52,497 | INFO | hi-lo.gumbel-kernel : MU (LOCATION): nan | BETA (SCALE): nan
2023-12-09 15:24:52,497 | INFO | hi-lo.gumbel-kernel : BOTTOM-RIGHT
tensor([[nan, nan, nan],
        [nan, nan, nan],
        [nan, nan, nan]])
2023-12-09 15:24:52,498 | INFO | hi-lo.kernel-accessor : Fetching kernel: gumbel
2023-12-09 15:24:52,498 | INFO | hi-lo.gumbel-kernel : MU (LOCATION): nan | BETA (SCALE): nan
2023-12-09 15:24:52,498 | INFO | hi-lo.gumbel-kernel : BOTTOM-RIGHT
