2023-10-26 02:19:33,253 | INFO | hi-lo : 
+=========================================================================+
|  ______     ______   ______    ___         ___        ______   _______  |
| /| ___ \  // ____ \ /| ___ \  /| |        /| |      // ____ \ /| ___  \ |
| /| |//\ \ /| |//| | /| |//\ \ /| |        /| |      /| |//| | /| |//| | |
| /| | /| | /| ____ | /| | /| | /| |        /| |      /| ____ | /| ___  / |
| /| |_// / /| |//| | /| |_// / /| |____    /| |____  /| |//| | /| |//\ \ |
| /|_____/  /|_| /|_| /|_____/  /|______|   /|______| /|_| /|_| /|______/ |
| ///////   ///  ///  //////    ////////    ////////  ///  ///  ////////  |
+=========================================================================+
|                  Hi-Lo Resolution Image Classification                  |
|                  -------------------------------------                  |
|                            Gabriel C. Trahan                            |
|                               Sahan Ahmad                               |
|                            MD  Aminual Islam                            |
+=========================================================================+
| MODEL:                      normal | LR:                            0.1 |
| DISTRO:                     gumbel | KERNEL TYPE:                    14 |
| DATASET:                  imagenet | BATCH SIZE:                     64 |
+=========================================================================+
2023-10-26 02:19:33,254 | INFO | hi-lo : Output directory: output/gumbel//14/normal/imagenet/20231026_021933
2023-10-26 02:19:33,254 | INFO | hi-lo.dataset-accessor : Fetching dataset: imagenet
2023-10-26 02:19:33,254 | INFO | hi-lo.imagenet-dataset : Initializing transform.
2023-10-26 02:19:33,254 | INFO | hi-lo.imagenet-dataset : Verifying/downloading train data.
2023-10-26 02:19:36,353 | INFO | hi-lo.imagenet-dataset : Verifying/downloading test data.
2023-10-26 02:19:36,385 | INFO | hi-lo.imagenet-dataset : Creating train data loader.
2023-10-26 02:19:36,386 | INFO | hi-lo.imagenet-dataset : Creating test data loader.
2023-10-26 02:19:37,390 | INFO | hi-lo : Using device: NVIDIA GeForce GTX 1060 6GB
2023-10-26 02:19:37,391 | INFO | hi-lo : Commencing training phase...
2023-10-26 02:19:37,391 | INFO | hi-lo : BEGIN EPOCH 1 =========================================================================
2023-10-26 02:19:37,391 | INFO | hi-lo.kernel-accessor : Fetching kernel: gumbel
2023-10-26 02:19:37,392 | INFO | hi-lo.gumbel-kernel : MU (LOCATION): 0.0 | BETA (SCALE): 1.0
2023-10-26 02:19:37,393 | INFO | hi-lo.gumbel-kernel : BOTTOM-LEFT
tensor([[2.0072e-04, 2.2609e-10, 8.5377e-26],
        [5.8259e-02, 2.0072e-04, 2.2609e-10],
        [8.8288e-01, 5.8259e-02, 2.0072e-04]])
2023-10-26 02:19:37,393 | INFO | hi-lo.kernel-accessor : Fetching kernel: gumbel
2023-10-26 02:19:37,393 | INFO | hi-lo.gumbel-kernel : MU (LOCATION): 0.0 | BETA (SCALE): 1.0
2023-10-26 02:19:37,393 | INFO | hi-lo.gumbel-kernel : TOP-RIGHT
tensor([[2.0072e-04, 5.8259e-02, 8.8288e-01],
        [2.2609e-10, 2.0072e-04, 5.8259e-02],
        [8.5377e-26, 2.2609e-10, 2.0072e-04]])
2023-10-26 02:19:37,393 | INFO | hi-lo.kernel-accessor : Fetching kernel: gumbel
2023-10-26 02:19:37,394 | INFO | hi-lo.gumbel-kernel : MU (LOCATION): 0.0 | BETA (SCALE): 1.0
2023-10-26 02:19:37,394 | INFO | hi-lo.gumbel-kernel : BOTTOM-LEFT
tensor([[2.0072e-04, 2.2609e-10, 8.5377e-26],
        [5.8259e-02, 2.0072e-04, 2.2609e-10],
        [8.8288e-01, 5.8259e-02, 2.0072e-04]])
2023-10-26 02:19:37,394 | INFO | hi-lo.kernel-accessor : Fetching kernel: gumbel
2023-10-26 02:19:37,394 | INFO | hi-lo.gumbel-kernel : MU (LOCATION): 0.0 | BETA (SCALE): 1.0
2023-10-26 02:19:37,394 | INFO | hi-lo.gumbel-kernel : BOTTOM-LEFT
tensor([[2.0072e-04, 2.2609e-10, 8.5377e-26],
        [5.8259e-02, 2.0072e-04, 2.2609e-10],
        [8.8288e-01, 5.8259e-02, 2.0072e-04]])
2023-10-26 02:20:02,057 | INFO | hi-lo : END EPOCH:   1 | ACCURACY: 3.12 | LOSS: 4.778944969177246
2023-10-26 02:20:02,057 | INFO | hi-lo : BEGIN EPOCH 2 =========================================================================
2023-10-26 02:20:02,057 | INFO | hi-lo.kernel-accessor : Fetching kernel: gumbel
2023-10-26 02:20:02,058 | INFO | hi-lo.gumbel-kernel : MU (LOCATION): 1 | BETA (SCALE): 1
2023-10-26 02:20:02,058 | INFO | hi-lo.gumbel-kernel : STATIC
tensor([[5.6765e-01, 1.6550e-01, 3.2357e-02],
        [1.6550e-01, 3.2357e-02, 2.1352e-03],
        [3.2357e-02, 2.1352e-03, 7.3562e-06]])
2023-10-26 02:20:02,059 | INFO | hi-lo.kernel-accessor : Fetching kernel: gumbel
2023-10-26 02:20:02,059 | INFO | hi-lo.gumbel-kernel : MU (LOCATION): -0.41820552945137024 | BETA (SCALE): 0.7079241871833801
2023-10-26 02:20:02,059 | INFO | hi-lo.gumbel-kernel : TOP-RIGHT
tensor([[2.0817e-24, 9.7563e-06, 9.9998e-01],
        [0.0000e+00, 2.0817e-24, 9.7563e-06],
        [0.0000e+00, 0.0000e+00, 2.0817e-24]])
2023-10-26 02:20:02,060 | INFO | hi-lo.kernel-accessor : Fetching kernel: gumbel
2023-10-26 02:20:02,060 | INFO | hi-lo.gumbel-kernel : MU (LOCATION): -0.5570812225341797 | BETA (SCALE): 0.8834980130195618
2023-10-26 02:20:02,060 | INFO | hi-lo.gumbel-kernel : TOP-RIGHT
tensor([[6.4018e-15, 1.9380e-04, 9.9961e-01],
        [0.0000e+00, 6.4018e-15, 1.9380e-04],
        [0.0000e+00, 0.0000e+00, 6.4018e-15]])
2023-10-26 02:20:02,061 | INFO | hi-lo.kernel-accessor : Fetching kernel: gumbel
2023-10-26 02:20:02,061 | INFO | hi-lo.gumbel-kernel : MU (LOCATION): -0.5462262630462646 | BETA (SCALE): 1.045889973640442
2023-10-26 02:20:02,061 | INFO | hi-lo.gumbel-kernel : TOP-RIGHT
tensor([[1.1126e-08, 4.0220e-03, 9.9196e-01],
        [1.7844e-22, 1.1126e-08, 4.0220e-03],
        [0.0000e+00, 1.7844e-22, 1.1126e-08]])
2023-10-26 02:20:26,038 | INFO | hi-lo : END EPOCH:   2 | ACCURACY: 1.04 | LOSS: 4.790404319763184
2023-10-26 02:20:26,038 | INFO | hi-lo : BEGIN EPOCH 3 =========================================================================
2023-10-26 02:20:26,038 | INFO | hi-lo.kernel-accessor : Fetching kernel: gumbel
2023-10-26 02:20:26,038 | INFO | hi-lo.gumbel-kernel : MU (LOCATION): -0.08685405552387238 | BETA (SCALE): 0.4857517182826996
2023-10-26 02:20:26,039 | INFO | hi-lo.gumbel-kernel : BOTTOM-LEFT
tensor([[5.0885e-40, 0.0000e+00, 0.0000e+00],
        [7.2625e-06, 5.0882e-40, 0.0000e+00],
        [9.9999e-01, 7.2625e-06, 5.0885e-40]])
2023-10-26 02:20:26,039 | INFO | hi-lo.kernel-accessor : Fetching kernel: gumbel
2023-10-26 02:20:26,039 | INFO | hi-lo.gumbel-kernel : MU (LOCATION): -0.5195572972297668 | BETA (SCALE): 0.7423084378242493
2023-10-26 02:20:26,039 | INFO | hi-lo.gumbel-kernel : BOTTOM-LEFT
tensor([[3.4548e-26, 0.0000e+00, 0.0000e+00],
        [2.5276e-06, 3.4548e-26, 0.0000e+00],
        [9.9999e-01, 2.5276e-06, 3.4548e-26]])
2023-10-26 02:20:26,039 | INFO | hi-lo.kernel-accessor : Fetching kernel: gumbel
2023-10-26 02:20:26,040 | INFO | hi-lo.gumbel-kernel : MU (LOCATION): -1.067081093788147 | BETA (SCALE): 1.2130308151245117
2023-10-26 02:20:26,040 | INFO | hi-lo.gumbel-kernel : TOP-RIGHT
tensor([[4.8642e-12, 2.5793e-04, 9.9948e-01],
        [3.3882e-29, 4.8642e-12, 2.5793e-04],
        [0.0000e+00, 3.3882e-29, 4.8642e-12]])
2023-10-26 02:20:26,040 | INFO | hi-lo.kernel-accessor : Fetching kernel: gumbel
2023-10-26 02:20:26,040 | INFO | hi-lo.gumbel-kernel : MU (LOCATION): 1 | BETA (SCALE): 1
2023-10-26 02:20:26,040 | INFO | hi-lo.gumbel-kernel : STATIC
tensor([[5.6765e-01, 1.6550e-01, 3.2357e-02],
        [1.6550e-01, 3.2357e-02, 2.1352e-03],
        [3.2357e-02, 2.1352e-03, 7.3562e-06]])
2023-10-26 02:20:49,965 | INFO | hi-lo : END EPOCH:   3 | ACCURACY: 0.25 | LOSS: 4.0395660400390625
2023-10-26 02:20:49,965 | INFO | hi-lo : BEGIN EPOCH 4 =========================================================================
2023-10-26 02:20:49,965 | INFO | hi-lo.kernel-accessor : Fetching kernel: gumbel
2023-10-26 02:20:49,966 | INFO | hi-lo.gumbel-kernel : MU (LOCATION): -0.21302387118339539 | BETA (SCALE): 0.485906720161438
2023-10-26 02:20:49,966 | INFO | hi-lo.gumbel-kernel : BOTTOM-RIGHT
tensor([[0.0000e+00, 0.0000e+00, 0.0000e+00],
        [0.0000e+00, 0.0000e+00, 9.4915e-09],
        [0.0000e+00, 9.4915e-09, 1.0000e+00]])
2023-10-26 02:20:49,967 | INFO | hi-lo.kernel-accessor : Fetching kernel: gumbel
2023-10-26 02:20:49,967 | INFO | hi-lo.gumbel-kernel : MU (LOCATION): -0.6439582705497742 | BETA (SCALE): 0.8061245083808899
2023-10-26 02:20:49,967 | INFO | hi-lo.gumbel-kernel : BOTTOM-RIGHT
tensor([[0.0000e+00, 0.0000e+00, 2.6069e-25],
        [0.0000e+00, 2.6069e-25, 1.5404e-06],
        [2.6069e-25, 1.5404e-06, 1.0000e+00]])
2023-10-26 02:20:49,968 | INFO | hi-lo.kernel-accessor : Fetching kernel: gumbel
2023-10-26 02:20:49,968 | INFO | hi-lo.gumbel-kernel : MU (LOCATION): -1.2627787590026855 | BETA (SCALE): 1.6253496408462524
2023-10-26 02:20:49,968 | INFO | hi-lo.gumbel-kernel : BOTTOM-LEFT
tensor([[3.0223e-06, 1.7216e-12, 8.1314e-24],
        [9.5114e-03, 3.0223e-06, 1.7216e-12],
        [9.8097e-01, 9.5114e-03, 3.0223e-06]])
2023-10-26 02:20:49,969 | INFO | hi-lo.kernel-accessor : Fetching kernel: gumbel
2023-10-26 02:20:49,969 | INFO | hi-lo.gumbel-kernel : MU (LOCATION): -0.890472412109375 | BETA (SCALE): 1.102772831916809
2023-10-26 02:20:49,969 | INFO | hi-lo.gumbel-kernel : BOTTOM-LEFT
tensor([[1.0119e-12, 6.9435e-33, 0.0000e+00],
        [2.4112e-04, 1.0119e-12, 6.9435e-33],
        [9.9952e-01, 2.4112e-04, 1.0119e-12]])
2023-10-26 02:21:14,013 | INFO | hi-lo : END EPOCH:   4 | ACCURACY: 1.25 | LOSS: 4.723849296569824
2023-10-26 02:21:14,013 | INFO | hi-lo : BEGIN EPOCH 5 =========================================================================
2023-10-26 02:21:14,013 | INFO | hi-lo.kernel-accessor : Fetching kernel: gumbel
2023-10-26 02:21:14,014 | INFO | hi-lo.gumbel-kernel : MU (LOCATION): -0.07610245048999786 | BETA (SCALE): 0.5176382064819336
2023-10-26 02:21:14,014 | INFO | hi-lo.gumbel-kernel : BOTTOM-LEFT
tensor([[1.3856e-29, 0.0000e+00, 0.0000e+00],
        [5.2651e-05, 1.3856e-29, 0.0000e+00],
        [9.9989e-01, 5.2651e-05, 1.3856e-29]])
2023-10-26 02:21:14,014 | INFO | hi-lo.kernel-accessor : Fetching kernel: gumbel
2023-10-26 02:21:14,014 | INFO | hi-lo.gumbel-kernel : MU (LOCATION): -0.7810655832290649 | BETA (SCALE): 0.859935998916626
2023-10-26 02:21:14,015 | INFO | hi-lo.gumbel-kernel : BOTTOM-LEFT
tensor([[2.1031e-26, 0.0000e+00, 0.0000e+00],
        [4.1747e-07, 2.1031e-26, 0.0000e+00],
        [1.0000e+00, 4.1747e-07, 2.1031e-26]])
2023-10-26 02:21:14,015 | INFO | hi-lo.kernel-accessor : Fetching kernel: gumbel
2023-10-26 02:21:14,015 | INFO | hi-lo.gumbel-kernel : MU (LOCATION): -1.1018297672271729 | BETA (SCALE): 1.36090886592865
2023-10-26 02:21:14,015 | INFO | hi-lo.gumbel-kernel : TOP-LEFT
tensor([[9.9601e-01, 1.9939e-03, 1.0453e-08],
        [1.9939e-03, 1.0453e-08, 2.2669e-19],
        [1.0453e-08, 2.2669e-19, 2.9908e-41]])
2023-10-26 02:21:14,015 | INFO | hi-lo.kernel-accessor : Fetching kernel: gumbel
2023-10-26 02:21:14,015 | INFO | hi-lo.gumbel-kernel : MU (LOCATION): -1.123113751411438 | BETA (SCALE): 1.2679657936096191
2023-10-26 02:21:14,016 | INFO | hi-lo.gumbel-kernel : BOTTOM-RIGHT
tensor([[0.0000e+00, 2.0819e-26, 3.1904e-11],
        [2.0819e-26, 3.1904e-11, 3.9058e-04],
        [3.1904e-11, 3.9058e-04, 9.9922e-01]])
2023-10-26 02:21:38,087 | INFO | hi-lo : END EPOCH:   5 | ACCURACY: 1.56 | LOSS: 4.386895656585693
2023-10-26 02:21:38,088 | INFO | hi-lo : BEGIN EPOCH 6 =========================================================================
2023-10-26 02:21:38,088 | INFO | hi-lo.kernel-accessor : Fetching kernel: gumbel
2023-10-26 02:21:38,088 | INFO | hi-lo.gumbel-kernel : MU (LOCATION): -0.19215941429138184 | BETA (SCALE): 0.5089423656463623
2023-10-26 02:21:38,089 | INFO | hi-lo.gumbel-kernel : TOP-LEFT
tensor([[1.0000e+00, 3.0070e-07, 0.0000e+00],
        [3.0070e-07, 0.0000e+00, 0.0000e+00],
        [0.0000e+00, 0.0000e+00, 0.0000e+00]])
2023-10-26 02:21:38,089 | INFO | hi-lo.kernel-accessor : Fetching kernel: gumbel
2023-10-26 02:21:38,090 | INFO | hi-lo.gumbel-kernel : MU (LOCATION): -0.7658988237380981 | BETA (SCALE): 0.8233129382133484
2023-10-26 02:21:38,090 | INFO | hi-lo.gumbel-kernel : TOP-RIGHT
tensor([[1.1366e-30, 7.2458e-08, 1.0000e+00],
        [0.0000e+00, 1.1366e-30, 7.2458e-08],
        [0.0000e+00, 0.0000e+00, 1.1366e-30]])
2023-10-26 02:21:38,090 | INFO | hi-lo.kernel-accessor : Fetching kernel: gumbel
2023-10-26 02:21:38,091 | INFO | hi-lo.gumbel-kernel : MU (LOCATION): -1.275945782661438 | BETA (SCALE): 1.5357694625854492
2023-10-26 02:21:38,091 | INFO | hi-lo.gumbel-kernel : BOTTOM-LEFT
tensor([[2.0174e-07, 1.9970e-15, 1.6204e-30],
        [4.1118e-03, 2.0174e-07, 1.9970e-15],
        [9.9178e-01, 4.1118e-03, 2.0174e-07]])
2023-10-26 02:21:38,091 | INFO | hi-lo.kernel-accessor : Fetching kernel: gumbel
2023-10-26 02:21:38,092 | INFO | hi-lo.gumbel-kernel : MU (LOCATION): -1.020514965057373 | BETA (SCALE): 1.1492619514465332
2023-10-26 02:21:38,092 | INFO | hi-lo.gumbel-kernel : TOP-LEFT
tensor([[9.9977e-01, 1.1587e-04, 1.5571e-13],
        [1.1587e-04, 1.5571e-13, 3.4523e-34],
        [1.5571e-13, 3.4523e-34, 0.0000e+00]])
2023-10-26 02:22:02,115 | INFO | hi-lo : END EPOCH:   6 | ACCURACY: 4.69 | LOSS: 4.681212902069092
2023-10-26 02:22:02,115 | INFO | hi-lo : BEGIN EPOCH 7 =========================================================================
2023-10-26 02:22:02,116 | INFO | hi-lo.kernel-accessor : Fetching kernel: gumbel
2023-10-26 02:22:02,116 | INFO | hi-lo.gumbel-kernel : MU (LOCATION): -0.09784453362226486 | BETA (SCALE): 0.4823923408985138
2023-10-26 02:22:02,117 | INFO | hi-lo.gumbel-kernel : BOTTOM-LEFT
tensor([[4.8205e-43, 0.0000e+00, 0.0000e+00],
        [3.7340e-06, 4.8205e-43, 0.0000e+00],
        [9.9999e-01, 3.7340e-06, 4.8205e-43]])
2023-10-26 02:22:02,117 | INFO | hi-lo.kernel-accessor : Fetching kernel: gumbel
2023-10-26 02:22:02,117 | INFO | hi-lo.gumbel-kernel : MU (LOCATION): -0.7736239433288574 | BETA (SCALE): 0.918295681476593
2023-10-26 02:22:02,118 | INFO | hi-lo.gumbel-kernel : BOTTOM-RIGHT
tensor([[0.0000e+00, 0.0000e+00, 5.2825e-20],
        [0.0000e+00, 5.2825e-20, 8.1476e-06],
        [5.2825e-20, 8.1476e-06, 9.9998e-01]])
2023-10-26 02:22:02,118 | INFO | hi-lo.kernel-accessor : Fetching kernel: gumbel
2023-10-26 02:22:02,118 | INFO | hi-lo.gumbel-kernel : MU (LOCATION): -1.1920607089996338 | BETA (SCALE): 1.434639811515808
2023-10-26 02:22:02,119 | INFO | hi-lo.gumbel-kernel : BOTTOM-LEFT
tensor([[2.8583e-08, 7.1923e-18, 7.7375e-37],
        [2.4493e-03, 2.8583e-08, 7.1923e-18],
        [9.9510e-01, 2.4493e-03, 2.8583e-08]])
2023-10-26 02:22:02,119 | INFO | hi-lo.kernel-accessor : Fetching kernel: gumbel
2023-10-26 02:22:02,119 | INFO | hi-lo.gumbel-kernel : MU (LOCATION): -1.0520408153533936 | BETA (SCALE): 1.2058511972427368
2023-10-26 02:22:02,120 | INFO | hi-lo.gumbel-kernel : BOTTOM-LEFT
tensor([[5.0981e-12, 3.0178e-29, 0.0000e+00],
        [2.6784e-04, 5.0981e-12, 3.0178e-29],
        [9.9946e-01, 2.6784e-04, 5.0981e-12]])
2023-10-26 02:22:26,174 | INFO | hi-lo : END EPOCH:   7 | ACCURACY: 0.52 | LOSS: 4.489638805389404
2023-10-26 02:22:26,174 | INFO | hi-lo : BEGIN EPOCH 8 =========================================================================
2023-10-26 02:22:26,174 | INFO | hi-lo.kernel-accessor : Fetching kernel: gumbel
2023-10-26 02:22:26,175 | INFO | hi-lo.gumbel-kernel : MU (LOCATION): 1 | BETA (SCALE): 1
2023-10-26 02:22:26,176 | INFO | hi-lo.gumbel-kernel : STATIC
tensor([[5.6765e-01, 1.6550e-01, 3.2357e-02],
        [1.6550e-01, 3.2357e-02, 2.1352e-03],
        [3.2357e-02, 2.1352e-03, 7.3562e-06]])
2023-10-26 02:22:26,176 | INFO | hi-lo.kernel-accessor : Fetching kernel: gumbel
2023-10-26 02:22:26,176 | INFO | hi-lo.gumbel-kernel : MU (LOCATION): -0.6789568662643433 | BETA (SCALE): 1.0408213138580322
2023-10-26 02:22:26,177 | INFO | hi-lo.gumbel-kernel : TOP-RIGHT
tensor([[6.7338e-11, 9.9609e-04, 9.9801e-01],
        [5.7680e-29, 6.7338e-11, 9.9609e-04],
        [0.0000e+00, 5.7680e-29, 6.7338e-11]])
2023-10-26 02:22:26,177 | INFO | hi-lo.kernel-accessor : Fetching kernel: gumbel
2023-10-26 02:22:26,177 | INFO | hi-lo.gumbel-kernel : MU (LOCATION): -1.532893419265747 | BETA (SCALE): 2.1786861419677734
2023-10-26 02:22:26,178 | INFO | hi-lo.gumbel-kernel : TOP-RIGHT
tensor([[7.6557e-04, 5.2283e-02, 8.9313e-01],
        [1.2509e-06, 7.6557e-04, 5.2283e-02],
        [6.3585e-11, 1.2509e-06, 7.6557e-04]])
2023-10-26 02:22:26,178 | INFO | hi-lo.kernel-accessor : Fetching kernel: gumbel
2023-10-26 02:22:26,178 | INFO | hi-lo.gumbel-kernel : MU (LOCATION): 1 | BETA (SCALE): 1
2023-10-26 02:22:26,179 | INFO | hi-lo.gumbel-kernel : STATIC
tensor([[5.6765e-01, 1.6550e-01, 3.2357e-02],
        [1.6550e-01, 3.2357e-02, 2.1352e-03],
        [3.2357e-02, 2.1352e-03, 7.3562e-06]])
2023-10-26 02:22:50,275 | INFO | hi-lo : END EPOCH:   8 | ACCURACY: 3.12 | LOSS: 4.3175530433654785
2023-10-26 02:22:50,275 | INFO | hi-lo : BEGIN EPOCH 9 =========================================================================
2023-10-26 02:22:50,275 | INFO | hi-lo.kernel-accessor : Fetching kernel: gumbel
2023-10-26 02:22:50,276 | INFO | hi-lo.gumbel-kernel : MU (LOCATION): -0.10061448812484741 | BETA (SCALE): 0.5073270201683044
2023-10-26 02:22:50,276 | INFO | hi-lo.gumbel-kernel : BOTTOM-RIGHT
tensor([[0.0000e+00, 0.0000e+00, 4.5434e-35],
        [0.0000e+00, 4.5434e-35, 1.4264e-05],
        [4.5434e-35, 1.4264e-05, 9.9997e-01]])
2023-10-26 02:22:50,277 | INFO | hi-lo.kernel-accessor : Fetching kernel: gumbel
2023-10-26 02:22:50,277 | INFO | hi-lo.gumbel-kernel : MU (LOCATION): -0.5602075457572937 | BETA (SCALE): 0.9172066450119019
2023-10-26 02:22:50,277 | INFO | hi-lo.gumbel-kernel : BOTTOM-LEFT
tensor([[3.0589e-13, 1.8045e-39, 0.0000e+00],
        [4.1327e-04, 3.0589e-13, 1.8045e-39],
        [9.9917e-01, 4.1327e-04, 3.0589e-13]])
2023-10-26 02:22:50,278 | INFO | hi-lo.kernel-accessor : Fetching kernel: gumbel
2023-10-26 02:22:50,278 | INFO | hi-lo.gumbel-kernel : MU (LOCATION): -1.24641752243042 | BETA (SCALE): 1.5235952138900757
2023-10-26 02:22:50,278 | INFO | hi-lo.gumbel-kernel : TOP-LEFT
tensor([[9.9123e-01, 4.3858e-03, 2.3355e-07],
        [4.3858e-03, 2.3355e-07, 2.4794e-15],
        [2.3355e-07, 2.4794e-15, 1.9365e-30]])
2023-10-26 02:22:50,279 | INFO | hi-lo.kernel-accessor : Fetching kernel: gumbel
2023-10-26 02:22:50,279 | INFO | hi-lo.gumbel-kernel : MU (LOCATION): -1.0457735061645508 | BETA (SCALE): 1.1942379474639893
2023-10-26 02:22:50,279 | INFO | hi-lo.gumbel-kernel : TOP-RIGHT
tensor([[2.6187e-12, 2.2757e-04, 9.9954e-01],
        [3.5765e-30, 2.6187e-12, 2.2757e-04],
        [0.0000e+00, 3.5765e-30, 2.6187e-12]])
2023-10-26 02:23:14,306 | INFO | hi-lo : END EPOCH:   9 | ACCURACY: 0.01 | LOSS: 4.3334641456604
2023-10-26 02:23:14,306 | INFO | hi-lo : BEGIN EPOCH 10 =========================================================================
2023-10-26 02:23:14,306 | INFO | hi-lo.kernel-accessor : Fetching kernel: gumbel
2023-10-26 02:23:14,307 | INFO | hi-lo.gumbel-kernel : MU (LOCATION): -0.11023713648319244 | BETA (SCALE): 0.528290331363678
2023-10-26 02:23:14,307 | INFO | hi-lo.gumbel-kernel : BOTTOM-RIGHT
tensor([[0.0000e+00, 0.0000e+00, 9.1764e-31],
        [0.0000e+00, 9.1764e-31, 2.8895e-05],
        [9.1764e-31, 2.8895e-05, 9.9994e-01]])
2023-10-26 02:23:14,308 | INFO | hi-lo.kernel-accessor : Fetching kernel: gumbel
2023-10-26 02:23:14,308 | INFO | hi-lo.gumbel-kernel : MU (LOCATION): -0.6389877796173096 | BETA (SCALE): 0.9349358677864075
2023-10-26 02:23:14,309 | INFO | hi-lo.gumbel-kernel : BOTTOM-LEFT
tensor([[2.0176e-14, 1.2990e-42, 0.0000e+00],
        [1.8787e-04, 2.0176e-14, 1.2990e-42],
        [9.9962e-01, 1.8787e-04, 2.0176e-14]])
2023-10-26 02:23:14,309 | INFO | hi-lo.kernel-accessor : Fetching kernel: gumbel
2023-10-26 02:23:14,309 | INFO | hi-lo.gumbel-kernel : MU (LOCATION): -1.2209444046020508 | BETA (SCALE): 1.5613071918487549
2023-10-26 02:23:14,310 | INFO | hi-lo.gumbel-kernel : TOP-RIGHT
tensor([[1.1017e-06, 7.1360e-03, 9.8572e-01],
        [1.1479e-13, 1.1017e-06, 7.1360e-03],
        [1.1522e-26, 1.1479e-13, 1.1017e-06]])
2023-10-26 02:23:14,310 | INFO | hi-lo.kernel-accessor : Fetching kernel: gumbel
2023-10-26 02:23:14,310 | INFO | hi-lo.gumbel-kernel : MU (LOCATION): -1.099465250968933 | BETA (SCALE): 1.1347081661224365
2023-10-26 02:23:14,311 | INFO | hi-lo.gumbel-kernel : BOTTOM-LEFT
tensor([[4.7458e-16, 3.4346e-41, 0.0000e+00],
        [2.2541e-05, 4.7458e-16, 3.4346e-41],
        [9.9995e-01, 2.2541e-05, 4.7458e-16]])
2023-10-26 02:23:38,379 | INFO | hi-lo : END EPOCH:  10 | ACCURACY: 1.56 | LOSS: 4.09236478805542
2023-10-26 02:23:38,379 | INFO | hi-lo : BEGIN EPOCH 11 =========================================================================
2023-10-26 02:23:38,379 | INFO | hi-lo.kernel-accessor : Fetching kernel: gumbel
2023-10-26 02:23:38,380 | INFO | hi-lo.gumbel-kernel : MU (LOCATION): -0.1610153615474701 | BETA (SCALE): 0.48774364590644836
2023-10-26 02:23:38,380 | INFO | hi-lo.gumbel-kernel : TOP-LEFT
tensor([[1.0000e+00, 2.6281e-07, 0.0000e+00],
        [2.6281e-07, 0.0000e+00, 0.0000e+00],
        [0.0000e+00, 0.0000e+00, 0.0000e+00]])
2023-10-26 02:23:38,380 | INFO | hi-lo.kernel-accessor : Fetching kernel: gumbel
2023-10-26 02:23:38,381 | INFO | hi-lo.gumbel-kernel : MU (LOCATION): -0.5414987802505493 | BETA (SCALE): 0.8953933715820312
2023-10-26 02:23:38,381 | INFO | hi-lo.gumbel-kernel : TOP-LEFT
tensor([[9.9933e-01, 3.3342e-04, 7.9056e-14],
        [3.3342e-04, 7.9055e-14, 3.1207e-42],
        [7.9056e-14, 3.1207e-42, 0.0000e+00]])
2023-10-26 02:23:38,381 | INFO | hi-lo.kernel-accessor : Fetching kernel: gumbel
2023-10-26 02:23:38,381 | INFO | hi-lo.gumbel-kernel : MU (LOCATION): -1.3797392845153809 | BETA (SCALE): 1.7272168397903442
2023-10-26 02:23:38,382 | INFO | hi-lo.gumbel-kernel : TOP-RIGHT
tensor([[6.3333e-06, 1.1368e-02, 9.7725e-01],
        [1.5595e-11, 6.3333e-06, 1.1368e-02],
        [2.4168e-21, 1.5595e-11, 6.3333e-06]])
2023-10-26 02:23:38,382 | INFO | hi-lo.kernel-accessor : Fetching kernel: gumbel
2023-10-26 02:23:38,382 | INFO | hi-lo.gumbel-kernel : MU (LOCATION): -1.2473483085632324 | BETA (SCALE): 1.2193371057510376
2023-10-26 02:23:38,383 | INFO | hi-lo.gumbel-kernel : BOTTOM-RIGHT
tensor([[0.0000e+00, 8.9220e-38, 2.1018e-15],
        [8.9220e-38, 2.1018e-15, 2.3667e-05],
        [2.1018e-15, 2.3667e-05, 9.9995e-01]])
2023-10-26 02:24:02,495 | INFO | hi-lo : END EPOCH:  11 | ACCURACY: 1.56 | LOSS: 4.1140055656433105
2023-10-26 02:24:02,495 | INFO | hi-lo : BEGIN EPOCH 12 =========================================================================
2023-10-26 02:24:02,495 | INFO | hi-lo.kernel-accessor : Fetching kernel: gumbel
2023-10-26 02:24:02,495 | INFO | hi-lo.gumbel-kernel : MU (LOCATION): -0.1735498309135437 | BETA (SCALE): 0.48755988478660583
2023-10-26 02:24:02,496 | INFO | hi-lo.gumbel-kernel : TOP-RIGHT
tensor([[0.0000e+00, 1.2951e-07, 1.0000e+00],
        [0.0000e+00, 0.0000e+00, 1.2951e-07],
        [0.0000e+00, 0.0000e+00, 0.0000e+00]])
2023-10-26 02:24:02,496 | INFO | hi-lo.kernel-accessor : Fetching kernel: gumbel
2023-10-26 02:24:02,496 | INFO | hi-lo.gumbel-kernel : MU (LOCATION): -0.5977423787117004 | BETA (SCALE): 0.9948693513870239
2023-10-26 02:24:02,497 | INFO | hi-lo.gumbel-kernel : BOTTOM-RIGHT
tensor([[0.0000e+00, 4.6996e-30, 6.1326e-11],
        [4.6996e-30, 6.1326e-11, 1.1494e-03],
        [6.1326e-11, 1.1494e-03, 9.9770e-01]])
2023-10-26 02:24:02,497 | INFO | hi-lo.kernel-accessor : Fetching kernel: gumbel
2023-10-26 02:24:02,497 | INFO | hi-lo.gumbel-kernel : MU (LOCATION): -1.357633352279663 | BETA (SCALE): 1.9950798749923706
2023-10-26 02:24:02,498 | INFO | hi-lo.gumbel-kernel : BOTTOM-RIGHT
tensor([[1.6056e-12, 2.4069e-07, 4.0057e-04],
        [2.4069e-07, 4.0057e-04, 4.3638e-02],
        [4.0057e-04, 4.3638e-02, 9.1152e-01]])
2023-10-26 02:24:02,498 | INFO | hi-lo.kernel-accessor : Fetching kernel: gumbel
2023-10-26 02:24:02,498 | INFO | hi-lo.gumbel-kernel : MU (LOCATION): 1 | BETA (SCALE): 1
2023-10-26 02:24:02,498 | INFO | hi-lo.gumbel-kernel : STATIC
tensor([[5.6765e-01, 1.6550e-01, 3.2357e-02],
        [1.6550e-01, 3.2357e-02, 2.1352e-03],
        [3.2357e-02, 2.1352e-03, 7.3562e-06]])
2023-10-26 02:24:26,535 | INFO | hi-lo : END EPOCH:  12 | ACCURACY: 2.51 | LOSS: 4.395774841308594
2023-10-26 02:24:26,535 | INFO | hi-lo : BEGIN EPOCH 13 =========================================================================
2023-10-26 02:24:26,535 | INFO | hi-lo.kernel-accessor : Fetching kernel: gumbel
2023-10-26 02:24:26,535 | INFO | hi-lo.gumbel-kernel : MU (LOCATION): -0.09724342823028564 | BETA (SCALE): 0.49229690432548523
2023-10-26 02:24:26,536 | INFO | hi-lo.gumbel-kernel : TOP-RIGHT
tensor([[2.5556e-39, 7.0366e-06, 9.9999e-01],
        [0.0000e+00, 2.5555e-39, 7.0366e-06],
        [0.0000e+00, 0.0000e+00, 2.5556e-39]])
2023-10-26 02:24:26,536 | INFO | hi-lo.kernel-accessor : Fetching kernel: gumbel
2023-10-26 02:24:26,536 | INFO | hi-lo.gumbel-kernel : MU (LOCATION): -0.5135995149612427 | BETA (SCALE): 0.9996395111083984
2023-10-26 02:24:26,536 | INFO | hi-lo.gumbel-kernel : TOP-RIGHT
tensor([[2.3371e-09, 2.9961e-03, 9.9401e-01],
        [3.2114e-25, 2.3371e-09, 2.9961e-03],
        [0.0000e+00, 3.2114e-25, 2.3371e-09]])
2023-10-26 02:24:26,536 | INFO | hi-lo.kernel-accessor : Fetching kernel: gumbel
2023-10-26 02:24:26,537 | INFO | hi-lo.gumbel-kernel : MU (LOCATION): -1.5365560054779053 | BETA (SCALE): 2.116544723510742
2023-10-26 02:24:26,537 | INFO | hi-lo.gumbel-kernel : TOP-LEFT
tensor([[9.1247e-01, 4.3119e-02, 4.2903e-04],
        [4.3119e-02, 4.2903e-04, 3.5076e-07],
        [4.2903e-04, 3.5076e-07, 5.2093e-12]])
2023-10-26 02:24:26,537 | INFO | hi-lo.kernel-accessor : Fetching kernel: gumbel
2023-10-26 02:24:26,537 | INFO | hi-lo.gumbel-kernel : MU (LOCATION): -1.2878086566925049 | BETA (SCALE): 1.29391610622406
2023-10-26 02:24:26,537 | INFO | hi-lo.gumbel-kernel : TOP-RIGHT
tensor([[3.9325e-13, 9.0771e-05, 9.9982e-01],
        [7.4434e-31, 3.9325e-13, 9.0771e-05],
        [0.0000e+00, 7.4434e-31, 3.9325e-13]])
2023-10-26 02:24:50,640 | INFO | hi-lo : END EPOCH:  13 | ACCURACY: 5.0 | LOSS: 4.315927505493164
2023-10-26 02:24:50,640 | INFO | hi-lo : BEGIN EPOCH 14 =========================================================================
2023-10-26 02:24:50,640 | INFO | hi-lo.kernel-accessor : Fetching kernel: gumbel
2023-10-26 02:24:50,641 | INFO | hi-lo.gumbel-kernel : MU (LOCATION): 1 | BETA (SCALE): 1
2023-10-26 02:24:50,641 | INFO | hi-lo.gumbel-kernel : STATIC
tensor([[5.6765e-01, 1.6550e-01, 3.2357e-02],
        [1.6550e-01, 3.2357e-02, 2.1352e-03],
        [3.2357e-02, 2.1352e-03, 7.3562e-06]])
2023-10-26 02:24:50,641 | INFO | hi-lo.kernel-accessor : Fetching kernel: gumbel
2023-10-26 02:24:50,642 | INFO | hi-lo.gumbel-kernel : MU (LOCATION): -0.5954787135124207 | BETA (SCALE): 0.9753031134605408
2023-10-26 02:24:50,642 | INFO | hi-lo.gumbel-kernel : BOTTOM-LEFT
tensor([[1.3626e-11, 1.6670e-32, 0.0000e+00],
        [8.3338e-04, 1.3626e-11, 1.6670e-32],
        [9.9833e-01, 8.3338e-04, 1.3626e-11]])
2023-10-26 02:24:50,643 | INFO | hi-lo.kernel-accessor : Fetching kernel: gumbel
2023-10-26 02:24:50,643 | INFO | hi-lo.gumbel-kernel : MU (LOCATION): -1.242994785308838 | BETA (SCALE): 1.892978549003601
2023-10-26 02:24:50,643 | INFO | hi-lo.gumbel-kernel : TOP-LEFT
tensor([[9.1775e-01, 4.0680e-02, 2.9772e-04],
        [4.0680e-02, 2.9772e-04, 1.0270e-07],
        [2.9772e-04, 1.0270e-07, 1.9920e-13]])
2023-10-26 02:24:50,644 | INFO | hi-lo.kernel-accessor : Fetching kernel: gumbel
2023-10-26 02:24:50,644 | INFO | hi-lo.gumbel-kernel : MU (LOCATION): -1.2157899141311646 | BETA (SCALE): 1.3797270059585571
2023-10-26 02:24:50,644 | INFO | hi-lo.gumbel-kernel : TOP-LEFT
tensor([[9.9804e-01, 9.8051e-04, 1.3114e-09],
        [9.8051e-04, 1.3114e-09, 2.1269e-21],
        [1.3114e-09, 2.1269e-21, 0.0000e+00]])
2023-10-26 02:25:14,831 | INFO | hi-lo : END EPOCH:  14 | ACCURACY: 3.12 | LOSS: 4.57537317276001
2023-10-26 02:25:14,831 | INFO | hi-lo : BEGIN EPOCH 15 =========================================================================
2023-10-26 02:25:14,831 | INFO | hi-lo.kernel-accessor : Fetching kernel: gumbel
2023-10-26 02:25:14,832 | INFO | hi-lo.gumbel-kernel : MU (LOCATION): -0.19376753270626068 | BETA (SCALE): 0.532952606678009
2023-10-26 02:25:14,832 | INFO | hi-lo.gumbel-kernel : TOP-RIGHT
tensor([[9.0297e-40, 1.6447e-06, 1.0000e+00],
        [0.0000e+00, 9.0297e-40, 1.6447e-06],
        [0.0000e+00, 0.0000e+00, 9.0297e-40]])
2023-10-26 02:25:14,832 | INFO | hi-lo.kernel-accessor : Fetching kernel: gumbel
2023-10-26 02:25:14,833 | INFO | hi-lo.gumbel-kernel : MU (LOCATION): -0.5591468214988708 | BETA (SCALE): 0.9355871677398682
2023-10-26 02:25:14,833 | INFO | hi-lo.gumbel-kernel : BOTTOM-LEFT
tensor([[2.1703e-12, 4.0145e-36, 0.0000e+00],
        [6.1841e-04, 2.1703e-12, 4.0145e-36],
        [9.9876e-01, 6.1841e-04, 2.1703e-12]])
2023-10-26 02:25:14,834 | INFO | hi-lo.kernel-accessor : Fetching kernel: gumbel
2023-10-26 02:25:14,834 | INFO | hi-lo.gumbel-kernel : MU (LOCATION): -1.1367628574371338 | BETA (SCALE): 1.5605404376983643
2023-10-26 02:25:14,834 | INFO | hi-lo.gumbel-kernel : BOTTOM-RIGHT
tensor([[3.5350e-24, 1.8758e-12, 3.8219e-06],
        [1.8758e-12, 3.8219e-06, 1.0915e-02],
        [3.8219e-06, 1.0915e-02, 9.7816e-01]])
2023-10-26 02:25:14,835 | INFO | hi-lo.kernel-accessor : Fetching kernel: gumbel
2023-10-26 02:25:14,835 | INFO | hi-lo.gumbel-kernel : MU (LOCATION): -1.4039278030395508 | BETA (SCALE): 1.342978835105896
2023-10-26 02:25:14,835 | INFO | hi-lo.gumbel-kernel : BOTTOM-RIGHT
tensor([[0.0000e+00, 5.4820e-31, 1.9388e-13],
        [5.4820e-31, 1.9388e-13, 6.1869e-05],
        [1.9388e-13, 6.1869e-05, 9.9988e-01]])
2023-10-26 02:25:38,917 | INFO | hi-lo : END EPOCH:  15 | ACCURACY: 0.38 | LOSS: 4.288984298706055
2023-10-26 02:25:38,918 | INFO | hi-lo : BEGIN EPOCH 16 =========================================================================
2023-10-26 02:25:38,918 | INFO | hi-lo.kernel-accessor : Fetching kernel: gumbel
2023-10-26 02:25:38,918 | INFO | hi-lo.gumbel-kernel : MU (LOCATION): -0.1960037350654602 | BETA (SCALE): 0.5034599304199219
2023-10-26 02:25:38,919 | INFO | hi-lo.gumbel-kernel : BOTTOM-RIGHT
tensor([[0.0000e+00, 0.0000e+00, 0.0000e+00],
        [0.0000e+00, 0.0000e+00, 1.5421e-07],
        [0.0000e+00, 1.5421e-07, 1.0000e+00]])
2023-10-26 02:25:38,919 | INFO | hi-lo.kernel-accessor : Fetching kernel: gumbel
2023-10-26 02:25:38,920 | INFO | hi-lo.gumbel-kernel : MU (LOCATION): 1 | BETA (SCALE): 1
2023-10-26 02:25:38,920 | INFO | hi-lo.gumbel-kernel : STATIC
tensor([[5.6765e-01, 1.6550e-01, 3.2357e-02],
        [1.6550e-01, 3.2357e-02, 2.1352e-03],
        [3.2357e-02, 2.1352e-03, 7.3562e-06]])
2023-10-26 02:25:38,920 | INFO | hi-lo.kernel-accessor : Fetching kernel: gumbel
2023-10-26 02:25:38,921 | INFO | hi-lo.gumbel-kernel : MU (LOCATION): -0.992309033870697 | BETA (SCALE): 1.3900378942489624
2023-10-26 02:25:38,921 | INFO | hi-lo.gumbel-kernel : BOTTOM-LEFT
tensor([[3.5263e-07, 1.5682e-15, 2.3780e-32],
        [5.9609e-03, 3.5263e-07, 1.5682e-15],
        [9.8808e-01, 5.9609e-03, 3.5263e-07]])
2023-10-26 02:25:38,921 | INFO | hi-lo.kernel-accessor : Fetching kernel: gumbel
2023-10-26 02:25:38,922 | INFO | hi-lo.gumbel-kernel : MU (LOCATION): -1.1304399967193604 | BETA (SCALE): 1.121505618095398
2023-10-26 02:25:38,922 | INFO | hi-lo.gumbel-kernel : TOP-LEFT
tensor([[9.9998e-01, 8.3222e-06, 1.2222e-17],
        [8.3222e-06, 1.2222e-17, 0.0000e+00],
        [1.2222e-17, 0.0000e+00, 0.0000e+00]])
2023-10-26 02:26:03,056 | INFO | hi-lo : END EPOCH:  16 | ACCURACY: 0 | LOSS: 4.3239874839782715
2023-10-26 02:26:03,056 | INFO | hi-lo : BEGIN EPOCH 17 =========================================================================
2023-10-26 02:26:03,056 | INFO | hi-lo.kernel-accessor : Fetching kernel: gumbel
2023-10-26 02:26:03,057 | INFO | hi-lo.gumbel-kernel : MU (LOCATION): -0.05635291337966919 | BETA (SCALE): 0.5671312808990479
2023-10-26 02:26:03,057 | INFO | hi-lo.gumbel-kernel : BOTTOM-LEFT
tensor([[9.6070e-20, 0.0000e+00, 0.0000e+00],
        [4.7234e-04, 9.6070e-20, 0.0000e+00],
        [9.9906e-01, 4.7234e-04, 9.6070e-20]])
2023-10-26 02:26:03,057 | INFO | hi-lo.kernel-accessor : Fetching kernel: gumbel
2023-10-26 02:26:03,057 | INFO | hi-lo.gumbel-kernel : MU (LOCATION): -0.5317384004592896 | BETA (SCALE): 0.8911753296852112
2023-10-26 02:26:03,058 | INFO | hi-lo.gumbel-kernel : BOTTOM-RIGHT
tensor([[0.0000e+00, 3.0072e-42, 8.8296e-14],
        [3.0072e-42, 8.8296e-14, 3.5116e-04],
        [8.8296e-14, 3.5116e-04, 9.9930e-01]])
2023-10-26 02:26:03,058 | INFO | hi-lo.kernel-accessor : Fetching kernel: gumbel
2023-10-26 02:26:03,058 | INFO | hi-lo.gumbel-kernel : MU (LOCATION): 1 | BETA (SCALE): 1
2023-10-26 02:26:03,058 | INFO | hi-lo.gumbel-kernel : STATIC
tensor([[5.6765e-01, 1.6550e-01, 3.2357e-02],
        [1.6550e-01, 3.2357e-02, 2.1352e-03],
        [3.2357e-02, 2.1352e-03, 7.3562e-06]])
2023-10-26 02:26:03,058 | INFO | hi-lo.kernel-accessor : Fetching kernel: gumbel
2023-10-26 02:26:03,059 | INFO | hi-lo.gumbel-kernel : MU (LOCATION): -1.2073613405227661 | BETA (SCALE): 1.2322168350219727
2023-10-26 02:26:03,059 | INFO | hi-lo.gumbel-kernel : BOTTOM-LEFT
tensor([[5.6838e-14, 7.1181e-34, 0.0000e+00],
        [6.1738e-05, 5.6838e-14, 7.1181e-34],
        [9.9988e-01, 6.1738e-05, 5.6838e-14]])
2023-10-26 02:26:27,102 | INFO | hi-lo : END EPOCH:  17 | ACCURACY: 0.78 | LOSS: 4.108330249786377
2023-10-26 02:26:27,102 | INFO | hi-lo : BEGIN EPOCH 18 =========================================================================
2023-10-26 02:26:27,102 | INFO | hi-lo.kernel-accessor : Fetching kernel: gumbel
2023-10-26 02:26:27,103 | INFO | hi-lo.gumbel-kernel : MU (LOCATION): 1 | BETA (SCALE): 1
2023-10-26 02:26:27,104 | INFO | hi-lo.gumbel-kernel : STATIC
tensor([[5.6765e-01, 1.6550e-01, 3.2357e-02],
        [1.6550e-01, 3.2357e-02, 2.1352e-03],
        [3.2357e-02, 2.1352e-03, 7.3562e-06]])
2023-10-26 02:26:27,104 | INFO | hi-lo.kernel-accessor : Fetching kernel: gumbel
2023-10-26 02:26:27,104 | INFO | hi-lo.gumbel-kernel : MU (LOCATION): -0.4623214304447174 | BETA (SCALE): 0.8498285412788391
2023-10-26 02:26:27,105 | INFO | hi-lo.gumbel-kernel : TOP-RIGHT
tensor([[5.0439e-14, 3.9457e-04, 9.9921e-01],
        [0.0000e+00, 5.0440e-14, 3.9457e-04],
        [0.0000e+00, 0.0000e+00, 5.0439e-14]])
2023-10-26 02:26:27,105 | INFO | hi-lo.kernel-accessor : Fetching kernel: gumbel
2023-10-26 02:26:27,105 | INFO | hi-lo.gumbel-kernel : MU (LOCATION): -1.323783040046692 | BETA (SCALE): 1.649084210395813
2023-10-26 02:26:27,106 | INFO | hi-lo.gumbel-kernel : TOP-RIGHT
tensor([[2.2661e-06, 8.4298e-03, 9.8313e-01],
        [1.0646e-12, 2.2661e-06, 8.4298e-03],
        [4.3877e-24, 1.0646e-12, 2.2661e-06]])
2023-10-26 02:26:27,106 | INFO | hi-lo.kernel-accessor : Fetching kernel: gumbel
2023-10-26 02:26:27,106 | INFO | hi-lo.gumbel-kernel : MU (LOCATION): -0.7888872623443604 | BETA (SCALE): 1.0599052906036377
2023-10-26 02:26:27,107 | INFO | hi-lo.gumbel-kernel : BOTTOM-LEFT
tensor([[2.5435e-12, 1.1804e-32, 0.0000e+00],
        [3.7228e-04, 2.5435e-12, 1.1804e-32],
        [9.9926e-01, 3.7228e-04, 2.5435e-12]])
2023-10-26 02:26:51,200 | INFO | hi-lo : END EPOCH:  18 | ACCURACY: 1.16 | LOSS: 4.118902206420898
2023-10-26 02:26:51,200 | INFO | hi-lo : BEGIN EPOCH 19 =========================================================================
2023-10-26 02:26:51,200 | INFO | hi-lo.kernel-accessor : Fetching kernel: gumbel
2023-10-26 02:26:51,201 | INFO | hi-lo.gumbel-kernel : MU (LOCATION): -0.10409500449895859 | BETA (SCALE): 0.484660804271698
2023-10-26 02:26:51,202 | INFO | hi-lo.gumbel-kernel : TOP-RIGHT
tensor([[3.2931e-43, 3.2970e-06, 9.9999e-01],
        [0.0000e+00, 3.2931e-43, 3.2970e-06],
        [0.0000e+00, 0.0000e+00, 3.2931e-43]])
2023-10-26 02:26:51,202 | INFO | hi-lo.kernel-accessor : Fetching kernel: gumbel
2023-10-26 02:26:51,202 | INFO | hi-lo.gumbel-kernel : MU (LOCATION): -0.5491338968276978 | BETA (SCALE): 0.9611467719078064
2023-10-26 02:26:51,202 | INFO | hi-lo.gumbel-kernel : TOP-LEFT
tensor([[9.9773e-01, 1.1349e-03, 3.5405e-11],
        [1.1349e-03, 3.5405e-11, 1.3533e-31],
        [3.5405e-11, 1.3533e-31, 0.0000e+00]])
2023-10-26 02:26:51,203 | INFO | hi-lo.kernel-accessor : Fetching kernel: gumbel
2023-10-26 02:26:51,203 | INFO | hi-lo.gumbel-kernel : MU (LOCATION): -1.2313508987426758 | BETA (SCALE): 1.473449945449829
2023-10-26 02:26:51,203 | INFO | hi-lo.gumbel-kernel : BOTTOM-RIGHT
tensor([[1.7511e-34, 5.3282e-17, 5.5060e-08],
        [5.3282e-17, 5.5060e-08, 2.8766e-03],
        [5.5060e-08, 2.8766e-03, 9.9425e-01]])
2023-10-26 02:26:51,204 | INFO | hi-lo.kernel-accessor : Fetching kernel: gumbel
2023-10-26 02:26:51,204 | INFO | hi-lo.gumbel-kernel : MU (LOCATION): -1.3671293258666992 | BETA (SCALE): 1.600529670715332
2023-10-26 02:26:51,204 | INFO | hi-lo.gumbel-kernel : BOTTOM-RIGHT
tensor([[1.3425e-28, 9.0604e-15, 3.0690e-07],
        [9.0604e-15, 3.0690e-07, 4.4091e-03],
        [3.0690e-07, 4.4091e-03, 9.9118e-01]])
2023-10-26 02:27:15,293 | INFO | hi-lo : END EPOCH:  19 | ACCURACY: 0.14 | LOSS: 4.172816276550293
2023-10-26 02:27:15,293 | INFO | hi-lo : BEGIN EPOCH 20 =========================================================================
2023-10-26 02:27:15,294 | INFO | hi-lo.kernel-accessor : Fetching kernel: gumbel
2023-10-26 02:27:15,294 | INFO | hi-lo.gumbel-kernel : MU (LOCATION): -0.08697804063558578 | BETA (SCALE): 0.5146600008010864
2023-10-26 02:27:15,295 | INFO | hi-lo.gumbel-kernel : BOTTOM-RIGHT
tensor([[0.0000e+00, 0.0000e+00, 1.7963e-31],
        [0.0000e+00, 1.7962e-31, 3.2713e-05],
        [1.7963e-31, 3.2713e-05, 9.9993e-01]])
2023-10-26 02:27:15,295 | INFO | hi-lo.kernel-accessor : Fetching kernel: gumbel
2023-10-26 02:27:15,296 | INFO | hi-lo.gumbel-kernel : MU (LOCATION): -0.539897084236145 | BETA (SCALE): 0.906836748123169
2023-10-26 02:27:15,296 | INFO | hi-lo.gumbel-kernel : BOTTOM-RIGHT
tensor([[0.0000e+00, 8.6971e-40, 3.2105e-13],
        [8.6971e-40, 3.2105e-13, 4.4239e-04],
        [3.2105e-13, 4.4239e-04, 9.9912e-01]])
2023-10-26 02:27:15,296 | INFO | hi-lo.kernel-accessor : Fetching kernel: gumbel
2023-10-26 02:27:15,297 | INFO | hi-lo.gumbel-kernel : MU (LOCATION): -1.258061170578003 | BETA (SCALE): 1.6878087520599365
2023-10-26 02:27:15,297 | INFO | hi-lo.gumbel-kernel : TOP-LEFT
tensor([[9.7035e-01, 1.4808e-02, 1.2403e-05],
        [1.4808e-02, 1.2403e-05, 5.4572e-11],
        [1.2403e-05, 5.4572e-11, 1.8105e-20]])
2023-10-26 02:27:15,298 | INFO | hi-lo.kernel-accessor : Fetching kernel: gumbel
2023-10-26 02:27:15,298 | INFO | hi-lo.gumbel-kernel : MU (LOCATION): 1 | BETA (SCALE): 1
2023-10-26 02:27:15,299 | INFO | hi-lo.gumbel-kernel : STATIC
tensor([[5.6765e-01, 1.6550e-01, 3.2357e-02],
        [1.6550e-01, 3.2357e-02, 2.1352e-03],
        [3.2357e-02, 2.1352e-03, 7.3562e-06]])
2023-10-26 02:27:39,374 | INFO | hi-lo : END EPOCH:  20 | ACCURACY: 1.56 | LOSS: 4.5276594161987305
2023-10-26 02:27:39,374 | INFO | hi-lo : BEGIN EPOCH 21 =========================================================================
2023-10-26 02:27:39,374 | INFO | hi-lo.kernel-accessor : Fetching kernel: gumbel
2023-10-26 02:27:39,375 | INFO | hi-lo.gumbel-kernel : MU (LOCATION): -0.1659720540046692 | BETA (SCALE): 0.4456649422645569
2023-10-26 02:27:39,375 | INFO | hi-lo.gumbel-kernel : BOTTOM-RIGHT
tensor([[0.0000e+00, 0.0000e+00, 0.0000e+00],
        [0.0000e+00, 0.0000e+00, 2.0675e-09],
        [0.0000e+00, 2.0675e-09, 1.0000e+00]])
2023-10-26 02:27:39,375 | INFO | hi-lo.kernel-accessor : Fetching kernel: gumbel
2023-10-26 02:27:39,375 | INFO | hi-lo.gumbel-kernel : MU (LOCATION): -0.5909068584442139 | BETA (SCALE): 1.029976725578308
