2023-10-12 13:46:38,594 | INFO | hi-lo : 
+=========================================================================+
|  ______     ______   ______    ___         ___        ______   _______  |
| /| ___ \  // ____ \ /| ___ \  /| |        /| |      // ____ \ /| ___  \ |
| /| |//\ \ /| |//| | /| |//\ \ /| |        /| |      /| |//| | /| |//| | |
| /| | /| | /| ____ | /| | /| | /| |        /| |      /| ____ | /| ___  / |
| /| |_// / /| |//| | /| |_// / /| |____    /| |____  /| |//| | /| |//\ \ |
| /|_____/  /|_| /|_| /|_____/  /|______|   /|______| /|_| /|_| /|______/ |
| ///////   ///  ///  //////    ////////    ////////  ///  ///  ////////  |
+=========================================================================+
|                  Hi-Lo Resolution Image Classification                  |
|                  -------------------------------------                  |
|                            Gabriel C. Trahan                            |
|                               Sahan Ahmad                               |
|                            MD  Aminual Islam                            |
+=========================================================================+
| MODEL:                      normal | LR:                            0.1 |
| DISTRO:                     gumbel | KERNEL TYPE:                     9 |
| DATASET:                  cifar100 | BATCH SIZE:                     64 |
+=========================================================================+
2023-10-12 13:46:38,594 | INFO | hi-lo : Output directory: output/gumbel//9/normal/cifar100/20231012_134638
2023-10-12 13:46:38,594 | INFO | hi-lo.dataset-accessor : Fetching dataset: cifar100
2023-10-12 13:46:38,594 | INFO | hi-lo.cifar100-dataset : Initializing transform.
2023-10-12 13:46:38,594 | INFO | hi-lo.cifar100-dataset : Verifying/downloading train data.
2023-10-12 13:46:39,200 | INFO | hi-lo.cifar100-dataset : Verifying/downloading test data.
2023-10-12 13:46:39,683 | INFO | hi-lo.cifar100-dataset : Creating train data loader.
2023-10-12 13:46:39,683 | INFO | hi-lo.cifar100-dataset : Creating test data loader.
2023-10-12 13:46:40,682 | INFO | hi-lo : Using device: NVIDIA GeForce GTX 1060 6GB
2023-10-12 13:46:40,682 | INFO | hi-lo : Commencing training phase...
2023-10-12 13:46:40,683 | INFO | hi-lo : BEGIN EPOCH 1 =========================================================================
2023-10-12 13:46:40,683 | INFO | hi-lo.kernel-accessor : Fetching kernel: gumbel
2023-10-12 13:46:40,683 | INFO | hi-lo.gumbel-kernel : MU (LOCATION): 0.0 | BETA (SCALE): 1.0
2023-10-12 13:46:40,684 | INFO | hi-lo.gumbel-kernel : TOP-LEFT
tensor([[8.8288e-01, 5.8259e-02, 2.0072e-04],
        [5.8259e-02, 2.0072e-04, 2.2609e-10],
        [2.0072e-04, 2.2609e-10, 8.5377e-26]])
2023-10-12 13:46:40,684 | INFO | hi-lo.kernel-accessor : Fetching kernel: gumbel
2023-10-12 13:46:40,685 | INFO | hi-lo.gumbel-kernel : MU (LOCATION): 0.0 | BETA (SCALE): 1.0
2023-10-12 13:46:40,685 | INFO | hi-lo.gumbel-kernel : TOP-LEFT
tensor([[8.8288e-01, 5.8259e-02, 2.0072e-04],
        [5.8259e-02, 2.0072e-04, 2.2609e-10],
        [2.0072e-04, 2.2609e-10, 8.5377e-26]])
2023-10-12 13:46:40,685 | INFO | hi-lo.kernel-accessor : Fetching kernel: gumbel
2023-10-12 13:46:40,685 | INFO | hi-lo.gumbel-kernel : MU (LOCATION): 0.0 | BETA (SCALE): 1.0
2023-10-12 13:46:40,685 | INFO | hi-lo.gumbel-kernel : TOP-LEFT
tensor([[8.8288e-01, 5.8259e-02, 2.0072e-04],
        [5.8259e-02, 2.0072e-04, 2.2609e-10],
        [2.0072e-04, 2.2609e-10, 8.5377e-26]])
2023-10-12 13:46:40,685 | INFO | hi-lo.kernel-accessor : Fetching kernel: gumbel
2023-10-12 13:46:40,686 | INFO | hi-lo.gumbel-kernel : MU (LOCATION): 0.0 | BETA (SCALE): 1.0
2023-10-12 13:46:40,686 | INFO | hi-lo.gumbel-kernel : TOP-LEFT
tensor([[8.8288e-01, 5.8259e-02, 2.0072e-04],
        [5.8259e-02, 2.0072e-04, 2.2609e-10],
        [2.0072e-04, 2.2609e-10, 8.5377e-26]])
2023-10-12 13:46:49,956 | INFO | hi-lo : END EPOCH:   1 | ACCURACY: 31.45 | LOSS: 1.796785831451416
2023-10-12 13:46:49,957 | INFO | hi-lo : BEGIN EPOCH 2 =========================================================================
2023-10-12 13:46:49,957 | INFO | hi-lo.kernel-accessor : Fetching kernel: gumbel
2023-10-12 13:46:49,958 | INFO | hi-lo.gumbel-kernel : MU (LOCATION): 0.001684430055320263 | BETA (SCALE): 0.5037926435470581
2023-10-12 13:46:49,958 | INFO | hi-lo.gumbel-kernel : BOTTOM-LEFT
tensor([[7.1140e-25, 0.0000e+00, 0.0000e+00],
        [2.6860e-04, 7.1140e-25, 0.0000e+00],
        [9.9946e-01, 2.6860e-04, 7.1140e-25]])
2023-10-12 13:46:49,959 | INFO | hi-lo.kernel-accessor : Fetching kernel: gumbel
2023-10-12 13:46:49,959 | INFO | hi-lo.gumbel-kernel : MU (LOCATION): 1 | BETA (SCALE): 1
2023-10-12 13:46:49,960 | INFO | hi-lo.gumbel-kernel : STATIC
tensor([[5.6765e-01, 1.6550e-01, 3.2357e-02],
        [1.6550e-01, 3.2357e-02, 2.1352e-03],
        [3.2357e-02, 2.1352e-03, 7.3562e-06]])
2023-10-12 13:46:49,960 | INFO | hi-lo.kernel-accessor : Fetching kernel: gumbel
2023-10-12 13:46:49,960 | INFO | hi-lo.gumbel-kernel : MU (LOCATION): -1.041991114616394 | BETA (SCALE): 1.6860990524291992
2023-10-12 13:46:49,961 | INFO | hi-lo.gumbel-kernel : BOTTOM-LEFT
tensor([[1.1384e-04, 6.8596e-09, 2.5614e-16],
        [3.1884e-02, 1.1384e-04, 6.8596e-09],
        [9.3589e-01, 3.1884e-02, 1.1384e-04]])
2023-10-12 13:46:49,961 | INFO | hi-lo.kernel-accessor : Fetching kernel: gumbel
2023-10-12 13:46:49,961 | INFO | hi-lo.gumbel-kernel : MU (LOCATION): -0.6577160954475403 | BETA (SCALE): 1.0876550674438477
2023-10-12 13:46:49,962 | INFO | hi-lo.gumbel-kernel : TOP-LEFT
tensor([[9.9493e-01, 2.5340e-03, 3.1668e-09],
        [2.5340e-03, 3.1668e-09, 1.9890e-23],
        [3.1668e-09, 1.9890e-23, 0.0000e+00]])
2023-10-12 13:46:58,675 | INFO | hi-lo : END EPOCH:   2 | ACCURACY: 36.46 | LOSS: 1.8431419134140015
2023-10-12 13:46:58,675 | INFO | hi-lo : BEGIN EPOCH 3 =========================================================================
2023-10-12 13:46:58,675 | INFO | hi-lo.kernel-accessor : Fetching kernel: gumbel
2023-10-12 13:46:58,676 | INFO | hi-lo.gumbel-kernel : MU (LOCATION): 0.0027581662870943546 | BETA (SCALE): 0.5244359970092773
2023-10-12 13:46:58,677 | INFO | hi-lo.gumbel-kernel : TOP-LEFT
tensor([[9.9898e-01, 5.1085e-04, 1.9919e-21],
        [5.1085e-04, 1.9919e-21, 0.0000e+00],
        [1.9919e-21, 0.0000e+00, 0.0000e+00]])
2023-10-12 13:46:58,677 | INFO | hi-lo.kernel-accessor : Fetching kernel: gumbel
2023-10-12 13:46:58,677 | INFO | hi-lo.gumbel-kernel : MU (LOCATION): -0.6817358136177063 | BETA (SCALE): 0.8371334671974182
2023-10-12 13:46:58,678 | INFO | hi-lo.gumbel-kernel : BOTTOM-LEFT
tensor([[1.0905e-23, 0.0000e+00, 0.0000e+00],
        [2.4260e-06, 1.0905e-23, 0.0000e+00],
        [1.0000e+00, 2.4260e-06, 1.0905e-23]])
2023-10-12 13:46:58,678 | INFO | hi-lo.kernel-accessor : Fetching kernel: gumbel
2023-10-12 13:46:58,678 | INFO | hi-lo.gumbel-kernel : MU (LOCATION): 1 | BETA (SCALE): 1
2023-10-12 13:46:58,679 | INFO | hi-lo.gumbel-kernel : STATIC
tensor([[5.6765e-01, 1.6550e-01, 3.2357e-02],
        [1.6550e-01, 3.2357e-02, 2.1352e-03],
        [3.2357e-02, 2.1352e-03, 7.3562e-06]])
2023-10-12 13:46:58,679 | INFO | hi-lo.kernel-accessor : Fetching kernel: gumbel
2023-10-12 13:46:58,679 | INFO | hi-lo.gumbel-kernel : MU (LOCATION): -0.5189139246940613 | BETA (SCALE): 0.9410441517829895
2023-10-12 13:46:58,680 | INFO | hi-lo.gumbel-kernel : BOTTOM-LEFT
tensor([[2.6664e-11, 1.6172e-32, 0.0000e+00],
        [1.1464e-03, 2.6664e-11, 1.6172e-32],
        [9.9771e-01, 1.1464e-03, 2.6664e-11]])
2023-10-12 13:47:07,271 | INFO | hi-lo : END EPOCH:   3 | ACCURACY: 38.36 | LOSS: 1.7453593015670776
2023-10-12 13:47:07,271 | INFO | hi-lo : BEGIN EPOCH 4 =========================================================================
2023-10-12 13:47:07,271 | INFO | hi-lo.kernel-accessor : Fetching kernel: gumbel
2023-10-12 13:47:07,272 | INFO | hi-lo.gumbel-kernel : MU (LOCATION): 1 | BETA (SCALE): 1
2023-10-12 13:47:07,272 | INFO | hi-lo.gumbel-kernel : STATIC
tensor([[5.6765e-01, 1.6550e-01, 3.2357e-02],
        [1.6550e-01, 3.2357e-02, 2.1352e-03],
        [3.2357e-02, 2.1352e-03, 7.3562e-06]])
2023-10-12 13:47:07,272 | INFO | hi-lo.kernel-accessor : Fetching kernel: gumbel
2023-10-12 13:47:07,272 | INFO | hi-lo.gumbel-kernel : MU (LOCATION): 1 | BETA (SCALE): 1
2023-10-12 13:47:07,273 | INFO | hi-lo.gumbel-kernel : STATIC
tensor([[5.6765e-01, 1.6550e-01, 3.2357e-02],
        [1.6550e-01, 3.2357e-02, 2.1352e-03],
        [3.2357e-02, 2.1352e-03, 7.3562e-06]])
2023-10-12 13:47:07,273 | INFO | hi-lo.kernel-accessor : Fetching kernel: gumbel
2023-10-12 13:47:07,273 | INFO | hi-lo.gumbel-kernel : MU (LOCATION): -0.6548223495483398 | BETA (SCALE): 1.4521162509918213
2023-10-12 13:47:07,273 | INFO | hi-lo.gumbel-kernel : BOTTOM-LEFT
tensor([[1.5594e-04, 4.8916e-09, 1.0453e-17],
        [4.0155e-02, 1.5594e-04, 4.8916e-09],
        [9.1922e-01, 4.0155e-02, 1.5594e-04]])
2023-10-12 13:47:07,273 | INFO | hi-lo.kernel-accessor : Fetching kernel: gumbel
2023-10-12 13:47:07,273 | INFO | hi-lo.gumbel-kernel : MU (LOCATION): -0.6209010481834412 | BETA (SCALE): 1.1271369457244873
2023-10-12 13:47:07,274 | INFO | hi-lo.gumbel-kernel : TOP-LEFT
tensor([[9.8893e-01, 5.5347e-03, 6.6785e-08],
        [5.5347e-03, 6.6785e-08, 2.7007e-19],
        [6.6785e-08, 2.7007e-19, 0.0000e+00]])
2023-10-12 13:47:15,784 | INFO | hi-lo : END EPOCH:   4 | ACCURACY: 34.58 | LOSS: 1.6604949235916138
2023-10-12 13:47:15,784 | INFO | hi-lo : BEGIN EPOCH 5 =========================================================================
2023-10-12 13:47:15,784 | INFO | hi-lo.kernel-accessor : Fetching kernel: gumbel
2023-10-12 13:47:15,785 | INFO | hi-lo.gumbel-kernel : MU (LOCATION): 0.02859654650092125 | BETA (SCALE): 0.4883013069629669
2023-10-12 13:47:15,786 | INFO | hi-lo.gumbel-kernel : TOP-LEFT
tensor([[9.9936e-01, 3.1782e-04, 2.4839e-25],
        [3.1782e-04, 2.4839e-25, 0.0000e+00],
        [2.4839e-25, 0.0000e+00, 0.0000e+00]])
2023-10-12 13:47:15,786 | INFO | hi-lo.kernel-accessor : Fetching kernel: gumbel
2023-10-12 13:47:15,786 | INFO | hi-lo.gumbel-kernel : MU (LOCATION): 1 | BETA (SCALE): 1
2023-10-12 13:47:15,787 | INFO | hi-lo.gumbel-kernel : STATIC
tensor([[5.6765e-01, 1.6550e-01, 3.2357e-02],
        [1.6550e-01, 3.2357e-02, 2.1352e-03],
        [3.2357e-02, 2.1352e-03, 7.3562e-06]])
2023-10-12 13:47:15,787 | INFO | hi-lo.kernel-accessor : Fetching kernel: gumbel
2023-10-12 13:47:15,787 | INFO | hi-lo.gumbel-kernel : MU (LOCATION): 1 | BETA (SCALE): 1
2023-10-12 13:47:15,788 | INFO | hi-lo.gumbel-kernel : STATIC
tensor([[5.6765e-01, 1.6550e-01, 3.2357e-02],
        [1.6550e-01, 3.2357e-02, 2.1352e-03],
        [3.2357e-02, 2.1352e-03, 7.3562e-06]])
2023-10-12 13:47:15,788 | INFO | hi-lo.kernel-accessor : Fetching kernel: gumbel
2023-10-12 13:47:15,788 | INFO | hi-lo.gumbel-kernel : MU (LOCATION): -0.6402799487113953 | BETA (SCALE): 1.136314868927002
2023-10-12 13:47:15,789 | INFO | hi-lo.gumbel-kernel : TOP-LEFT
tensor([[9.8945e-01, 5.2725e-03, 6.0285e-08],
        [5.2725e-03, 6.0285e-08, 2.5399e-19],
        [6.0285e-08, 2.5399e-19, 0.0000e+00]])
2023-10-12 13:47:24,493 | INFO | hi-lo : END EPOCH:   5 | ACCURACY: 37.8 | LOSS: 1.7910597324371338
2023-10-12 13:47:24,493 | INFO | hi-lo : BEGIN EPOCH 6 =========================================================================
2023-10-12 13:47:24,493 | INFO | hi-lo.kernel-accessor : Fetching kernel: gumbel
2023-10-12 13:47:24,494 | INFO | hi-lo.gumbel-kernel : MU (LOCATION): 0.11497877538204193 | BETA (SCALE): 0.5115582346916199
2023-10-12 13:47:24,495 | INFO | hi-lo.gumbel-kernel : BOTTOM-LEFT
tensor([[5.7180e-16, 0.0000e+00, 0.0000e+00],
        [2.9433e-03, 5.7180e-16, 0.0000e+00],
        [9.9411e-01, 2.9433e-03, 5.7180e-16]])
2023-10-12 13:47:24,495 | INFO | hi-lo.kernel-accessor : Fetching kernel: gumbel
2023-10-12 13:47:24,495 | INFO | hi-lo.gumbel-kernel : MU (LOCATION): -0.4943055212497711 | BETA (SCALE): 0.7659035921096802
2023-10-12 13:47:24,496 | INFO | hi-lo.gumbel-kernel : TOP-LEFT
tensor([[9.9997e-01, 1.5329e-05, 8.8129e-22],
        [1.5329e-05, 8.8131e-22, 0.0000e+00],
        [8.8129e-22, 0.0000e+00, 0.0000e+00]])
2023-10-12 13:47:24,496 | INFO | hi-lo.kernel-accessor : Fetching kernel: gumbel
2023-10-12 13:47:24,496 | INFO | hi-lo.gumbel-kernel : MU (LOCATION): -0.344717413187027 | BETA (SCALE): 1.0916357040405273
2023-10-12 13:47:24,497 | INFO | hi-lo.gumbel-kernel : TOP-LEFT
tensor([[9.5444e-01, 2.2768e-02, 7.9201e-06],
        [2.2768e-02, 7.9202e-06, 7.0927e-14],
        [7.9201e-06, 7.0927e-14, 2.1490e-33]])
2023-10-12 13:47:24,497 | INFO | hi-lo.kernel-accessor : Fetching kernel: gumbel
2023-10-12 13:47:24,497 | INFO | hi-lo.gumbel-kernel : MU (LOCATION): 1 | BETA (SCALE): 1
2023-10-12 13:47:24,498 | INFO | hi-lo.gumbel-kernel : STATIC
tensor([[5.6765e-01, 1.6550e-01, 3.2357e-02],
        [1.6550e-01, 3.2357e-02, 2.1352e-03],
        [3.2357e-02, 2.1352e-03, 7.3562e-06]])
2023-10-12 13:47:33,166 | INFO | hi-lo : END EPOCH:   6 | ACCURACY: 46.88 | LOSS: 1.9868627786636353
2023-10-12 13:47:33,166 | INFO | hi-lo : BEGIN EPOCH 7 =========================================================================
2023-10-12 13:47:33,166 | INFO | hi-lo.kernel-accessor : Fetching kernel: gumbel
2023-10-12 13:47:33,167 | INFO | hi-lo.gumbel-kernel : MU (LOCATION): 0.01392433326691389 | BETA (SCALE): 0.48152050375938416
2023-10-12 13:47:33,168 | INFO | hi-lo.gumbel-kernel : BOTTOM-LEFT
tensor([[3.2625e-28, 0.0000e+00, 0.0000e+00],
        [1.7278e-04, 3.2625e-28, 0.0000e+00],
        [9.9965e-01, 1.7278e-04, 3.2625e-28]])
2023-10-12 13:47:33,168 | INFO | hi-lo.kernel-accessor : Fetching kernel: gumbel
2023-10-12 13:47:33,168 | INFO | hi-lo.gumbel-kernel : MU (LOCATION): -0.4574717581272125 | BETA (SCALE): 0.7610727548599243
2023-10-12 13:47:33,169 | INFO | hi-lo.gumbel-kernel : BOTTOM-LEFT
tensor([[1.9867e-20, 0.0000e+00, 0.0000e+00],
        [3.1453e-05, 1.9867e-20, 0.0000e+00],
        [9.9994e-01, 3.1453e-05, 1.9867e-20]])
2023-10-12 13:47:33,169 | INFO | hi-lo.kernel-accessor : Fetching kernel: gumbel
2023-10-12 13:47:33,169 | INFO | hi-lo.gumbel-kernel : MU (LOCATION): -0.35409820079803467 | BETA (SCALE): 1.1608023643493652
2023-10-12 13:47:33,170 | INFO | hi-lo.gumbel-kernel : BOTTOM-LEFT
tensor([[3.5085e-05, 1.1277e-11, 1.5742e-26],
        [3.1965e-02, 3.5085e-05, 1.1277e-11],
        [9.3596e-01, 3.1965e-02, 3.5085e-05]])
2023-10-12 13:47:33,170 | INFO | hi-lo.kernel-accessor : Fetching kernel: gumbel
2023-10-12 13:47:33,170 | INFO | hi-lo.gumbel-kernel : MU (LOCATION): 1 | BETA (SCALE): 1
2023-10-12 13:47:33,171 | INFO | hi-lo.gumbel-kernel : STATIC
tensor([[5.6765e-01, 1.6550e-01, 3.2357e-02],
        [1.6550e-01, 3.2357e-02, 2.1352e-03],
        [3.2357e-02, 2.1352e-03, 7.3562e-06]])
2023-10-12 13:47:41,811 | INFO | hi-lo : END EPOCH:   7 | ACCURACY: 50.78 | LOSS: 1.5183309316635132
2023-10-12 13:47:41,811 | INFO | hi-lo : BEGIN EPOCH 8 =========================================================================
2023-10-12 13:47:41,811 | INFO | hi-lo.kernel-accessor : Fetching kernel: gumbel
2023-10-12 13:47:41,811 | INFO | hi-lo.gumbel-kernel : MU (LOCATION): 1 | BETA (SCALE): 1
2023-10-12 13:47:41,812 | INFO | hi-lo.gumbel-kernel : STATIC
tensor([[5.6765e-01, 1.6550e-01, 3.2357e-02],
        [1.6550e-01, 3.2357e-02, 2.1352e-03],
        [3.2357e-02, 2.1352e-03, 7.3562e-06]])
2023-10-12 13:47:41,812 | INFO | hi-lo.kernel-accessor : Fetching kernel: gumbel
2023-10-12 13:47:41,813 | INFO | hi-lo.gumbel-kernel : MU (LOCATION): 1 | BETA (SCALE): 1
2023-10-12 13:47:41,813 | INFO | hi-lo.gumbel-kernel : STATIC
tensor([[5.6765e-01, 1.6550e-01, 3.2357e-02],
        [1.6550e-01, 3.2357e-02, 2.1352e-03],
        [3.2357e-02, 2.1352e-03, 7.3562e-06]])
2023-10-12 13:47:41,813 | INFO | hi-lo.kernel-accessor : Fetching kernel: gumbel
2023-10-12 13:47:41,814 | INFO | hi-lo.gumbel-kernel : MU (LOCATION): -0.35332947969436646 | BETA (SCALE): 1.0558998584747314
2023-10-12 13:47:41,814 | INFO | hi-lo.gumbel-kernel : TOP-LEFT
tensor([[9.6562e-01, 1.7185e-02, 2.3625e-06],
        [1.7185e-02, 2.3625e-06, 1.1652e-15],
        [2.3625e-06, 1.1652e-15, 5.2593e-39]])
2023-10-12 13:47:41,814 | INFO | hi-lo.kernel-accessor : Fetching kernel: gumbel
2023-10-12 13:47:41,815 | INFO | hi-lo.gumbel-kernel : MU (LOCATION): -0.5158092975616455 | BETA (SCALE): 1.2811650037765503
2023-10-12 13:47:41,815 | INFO | hi-lo.gumbel-kernel : BOTTOM-LEFT
tensor([[4.3408e-05, 6.6759e-11, 3.4478e-23],
        [3.0517e-02, 4.3408e-05, 6.6759e-11],
        [9.3884e-01, 3.0517e-02, 4.3408e-05]])
2023-10-12 13:47:50,367 | INFO | hi-lo : END EPOCH:   8 | ACCURACY: 41.15 | LOSS: 1.6862431764602661
2023-10-12 13:47:50,367 | INFO | hi-lo : BEGIN EPOCH 9 =========================================================================
2023-10-12 13:47:50,368 | INFO | hi-lo.kernel-accessor : Fetching kernel: gumbel
2023-10-12 13:47:50,368 | INFO | hi-lo.gumbel-kernel : MU (LOCATION): 1 | BETA (SCALE): 1
2023-10-12 13:47:50,369 | INFO | hi-lo.gumbel-kernel : STATIC
tensor([[5.6765e-01, 1.6550e-01, 3.2357e-02],
        [1.6550e-01, 3.2357e-02, 2.1352e-03],
        [3.2357e-02, 2.1352e-03, 7.3562e-06]])
2023-10-12 13:47:50,369 | INFO | hi-lo.kernel-accessor : Fetching kernel: gumbel
2023-10-12 13:47:50,370 | INFO | hi-lo.gumbel-kernel : MU (LOCATION): 1 | BETA (SCALE): 1
2023-10-12 13:47:50,370 | INFO | hi-lo.gumbel-kernel : STATIC
tensor([[5.6765e-01, 1.6550e-01, 3.2357e-02],
        [1.6550e-01, 3.2357e-02, 2.1352e-03],
        [3.2357e-02, 2.1352e-03, 7.3562e-06]])
2023-10-12 13:47:50,370 | INFO | hi-lo.kernel-accessor : Fetching kernel: gumbel
2023-10-12 13:47:50,371 | INFO | hi-lo.gumbel-kernel : MU (LOCATION): 1 | BETA (SCALE): 1
2023-10-12 13:47:50,371 | INFO | hi-lo.gumbel-kernel : STATIC
tensor([[5.6765e-01, 1.6550e-01, 3.2357e-02],
        [1.6550e-01, 3.2357e-02, 2.1352e-03],
        [3.2357e-02, 2.1352e-03, 7.3562e-06]])
2023-10-12 13:47:50,371 | INFO | hi-lo.kernel-accessor : Fetching kernel: gumbel
2023-10-12 13:47:50,372 | INFO | hi-lo.gumbel-kernel : MU (LOCATION): 1 | BETA (SCALE): 1
2023-10-12 13:47:50,372 | INFO | hi-lo.gumbel-kernel : STATIC
tensor([[5.6765e-01, 1.6550e-01, 3.2357e-02],
        [1.6550e-01, 3.2357e-02, 2.1352e-03],
        [3.2357e-02, 2.1352e-03, 7.3562e-06]])
2023-10-12 13:47:58,941 | INFO | hi-lo : END EPOCH:   9 | ACCURACY: 49.22 | LOSS: 1.6244633197784424
2023-10-12 13:47:58,941 | INFO | hi-lo : BEGIN EPOCH 10 =========================================================================
2023-10-12 13:47:58,941 | INFO | hi-lo.kernel-accessor : Fetching kernel: gumbel
2023-10-12 13:47:58,942 | INFO | hi-lo.gumbel-kernel : MU (LOCATION): 1 | BETA (SCALE): 1
2023-10-12 13:47:58,943 | INFO | hi-lo.gumbel-kernel : STATIC
tensor([[5.6765e-01, 1.6550e-01, 3.2357e-02],
        [1.6550e-01, 3.2357e-02, 2.1352e-03],
        [3.2357e-02, 2.1352e-03, 7.3562e-06]])
2023-10-12 13:47:58,943 | INFO | hi-lo.kernel-accessor : Fetching kernel: gumbel
2023-10-12 13:47:58,944 | INFO | hi-lo.gumbel-kernel : MU (LOCATION): -0.34507495164871216 | BETA (SCALE): 0.8533118963241577
2023-10-12 13:47:58,944 | INFO | hi-lo.gumbel-kernel : BOTTOM-LEFT
tensor([[6.2269e-11, 4.4161e-34, 0.0000e+00],
        [2.0732e-03, 6.2269e-11, 4.4161e-34],
        [9.9585e-01, 2.0732e-03, 6.2269e-11]])
2023-10-12 13:47:58,944 | INFO | hi-lo.kernel-accessor : Fetching kernel: gumbel
2023-10-12 13:47:58,945 | INFO | hi-lo.gumbel-kernel : MU (LOCATION): 1 | BETA (SCALE): 1
2023-10-12 13:47:58,945 | INFO | hi-lo.gumbel-kernel : STATIC
tensor([[5.6765e-01, 1.6550e-01, 3.2357e-02],
        [1.6550e-01, 3.2357e-02, 2.1352e-03],
        [3.2357e-02, 2.1352e-03, 7.3562e-06]])
2023-10-12 13:47:58,945 | INFO | hi-lo.kernel-accessor : Fetching kernel: gumbel
2023-10-12 13:47:58,946 | INFO | hi-lo.gumbel-kernel : MU (LOCATION): 1 | BETA (SCALE): 1
2023-10-12 13:47:58,947 | INFO | hi-lo.gumbel-kernel : STATIC
tensor([[5.6765e-01, 1.6550e-01, 3.2357e-02],
        [1.6550e-01, 3.2357e-02, 2.1352e-03],
        [3.2357e-02, 2.1352e-03, 7.3562e-06]])
2023-10-12 13:48:07,461 | INFO | hi-lo : END EPOCH:  10 | ACCURACY: 43.3 | LOSS: 1.5936626195907593
2023-10-12 13:48:07,461 | INFO | hi-lo : BEGIN EPOCH 11 =========================================================================
2023-10-12 13:48:07,461 | INFO | hi-lo.kernel-accessor : Fetching kernel: gumbel
2023-10-12 13:48:07,462 | INFO | hi-lo.gumbel-kernel : MU (LOCATION): -0.09289725124835968 | BETA (SCALE): 0.4676915109157562
2023-10-12 13:48:07,462 | INFO | hi-lo.gumbel-kernel : TOP-LEFT
tensor([[1.0000e+00, 1.7218e-06, 0.0000e+00],
        [1.7218e-06, 0.0000e+00, 0.0000e+00],
        [0.0000e+00, 0.0000e+00, 0.0000e+00]])
2023-10-12 13:48:07,463 | INFO | hi-lo.kernel-accessor : Fetching kernel: gumbel
2023-10-12 13:48:07,463 | INFO | hi-lo.gumbel-kernel : MU (LOCATION): -0.36159443855285645 | BETA (SCALE): 0.8482156991958618
2023-10-12 13:48:07,463 | INFO | hi-lo.gumbel-kernel : BOTTOM-LEFT
tensor([[1.6852e-11, 3.0158e-36, 0.0000e+00],
        [1.5614e-03, 1.6852e-11, 3.0158e-36],
        [9.9688e-01, 1.5614e-03, 1.6852e-11]])
2023-10-12 13:48:07,464 | INFO | hi-lo.kernel-accessor : Fetching kernel: gumbel
2023-10-12 13:48:07,464 | INFO | hi-lo.gumbel-kernel : MU (LOCATION): -0.2557971775531769 | BETA (SCALE): 1.2727022171020508
2023-10-12 13:48:07,464 | INFO | hi-lo.gumbel-kernel : TOP-LEFT
tensor([[8.6574e-01, 6.6227e-02, 6.0143e-04],
        [6.6227e-02, 6.0143e-04, 5.0909e-08],
        [6.0143e-04, 5.0909e-08, 1.5114e-16]])
2023-10-12 13:48:07,465 | INFO | hi-lo.kernel-accessor : Fetching kernel: gumbel
2023-10-12 13:48:07,465 | INFO | hi-lo.gumbel-kernel : MU (LOCATION): -1.1099920272827148 | BETA (SCALE): 2.828382730484009
2023-10-12 13:48:07,466 | INFO | hi-lo.gumbel-kernel : TOP-LEFT
tensor([[5.8111e-01, 1.6104e-01, 3.0083e-02],
        [1.6104e-01, 3.0083e-02, 3.2051e-03],
        [3.0083e-02, 3.2051e-03, 1.5346e-04]])
2023-10-12 13:48:15,991 | INFO | hi-lo : END EPOCH:  11 | ACCURACY: 41.04 | LOSS: 1.7719261646270752
2023-10-12 13:48:15,991 | INFO | hi-lo : BEGIN EPOCH 12 =========================================================================
2023-10-12 13:48:15,991 | INFO | hi-lo.kernel-accessor : Fetching kernel: gumbel
2023-10-12 13:48:15,992 | INFO | hi-lo.gumbel-kernel : MU (LOCATION): 1 | BETA (SCALE): 1
2023-10-12 13:48:15,993 | INFO | hi-lo.gumbel-kernel : STATIC
tensor([[5.6765e-01, 1.6550e-01, 3.2357e-02],
        [1.6550e-01, 3.2357e-02, 2.1352e-03],
        [3.2357e-02, 2.1352e-03, 7.3562e-06]])
2023-10-12 13:48:15,993 | INFO | hi-lo.kernel-accessor : Fetching kernel: gumbel
2023-10-12 13:48:15,993 | INFO | hi-lo.gumbel-kernel : MU (LOCATION): -0.3665240705013275 | BETA (SCALE): 0.9769798517227173
2023-10-12 13:48:15,994 | INFO | hi-lo.gumbel-kernel : BOTTOM-LEFT
tensor([[7.9424e-08, 5.6674e-21, 0.0000e+00],
        [8.0998e-03, 7.9423e-08, 5.6674e-21],
        [9.8380e-01, 8.0998e-03, 7.9424e-08]])
2023-10-12 13:48:15,994 | INFO | hi-lo.kernel-accessor : Fetching kernel: gumbel
2023-10-12 13:48:15,994 | INFO | hi-lo.gumbel-kernel : MU (LOCATION): -0.3688790500164032 | BETA (SCALE): 1.6237956285476685
2023-10-12 13:48:15,995 | INFO | hi-lo.gumbel-kernel : BOTTOM-LEFT
tensor([[4.9009e-03, 2.6749e-05, 2.9225e-09],
        [1.0856e-01, 4.9009e-03, 2.6749e-05],
        [7.6812e-01, 1.0856e-01, 4.9009e-03]])
2023-10-12 13:48:15,995 | INFO | hi-lo.kernel-accessor : Fetching kernel: gumbel
2023-10-12 13:48:15,995 | INFO | hi-lo.gumbel-kernel : MU (LOCATION): -0.8932778835296631 | BETA (SCALE): 2.1598925590515137
2023-10-12 13:48:15,996 | INFO | hi-lo.gumbel-kernel : BOTTOM-LEFT
tensor([[8.8930e-03, 1.8699e-04, 5.3140e-07],
        [1.2001e-01, 8.8930e-03, 1.8699e-04],
        [7.3293e-01, 1.2001e-01, 8.8930e-03]])
2023-10-12 13:48:24,552 | INFO | hi-lo : END EPOCH:  12 | ACCURACY: 45.7 | LOSS: 1.2666404247283936
2023-10-12 13:48:24,552 | INFO | hi-lo : BEGIN EPOCH 13 =========================================================================
2023-10-12 13:48:24,552 | INFO | hi-lo.kernel-accessor : Fetching kernel: gumbel
2023-10-12 13:48:24,553 | INFO | hi-lo.gumbel-kernel : MU (LOCATION): 1 | BETA (SCALE): 1
2023-10-12 13:48:24,553 | INFO | hi-lo.gumbel-kernel : STATIC
tensor([[5.6765e-01, 1.6550e-01, 3.2357e-02],
        [1.6550e-01, 3.2357e-02, 2.1352e-03],
        [3.2357e-02, 2.1352e-03, 7.3562e-06]])
2023-10-12 13:48:24,553 | INFO | hi-lo.kernel-accessor : Fetching kernel: gumbel
2023-10-12 13:48:24,554 | INFO | hi-lo.gumbel-kernel : MU (LOCATION): -0.37493473291397095 | BETA (SCALE): 0.8885223865509033
2023-10-12 13:48:24,554 | INFO | hi-lo.gumbel-kernel : BOTTOM-LEFT
tensor([[2.7477e-10, 9.6537e-31, 0.0000e+00],
        [2.5504e-03, 2.7477e-10, 9.6537e-31],
        [9.9490e-01, 2.5504e-03, 2.7477e-10]])
2023-10-12 13:48:24,554 | INFO | hi-lo.kernel-accessor : Fetching kernel: gumbel
2023-10-12 13:48:24,555 | INFO | hi-lo.gumbel-kernel : MU (LOCATION): -0.30118903517723083 | BETA (SCALE): 1.4245572090148926
2023-10-12 13:48:24,555 | INFO | hi-lo.gumbel-kernel : TOP-LEFT
tensor([[8.2205e-01, 8.6182e-02, 1.8593e-03],
        [8.6182e-02, 1.8593e-03, 1.6518e-06],
        [1.8593e-03, 1.6518e-06, 2.3515e-12]])
2023-10-12 13:48:24,555 | INFO | hi-lo.kernel-accessor : Fetching kernel: gumbel
2023-10-12 13:48:24,556 | INFO | hi-lo.gumbel-kernel : MU (LOCATION): 1 | BETA (SCALE): 1
2023-10-12 13:48:24,556 | INFO | hi-lo.gumbel-kernel : STATIC
tensor([[5.6765e-01, 1.6550e-01, 3.2357e-02],
        [1.6550e-01, 3.2357e-02, 2.1352e-03],
        [3.2357e-02, 2.1352e-03, 7.3562e-06]])
2023-10-12 13:48:33,117 | INFO | hi-lo : END EPOCH:  13 | ACCURACY: 45.09 | LOSS: 1.6575771570205688
2023-10-12 13:48:33,117 | INFO | hi-lo : BEGIN EPOCH 14 =========================================================================
2023-10-12 13:48:33,117 | INFO | hi-lo.kernel-accessor : Fetching kernel: gumbel
2023-10-12 13:48:33,118 | INFO | hi-lo.gumbel-kernel : MU (LOCATION): 0.025233788415789604 | BETA (SCALE): 0.49024707078933716
2023-10-12 13:48:33,119 | INFO | hi-lo.gumbel-kernel : TOP-LEFT
tensor([[9.9938e-01, 3.1120e-04, 2.8562e-25],
        [3.1120e-04, 2.8562e-25, 0.0000e+00],
        [2.8562e-25, 0.0000e+00, 0.0000e+00]])
2023-10-12 13:48:33,119 | INFO | hi-lo.kernel-accessor : Fetching kernel: gumbel
2023-10-12 13:48:33,119 | INFO | hi-lo.gumbel-kernel : MU (LOCATION): 1 | BETA (SCALE): 1
2023-10-12 13:48:33,120 | INFO | hi-lo.gumbel-kernel : STATIC
tensor([[5.6765e-01, 1.6550e-01, 3.2357e-02],
        [1.6550e-01, 3.2357e-02, 2.1352e-03],
        [3.2357e-02, 2.1352e-03, 7.3562e-06]])
2023-10-12 13:48:33,120 | INFO | hi-lo.kernel-accessor : Fetching kernel: gumbel
2023-10-12 13:48:33,120 | INFO | hi-lo.gumbel-kernel : MU (LOCATION): -0.22424976527690887 | BETA (SCALE): 1.1093400716781616
2023-10-12 13:48:33,121 | INFO | hi-lo.gumbel-kernel : TOP-LEFT
tensor([[9.1665e-01, 4.1560e-02, 7.6242e-05],
        [4.1560e-02, 7.6242e-05, 5.1839e-11],
        [7.6242e-05, 5.1839e-11, 1.2473e-25]])
2023-10-12 13:48:33,121 | INFO | hi-lo.kernel-accessor : Fetching kernel: gumbel
2023-10-12 13:48:33,121 | INFO | hi-lo.gumbel-kernel : MU (LOCATION): -0.9741657376289368 | BETA (SCALE): 2.219388484954834
2023-10-12 13:48:33,122 | INFO | hi-lo.gumbel-kernel : TOP-LEFT
tensor([[7.3491e-01, 1.1908e-01, 8.8492e-03],
        [1.1908e-01, 8.8492e-03, 1.9354e-04],
        [8.8492e-03, 1.9354e-04, 6.2092e-07]])
2023-10-12 13:48:41,679 | INFO | hi-lo : END EPOCH:  14 | ACCURACY: 52.6 | LOSS: 1.3070638179779053
2023-10-12 13:48:41,679 | INFO | hi-lo : BEGIN EPOCH 15 =========================================================================
2023-10-12 13:48:41,679 | INFO | hi-lo.kernel-accessor : Fetching kernel: gumbel
2023-10-12 13:48:41,680 | INFO | hi-lo.gumbel-kernel : MU (LOCATION): -0.11723488569259644 | BETA (SCALE): 0.5159042477607727
2023-10-12 13:48:41,680 | INFO | hi-lo.gumbel-kernel : BOTTOM-LEFT
tensor([[9.5431e-35, 0.0000e+00, 0.0000e+00],
        [1.2282e-05, 9.5431e-35, 0.0000e+00],
        [9.9998e-01, 1.2282e-05, 9.5431e-35]])
2023-10-12 13:48:41,680 | INFO | hi-lo.kernel-accessor : Fetching kernel: gumbel
2023-10-12 13:48:41,681 | INFO | hi-lo.gumbel-kernel : MU (LOCATION): -0.3791366517543793 | BETA (SCALE): 0.8459746241569519
2023-10-12 13:48:41,681 | INFO | hi-lo.gumbel-kernel : TOP-LEFT
tensor([[9.9760e-01, 1.1999e-03, 5.2244e-12],
        [1.1999e-03, 5.2244e-12, 4.0959e-38],
        [5.2244e-12, 4.0959e-38, 0.0000e+00]])
2023-10-12 13:48:41,681 | INFO | hi-lo.kernel-accessor : Fetching kernel: gumbel
2023-10-12 13:48:41,682 | INFO | hi-lo.gumbel-kernel : MU (LOCATION): -0.2291744202375412 | BETA (SCALE): 1.214789867401123
2023-10-12 13:48:41,682 | INFO | hi-lo.gumbel-kernel : BOTTOM-LEFT
tensor([[3.7710e-04, 1.0480e-08, 1.2575e-18],
        [5.9878e-02, 3.7710e-04, 1.0480e-08],
        [8.7911e-01, 5.9878e-02, 3.7710e-04]])
2023-10-12 13:48:41,683 | INFO | hi-lo.kernel-accessor : Fetching kernel: gumbel
2023-10-12 13:48:41,683 | INFO | hi-lo.gumbel-kernel : MU (LOCATION): 1 | BETA (SCALE): 1
2023-10-12 13:48:41,683 | INFO | hi-lo.gumbel-kernel : STATIC
tensor([[5.6765e-01, 1.6550e-01, 3.2357e-02],
        [1.6550e-01, 3.2357e-02, 2.1352e-03],
        [3.2357e-02, 2.1352e-03, 7.3562e-06]])
2023-10-12 13:48:50,264 | INFO | hi-lo : END EPOCH:  15 | ACCURACY: 48.44 | LOSS: 1.5700349807739258
2023-10-12 13:48:50,264 | INFO | hi-lo : BEGIN EPOCH 16 =========================================================================
2023-10-12 13:48:50,265 | INFO | hi-lo.kernel-accessor : Fetching kernel: gumbel
2023-10-12 13:48:50,265 | INFO | hi-lo.gumbel-kernel : MU (LOCATION): -0.11763140559196472 | BETA (SCALE): 0.45551544427871704
2023-10-12 13:48:50,266 | INFO | hi-lo.gumbel-kernel : BOTTOM-LEFT
tensor([[0.0000e+00, 0.0000e+00, 0.0000e+00],
        [1.7206e-07, 0.0000e+00, 0.0000e+00],
        [1.0000e+00, 1.7206e-07, 0.0000e+00]])
2023-10-12 13:48:50,266 | INFO | hi-lo.kernel-accessor : Fetching kernel: gumbel
2023-10-12 13:48:50,266 | INFO | hi-lo.gumbel-kernel : MU (LOCATION): -0.37316814064979553 | BETA (SCALE): 0.9199756979942322
2023-10-12 13:48:50,267 | INFO | hi-lo.gumbel-kernel : BOTTOM-LEFT
tensor([[2.7209e-09, 1.1762e-26, 0.0000e+00],
        [4.0120e-03, 2.7210e-09, 1.1762e-26],
        [9.9198e-01, 4.0120e-03, 2.7209e-09]])
2023-10-12 13:48:50,267 | INFO | hi-lo.kernel-accessor : Fetching kernel: gumbel
2023-10-12 13:48:50,268 | INFO | hi-lo.gumbel-kernel : MU (LOCATION): 1 | BETA (SCALE): 1
2023-10-12 13:48:50,268 | INFO | hi-lo.gumbel-kernel : STATIC
tensor([[5.6765e-01, 1.6550e-01, 3.2357e-02],
        [1.6550e-01, 3.2357e-02, 2.1352e-03],
        [3.2357e-02, 2.1352e-03, 7.3562e-06]])
2023-10-12 13:48:50,268 | INFO | hi-lo.kernel-accessor : Fetching kernel: gumbel
2023-10-12 13:48:50,269 | INFO | hi-lo.gumbel-kernel : MU (LOCATION): -1.569724202156067 | BETA (SCALE): 4.464853286743164
2023-10-12 13:48:50,269 | INFO | hi-lo.gumbel-kernel : BOTTOM-LEFT
tensor([[0.0744, 0.0269, 0.0080],
        [0.1754, 0.0744, 0.0269],
        [0.3644, 0.1754, 0.0744]])
2023-10-12 13:48:58,876 | INFO | hi-lo : END EPOCH:  16 | ACCURACY: 46.33 | LOSS: 1.643664836883545
2023-10-12 13:48:58,876 | INFO | hi-lo : BEGIN EPOCH 17 =========================================================================
2023-10-12 13:48:58,877 | INFO | hi-lo.kernel-accessor : Fetching kernel: gumbel
2023-10-12 13:48:58,877 | INFO | hi-lo.gumbel-kernel : MU (LOCATION): 0.006046089343726635 | BETA (SCALE): 0.5110478401184082
2023-10-12 13:48:58,878 | INFO | hi-lo.gumbel-kernel : TOP-LEFT
tensor([[9.9925e-01, 3.7379e-04, 3.0570e-23],
        [3.7379e-04, 3.0570e-23, 0.0000e+00],
        [3.0570e-23, 0.0000e+00, 0.0000e+00]])
2023-10-12 13:48:58,878 | INFO | hi-lo.kernel-accessor : Fetching kernel: gumbel
2023-10-12 13:48:58,879 | INFO | hi-lo.gumbel-kernel : MU (LOCATION): -0.3510702848434448 | BETA (SCALE): 0.9077528715133667
2023-10-12 13:48:58,879 | INFO | hi-lo.gumbel-kernel : TOP-LEFT
tensor([[9.9153e-01, 4.2350e-03, 2.8725e-09],
        [4.2350e-03, 2.8725e-09, 7.2090e-27],
        [2.8725e-09, 7.2090e-27, 0.0000e+00]])
2023-10-12 13:48:58,879 | INFO | hi-lo.kernel-accessor : Fetching kernel: gumbel
2023-10-12 13:48:58,880 | INFO | hi-lo.gumbel-kernel : MU (LOCATION): -0.4565783143043518 | BETA (SCALE): 1.9690390825271606
2023-10-12 13:48:58,880 | INFO | hi-lo.gumbel-kernel : BOTTOM-LEFT
tensor([[1.4793e-02, 4.8716e-04, 2.3458e-06],
        [1.4124e-01, 1.4793e-02, 4.8716e-04],
        [6.7216e-01, 1.4124e-01, 1.4793e-02]])
2023-10-12 13:48:58,880 | INFO | hi-lo.kernel-accessor : Fetching kernel: gumbel
2023-10-12 13:48:58,881 | INFO | hi-lo.gumbel-kernel : MU (LOCATION): -0.745655357837677 | BETA (SCALE): 2.132460117340088
2023-10-12 13:48:58,881 | INFO | hi-lo.gumbel-kernel : BOTTOM-LEFT
tensor([[1.2005e-02, 3.4665e-04, 1.5894e-06],
        [1.3145e-01, 1.2005e-02, 3.4665e-04],
        [7.0038e-01, 1.3145e-01, 1.2005e-02]])
2023-10-12 13:49:07,539 | INFO | hi-lo : END EPOCH:  17 | ACCURACY: 49.61 | LOSS: 1.1665445566177368
2023-10-12 13:49:07,539 | INFO | hi-lo : BEGIN EPOCH 18 =========================================================================
2023-10-12 13:49:07,539 | INFO | hi-lo.kernel-accessor : Fetching kernel: gumbel
2023-10-12 13:49:07,540 | INFO | hi-lo.gumbel-kernel : MU (LOCATION): 1 | BETA (SCALE): 1
2023-10-12 13:49:07,540 | INFO | hi-lo.gumbel-kernel : STATIC
tensor([[5.6765e-01, 1.6550e-01, 3.2357e-02],
        [1.6550e-01, 3.2357e-02, 2.1352e-03],
        [3.2357e-02, 2.1352e-03, 7.3562e-06]])
2023-10-12 13:49:07,541 | INFO | hi-lo.kernel-accessor : Fetching kernel: gumbel
2023-10-12 13:49:07,541 | INFO | hi-lo.gumbel-kernel : MU (LOCATION): 1 | BETA (SCALE): 1
2023-10-12 13:49:07,541 | INFO | hi-lo.gumbel-kernel : STATIC
tensor([[5.6765e-01, 1.6550e-01, 3.2357e-02],
        [1.6550e-01, 3.2357e-02, 2.1352e-03],
        [3.2357e-02, 2.1352e-03, 7.3562e-06]])
2023-10-12 13:49:07,542 | INFO | hi-lo.kernel-accessor : Fetching kernel: gumbel
2023-10-12 13:49:07,542 | INFO | hi-lo.gumbel-kernel : MU (LOCATION): -0.3662091791629791 | BETA (SCALE): 1.6925987005233765
2023-10-12 13:49:07,542 | INFO | hi-lo.gumbel-kernel : TOP-LEFT
tensor([[7.4155e-01, 1.1868e-01, 6.9869e-03],
        [1.1868e-01, 6.9869e-03, 6.7626e-05],
        [6.9869e-03, 6.7626e-05, 2.5136e-08]])
2023-10-12 13:49:07,543 | INFO | hi-lo.kernel-accessor : Fetching kernel: gumbel
2023-10-12 13:49:07,543 | INFO | hi-lo.gumbel-kernel : MU (LOCATION): -1.372126579284668 | BETA (SCALE): 3.8811545372009277
2023-10-12 13:49:07,543 | INFO | hi-lo.gumbel-kernel : TOP-LEFT
tensor([[0.4159, 0.1771, 0.0633],
        [0.1771, 0.0633, 0.0180],
        [0.0633, 0.0180, 0.0038]])
2023-10-12 13:49:16,176 | INFO | hi-lo : END EPOCH:  18 | ACCURACY: 39.45 | LOSS: 1.4967128038406372
2023-10-12 13:49:16,177 | INFO | hi-lo : BEGIN EPOCH 19 =========================================================================
2023-10-12 13:49:16,177 | INFO | hi-lo.kernel-accessor : Fetching kernel: gumbel
2023-10-12 13:49:16,177 | INFO | hi-lo.gumbel-kernel : MU (LOCATION): 1 | BETA (SCALE): 1
2023-10-12 13:49:16,178 | INFO | hi-lo.gumbel-kernel : STATIC
tensor([[5.6765e-01, 1.6550e-01, 3.2357e-02],
        [1.6550e-01, 3.2357e-02, 2.1352e-03],
        [3.2357e-02, 2.1352e-03, 7.3562e-06]])
2023-10-12 13:49:16,178 | INFO | hi-lo.kernel-accessor : Fetching kernel: gumbel
2023-10-12 13:49:16,179 | INFO | hi-lo.gumbel-kernel : MU (LOCATION): 1 | BETA (SCALE): 1
2023-10-12 13:49:16,179 | INFO | hi-lo.gumbel-kernel : STATIC
tensor([[5.6765e-01, 1.6550e-01, 3.2357e-02],
        [1.6550e-01, 3.2357e-02, 2.1352e-03],
        [3.2357e-02, 2.1352e-03, 7.3562e-06]])
2023-10-12 13:49:16,179 | INFO | hi-lo.kernel-accessor : Fetching kernel: gumbel
2023-10-12 13:49:16,180 | INFO | hi-lo.gumbel-kernel : MU (LOCATION): 1 | BETA (SCALE): 1
2023-10-12 13:49:16,180 | INFO | hi-lo.gumbel-kernel : STATIC
tensor([[5.6765e-01, 1.6550e-01, 3.2357e-02],
        [1.6550e-01, 3.2357e-02, 2.1352e-03],
        [3.2357e-02, 2.1352e-03, 7.3562e-06]])
2023-10-12 13:49:16,180 | INFO | hi-lo.kernel-accessor : Fetching kernel: gumbel
2023-10-12 13:49:16,181 | INFO | hi-lo.gumbel-kernel : MU (LOCATION): -1.9828431606292725 | BETA (SCALE): 4.817131519317627
2023-10-12 13:49:16,181 | INFO | hi-lo.gumbel-kernel : TOP-LEFT
tensor([[0.3641, 0.1749, 0.0744],
        [0.1749, 0.0744, 0.0273],
        [0.0744, 0.0273, 0.0083]])
2023-10-12 13:49:24,866 | INFO | hi-lo : END EPOCH:  19 | ACCURACY: 57.03 | LOSS: 1.586566686630249
2023-10-12 13:49:24,866 | INFO | hi-lo : BEGIN EPOCH 20 =========================================================================
2023-10-12 13:49:24,867 | INFO | hi-lo.kernel-accessor : Fetching kernel: gumbel
2023-10-12 13:49:24,867 | INFO | hi-lo.gumbel-kernel : MU (LOCATION): -0.09540216624736786 | BETA (SCALE): 0.4689177870750427
2023-10-12 13:49:24,868 | INFO | hi-lo.gumbel-kernel : TOP-LEFT
tensor([[1.0000e+00, 1.6688e-06, 0.0000e+00],
        [1.6688e-06, 0.0000e+00, 0.0000e+00],
        [0.0000e+00, 0.0000e+00, 0.0000e+00]])
2023-10-12 13:49:24,868 | INFO | hi-lo.kernel-accessor : Fetching kernel: gumbel
2023-10-12 13:49:24,868 | INFO | hi-lo.gumbel-kernel : MU (LOCATION): -0.31081312894821167 | BETA (SCALE): 0.875834584236145
2023-10-12 13:49:24,869 | INFO | hi-lo.gumbel-kernel : BOTTOM-LEFT
tensor([[1.6714e-09, 1.7844e-28, 0.0000e+00],
        [4.1440e-03, 1.6714e-09, 1.7844e-28],
        [9.9171e-01, 4.1440e-03, 1.6714e-09]])
2023-10-12 13:49:24,869 | INFO | hi-lo.kernel-accessor : Fetching kernel: gumbel
2023-10-12 13:49:24,870 | INFO | hi-lo.gumbel-kernel : MU (LOCATION): -0.29312437772750854 | BETA (SCALE): 1.438820242881775
2023-10-12 13:49:24,870 | INFO | hi-lo.gumbel-kernel : BOTTOM-LEFT
tensor([[2.1819e-03, 2.5497e-06, 6.8205e-12],
        [8.9842e-02, 2.1819e-03, 2.5497e-06],
        [8.1376e-01, 8.9842e-02, 2.1819e-03]])
2023-10-12 13:49:24,870 | INFO | hi-lo.kernel-accessor : Fetching kernel: gumbel
2023-10-12 13:49:24,871 | INFO | hi-lo.gumbel-kernel : MU (LOCATION): -0.8843759894371033 | BETA (SCALE): 2.551708459854126
2023-10-12 13:49:24,871 | INFO | hi-lo.gumbel-kernel : BOTTOM-LEFT
tensor([[2.5601e-02, 2.1159e-03, 6.3815e-05],
        [1.5673e-01, 2.5601e-02, 2.1159e-03],
        [6.0545e-01, 1.5673e-01, 2.5601e-02]])
2023-10-12 13:49:33,566 | INFO | hi-lo : END EPOCH:  20 | ACCURACY: 50.0 | LOSS: 1.6734484434127808
2023-10-12 13:49:33,566 | INFO | hi-lo : BEGIN EPOCH 21 =========================================================================
2023-10-12 13:49:33,566 | INFO | hi-lo.kernel-accessor : Fetching kernel: gumbel
2023-10-12 13:49:33,567 | INFO | hi-lo.gumbel-kernel : MU (LOCATION): 1 | BETA (SCALE): 1
2023-10-12 13:49:33,567 | INFO | hi-lo.gumbel-kernel : STATIC
tensor([[5.6765e-01, 1.6550e-01, 3.2357e-02],
        [1.6550e-01, 3.2357e-02, 2.1352e-03],
        [3.2357e-02, 2.1352e-03, 7.3562e-06]])
2023-10-12 13:49:33,567 | INFO | hi-lo.kernel-accessor : Fetching kernel: gumbel
2023-10-12 13:49:33,568 | INFO | hi-lo.gumbel-kernel : MU (LOCATION): 1 | BETA (SCALE): 1
2023-10-12 13:49:33,568 | INFO | hi-lo.gumbel-kernel : STATIC
tensor([[5.6765e-01, 1.6550e-01, 3.2357e-02],
        [1.6550e-01, 3.2357e-02, 2.1352e-03],
        [3.2357e-02, 2.1352e-03, 7.3562e-06]])
2023-10-12 13:49:33,568 | INFO | hi-lo.kernel-accessor : Fetching kernel: gumbel
2023-10-12 13:49:33,569 | INFO | hi-lo.gumbel-kernel : MU (LOCATION): -0.2952815592288971 | BETA (SCALE): 1.54005765914917
2023-10-12 13:49:33,569 | INFO | hi-lo.gumbel-kernel : TOP-LEFT
tensor([[7.7543e-01, 1.0591e-01, 4.2426e-03],
        [1.0591e-01, 4.2426e-03, 1.6244e-05],
        [4.2426e-03, 1.6244e-05, 6.9484e-10]])
2023-10-12 13:49:33,569 | INFO | hi-lo.kernel-accessor : Fetching kernel: gumbel
2023-10-12 13:49:33,570 | INFO | hi-lo.gumbel-kernel : MU (LOCATION): 1 | BETA (SCALE): 1
2023-10-12 13:49:33,570 | INFO | hi-lo.gumbel-kernel : STATIC
tensor([[5.6765e-01, 1.6550e-01, 3.2357e-02],
