2023-12-28 19:49:30,635 | INFO | hilo : 
+==============================================================+
|                                                              |
| ██████╗  █████╗ ██████╗ ██╗         ██╗      █████╗ ██████╗  |
| ██╔══██╗██╔══██╗██╔══██╗██║         ██║     ██╔══██╗██╔══██╗ |
| ██║  ██║███████║██║  ██║██║         ██║     ███████║██████╔╝ |
| ██║  ██║██╔══██║██║  ██║██║         ██║     ██╔══██║██╔══██╗ |
| ██████╔╝██║  ██║██████╔╝███████╗    ███████╗██║  ██║██████╔╝ |
| ╚═════╝ ╚═╝  ╚═╝╚═════╝ ╚══════╝    ╚══════╝╚═╝  ╚═╝╚═════╝  |
+==============================================================+
|             Hi-Lo Resolution Image Classification            |
|             -------------------------------------            |
|                       Gabriel C. Trahan                      |
|                          Sahan Ahmad                         |
|                       MD  Aminual Islam                      |
+==============================================================+
2023-12-28 19:49:32,226 | INFO | hilo.dataset-accessor : Fetching dataset: cifar10
2023-12-28 19:49:32,226 | INFO | hilo.cifar10-dataset : Initializing transform
2023-12-28 19:49:32,226 | INFO | hilo.cifar10-dataset : Verifying/downloading train data
2023-12-28 19:49:32,837 | INFO | hilo.cifar10-dataset : Verifying/downloading test data
2023-12-28 19:49:33,327 | INFO | hilo.cifar10-dataset : Creating train data loader.
2023-12-28 19:49:33,327 | INFO | hilo.cifar10-dataset : Creating test data loader.
2023-12-28 19:49:33,351 | INFO | hilo : Output directory: output/normal/cifar10/gaussian/7/20231228_194932/
2023-12-28 19:49:33,391 | INFO | hilo : Using device: NVIDIA GeForce GTX 1060 6GB
2023-12-28 19:49:34,359 | INFO | hilo : Exeucting job: MODEL normal | DATASET cifar10 | KERNEL gaussian | TYPE 7
2023-12-28 19:49:34,359 | INFO | hilo : Commencing training phase...
2023-12-28 19:49:34,360 | INFO | hilo.kernel-accessor : Fetching kernel: gaussian
2023-12-28 19:49:34,360 | INFO | hilo.gaussian-kernel : Calculating Gaussian distribution (location: 0, scale 1.0)
2023-12-28 19:49:34,361 | INFO | hilo.gaussian-kernel : BOTTOM-RIGHT:
tensor([[0.0060, 0.0271, 0.0446],
        [0.0271, 0.1212, 0.1999],
        [0.0446, 0.1999, 0.3296]])
2023-12-28 19:49:34,361 | INFO | hilo.kernel-accessor : Fetching kernel: gaussian
2023-12-28 19:49:34,361 | INFO | hilo.gaussian-kernel : Calculating Gaussian distribution (location: 0, scale 1.0)
2023-12-28 19:49:34,362 | INFO | hilo.gaussian-kernel : BOTTOM-RIGHT:
tensor([[0.0060, 0.0271, 0.0446],
        [0.0271, 0.1212, 0.1999],
        [0.0446, 0.1999, 0.3296]])
2023-12-28 19:49:34,362 | INFO | hilo.kernel-accessor : Fetching kernel: gaussian
2023-12-28 19:49:34,362 | INFO | hilo.gaussian-kernel : Calculating Gaussian distribution (location: 0, scale 1.0)
2023-12-28 19:49:34,362 | INFO | hilo.gaussian-kernel : TOP-LEFT:
tensor([[0.3296, 0.1999, 0.0446],
        [0.1999, 0.1212, 0.0271],
        [0.0446, 0.0271, 0.0060]])
2023-12-28 19:49:34,362 | INFO | hilo.kernel-accessor : Fetching kernel: gaussian
2023-12-28 19:49:34,362 | INFO | hilo.gaussian-kernel : Calculating Gaussian distribution (location: 0, scale 1.0)
2023-12-28 19:49:34,363 | INFO | hilo.gaussian-kernel : TOP-LEFT:
tensor([[0.3296, 0.1999, 0.0446],
        [0.1999, 0.1212, 0.0271],
        [0.0446, 0.0271, 0.0060]])
2023-12-28 19:49:43,392 | INFO | hilo : Epoch   1/200 | Accuracy:  42.5781 | Loss:   1.6055
2023-12-28 19:49:43,392 | INFO | hilo.kernel-accessor : Fetching kernel: gaussian
2023-12-28 19:49:43,393 | INFO | hilo.gaussian-kernel : Calculating Gaussian distribution (location: -0.14098992943763733, scale 0.4580507278442383)
2023-12-28 19:49:43,393 | INFO | hilo.gaussian-kernel : STATIC:
tensor([[9.1200e-01, 4.2972e-02, 1.7236e-05],
        [4.2972e-02, 2.0248e-03, 8.1214e-07],
        [1.7236e-05, 8.1214e-07, 3.2575e-10]])
2023-12-28 19:49:43,394 | INFO | hilo.kernel-accessor : Fetching kernel: gaussian
2023-12-28 19:49:43,394 | INFO | hilo.gaussian-kernel : Calculating Gaussian distribution (location: -0.3580217957496643, scale 0.731894314289093)
2023-12-28 19:49:43,394 | INFO | hilo.gaussian-kernel : TOP-LEFT:
tensor([[6.8548e-01, 1.3815e-01, 4.3049e-03],
        [1.3815e-01, 2.7843e-02, 8.6760e-04],
        [4.3049e-03, 8.6760e-04, 2.7035e-05]])
2023-12-28 19:49:43,395 | INFO | hilo.kernel-accessor : Fetching kernel: gaussian
2023-12-28 19:49:43,395 | INFO | hilo.gaussian-kernel : Calculating Gaussian distribution (location: -0.8905074596405029, scale 1.2315293550491333)
2023-12-28 19:49:43,396 | INFO | hilo.gaussian-kernel : BOTTOM-RIGHT:
tensor([[0.0031, 0.0150, 0.0376],
        [0.0150, 0.0727, 0.1819],
        [0.0376, 0.1819, 0.4550]])
2023-12-28 19:49:43,396 | INFO | hilo.kernel-accessor : Fetching kernel: gaussian
2023-12-28 19:49:43,396 | INFO | hilo.gaussian-kernel : Calculating Gaussian distribution (location: -0.4309249520301819, scale 0.7153602838516235)
2023-12-28 19:49:43,397 | INFO | hilo.gaussian-kernel : STATIC:
tensor([[7.3567e-01, 1.1930e-01, 2.7412e-03],
        [1.1930e-01, 1.9346e-02, 4.4453e-04],
        [2.7412e-03, 4.4453e-04, 1.0214e-05]])
2023-12-28 19:49:51,709 | INFO | hilo : Epoch   2/200 | Accuracy:  48.4375 | Loss:   1.3761
2023-12-28 19:49:51,710 | INFO | hilo.kernel-accessor : Fetching kernel: gaussian
2023-12-28 19:49:51,710 | INFO | hilo.gaussian-kernel : Calculating Gaussian distribution (location: -0.1034473180770874, scale 0.5127562880516052)
2023-12-28 19:49:51,711 | INFO | hilo.gaussian-kernel : BOTTOM-RIGHT:
tensor([[4.2235e-08, 1.8805e-05, 1.8666e-04],
        [1.8805e-05, 8.3730e-03, 8.3112e-02],
        [1.8666e-04, 8.3112e-02, 8.2499e-01]])
2023-12-28 19:49:51,711 | INFO | hilo.kernel-accessor : Fetching kernel: gaussian
2023-12-28 19:49:51,712 | INFO | hilo.gaussian-kernel : Calculating Gaussian distribution (location: -0.5418344140052795, scale 0.8555908203125)
2023-12-28 19:49:51,712 | INFO | hilo.gaussian-kernel : STATIC:
tensor([[6.3415e-01, 1.5279e-01, 9.3917e-03],
        [1.5279e-01, 3.6814e-02, 2.2629e-03],
        [9.3917e-03, 2.2629e-03, 1.3909e-04]])
2023-12-28 19:49:51,712 | INFO | hilo.kernel-accessor : Fetching kernel: gaussian
2023-12-28 19:49:51,713 | INFO | hilo.gaussian-kernel : Calculating Gaussian distribution (location: -1.721329689025879, scale 2.297485828399658)
2023-12-28 19:49:51,713 | INFO | hilo.gaussian-kernel : BOTTOM-RIGHT:
tensor([[0.0314, 0.0578, 0.0880],
        [0.0578, 0.1063, 0.1620],
        [0.0880, 0.1620, 0.2468]])
2023-12-28 19:49:51,713 | INFO | hilo.kernel-accessor : Fetching kernel: gaussian
2023-12-28 19:49:51,714 | INFO | hilo.gaussian-kernel : Calculating Gaussian distribution (location: -0.8235253095626831, scale 1.3621799945831299)
2023-12-28 19:49:51,714 | INFO | hilo.gaussian-kernel : TOP-LEFT:
tensor([[0.3763, 0.1844, 0.0527],
        [0.1844, 0.0904, 0.0258],
        [0.0527, 0.0258, 0.0074]])
2023-12-28 19:50:00,092 | INFO | hilo : Epoch   3/200 | Accuracy:  60.9375 | Loss:   1.4349
2023-12-28 19:50:00,092 | INFO | hilo.kernel-accessor : Fetching kernel: gaussian
2023-12-28 19:50:00,093 | INFO | hilo.gaussian-kernel : Calculating Gaussian distribution (location: -0.11938907206058502, scale 0.4876081645488739)
2023-12-28 19:50:00,094 | INFO | hilo.gaussian-kernel : BOTTOM-RIGHT:
tensor([[5.7455e-09, 5.2155e-06, 7.0578e-05],
        [5.2155e-06, 4.7344e-03, 6.4067e-02],
        [7.0578e-05, 6.4067e-02, 8.6698e-01]])
2023-12-28 19:50:00,094 | INFO | hilo.kernel-accessor : Fetching kernel: gaussian
2023-12-28 19:50:00,094 | INFO | hilo.gaussian-kernel : Calculating Gaussian distribution (location: -0.5402145385742188, scale 0.8035604357719421)
2023-12-28 19:50:00,095 | INFO | hilo.gaussian-kernel : STATIC:
tensor([[6.8508e-01, 1.3681e-01, 5.8062e-03],
        [1.3681e-01, 2.7320e-02, 1.1595e-03],
        [5.8062e-03, 1.1595e-03, 4.9209e-05]])
2023-12-28 19:50:00,095 | INFO | hilo.kernel-accessor : Fetching kernel: gaussian
2023-12-28 19:50:00,095 | INFO | hilo.gaussian-kernel : Calculating Gaussian distribution (location: -1.6317267417907715, scale 2.323765516281128)
2023-12-28 19:50:00,096 | INFO | hilo.gaussian-kernel : STATIC:
tensor([[0.2377, 0.1602, 0.0897],
        [0.1602, 0.1079, 0.0604],
        [0.0897, 0.0604, 0.0338]])
2023-12-28 19:50:00,096 | INFO | hilo.kernel-accessor : Fetching kernel: gaussian
2023-12-28 19:50:00,097 | INFO | hilo.gaussian-kernel : Calculating Gaussian distribution (location: -0.7852398753166199, scale 1.417379379272461)
2023-12-28 19:50:00,097 | INFO | hilo.gaussian-kernel : TOP-LEFT:
tensor([[0.3474, 0.1832, 0.0588],
        [0.1832, 0.0966, 0.0310],
        [0.0588, 0.0310, 0.0099]])
2023-12-28 19:50:08,385 | INFO | hilo : Epoch   4/200 | Accuracy:  54.8177 | Loss:   1.3087
2023-12-28 19:50:08,385 | INFO | hilo.kernel-accessor : Fetching kernel: gaussian
2023-12-28 19:50:08,386 | INFO | hilo.gaussian-kernel : Calculating Gaussian distribution (location: -0.0039962287992239, scale 0.5048277378082275)
2023-12-28 19:50:08,387 | INFO | hilo.gaussian-kernel : STATIC:
tensor([[7.7112e-01, 1.0672e-01, 2.9193e-04],
        [1.0672e-01, 1.4770e-02, 4.0403e-05],
        [2.9193e-04, 4.0403e-05, 1.1052e-07]])
2023-12-28 19:50:08,387 | INFO | hilo.kernel-accessor : Fetching kernel: gaussian
2023-12-28 19:50:08,387 | INFO | hilo.gaussian-kernel : Calculating Gaussian distribution (location: -0.571782112121582, scale 0.8916593194007874)
2023-12-28 19:50:08,388 | INFO | hilo.gaussian-kernel : BOTTOM-RIGHT:
tensor([[2.2491e-04, 3.0458e-03, 1.1726e-02],
        [3.0458e-03, 4.1248e-02, 1.5880e-01],
        [1.1726e-02, 1.5880e-01, 6.1138e-01]])
2023-12-28 19:50:08,388 | INFO | hilo.kernel-accessor : Fetching kernel: gaussian
2023-12-28 19:50:08,388 | INFO | hilo.gaussian-kernel : Calculating Gaussian distribution (location: -2.1370763778686523, scale 2.896217107772827)
2023-12-28 19:50:08,389 | INFO | hilo.gaussian-kernel : TOP-LEFT:
tensor([[0.2059, 0.1504, 0.0975],
        [0.1504, 0.1098, 0.0712],
        [0.0975, 0.0712, 0.0461]])
2023-12-28 19:50:08,389 | INFO | hilo.kernel-accessor : Fetching kernel: gaussian
2023-12-28 19:50:08,389 | INFO | hilo.gaussian-kernel : Calculating Gaussian distribution (location: -0.9038195013999939, scale 1.7073124647140503)
2023-12-28 19:50:08,390 | INFO | hilo.gaussian-kernel : BOTTOM-RIGHT:
tensor([[0.0206, 0.0469, 0.0759],
        [0.0469, 0.1070, 0.1732],
        [0.0759, 0.1732, 0.2804]])
2023-12-28 19:50:16,679 | INFO | hilo : Epoch   5/200 | Accuracy:  56.2500 | Loss:   1.3303
2023-12-28 19:50:16,679 | INFO | hilo.kernel-accessor : Fetching kernel: gaussian
2023-12-28 19:50:16,679 | INFO | hilo.gaussian-kernel : Calculating Gaussian distribution (location: 0.09076719731092453, scale 0.5533608198165894)
2023-12-28 19:50:16,680 | INFO | hilo.gaussian-kernel : BOTTOM-RIGHT:
tensor([[4.3379e-06, 4.3251e-04, 1.6459e-03],
        [4.3251e-04, 4.3123e-02, 1.6411e-01],
        [1.6459e-03, 1.6411e-01, 6.2451e-01]])
2023-12-28 19:50:16,680 | INFO | hilo.kernel-accessor : Fetching kernel: gaussian
2023-12-28 19:50:16,681 | INFO | hilo.gaussian-kernel : Calculating Gaussian distribution (location: -0.6144236922264099, scale 0.992231547832489)
2023-12-28 19:50:16,681 | INFO | hilo.gaussian-kernel : STATIC:
tensor([[0.5406, 0.1743, 0.0204],
        [0.1743, 0.0562, 0.0066],
        [0.0204, 0.0066, 0.0008]])
2023-12-28 19:50:16,681 | INFO | hilo.kernel-accessor : Fetching kernel: gaussian
2023-12-28 19:50:16,682 | INFO | hilo.gaussian-kernel : Calculating Gaussian distribution (location: -2.052229404449463, scale 2.760157823562622)
2023-12-28 19:50:16,682 | INFO | hilo.gaussian-kernel : STATIC:
tensor([[0.2135, 0.1527, 0.0958],
        [0.1527, 0.1093, 0.0685],
        [0.0958, 0.0685, 0.0430]])
2023-12-28 19:50:16,682 | INFO | hilo.kernel-accessor : Fetching kernel: gaussian
2023-12-28 19:50:16,683 | INFO | hilo.gaussian-kernel : Calculating Gaussian distribution (location: -1.0112290382385254, scale 1.828289270401001)
2023-12-28 19:50:16,683 | INFO | hilo.gaussian-kernel : STATIC:
tensor([[0.2667, 0.1697, 0.0800],
        [0.1697, 0.1080, 0.0509],
        [0.0800, 0.0509, 0.0240]])
2023-12-28 19:50:25,001 | INFO | hilo : Epoch   6/200 | Accuracy:  61.6935 | Loss:   0.9243
2023-12-28 19:50:25,001 | INFO | hilo.kernel-accessor : Fetching kernel: gaussian
2023-12-28 19:50:25,002 | INFO | hilo.gaussian-kernel : Calculating Gaussian distribution (location: -0.022152632474899292, scale 0.48291829228401184)
2023-12-28 19:50:25,003 | INFO | hilo.gaussian-kernel : TOP-LEFT:
tensor([[8.1644e-01, 8.7005e-02, 1.2733e-04],
        [8.7005e-02, 9.2719e-03, 1.3569e-05],
        [1.2733e-04, 1.3569e-05, 1.9857e-08]])
2023-12-28 19:50:25,003 | INFO | hilo.kernel-accessor : Fetching kernel: gaussian
2023-12-28 19:50:25,003 | INFO | hilo.gaussian-kernel : Calculating Gaussian distribution (location: -0.5857770442962646, scale 0.9979590773582458)
2023-12-28 19:50:25,004 | INFO | hilo.gaussian-kernel : STATIC:
tensor([[0.5270, 0.1771, 0.0218],
        [0.1771, 0.0595, 0.0073],
        [0.0218, 0.0073, 0.0009]])
2023-12-28 19:50:25,004 | INFO | hilo.kernel-accessor : Fetching kernel: gaussian
2023-12-28 19:50:25,004 | INFO | hilo.gaussian-kernel : Calculating Gaussian distribution (location: -2.1068992614746094, scale 2.803114175796509)
2023-12-28 19:50:25,005 | INFO | hilo.gaussian-kernel : STATIC:
tensor([[0.2121, 0.1522, 0.0962],
        [0.1522, 0.1093, 0.0690],
        [0.0962, 0.0690, 0.0436]])
2023-12-28 19:50:25,005 | INFO | hilo.kernel-accessor : Fetching kernel: gaussian
2023-12-28 19:50:25,005 | INFO | hilo.gaussian-kernel : Calculating Gaussian distribution (location: -0.9701108336448669, scale 1.7259223461151123)
2023-12-28 19:50:25,006 | INFO | hilo.gaussian-kernel : TOP-LEFT:
tensor([[0.2839, 0.1733, 0.0756],
        [0.1733, 0.1058, 0.0462],
        [0.0756, 0.0462, 0.0201]])
2023-12-28 19:50:33,350 | INFO | hilo : Epoch   7/200 | Accuracy:  71.8750 | Loss:   1.1402
2023-12-28 19:50:33,350 | INFO | hilo.kernel-accessor : Fetching kernel: gaussian
2023-12-28 19:50:33,351 | INFO | hilo.gaussian-kernel : Calculating Gaussian distribution (location: 0.030597224831581116, scale 0.4879205524921417)
2023-12-28 19:50:33,352 | INFO | hilo.gaussian-kernel : TOP-LEFT:
tensor([[7.7013e-01, 1.0721e-01, 2.2371e-04],
        [1.0721e-01, 1.4926e-02, 3.1144e-05],
        [2.2371e-04, 3.1144e-05, 6.4984e-08]])
2023-12-28 19:50:33,352 | INFO | hilo.kernel-accessor : Fetching kernel: gaussian
2023-12-28 19:50:33,352 | INFO | hilo.gaussian-kernel : Calculating Gaussian distribution (location: -0.6249828338623047, scale 0.9637552499771118)
2023-12-28 19:50:33,353 | INFO | hilo.gaussian-kernel : BOTTOM-RIGHT:
tensor([[5.1803e-04, 5.1044e-03, 1.7138e-02],
        [5.1044e-03, 5.0296e-02, 1.6887e-01],
        [1.7138e-02, 1.6887e-01, 5.6697e-01]])
2023-12-28 19:50:33,353 | INFO | hilo.kernel-accessor : Fetching kernel: gaussian
2023-12-28 19:50:33,353 | INFO | hilo.gaussian-kernel : Calculating Gaussian distribution (location: -2.0303869247436523, scale 2.855062246322632)
2023-12-28 19:50:33,354 | INFO | hilo.gaussian-kernel : STATIC:
tensor([[0.2050, 0.1503, 0.0975],
        [0.1503, 0.1102, 0.0715],
        [0.0975, 0.0715, 0.0463]])
2023-12-28 19:50:33,354 | INFO | hilo.kernel-accessor : Fetching kernel: gaussian
2023-12-28 19:50:33,354 | INFO | hilo.gaussian-kernel : Calculating Gaussian distribution (location: -1.2003029584884644, scale 2.1327064037323)
2023-12-28 19:50:33,355 | INFO | hilo.gaussian-kernel : BOTTOM-RIGHT:
tensor([[0.0338, 0.0611, 0.0889],
        [0.0611, 0.1107, 0.1609],
        [0.0889, 0.1609, 0.2338]])
2023-12-28 19:50:41,666 | INFO | hilo : Epoch   8/200 | Accuracy:  63.2812 | Loss:   0.8791
2023-12-28 19:50:41,667 | INFO | hilo.kernel-accessor : Fetching kernel: gaussian
2023-12-28 19:50:41,667 | INFO | hilo.gaussian-kernel : Calculating Gaussian distribution (location: -0.10631030052900314, scale 0.5297206044197083)
2023-12-28 19:50:41,668 | INFO | hilo.gaussian-kernel : BOTTOM-RIGHT:
tensor([[1.1375e-07, 3.4840e-05, 3.0232e-04],
        [3.4840e-05, 1.0670e-02, 9.2592e-02],
        [3.0232e-04, 9.2592e-02, 8.0347e-01]])
2023-12-28 19:50:41,668 | INFO | hilo.kernel-accessor : Fetching kernel: gaussian
2023-12-28 19:50:41,668 | INFO | hilo.gaussian-kernel : Calculating Gaussian distribution (location: -0.6078038215637207, scale 1.0464481115341187)
2023-12-28 19:50:41,669 | INFO | hilo.gaussian-kernel : STATIC:
tensor([[0.4983, 0.1812, 0.0264],
        [0.1812, 0.0659, 0.0096],
        [0.0264, 0.0096, 0.0014]])
2023-12-28 19:50:41,669 | INFO | hilo.kernel-accessor : Fetching kernel: gaussian
2023-12-28 19:50:41,670 | INFO | hilo.gaussian-kernel : Calculating Gaussian distribution (location: -2.5042459964752197, scale 3.521347999572754)
2023-12-28 19:50:41,670 | INFO | hilo.gaussian-kernel : STATIC:
tensor([[0.1806, 0.1417, 0.1026],
        [0.1417, 0.1112, 0.0805],
        [0.1026, 0.0805, 0.0583]])
2023-12-28 19:50:41,670 | INFO | hilo.kernel-accessor : Fetching kernel: gaussian
2023-12-28 19:50:41,671 | INFO | hilo.gaussian-kernel : Calculating Gaussian distribution (location: -1.127050518989563, scale 1.9470367431640625)
2023-12-28 19:50:41,671 | INFO | hilo.gaussian-kernel : TOP-LEFT:
tensor([[0.2560, 0.1666, 0.0833],
        [0.1666, 0.1085, 0.0543],
        [0.0833, 0.0543, 0.0271]])
2023-12-28 19:50:49,947 | INFO | hilo : Epoch   9/200 | Accuracy:  67.7083 | Loss:   1.3561
2023-12-28 19:50:49,948 | INFO | hilo.kernel-accessor : Fetching kernel: gaussian
2023-12-28 19:50:49,948 | INFO | hilo.gaussian-kernel : Calculating Gaussian distribution (location: -0.11357259750366211, scale 0.46238115429878235)
2023-12-28 19:50:49,949 | INFO | hilo.gaussian-kernel : BOTTOM-RIGHT:
tensor([[8.0142e-10, 1.5191e-06, 2.6789e-05],
        [1.5191e-06, 2.8795e-03, 5.0780e-02],
        [2.6789e-05, 5.0780e-02, 8.9550e-01]])
2023-12-28 19:50:49,950 | INFO | hilo.kernel-accessor : Fetching kernel: gaussian
2023-12-28 19:50:49,950 | INFO | hilo.gaussian-kernel : Calculating Gaussian distribution (location: -0.6098746657371521, scale 0.9454012513160706)
2023-12-28 19:50:49,951 | INFO | hilo.gaussian-kernel : TOP-LEFT:
tensor([[5.7730e-01, 1.6677e-01, 1.5736e-02],
        [1.6677e-01, 4.8174e-02, 4.5458e-03],
        [1.5736e-02, 4.5458e-03, 4.2896e-04]])
2023-12-28 19:50:49,951 | INFO | hilo.kernel-accessor : Fetching kernel: gaussian
2023-12-28 19:50:49,951 | INFO | hilo.gaussian-kernel : Calculating Gaussian distribution (location: -1.9659740924835205, scale 3.0746424198150635)
2023-12-28 19:50:49,952 | INFO | hilo.gaussian-kernel : BOTTOM-RIGHT:
tensor([[0.0537, 0.0775, 0.1006],
        [0.0775, 0.1118, 0.1451],
        [0.1006, 0.1451, 0.1883]])
2023-12-28 19:50:49,952 | INFO | hilo.kernel-accessor : Fetching kernel: gaussian
2023-12-28 19:50:49,953 | INFO | hilo.gaussian-kernel : Calculating Gaussian distribution (location: -1.5107853412628174, scale 2.4536736011505127)
2023-12-28 19:50:49,953 | INFO | hilo.gaussian-kernel : TOP-LEFT:
tensor([[0.2163, 0.1549, 0.0939],
        [0.1549, 0.1109, 0.0673],
        [0.0939, 0.0673, 0.0408]])
2023-12-28 19:50:58,252 | INFO | hilo : Epoch  10/200 | Accuracy:  71.8750 | Loss:   1.0784
2023-12-28 19:50:58,253 | INFO | hilo.kernel-accessor : Fetching kernel: gaussian
2023-12-28 19:50:58,253 | INFO | hilo.gaussian-kernel : Calculating Gaussian distribution (location: -0.005864943377673626, scale 0.5072932243347168)
2023-12-28 19:50:58,254 | INFO | hilo.gaussian-kernel : BOTTOM-RIGHT:
tensor([[1.2471e-07, 4.3369e-05, 3.0965e-04],
        [4.3369e-05, 1.5082e-02, 1.0768e-01],
        [3.0965e-04, 1.0768e-01, 7.6885e-01]])
2023-12-28 19:50:58,254 | INFO | hilo.kernel-accessor : Fetching kernel: gaussian
2023-12-28 19:50:58,255 | INFO | hilo.gaussian-kernel : Calculating Gaussian distribution (location: -0.6395448446273804, scale 0.9455356001853943)
2023-12-28 19:50:58,255 | INFO | hilo.gaussian-kernel : BOTTOM-RIGHT:
tensor([[3.8280e-04, 4.1908e-03, 1.4992e-02],
        [4.1908e-03, 4.5880e-02, 1.6412e-01],
        [1.4992e-02, 1.6412e-01, 5.8712e-01]])
2023-12-28 19:50:58,255 | INFO | hilo.kernel-accessor : Fetching kernel: gaussian
2023-12-28 19:50:58,256 | INFO | hilo.gaussian-kernel : Calculating Gaussian distribution (location: -2.0274360179901123, scale 3.057523250579834)
2023-12-28 19:50:58,256 | INFO | hilo.gaussian-kernel : STATIC:
tensor([[0.1913, 0.1460, 0.1001],
        [0.1460, 0.1114, 0.0764],
        [0.1001, 0.0764, 0.0524]])
2023-12-28 19:50:58,256 | INFO | hilo.kernel-accessor : Fetching kernel: gaussian
2023-12-28 19:50:58,257 | INFO | hilo.gaussian-kernel : Calculating Gaussian distribution (location: -1.2479841709136963, scale 2.364201545715332)
2023-12-28 19:50:58,257 | INFO | hilo.gaussian-kernel : STATIC:
tensor([[0.2106, 0.1541, 0.0942],
        [0.1541, 0.1127, 0.0689],
        [0.0942, 0.0689, 0.0422]])
2023-12-28 19:51:06,667 | INFO | hilo : Epoch  11/200 | Accuracy:  67.1875 | Loss:   0.9604
2023-12-28 19:51:06,667 | INFO | hilo.kernel-accessor : Fetching kernel: gaussian
2023-12-28 19:51:06,668 | INFO | hilo.gaussian-kernel : Calculating Gaussian distribution (location: -0.03646007180213928, scale 0.48474666476249695)
2023-12-28 19:51:06,669 | INFO | hilo.gaussian-kernel : BOTTOM-RIGHT:
tensor([[1.7910e-08, 1.2383e-05, 1.2143e-04],
        [1.2383e-05, 8.5613e-03, 8.3954e-02],
        [1.2143e-04, 8.3954e-02, 8.2326e-01]])
2023-12-28 19:51:06,669 | INFO | hilo.kernel-accessor : Fetching kernel: gaussian
2023-12-28 19:51:06,669 | INFO | hilo.gaussian-kernel : Calculating Gaussian distribution (location: -0.6042596101760864, scale 1.014259696006775)
2023-12-28 19:51:06,670 | INFO | hilo.gaussian-kernel : BOTTOM-RIGHT:
tensor([[0.0010, 0.0079, 0.0230],
        [0.0079, 0.0608, 0.1779],
        [0.0230, 0.1779, 0.5205]])
2023-12-28 19:51:06,670 | INFO | hilo.kernel-accessor : Fetching kernel: gaussian
2023-12-28 19:51:06,670 | INFO | hilo.gaussian-kernel : Calculating Gaussian distribution (location: -2.088322639465332, scale 3.225804090499878)
2023-12-28 19:51:06,671 | INFO | hilo.gaussian-kernel : TOP-LEFT:
tensor([[0.1839, 0.1434, 0.1016],
        [0.1434, 0.1118, 0.0792],
        [0.1016, 0.0792, 0.0561]])
2023-12-28 19:51:06,671 | INFO | hilo.kernel-accessor : Fetching kernel: gaussian
2023-12-28 19:51:06,671 | INFO | hilo.gaussian-kernel : Calculating Gaussian distribution (location: -1.4138970375061035, scale 2.598125696182251)
2023-12-28 19:51:06,672 | INFO | hilo.gaussian-kernel : BOTTOM-RIGHT:
tensor([[0.0476, 0.0733, 0.0973],
        [0.0733, 0.1128, 0.1498],
        [0.0973, 0.1498, 0.1989]])
2023-12-28 19:51:15,073 | INFO | hilo : Epoch  12/200 | Accuracy:  65.6250 | Loss:   1.2965
2023-12-28 19:51:15,074 | INFO | hilo.kernel-accessor : Fetching kernel: gaussian
2023-12-28 19:51:15,074 | INFO | hilo.gaussian-kernel : Calculating Gaussian distribution (location: -0.06314799189567566, scale 0.4910237193107605)
2023-12-28 19:51:15,075 | INFO | hilo.gaussian-kernel : TOP-LEFT:
tensor([[8.3114e-01, 8.0406e-02, 1.2292e-04],
        [8.0406e-02, 7.7787e-03, 1.1892e-05],
        [1.2292e-04, 1.1892e-05, 1.8180e-08]])
2023-12-28 19:51:15,075 | INFO | hilo.kernel-accessor : Fetching kernel: gaussian
2023-12-28 19:51:15,075 | INFO | hilo.gaussian-kernel : Calculating Gaussian distribution (location: -0.6319259405136108, scale 0.9768298864364624)
2023-12-28 19:51:15,076 | INFO | hilo.gaussian-kernel : TOP-LEFT:
tensor([[0.5585, 0.1706, 0.0183],
        [0.1706, 0.0521, 0.0056],
        [0.0183, 0.0056, 0.0006]])
2023-12-28 19:51:15,076 | INFO | hilo.kernel-accessor : Fetching kernel: gaussian
2023-12-28 19:51:15,076 | INFO | hilo.gaussian-kernel : Calculating Gaussian distribution (location: -2.1785829067230225, scale 3.05904221534729)
2023-12-28 19:51:15,077 | INFO | hilo.gaussian-kernel : BOTTOM-RIGHT:
tensor([[0.0504, 0.0747, 0.0994],
        [0.0747, 0.1106, 0.1473],
        [0.0994, 0.1473, 0.1961]])
2023-12-28 19:51:15,077 | INFO | hilo.kernel-accessor : Fetching kernel: gaussian
2023-12-28 19:51:15,078 | INFO | hilo.gaussian-kernel : Calculating Gaussian distribution (location: -1.1825363636016846, scale 2.248081684112549)
2023-12-28 19:51:15,078 | INFO | hilo.gaussian-kernel : TOP-LEFT:
tensor([[0.2187, 0.1568, 0.0922],
        [0.1568, 0.1124, 0.0661],
        [0.0922, 0.0661, 0.0389]])
2023-12-28 19:51:23,562 | INFO | hilo : Epoch  13/200 | Accuracy:  60.2983 | Loss:   1.4438
2023-12-28 19:51:23,562 | INFO | hilo.kernel-accessor : Fetching kernel: gaussian
2023-12-28 19:51:23,563 | INFO | hilo.gaussian-kernel : Calculating Gaussian distribution (location: -0.05629977211356163, scale 0.48029613494873047)
2023-12-28 19:51:23,564 | INFO | hilo.gaussian-kernel : TOP-LEFT:
tensor([[8.4201e-01, 7.5511e-02, 8.8729e-05],
        [7.5511e-02, 6.7717e-03, 7.9571e-06],
        [8.8729e-05, 7.9571e-06, 9.3500e-09]])
2023-12-28 19:51:23,564 | INFO | hilo.kernel-accessor : Fetching kernel: gaussian
2023-12-28 19:51:23,564 | INFO | hilo.gaussian-kernel : Calculating Gaussian distribution (location: -0.6042277812957764, scale 1.0293382406234741)
2023-12-28 19:51:23,565 | INFO | hilo.gaussian-kernel : STATIC:
tensor([[0.5094, 0.1797, 0.0247],
        [0.1797, 0.0634, 0.0087],
        [0.0247, 0.0087, 0.0012]])
2023-12-28 19:51:23,565 | INFO | hilo.kernel-accessor : Fetching kernel: gaussian
2023-12-28 19:51:23,565 | INFO | hilo.gaussian-kernel : Calculating Gaussian distribution (location: -2.3803555965423584, scale 3.133413553237915)
2023-12-28 19:51:23,566 | INFO | hilo.gaussian-kernel : STATIC:
tensor([[0.1979, 0.1476, 0.0994],
        [0.1476, 0.1100, 0.0741],
        [0.0994, 0.0741, 0.0499]])
2023-12-28 19:51:23,566 | INFO | hilo.kernel-accessor : Fetching kernel: gaussian
2023-12-28 19:51:23,566 | INFO | hilo.gaussian-kernel : Calculating Gaussian distribution (location: -1.1961838006973267, scale 2.165863275527954)
2023-12-28 19:51:23,567 | INFO | hilo.gaussian-kernel : BOTTOM-RIGHT:
tensor([[0.0352, 0.0626, 0.0899],
        [0.0626, 0.1112, 0.1597],
        [0.0899, 0.1597, 0.2292]])
2023-12-28 19:51:31,999 | INFO | hilo : Epoch  14/200 | Accuracy:  69.2708 | Loss:   1.0585
2023-12-28 19:51:31,999 | INFO | hilo.kernel-accessor : Fetching kernel: gaussian
2023-12-28 19:51:31,999 | INFO | hilo.gaussian-kernel : Calculating Gaussian distribution (location: -0.07512285560369492, scale 0.4984084367752075)
2023-12-28 19:51:32,000 | INFO | hilo.gaussian-kernel : TOP-LEFT:
tensor([[8.2807e-01, 8.1769e-02, 1.4415e-04],
        [8.1769e-02, 8.0743e-03, 1.4234e-05],
        [1.4415e-04, 1.4234e-05, 2.5093e-08]])
2023-12-28 19:51:32,000 | INFO | hilo.kernel-accessor : Fetching kernel: gaussian
2023-12-28 19:51:32,001 | INFO | hilo.gaussian-kernel : Calculating Gaussian distribution (location: -0.5874431133270264, scale 0.9708953499794006)
2023-12-28 19:51:32,001 | INFO | hilo.gaussian-kernel : TOP-LEFT:
tensor([[0.5487, 0.1731, 0.0189],
        [0.1731, 0.0546, 0.0060],
        [0.0189, 0.0060, 0.0007]])
2023-12-28 19:51:32,001 | INFO | hilo.kernel-accessor : Fetching kernel: gaussian
2023-12-28 19:51:32,002 | INFO | hilo.gaussian-kernel : Calculating Gaussian distribution (location: -2.048759937286377, scale 3.188398838043213)
2023-12-28 19:51:32,002 | INFO | hilo.gaussian-kernel : TOP-LEFT:
tensor([[0.1846, 0.1437, 0.1014],
        [0.1437, 0.1118, 0.0789],
        [0.1014, 0.0789, 0.0556]])
2023-12-28 19:51:32,002 | INFO | hilo.kernel-accessor : Fetching kernel: gaussian
2023-12-28 19:51:32,003 | INFO | hilo.gaussian-kernel : Calculating Gaussian distribution (location: -1.2907408475875854, scale 2.201969623565674)
2023-12-28 19:51:32,003 | INFO | hilo.gaussian-kernel : BOTTOM-RIGHT:
tensor([[0.0349, 0.0621, 0.0899],
        [0.0621, 0.1104, 0.1598],
        [0.0899, 0.1598, 0.2312]])
2023-12-28 19:51:40,589 | INFO | hilo : Epoch  15/200 | Accuracy:  65.3846 | Loss:   0.7353
2023-12-28 19:51:40,589 | INFO | hilo.kernel-accessor : Fetching kernel: gaussian
2023-12-28 19:51:40,589 | INFO | hilo.gaussian-kernel : Calculating Gaussian distribution (location: 0.13506260514259338, scale 0.5131140351295471)
2023-12-28 19:51:40,590 | INFO | hilo.gaussian-kernel : STATIC:
tensor([[6.3851e-01, 1.5966e-01, 8.9478e-04],
        [1.5966e-01, 3.9924e-02, 2.2374e-04],
        [8.9478e-04, 2.2374e-04, 1.2539e-06]])
2023-12-28 19:51:40,590 | INFO | hilo.kernel-accessor : Fetching kernel: gaussian
2023-12-28 19:51:40,591 | INFO | hilo.gaussian-kernel : Calculating Gaussian distribution (location: -0.6254032254219055, scale 1.046379566192627)
2023-12-28 19:51:40,591 | INFO | hilo.gaussian-kernel : STATIC:
tensor([[0.5036, 0.1802, 0.0259],
        [0.1802, 0.0645, 0.0093],
        [0.0259, 0.0093, 0.0013]])
2023-12-28 19:51:40,591 | INFO | hilo.kernel-accessor : Fetching kernel: gaussian
2023-12-28 19:51:40,592 | INFO | hilo.gaussian-kernel : Calculating Gaussian distribution (location: -2.1273698806762695, scale 3.131639242172241)
2023-12-28 19:51:40,592 | INFO | hilo.gaussian-kernel : STATIC:
tensor([[0.1901, 0.1454, 0.1005],
        [0.1454, 0.1113, 0.0769],
        [0.1005, 0.0769, 0.0531]])
2023-12-28 19:51:40,593 | INFO | hilo.kernel-accessor : Fetching kernel: gaussian
2023-12-28 19:51:40,593 | INFO | hilo.gaussian-kernel : Calculating Gaussian distribution (location: -1.650453805923462, scale 2.7452352046966553)
2023-12-28 19:51:40,593 | INFO | hilo.gaussian-kernel : STATIC:
tensor([[0.1981, 0.1489, 0.0981],
        [0.1489, 0.1120, 0.0737],
        [0.0981, 0.0737, 0.0485]])
2023-12-28 19:51:49,052 | INFO | hilo : Epoch  16/200 | Accuracy:  63.4115 | Loss:   1.1409
2023-12-28 19:51:49,052 | INFO | hilo.kernel-accessor : Fetching kernel: gaussian
2023-12-28 19:51:49,053 | INFO | hilo.gaussian-kernel : Calculating Gaussian distribution (location: -0.12886346876621246, scale 0.4680624008178711)
2023-12-28 19:51:49,054 | INFO | hilo.gaussian-kernel : STATIC:
tensor([[8.9555e-01, 5.0754e-02, 2.9959e-05],
        [5.0754e-02, 2.8764e-03, 1.6979e-06],
        [2.9959e-05, 1.6979e-06, 1.0022e-09]])
2023-12-28 19:51:49,054 | INFO | hilo.kernel-accessor : Fetching kernel: gaussian
2023-12-28 19:51:49,054 | INFO | hilo.gaussian-kernel : Calculating Gaussian distribution (location: -0.61446213722229, scale 1.0506012439727783)
2023-12-28 19:51:49,055 | INFO | hilo.gaussian-kernel : TOP-LEFT:
tensor([[0.4974, 0.1812, 0.0267],
        [0.1812, 0.0660, 0.0097],
        [0.0267, 0.0097, 0.0014]])
2023-12-28 19:51:49,055 | INFO | hilo.kernel-accessor : Fetching kernel: gaussian
2023-12-28 19:51:49,055 | INFO | hilo.gaussian-kernel : Calculating Gaussian distribution (location: -2.50144100189209, scale 3.309713125228882)
2023-12-28 19:51:49,056 | INFO | hilo.gaussian-kernel : STATIC:
tensor([[0.1910, 0.1452, 0.1008],
        [0.1452, 0.1104, 0.0766],
        [0.1008, 0.0766, 0.0532]])
2023-12-28 19:51:49,056 | INFO | hilo.kernel-accessor : Fetching kernel: gaussian
2023-12-28 19:51:49,056 | INFO | hilo.gaussian-kernel : Calculating Gaussian distribution (location: -1.1852556467056274, scale 2.1937289237976074)
2023-12-28 19:51:49,057 | INFO | hilo.gaussian-kernel : BOTTOM-RIGHT:
tensor([[0.0366, 0.0639, 0.0908],
        [0.0639, 0.1117, 0.1586],
        [0.0908, 0.1586, 0.2251]])
2023-12-28 19:51:57,574 | INFO | hilo : Epoch  17/200 | Accuracy:  71.0938 | Loss:   0.8650
2023-12-28 19:51:57,574 | INFO | hilo.kernel-accessor : Fetching kernel: gaussian
2023-12-28 19:51:57,575 | INFO | hilo.gaussian-kernel : Calculating Gaussian distribution (location: 0.05469901114702225, scale 0.49414393305778503)
2023-12-28 19:51:57,575 | INFO | hilo.gaussian-kernel : TOP-LEFT:
tensor([[7.4078e-01, 1.1959e-01, 3.2142e-04],
        [1.1959e-01, 1.9305e-02, 5.1887e-05],
        [3.2142e-04, 5.1887e-05, 1.3946e-07]])
2023-12-28 19:51:57,576 | INFO | hilo.kernel-accessor : Fetching kernel: gaussian
2023-12-28 19:51:57,576 | INFO | hilo.gaussian-kernel : Calculating Gaussian distribution (location: -0.6300659775733948, scale 0.9893979430198669)
2023-12-28 19:51:57,576 | INFO | hilo.gaussian-kernel : BOTTOM-RIGHT:
tensor([[0.0007, 0.0062, 0.0196],
        [0.0062, 0.0544, 0.1727],
        [0.0196, 0.1727, 0.5479]])
2023-12-28 19:51:57,577 | INFO | hilo.kernel-accessor : Fetching kernel: gaussian
2023-12-28 19:51:57,577 | INFO | hilo.gaussian-kernel : Calculating Gaussian distribution (location: -2.1849255561828613, scale 3.375608205795288)
2023-12-28 19:51:57,577 | INFO | hilo.gaussian-kernel : STATIC:
tensor([[0.1793, 0.1416, 0.1025],
        [0.1416, 0.1119, 0.0810],
        [0.1025, 0.0810, 0.0586]])
2023-12-28 19:51:57,578 | INFO | hilo.kernel-accessor : Fetching kernel: gaussian
2023-12-28 19:51:57,578 | INFO | hilo.gaussian-kernel : Calculating Gaussian distribution (location: -1.4388232231140137, scale 2.442086935043335)
2023-12-28 19:51:57,579 | INFO | hilo.gaussian-kernel : TOP-LEFT:
tensor([[0.2136, 0.1543, 0.0943],
        [0.1543, 0.1115, 0.0681],
        [0.0943, 0.0681, 0.0416]])
2023-12-28 19:52:06,093 | INFO | hilo : Epoch  18/200 | Accuracy:  66.3750 | Loss:   0.8653
2023-12-28 19:52:06,093 | INFO | hilo.kernel-accessor : Fetching kernel: gaussian
2023-12-28 19:52:06,094 | INFO | hilo.gaussian-kernel : Calculating Gaussian distribution (location: -0.06741742789745331, scale 0.5109139680862427)
2023-12-28 19:52:06,095 | INFO | hilo.gaussian-kernel : STATIC:
tensor([[8.0576e-01, 9.1656e-02, 2.2613e-04],
        [9.1656e-02, 1.0426e-02, 2.5723e-05],
        [2.2613e-04, 2.5723e-05, 6.3464e-08]])
2023-12-28 19:52:06,095 | INFO | hilo.kernel-accessor : Fetching kernel: gaussian
2023-12-28 19:52:06,095 | INFO | hilo.gaussian-kernel : Calculating Gaussian distribution (location: -0.6194419860839844, scale 1.0646893978118896)
2023-12-28 19:52:06,096 | INFO | hilo.gaussian-kernel : STATIC:
tensor([[0.4891, 0.1822, 0.0281],
        [0.1822, 0.0679, 0.0105],
        [0.0281, 0.0105, 0.0016]])
2023-12-28 19:52:06,096 | INFO | hilo.kernel-accessor : Fetching kernel: gaussian
2023-12-28 19:52:06,096 | INFO | hilo.gaussian-kernel : Calculating Gaussian distribution (location: -2.556886911392212, scale 3.3916008472442627)
2023-12-28 19:52:06,097 | INFO | hilo.gaussian-kernel : BOTTOM-RIGHT:
tensor([[0.0546, 0.0777, 0.1014],
        [0.0777, 0.1106, 0.1442],
        [0.1014, 0.1442, 0.1881]])
2023-12-28 19:52:06,097 | INFO | hilo.kernel-accessor : Fetching kernel: gaussian
2023-12-28 19:52:06,097 | INFO | hilo.gaussian-kernel : Calculating Gaussian distribution (location: -1.3501653671264648, scale 2.6370580196380615)
2023-12-28 19:52:06,098 | INFO | hilo.gaussian-kernel : BOTTOM-RIGHT:
tensor([[0.0500, 0.0753, 0.0983],
        [0.0753, 0.1135, 0.1481],
        [0.0983, 0.1481, 0.1932]])
2023-12-28 19:52:14,674 | INFO | hilo : Epoch  19/200 | Accuracy:  68.7500 | Loss:   0.7679
2023-12-28 19:52:14,674 | INFO | hilo.kernel-accessor : Fetching kernel: gaussian
2023-12-28 19:52:14,675 | INFO | hilo.gaussian-kernel : Calculating Gaussian distribution (location: -0.15111106634140015, scale 0.49483221769332886)
2023-12-28 19:52:14,676 | INFO | hilo.gaussian-kernel : STATIC:
tensor([[8.7329e-01, 6.1138e-02, 7.2080e-05],
        [6.1138e-02, 4.2802e-03, 5.0463e-06],
        [7.2080e-05, 5.0463e-06, 5.9494e-09]])
2023-12-28 19:52:14,676 | INFO | hilo.kernel-accessor : Fetching kernel: gaussian
2023-12-28 19:52:14,676 | INFO | hilo.gaussian-kernel : Calculating Gaussian distribution (location: -0.6051757335662842, scale 0.9622012972831726)
2023-12-28 19:52:14,677 | INFO | hilo.gaussian-kernel : STATIC:
tensor([[5.6170e-01, 1.7025e-01, 1.7521e-02],
        [1.7025e-01, 5.1601e-02, 5.3107e-03],
        [1.7521e-02, 5.3107e-03, 5.4656e-04]])
2023-12-28 19:52:14,677 | INFO | hilo.kernel-accessor : Fetching kernel: gaussian
2023-12-28 19:52:14,677 | INFO | hilo.gaussian-kernel : Calculating Gaussian distribution (location: -2.0412516593933105, scale 3.0992653369903564)
2023-12-28 19:52:14,678 | INFO | hilo.gaussian-kernel : STATIC:
tensor([[0.1893, 0.1453, 0.1005],
        [0.1453, 0.1115, 0.0771],
        [0.1005, 0.0771, 0.0533]])
2023-12-28 19:52:14,678 | INFO | hilo.kernel-accessor : Fetching kernel: gaussian
2023-12-28 19:52:14,678 | INFO | hilo.gaussian-kernel : Calculating Gaussian distribution (location: -1.2958577871322632, scale 2.2577242851257324)
2023-12-28 19:52:14,679 | INFO | hilo.gaussian-kernel : BOTTOM-RIGHT:
tensor([[0.0371, 0.0642, 0.0913],
        [0.0642, 0.1111, 0.1580],
        [0.0913, 0.1580, 0.2248]])
2023-12-28 19:52:23,154 | INFO | hilo : Epoch  20/200 | Accuracy:  73.4375 | Loss:   0.7892
2023-12-28 19:52:23,154 | INFO | hilo.kernel-accessor : Fetching kernel: gaussian
2023-12-28 19:52:23,155 | INFO | hilo.gaussian-kernel : Calculating Gaussian distribution (location: -0.1687062829732895, scale 0.5019146800041199)
2023-12-28 19:52:23,156 | INFO | hilo.gaussian-kernel : STATIC:
tensor([[8.7274e-01, 6.1386e-02, 8.1527e-05],
        [6.1386e-02, 4.3177e-03, 5.7344e-06],
        [8.1527e-05, 5.7344e-06, 7.6159e-09]])
2023-12-28 19:52:23,156 | INFO | hilo.kernel-accessor : Fetching kernel: gaussian
2023-12-28 19:52:23,156 | INFO | hilo.gaussian-kernel : Calculating Gaussian distribution (location: -0.5930887460708618, scale 0.9951545596122742)
2023-12-28 19:52:23,157 | INFO | hilo.gaussian-kernel : BOTTOM-RIGHT:
tensor([[0.0009, 0.0071, 0.0213],
        [0.0071, 0.0584, 0.1763],
        [0.0213, 0.1763, 0.5315]])
2023-12-28 19:52:23,157 | INFO | hilo.kernel-accessor : Fetching kernel: gaussian
2023-12-28 19:52:23,157 | INFO | hilo.gaussian-kernel : Calculating Gaussian distribution (location: -2.40763783454895, scale 3.2831385135650635)
2023-12-28 19:52:23,158 | INFO | hilo.gaussian-kernel : TOP-LEFT:
tensor([[0.1899, 0.1450, 0.1009],
        [0.1450, 0.1107, 0.0770],
        [0.1009, 0.0770, 0.0536]])
2023-12-28 19:52:23,158 | INFO | hilo.kernel-accessor : Fetching kernel: gaussian
2023-12-28 19:52:23,158 | INFO | hilo.gaussian-kernel : Calculating Gaussian distribution (location: -1.2611380815505981, scale 2.326021194458008)
2023-12-28 19:52:23,159 | INFO | hilo.gaussian-kernel : BOTTOM-RIGHT:
tensor([[0.0404, 0.0674, 0.0933],
        [0.0674, 0.1122, 0.1554],
        [0.0933, 0.1554, 0.2152]])
2023-12-28 19:52:31,677 | INFO | hilo : Epoch  21/200 | Accuracy:  76.5625 | Loss:   0.7338
2023-12-28 19:52:31,678 | INFO | hilo.kernel-accessor : Fetching kernel: gaussian
2023-12-28 19:52:31,678 | INFO | hilo.gaussian-kernel : Calculating Gaussian distribution (location: 0.031689949333667755, scale 0.49168840050697327)
2023-12-28 19:52:31,679 | INFO | hilo.gaussian-kernel : TOP-LEFT:
tensor([[7.6349e-01, 1.1003e-01, 2.5343e-04],
        [1.1003e-01, 1.5858e-02, 3.6524e-05],
        [2.5343e-04, 3.6524e-05, 8.4119e-08]])
2023-12-28 19:52:31,679 | INFO | hilo.kernel-accessor : Fetching kernel: gaussian
2023-12-28 19:52:31,679 | INFO | hilo.gaussian-kernel : Calculating Gaussian distribution (location: -0.6112407445907593, scale 0.915382981300354)
2023-12-28 19:52:31,680 | INFO | hilo.gaussian-kernel : BOTTOM-RIGHT:
tensor([[2.7576e-04, 3.4260e-03, 1.2904e-02],
        [3.4260e-03, 4.2563e-02, 1.6032e-01],
        [1.2904e-02, 1.6032e-01, 6.0386e-01]])
2023-12-28 19:52:31,680 | INFO | hilo.kernel-accessor : Fetching kernel: gaussian
2023-12-28 19:52:31,681 | INFO | hilo.gaussian-kernel : Calculating Gaussian distribution (location: -1.8226382732391357, scale 2.9018075466156006)
2023-12-28 19:52:31,681 | INFO | hilo.gaussian-kernel : TOP-LEFT:
tensor([[0.1940, 0.1472, 0.0992],
        [0.1472, 0.1117, 0.0753],
        [0.0992, 0.0753, 0.0508]])
2023-12-28 19:52:31,681 | INFO | hilo.kernel-accessor : Fetching kernel: gaussian
2023-12-28 19:52:31,682 | INFO | hilo.gaussian-kernel : Calculating Gaussian distribution (location: -1.3390402793884277, scale 2.1878936290740967)
2023-12-28 19:52:31,682 | INFO | hilo.gaussian-kernel : BOTTOM-RIGHT:
tensor([[0.0335, 0.0605, 0.0889],
        [0.0605, 0.1096, 0.1609],
        [0.0889, 0.1609, 0.2363]])
