2024-03-03 01:32:07,522 | INFO | hilo : 
+==============================================================+
|                                                              |
| ██████╗  █████╗ ██████╗ ██╗         ██╗      █████╗ ██████╗  |
| ██╔══██╗██╔══██╗██╔══██╗██║         ██║     ██╔══██╗██╔══██╗ |
| ██║  ██║███████║██║  ██║██║         ██║     ███████║██████╔╝ |
| ██║  ██║██╔══██║██║  ██║██║         ██║     ██╔══██║██╔══██╗ |
| ██████╔╝██║  ██║██████╔╝███████╗    ███████╗██║  ██║██████╔╝ |
| ╚═════╝ ╚═╝  ╚═╝╚═════╝ ╚══════╝    ╚══════╝╚═╝  ╚═╝╚═════╝  |
+==============================================================+
|             Hi-Lo Resolution Image Classification            |
|             -------------------------------------            |
|                       Gabriel C. Trahan                      |
|                          Sahan Ahmad                         |
|                       MD  Aminual Islam                      |
+==============================================================+
2024-03-03 01:32:09,096 | INFO | hilo.dataset-accessor : Fetching dataset: cifar10
2024-03-03 01:32:09,096 | INFO | hilo.cifar10-dataset : Initializing transform
2024-03-03 01:32:09,096 | INFO | hilo.cifar10-dataset : Verifying/downloading train data
2024-03-03 01:32:09,700 | INFO | hilo.cifar10-dataset : Verifying/downloading test data
2024-03-03 01:32:10,182 | INFO | hilo.cifar10-dataset : Creating train data loader.
2024-03-03 01:32:10,182 | INFO | hilo.cifar10-dataset : Creating test data loader.
2024-03-03 01:32:10,326 | INFO | hilo : Output directory: output/resnet/cifar10/gaussian/10/20240303_013209/
2024-03-03 01:32:11,315 | INFO | hilo : Using device: NVIDIA GeForce GTX 1060 6GB
2024-03-03 01:32:11,316 | INFO | hilo : Exeucting job: MODEL resnet | DATASET cifar10 | KERNEL gaussian | TYPE 10
2024-03-03 01:32:11,316 | INFO | hilo : Commencing training phase...
2024-03-03 01:32:11,316 | INFO | hilo.kernel-accessor : Fetching kernel: gaussian
2024-03-03 01:32:11,316 | INFO | hilo.gaussian-kernel : Calculating Gaussian distribution (location: 0, scale 1.0)
2024-03-03 01:32:11,317 | INFO | hilo.gaussian-kernel : BOTTOM-RIGHT:
tensor([[0.0060, 0.0271, 0.0446],
        [0.0271, 0.1212, 0.1999],
        [0.0446, 0.1999, 0.3296]])
2024-03-03 01:32:11,317 | INFO | hilo.kernel-accessor : Fetching kernel: gaussian
2024-03-03 01:32:11,317 | INFO | hilo.gaussian-kernel : Calculating Gaussian distribution (location: 0, scale 1.0)
2024-03-03 01:32:11,318 | INFO | hilo.gaussian-kernel : BOTTOM-RIGHT:
tensor([[0.0060, 0.0271, 0.0446],
        [0.0271, 0.1212, 0.1999],
        [0.0446, 0.1999, 0.3296]])
2024-03-03 01:32:11,318 | INFO | hilo.kernel-accessor : Fetching kernel: gaussian
2024-03-03 01:32:11,318 | INFO | hilo.gaussian-kernel : Calculating Gaussian distribution (location: 0, scale 1.0)
2024-03-03 01:32:11,318 | INFO | hilo.gaussian-kernel : STATIC:
tensor([[0.3296, 0.1999, 0.0446],
        [0.1999, 0.1212, 0.0271],
        [0.0446, 0.0271, 0.0060]])
2024-03-03 01:32:11,318 | INFO | hilo.kernel-accessor : Fetching kernel: gaussian
2024-03-03 01:32:11,318 | INFO | hilo.gaussian-kernel : Calculating Gaussian distribution (location: 0, scale 1.0)
2024-03-03 01:32:11,319 | INFO | hilo.gaussian-kernel : TOP-RIGHT:
tensor([[0.0446, 0.1999, 0.3296],
        [0.0271, 0.1212, 0.1999],
        [0.0060, 0.0271, 0.0446]])
2024-03-03 01:32:11,319 | INFO | hilo.kernel-accessor : Fetching kernel: gaussian
2024-03-03 01:32:11,319 | INFO | hilo.gaussian-kernel : Calculating Gaussian distribution (location: 0, scale 1.0)
2024-03-03 01:32:11,319 | INFO | hilo.gaussian-kernel : STATIC:
tensor([[0.3296, 0.1999, 0.0446],
        [0.1999, 0.1212, 0.0271],
        [0.0446, 0.0271, 0.0060]])
2024-03-03 01:32:11,319 | INFO | hilo.kernel-accessor : Fetching kernel: gaussian
2024-03-03 01:32:11,319 | INFO | hilo.gaussian-kernel : Calculating Gaussian distribution (location: 0, scale 1.0)
2024-03-03 01:32:11,320 | INFO | hilo.gaussian-kernel : STATIC:
tensor([[0.3296, 0.1999, 0.0446],
        [0.1999, 0.1212, 0.0271],
        [0.0446, 0.0271, 0.0060]])
2024-03-03 01:32:11,320 | INFO | hilo.kernel-accessor : Fetching kernel: gaussian
2024-03-03 01:32:11,320 | INFO | hilo.gaussian-kernel : Calculating Gaussian distribution (location: 0, scale 1.0)
2024-03-03 01:32:11,320 | INFO | hilo.gaussian-kernel : STATIC:
tensor([[0.3296, 0.1999, 0.0446],
        [0.1999, 0.1212, 0.0271],
        [0.0446, 0.0271, 0.0060]])
2024-03-03 01:32:11,320 | INFO | hilo.kernel-accessor : Fetching kernel: gaussian
2024-03-03 01:32:11,320 | INFO | hilo.gaussian-kernel : Calculating Gaussian distribution (location: 0, scale 1.0)
2024-03-03 01:32:11,321 | INFO | hilo.gaussian-kernel : TOP-RIGHT:
tensor([[0.0446, 0.1999, 0.3296],
        [0.0271, 0.1212, 0.1999],
        [0.0060, 0.0271, 0.0446]])
2024-03-03 01:32:11,321 | INFO | hilo.kernel-accessor : Fetching kernel: gaussian
2024-03-03 01:32:11,321 | INFO | hilo.gaussian-kernel : Calculating Gaussian distribution (location: 0, scale 1.0)
2024-03-03 01:32:11,321 | INFO | hilo.gaussian-kernel : STATIC:
tensor([[0.3296, 0.1999, 0.0446],
        [0.1999, 0.1212, 0.0271],
        [0.0446, 0.0271, 0.0060]])
2024-03-03 01:32:11,321 | INFO | hilo.kernel-accessor : Fetching kernel: gaussian
2024-03-03 01:32:11,321 | INFO | hilo.gaussian-kernel : Calculating Gaussian distribution (location: 0, scale 1.0)
2024-03-03 01:32:11,322 | INFO | hilo.gaussian-kernel : BOTTOM-RIGHT:
tensor([[0.0060, 0.0271, 0.0446],
        [0.0271, 0.1212, 0.1999],
        [0.0446, 0.1999, 0.3296]])
2024-03-03 01:32:11,322 | INFO | hilo.kernel-accessor : Fetching kernel: gaussian
2024-03-03 01:32:11,322 | INFO | hilo.gaussian-kernel : Calculating Gaussian distribution (location: 0, scale 1.0)
2024-03-03 01:32:11,322 | INFO | hilo.gaussian-kernel : TOP-RIGHT:
tensor([[0.0446, 0.1999, 0.3296],
        [0.0271, 0.1212, 0.1999],
        [0.0060, 0.0271, 0.0446]])
2024-03-03 01:32:11,322 | INFO | hilo.kernel-accessor : Fetching kernel: gaussian
2024-03-03 01:32:11,322 | INFO | hilo.gaussian-kernel : Calculating Gaussian distribution (location: 0, scale 1.0)
2024-03-03 01:32:11,323 | INFO | hilo.gaussian-kernel : BOTTOM-RIGHT:
tensor([[0.0060, 0.0271, 0.0446],
        [0.0271, 0.1212, 0.1999],
        [0.0446, 0.1999, 0.3296]])
2024-03-03 01:32:11,323 | INFO | hilo.kernel-accessor : Fetching kernel: gaussian
2024-03-03 01:32:11,323 | INFO | hilo.gaussian-kernel : Calculating Gaussian distribution (location: 0, scale 1.0)
2024-03-03 01:32:11,323 | INFO | hilo.gaussian-kernel : BOTTOM-RIGHT:
tensor([[0.0060, 0.0271, 0.0446],
        [0.0271, 0.1212, 0.1999],
        [0.0446, 0.1999, 0.3296]])
2024-03-03 01:32:11,323 | INFO | hilo.kernel-accessor : Fetching kernel: gaussian
2024-03-03 01:32:11,323 | INFO | hilo.gaussian-kernel : Calculating Gaussian distribution (location: 0, scale 1.0)
2024-03-03 01:32:11,324 | INFO | hilo.gaussian-kernel : STATIC:
tensor([[0.3296, 0.1999, 0.0446],
        [0.1999, 0.1212, 0.0271],
        [0.0446, 0.0271, 0.0060]])
2024-03-03 01:32:11,324 | INFO | hilo.kernel-accessor : Fetching kernel: gaussian
2024-03-03 01:32:11,324 | INFO | hilo.gaussian-kernel : Calculating Gaussian distribution (location: 0, scale 1.0)
2024-03-03 01:32:11,324 | INFO | hilo.gaussian-kernel : TOP-RIGHT:
tensor([[0.0446, 0.1999, 0.3296],
        [0.0271, 0.1212, 0.1999],
        [0.0060, 0.0271, 0.0446]])
2024-03-03 01:32:11,324 | INFO | hilo.kernel-accessor : Fetching kernel: gaussian
2024-03-03 01:32:11,325 | INFO | hilo.gaussian-kernel : Calculating Gaussian distribution (location: 0, scale 1.0)
2024-03-03 01:32:11,325 | INFO | hilo.gaussian-kernel : TOP-RIGHT:
tensor([[0.0446, 0.1999, 0.3296],
        [0.0271, 0.1212, 0.1999],
        [0.0060, 0.0271, 0.0446]])
2024-03-03 01:32:11,325 | INFO | hilo.kernel-accessor : Fetching kernel: gaussian
2024-03-03 01:32:11,325 | INFO | hilo.gaussian-kernel : Calculating Gaussian distribution (location: 0, scale 1.0)
2024-03-03 01:32:11,325 | INFO | hilo.gaussian-kernel : STATIC:
tensor([[0.3296, 0.1999, 0.0446],
        [0.1999, 0.1212, 0.0271],
        [0.0446, 0.0271, 0.0060]])
2024-03-03 01:33:32,858 | INFO | hilo : Epoch   1/200 | Accuracy:  35.8696 | Loss:   1.6665
2024-03-03 01:33:32,858 | INFO | hilo.kernel-accessor : Fetching kernel: gaussian
2024-03-03 01:33:32,858 | INFO | hilo.gaussian-kernel : Calculating Gaussian distribution (location: -0.04206901788711548, scale 0.693813145160675)
2024-03-03 01:33:32,859 | INFO | hilo.gaussian-kernel : STATIC:
tensor([[5.5902e-01, 1.8129e-01, 7.3643e-03],
        [1.8129e-01, 5.8793e-02, 2.3883e-03],
        [7.3643e-03, 2.3883e-03, 9.7015e-05]])
2024-03-03 01:33:32,859 | INFO | hilo.kernel-accessor : Fetching kernel: gaussian
2024-03-03 01:33:32,859 | INFO | hilo.gaussian-kernel : Calculating Gaussian distribution (location: -0.20670877397060394, scale 1.9844826459884644)
2024-03-03 01:33:32,859 | INFO | hilo.gaussian-kernel : STATIC:
tensor([[0.1769, 0.1478, 0.0959],
        [0.1478, 0.1236, 0.0801],
        [0.0959, 0.0801, 0.0519]])
2024-03-03 01:33:32,859 | INFO | hilo.kernel-accessor : Fetching kernel: gaussian
2024-03-03 01:33:32,860 | INFO | hilo.gaussian-kernel : Calculating Gaussian distribution (location: -0.3420836329460144, scale 1.860498309135437)
2024-03-03 01:33:32,860 | INFO | hilo.gaussian-kernel : STATIC:
tensor([[0.1985, 0.1556, 0.0914],
        [0.1556, 0.1220, 0.0717],
        [0.0914, 0.0717, 0.0421]])
2024-03-03 01:33:32,860 | INFO | hilo.kernel-accessor : Fetching kernel: gaussian
2024-03-03 01:33:32,860 | INFO | hilo.gaussian-kernel : Calculating Gaussian distribution (location: -0.3449625074863434, scale 1.630455493927002)
2024-03-03 01:33:32,861 | INFO | hilo.gaussian-kernel : BOTTOM-RIGHT:
tensor([[0.0302, 0.0605, 0.0831],
        [0.0605, 0.1211, 0.1664],
        [0.0831, 0.1664, 0.2287]])
2024-03-03 01:33:32,861 | INFO | hilo.kernel-accessor : Fetching kernel: gaussian
2024-03-03 01:33:32,861 | INFO | hilo.gaussian-kernel : Calculating Gaussian distribution (location: -0.28209275007247925, scale 1.493481993675232)
2024-03-03 01:33:32,862 | INFO | hilo.gaussian-kernel : STATIC:
tensor([[0.2448, 0.1724, 0.0776],
        [0.1724, 0.1214, 0.0546],
        [0.0776, 0.0546, 0.0246]])
2024-03-03 01:33:32,862 | INFO | hilo.kernel-accessor : Fetching kernel: gaussian
2024-03-03 01:33:32,862 | INFO | hilo.gaussian-kernel : Calculating Gaussian distribution (location: -0.08430209755897522, scale 1.154805302619934)
2024-03-03 01:33:32,862 | INFO | hilo.gaussian-kernel : STATIC:
tensor([[0.2948, 0.1902, 0.0580],
        [0.1902, 0.1227, 0.0374],
        [0.0580, 0.0374, 0.0114]])
2024-03-03 01:33:32,862 | INFO | hilo.kernel-accessor : Fetching kernel: gaussian
2024-03-03 01:33:32,863 | INFO | hilo.gaussian-kernel : Calculating Gaussian distribution (location: -0.08703859150409698, scale 1.516273021697998)
2024-03-03 01:33:32,863 | INFO | hilo.gaussian-kernel : STATIC:
tensor([[0.2137, 0.1656, 0.0830],
        [0.1656, 0.1283, 0.0643],
        [0.0830, 0.0643, 0.0322]])
2024-03-03 01:33:32,863 | INFO | hilo.kernel-accessor : Fetching kernel: gaussian
2024-03-03 01:33:32,863 | INFO | hilo.gaussian-kernel : Calculating Gaussian distribution (location: -0.15794631838798523, scale 1.508338451385498)
2024-03-03 01:33:32,864 | INFO | hilo.gaussian-kernel : TOP-RIGHT:
tensor([[0.0811, 0.1682, 0.2246],
        [0.0608, 0.1259, 0.1682],
        [0.0293, 0.0608, 0.0811]])
2024-03-03 01:33:32,864 | INFO | hilo.kernel-accessor : Fetching kernel: gaussian
2024-03-03 01:33:32,864 | INFO | hilo.gaussian-kernel : Calculating Gaussian distribution (location: 0.032843172550201416, scale 1.5200462341308594)
2024-03-03 01:33:32,865 | INFO | hilo.gaussian-kernel : TOP-RIGHT:
tensor([[0.0855, 0.1614, 0.1976],
        [0.0699, 0.1318, 0.1614],
        [0.0370, 0.0699, 0.0855]])
2024-03-03 01:33:32,865 | INFO | hilo.kernel-accessor : Fetching kernel: gaussian
2024-03-03 01:33:32,865 | INFO | hilo.gaussian-kernel : Calculating Gaussian distribution (location: -0.1732286959886551, scale 1.26337730884552)
2024-03-03 01:33:32,866 | INFO | hilo.gaussian-kernel : BOTTOM-RIGHT:
tensor([[0.0149, 0.0424, 0.0646],
        [0.0424, 0.1210, 0.1844],
        [0.0646, 0.1844, 0.2812]])
2024-03-03 01:33:32,866 | INFO | hilo.kernel-accessor : Fetching kernel: gaussian
2024-03-03 01:33:32,866 | INFO | hilo.gaussian-kernel : Calculating Gaussian distribution (location: -0.18182112276554108, scale 1.520984172821045)
2024-03-03 01:33:32,866 | INFO | hilo.gaussian-kernel : TOP-RIGHT:
tensor([[0.0813, 0.1681, 0.2257],
        [0.0605, 0.1252, 0.1681],
        [0.0293, 0.0605, 0.0813]])
2024-03-03 01:33:32,867 | INFO | hilo.kernel-accessor : Fetching kernel: gaussian
2024-03-03 01:33:32,867 | INFO | hilo.gaussian-kernel : Calculating Gaussian distribution (location: -0.13149620592594147, scale 1.5376566648483276)
2024-03-03 01:33:32,867 | INFO | hilo.gaussian-kernel : TOP-RIGHT:
tensor([[0.0831, 0.1657, 0.2164],
        [0.0636, 0.1269, 0.1657],
        [0.0319, 0.0636, 0.0831]])
2024-03-03 01:33:32,867 | INFO | hilo.kernel-accessor : Fetching kernel: gaussian
2024-03-03 01:33:32,868 | INFO | hilo.gaussian-kernel : Calculating Gaussian distribution (location: -0.03941714018583298, scale 1.5621976852416992)
2024-03-03 01:33:32,868 | INFO | hilo.gaussian-kernel : TOP-RIGHT:
tensor([[0.0859, 0.1615, 0.2014],
        [0.0689, 0.1294, 0.1615],
        [0.0367, 0.0689, 0.0859]])
2024-03-03 01:33:32,868 | INFO | hilo.kernel-accessor : Fetching kernel: gaussian
2024-03-03 01:33:32,868 | INFO | hilo.gaussian-kernel : Calculating Gaussian distribution (location: 0.0438639298081398, scale 1.251571774482727)
2024-03-03 01:33:32,869 | INFO | hilo.gaussian-kernel : STATIC:
tensor([[0.2397, 0.1792, 0.0707],
        [0.1792, 0.1339, 0.0529],
        [0.0707, 0.0529, 0.0209]])
2024-03-03 01:33:32,869 | INFO | hilo.kernel-accessor : Fetching kernel: gaussian
2024-03-03 01:33:32,869 | INFO | hilo.gaussian-kernel : Calculating Gaussian distribution (location: 0.12363126128911972, scale 1.6221956014633179)
2024-03-03 01:33:32,870 | INFO | hilo.gaussian-kernel : TOP-RIGHT:
tensor([[0.0907, 0.1530, 0.1765],
        [0.0786, 0.1326, 0.1530],
        [0.0466, 0.0786, 0.0907]])
2024-03-03 01:33:32,870 | INFO | hilo.kernel-accessor : Fetching kernel: gaussian
2024-03-03 01:33:32,870 | INFO | hilo.gaussian-kernel : Calculating Gaussian distribution (location: -0.0959605947136879, scale 2.1312360763549805)
2024-03-03 01:33:32,870 | INFO | hilo.gaussian-kernel : BOTTOM-RIGHT:
tensor([[0.0612, 0.0870, 0.0992],
        [0.0870, 0.1236, 0.1410],
        [0.0992, 0.1410, 0.1607]])
2024-03-03 01:33:32,871 | INFO | hilo.kernel-accessor : Fetching kernel: gaussian
2024-03-03 01:33:32,871 | INFO | hilo.gaussian-kernel : Calculating Gaussian distribution (location: -0.8433042764663696, scale 3.194014072418213)
2024-03-03 01:33:32,871 | INFO | hilo.gaussian-kernel : BOTTOM-RIGHT:
tensor([[0.0733, 0.0922, 0.1052],
        [0.0922, 0.1160, 0.1324],
        [0.1052, 0.1324, 0.1510]])
2024-03-03 01:34:53,615 | INFO | hilo : Epoch   2/200 | Accuracy:  40.8001 | Loss:   1.6410
2024-03-03 01:34:53,615 | INFO | hilo.kernel-accessor : Fetching kernel: gaussian
2024-03-03 01:34:53,615 | INFO | hilo.gaussian-kernel : Calculating Gaussian distribution (location: -0.032101839780807495, scale 0.6448341012001038)
2024-03-03 01:34:53,616 | INFO | hilo.gaussian-kernel : TOP-RIGHT:
tensor([[4.2282e-03, 1.6841e-01, 6.0551e-01],
        [1.1760e-03, 4.6839e-02, 1.6841e-01],
        [2.9525e-05, 1.1760e-03, 4.2282e-03]])
2024-03-03 01:34:53,616 | INFO | hilo.kernel-accessor : Fetching kernel: gaussian
2024-03-03 01:34:53,616 | INFO | hilo.gaussian-kernel : Calculating Gaussian distribution (location: -0.24398213624954224, scale 1.5007144212722778)
2024-03-03 01:34:53,616 | INFO | hilo.gaussian-kernel : STATIC:
tensor([[0.2380, 0.1710, 0.0788],
        [0.1710, 0.1229, 0.0567],
        [0.0788, 0.0567, 0.0261]])
2024-03-03 01:34:53,617 | INFO | hilo.kernel-accessor : Fetching kernel: gaussian
2024-03-03 01:34:53,617 | INFO | hilo.gaussian-kernel : Calculating Gaussian distribution (location: -0.35638749599456787, scale 1.3132679462432861)
2024-03-03 01:34:53,617 | INFO | hilo.gaussian-kernel : STATIC:
tensor([[0.3032, 0.1845, 0.0629],
        [0.1845, 0.1123, 0.0383],
        [0.0629, 0.0383, 0.0130]])
2024-03-03 01:34:53,617 | INFO | hilo.kernel-accessor : Fetching kernel: gaussian
2024-03-03 01:34:53,617 | INFO | hilo.gaussian-kernel : Calculating Gaussian distribution (location: -0.2773669958114624, scale 1.1505361795425415)
2024-03-03 01:34:53,617 | INFO | hilo.gaussian-kernel : STATIC:
tensor([[0.3456, 0.1921, 0.0502],
        [0.1921, 0.1068, 0.0279],
        [0.0502, 0.0279, 0.0073]])
2024-03-03 01:34:53,618 | INFO | hilo.kernel-accessor : Fetching kernel: gaussian
2024-03-03 01:34:53,618 | INFO | hilo.gaussian-kernel : Calculating Gaussian distribution (location: -0.17720089852809906, scale 1.0981829166412354)
2024-03-03 01:34:53,618 | INFO | hilo.gaussian-kernel : STATIC:
tensor([[0.3411, 0.1945, 0.0484],
        [0.1945, 0.1109, 0.0276],
        [0.0484, 0.0276, 0.0069]])
2024-03-03 01:34:53,618 | INFO | hilo.kernel-accessor : Fetching kernel: gaussian
2024-03-03 01:34:53,618 | INFO | hilo.gaussian-kernel : Calculating Gaussian distribution (location: -0.10919634997844696, scale 0.8696011304855347)
2024-03-03 01:34:53,619 | INFO | hilo.gaussian-kernel : TOP-RIGHT:
tensor([[0.0236, 0.1986, 0.4444],
        [0.0106, 0.0887, 0.1986],
        [0.0013, 0.0106, 0.0236]])
2024-03-03 01:34:53,619 | INFO | hilo.kernel-accessor : Fetching kernel: gaussian
2024-03-03 01:34:53,619 | INFO | hilo.gaussian-kernel : Calculating Gaussian distribution (location: -0.21455471217632294, scale 0.9872657060623169)
2024-03-03 01:34:53,619 | INFO | hilo.gaussian-kernel : BOTTOM-RIGHT:
tensor([[0.0028, 0.0163, 0.0339],
        [0.0163, 0.0945, 0.1966],
        [0.0339, 0.1966, 0.4093]])
2024-03-03 01:34:53,619 | INFO | hilo.kernel-accessor : Fetching kernel: gaussian
2024-03-03 01:34:53,619 | INFO | hilo.gaussian-kernel : Calculating Gaussian distribution (location: -0.22840768098831177, scale 0.8899213671684265)
2024-03-03 01:34:53,620 | INFO | hilo.gaussian-kernel : TOP-RIGHT:
tensor([[0.0216, 0.1913, 0.4799],
        [0.0086, 0.0762, 0.1913],
        [0.0010, 0.0086, 0.0216]])
2024-03-03 01:34:53,620 | INFO | hilo.kernel-accessor : Fetching kernel: gaussian
2024-03-03 01:34:53,620 | INFO | hilo.gaussian-kernel : Calculating Gaussian distribution (location: -0.13893833756446838, scale 0.8671754598617554)
2024-03-03 01:34:53,620 | INFO | hilo.gaussian-kernel : BOTTOM-RIGHT:
tensor([[0.0011, 0.0095, 0.0222],
        [0.0095, 0.0839, 0.1963],
        [0.0222, 0.1963, 0.4591]])
2024-03-03 01:34:53,620 | INFO | hilo.kernel-accessor : Fetching kernel: gaussian
2024-03-03 01:34:53,620 | INFO | hilo.gaussian-kernel : Calculating Gaussian distribution (location: -0.23359015583992004, scale 0.7199931144714355)
2024-03-03 01:34:53,621 | INFO | hilo.gaussian-kernel : TOP-RIGHT:
tensor([[5.4729e-03, 1.5509e-01, 6.3850e-01],
        [1.3293e-03, 3.7670e-02, 1.5509e-01],
        [4.6911e-05, 1.3293e-03, 5.4729e-03]])
2024-03-03 01:34:53,621 | INFO | hilo.kernel-accessor : Fetching kernel: gaussian
2024-03-03 01:34:53,621 | INFO | hilo.gaussian-kernel : Calculating Gaussian distribution (location: -0.19873148202896118, scale 0.8823262453079224)
2024-03-03 01:34:53,621 | INFO | hilo.gaussian-kernel : TOP-RIGHT:
tensor([[0.0218, 0.1929, 0.4733],
        [0.0089, 0.0786, 0.1929],
        [0.0010, 0.0089, 0.0218]])
2024-03-03 01:34:53,621 | INFO | hilo.kernel-accessor : Fetching kernel: gaussian
2024-03-03 01:34:53,621 | INFO | hilo.gaussian-kernel : Calculating Gaussian distribution (location: -0.1318570077419281, scale 0.868819534778595)
2024-03-03 01:34:53,622 | INFO | hilo.gaussian-kernel : STATIC:
tensor([[0.4548, 0.1969, 0.0227],
        [0.1969, 0.0853, 0.0098],
        [0.0227, 0.0098, 0.0011]])
2024-03-03 01:34:53,622 | INFO | hilo.kernel-accessor : Fetching kernel: gaussian
2024-03-03 01:34:53,622 | INFO | hilo.gaussian-kernel : Calculating Gaussian distribution (location: -0.03188302367925644, scale 0.8875953555107117)
2024-03-03 01:34:53,622 | INFO | hilo.gaussian-kernel : STATIC:
tensor([[0.3996, 0.2034, 0.0291],
        [0.2034, 0.1036, 0.0148],
        [0.0291, 0.0148, 0.0021]])
2024-03-03 01:34:53,622 | INFO | hilo.kernel-accessor : Fetching kernel: gaussian
2024-03-03 01:34:53,622 | INFO | hilo.gaussian-kernel : Calculating Gaussian distribution (location: -0.03364111855626106, scale 0.6835994124412537)
2024-03-03 01:34:53,623 | INFO | hilo.gaussian-kernel : TOP-RIGHT:
tensor([[6.7653e-03, 1.8013e-01, 5.6432e-01],
        [2.1595e-03, 5.7496e-02, 1.8013e-01],
        [8.1106e-05, 2.1595e-03, 6.7653e-03]])
2024-03-03 01:34:53,623 | INFO | hilo.kernel-accessor : Fetching kernel: gaussian
2024-03-03 01:34:53,623 | INFO | hilo.gaussian-kernel : Calculating Gaussian distribution (location: -0.07834053039550781, scale 0.7261418104171753)
2024-03-03 01:34:53,623 | INFO | hilo.gaussian-kernel : BOTTOM-RIGHT:
tensor([[1.5354e-04, 3.0635e-03, 9.1740e-03],
        [3.0635e-03, 6.1124e-02, 1.8304e-01],
        [9.1740e-03, 1.8304e-01, 5.4816e-01]])
2024-03-03 01:34:53,623 | INFO | hilo.kernel-accessor : Fetching kernel: gaussian
2024-03-03 01:34:53,624 | INFO | hilo.gaussian-kernel : Calculating Gaussian distribution (location: -0.10255572199821472, scale 0.7649273872375488)
2024-03-03 01:34:53,624 | INFO | hilo.gaussian-kernel : TOP-RIGHT:
tensor([[1.2118e-02, 1.8746e-01, 5.2498e-01],
        [4.3270e-03, 6.6936e-02, 1.8746e-01],
        [2.7971e-04, 4.3270e-03, 1.2118e-02]])
2024-03-03 01:34:53,624 | INFO | hilo.kernel-accessor : Fetching kernel: gaussian
2024-03-03 01:34:53,624 | INFO | hilo.gaussian-kernel : Calculating Gaussian distribution (location: -0.13169381022453308, scale 0.7259297370910645)
2024-03-03 01:34:53,624 | INFO | hilo.gaussian-kernel : BOTTOM-RIGHT:
tensor([[1.0749e-04, 2.3773e-03, 7.8828e-03],
        [2.3773e-03, 5.2579e-02, 1.7434e-01],
        [7.8828e-03, 1.7434e-01, 5.7810e-01]])
2024-03-03 01:36:14,416 | INFO | hilo : Epoch   3/200 | Accuracy:  42.9371 | Loss:   1.4598
2024-03-03 01:36:14,416 | INFO | hilo.kernel-accessor : Fetching kernel: gaussian
2024-03-03 01:36:14,417 | INFO | hilo.gaussian-kernel : Calculating Gaussian distribution (location: -0.03265059366822243, scale 0.6613002419471741)
2024-03-03 01:36:14,417 | INFO | hilo.gaussian-kernel : BOTTOM-RIGHT:
tensor([[4.6443e-05, 1.5452e-03, 5.2233e-03],
        [1.5452e-03, 5.1408e-02, 1.7378e-01],
        [5.2233e-03, 1.7378e-01, 5.8745e-01]])
2024-03-03 01:36:14,418 | INFO | hilo.kernel-accessor : Fetching kernel: gaussian
2024-03-03 01:36:14,418 | INFO | hilo.gaussian-kernel : Calculating Gaussian distribution (location: -0.5248253345489502, scale 1.490095853805542)
2024-03-03 01:36:14,418 | INFO | hilo.gaussian-kernel : TOP-RIGHT:
tensor([[0.0714, 0.1777, 0.2819],
        [0.0450, 0.1120, 0.1777],
        [0.0181, 0.0450, 0.0714]])
2024-03-03 01:36:14,418 | INFO | hilo.kernel-accessor : Fetching kernel: gaussian
2024-03-03 01:36:14,418 | INFO | hilo.gaussian-kernel : Calculating Gaussian distribution (location: -0.33160099387168884, scale 1.058749794960022)
2024-03-03 01:36:14,419 | INFO | hilo.gaussian-kernel : TOP-RIGHT:
tensor([[0.0377, 0.1934, 0.4061],
        [0.0180, 0.0921, 0.1934],
        [0.0035, 0.0180, 0.0377]])
2024-03-03 01:36:14,419 | INFO | hilo.kernel-accessor : Fetching kernel: gaussian
2024-03-03 01:36:14,419 | INFO | hilo.gaussian-kernel : Calculating Gaussian distribution (location: -0.29028236865997314, scale 0.9177966713905334)
2024-03-03 01:36:14,419 | INFO | hilo.gaussian-kernel : BOTTOM-RIGHT:
tensor([[0.0011, 0.0088, 0.0226],
        [0.0088, 0.0741, 0.1892],
        [0.0226, 0.1892, 0.4836]])
2024-03-03 01:36:14,419 | INFO | hilo.kernel-accessor : Fetching kernel: gaussian
2024-03-03 01:36:14,419 | INFO | hilo.gaussian-kernel : Calculating Gaussian distribution (location: -0.07701630145311356, scale 0.8139083981513977)
2024-03-03 01:36:14,420 | INFO | hilo.gaussian-kernel : STATIC:
tensor([[0.4709, 0.1971, 0.0182],
        [0.1971, 0.0825, 0.0076],
        [0.0182, 0.0076, 0.0007]])
2024-03-03 01:36:14,420 | INFO | hilo.kernel-accessor : Fetching kernel: gaussian
2024-03-03 01:36:14,420 | INFO | hilo.gaussian-kernel : Calculating Gaussian distribution (location: -0.08852480351924896, scale 0.7845640182495117)
2024-03-03 01:36:14,420 | INFO | hilo.gaussian-kernel : BOTTOM-RIGHT:
tensor([[4.2401e-04, 5.5997e-03, 1.4568e-02],
        [5.5997e-03, 7.3951e-02, 1.9239e-01],
        [1.4568e-02, 1.9239e-01, 5.0051e-01]])
2024-03-03 01:36:14,420 | INFO | hilo.kernel-accessor : Fetching kernel: gaussian
2024-03-03 01:36:14,420 | INFO | hilo.gaussian-kernel : Calculating Gaussian distribution (location: -0.20173364877700806, scale 0.8264169692993164)
2024-03-03 01:36:14,421 | INFO | hilo.gaussian-kernel : BOTTOM-RIGHT:
tensor([[4.5583e-04, 5.5072e-03, 1.5387e-02],
        [5.5072e-03, 6.6536e-02, 1.8590e-01],
        [1.5387e-02, 1.8590e-01, 5.1941e-01]])
2024-03-03 01:36:14,421 | INFO | hilo.kernel-accessor : Fetching kernel: gaussian
2024-03-03 01:36:14,421 | INFO | hilo.gaussian-kernel : Calculating Gaussian distribution (location: -0.1830342411994934, scale 0.692737877368927)
2024-03-03 01:36:14,421 | INFO | hilo.gaussian-kernel : BOTTOM-RIGHT:
tensor([[3.3490e-05, 1.1170e-03, 4.6366e-03],
        [1.1170e-03, 3.7256e-02, 1.5464e-01],
        [4.6366e-03, 1.5464e-01, 6.4191e-01]])
2024-03-03 01:36:14,421 | INFO | hilo.kernel-accessor : Fetching kernel: gaussian
2024-03-03 01:36:14,422 | INFO | hilo.gaussian-kernel : Calculating Gaussian distribution (location: -0.09475737065076828, scale 0.7142191529273987)
2024-03-03 01:36:14,422 | INFO | hilo.gaussian-kernel : TOP-RIGHT:
tensor([[7.7852e-03, 1.7742e-01, 5.6934e-01],
        [2.4261e-03, 5.5290e-02, 1.7742e-01],
        [1.0646e-04, 2.4261e-03, 7.7852e-03]])
2024-03-03 01:36:14,422 | INFO | hilo.kernel-accessor : Fetching kernel: gaussian
2024-03-03 01:36:14,422 | INFO | hilo.gaussian-kernel : Calculating Gaussian distribution (location: -0.165541410446167, scale 0.5683703422546387)
2024-03-03 01:36:14,422 | INFO | hilo.gaussian-kernel : TOP-RIGHT:
tensor([[5.7730e-04, 1.0012e-01, 7.8570e-01],
        [7.3563e-05, 1.2758e-02, 1.0012e-01],
        [4.2417e-07, 7.3563e-05, 5.7730e-04]])
2024-03-03 01:36:14,422 | INFO | hilo.kernel-accessor : Fetching kernel: gaussian
2024-03-03 01:36:14,423 | INFO | hilo.gaussian-kernel : Calculating Gaussian distribution (location: -0.17733323574066162, scale 0.6446835994720459)
2024-03-03 01:36:14,423 | INFO | hilo.gaussian-kernel : STATIC:
tensor([[6.9508e-01, 1.3623e-01, 2.4074e-03],
        [1.3623e-01, 2.6699e-02, 4.7182e-04],
        [2.4074e-03, 4.7182e-04, 8.3381e-06]])
2024-03-03 01:36:14,423 | INFO | hilo.kernel-accessor : Fetching kernel: gaussian
2024-03-03 01:36:14,423 | INFO | hilo.gaussian-kernel : Calculating Gaussian distribution (location: -0.14466246962547302, scale 0.6242286562919617)
2024-03-03 01:36:14,423 | INFO | hilo.gaussian-kernel : TOP-RIGHT:
tensor([[1.9698e-03, 1.3412e-01, 7.0143e-01],
        [3.7664e-04, 2.5643e-02, 1.3412e-01],
        [5.5320e-06, 3.7664e-04, 1.9698e-03]])
2024-03-03 01:36:14,423 | INFO | hilo.kernel-accessor : Fetching kernel: gaussian
2024-03-03 01:36:14,424 | INFO | hilo.gaussian-kernel : Calculating Gaussian distribution (location: -0.003969189710915089, scale 0.6429293155670166)
2024-03-03 01:36:14,424 | INFO | hilo.gaussian-kernel : TOP-RIGHT:
tensor([[4.5742e-03, 1.7396e-01, 5.8878e-01],
        [1.3515e-03, 5.1400e-02, 1.7396e-01],
        [3.5537e-05, 1.3515e-03, 4.5742e-03]])
2024-03-03 01:36:14,424 | INFO | hilo.kernel-accessor : Fetching kernel: gaussian
2024-03-03 01:36:14,424 | INFO | hilo.gaussian-kernel : Calculating Gaussian distribution (location: 0.06821408122777939, scale 0.5071296691894531)
2024-03-03 01:36:14,424 | INFO | hilo.gaussian-kernel : STATIC:
tensor([[7.0939e-01, 1.3236e-01, 5.0573e-04],
        [1.3236e-01, 2.4694e-02, 9.4357e-05],
        [5.0573e-04, 9.4357e-05, 3.6054e-07]])
2024-03-03 01:36:14,425 | INFO | hilo.kernel-accessor : Fetching kernel: gaussian
2024-03-03 01:36:14,425 | INFO | hilo.gaussian-kernel : Calculating Gaussian distribution (location: 0.03470975533127785, scale 0.5735031366348267)
2024-03-03 01:36:14,425 | INFO | hilo.gaussian-kernel : BOTTOM-RIGHT:
tensor([[5.1371e-06, 4.4210e-04, 1.8193e-03],
        [4.4210e-04, 3.8047e-02, 1.5657e-01],
        [1.8193e-03, 1.5657e-01, 6.4429e-01]])
2024-03-03 01:36:14,425 | INFO | hilo.kernel-accessor : Fetching kernel: gaussian
2024-03-03 01:36:14,425 | INFO | hilo.gaussian-kernel : Calculating Gaussian distribution (location: 0.008857323788106441, scale 0.658357560634613)
2024-03-03 01:36:14,426 | INFO | hilo.gaussian-kernel : TOP-RIGHT:
tensor([[5.8150e-03, 1.8141e-01, 5.6334e-01],
        [1.8726e-03, 5.8416e-02, 1.8141e-01],
        [6.0025e-05, 1.8726e-03, 5.8150e-03]])
2024-03-03 01:36:14,426 | INFO | hilo.kernel-accessor : Fetching kernel: gaussian
2024-03-03 01:36:14,426 | INFO | hilo.gaussian-kernel : Calculating Gaussian distribution (location: -0.09195046871900558, scale 0.8309909105300903)
2024-03-03 01:36:14,426 | INFO | hilo.gaussian-kernel : TOP-RIGHT:
tensor([[0.0197, 0.1973, 0.4649],
        [0.0083, 0.0837, 0.1973],
        [0.0008, 0.0083, 0.0197]])
2024-03-03 01:37:35,068 | INFO | hilo : Epoch   4/200 | Accuracy:  44.8864 | Loss:   1.2220
2024-03-03 01:37:35,068 | INFO | hilo.kernel-accessor : Fetching kernel: gaussian
2024-03-03 01:37:35,068 | INFO | hilo.gaussian-kernel : Calculating Gaussian distribution (location: -0.018486985936760902, scale 0.7178378105163574)
2024-03-03 01:37:35,069 | INFO | hilo.gaussian-kernel : STATIC:
tensor([[5.2147e-01, 1.9065e-01, 1.0010e-02],
        [1.9065e-01, 6.9703e-02, 3.6597e-03],
        [1.0010e-02, 3.6597e-03, 1.9215e-04]])
2024-03-03 01:37:35,069 | INFO | hilo.kernel-accessor : Fetching kernel: gaussian
2024-03-03 01:37:35,069 | INFO | hilo.gaussian-kernel : Calculating Gaussian distribution (location: -0.6632629632949829, scale 2.0470194816589355)
2024-03-03 01:37:35,069 | INFO | hilo.gaussian-kernel : TOP-RIGHT:
tensor([[0.0926, 0.1552, 0.2048],
        [0.0701, 0.1175, 0.1552],
        [0.0419, 0.0701, 0.0926]])
2024-03-03 01:37:35,069 | INFO | hilo.kernel-accessor : Fetching kernel: gaussian
2024-03-03 01:37:35,069 | INFO | hilo.gaussian-kernel : Calculating Gaussian distribution (location: -0.3883053958415985, scale 1.2213479280471802)
2024-03-03 01:37:35,070 | INFO | hilo.gaussian-kernel : BOTTOM-RIGHT:
tensor([[0.0083, 0.0294, 0.0534],
        [0.0294, 0.1043, 0.1893],
        [0.0534, 0.1893, 0.3433]])
2024-03-03 01:37:35,070 | INFO | hilo.kernel-accessor : Fetching kernel: gaussian
2024-03-03 01:37:35,070 | INFO | hilo.gaussian-kernel : Calculating Gaussian distribution (location: -0.334948867559433, scale 0.8791763782501221)
2024-03-03 01:37:35,070 | INFO | hilo.gaussian-kernel : TOP-RIGHT:
tensor([[1.6816e-02, 1.8060e-01, 5.3191e-01],
        [5.7093e-03, 6.1317e-02, 1.8060e-01],
        [5.3161e-04, 5.7093e-03, 1.6816e-02]])
2024-03-03 01:37:35,070 | INFO | hilo.kernel-accessor : Fetching kernel: gaussian
2024-03-03 01:37:35,070 | INFO | hilo.gaussian-kernel : Calculating Gaussian distribution (location: -0.01449296623468399, scale 0.8402917981147766)
2024-03-03 01:37:35,071 | INFO | hilo.gaussian-kernel : BOTTOM-RIGHT:
tensor([[0.0013, 0.0115, 0.0239],
        [0.0115, 0.0983, 0.2037],
        [0.0239, 0.2037, 0.4222]])
2024-03-03 01:37:35,071 | INFO | hilo.kernel-accessor : Fetching kernel: gaussian
2024-03-03 01:37:35,071 | INFO | hilo.gaussian-kernel : Calculating Gaussian distribution (location: -0.07475412636995316, scale 0.7520922422409058)
2024-03-03 01:37:35,071 | INFO | hilo.gaussian-kernel : BOTTOM-RIGHT:
tensor([[2.6107e-04, 4.2251e-03, 1.1671e-02],
        [4.2251e-03, 6.8378e-02, 1.8889e-01],
        [1.1671e-02, 1.8889e-01, 5.2179e-01]])
2024-03-03 01:37:35,071 | INFO | hilo.kernel-accessor : Fetching kernel: gaussian
2024-03-03 01:37:35,072 | INFO | hilo.gaussian-kernel : Calculating Gaussian distribution (location: -0.06829711049795151, scale 0.636856734752655)
2024-03-03 01:37:35,072 | INFO | hilo.gaussian-kernel : BOTTOM-RIGHT:
tensor([[1.6963e-05, 8.1062e-04, 3.2911e-03],
        [8.1062e-04, 3.8737e-02, 1.5727e-01],
        [3.2911e-03, 1.5727e-01, 6.3851e-01]])
2024-03-03 01:37:35,072 | INFO | hilo.kernel-accessor : Fetching kernel: gaussian
2024-03-03 01:37:35,072 | INFO | hilo.gaussian-kernel : Calculating Gaussian distribution (location: -0.07620962709188461, scale 0.5969109535217285)
2024-03-03 01:37:35,072 | INFO | hilo.gaussian-kernel : STATIC:
tensor([[6.9348e-01, 1.3762e-01, 1.6499e-03],
        [1.3762e-01, 2.7312e-02, 3.2744e-04],
        [1.6499e-03, 3.2744e-04, 3.9256e-06]])
2024-03-03 01:37:35,072 | INFO | hilo.kernel-accessor : Fetching kernel: gaussian
2024-03-03 01:37:35,073 | INFO | hilo.gaussian-kernel : Calculating Gaussian distribution (location: 0.010607205331325531, scale 0.5901920199394226)
2024-03-03 01:37:35,073 | INFO | hilo.gaussian-kernel : STATIC:
tensor([[6.4125e-01, 1.5734e-01, 2.1871e-03],
        [1.5734e-01, 3.8608e-02, 5.3666e-04],
        [2.1871e-03, 5.3666e-04, 7.4596e-06]])
2024-03-03 01:37:35,073 | INFO | hilo.kernel-accessor : Fetching kernel: gaussian
2024-03-03 01:37:35,073 | INFO | hilo.gaussian-kernel : Calculating Gaussian distribution (location: -0.10522089898586273, scale 0.5778951048851013)
2024-03-03 01:37:35,073 | INFO | hilo.gaussian-kernel : STATIC:
tensor([[7.3727e-01, 1.2039e-01, 9.8426e-04],
        [1.2039e-01, 1.9658e-02, 1.6072e-04],
        [9.8426e-04, 1.6072e-04, 1.3140e-06]])
2024-03-03 01:37:35,073 | INFO | hilo.kernel-accessor : Fetching kernel: gaussian
2024-03-03 01:37:35,074 | INFO | hilo.gaussian-kernel : Calculating Gaussian distribution (location: -0.0774202048778534, scale 0.5626780390739441)
2024-03-03 01:37:35,074 | INFO | hilo.gaussian-kernel : STATIC:
tensor([[7.3994e-01, 1.1944e-01, 8.1916e-04],
        [1.1944e-01, 1.9279e-02, 1.3222e-04],
        [8.1916e-04, 1.3222e-04, 9.0685e-07]])
2024-03-03 01:37:35,074 | INFO | hilo.kernel-accessor : Fetching kernel: gaussian
2024-03-03 01:37:35,074 | INFO | hilo.gaussian-kernel : Calculating Gaussian distribution (location: -0.08848519623279572, scale 0.4878142774105072)
2024-03-03 01:37:35,074 | INFO | hilo.gaussian-kernel : BOTTOM-RIGHT:
tensor([[9.6255e-09, 7.6294e-06, 9.0470e-05],
        [7.6294e-06, 6.0473e-03, 7.1709e-02],
        [9.0470e-05, 7.1709e-02, 8.5034e-01]])
2024-03-03 01:37:35,075 | INFO | hilo.kernel-accessor : Fetching kernel: gaussian
2024-03-03 01:37:35,075 | INFO | hilo.gaussian-kernel : Calculating Gaussian distribution (location: 0.01358231995254755, scale 0.5150503516197205)
2024-03-03 01:37:35,075 | INFO | hilo.gaussian-kernel : STATIC:
tensor([[7.4262e-01, 1.1870e-01, 4.3749e-04],
        [1.1870e-01, 1.8972e-02, 6.9925e-05],
        [4.3749e-04, 6.9925e-05, 2.5773e-07]])
2024-03-03 01:37:35,075 | INFO | hilo.kernel-accessor : Fetching kernel: gaussian
2024-03-03 01:37:35,075 | INFO | hilo.gaussian-kernel : Calculating Gaussian distribution (location: 0.07142451405525208, scale 0.4471519887447357)
2024-03-03 01:37:35,075 | INFO | hilo.gaussian-kernel : TOP-RIGHT:
tensor([[7.4091e-05, 9.3915e-02, 8.0099e-01],
        [8.6870e-06, 1.1011e-02, 9.3915e-02],
        [6.8533e-09, 8.6870e-06, 7.4091e-05]])
2024-03-03 01:37:35,076 | INFO | hilo.kernel-accessor : Fetching kernel: gaussian
2024-03-03 01:37:35,076 | INFO | hilo.gaussian-kernel : Calculating Gaussian distribution (location: 0.013618594035506248, scale 0.4615729749202728)
2024-03-03 01:37:35,076 | INFO | hilo.gaussian-kernel : STATIC:
tensor([[8.2333e-01, 8.3966e-02, 7.8373e-05],
        [8.3966e-02, 8.5631e-03, 7.9927e-06],
        [7.8373e-05, 7.9927e-06, 7.4602e-09]])
2024-03-03 01:37:35,076 | INFO | hilo.kernel-accessor : Fetching kernel: gaussian
2024-03-03 01:37:35,076 | INFO | hilo.gaussian-kernel : Calculating Gaussian distribution (location: 0.017828775569796562, scale 0.5479186177253723)
2024-03-03 01:37:35,076 | INFO | hilo.gaussian-kernel : STATIC:
tensor([[6.9201e-01, 1.3887e-01, 9.9648e-04],
        [1.3887e-01, 2.7866e-02, 1.9996e-04],
        [9.9648e-04, 1.9996e-04, 1.4349e-06]])
2024-03-03 01:37:35,077 | INFO | hilo.kernel-accessor : Fetching kernel: gaussian
2024-03-03 01:37:35,077 | INFO | hilo.gaussian-kernel : Calculating Gaussian distribution (location: 0.05804828926920891, scale 0.6725970506668091)
2024-03-03 01:37:35,077 | INFO | hilo.gaussian-kernel : TOP-RIGHT:
tensor([[8.0197e-03, 1.9429e-01, 5.1608e-01],
        [3.0191e-03, 7.3142e-02, 1.9429e-01],
        [1.2462e-04, 3.0191e-03, 8.0197e-03]])
2024-03-03 01:38:55,763 | INFO | hilo : Epoch   5/200 | Accuracy:  65.6250 | Loss:   1.3630
2024-03-03 01:38:55,763 | INFO | hilo.kernel-accessor : Fetching kernel: gaussian
2024-03-03 01:38:55,763 | INFO | hilo.gaussian-kernel : Calculating Gaussian distribution (location: -0.020893601700663567, scale 0.6785216331481934)
2024-03-03 01:38:55,764 | INFO | hilo.gaussian-kernel : BOTTOM-RIGHT:
tensor([[7.8942e-05, 2.1478e-03, 6.6582e-03],
        [2.1478e-03, 5.8435e-02, 1.8115e-01],
        [6.6582e-03, 1.8115e-01, 5.6157e-01]])
2024-03-03 01:38:55,764 | INFO | hilo.kernel-accessor : Fetching kernel: gaussian
2024-03-03 01:38:55,764 | INFO | hilo.gaussian-kernel : Calculating Gaussian distribution (location: -0.6819008588790894, scale 2.2104203701019287)
2024-03-03 01:38:55,765 | INFO | hilo.gaussian-kernel : TOP-RIGHT:
tensor([[0.0960, 0.1500, 0.1911],
        [0.0754, 0.1178, 0.1500],
        [0.0482, 0.0754, 0.0960]])
2024-03-03 01:38:55,765 | INFO | hilo.kernel-accessor : Fetching kernel: gaussian
2024-03-03 01:38:55,765 | INFO | hilo.gaussian-kernel : Calculating Gaussian distribution (location: -0.5410100221633911, scale 1.2888659238815308)
2024-03-03 01:38:55,766 | INFO | hilo.gaussian-kernel : TOP-RIGHT:
tensor([[0.0547, 0.1869, 0.3498],
        [0.0292, 0.0999, 0.1869],
        [0.0086, 0.0292, 0.0547]])
2024-03-03 01:38:55,766 | INFO | hilo.kernel-accessor : Fetching kernel: gaussian
2024-03-03 01:38:55,766 | INFO | hilo.gaussian-kernel : Calculating Gaussian distribution (location: -0.3640449047088623, scale 0.9347558617591858)
2024-03-03 01:38:55,766 | INFO | hilo.gaussian-kernel : BOTTOM-RIGHT:
tensor([[0.0010, 0.0082, 0.0220],
        [0.0082, 0.0690, 0.1855],
        [0.0220, 0.1855, 0.4987]])
2024-03-03 01:38:55,767 | INFO | hilo.kernel-accessor : Fetching kernel: gaussian
2024-03-03 01:38:55,767 | INFO | hilo.gaussian-kernel : Calculating Gaussian distribution (location: -0.04537411034107208, scale 0.8369324803352356)
2024-03-03 01:38:55,767 | INFO | hilo.gaussian-kernel : TOP-RIGHT:
tensor([[0.0222, 0.2014, 0.4388],
        [0.0102, 0.0925, 0.2014],
        [0.0011, 0.0102, 0.0222]])
2024-03-03 01:38:55,767 | INFO | hilo.kernel-accessor : Fetching kernel: gaussian
2024-03-03 01:38:55,768 | INFO | hilo.gaussian-kernel : Calculating Gaussian distribution (location: -0.06319015473127365, scale 0.7572659850120544)
2024-03-03 01:38:55,768 | INFO | hilo.gaussian-kernel : TOP-RIGHT:
tensor([[1.2530e-02, 1.9134e-01, 5.1090e-01],
        [4.6928e-03, 7.1662e-02, 1.9134e-01],
        [3.0731e-04, 4.6928e-03, 1.2530e-02]])
2024-03-03 01:38:55,768 | INFO | hilo.kernel-accessor : Fetching kernel: gaussian
2024-03-03 01:38:55,768 | INFO | hilo.gaussian-kernel : Calculating Gaussian distribution (location: -0.08446809649467468, scale 0.6728430390357971)
2024-03-03 01:38:55,769 | INFO | hilo.gaussian-kernel : STATIC:
tensor([[6.0722e-01, 1.6698e-01, 5.0428e-03],
        [1.6698e-01, 4.5918e-02, 1.3867e-03],
        [5.0428e-03, 1.3867e-03, 4.1880e-05]])
2024-03-03 01:38:55,769 | INFO | hilo.kernel-accessor : Fetching kernel: gaussian
