2024-03-05 22:09:49,410 | INFO | hilo : 
+==============================================================+
|                                                              |
| ██████╗  █████╗ ██████╗ ██╗         ██╗      █████╗ ██████╗  |
| ██╔══██╗██╔══██╗██╔══██╗██║         ██║     ██╔══██╗██╔══██╗ |
| ██║  ██║███████║██║  ██║██║         ██║     ███████║██████╔╝ |
| ██║  ██║██╔══██║██║  ██║██║         ██║     ██╔══██║██╔══██╗ |
| ██████╔╝██║  ██║██████╔╝███████╗    ███████╗██║  ██║██████╔╝ |
| ╚═════╝ ╚═╝  ╚═╝╚═════╝ ╚══════╝    ╚══════╝╚═╝  ╚═╝╚═════╝  |
+==============================================================+
|             Hi-Lo Resolution Image Classification            |
|             -------------------------------------            |
|                       Gabriel C. Trahan                      |
|                          Sahan Ahmad                         |
|                       MD  Aminual Islam                      |
+==============================================================+
2024-03-05 22:09:50,974 | INFO | hilo.dataset-accessor : Fetching dataset: cifar10
2024-03-05 22:09:50,974 | INFO | hilo.cifar10-dataset : Initializing transform
2024-03-05 22:09:50,975 | INFO | hilo.cifar10-dataset : Verifying/downloading train data
2024-03-05 22:09:51,578 | INFO | hilo.cifar10-dataset : Verifying/downloading test data
2024-03-05 22:09:52,061 | INFO | hilo.cifar10-dataset : Creating train data loader.
2024-03-05 22:09:52,061 | INFO | hilo.cifar10-dataset : Creating test data loader.
2024-03-05 22:09:52,169 | INFO | hilo : Output directory: output/resnet/cifar10/gumbel/12/20240305_220950/
2024-03-05 22:09:53,180 | INFO | hilo : Using device: NVIDIA GeForce GTX 1060 6GB
2024-03-05 22:09:53,181 | INFO | hilo : Exeucting job: MODEL resnet | DATASET cifar10 | KERNEL gumbel | TYPE 12
2024-03-05 22:09:53,181 | INFO | hilo : Commencing training phase...
2024-03-05 22:09:53,181 | INFO | hilo.kernel-accessor : Fetching kernel: gumbel
2024-03-05 22:09:53,181 | INFO | hilo.gumbel-kernel : Calculating Gumbel distribution (location: 0.0, scale 1.0)
2024-03-05 22:09:53,182 | INFO | hilo.gumbel-kernel : STATIC:
tensor([[8.8288e-01, 5.8259e-02, 2.0072e-04],
        [5.8259e-02, 2.0072e-04, 2.2609e-10],
        [2.0072e-04, 2.2609e-10, 8.5377e-26]])
2024-03-05 22:09:53,182 | INFO | hilo.kernel-accessor : Fetching kernel: gumbel
2024-03-05 22:09:53,182 | INFO | hilo.gumbel-kernel : Calculating Gumbel distribution (location: 0.0, scale 1.0)
2024-03-05 22:09:53,182 | INFO | hilo.gumbel-kernel : STATIC:
tensor([[8.8288e-01, 5.8259e-02, 2.0072e-04],
        [5.8259e-02, 2.0072e-04, 2.2609e-10],
        [2.0072e-04, 2.2609e-10, 8.5377e-26]])
2024-03-05 22:09:53,183 | INFO | hilo.kernel-accessor : Fetching kernel: gumbel
2024-03-05 22:09:53,183 | INFO | hilo.gumbel-kernel : Calculating Gumbel distribution (location: 0.0, scale 1.0)
2024-03-05 22:09:53,183 | INFO | hilo.gumbel-kernel : BOTTOM-RIGHT:
tensor([[8.5377e-26, 2.2609e-10, 2.0072e-04],
        [2.2609e-10, 2.0072e-04, 5.8259e-02],
        [2.0072e-04, 5.8259e-02, 8.8288e-01]])
2024-03-05 22:09:53,183 | INFO | hilo.kernel-accessor : Fetching kernel: gumbel
2024-03-05 22:09:53,183 | INFO | hilo.gumbel-kernel : Calculating Gumbel distribution (location: 0.0, scale 1.0)
2024-03-05 22:09:53,184 | INFO | hilo.gumbel-kernel : BOTTOM-RIGHT:
tensor([[8.5377e-26, 2.2609e-10, 2.0072e-04],
        [2.2609e-10, 2.0072e-04, 5.8259e-02],
        [2.0072e-04, 5.8259e-02, 8.8288e-01]])
2024-03-05 22:09:53,184 | INFO | hilo.kernel-accessor : Fetching kernel: gumbel
2024-03-05 22:09:53,184 | INFO | hilo.gumbel-kernel : Calculating Gumbel distribution (location: 0.0, scale 1.0)
2024-03-05 22:09:53,184 | INFO | hilo.gumbel-kernel : STATIC:
tensor([[8.8288e-01, 5.8259e-02, 2.0072e-04],
        [5.8259e-02, 2.0072e-04, 2.2609e-10],
        [2.0072e-04, 2.2609e-10, 8.5377e-26]])
2024-03-05 22:09:53,184 | INFO | hilo.kernel-accessor : Fetching kernel: gumbel
2024-03-05 22:09:53,184 | INFO | hilo.gumbel-kernel : Calculating Gumbel distribution (location: 0.0, scale 1.0)
2024-03-05 22:09:53,185 | INFO | hilo.gumbel-kernel : BOTTOM-LEFT:
tensor([[2.0072e-04, 2.2609e-10, 8.5377e-26],
        [5.8259e-02, 2.0072e-04, 2.2609e-10],
        [8.8288e-01, 5.8259e-02, 2.0072e-04]])
2024-03-05 22:09:53,185 | INFO | hilo.kernel-accessor : Fetching kernel: gumbel
2024-03-05 22:09:53,185 | INFO | hilo.gumbel-kernel : Calculating Gumbel distribution (location: 0.0, scale 1.0)
2024-03-05 22:09:53,185 | INFO | hilo.gumbel-kernel : BOTTOM-RIGHT:
tensor([[8.5377e-26, 2.2609e-10, 2.0072e-04],
        [2.2609e-10, 2.0072e-04, 5.8259e-02],
        [2.0072e-04, 5.8259e-02, 8.8288e-01]])
2024-03-05 22:09:53,185 | INFO | hilo.kernel-accessor : Fetching kernel: gumbel
2024-03-05 22:09:53,185 | INFO | hilo.gumbel-kernel : Calculating Gumbel distribution (location: 0.0, scale 1.0)
2024-03-05 22:09:53,186 | INFO | hilo.gumbel-kernel : BOTTOM-RIGHT:
tensor([[8.5377e-26, 2.2609e-10, 2.0072e-04],
        [2.2609e-10, 2.0072e-04, 5.8259e-02],
        [2.0072e-04, 5.8259e-02, 8.8288e-01]])
2024-03-05 22:09:53,186 | INFO | hilo.kernel-accessor : Fetching kernel: gumbel
2024-03-05 22:09:53,186 | INFO | hilo.gumbel-kernel : Calculating Gumbel distribution (location: 0.0, scale 1.0)
2024-03-05 22:09:53,186 | INFO | hilo.gumbel-kernel : STATIC:
tensor([[8.8288e-01, 5.8259e-02, 2.0072e-04],
        [5.8259e-02, 2.0072e-04, 2.2609e-10],
        [2.0072e-04, 2.2609e-10, 8.5377e-26]])
2024-03-05 22:09:53,186 | INFO | hilo.kernel-accessor : Fetching kernel: gumbel
2024-03-05 22:09:53,186 | INFO | hilo.gumbel-kernel : Calculating Gumbel distribution (location: 0.0, scale 1.0)
2024-03-05 22:09:53,187 | INFO | hilo.gumbel-kernel : BOTTOM-LEFT:
tensor([[2.0072e-04, 2.2609e-10, 8.5377e-26],
        [5.8259e-02, 2.0072e-04, 2.2609e-10],
        [8.8288e-01, 5.8259e-02, 2.0072e-04]])
2024-03-05 22:09:53,187 | INFO | hilo.kernel-accessor : Fetching kernel: gumbel
2024-03-05 22:09:53,187 | INFO | hilo.gumbel-kernel : Calculating Gumbel distribution (location: 0.0, scale 1.0)
2024-03-05 22:09:53,187 | INFO | hilo.gumbel-kernel : STATIC:
tensor([[8.8288e-01, 5.8259e-02, 2.0072e-04],
        [5.8259e-02, 2.0072e-04, 2.2609e-10],
        [2.0072e-04, 2.2609e-10, 8.5377e-26]])
2024-03-05 22:09:53,187 | INFO | hilo.kernel-accessor : Fetching kernel: gumbel
2024-03-05 22:09:53,187 | INFO | hilo.gumbel-kernel : Calculating Gumbel distribution (location: 0.0, scale 1.0)
2024-03-05 22:09:53,188 | INFO | hilo.gumbel-kernel : BOTTOM-LEFT:
tensor([[2.0072e-04, 2.2609e-10, 8.5377e-26],
        [5.8259e-02, 2.0072e-04, 2.2609e-10],
        [8.8288e-01, 5.8259e-02, 2.0072e-04]])
2024-03-05 22:09:53,188 | INFO | hilo.kernel-accessor : Fetching kernel: gumbel
2024-03-05 22:09:53,188 | INFO | hilo.gumbel-kernel : Calculating Gumbel distribution (location: 0.0, scale 1.0)
2024-03-05 22:09:53,188 | INFO | hilo.gumbel-kernel : STATIC:
tensor([[8.8288e-01, 5.8259e-02, 2.0072e-04],
        [5.8259e-02, 2.0072e-04, 2.2609e-10],
        [2.0072e-04, 2.2609e-10, 8.5377e-26]])
2024-03-05 22:09:53,188 | INFO | hilo.kernel-accessor : Fetching kernel: gumbel
2024-03-05 22:09:53,189 | INFO | hilo.gumbel-kernel : Calculating Gumbel distribution (location: 0.0, scale 1.0)
2024-03-05 22:09:53,189 | INFO | hilo.gumbel-kernel : BOTTOM-LEFT:
tensor([[2.0072e-04, 2.2609e-10, 8.5377e-26],
        [5.8259e-02, 2.0072e-04, 2.2609e-10],
        [8.8288e-01, 5.8259e-02, 2.0072e-04]])
2024-03-05 22:09:53,189 | INFO | hilo.kernel-accessor : Fetching kernel: gumbel
2024-03-05 22:09:53,189 | INFO | hilo.gumbel-kernel : Calculating Gumbel distribution (location: 0.0, scale 1.0)
2024-03-05 22:09:53,189 | INFO | hilo.gumbel-kernel : BOTTOM-RIGHT:
tensor([[8.5377e-26, 2.2609e-10, 2.0072e-04],
        [2.2609e-10, 2.0072e-04, 5.8259e-02],
        [2.0072e-04, 5.8259e-02, 8.8288e-01]])
2024-03-05 22:09:53,189 | INFO | hilo.kernel-accessor : Fetching kernel: gumbel
2024-03-05 22:09:53,190 | INFO | hilo.gumbel-kernel : Calculating Gumbel distribution (location: 0.0, scale 1.0)
2024-03-05 22:09:53,190 | INFO | hilo.gumbel-kernel : BOTTOM-LEFT:
tensor([[2.0072e-04, 2.2609e-10, 8.5377e-26],
        [5.8259e-02, 2.0072e-04, 2.2609e-10],
        [8.8288e-01, 5.8259e-02, 2.0072e-04]])
2024-03-05 22:09:53,190 | INFO | hilo.kernel-accessor : Fetching kernel: gumbel
2024-03-05 22:09:53,190 | INFO | hilo.gumbel-kernel : Calculating Gumbel distribution (location: 0.0, scale 1.0)
2024-03-05 22:09:53,190 | INFO | hilo.gumbel-kernel : BOTTOM-LEFT:
tensor([[2.0072e-04, 2.2609e-10, 8.5377e-26],
        [5.8259e-02, 2.0072e-04, 2.2609e-10],
        [8.8288e-01, 5.8259e-02, 2.0072e-04]])
2024-03-05 22:11:14,871 | INFO | hilo : Epoch   1/200 | Accuracy:  53.1250 | Loss:   1.4895
2024-03-05 22:11:14,871 | INFO | hilo.kernel-accessor : Fetching kernel: gumbel
2024-03-05 22:11:14,872 | INFO | hilo.gumbel-kernel : Calculating Gumbel distribution (location: -0.011184566654264927, scale 0.5369748473167419)
2024-03-05 22:11:14,872 | INFO | hilo.gumbel-kernel : BOTTOM-RIGHT:
tensor([[0.0000e+00, 0.0000e+00, 1.1641e-20],
        [0.0000e+00, 1.1640e-20, 5.3506e-04],
        [1.1641e-20, 5.3506e-04, 9.9893e-01]])
2024-03-05 22:11:14,872 | INFO | hilo.kernel-accessor : Fetching kernel: gumbel
2024-03-05 22:11:14,873 | INFO | hilo.gumbel-kernel : Calculating Gumbel distribution (location: -0.7958510518074036, scale 1.9254933595657349)
2024-03-05 22:11:14,873 | INFO | hilo.gumbel-kernel : BOTTOM-RIGHT:
tensor([[1.1553e-08, 3.1515e-05, 4.3043e-03],
        [3.1515e-05, 4.3043e-03, 9.8997e-02],
        [4.3043e-03, 9.8997e-02, 7.8903e-01]])
2024-03-05 22:11:14,873 | INFO | hilo.kernel-accessor : Fetching kernel: gumbel
2024-03-05 22:11:14,873 | INFO | hilo.gumbel-kernel : Calculating Gumbel distribution (location: -0.46737998723983765, scale 1.3637388944625854)
2024-03-05 22:11:14,873 | INFO | hilo.gumbel-kernel : BOTTOM-RIGHT:
tensor([[2.2361e-17, 1.2090e-08, 2.7711e-04],
        [1.2090e-08, 2.7711e-04, 5.0406e-02],
        [2.7711e-04, 5.0406e-02, 8.9836e-01]])
2024-03-05 22:11:14,874 | INFO | hilo.kernel-accessor : Fetching kernel: gumbel
2024-03-05 22:11:14,874 | INFO | hilo.gumbel-kernel : Calculating Gumbel distribution (location: -0.3171437382698059, scale 1.3423500061035156)
2024-03-05 22:11:14,874 | INFO | hilo.gumbel-kernel : BOTTOM-LEFT:
tensor([[7.8157e-04, 1.4124e-07, 4.2049e-15],
        [6.9168e-02, 7.8157e-04, 1.4124e-07],
        [8.5932e-01, 6.9168e-02, 7.8157e-04]])
2024-03-05 22:11:14,874 | INFO | hilo.kernel-accessor : Fetching kernel: gumbel
2024-03-05 22:11:14,874 | INFO | hilo.gumbel-kernel : Calculating Gumbel distribution (location: -0.329037606716156, scale 1.3258167505264282)
2024-03-05 22:11:14,875 | INFO | hilo.gumbel-kernel : BOTTOM-LEFT:
tensor([[5.9284e-04, 6.5214e-08, 5.8496e-16],
        [6.4328e-02, 5.9284e-04, 6.5214e-08],
        [8.6956e-01, 6.4328e-02, 5.9284e-04]])
2024-03-05 22:11:14,875 | INFO | hilo.kernel-accessor : Fetching kernel: gumbel
2024-03-05 22:11:14,875 | INFO | hilo.gumbel-kernel : Calculating Gumbel distribution (location: -0.10692445188760757, scale 1.1097843647003174)
2024-03-05 22:11:14,875 | INFO | hilo.gumbel-kernel : STATIC:
tensor([[8.7796e-01, 6.0553e-02, 3.1251e-04],
        [6.0553e-02, 3.1251e-04, 2.7243e-09],
        [3.1251e-04, 2.7243e-09, 3.5436e-21]])
2024-03-05 22:11:14,875 | INFO | hilo.kernel-accessor : Fetching kernel: gumbel
2024-03-05 22:11:14,875 | INFO | hilo.gumbel-kernel : Calculating Gumbel distribution (location: -0.20635423064231873, scale 1.3459389209747314)
2024-03-05 22:11:14,876 | INFO | hilo.gumbel-kernel : STATIC:
tensor([[8.2015e-01, 8.7253e-02, 1.7814e-03],
        [8.7253e-02, 1.7814e-03, 1.1316e-06],
        [1.7814e-03, 1.1316e-06, 4.8812e-13]])
2024-03-05 22:11:14,876 | INFO | hilo.kernel-accessor : Fetching kernel: gumbel
2024-03-05 22:11:14,876 | INFO | hilo.gumbel-kernel : Calculating Gumbel distribution (location: -0.21193373203277588, scale 1.3404490947723389)
2024-03-05 22:11:14,876 | INFO | hilo.gumbel-kernel : STATIC:
tensor([[8.2424e-01, 8.5417e-02, 1.6398e-03],
        [8.5417e-02, 1.6398e-03, 8.9960e-07],
        [1.6398e-03, 8.9960e-07, 2.7394e-13]])
2024-03-05 22:11:14,876 | INFO | hilo.kernel-accessor : Fetching kernel: gumbel
2024-03-05 22:11:14,876 | INFO | hilo.gumbel-kernel : Calculating Gumbel distribution (location: -0.3624540865421295, scale 1.3770655393600464)
2024-03-05 22:11:14,877 | INFO | hilo.gumbel-kernel : BOTTOM-RIGHT:
tensor([[9.6324e-15, 1.6970e-07, 7.9018e-04],
        [1.6970e-07, 7.9019e-04, 6.8387e-02],
        [7.9018e-04, 6.8387e-02, 8.6086e-01]])
2024-03-05 22:11:14,877 | INFO | hilo.kernel-accessor : Fetching kernel: gumbel
2024-03-05 22:11:14,877 | INFO | hilo.gumbel-kernel : Calculating Gumbel distribution (location: -0.22007901966571808, scale 1.1039760112762451)
2024-03-05 22:11:14,877 | INFO | hilo.gumbel-kernel : BOTTOM-LEFT:
tensor([[7.2868e-05, 4.2850e-11, 6.2751e-26],
        [4.1247e-02, 7.2868e-05, 4.2850e-11],
        [9.1729e-01, 4.1247e-02, 7.2868e-05]])
2024-03-05 22:11:14,877 | INFO | hilo.kernel-accessor : Fetching kernel: gumbel
2024-03-05 22:11:14,877 | INFO | hilo.gumbel-kernel : Calculating Gumbel distribution (location: -0.26061591506004333, scale 1.2338824272155762)
2024-03-05 22:11:14,878 | INFO | hilo.gumbel-kernel : BOTTOM-RIGHT:
tensor([[1.7841e-18, 1.0371e-08, 3.5734e-04],
        [1.0371e-08, 3.5734e-04, 5.8355e-02],
        [3.5734e-04, 5.8355e-02, 8.8222e-01]])
2024-03-05 22:11:14,878 | INFO | hilo.kernel-accessor : Fetching kernel: gumbel
2024-03-05 22:11:14,878 | INFO | hilo.gumbel-kernel : Calculating Gumbel distribution (location: -0.14125141501426697, scale 1.0935300588607788)
2024-03-05 22:11:14,878 | INFO | hilo.gumbel-kernel : BOTTOM-RIGHT:
tensor([[1.3182e-23, 3.8445e-10, 1.6542e-04],
        [3.8445e-10, 1.6542e-04, 5.1786e-02],
        [1.6542e-04, 5.1786e-02, 8.9593e-01]])
2024-03-05 22:11:14,878 | INFO | hilo.kernel-accessor : Fetching kernel: gumbel
2024-03-05 22:11:14,878 | INFO | hilo.gumbel-kernel : Calculating Gumbel distribution (location: -0.1401641070842743, scale 1.1640994548797607)
2024-03-05 22:11:14,879 | INFO | hilo.gumbel-kernel : BOTTOM-RIGHT:
tensor([[6.8123e-19, 1.2623e-08, 4.6277e-04],
        [1.2623e-08, 4.6277e-04, 6.5116e-02],
        [4.6277e-04, 6.5116e-02, 8.6838e-01]])
2024-03-05 22:11:14,879 | INFO | hilo.kernel-accessor : Fetching kernel: gumbel
2024-03-05 22:11:14,879 | INFO | hilo.gumbel-kernel : Calculating Gumbel distribution (location: 0.023846318945288658, scale 0.9482580423355103)
2024-03-05 22:11:14,879 | INFO | hilo.gumbel-kernel : STATIC:
tensor([[8.9447e-01, 5.2599e-02, 1.1094e-04],
        [5.2599e-02, 1.1094e-04, 1.6599e-11],
        [1.1094e-04, 1.6599e-11, 3.0488e-30]])
2024-03-05 22:11:14,879 | INFO | hilo.kernel-accessor : Fetching kernel: gumbel
2024-03-05 22:11:14,880 | INFO | hilo.gumbel-kernel : Calculating Gumbel distribution (location: 0.01969464123249054, scale 0.9825628995895386)
2024-03-05 22:11:14,880 | INFO | hilo.gumbel-kernel : BOTTOM-LEFT:
tensor([[1.9261e-04, 1.5793e-10, 1.3780e-26],
        [5.8416e-02, 1.9261e-04, 1.5793e-10],
        [8.8259e-01, 5.8416e-02, 1.9261e-04]])
2024-03-05 22:11:14,880 | INFO | hilo.kernel-accessor : Fetching kernel: gumbel
2024-03-05 22:11:14,880 | INFO | hilo.gumbel-kernel : Calculating Gumbel distribution (location: 0.0760549008846283, scale 1.018417239189148)
2024-03-05 22:11:14,880 | INFO | hilo.gumbel-kernel : STATIC:
tensor([[8.4744e-01, 7.5368e-02, 6.0763e-04],
        [7.5368e-02, 6.0763e-04, 8.0678e-09],
        [6.0763e-04, 8.0678e-09, 3.9771e-21]])
2024-03-05 22:11:14,880 | INFO | hilo.kernel-accessor : Fetching kernel: gumbel
2024-03-05 22:11:14,881 | INFO | hilo.gumbel-kernel : Calculating Gumbel distribution (location: -0.07449381053447723, scale 1.3341230154037476)
2024-03-05 22:11:14,881 | INFO | hilo.gumbel-kernel : BOTTOM-LEFT:
tensor([[3.5581e-03, 6.2939e-06, 2.1788e-11],
        [1.0558e-01, 3.5581e-03, 6.2939e-06],
        [7.7816e-01, 1.0558e-01, 3.5581e-03]])
2024-03-05 22:12:35,701 | INFO | hilo : Epoch   2/200 | Accuracy:  50.7812 | Loss:   1.1560
2024-03-05 22:12:35,701 | INFO | hilo.kernel-accessor : Fetching kernel: gumbel
2024-03-05 22:12:35,701 | INFO | hilo.gumbel-kernel : Calculating Gumbel distribution (location: -0.024579912424087524, scale 0.5221806168556213)
2024-03-05 22:12:35,702 | INFO | hilo.gumbel-kernel : BOTTOM-LEFT:
tensor([[6.7921e-24, 0.0000e+00, 0.0000e+00],
        [2.5504e-04, 6.7923e-24, 0.0000e+00],
        [9.9949e-01, 2.5504e-04, 6.7921e-24]])
2024-03-05 22:12:35,702 | INFO | hilo.kernel-accessor : Fetching kernel: gumbel
2024-03-05 22:12:35,702 | INFO | hilo.gumbel-kernel : Calculating Gumbel distribution (location: -0.6956982612609863, scale 1.6711946725845337)
2024-03-05 22:12:35,702 | INFO | hilo.gumbel-kernel : BOTTOM-RIGHT:
tensor([[9.0047e-12, 1.3762e-06, 1.2749e-03],
        [1.3762e-06, 1.2749e-03, 7.1344e-02],
        [1.2749e-03, 7.1344e-02, 8.5348e-01]])
2024-03-05 22:12:35,702 | INFO | hilo.kernel-accessor : Fetching kernel: gumbel
2024-03-05 22:12:35,703 | INFO | hilo.gumbel-kernel : Calculating Gumbel distribution (location: -0.5184811353683472, scale 1.4031202793121338)
2024-03-05 22:12:35,703 | INFO | hilo.gumbel-kernel : STATIC:
tensor([[8.9912e-01, 5.0005e-02, 2.8946e-04],
        [5.0005e-02, 2.8946e-04, 1.6602e-08],
        [2.8946e-04, 1.6602e-08, 7.7901e-17]])
2024-03-05 22:12:35,703 | INFO | hilo.kernel-accessor : Fetching kernel: gumbel
2024-03-05 22:12:35,703 | INFO | hilo.gumbel-kernel : Calculating Gumbel distribution (location: -0.44720378518104553, scale 0.9851559400558472)
2024-03-05 22:12:35,703 | INFO | hilo.gumbel-kernel : STATIC:
tensor([[9.9084e-01, 4.5788e-03, 9.8215e-09],
        [4.5788e-03, 9.8215e-09, 1.3340e-23],
        [9.8215e-09, 1.3340e-23, 0.0000e+00]])
2024-03-05 22:12:35,703 | INFO | hilo.kernel-accessor : Fetching kernel: gumbel
2024-03-05 22:12:35,704 | INFO | hilo.gumbel-kernel : Calculating Gumbel distribution (location: -0.30123335123062134, scale 0.8682253956794739)
2024-03-05 22:12:35,704 | INFO | hilo.gumbel-kernel : BOTTOM-LEFT:
tensor([[1.4600e-09, 6.8740e-29, 0.0000e+00],
        [4.1239e-03, 1.4600e-09, 6.8740e-29],
        [9.9175e-01, 4.1239e-03, 1.4600e-09]])
2024-03-05 22:12:35,704 | INFO | hilo.kernel-accessor : Fetching kernel: gumbel
2024-03-05 22:12:35,704 | INFO | hilo.gumbel-kernel : Calculating Gumbel distribution (location: -0.22581608593463898, scale 0.8299562335014343)
2024-03-05 22:12:35,704 | INFO | hilo.gumbel-kernel : STATIC:
tensor([[9.8942e-01, 5.2924e-03, 2.3276e-09],
        [5.2924e-03, 2.3276e-09, 2.4046e-29],
        [2.3276e-09, 2.4046e-29, 0.0000e+00]])
2024-03-05 22:12:35,705 | INFO | hilo.kernel-accessor : Fetching kernel: gumbel
2024-03-05 22:12:35,705 | INFO | hilo.gumbel-kernel : Calculating Gumbel distribution (location: -0.1967652440071106, scale 0.9773052334785461)
2024-03-05 22:12:35,705 | INFO | hilo.gumbel-kernel : BOTTOM-LEFT:
tensor([[5.1449e-06, 2.0224e-15, 8.5181e-41],
        [2.3807e-02, 5.1449e-06, 2.0224e-15],
        [9.5237e-01, 2.3807e-02, 5.1449e-06]])
2024-03-05 22:12:35,705 | INFO | hilo.kernel-accessor : Fetching kernel: gumbel
2024-03-05 22:12:35,705 | INFO | hilo.gumbel-kernel : Calculating Gumbel distribution (location: -0.23770184814929962, scale 0.9653354287147522)
2024-03-05 22:12:35,706 | INFO | hilo.gumbel-kernel : BOTTOM-LEFT:
tensor([[1.4233e-06, 2.8047e-17, 0.0000e+00],
        [1.7494e-02, 1.4233e-06, 2.8047e-17],
        [9.6501e-01, 1.7494e-02, 1.4233e-06]])
2024-03-05 22:12:35,706 | INFO | hilo.kernel-accessor : Fetching kernel: gumbel
2024-03-05 22:12:35,706 | INFO | hilo.gumbel-kernel : Calculating Gumbel distribution (location: -0.311650812625885, scale 1.019860863685608)
2024-03-05 22:12:35,706 | INFO | hilo.gumbel-kernel : STATIC:
tensor([[9.6632e-01, 1.6836e-02, 1.7647e-06],
        [1.6836e-02, 1.7647e-06, 2.2238e-16],
        [1.7647e-06, 2.2238e-16, 4.6257e-42]])
2024-03-05 22:12:35,706 | INFO | hilo.kernel-accessor : Fetching kernel: gumbel
2024-03-05 22:12:35,706 | INFO | hilo.gumbel-kernel : Calculating Gumbel distribution (location: -0.21401245892047882, scale 0.8517761826515198)
2024-03-05 22:12:35,707 | INFO | hilo.gumbel-kernel : BOTTOM-RIGHT:
tensor([[0.0000e+00, 7.5917e-26, 1.5115e-08],
        [7.5917e-26, 1.5114e-08, 7.5715e-03],
        [1.5115e-08, 7.5715e-03, 9.8486e-01]])
2024-03-05 22:12:35,707 | INFO | hilo.kernel-accessor : Fetching kernel: gumbel
2024-03-05 22:12:35,707 | INFO | hilo.gumbel-kernel : Calculating Gumbel distribution (location: -0.23199443519115448, scale 0.9255451560020447)
2024-03-05 22:12:35,707 | INFO | hilo.gumbel-kernel : STATIC:
tensor([[9.7340e-01, 1.3300e-02, 3.5020e-07],
        [1.3300e-02, 3.5020e-07, 9.2510e-20],
        [3.5020e-07, 9.2510e-20, 0.0000e+00]])
2024-03-05 22:12:35,707 | INFO | hilo.kernel-accessor : Fetching kernel: gumbel
2024-03-05 22:12:35,707 | INFO | hilo.gumbel-kernel : Calculating Gumbel distribution (location: -0.11980514228343964, scale 0.8491888642311096)
2024-03-05 22:12:35,708 | INFO | hilo.gumbel-kernel : STATIC:
tensor([[9.6963e-01, 1.5186e-02, 2.9503e-07],
        [1.5186e-02, 2.9503e-07, 2.1008e-21],
        [2.9503e-07, 2.1008e-21, 0.0000e+00]])
2024-03-05 22:12:35,708 | INFO | hilo.kernel-accessor : Fetching kernel: gumbel
2024-03-05 22:12:35,708 | INFO | hilo.gumbel-kernel : Calculating Gumbel distribution (location: 0.0449870228767395, scale 0.9936707615852356)
2024-03-05 22:12:35,708 | INFO | hilo.gumbel-kernel : BOTTOM-LEFT:
tensor([[3.1099e-04, 7.9961e-10, 2.3417e-24],
        [6.5072e-02, 3.1100e-04, 7.9961e-10],
        [8.6892e-01, 6.5072e-02, 3.1099e-04]])
2024-03-05 22:12:35,708 | INFO | hilo.kernel-accessor : Fetching kernel: gumbel
2024-03-05 22:12:35,708 | INFO | hilo.gumbel-kernel : Calculating Gumbel distribution (location: -0.030602864921092987, scale 0.8355302214622498)
2024-03-05 22:12:35,709 | INFO | hilo.gumbel-kernel : BOTTOM-LEFT:
tensor([[1.9393e-06, 8.8165e-19, 0.0000e+00],
        [2.3965e-02, 1.9393e-06, 8.8165e-19],
        [9.5206e-01, 2.3965e-02, 1.9393e-06]])
2024-03-05 22:12:35,709 | INFO | hilo.kernel-accessor : Fetching kernel: gumbel
2024-03-05 22:12:35,709 | INFO | hilo.gumbel-kernel : Calculating Gumbel distribution (location: 0.04511827975511551, scale 0.9149066805839539)
2024-03-05 22:12:35,709 | INFO | hilo.gumbel-kernel : STATIC:
tensor([[8.9975e-01, 5.0006e-02, 7.8738e-05],
        [5.0006e-02, 7.8738e-05, 2.9928e-12],
        [7.8738e-05, 2.9928e-12, 1.9125e-33]])
2024-03-05 22:12:35,709 | INFO | hilo.kernel-accessor : Fetching kernel: gumbel
2024-03-05 22:12:35,710 | INFO | hilo.gumbel-kernel : Calculating Gumbel distribution (location: 0.11947786808013916, scale 0.9943205714225769)
2024-03-05 22:12:35,710 | INFO | hilo.gumbel-kernel : STATIC:
tensor([[8.4063e-01, 7.8648e-02, 6.9196e-04],
        [7.8648e-02, 6.9196e-04, 9.4985e-09],
        [6.9196e-04, 9.4985e-09, 2.7657e-21]])
2024-03-05 22:12:35,710 | INFO | hilo.kernel-accessor : Fetching kernel: gumbel
2024-03-05 22:12:35,710 | INFO | hilo.gumbel-kernel : Calculating Gumbel distribution (location: -0.043569549918174744, scale 1.2284770011901855)
2024-03-05 22:12:35,710 | INFO | hilo.gumbel-kernel : BOTTOM-LEFT:
tensor([[1.9584e-03, 8.9808e-07, 7.2883e-14],
        [9.2905e-02, 1.9584e-03, 8.9808e-07],
        [8.0831e-01, 9.2905e-02, 1.9584e-03]])
2024-03-05 22:13:56,568 | INFO | hilo : Epoch   3/200 | Accuracy:  68.7500 | Loss:   0.9900
2024-03-05 22:13:56,568 | INFO | hilo.kernel-accessor : Fetching kernel: gumbel
2024-03-05 22:13:56,568 | INFO | hilo.gumbel-kernel : Calculating Gumbel distribution (location: -0.01088063046336174, scale 0.5624778270721436)
2024-03-05 22:13:56,569 | INFO | hilo.gumbel-kernel : BOTTOM-RIGHT:
tensor([[0.0000e+00, 0.0000e+00, 1.2616e-17],
        [0.0000e+00, 1.2616e-17, 1.0169e-03],
        [1.2616e-17, 1.0169e-03, 9.9797e-01]])
2024-03-05 22:13:56,570 | INFO | hilo.kernel-accessor : Fetching kernel: gumbel
2024-03-05 22:13:56,570 | INFO | hilo.gumbel-kernel : Calculating Gumbel distribution (location: -0.6600452065467834, scale 1.531058430671692)
2024-03-05 22:13:56,570 | INFO | hilo.gumbel-kernel : STATIC:
tensor([[8.9387e-01, 5.2446e-02, 4.1171e-04],
        [5.2446e-02, 4.1171e-04, 6.7742e-08],
        [4.1171e-04, 6.7742e-08, 6.6306e-15]])
2024-03-05 22:13:56,571 | INFO | hilo.kernel-accessor : Fetching kernel: gumbel
2024-03-05 22:13:56,571 | INFO | hilo.gumbel-kernel : Calculating Gumbel distribution (location: -0.47569042444229126, scale 1.256080985069275)
2024-03-05 22:13:56,571 | INFO | hilo.gumbel-kernel : BOTTOM-RIGHT:
tensor([[1.3835e-23, 5.8665e-11, 4.5087e-05],
        [5.8665e-11, 4.5087e-05, 3.1529e-02],
        [4.5087e-05, 3.1529e-02, 9.3681e-01]])
2024-03-05 22:13:56,572 | INFO | hilo.kernel-accessor : Fetching kernel: gumbel
2024-03-05 22:13:56,572 | INFO | hilo.gumbel-kernel : Calculating Gumbel distribution (location: -0.5056235790252686, scale 0.8907901048660278)
2024-03-05 22:13:56,573 | INFO | hilo.gumbel-kernel : BOTTOM-LEFT:
tensor([[4.1209e-13, 4.7436e-40, 0.0000e+00],
        [5.1363e-04, 4.1209e-13, 4.7436e-40],
        [9.9897e-01, 5.1363e-04, 4.1209e-13]])
2024-03-05 22:13:56,573 | INFO | hilo.kernel-accessor : Fetching kernel: gumbel
2024-03-05 22:13:56,573 | INFO | hilo.gumbel-kernel : Calculating Gumbel distribution (location: -0.27199429273605347, scale 0.740601122379303)
2024-03-05 22:13:56,574 | INFO | hilo.gumbel-kernel : STATIC:
tensor([[9.9866e-01, 6.6888e-04, 1.7975e-14],
        [6.6888e-04, 1.7975e-14, 0.0000e+00],
        [1.7975e-14, 0.0000e+00, 0.0000e+00]])
2024-03-05 22:13:56,574 | INFO | hilo.kernel-accessor : Fetching kernel: gumbel
2024-03-05 22:13:56,574 | INFO | hilo.gumbel-kernel : Calculating Gumbel distribution (location: -0.18330931663513184, scale 0.7183426022529602)
2024-03-05 22:13:56,575 | INFO | hilo.gumbel-kernel : STATIC:
tensor([[9.9678e-01, 1.6096e-03, 6.3389e-13],
        [1.6096e-03, 6.3389e-13, 0.0000e+00],
        [6.3389e-13, 0.0000e+00, 0.0000e+00]])
2024-03-05 22:13:56,575 | INFO | hilo.kernel-accessor : Fetching kernel: gumbel
2024-03-05 22:13:56,575 | INFO | hilo.gumbel-kernel : Calculating Gumbel distribution (location: -0.23190155625343323, scale 0.8743206858634949)
2024-03-05 22:13:56,576 | INFO | hilo.gumbel-kernel : BOTTOM-RIGHT:
tensor([[0.0000e+00, 2.6297e-24, 2.9257e-08],
        [2.6297e-24, 2.9257e-08, 8.2685e-03],
        [2.9257e-08, 8.2685e-03, 9.8346e-01]])
2024-03-05 22:13:56,576 | INFO | hilo.kernel-accessor : Fetching kernel: gumbel
2024-03-05 22:13:56,576 | INFO | hilo.gumbel-kernel : Calculating Gumbel distribution (location: -0.17218229174613953, scale 0.7726036310195923)
2024-03-05 22:13:56,577 | INFO | hilo.gumbel-kernel : BOTTOM-RIGHT:
tensor([[0.0000e+00, 1.1192e-34, 3.3275e-10],
        [1.1192e-34, 3.3275e-10, 4.3437e-03],
        [3.3275e-10, 4.3437e-03, 9.9131e-01]])
2024-03-05 22:13:56,577 | INFO | hilo.kernel-accessor : Fetching kernel: gumbel
2024-03-05 22:13:56,577 | INFO | hilo.gumbel-kernel : Calculating Gumbel distribution (location: -0.20513415336608887, scale 0.7081624269485474)
2024-03-05 22:13:56,578 | INFO | hilo.gumbel-kernel : BOTTOM-LEFT:
tensor([[3.0777e-14, 0.0000e+00, 0.0000e+00],
        [9.5358e-04, 3.0777e-14, 0.0000e+00],
        [9.9809e-01, 9.5358e-04, 3.0777e-14]])
2024-03-05 22:13:56,578 | INFO | hilo.kernel-accessor : Fetching kernel: gumbel
2024-03-05 22:13:56,578 | INFO | hilo.gumbel-kernel : Calculating Gumbel distribution (location: -0.12716232240200043, scale 0.6243904829025269)
2024-03-05 22:13:56,579 | INFO | hilo.gumbel-kernel : BOTTOM-RIGHT:
tensor([[0.0000e+00, 0.0000e+00, 1.5844e-17],
        [0.0000e+00, 1.5844e-17, 5.2360e-04],
        [1.5844e-17, 5.2360e-04, 9.9895e-01]])
2024-03-05 22:13:56,579 | INFO | hilo.kernel-accessor : Fetching kernel: gumbel
2024-03-05 22:13:56,579 | INFO | hilo.gumbel-kernel : Calculating Gumbel distribution (location: -0.21746879816055298, scale 0.6781526803970337)
2024-03-05 22:13:56,580 | INFO | hilo.gumbel-kernel : BOTTOM-LEFT:
tensor([[6.2917e-17, 0.0000e+00, 0.0000e+00],
        [3.8060e-04, 6.2917e-17, 0.0000e+00],
        [9.9924e-01, 3.8060e-04, 6.2917e-17]])
2024-03-05 22:13:56,580 | INFO | hilo.kernel-accessor : Fetching kernel: gumbel
2024-03-05 22:13:56,580 | INFO | hilo.gumbel-kernel : Calculating Gumbel distribution (location: -0.1420481652021408, scale 0.5253656506538391)
2024-03-05 22:13:56,581 | INFO | hilo.gumbel-kernel : BOTTOM-LEFT:
tensor([[3.3392e-35, 0.0000e+00, 0.0000e+00],
        [8.2325e-06, 3.3392e-35, 0.0000e+00],
        [9.9998e-01, 8.2325e-06, 3.3392e-35]])
2024-03-05 22:13:56,581 | INFO | hilo.kernel-accessor : Fetching kernel: gumbel
2024-03-05 22:13:56,581 | INFO | hilo.gumbel-kernel : Calculating Gumbel distribution (location: -0.08434084057807922, scale 0.5488559007644653)
2024-03-05 22:13:56,582 | INFO | hilo.gumbel-kernel : STATIC:
tensor([[9.9972e-01, 1.4033e-04, 2.6535e-24],
        [1.4033e-04, 2.6535e-24, 0.0000e+00],
        [2.6535e-24, 0.0000e+00, 0.0000e+00]])
2024-03-05 22:13:56,582 | INFO | hilo.kernel-accessor : Fetching kernel: gumbel
2024-03-05 22:13:56,582 | INFO | hilo.gumbel-kernel : Calculating Gumbel distribution (location: -0.01640564203262329, scale 0.43942975997924805)
2024-03-05 22:13:56,583 | INFO | hilo.gumbel-kernel : STATIC:
tensor([[9.9998e-01, 8.3994e-06, 0.0000e+00],
        [8.3994e-06, 0.0000e+00, 0.0000e+00],
        [0.0000e+00, 0.0000e+00, 0.0000e+00]])
2024-03-05 22:13:56,583 | INFO | hilo.kernel-accessor : Fetching kernel: gumbel
2024-03-05 22:13:56,583 | INFO | hilo.gumbel-kernel : Calculating Gumbel distribution (location: 0.039982929825782776, scale 0.4380098283290863)
2024-03-05 22:13:56,584 | INFO | hilo.gumbel-kernel : STATIC:
tensor([[9.9987e-01, 6.6374e-05, 3.8240e-37],
        [6.6374e-05, 3.8240e-37, 0.0000e+00],
        [3.8240e-37, 0.0000e+00, 0.0000e+00]])
2024-03-05 22:13:56,584 | INFO | hilo.kernel-accessor : Fetching kernel: gumbel
2024-03-05 22:13:56,584 | INFO | hilo.gumbel-kernel : Calculating Gumbel distribution (location: 0.08079882711172104, scale 0.41114717721939087)
2024-03-05 22:13:56,585 | INFO | hilo.gumbel-kernel : BOTTOM-LEFT:
tensor([[1.5449e-40, 0.0000e+00, 0.0000e+00],
        [7.9348e-05, 1.5448e-40, 0.0000e+00],
        [9.9984e-01, 7.9348e-05, 1.5449e-40]])
2024-03-05 22:13:56,585 | INFO | hilo.kernel-accessor : Fetching kernel: gumbel
2024-03-05 22:13:56,585 | INFO | hilo.gumbel-kernel : Calculating Gumbel distribution (location: 0.12269150465726852, scale 0.45545461773872375)
2024-03-05 22:13:56,586 | INFO | hilo.gumbel-kernel : BOTTOM-LEFT:
tensor([[7.6997e-23, 0.0000e+00, 0.0000e+00],
        [1.0521e-03, 7.6997e-23, 0.0000e+00],
        [9.9790e-01, 1.0521e-03, 7.6997e-23]])
2024-03-05 22:15:17,352 | INFO | hilo : Epoch   4/200 | Accuracy:  56.5104 | Loss:   0.8998
2024-03-05 22:15:17,353 | INFO | hilo.kernel-accessor : Fetching kernel: gumbel
2024-03-05 22:15:17,353 | INFO | hilo.gumbel-kernel : Calculating Gumbel distribution (location: -0.019547464326024055, scale 0.5204740166664124)
2024-03-05 22:15:17,354 | INFO | hilo.gumbel-kernel : BOTTOM-RIGHT:
tensor([[0.0000e+00, 0.0000e+00, 9.1059e-24],
        [0.0000e+00, 9.1059e-24, 2.7283e-04],
        [9.1059e-24, 2.7283e-04, 9.9945e-01]])
2024-03-05 22:15:17,354 | INFO | hilo.kernel-accessor : Fetching kernel: gumbel
2024-03-05 22:15:17,354 | INFO | hilo.gumbel-kernel : Calculating Gumbel distribution (location: -0.6009246110916138, scale 1.307700514793396)
2024-03-05 22:15:17,355 | INFO | hilo.gumbel-kernel : BOTTOM-LEFT:
tensor([[2.3843e-05, 1.8827e-11, 3.5131e-24],
        [2.4857e-02, 2.3843e-05, 1.8827e-11],
        [9.5021e-01, 2.4857e-02, 2.3843e-05]])
2024-03-05 22:15:17,355 | INFO | hilo.kernel-accessor : Fetching kernel: gumbel
2024-03-05 22:15:17,355 | INFO | hilo.gumbel-kernel : Calculating Gumbel distribution (location: -0.406048983335495, scale 1.2376399040222168)
2024-03-05 22:15:17,355 | INFO | hilo.gumbel-kernel : BOTTOM-RIGHT:
tensor([[1.5759e-22, 1.9930e-10, 7.7360e-05],
        [1.9930e-10, 7.7360e-05, 3.7525e-02],
        [7.7360e-05, 3.7525e-02, 9.2472e-01]])
2024-03-05 22:15:17,356 | INFO | hilo.kernel-accessor : Fetching kernel: gumbel
2024-03-05 22:15:17,356 | INFO | hilo.gumbel-kernel : Calculating Gumbel distribution (location: -0.4745391607284546, scale 0.8955609202384949)
2024-03-05 22:15:17,356 | INFO | hilo.gumbel-kernel : BOTTOM-LEFT:
tensor([[3.8896e-12, 1.2085e-36, 0.0000e+00],
        [8.7001e-04, 3.8897e-12, 1.2085e-36],
        [9.9826e-01, 8.7001e-04, 3.8896e-12]])
2024-03-05 22:15:17,356 | INFO | hilo.kernel-accessor : Fetching kernel: gumbel
2024-03-05 22:15:17,357 | INFO | hilo.gumbel-kernel : Calculating Gumbel distribution (location: -0.23512369394302368, scale 0.8095527291297913)
2024-03-05 22:15:17,357 | INFO | hilo.gumbel-kernel : BOTTOM-LEFT:
tensor([[3.2910e-10, 3.8163e-33, 0.0000e+00],
        [3.6867e-03, 3.2910e-10, 3.8163e-33],
        [9.9263e-01, 3.6867e-03, 3.2910e-10]])
2024-03-05 22:15:17,357 | INFO | hilo.kernel-accessor : Fetching kernel: gumbel
2024-03-05 22:15:17,357 | INFO | hilo.gumbel-kernel : Calculating Gumbel distribution (location: -0.1674608290195465, scale 0.7531077861785889)
2024-03-05 22:15:17,358 | INFO | hilo.gumbel-kernel : BOTTOM-LEFT:
tensor([[7.5339e-11, 3.6191e-38, 0.0000e+00],
        [3.4804e-03, 7.5339e-11, 3.6191e-38],
        [9.9304e-01, 3.4804e-03, 7.5339e-11]])
2024-03-05 22:15:17,358 | INFO | hilo.kernel-accessor : Fetching kernel: gumbel
2024-03-05 22:15:17,358 | INFO | hilo.gumbel-kernel : Calculating Gumbel distribution (location: -0.3445705771446228, scale 0.9053060412406921)
2024-03-05 22:15:17,359 | INFO | hilo.gumbel-kernel : BOTTOM-RIGHT:
tensor([[0.0000e+00, 8.4688e-27, 3.1457e-09],
        [8.4688e-27, 3.1457e-09, 4.3668e-03],
        [3.1457e-09, 4.3668e-03, 9.9127e-01]])
2024-03-05 22:15:17,359 | INFO | hilo.kernel-accessor : Fetching kernel: gumbel
2024-03-05 22:15:17,359 | INFO | hilo.gumbel-kernel : Calculating Gumbel distribution (location: -0.17032602429389954, scale 0.7263647317886353)
2024-03-05 22:15:17,359 | INFO | hilo.gumbel-kernel : STATIC:
tensor([[9.9558e-01, 2.2088e-03, 3.9859e-12],
        [2.2088e-03, 3.9859e-12, 0.0000e+00],
        [3.9859e-12, 0.0000e+00, 0.0000e+00]])
2024-03-05 22:15:17,360 | INFO | hilo.kernel-accessor : Fetching kernel: gumbel
2024-03-05 22:15:17,360 | INFO | hilo.gumbel-kernel : Calculating Gumbel distribution (location: -0.19651161134243011, scale 0.7071943283081055)
2024-03-05 22:15:17,360 | INFO | hilo.gumbel-kernel : STATIC:
tensor([[9.9786e-01, 1.0679e-03, 5.2901e-14],
        [1.0679e-03, 5.2901e-14, 0.0000e+00],
        [5.2901e-14, 0.0000e+00, 0.0000e+00]])
2024-03-05 22:15:17,360 | INFO | hilo.kernel-accessor : Fetching kernel: gumbel
2024-03-05 22:15:17,360 | INFO | hilo.gumbel-kernel : Calculating Gumbel distribution (location: -0.14965881407260895, scale 0.613586962223053)
2024-03-05 22:15:17,361 | INFO | hilo.gumbel-kernel : BOTTOM-RIGHT:
tensor([[0.0000e+00, 0.0000e+00, 7.4813e-20],
        [0.0000e+00, 7.4813e-20, 2.4544e-04],
        [7.4813e-20, 2.4544e-04, 9.9951e-01]])
2024-03-05 22:15:17,361 | INFO | hilo.kernel-accessor : Fetching kernel: gumbel
2024-03-05 22:15:17,361 | INFO | hilo.gumbel-kernel : Calculating Gumbel distribution (location: -0.2021884322166443, scale 0.650617241859436)
2024-03-05 22:15:17,362 | INFO | hilo.gumbel-kernel : STATIC:
tensor([[9.9952e-01, 2.4018e-04, 9.6736e-19],
        [2.4018e-04, 9.6736e-19, 0.0000e+00],
        [9.6736e-19, 0.0000e+00, 0.0000e+00]])
2024-03-05 22:15:17,362 | INFO | hilo.kernel-accessor : Fetching kernel: gumbel
2024-03-05 22:15:17,362 | INFO | hilo.gumbel-kernel : Calculating Gumbel distribution (location: -0.07880531996488571, scale 0.4966692328453064)
2024-03-05 22:15:17,363 | INFO | hilo.gumbel-kernel : BOTTOM-RIGHT:
tensor([[0.0000e+00, 0.0000e+00, 2.4838e-35],
        [0.0000e+00, 2.4837e-35, 1.7991e-05],
        [2.4838e-35, 1.7991e-05, 9.9996e-01]])
2024-03-05 22:15:17,363 | INFO | hilo.kernel-accessor : Fetching kernel: gumbel
2024-03-05 22:15:17,363 | INFO | hilo.gumbel-kernel : Calculating Gumbel distribution (location: -0.011548696085810661, scale 0.544439435005188)
2024-03-05 22:15:17,363 | INFO | hilo.gumbel-kernel : BOTTOM-LEFT:
tensor([[1.0212e-19, 0.0000e+00, 0.0000e+00],
        [6.4723e-04, 1.0212e-19, 0.0000e+00],
        [9.9871e-01, 6.4723e-04, 1.0212e-19]])
2024-03-05 22:15:17,363 | INFO | hilo.kernel-accessor : Fetching kernel: gumbel
2024-03-05 22:15:17,364 | INFO | hilo.gumbel-kernel : Calculating Gumbel distribution (location: 0.07955494523048401, scale 0.4686787724494934)
2024-03-05 22:15:17,364 | INFO | hilo.gumbel-kernel : STATIC:
tensor([[9.9882e-01, 5.8894e-04, 2.4821e-24],
        [5.8894e-04, 2.4821e-24, 0.0000e+00],
        [2.4821e-24, 0.0000e+00, 0.0000e+00]])
2024-03-05 22:15:17,364 | INFO | hilo.kernel-accessor : Fetching kernel: gumbel
2024-03-05 22:15:17,364 | INFO | hilo.gumbel-kernel : Calculating Gumbel distribution (location: 0.07940423488616943, scale 0.4631917476654053)
2024-03-05 22:15:17,365 | INFO | hilo.gumbel-kernel : BOTTOM-RIGHT:
tensor([[0.0000e+00, 0.0000e+00, 2.0236e-25],
        [0.0000e+00, 2.0236e-25, 5.0151e-04],
        [2.0236e-25, 5.0151e-04, 9.9900e-01]])
2024-03-05 22:15:17,365 | INFO | hilo.kernel-accessor : Fetching kernel: gumbel
2024-03-05 22:15:17,365 | INFO | hilo.gumbel-kernel : Calculating Gumbel distribution (location: 0.05415000021457672, scale 0.40980246663093567)
2024-03-05 22:15:17,366 | INFO | hilo.gumbel-kernel : STATIC:
tensor([[9.9994e-01, 2.8013e-05, 0.0000e+00],
        [2.8013e-05, 0.0000e+00, 0.0000e+00],
        [0.0000e+00, 0.0000e+00, 0.0000e+00]])
2024-03-05 22:15:17,366 | INFO | hilo.kernel-accessor : Fetching kernel: gumbel
2024-03-05 22:15:17,366 | INFO | hilo.gumbel-kernel : Calculating Gumbel distribution (location: 0.15035374462604523, scale 0.47409558296203613)
2024-03-05 22:15:17,367 | INFO | hilo.gumbel-kernel : BOTTOM-RIGHT:
tensor([[0.0000e+00, 0.0000e+00, 5.6159e-18],
        [0.0000e+00, 5.6158e-18, 2.5923e-03],
        [5.6159e-18, 2.5923e-03, 9.9482e-01]])
2024-03-05 22:16:38,220 | INFO | hilo : Epoch   5/200 | Accuracy:  70.3125 | Loss:   0.8825
2024-03-05 22:16:38,220 | INFO | hilo.kernel-accessor : Fetching kernel: gumbel
2024-03-05 22:16:38,220 | INFO | hilo.gumbel-kernel : Calculating Gumbel distribution (location: -0.00026918924413621426, scale 0.450224906206131)
2024-03-05 22:16:38,221 | INFO | hilo.gumbel-kernel : STATIC:
tensor([[9.9994e-01, 2.8989e-05, 3.6487e-39],
        [2.8989e-05, 3.6487e-39, 0.0000e+00],
        [3.6487e-39, 0.0000e+00, 0.0000e+00]])
2024-03-05 22:16:38,221 | INFO | hilo.kernel-accessor : Fetching kernel: gumbel
2024-03-05 22:16:38,222 | INFO | hilo.gumbel-kernel : Calculating Gumbel distribution (location: -0.3580947518348694, scale 1.2227694988250732)
2024-03-05 22:16:38,222 | INFO | hilo.gumbel-kernel : BOTTOM-RIGHT:
tensor([[5.8864e-22, 4.0297e-10, 1.0660e-04],
        [4.0297e-10, 1.0660e-04, 4.1652e-02],
        [1.0660e-04, 4.1652e-02, 9.1638e-01]])
2024-03-05 22:16:38,223 | INFO | hilo.kernel-accessor : Fetching kernel: gumbel
2024-03-05 22:16:38,223 | INFO | hilo.gumbel-kernel : Calculating Gumbel distribution (location: -0.3042198419570923, scale 1.3172752857208252)
2024-03-05 22:16:38,223 | INFO | hilo.gumbel-kernel : STATIC:
tensor([[8.6469e-01, 6.6660e-02, 6.6175e-04],
        [6.6660e-02, 6.6175e-04, 8.2357e-08],
        [6.6175e-04, 8.2357e-08, 8.8630e-16]])
2024-03-05 22:16:38,224 | INFO | hilo.kernel-accessor : Fetching kernel: gumbel
2024-03-05 22:16:38,224 | INFO | hilo.gumbel-kernel : Calculating Gumbel distribution (location: -0.5653270483016968, scale 1.0025056600570679)
2024-03-05 22:16:38,224 | INFO | hilo.gumbel-kernel : STATIC:
tensor([[9.9628e-01, 1.8586e-03, 4.0776e-10],
        [1.8586e-03, 4.0776e-10, 1.9797e-27],
        [4.0776e-10, 1.9797e-27, 0.0000e+00]])
